CellMass
part
         1
hexa8
 4.00000e-06
 4.00000e-06
 4.00000e-06
 4.00000e-06
 4.00000e-06
 4.00000e-06
 4.00000e-06
 4.00000e-06
 4.00000e-06
 4.00000e-06
 4.00000e-06
 4.00000e-06
 4.00000e-06
 4.00000e-06
 4.00000e-06
 4.00000e-06
 4.00000e-06
 4.00000e-06
 4.00000e-06
 4.00000e-06
 4.00000e-06
 4.00000e-06
 4.00000e-06
 4.00000e-06
 4.00000e-06
 4.00000e-06
 4.00000e-06
 4.00000e-06
 4.00000e-06
 4.00000e-06
 4.00000e-06
 4.00000e-06
 4.00000e-06
 4.00000e-06
 4.00000e-06
 4.00000e-06
 4.00000e-06
 4.00000e-06
 4.00000e-06
 4.00000e-06
 4.00000e-06
 4.00000e-06
 4.00000e-06
 4.00000e-06
 4.00000e-06
 4.00000e-06
 4.00000e-06
 4.00000e-06
 4.00000e-06
 4.00000e-06
 4.00000e-06
 4.00000e-06
 4.00000e-06
 4.00000e-06
 4.00000e-06
 4.00000e-06
 4.00000e-06
 4.00000e-06
 4.00000e-06
 4.00000e-06
 4.00000e-06
 4.00000e-06
 4.00000e-06
 4.00000e-06
 4.00000e-06
 4.00000e-06
 4.00000e-06
 4.00000e-06
 4.00000e-06
 4.00000e-06
 4.00000e-06
 4.00000e-06
 4.00000e-06
 4.00000e-06
 4.00000e-06
 4.00000e-06
 4.00000e-06
 4.00000e-06
 4.00000e-06
 4.00000e-06
 4.00000e-06
 4.00000e-06
 4.00000e-06
 4.00000e-06
 4.00000e-06
 4.00000e-06
 4.00000e-06
 4.00000e-06
 4.00000e-06
 4.00000e-06
 3.99999e-06
 3.99999e-06
 3.99999e-06
 3.99999e-06
 3.99999e-06
 3.99995e-06
 3.99995e-06
 3.99995e-06
 3.99995e-06
 3.99995e-06
 3.99977e-06
 3.99977e-06
 3.99977e-06
 3.99977e-06
 3.99977e-06
 3.99907e-06
 3.99907e-06
 3.99907e-06
 3.99907e-06
 3.99907e-06
 3.99667e-06
 3.99667e-06
 3.99667e-06
 3.99667e-06
 3.99667e-06
 3.98972e-06
 3.98972e-06
 3.98972e-06
 3.98972e-06
 3.98972e-06
 3.97278e-06
 3.97278e-06
 3.97278e-06
 3.97278e-06
 3.97278e-06
 4.00000e-06
 4.00000e-06
 4.00000e-06
 4.00000e-06
 4.00000e-06
 4.00000e-06
 4.00000e-06
 4.00000e-06
 4.00000e-06
 4.00000e-06
 4.00000e-06
 4.00000e-06
 4.00000e-06
 4.00000e-06
 4.00000e-06
 4.00000e-06
 4.00000e-06
 4.00000e-06
 4.00000e-06
 4.00000e-06
 4.00000e-06
 4.00000e-06
 4.00000e-06
 4.00000e-06
 4.00000e-06
 4.00000e-06
 4.00000e-06
 4.00000e-06
 4.00000e-06
 4.00000e-06
 4.00000e-06
 4.00000e-06
 4.00000e-06
 4.00000e-06
 4.00000e-06
 4.00000e-06
 4.00000e-06
 4.00000e-06
 4.00000e-06
 4.00000e-06
 4.00000e-06
 4.00000e-06
 4.00000e-06
 4.00000e-06
 4.00000e-06
 4.00000e-06
 4.00000e-06
 4.00000e-06
 4.00000e-06
 4.00000e-06
 4.00000e-06
 4.00000e-06
 4.00000e-06
 4.00000e-06
 4.00000e-06
 4.00000e-06
 4.00000e-06
 4.00000e-06
 4.00000e-06
 4.00000e-06
 4.00000e-06
 4.00000e-06
 4.00000e-06
 4.00000e-06
 4.00000e-06
 4.00000e-06
 4.00000e-06
 4.00000e-06
 4.00000e-06
 4.00000e-06
 4.00000e-06
 4.00000e-06
 4.00000e-06
 4.00000e-06
 4.00000e-06
 4.00000e-06
 4.00000e-06
 4.00000e-06
 4.00000e-06
 4.00000e-06
 4.00000e-06
 4.00000e-06
 4.00000e-06
 4.00000e-06
 4.00000e-06
 4.00000e-06
 4.00000e-06
 4.00000e-06
 4.00000e-06
 4.00000e-06
 3.99999e-06
 3.99999e-06
 3.99999e-06
 3.99999e-06
 3.99999e-06
 3.99995e-06
 3.99995e-06
 3.99995e-06
 3.99995e-06
 3.99995e-06
 3.99977e-06
 3.99977e-06
 3.99977e-06
 3.99977e-06
 3.99977e-06
 3.99907e-06
 3.99907e-06
 3.99907e-06
 3.99907e-06
 3.99907e-06
 3.99667e-06
 3.99667e-06
 3.99667e-06
 3.99667e-06
 3.99667e-06
 3.98972e-06
 3.98972e-06
 3.98972e-06
 3.98972e-06
 3.98972e-06
 3.97278e-06
 3.97278e-06
 3.97278e-06
 3.97278e-06
 3.97278e-06
 4.00000e-06
 4.00000e-06
 4.00000e-06
 4.00000e-06
 4.00000e-06
 4.00000e-06
 4.00000e-06
 4.00000e-06
 4.00000e-06
 4.00000e-06
 4.00000e-06
 4.00000e-06
 4.00000e-06
 4.00000e-06
 4.00000e-06
 4.00000e-06
 4.00000e-06
 4.00000e-06
 4.00000e-06
 4.00000e-06
 4.00000e-06
 4.00000e-06
 4.00000e-06
 4.00000e-06
 4.00000e-06
 4.00000e-06
 4.00000e-06
 4.00000e-06
 4.00000e-06
 4.00000e-06
 4.00000e-06
 4.00000e-06
 4.00000e-06
 4.00000e-06
 4.00000e-06
 4.00000e-06
 4.00000e-06
 4.00000e-06
 4.00000e-06
 4.00000e-06
 4.00000e-06
 4.00000e-06
 4.00000e-06
 4.00000e-06
 4.00000e-06
 4.00000e-06
 4.00000e-06
 4.00000e-06
 4.00000e-06
 4.00000e-06
 4.00000e-06
 4.00000e-06
 4.00000e-06
 4.00000e-06
 4.00000e-06
 4.00000e-06
 4.00000e-06
 4.00000e-06
 4.00000e-06
 4.00000e-06
 4.00000e-06
 4.00000e-06
 4.00000e-06
 4.00000e-06
 4.00000e-06
 4.00000e-06
 4.00000e-06
 4.00000e-06
 4.00000e-06
 4.00000e-06
 4.00000e-06
 4.00000e-06
 4.00000e-06
 4.00000e-06
 4.00000e-06
 4.00000e-06
 4.00000e-06
 4.00000e-06
 4.00000e-06
 4.00000e-06
 4.00000e-06
 4.00000e-06
 4.00000e-06
 4.00000e-06
 4.00000e-06
 4.00000e-06
 4.00000e-06
 4.00000e-06
 4.00000e-06
 4.00000e-06
 3.99999e-06
 3.99999e-06
 3.99999e-06
 3.99999e-06
 3.99999e-06
 3.99995e-06
 3.99995e-06
 3.99995e-06
 3.99995e-06
 3.99995e-06
 3.99977e-06
 3.99977e-06
 3.99977e-06
 3.99977e-06
 3.99977e-06
 3.99907e-06
 3.99907e-06
 3.99907e-06
 3.99907e-06
 3.99907e-06
 3.99667e-06
 3.99667e-06
 3.99667e-06
 3.99667e-06
 3.99667e-06
 3.98972e-06
 3.98972e-06
 3.98972e-06
 3.98972e-06
 3.98972e-06
 3.97278e-06
 3.97278e-06
 3.97278e-06
 3.97278e-06
 3.97278e-06
 4.00000e-06
 4.00000e-06
 4.00000e-06
 4.00000e-06
 4.00000e-06
 4.00000e-06
 4.00000e-06
 4.00000e-06
 4.00000e-06
 4.00000e-06
 4.00000e-06
 4.00000e-06
 4.00000e-06
 4.00000e-06
 4.00000e-06
 4.00000e-06
 4.00000e-06
 4.00000e-06
 4.00000e-06
 4.00000e-06
 4.00000e-06
 4.00000e-06
 4.00000e-06
 4.00000e-06
 4.00000e-06
 4.00000e-06
 4.00000e-06
 4.00000e-06
 4.00000e-06
 4.00000e-06
 4.00000e-06
 4.00000e-06
 4.00000e-06
 4.00000e-06
 4.00000e-06
 4.00000e-06
 4.00000e-06
 4.00000e-06
 4.00000e-06
 4.00000e-06
 4.00000e-06
 4.00000e-06
 4.00000e-06
 4.00000e-06
 4.00000e-06
 4.00000e-06
 4.00000e-06
 4.00000e-06
 4.00000e-06
 4.00000e-06
 4.00000e-06
 4.00000e-06
 4.00000e-06
 4.00000e-06
 4.00000e-06
 4.00000e-06
 4.00000e-06
 4.00000e-06
 4.00000e-06
 4.00000e-06
 4.00000e-06
 4.00000e-06
 4.00000e-06
 4.00000e-06
 4.00000e-06
 4.00000e-06
 4.00000e-06
 4.00000e-06
 4.00000e-06
 4.00000e-06
 4.00000e-06
 4.00000e-06
 4.00000e-06
 4.00000e-06
 4.00000e-06
 4.00000e-06
 4.00000e-06
 4.00000e-06
 4.00000e-06
 4.00000e-06
 4.00000e-06
 4.00000e-06
 4.00000e-06
 4.00000e-06
 4.00000e-06
 4.00000e-06
 4.00000e-06
 4.00000e-06
 4.00000e-06
 4.00000e-06
 3.99999e-06
 3.99999e-06
 3.99999e-06
 3.99999e-06
 3.99999e-06
 3.99995e-06
 3.99995e-06
 3.99995e-06
 3.99995e-06
 3.99995e-06
 3.99977e-06
 3.99977e-06
 3.99977e-06
 3.99977e-06
 3.99977e-06
 3.99907e-06
 3.99907e-06
 3.99907e-06
 3.99907e-06
 3.99907e-06
 3.99667e-06
 3.99667e-06
 3.99667e-06
 3.99667e-06
 3.99667e-06
 3.98972e-06
 3.98972e-06
 3.98972e-06
 3.98972e-06
 3.98972e-06
 3.97278e-06
 3.97278e-06
 3.97278e-06
 3.97278e-06
 3.97278e-06
 4.00000e-06
 4.00000e-06
 4.00000e-06
 4.00000e-06
 4.00000e-06
 4.00000e-06
 4.00000e-06
 4.00000e-06
 4.00000e-06
 4.00000e-06
 4.00000e-06
 4.00000e-06
 4.00000e-06
 4.00000e-06
 4.00000e-06
 4.00000e-06
 4.00000e-06
 4.00000e-06
 4.00000e-06
 4.00000e-06
 4.00000e-06
 4.00000e-06
 4.00000e-06
 4.00000e-06
 4.00000e-06
 4.00000e-06
 4.00000e-06
 4.00000e-06
 4.00000e-06
 4.00000e-06
 4.00000e-06
 4.00000e-06
 4.00000e-06
 4.00000e-06
 4.00000e-06
 4.00000e-06
 4.00000e-06
 4.00000e-06
 4.00000e-06
 4.00000e-06
 4.00000e-06
 4.00000e-06
 4.00000e-06
 4.00000e-06
 4.00000e-06
 4.00000e-06
 4.00000e-06
 4.00000e-06
 4.00000e-06
 4.00000e-06
 4.00000e-06
 4.00000e-06
 4.00000e-06
 4.00000e-06
 4.00000e-06
 4.00000e-06
 4.00000e-06
 4.00000e-06
 4.00000e-06
 4.00000e-06
 4.00000e-06
 4.00000e-06
 4.00000e-06
 4.00000e-06
 4.00000e-06
 4.00000e-06
 4.00000e-06
 4.00000e-06
 4.00000e-06
 4.00000e-06
 4.00000e-06
 4.00000e-06
 4.00000e-06
 4.00000e-06
 4.00000e-06
 4.00000e-06
 4.00000e-06
 4.00000e-06
 4.00000e-06
 4.00000e-06
 4.00000e-06
 4.00000e-06
 4.00000e-06
 4.00000e-06
 4.00000e-06
 4.00000e-06
 4.00000e-06
 4.00000e-06
 4.00000e-06
 4.00000e-06
 3.99999e-06
 3.99999e-06
 3.99999e-06
 3.99999e-06
 3.99999e-06
 3.99995e-06
 3.99995e-06
 3.99995e-06
 3.99995e-06
 3.99995e-06
 3.99977e-06
 3.99977e-06
 3.99977e-06
 3.99977e-06
 3.99977e-06
 3.99907e-06
 3.99907e-06
 3.99907e-06
 3.99907e-06
 3.99907e-06
 3.99667e-06
 3.99667e-06
 3.99667e-06
 3.99667e-06
 3.99667e-06
 3.98972e-06
 3.98972e-06
 3.98972e-06
 3.98972e-06
 3.98972e-06
 3.97278e-06
 3.97278e-06
 3.97278e-06
 3.97278e-06
 3.97278e-06
part
         2
hexa8
 3.93875e-06
 3.93875e-06
 3.93875e-06
 3.93875e-06
 3.93875e-06
 3.88239e-06
 3.88239e-06
 3.88239e-06
 3.88239e-06
 3.88239e-06
 3.80389e-06
 3.80389e-06
 3.80389e-06
 3.80389e-06
 3.80389e-06
 3.70826e-06
 3.70826e-06
 3.70826e-06
 3.70826e-06
 3.70826e-06
 3.60162e-06
 3.60162e-06
 3.60162e-06
 3.60162e-06
 3.60162e-06
 3.48880e-06
 3.48880e-06
 3.48880e-06
 3.48880e-06
 3.48880e-06
 3.37302e-06
 3.37302e-06
 3.37302e-06
 3.37302e-06
 3.37302e-06
 3.25628e-06
 3.25628e-06
 3.25628e-06
 3.25628e-06
 3.25628e-06
 3.13977e-06
 3.13977e-06
 3.13977e-06
 3.13977e-06
 3.13977e-06
 3.02414e-06
 3.02414e-06
 3.02414e-06
 3.02414e-06
 3.02414e-06
 2.90973e-06
 2.90973e-06
 2.90973e-06
 2.90973e-06
 2.90973e-06
 2.79660e-06
 2.79660e-06
 2.79660e-06
 2.79660e-06
 2.79660e-06
 2.68478e-06
 2.68478e-06
 2.68478e-06
 2.68478e-06
 2.68478e-06
 2.57435e-06
 2.57435e-06
 2.57435e-06
 2.57435e-06
 2.57435e-06
 2.46517e-06
 2.46517e-06
 2.46517e-06
 2.46517e-06
 2.46517e-06
 2.35349e-06
 2.35349e-06
 2.35349e-06
 2.35349e-06
 2.35349e-06
 2.24059e-06
 2.24059e-06
 2.24059e-06
 2.24059e-06
 2.24059e-06
 2.16685e-06
 2.16685e-06
 2.16685e-06
 2.16685e-06
 2.16685e-06
 2.09411e-06
 2.09411e-06
 2.09411e-06
 2.09411e-06
 2.09411e-06
 2.02721e-06
 2.02721e-06
 2.02721e-06
 2.02721e-06
 2.02721e-06
 1.96662e-06
 1.96662e-06
 1.96662e-06
 1.96662e-06
 1.96662e-06
 1.91457e-06
 1.91457e-06
 1.91457e-06
 1.91457e-06
 1.91457e-06
 1.86864e-06
 1.86864e-06
 1.86864e-06
 1.86864e-06
 1.86864e-06
 1.81849e-06
 1.81849e-06
 1.81849e-06
 1.81849e-06
 1.81849e-06
 1.75243e-06
 1.75243e-06
 1.75243e-06
 1.75243e-06
 1.75243e-06
 3.93875e-06
 3.93875e-06
 3.93875e-06
 3.93875e-06
 3.93875e-06
 3.88239e-06
 3.88239e-06
 3.88239e-06
 3.88239e-06
 3.88239e-06
 3.80389e-06
 3.80389e-06
 3.80389e-06
 3.80389e-06
 3.80389e-06
 3.70826e-06
 3.70826e-06
 3.70826e-06
 3.70826e-06
 3.70826e-06
 3.60162e-06
 3.60162e-06
 3.60162e-06
 3.60162e-06
 3.60162e-06
 3.48880e-06
 3.48880e-06
 3.48880e-06
 3.48880e-06
 3.48880e-06
 3.37302e-06
 3.37302e-06
 3.37302e-06
 3.37302e-06
 3.37302e-06
 3.25628e-06
 3.25628e-06
 3.25628e-06
 3.25628e-06
 3.25628e-06
 3.13977e-06
 3.13977e-06
 3.13977e-06
 3.13977e-06
 3.13977e-06
 3.02414e-06
 3.02414e-06
 3.02414e-06
 3.02414e-06
 3.02414e-06
 2.90973e-06
 2.90973e-06
 2.90973e-06
 2.90973e-06
 2.90973e-06
 2.79660e-06
 2.79660e-06
 2.79660e-06
 2.79660e-06
 2.79660e-06
 2.68478e-06
 2.68478e-06
 2.68478e-06
 2.68478e-06
 2.68478e-06
 2.57435e-06
 2.57435e-06
 2.57435e-06
 2.57435e-06
 2.57435e-06
 2.46517e-06
 2.46517e-06
 2.46517e-06
 2.46517e-06
 2.46517e-06
 2.35349e-06
 2.35349e-06
 2.35349e-06
 2.35349e-06
 2.35349e-06
 2.24059e-06
 2.24059e-06
 2.24059e-06
 2.24059e-06
 2.24059e-06
 2.16685e-06
 2.16685e-06
 2.16685e-06
 2.16685e-06
 2.16685e-06
 2.09411e-06
 2.09411e-06
 2.09411e-06
 2.09411e-06
 2.09411e-06
 2.02721e-06
 2.02721e-06
 2.02721e-06
 2.02721e-06
 2.02721e-06
 1.96662e-06
 1.96662e-06
 1.96662e-06
 1.96662e-06
 1.96662e-06
 1.91457e-06
 1.91457e-06
 1.91457e-06
 1.91457e-06
 1.91457e-06
 1.86864e-06
 1.86864e-06
 1.86864e-06
 1.86864e-06
 1.86864e-06
 1.81849e-06
 1.81849e-06
 1.81849e-06
 1.81849e-06
 1.81849e-06
 1.75243e-06
 1.75243e-06
 1.75243e-06
 1.75243e-06
 1.75243e-06
 3.93875e-06
 3.93875e-06
 3.93875e-06
 3.93875e-06
 3.93875e-06
 3.88239e-06
 3.88239e-06
 3.88239e-06
 3.88239e-06
 3.88239e-06
 3.80389e-06
 3.80389e-06
 3.80389e-06
 3.80389e-06
 3.80389e-06
 3.70826e-06
 3.70826e-06
 3.70826e-06
 3.70826e-06
 3.70826e-06
 3.60162e-06
 3.60162e-06
 3.60162e-06
 3.60162e-06
 3.60162e-06
 3.48880e-06
 3.48880e-06
 3.48880e-06
 3.48880e-06
 3.48880e-06
 3.37302e-06
 3.37302e-06
 3.37302e-06
 3.37302e-06
 3.37302e-06
 3.25628e-06
 3.25628e-06
 3.25628e-06
 3.25628e-06
 3.25628e-06
 3.13977e-06
 3.13977e-06
 3.13977e-06
 3.13977e-06
 3.13977e-06
 3.02414e-06
 3.02414e-06
 3.02414e-06
 3.02414e-06
 3.02414e-06
 2.90973e-06
 2.90973e-06
 2.90973e-06
 2.90973e-06
 2.90973e-06
 2.79660e-06
 2.79660e-06
 2.79660e-06
 2.79660e-06
 2.79660e-06
 2.68478e-06
 2.68478e-06
 2.68478e-06
 2.68478e-06
 2.68478e-06
 2.57435e-06
 2.57435e-06
 2.57435e-06
 2.57435e-06
 2.57435e-06
 2.46517e-06
 2.46517e-06
 2.46517e-06
 2.46517e-06
 2.46517e-06
 2.35349e-06
 2.35349e-06
 2.35349e-06
 2.35349e-06
 2.35349e-06
 2.24059e-06
 2.24059e-06
 2.24059e-06
 2.24059e-06
 2.24059e-06
 2.16685e-06
 2.16685e-06
 2.16685e-06
 2.16685e-06
 2.16685e-06
 2.09411e-06
 2.09411e-06
 2.09411e-06
 2.09411e-06
 2.09411e-06
 2.02721e-06
 2.02721e-06
 2.02721e-06
 2.02721e-06
 2.02721e-06
 1.96662e-06
 1.96662e-06
 1.96662e-06
 1.96662e-06
 1.96662e-06
 1.91457e-06
 1.91457e-06
 1.91457e-06
 1.91457e-06
 1.91457e-06
 1.86864e-06
 1.86864e-06
 1.86864e-06
 1.86864e-06
 1.86864e-06
 1.81849e-06
 1.81849e-06
 1.81849e-06
 1.81849e-06
 1.81849e-06
 1.75243e-06
 1.75243e-06
 1.75243e-06
 1.75243e-06
 1.75243e-06
 3.93875e-06
 3.93875e-06
 3.93875e-06
 3.93875e-06
 3.93875e-06
 3.88239e-06
 3.88239e-06
 3.88239e-06
 3.88239e-06
 3.88239e-06
 3.80389e-06
 3.80389e-06
 3.80389e-06
 3.80389e-06
 3.80389e-06
 3.70826e-06
 3.70826e-06
 3.70826e-06
 3.70826e-06
 3.70826e-06
 3.60162e-06
 3.60162e-06
 3.60162e-06
 3.60162e-06
 3.60162e-06
 3.48880e-06
 3.48880e-06
 3.48880e-06
 3.48880e-06
 3.48880e-06
 3.37302e-06
 3.37302e-06
 3.37302e-06
 3.37302e-06
 3.37302e-06
 3.25628e-06
 3.25628e-06
 3.25628e-06
 3.25628e-06
 3.25628e-06
 3.13977e-06
 3.13977e-06
 3.13977e-06
 3.13977e-06
 3.13977e-06
 3.02414e-06
 3.02414e-06
 3.02414e-06
 3.02414e-06
 3.02414e-06
 2.90973e-06
 2.90973e-06
 2.90973e-06
 2.90973e-06
 2.90973e-06
 2.79660e-06
 2.79660e-06
 2.79660e-06
 2.79660e-06
 2.79660e-06
 2.68478e-06
 2.68478e-06
 2.68478e-06
 2.68478e-06
 2.68478e-06
 2.57435e-06
 2.57435e-06
 2.57435e-06
 2.57435e-06
 2.57435e-06
 2.46517e-06
 2.46517e-06
 2.46517e-06
 2.46517e-06
 2.46517e-06
 2.35349e-06
 2.35349e-06
 2.35349e-06
 2.35349e-06
 2.35349e-06
 2.24059e-06
 2.24059e-06
 2.24059e-06
 2.24059e-06
 2.24059e-06
 2.16685e-06
 2.16685e-06
 2.16685e-06
 2.16685e-06
 2.16685e-06
 2.09411e-06
 2.09411e-06
 2.09411e-06
 2.09411e-06
 2.09411e-06
 2.02721e-06
 2.02721e-06
 2.02721e-06
 2.02721e-06
 2.02721e-06
 1.96662e-06
 1.96662e-06
 1.96662e-06
 1.96662e-06
 1.96662e-06
 1.91457e-06
 1.91457e-06
 1.91457e-06
 1.91457e-06
 1.91457e-06
 1.86864e-06
 1.86864e-06
 1.86864e-06
 1.86864e-06
 1.86864e-06
 1.81849e-06
 1.81849e-06
 1.81849e-06
 1.81849e-06
 1.81849e-06
 1.75243e-06
 1.75243e-06
 1.75243e-06
 1.75243e-06
 1.75243e-06
 3.93875e-06
 3.93875e-06
 3.93875e-06
 3.93875e-06
 3.93875e-06
 3.88239e-06
 3.88239e-06
 3.88239e-06
 3.88239e-06
 3.88239e-06
 3.80389e-06
 3.80389e-06
 3.80389e-06
 3.80389e-06
 3.80389e-06
 3.70826e-06
 3.70826e-06
 3.70826e-06
 3.70826e-06
 3.70826e-06
 3.60162e-06
 3.60162e-06
 3.60162e-06
 3.60162e-06
 3.60162e-06
 3.48880e-06
 3.48880e-06
 3.48880e-06
 3.48880e-06
 3.48880e-06
 3.37302e-06
 3.37302e-06
 3.37302e-06
 3.37302e-06
 3.37302e-06
 3.25628e-06
 3.25628e-06
 3.25628e-06
 3.25628e-06
 3.25628e-06
 3.13977e-06
 3.13977e-06
 3.13977e-06
 3.13977e-06
 3.13977e-06
 3.02414e-06
 3.02414e-06
 3.02414e-06
 3.02414e-06
 3.02414e-06
 2.90973e-06
 2.90973e-06
 2.90973e-06
 2.90973e-06
 2.90973e-06
 2.79660e-06
 2.79660e-06
 2.79660e-06
 2.79660e-06
 2.79660e-06
 2.68478e-06
 2.68478e-06
 2.68478e-06
 2.68478e-06
 2.68478e-06
 2.57435e-06
 2.57435e-06
 2.57435e-06
 2.57435e-06
 2.57435e-06
 2.46517e-06
 2.46517e-06
 2.46517e-06
 2.46517e-06
 2.46517e-06
 2.35349e-06
 2.35349e-06
 2.35349e-06
 2.35349e-06
 2.35349e-06
 2.24059e-06
 2.24059e-06
 2.24059e-06
 2.24059e-06
 2.24059e-06
 2.16685e-06
 2.16685e-06
 2.16685e-06
 2.16685e-06
 2.16685e-06
 2.09411e-06
 2.09411e-06
 2.09411e-06
 2.09411e-06
 2.09411e-06
 2.02721e-06
 2.02721e-06
 2.02721e-06
 2.02721e-06
 2.02721e-06
 1.96662e-06
 1.96662e-06
 1.96662e-06
 1.96662e-06
 1.96662e-06
 1.91457e-06
 1.91457e-06
 1.91457e-06
 1.91457e-06
 1.91457e-06
 1.86864e-06
 1.86864e-06
 1.86864e-06
 1.86864e-06
 1.86864e-06
 1.81849e-06
 1.81849e-06
 1.81849e-06
 1.81849e-06
 1.81849e-06
 1.75243e-06
 1.75243e-06
 1.75243e-06
 1.75243e-06
 1.75243e-06
part
         3
hexa8
 1.68526e-06
 1.68526e-06
 1.68526e-06
 1.68526e-06
 1.68526e-06
 1.68318e-06
 1.68318e-06
 1.68318e-06
 1.68318e-06
 1.68318e-06
 1.68237e-06
 1.68237e-06
 1.68237e-06
 1.68237e-06
 1.68237e-06
 1.67425e-06
 1.67425e-06
 1.67425e-06
 1.67425e-06
 1.67425e-06
 1.67275e-06
 1.67275e-06
 1.67275e-06
 1.67275e-06
 1.67275e-06
 1.67747e-06
 1.67747e-06
 1.67747e-06
 1.67747e-06
 1.67747e-06
 1.68408e-06
 1.68408e-06
 1.68408e-06
 1.68408e-06
 1.68408e-06
 1.68937e-06
 1.68937e-06
 1.68937e-06
 1.68937e-06
 1.68937e-06
 1.69252e-06
 1.69252e-06
 1.69252e-06
 1.69252e-06
 1.69252e-06
 1.69549e-06
 1.69549e-06
 1.69549e-06
 1.69549e-06
 1.69549e-06
 1.70115e-06
 1.70115e-06
 1.70115e-06
 1.70115e-06
 1.70115e-06
 1.70615e-06
 1.70615e-06
 1.70615e-06
 1.70615e-06
 1.70615e-06
 1.70707e-06
 1.70707e-06
 1.70707e-06
 1.70707e-06
 1.70707e-06
 1.70219e-06
 1.70219e-06
 1.70219e-06
 1.70219e-06
 1.70219e-06
 1.68691e-06
 1.68691e-06
 1.68691e-06
 1.68691e-06
 1.68691e-06
 1.68043e-06
 1.68043e-06
 1.68043e-06
 1.68043e-06
 1.68043e-06
 1.67694e-06
 1.67694e-06
 1.67694e-06
 1.67694e-06
 1.67694e-06
 1.55850e-06
 1.55850e-06
 1.55850e-06
 1.55850e-06
 1.55850e-06
 1.33430e-06
 1.33430e-06
 1.33430e-06
 1.33430e-06
 1.33430e-06
 1.13626e-06
 1.13626e-06
 1.13626e-06
 1.13626e-06
 1.13626e-06
 1.04152e-06
 1.04152e-06
 1.04152e-06
 1.04152e-06
 1.04152e-06
 1.03169e-06
 1.03169e-06
 1.03169e-06
 1.03169e-06
 1.03169e-06
 1.04317e-06
 1.04317e-06
 1.04317e-06
 1.04317e-06
 1.04317e-06
 1.05237e-06
 1.05237e-06
 1.05237e-06
 1.05237e-06
 1.05237e-06
 1.05685e-06
 1.05685e-06
 1.05685e-06
 1.05685e-06
 1.05685e-06
 1.68526e-06
 1.68526e-06
 1.68526e-06
 1.68526e-06
 1.68526e-06
 1.68318e-06
 1.68318e-06
 1.68318e-06
 1.68318e-06
 1.68318e-06
 1.68237e-06
 1.68237e-06
 1.68237e-06
 1.68237e-06
 1.68237e-06
 1.67425e-06
 1.67425e-06
 1.67425e-06
 1.67425e-06
 1.67425e-06
 1.67275e-06
 1.67275e-06
 1.67275e-06
 1.67275e-06
 1.67275e-06
 1.67747e-06
 1.67747e-06
 1.67747e-06
 1.67747e-06
 1.67747e-06
 1.68408e-06
 1.68408e-06
 1.68408e-06
 1.68408e-06
 1.68408e-06
 1.68937e-06
 1.68937e-06
 1.68937e-06
 1.68937e-06
 1.68937e-06
 1.69252e-06
 1.69252e-06
 1.69252e-06
 1.69252e-06
 1.69252e-06
 1.69549e-06
 1.69549e-06
 1.69549e-06
 1.69549e-06
 1.69549e-06
 1.70115e-06
 1.70115e-06
 1.70115e-06
 1.70115e-06
 1.70115e-06
 1.70615e-06
 1.70615e-06
 1.70615e-06
 1.70615e-06
 1.70615e-06
 1.70707e-06
 1.70707e-06
 1.70707e-06
 1.70707e-06
 1.70707e-06
 1.70219e-06
 1.70219e-06
 1.70219e-06
 1.70219e-06
 1.70219e-06
 1.68691e-06
 1.68691e-06
 1.68691e-06
 1.68691e-06
 1.68691e-06
 1.68043e-06
 1.68043e-06
 1.68043e-06
 1.68043e-06
 1.68043e-06
 1.67694e-06
 1.67694e-06
 1.67694e-06
 1.67694e-06
 1.67694e-06
 1.55850e-06
 1.55850e-06
 1.55850e-06
 1.55850e-06
 1.55850e-06
 1.33430e-06
 1.33430e-06
 1.33430e-06
 1.33430e-06
 1.33430e-06
 1.13626e-06
 1.13626e-06
 1.13626e-06
 1.13626e-06
 1.13626e-06
 1.04152e-06
 1.04152e-06
 1.04152e-06
 1.04152e-06
 1.04152e-06
 1.03169e-06
 1.03169e-06
 1.03169e-06
 1.03169e-06
 1.03169e-06
 1.04317e-06
 1.04317e-06
 1.04317e-06
 1.04317e-06
 1.04317e-06
 1.05237e-06
 1.05237e-06
 1.05237e-06
 1.05237e-06
 1.05237e-06
 1.05685e-06
 1.05685e-06
 1.05685e-06
 1.05685e-06
 1.05685e-06
 1.68526e-06
 1.68526e-06
 1.68526e-06
 1.68526e-06
 1.68526e-06
 1.68318e-06
 1.68318e-06
 1.68318e-06
 1.68318e-06
 1.68318e-06
 1.68237e-06
 1.68237e-06
 1.68237e-06
 1.68237e-06
 1.68237e-06
 1.67425e-06
 1.67425e-06
 1.67425e-06
 1.67425e-06
 1.67425e-06
 1.67275e-06
 1.67275e-06
 1.67275e-06
 1.67275e-06
 1.67275e-06
 1.67747e-06
 1.67747e-06
 1.67747e-06
 1.67747e-06
 1.67747e-06
 1.68408e-06
 1.68408e-06
 1.68408e-06
 1.68408e-06
 1.68408e-06
 1.68937e-06
 1.68937e-06
 1.68937e-06
 1.68937e-06
 1.68937e-06
 1.69252e-06
 1.69252e-06
 1.69252e-06
 1.69252e-06
 1.69252e-06
 1.69549e-06
 1.69549e-06
 1.69549e-06
 1.69549e-06
 1.69549e-06
 1.70115e-06
 1.70115e-06
 1.70115e-06
 1.70115e-06
 1.70115e-06
 1.70615e-06
 1.70615e-06
 1.70615e-06
 1.70615e-06
 1.70615e-06
 1.70707e-06
 1.70707e-06
 1.70707e-06
 1.70707e-06
 1.70707e-06
 1.70219e-06
 1.70219e-06
 1.70219e-06
 1.70219e-06
 1.70219e-06
 1.68691e-06
 1.68691e-06
 1.68691e-06
 1.68691e-06
 1.68691e-06
 1.68043e-06
 1.68043e-06
 1.68043e-06
 1.68043e-06
 1.68043e-06
 1.67694e-06
 1.67694e-06
 1.67694e-06
 1.67694e-06
 1.67694e-06
 1.55850e-06
 1.55850e-06
 1.55850e-06
 1.55850e-06
 1.55850e-06
 1.33430e-06
 1.33430e-06
 1.33430e-06
 1.33430e-06
 1.33430e-06
 1.13626e-06
 1.13626e-06
 1.13626e-06
 1.13626e-06
 1.13626e-06
 1.04152e-06
 1.04152e-06
 1.04152e-06
 1.04152e-06
 1.04152e-06
 1.03169e-06
 1.03169e-06
 1.03169e-06
 1.03169e-06
 1.03169e-06
 1.04317e-06
 1.04317e-06
 1.04317e-06
 1.04317e-06
 1.04317e-06
 1.05237e-06
 1.05237e-06
 1.05237e-06
 1.05237e-06
 1.05237e-06
 1.05685e-06
 1.05685e-06
 1.05685e-06
 1.05685e-06
 1.05685e-06
 1.68526e-06
 1.68526e-06
 1.68526e-06
 1.68526e-06
 1.68526e-06
 1.68318e-06
 1.68318e-06
 1.68318e-06
 1.68318e-06
 1.68318e-06
 1.68237e-06
 1.68237e-06
 1.68237e-06
 1.68237e-06
 1.68237e-06
 1.67425e-06
 1.67425e-06
 1.67425e-06
 1.67425e-06
 1.67425e-06
 1.67275e-06
 1.67275e-06
 1.67275e-06
 1.67275e-06
 1.67275e-06
 1.67747e-06
 1.67747e-06
 1.67747e-06
 1.67747e-06
 1.67747e-06
 1.68408e-06
 1.68408e-06
 1.68408e-06
 1.68408e-06
 1.68408e-06
 1.68937e-06
 1.68937e-06
 1.68937e-06
 1.68937e-06
 1.68937e-06
 1.69252e-06
 1.69252e-06
 1.69252e-06
 1.69252e-06
 1.69252e-06
 1.69549e-06
 1.69549e-06
 1.69549e-06
 1.69549e-06
 1.69549e-06
 1.70115e-06
 1.70115e-06
 1.70115e-06
 1.70115e-06
 1.70115e-06
 1.70615e-06
 1.70615e-06
 1.70615e-06
 1.70615e-06
 1.70615e-06
 1.70707e-06
 1.70707e-06
 1.70707e-06
 1.70707e-06
 1.70707e-06
 1.70219e-06
 1.70219e-06
 1.70219e-06
 1.70219e-06
 1.70219e-06
 1.68691e-06
 1.68691e-06
 1.68691e-06
 1.68691e-06
 1.68691e-06
 1.68043e-06
 1.68043e-06
 1.68043e-06
 1.68043e-06
 1.68043e-06
 1.67694e-06
 1.67694e-06
 1.67694e-06
 1.67694e-06
 1.67694e-06
 1.55850e-06
 1.55850e-06
 1.55850e-06
 1.55850e-06
 1.55850e-06
 1.33430e-06
 1.33430e-06
 1.33430e-06
 1.33430e-06
 1.33430e-06
 1.13626e-06
 1.13626e-06
 1.13626e-06
 1.13626e-06
 1.13626e-06
 1.04152e-06
 1.04152e-06
 1.04152e-06
 1.04152e-06
 1.04152e-06
 1.03169e-06
 1.03169e-06
 1.03169e-06
 1.03169e-06
 1.03169e-06
 1.04317e-06
 1.04317e-06
 1.04317e-06
 1.04317e-06
 1.04317e-06
 1.05237e-06
 1.05237e-06
 1.05237e-06
 1.05237e-06
 1.05237e-06
 1.05685e-06
 1.05685e-06
 1.05685e-06
 1.05685e-06
 1.05685e-06
 1.68526e-06
 1.68526e-06
 1.68526e-06
 1.68526e-06
 1.68526e-06
 1.68318e-06
 1.68318e-06
 1.68318e-06
 1.68318e-06
 1.68318e-06
 1.68237e-06
 1.68237e-06
 1.68237e-06
 1.68237e-06
 1.68237e-06
 1.67425e-06
 1.67425e-06
 1.67425e-06
 1.67425e-06
 1.67425e-06
 1.67275e-06
 1.67275e-06
 1.67275e-06
 1.67275e-06
 1.67275e-06
 1.67747e-06
 1.67747e-06
 1.67747e-06
 1.67747e-06
 1.67747e-06
 1.68408e-06
 1.68408e-06
 1.68408e-06
 1.68408e-06
 1.68408e-06
 1.68937e-06
 1.68937e-06
 1.68937e-06
 1.68937e-06
 1.68937e-06
 1.69252e-06
 1.69252e-06
 1.69252e-06
 1.69252e-06
 1.69252e-06
 1.69549e-06
 1.69549e-06
 1.69549e-06
 1.69549e-06
 1.69549e-06
 1.70115e-06
 1.70115e-06
 1.70115e-06
 1.70115e-06
 1.70115e-06
 1.70615e-06
 1.70615e-06
 1.70615e-06
 1.70615e-06
 1.70615e-06
 1.70707e-06
 1.70707e-06
 1.70707e-06
 1.70707e-06
 1.70707e-06
 1.70219e-06
 1.70219e-06
 1.70219e-06
 1.70219e-06
 1.70219e-06
 1.68691e-06
 1.68691e-06
 1.68691e-06
 1.68691e-06
 1.68691e-06
 1.68043e-06
 1.68043e-06
 1.68043e-06
 1.68043e-06
 1.68043e-06
 1.67694e-06
 1.67694e-06
 1.67694e-06
 1.67694e-06
 1.67694e-06
 1.55850e-06
 1.55850e-06
 1.55850e-06
 1.55850e-06
 1.55850e-06
 1.33430e-06
 1.33430e-06
 1.33430e-06
 1.33430e-06
 1.33430e-06
 1.13626e-06
 1.13626e-06
 1.13626e-06
 1.13626e-06
 1.13626e-06
 1.04152e-06
 1.04152e-06
 1.04152e-06
 1.04152e-06
 1.04152e-06
 1.03169e-06
 1.03169e-06
 1.03169e-06
 1.03169e-06
 1.03169e-06
 1.04317e-06
 1.04317e-06
 1.04317e-06
 1.04317e-06
 1.04317e-06
 1.05237e-06
 1.05237e-06
 1.05237e-06
 1.05237e-06
 1.05237e-06
 1.05685e-06
 1.05685e-06
 1.05685e-06
 1.05685e-06
 1.05685e-06
part
         4
hexa8
 1.05821e-06
 1.05821e-06
 1.05821e-06
 1.05821e-06
 1.05821e-06
 1.05890e-06
 1.05890e-06
 1.05890e-06
 1.05890e-06
 1.05890e-06
 1.06013e-06
 1.06013e-06
 1.06013e-06
 1.06013e-06
 1.06013e-06
 1.06081e-06
 1.06081e-06
 1.06081e-06
 1.06081e-06
 1.06081e-06
 1.06054e-06
 1.06054e-06
 1.06054e-06
 1.06054e-06
 1.06054e-06
 1.05849e-06
 1.05849e-06
 1.05849e-06
 1.05849e-06
 1.05849e-06
 1.04837e-06
 1.04837e-06
 1.04837e-06
 1.04837e-06
 1.04837e-06
 1.02267e-06
 1.02267e-06
 1.02267e-06
 1.02267e-06
 1.02267e-06
 9.60075e-07
 9.60075e-07
 9.60075e-07
 9.60075e-07
 9.60075e-07
 8.64865e-07
 8.64865e-07
 8.64865e-07
 8.64865e-07
 8.64865e-07
 7.45478e-07
 7.45478e-07
 7.45478e-07
 7.45478e-07
 7.45478e-07
 6.40196e-07
 6.40196e-07
 6.40196e-07
 6.40196e-07
 6.40196e-07
 5.65680e-07
 5.65680e-07
 5.65680e-07
 5.65680e-07
 5.65680e-07
 5.24724e-07
 5.24724e-07
 5.24724e-07
 5.24724e-07
 5.24724e-07
 5.07481e-07
 5.07481e-07
 5.07481e-07
 5.07481e-07
 5.07481e-07
 5.01971e-07
 5.01971e-07
 5.01971e-07
 5.01971e-07
 5.01971e-07
 5.00491e-07
 5.00491e-07
 5.00491e-07
 5.00491e-07
 5.00491e-07
 5.00120e-07
 5.00120e-07
 5.00120e-07
 5.00120e-07
 5.00120e-07
 5.00029e-07
 5.00029e-07
 5.00029e-07
 5.00029e-07
 5.00029e-07
 5.00007e-07
 5.00007e-07
 5.00007e-07
 5.00007e-07
 5.00007e-07
 5.00002e-07
 5.00002e-07
 5.00002e-07
 5.00002e-07
 5.00002e-07
 5.00000e-07
 5.00000e-07
 5.00000e-07
 5.00000e-07
 5.00000e-07
 5.00000e-07
 5.00000e-07
 5.00000e-07
 5.00000e-07
 5.00000e-07
 5.00000e-07
 5.00000e-07
 5.00000e-07
 5.00000e-07
 5.00000e-07
 5.00000e-07
 5.00000e-07
 5.00000e-07
 5.00000e-07
 5.00000e-07
 1.05821e-06
 1.05821e-06
 1.05821e-06
 1.05821e-06
 1.05821e-06
 1.05890e-06
 1.05890e-06
 1.05890e-06
 1.05890e-06
 1.05890e-06
 1.06013e-06
 1.06013e-06
 1.06013e-06
 1.06013e-06
 1.06013e-06
 1.06081e-06
 1.06081e-06
 1.06081e-06
 1.06081e-06
 1.06081e-06
 1.06054e-06
 1.06054e-06
 1.06054e-06
 1.06054e-06
 1.06054e-06
 1.05849e-06
 1.05849e-06
 1.05849e-06
 1.05849e-06
 1.05849e-06
 1.04837e-06
 1.04837e-06
 1.04837e-06
 1.04837e-06
 1.04837e-06
 1.02267e-06
 1.02267e-06
 1.02267e-06
 1.02267e-06
 1.02267e-06
 9.60075e-07
 9.60075e-07
 9.60075e-07
 9.60075e-07
 9.60075e-07
 8.64865e-07
 8.64865e-07
 8.64865e-07
 8.64865e-07
 8.64865e-07
 7.45478e-07
 7.45478e-07
 7.45478e-07
 7.45478e-07
 7.45478e-07
 6.40196e-07
 6.40196e-07
 6.40196e-07
 6.40196e-07
 6.40196e-07
 5.65680e-07
 5.65680e-07
 5.65680e-07
 5.65680e-07
 5.65680e-07
 5.24724e-07
 5.24724e-07
 5.24724e-07
 5.24724e-07
 5.24724e-07
 5.07481e-07
 5.07481e-07
 5.07481e-07
 5.07481e-07
 5.07481e-07
 5.01971e-07
 5.01971e-07
 5.01971e-07
 5.01971e-07
 5.01971e-07
 5.00491e-07
 5.00491e-07
 5.00491e-07
 5.00491e-07
 5.00491e-07
 5.00120e-07
 5.00120e-07
 5.00120e-07
 5.00120e-07
 5.00120e-07
 5.00029e-07
 5.00029e-07
 5.00029e-07
 5.00029e-07
 5.00029e-07
 5.00007e-07
 5.00007e-07
 5.00007e-07
 5.00007e-07
 5.00007e-07
 5.00002e-07
 5.00002e-07
 5.00002e-07
 5.00002e-07
 5.00002e-07
 5.00000e-07
 5.00000e-07
 5.00000e-07
 5.00000e-07
 5.00000e-07
 5.00000e-07
 5.00000e-07
 5.00000e-07
 5.00000e-07
 5.00000e-07
 5.00000e-07
 5.00000e-07
 5.00000e-07
 5.00000e-07
 5.00000e-07
 5.00000e-07
 5.00000e-07
 5.00000e-07
 5.00000e-07
 5.00000e-07
 1.05821e-06
 1.05821e-06
 1.05821e-06
 1.05821e-06
 1.05821e-06
 1.05890e-06
 1.05890e-06
 1.05890e-06
 1.05890e-06
 1.05890e-06
 1.06013e-06
 1.06013e-06
 1.06013e-06
 1.06013e-06
 1.06013e-06
 1.06081e-06
 1.06081e-06
 1.06081e-06
 1.06081e-06
 1.06081e-06
 1.06054e-06
 1.06054e-06
 1.06054e-06
 1.06054e-06
 1.06054e-06
 1.05849e-06
 1.05849e-06
 1.05849e-06
 1.05849e-06
 1.05849e-06
 1.04837e-06
 1.04837e-06
 1.04837e-06
 1.04837e-06
 1.04837e-06
 1.02267e-06
 1.02267e-06
 1.02267e-06
 1.02267e-06
 1.02267e-06
 9.60075e-07
 9.60075e-07
 9.60075e-07
 9.60075e-07
 9.60075e-07
 8.64865e-07
 8.64865e-07
 8.64865e-07
 8.64865e-07
 8.64865e-07
 7.45478e-07
 7.45478e-07
 7.45478e-07
 7.45478e-07
 7.45478e-07
 6.40196e-07
 6.40196e-07
 6.40196e-07
 6.40196e-07
 6.40196e-07
 5.65680e-07
 5.65680e-07
 5.65680e-07
 5.65680e-07
 5.65680e-07
 5.24724e-07
 5.24724e-07
 5.24724e-07
 5.24724e-07
 5.24724e-07
 5.07481e-07
 5.07481e-07
 5.07481e-07
 5.07481e-07
 5.07481e-07
 5.01971e-07
 5.01971e-07
 5.01971e-07
 5.01971e-07
 5.01971e-07
 5.00491e-07
 5.00491e-07
 5.00491e-07
 5.00491e-07
 5.00491e-07
 5.00120e-07
 5.00120e-07
 5.00120e-07
 5.00120e-07
 5.00120e-07
 5.00029e-07
 5.00029e-07
 5.00029e-07
 5.00029e-07
 5.00029e-07
 5.00007e-07
 5.00007e-07
 5.00007e-07
 5.00007e-07
 5.00007e-07
 5.00002e-07
 5.00002e-07
 5.00002e-07
 5.00002e-07
 5.00002e-07
 5.00000e-07
 5.00000e-07
 5.00000e-07
 5.00000e-07
 5.00000e-07
 5.00000e-07
 5.00000e-07
 5.00000e-07
 5.00000e-07
 5.00000e-07
 5.00000e-07
 5.00000e-07
 5.00000e-07
 5.00000e-07
 5.00000e-07
 5.00000e-07
 5.00000e-07
 5.00000e-07
 5.00000e-07
 5.00000e-07
 1.05821e-06
 1.05821e-06
 1.05821e-06
 1.05821e-06
 1.05821e-06
 1.05890e-06
 1.05890e-06
 1.05890e-06
 1.05890e-06
 1.05890e-06
 1.06013e-06
 1.06013e-06
 1.06013e-06
 1.06013e-06
 1.06013e-06
 1.06081e-06
 1.06081e-06
 1.06081e-06
 1.06081e-06
 1.06081e-06
 1.06054e-06
 1.06054e-06
 1.06054e-06
 1.06054e-06
 1.06054e-06
 1.05849e-06
 1.05849e-06
 1.05849e-06
 1.05849e-06
 1.05849e-06
 1.04837e-06
 1.04837e-06
 1.04837e-06
 1.04837e-06
 1.04837e-06
 1.02267e-06
 1.02267e-06
 1.02267e-06
 1.02267e-06
 1.02267e-06
 9.60075e-07
 9.60075e-07
 9.60075e-07
 9.60075e-07
 9.60075e-07
 8.64865e-07
 8.64865e-07
 8.64865e-07
 8.64865e-07
 8.64865e-07
 7.45478e-07
 7.45478e-07
 7.45478e-07
 7.45478e-07
 7.45478e-07
 6.40196e-07
 6.40196e-07
 6.40196e-07
 6.40196e-07
 6.40196e-07
 5.65680e-07
 5.65680e-07
 5.65680e-07
 5.65680e-07
 5.65680e-07
 5.24724e-07
 5.24724e-07
 5.24724e-07
 5.24724e-07
 5.24724e-07
 5.07481e-07
 5.07481e-07
 5.07481e-07
 5.07481e-07
 5.07481e-07
 5.01971e-07
 5.01971e-07
 5.01971e-07
 5.01971e-07
 5.01971e-07
 5.00491e-07
 5.00491e-07
 5.00491e-07
 5.00491e-07
 5.00491e-07
 5.00120e-07
 5.00120e-07
 5.00120e-07
 5.00120e-07
 5.00120e-07
 5.00029e-07
 5.00029e-07
 5.00029e-07
 5.00029e-07
 5.00029e-07
 5.00007e-07
 5.00007e-07
 5.00007e-07
 5.00007e-07
 5.00007e-07
 5.00002e-07
 5.00002e-07
 5.00002e-07
 5.00002e-07
 5.00002e-07
 5.00000e-07
 5.00000e-07
 5.00000e-07
 5.00000e-07
 5.00000e-07
 5.00000e-07
 5.00000e-07
 5.00000e-07
 5.00000e-07
 5.00000e-07
 5.00000e-07
 5.00000e-07
 5.00000e-07
 5.00000e-07
 5.00000e-07
 5.00000e-07
 5.00000e-07
 5.00000e-07
 5.00000e-07
 5.00000e-07
 1.05821e-06
 1.05821e-06
 1.05821e-06
 1.05821e-06
 1.05821e-06
 1.05890e-06
 1.05890e-06
 1.05890e-06
 1.05890e-06
 1.05890e-06
 1.06013e-06
 1.06013e-06
 1.06013e-06
 1.06013e-06
 1.06013e-06
 1.06081e-06
 1.06081e-06
 1.06081e-06
 1.06081e-06
 1.06081e-06
 1.06054e-06
 1.06054e-06
 1.06054e-06
 1.06054e-06
 1.06054e-06
 1.05849e-06
 1.05849e-06
 1.05849e-06
 1.05849e-06
 1.05849e-06
 1.04837e-06
 1.04837e-06
 1.04837e-06
 1.04837e-06
 1.04837e-06
 1.02267e-06
 1.02267e-06
 1.02267e-06
 1.02267e-06
 1.02267e-06
 9.60075e-07
 9.60075e-07
 9.60075e-07
 9.60075e-07
 9.60075e-07
 8.64865e-07
 8.64865e-07
 8.64865e-07
 8.64865e-07
 8.64865e-07
 7.45478e-07
 7.45478e-07
 7.45478e-07
 7.45478e-07
 7.45478e-07
 6.40196e-07
 6.40196e-07
 6.40196e-07
 6.40196e-07
 6.40196e-07
 5.65680e-07
 5.65680e-07
 5.65680e-07
 5.65680e-07
 5.65680e-07
 5.24724e-07
 5.24724e-07
 5.24724e-07
 5.24724e-07
 5.24724e-07
 5.07481e-07
 5.07481e-07
 5.07481e-07
 5.07481e-07
 5.07481e-07
 5.01971e-07
 5.01971e-07
 5.01971e-07
 5.01971e-07
 5.01971e-07
 5.00491e-07
 5.00491e-07
 5.00491e-07
 5.00491e-07
 5.00491e-07
 5.00120e-07
 5.00120e-07
 5.00120e-07
 5.00120e-07
 5.00120e-07
 5.00029e-07
 5.00029e-07
 5.00029e-07
 5.00029e-07
 5.00029e-07
 5.00007e-07
 5.00007e-07
 5.00007e-07
 5.00007e-07
 5.00007e-07
 5.00002e-07
 5.00002e-07
 5.00002e-07
 5.00002e-07
 5.00002e-07
 5.00000e-07
 5.00000e-07
 5.00000e-07
 5.00000e-07
 5.00000e-07
 5.00000e-07
 5.00000e-07
 5.00000e-07
 5.00000e-07
 5.00000e-07
 5.00000e-07
 5.00000e-07
 5.00000e-07
 5.00000e-07
 5.00000e-07
 5.00000e-07
 5.00000e-07
 5.00000e-07
 5.00000e-07
 5.00000e-07
