NodeMass
part
         1
coordinates
 5.00000e-07
 1.00000e-06
 1.00000e-06
 1.00000e-06
 1.00000e-06
 5.00000e-07
 1.00000e-06
 2.00000e-06
 2.00000e-06
 2.00000e-06
 2.00000e-06
 1.00000e-06
 1.00000e-06
 2.00000e-06
 2.00000e-06
 2.00000e-06
 2.00000e-06
 1.00000e-06
 1.00000e-06
 2.00000e-06
 2.00000e-06
 2.00000e-06
 2.00000e-06
 1.00000e-06
 1.00000e-06
 2.00000e-06
 2.00000e-06
 2.00000e-06
 2.00000e-06
 1.00000e-06
 5.00000e-07
 1.00000e-06
 1.00000e-06
 1.00000e-06
 1.00000e-06
 5.00000e-07
 1.00000e-06
 2.00000e-06
 2.00000e-06
 2.00000e-06
 2.00000e-06
 1.00000e-06
 2.00000e-06
 4.00000e-06
 4.00000e-06
 4.00000e-06
 4.00000e-06
 2.00000e-06
 2.00000e-06
 4.00000e-06
 4.00000e-06
 4.00000e-06
 4.00000e-06
 2.00000e-06
 2.00000e-06
 4.00000e-06
 4.00000e-06
 4.00000e-06
 4.00000e-06
 2.00000e-06
 2.00000e-06
 4.00000e-06
 4.00000e-06
 4.00000e-06
 4.00000e-06
 2.00000e-06
 1.00000e-06
 2.00000e-06
 2.00000e-06
 2.00000e-06
 2.00000e-06
 1.00000e-06
 1.00000e-06
 2.00000e-06
 2.00000e-06
 2.00000e-06
 2.00000e-06
 1.00000e-06
 2.00000e-06
 4.00000e-06
 4.00000e-06
 4.00000e-06
 4.00000e-06
 2.00000e-06
 2.00000e-06
 4.00000e-06
 4.00000e-06
 4.00000e-06
 4.00000e-06
 2.00000e-06
 2.00000e-06
 4.00000e-06
 4.00000e-06
 4.00000e-06
 4.00000e-06
 2.00000e-06
 2.00000e-06
 4.00000e-06
 4.00000e-06
 4.00000e-06
 4.00000e-06
 2.00000e-06
 1.00000e-06
 2.00000e-06
 2.00000e-06
 2.00000e-06
 2.00000e-06
 1.00000e-06
 1.00000e-06
 2.00000e-06
 2.00000e-06
 2.00000e-06
 2.00000e-06
 1.00000e-06
 2.00000e-06
 4.00000e-06
 4.00000e-06
 4.00000e-06
 4.00000e-06
 2.00000e-06
 2.00000e-06
 4.00000e-06
 4.00000e-06
 4.00000e-06
 4.00000e-06
 2.00000e-06
 2.00000e-06
 4.00000e-06
 4.00000e-06
 4.00000e-06
 4.00000e-06
 2.00000e-06
 2.00000e-06
 4.00000e-06
 4.00000e-06
 4.00000e-06
 4.00000e-06
 2.00000e-06
 1.00000e-06
 2.00000e-06
 2.00000e-06
 2.00000e-06
 2.00000e-06
 1.00000e-06
 1.00000e-06
 2.00000e-06
 2.00000e-06
 2.00000e-06
 2.00000e-06
 1.00000e-06
 2.00000e-06
 4.00000e-06
 4.00000e-06
 4.00000e-06
 4.00000e-06
 2.00000e-06
 2.00000e-06
 4.00000e-06
 4.00000e-06
 4.00000e-06
 4.00000e-06
 2.00000e-06
 2.00000e-06
 4.00000e-06
 4.00000e-06
 4.00000e-06
 4.00000e-06
 2.00000e-06
 2.00000e-06
 4.00000e-06
 4.00000e-06
 4.00000e-06
 4.00000e-06
 2.00000e-06
 1.00000e-06
 2.00000e-06
 2.00000e-06
 2.00000e-06
 2.00000e-06
 1.00000e-06
 1.00000e-06
 2.00000e-06
 2.00000e-06
 2.00000e-06
 2.00000e-06
 1.00000e-06
 2.00000e-06
 4.00000e-06
 4.00000e-06
 4.00000e-06
 4.00000e-06
 2.00000e-06
 2.00000e-06
 4.00000e-06
 4.00000e-06
 4.00000e-06
 4.00000e-06
 2.00000e-06
 2.00000e-06
 4.00000e-06
 4.00000e-06
 4.00000e-06
 4.00000e-06
 2.00000e-06
 2.00000e-06
 4.00000e-06
 4.00000e-06
 4.00000e-06
 4.00000e-06
 2.00000e-06
 1.00000e-06
 2.00000e-06
 2.00000e-06
 2.00000e-06
 2.00000e-06
 1.00000e-06
 1.00000e-06
 2.00000e-06
 2.00000e-06
 2.00000e-06
 2.00000e-06
 1.00000e-06
 2.00000e-06
 4.00000e-06
 4.00000e-06
 4.00000e-06
 4.00000e-06
 2.00000e-06
 2.00000e-06
 4.00000e-06
 4.00000e-06
 4.00000e-06
 4.00000e-06
 2.00000e-06
 2.00000e-06
 4.00000e-06
 4.00000e-06
 4.00000e-06
 4.00000e-06
 2.00000e-06
 2.00000e-06
 4.00000e-06
 4.00000e-06
 4.00000e-06
 4.00000e-06
 2.00000e-06
 1.00000e-06
 2.00000e-06
 2.00000e-06
 2.00000e-06
 2.00000e-06
 1.00000e-06
 1.00000e-06
 2.00000e-06
 2.00000e-06
 2.00000e-06
 2.00000e-06
 1.00000e-06
 2.00000e-06
 4.00000e-06
 4.00000e-06
 4.00000e-06
 4.00000e-06
 2.00000e-06
 2.00000e-06
 4.00000e-06
 4.00000e-06
 4.00000e-06
 4.00000e-06
 2.00000e-06
 2.00000e-06
 4.00000e-06
 4.00000e-06
 4.00000e-06
 4.00000e-06
 2.00000e-06
 2.00000e-06
 4.00000e-06
 4.00000e-06
 4.00000e-06
 4.00000e-06
 2.00000e-06
 1.00000e-06
 2.00000e-06
 2.00000e-06
 2.00000e-06
 2.00000e-06
 1.00000e-06
 1.00000e-06
 2.00000e-06
 2.00000e-06
 2.00000e-06
 2.00000e-06
 1.00000e-06
 2.00000e-06
 4.00000e-06
 4.00000e-06
 4.00000e-06
 4.00000e-06
 2.00000e-06
 2.00000e-06
 4.00000e-06
 4.00000e-06
 4.00000e-06
 4.00000e-06
 2.00000e-06
 2.00000e-06
 4.00000e-06
 4.00000e-06
 4.00000e-06
 4.00000e-06
 2.00000e-06
 2.00000e-06
 4.00000e-06
 4.00000e-06
 4.00000e-06
 4.00000e-06
 2.00000e-06
 1.00000e-06
 2.00000e-06
 2.00000e-06
 2.00000e-06
 2.00000e-06
 1.00000e-06
 1.00000e-06
 2.00000e-06
 2.00000e-06
 2.00000e-06
 2.00000e-06
 1.00000e-06
 2.00000e-06
 4.00000e-06
 4.00000e-06
 4.00000e-06
 4.00000e-06
 2.00000e-06
 2.00000e-06
 4.00000e-06
 4.00000e-06
 4.00000e-06
 4.00000e-06
 2.00000e-06
 2.00000e-06
 4.00000e-06
 4.00000e-06
 4.00000e-06
 4.00000e-06
 2.00000e-06
 2.00000e-06
 4.00000e-06
 4.00000e-06
 4.00000e-06
 4.00000e-06
 2.00000e-06
 1.00000e-06
 2.00000e-06
 2.00000e-06
 2.00000e-06
 2.00000e-06
 1.00000e-06
 1.00000e-06
 2.00000e-06
 2.00000e-06
 2.00000e-06
 2.00000e-06
 1.00000e-06
 2.00000e-06
 4.00000e-06
 4.00000e-06
 4.00000e-06
 4.00000e-06
 2.00000e-06
 2.00000e-06
 4.00000e-06
 4.00000e-06
 4.00000e-06
 4.00000e-06
 2.00000e-06
 2.00000e-06
 4.00000e-06
 4.00000e-06
 4.00000e-06
 4.00000e-06
 2.00000e-06
 2.00000e-06
 4.00000e-06
 4.00000e-06
 4.00000e-06
 4.00000e-06
 2.00000e-06
 1.00000e-06
 2.00000e-06
 2.00000e-06
 2.00000e-06
 2.00000e-06
 1.00000e-06
 1.00000e-06
 2.00000e-06
 2.00000e-06
 2.00000e-06
 2.00000e-06
 1.00000e-06
 2.00000e-06
 4.00000e-06
 4.00000e-06
 4.00000e-06
 4.00000e-06
 2.00000e-06
 2.00000e-06
 4.00000e-06
 4.00000e-06
 4.00000e-06
 4.00000e-06
 2.00000e-06
 2.00000e-06
 4.00000e-06
 4.00000e-06
 4.00000e-06
 4.00000e-06
 2.00000e-06
 2.00000e-06
 4.00000e-06
 4.00000e-06
 4.00000e-06
 4.00000e-06
 2.00000e-06
 1.00000e-06
 2.00000e-06
 2.00000e-06
 2.00000e-06
 2.00000e-06
 1.00000e-06
 1.00000e-06
 2.00000e-06
 2.00000e-06
 2.00000e-06
 2.00000e-06
 1.00000e-06
 2.00000e-06
 4.00000e-06
 4.00000e-06
 4.00000e-06
 4.00000e-06
 2.00000e-06
 2.00000e-06
 4.00000e-06
 4.00000e-06
 4.00000e-06
 4.00000e-06
 2.00000e-06
 2.00000e-06
 4.00000e-06
 4.00000e-06
 4.00000e-06
 4.00000e-06
 2.00000e-06
 2.00000e-06
 4.00000e-06
 4.00000e-06
 4.00000e-06
 4.00000e-06
 2.00000e-06
 1.00000e-06
 2.00000e-06
 2.00000e-06
 2.00000e-06
 2.00000e-06
 1.00000e-06
 1.00000e-06
 2.00000e-06
 2.00000e-06
 2.00000e-06
 2.00000e-06
 1.00000e-06
 2.00000e-06
 4.00000e-06
 4.00000e-06
 4.00000e-06
 4.00000e-06
 2.00000e-06
 2.00000e-06
 4.00000e-06
 4.00000e-06
 4.00000e-06
 4.00000e-06
 2.00000e-06
 2.00000e-06
 4.00000e-06
 4.00000e-06
 4.00000e-06
 4.00000e-06
 2.00000e-06
 2.00000e-06
 4.00000e-06
 4.00000e-06
 4.00000e-06
 4.00000e-06
 2.00000e-06
 1.00000e-06
 2.00000e-06
 2.00000e-06
 2.00000e-06
 2.00000e-06
 1.00000e-06
 1.00000e-06
 2.00000e-06
 2.00000e-06
 2.00000e-06
 2.00000e-06
 1.00000e-06
 2.00000e-06
 4.00000e-06
 4.00000e-06
 4.00000e-06
 4.00000e-06
 2.00000e-06
 2.00000e-06
 4.00000e-06
 4.00000e-06
 4.00000e-06
 4.00000e-06
 2.00000e-06
 2.00000e-06
 4.00000e-06
 4.00000e-06
 4.00000e-06
 4.00000e-06
 2.00000e-06
 2.00000e-06
 4.00000e-06
 4.00000e-06
 4.00000e-06
 4.00000e-06
 2.00000e-06
 1.00000e-06
 2.00000e-06
 2.00000e-06
 2.00000e-06
 2.00000e-06
 1.00000e-06
 1.00000e-06
 2.00000e-06
 2.00000e-06
 2.00000e-06
 2.00000e-06
 1.00000e-06
 2.00000e-06
 4.00000e-06
 4.00000e-06
 4.00000e-06
 4.00000e-06
 2.00000e-06
 2.00000e-06
 4.00000e-06
 4.00000e-06
 4.00000e-06
 4.00000e-06
 2.00000e-06
 2.00000e-06
 4.00000e-06
 4.00000e-06
 4.00000e-06
 4.00000e-06
 2.00000e-06
 2.00000e-06
 4.00000e-06
 4.00000e-06
 4.00000e-06
 4.00000e-06
 2.00000e-06
 1.00000e-06
 2.00000e-06
 2.00000e-06
 2.00000e-06
 2.00000e-06
 1.00000e-06
 1.00000e-06
 2.00000e-06
 2.00000e-06
 2.00000e-06
 2.00000e-06
 1.00000e-06
 2.00000e-06
 4.00000e-06
 4.00000e-06
 4.00000e-06
 4.00000e-06
 2.00000e-06
 2.00000e-06
 4.00000e-06
 4.00000e-06
 4.00000e-06
 4.00000e-06
 2.00000e-06
 2.00000e-06
 4.00000e-06
 4.00000e-06
 4.00000e-06
 4.00000e-06
 2.00000e-06
 2.00000e-06
 4.00000e-06
 4.00000e-06
 4.00000e-06
 4.00000e-06
 2.00000e-06
 1.00000e-06
 2.00000e-06
 2.00000e-06
 2.00000e-06
 2.00000e-06
 1.00000e-06
 1.00000e-06
 2.00000e-06
 2.00000e-06
 2.00000e-06
 2.00000e-06
 1.00000e-06
 2.00000e-06
 4.00000e-06
 4.00000e-06
 4.00000e-06
 4.00000e-06
 2.00000e-06
 2.00000e-06
 4.00000e-06
 4.00000e-06
 4.00000e-06
 4.00000e-06
 2.00000e-06
 2.00000e-06
 4.00000e-06
 4.00000e-06
 4.00000e-06
 4.00000e-06
 2.00000e-06
 2.00000e-06
 4.00000e-06
 4.00000e-06
 4.00000e-06
 4.00000e-06
 2.00000e-06
 1.00000e-06
 2.00000e-06
 2.00000e-06
 2.00000e-06
 2.00000e-06
 1.00000e-06
 9.99999e-07
 2.00000e-06
 2.00000e-06
 2.00000e-06
 2.00000e-06
 9.99999e-07
 2.00000e-06
 3.99999e-06
 3.99999e-06
 3.99999e-06
 3.99999e-06
 2.00000e-06
 2.00000e-06
 3.99999e-06
 3.99999e-06
 3.99999e-06
 3.99999e-06
 2.00000e-06
 2.00000e-06
 3.99999e-06
 3.99999e-06
 3.99999e-06
 3.99999e-06
 2.00000e-06
 2.00000e-06
 3.99999e-06
 3.99999e-06
 3.99999e-06
 3.99999e-06
 2.00000e-06
 9.99999e-07
 2.00000e-06
 2.00000e-06
 2.00000e-06
 2.00000e-06
 9.99999e-07
 9.99993e-07
 1.99999e-06
 1.99999e-06
 1.99999e-06
 1.99999e-06
 9.99993e-07
 1.99999e-06
 3.99997e-06
 3.99997e-06
 3.99997e-06
 3.99997e-06
 1.99999e-06
 1.99999e-06
 3.99997e-06
 3.99997e-06
 3.99997e-06
 3.99997e-06
 1.99999e-06
 1.99999e-06
 3.99997e-06
 3.99997e-06
 3.99997e-06
 3.99997e-06
 1.99999e-06
 1.99999e-06
 3.99997e-06
 3.99997e-06
 3.99997e-06
 3.99997e-06
 1.99999e-06
 9.99993e-07
 1.99999e-06
 1.99999e-06
 1.99999e-06
 1.99999e-06
 9.99993e-07
 9.99965e-07
 1.99993e-06
 1.99993e-06
 1.99993e-06
 1.99993e-06
 9.99965e-07
 1.99993e-06
 3.99986e-06
 3.99986e-06
 3.99986e-06
 3.99986e-06
 1.99993e-06
 1.99993e-06
 3.99986e-06
 3.99986e-06
 3.99986e-06
 3.99986e-06
 1.99993e-06
 1.99993e-06
 3.99986e-06
 3.99986e-06
 3.99986e-06
 3.99986e-06
 1.99993e-06
 1.99993e-06
 3.99986e-06
 3.99986e-06
 3.99986e-06
 3.99986e-06
 1.99993e-06
 9.99965e-07
 1.99993e-06
 1.99993e-06
 1.99993e-06
 1.99993e-06
 9.99965e-07
 9.99855e-07
 1.99971e-06
 1.99971e-06
 1.99971e-06
 1.99971e-06
 9.99855e-07
 1.99971e-06
 3.99942e-06
 3.99942e-06
 3.99942e-06
 3.99942e-06
 1.99971e-06
 1.99971e-06
 3.99942e-06
 3.99942e-06
 3.99942e-06
 3.99942e-06
 1.99971e-06
 1.99971e-06
 3.99942e-06
 3.99942e-06
 3.99942e-06
 3.99942e-06
 1.99971e-06
 1.99971e-06
 3.99942e-06
 3.99942e-06
 3.99942e-06
 3.99942e-06
 1.99971e-06
 9.99855e-07
 1.99971e-06
 1.99971e-06
 1.99971e-06
 1.99971e-06
 9.99855e-07
 9.99468e-07
 1.99894e-06
 1.99894e-06
 1.99894e-06
 1.99894e-06
 9.99468e-07
 1.99894e-06
 3.99787e-06
 3.99787e-06
 3.99787e-06
 3.99787e-06
 1.99894e-06
 1.99894e-06
 3.99787e-06
 3.99787e-06
 3.99787e-06
 3.99787e-06
 1.99894e-06
 1.99894e-06
 3.99787e-06
 3.99787e-06
 3.99787e-06
 3.99787e-06
 1.99894e-06
 1.99894e-06
 3.99787e-06
 3.99787e-06
 3.99787e-06
 3.99787e-06
 1.99894e-06
 9.99468e-07
 1.99894e-06
 1.99894e-06
 1.99894e-06
 1.99894e-06
 9.99468e-07
 9.98299e-07
 1.99660e-06
 1.99660e-06
 1.99660e-06
 1.99660e-06
 9.98299e-07
 1.99660e-06
 3.99320e-06
 3.99320e-06
 3.99320e-06
 3.99320e-06
 1.99660e-06
 1.99660e-06
 3.99320e-06
 3.99320e-06
 3.99320e-06
 3.99320e-06
 1.99660e-06
 1.99660e-06
 3.99320e-06
 3.99320e-06
 3.99320e-06
 3.99320e-06
 1.99660e-06
 1.99660e-06
 3.99320e-06
 3.99320e-06
 3.99320e-06
 3.99320e-06
 1.99660e-06
 9.98299e-07
 1.99660e-06
 1.99660e-06
 1.99660e-06
 1.99660e-06
 9.98299e-07
 9.95312e-07
 1.99062e-06
 1.99062e-06
 1.99062e-06
 1.99062e-06
 9.95312e-07
 1.99062e-06
 3.98125e-06
 3.98125e-06
 3.98125e-06
 3.98125e-06
 1.99062e-06
 1.99062e-06
 3.98125e-06
 3.98125e-06
 3.98125e-06
 3.98125e-06
 1.99062e-06
 1.99062e-06
 3.98125e-06
 3.98125e-06
 3.98125e-06
 3.98125e-06
 1.99062e-06
 1.99062e-06
 3.98125e-06
 3.98125e-06
 3.98125e-06
 3.98125e-06
 1.99062e-06
 9.95312e-07
 1.99062e-06
 1.99062e-06
 1.99062e-06
 1.99062e-06
 9.95312e-07
 9.88941e-07
 1.97788e-06
 1.97788e-06
 1.97788e-06
 1.97788e-06
 9.88941e-07
 1.97788e-06
 3.95576e-06
 3.95576e-06
 3.95576e-06
 3.95576e-06
 1.97788e-06
 1.97788e-06
 3.95576e-06
 3.95576e-06
 3.95576e-06
 3.95576e-06
 1.97788e-06
 1.97788e-06
 3.95576e-06
 3.95576e-06
 3.95576e-06
 3.95576e-06
 1.97788e-06
 1.97788e-06
 3.95576e-06
 3.95576e-06
 3.95576e-06
 3.95576e-06
 1.97788e-06
 9.88941e-07
 1.97788e-06
 1.97788e-06
 1.97788e-06
 1.97788e-06
 9.88941e-07
 9.77642e-07
 1.95528e-06
 1.95528e-06
 1.95528e-06
 1.95528e-06
 9.77642e-07
 1.95528e-06
 3.91057e-06
 3.91057e-06
 3.91057e-06
 3.91057e-06
 1.95528e-06
 1.95528e-06
 3.91057e-06
 3.91057e-06
 3.91057e-06
 3.91057e-06
 1.95528e-06
 1.95528e-06
 3.91057e-06
 3.91057e-06
 3.91057e-06
 3.91057e-06
 1.95528e-06
 1.95528e-06
 3.91057e-06
 3.91057e-06
 3.91057e-06
 3.91057e-06
 1.95528e-06
 9.77642e-07
 1.95528e-06
 1.95528e-06
 1.95528e-06
 1.95528e-06
 9.77642e-07
 9.60785e-07
 1.92157e-06
 1.92157e-06
 1.92157e-06
 1.92157e-06
 9.60785e-07
 1.92157e-06
 3.84314e-06
 3.84314e-06
 3.84314e-06
 3.84314e-06
 1.92157e-06
 1.92157e-06
 3.84314e-06
 3.84314e-06
 3.84314e-06
 3.84314e-06
 1.92157e-06
 1.92157e-06
 3.84314e-06
 3.84314e-06
 3.84314e-06
 3.84314e-06
 1.92157e-06
 1.92157e-06
 3.84314e-06
 3.84314e-06
 3.84314e-06
 3.84314e-06
 1.92157e-06
 9.60785e-07
 1.92157e-06
 1.92157e-06
 1.92157e-06
 1.92157e-06
 9.60785e-07
 9.39019e-07
 1.87804e-06
 1.87804e-06
 1.87804e-06
 1.87804e-06
 9.39019e-07
 1.87804e-06
 3.75608e-06
 3.75608e-06
 3.75608e-06
 3.75608e-06
 1.87804e-06
 1.87804e-06
 3.75608e-06
 3.75608e-06
 3.75608e-06
 3.75608e-06
 1.87804e-06
 1.87804e-06
 3.75608e-06
 3.75608e-06
 3.75608e-06
 3.75608e-06
 1.87804e-06
 1.87804e-06
 3.75608e-06
 3.75608e-06
 3.75608e-06
 3.75608e-06
 1.87804e-06
 9.39019e-07
 1.87804e-06
 1.87804e-06
 1.87804e-06
 1.87804e-06
 9.39019e-07
part
         2
coordinates
 9.99468e-07
 1.99894e-06
 1.99894e-06
 1.99894e-06
 1.99894e-06
 9.99468e-07
 1.99894e-06
 3.99787e-06
 3.99787e-06
 3.99787e-06
 3.99787e-06
 1.99894e-06
 1.99894e-06
 3.99787e-06
 3.99787e-06
 3.99787e-06
 3.99787e-06
 1.99894e-06
 1.99894e-06
 3.99787e-06
 3.99787e-06
 3.99787e-06
 3.99787e-06
 1.99894e-06
 1.99894e-06
 3.99787e-06
 3.99787e-06
 3.99787e-06
 3.99787e-06
 1.99894e-06
 9.99468e-07
 1.99894e-06
 1.99894e-06
 1.99894e-06
 1.99894e-06
 9.99468e-07
 9.98299e-07
 1.99660e-06
 1.99660e-06
 1.99660e-06
 1.99660e-06
 9.98299e-07
 1.99660e-06
 3.99320e-06
 3.99320e-06
 3.99320e-06
 3.99320e-06
 1.99660e-06
 1.99660e-06
 3.99320e-06
 3.99320e-06
 3.99320e-06
 3.99320e-06
 1.99660e-06
 1.99660e-06
 3.99320e-06
 3.99320e-06
 3.99320e-06
 3.99320e-06
 1.99660e-06
 1.99660e-06
 3.99320e-06
 3.99320e-06
 3.99320e-06
 3.99320e-06
 1.99660e-06
 9.98299e-07
 1.99660e-06
 1.99660e-06
 1.99660e-06
 1.99660e-06
 9.98299e-07
 9.95312e-07
 1.99062e-06
 1.99062e-06
 1.99062e-06
 1.99062e-06
 9.95312e-07
 1.99062e-06
 3.98125e-06
 3.98125e-06
 3.98125e-06
 3.98125e-06
 1.99062e-06
 1.99062e-06
 3.98125e-06
 3.98125e-06
 3.98125e-06
 3.98125e-06
 1.99062e-06
 1.99062e-06
 3.98125e-06
 3.98125e-06
 3.98125e-06
 3.98125e-06
 1.99062e-06
 1.99062e-06
 3.98125e-06
 3.98125e-06
 3.98125e-06
 3.98125e-06
 1.99062e-06
 9.95312e-07
 1.99062e-06
 1.99062e-06
 1.99062e-06
 1.99062e-06
 9.95312e-07
 9.88941e-07
 1.97788e-06
 1.97788e-06
 1.97788e-06
 1.97788e-06
 9.88941e-07
 1.97788e-06
 3.95576e-06
 3.95576e-06
 3.95576e-06
 3.95576e-06
 1.97788e-06
 1.97788e-06
 3.95576e-06
 3.95576e-06
 3.95576e-06
 3.95576e-06
 1.97788e-06
 1.97788e-06
 3.95576e-06
 3.95576e-06
 3.95576e-06
 3.95576e-06
 1.97788e-06
 1.97788e-06
 3.95576e-06
 3.95576e-06
 3.95576e-06
 3.95576e-06
 1.97788e-06
 9.88941e-07
 1.97788e-06
 1.97788e-06
 1.97788e-06
 1.97788e-06
 9.88941e-07
 9.77642e-07
 1.95528e-06
 1.95528e-06
 1.95528e-06
 1.95528e-06
 9.77642e-07
 1.95528e-06
 3.91057e-06
 3.91057e-06
 3.91057e-06
 3.91057e-06
 1.95528e-06
 1.95528e-06
 3.91057e-06
 3.91057e-06
 3.91057e-06
 3.91057e-06
 1.95528e-06
 1.95528e-06
 3.91057e-06
 3.91057e-06
 3.91057e-06
 3.91057e-06
 1.95528e-06
 1.95528e-06
 3.91057e-06
 3.91057e-06
 3.91057e-06
 3.91057e-06
 1.95528e-06
 9.77642e-07
 1.95528e-06
 1.95528e-06
 1.95528e-06
 1.95528e-06
 9.77642e-07
 9.60785e-07
 1.92157e-06
 1.92157e-06
 1.92157e-06
 1.92157e-06
 9.60785e-07
 1.92157e-06
 3.84314e-06
 3.84314e-06
 3.84314e-06
 3.84314e-06
 1.92157e-06
 1.92157e-06
 3.84314e-06
 3.84314e-06
 3.84314e-06
 3.84314e-06
 1.92157e-06
 1.92157e-06
 3.84314e-06
 3.84314e-06
 3.84314e-06
 3.84314e-06
 1.92157e-06
 1.92157e-06
 3.84314e-06
 3.84314e-06
 3.84314e-06
 3.84314e-06
 1.92157e-06
 9.60785e-07
 1.92157e-06
 1.92157e-06
 1.92157e-06
 1.92157e-06
 9.60785e-07
 9.39019e-07
 1.87804e-06
 1.87804e-06
 1.87804e-06
 1.87804e-06
 9.39019e-07
 1.87804e-06
 3.75608e-06
 3.75608e-06
 3.75608e-06
 3.75608e-06
 1.87804e-06
 1.87804e-06
 3.75608e-06
 3.75608e-06
 3.75608e-06
 3.75608e-06
 1.87804e-06
 1.87804e-06
 3.75608e-06
 3.75608e-06
 3.75608e-06
 3.75608e-06
 1.87804e-06
 1.87804e-06
 3.75608e-06
 3.75608e-06
 3.75608e-06
 3.75608e-06
 1.87804e-06
 9.39019e-07
 1.87804e-06
 1.87804e-06
 1.87804e-06
 1.87804e-06
 9.39019e-07
 9.13735e-07
 1.82747e-06
 1.82747e-06
 1.82747e-06
 1.82747e-06
 9.13735e-07
 1.82747e-06
 3.65494e-06
 3.65494e-06
 3.65494e-06
 3.65494e-06
 1.82747e-06
 1.82747e-06
 3.65494e-06
 3.65494e-06
 3.65494e-06
 3.65494e-06
 1.82747e-06
 1.82747e-06
 3.65494e-06
 3.65494e-06
 3.65494e-06
 3.65494e-06
 1.82747e-06
 1.82747e-06
 3.65494e-06
 3.65494e-06
 3.65494e-06
 3.65494e-06
 1.82747e-06
 9.13735e-07
 1.82747e-06
 1.82747e-06
 1.82747e-06
 1.82747e-06
 9.13735e-07
 8.86302e-07
 1.77260e-06
 1.77260e-06
 1.77260e-06
 1.77260e-06
 8.86302e-07
 1.77260e-06
 3.54521e-06
 3.54521e-06
 3.54521e-06
 3.54521e-06
 1.77260e-06
 1.77260e-06
 3.54521e-06
 3.54521e-06
 3.54521e-06
 3.54521e-06
 1.77260e-06
 1.77260e-06
 3.54521e-06
 3.54521e-06
 3.54521e-06
 3.54521e-06
 1.77260e-06
 1.77260e-06
 3.54521e-06
 3.54521e-06
 3.54521e-06
 3.54521e-06
 1.77260e-06
 8.86302e-07
 1.77260e-06
 1.77260e-06
 1.77260e-06
 1.77260e-06
 8.86302e-07
 8.57727e-07
 1.71545e-06
 1.71545e-06
 1.71545e-06
 1.71545e-06
 8.57727e-07
 1.71545e-06
 3.43091e-06
 3.43091e-06
 3.43091e-06
 3.43091e-06
 1.71545e-06
 1.71545e-06
 3.43091e-06
 3.43091e-06
 3.43091e-06
 3.43091e-06
 1.71545e-06
 1.71545e-06
 3.43091e-06
 3.43091e-06
 3.43091e-06
 3.43091e-06
 1.71545e-06
 1.71545e-06
 3.43091e-06
 3.43091e-06
 3.43091e-06
 3.43091e-06
 1.71545e-06
 8.57727e-07
 1.71545e-06
 1.71545e-06
 1.71545e-06
 1.71545e-06
 8.57727e-07
 8.28663e-07
 1.65733e-06
 1.65733e-06
 1.65733e-06
 1.65733e-06
 8.28663e-07
 1.65733e-06
 3.31465e-06
 3.31465e-06
 3.31465e-06
 3.31465e-06
 1.65733e-06
 1.65733e-06
 3.31465e-06
 3.31465e-06
 3.31465e-06
 3.31465e-06
 1.65733e-06
 1.65733e-06
 3.31465e-06
 3.31465e-06
 3.31465e-06
 3.31465e-06
 1.65733e-06
 1.65733e-06
 3.31465e-06
 3.31465e-06
 3.31465e-06
 3.31465e-06
 1.65733e-06
 8.28663e-07
 1.65733e-06
 1.65733e-06
 1.65733e-06
 1.65733e-06
 8.28663e-07
 7.99507e-07
 1.59901e-06
 1.59901e-06
 1.59901e-06
 1.59901e-06
 7.99507e-07
 1.59901e-06
 3.19803e-06
 3.19803e-06
 3.19803e-06
 3.19803e-06
 1.59901e-06
 1.59901e-06
 3.19803e-06
 3.19803e-06
 3.19803e-06
 3.19803e-06
 1.59901e-06
 1.59901e-06
 3.19803e-06
 3.19803e-06
 3.19803e-06
 3.19803e-06
 1.59901e-06
 1.59901e-06
 3.19803e-06
 3.19803e-06
 3.19803e-06
 3.19803e-06
 1.59901e-06
 7.99507e-07
 1.59901e-06
 1.59901e-06
 1.59901e-06
 1.59901e-06
 7.99507e-07
 7.70489e-07
 1.54098e-06
 1.54098e-06
 1.54098e-06
 1.54098e-06
 7.70489e-07
 1.54098e-06
 3.08196e-06
 3.08196e-06
 3.08196e-06
 3.08196e-06
 1.54098e-06
 1.54098e-06
 3.08196e-06
 3.08196e-06
 3.08196e-06
 3.08196e-06
 1.54098e-06
 1.54098e-06
 3.08196e-06
 3.08196e-06
 3.08196e-06
 3.08196e-06
 1.54098e-06
 1.54098e-06
 3.08196e-06
 3.08196e-06
 3.08196e-06
 3.08196e-06
 1.54098e-06
 7.70489e-07
 1.54098e-06
 1.54098e-06
 1.54098e-06
 1.54098e-06
 7.70489e-07
 7.41734e-07
 1.48347e-06
 1.48347e-06
 1.48347e-06
 1.48347e-06
 7.41734e-07
 1.48347e-06
 2.96694e-06
 2.96694e-06
 2.96694e-06
 2.96694e-06
 1.48347e-06
 1.48347e-06
 2.96694e-06
 2.96694e-06
 2.96694e-06
 2.96694e-06
 1.48347e-06
 1.48347e-06
 2.96694e-06
 2.96694e-06
 2.96694e-06
 2.96694e-06
 1.48347e-06
 1.48347e-06
 2.96694e-06
 2.96694e-06
 2.96694e-06
 2.96694e-06
 1.48347e-06
 7.41734e-07
 1.48347e-06
 1.48347e-06
 1.48347e-06
 1.48347e-06
 7.41734e-07
 7.13291e-07
 1.42658e-06
 1.42658e-06
 1.42658e-06
 1.42658e-06
 7.13291e-07
 1.42658e-06
 2.85317e-06
 2.85317e-06
 2.85317e-06
 2.85317e-06
 1.42658e-06
 1.42658e-06
 2.85317e-06
 2.85317e-06
 2.85317e-06
 2.85317e-06
 1.42658e-06
 1.42658e-06
 2.85317e-06
 2.85317e-06
 2.85317e-06
 2.85317e-06
 1.42658e-06
 1.42658e-06
 2.85317e-06
 2.85317e-06
 2.85317e-06
 2.85317e-06
 1.42658e-06
 7.13291e-07
 1.42658e-06
 1.42658e-06
 1.42658e-06
 1.42658e-06
 7.13291e-07
 6.85173e-07
 1.37035e-06
 1.37035e-06
 1.37035e-06
 1.37035e-06
 6.85173e-07
 1.37035e-06
 2.74069e-06
 2.74069e-06
 2.74069e-06
 2.74069e-06
 1.37035e-06
 1.37035e-06
 2.74069e-06
 2.74069e-06
 2.74069e-06
 2.74069e-06
 1.37035e-06
 1.37035e-06
 2.74069e-06
 2.74069e-06
 2.74069e-06
 2.74069e-06
 1.37035e-06
 1.37035e-06
 2.74069e-06
 2.74069e-06
 2.74069e-06
 2.74069e-06
 1.37035e-06
 6.85173e-07
 1.37035e-06
 1.37035e-06
 1.37035e-06
 1.37035e-06
 6.85173e-07
 6.57392e-07
 1.31478e-06
 1.31478e-06
 1.31478e-06
 1.31478e-06
 6.57392e-07
 1.31478e-06
 2.62957e-06
 2.62957e-06
 2.62957e-06
 2.62957e-06
 1.31478e-06
 1.31478e-06
 2.62957e-06
 2.62957e-06
 2.62957e-06
 2.62957e-06
 1.31478e-06
 1.31478e-06
 2.62957e-06
 2.62957e-06
 2.62957e-06
 2.62957e-06
 1.31478e-06
 1.31478e-06
 2.62957e-06
 2.62957e-06
 2.62957e-06
 2.62957e-06
 1.31478e-06
 6.57392e-07
 1.31478e-06
 1.31478e-06
 1.31478e-06
 1.31478e-06
 6.57392e-07
 6.29941e-07
 1.25988e-06
 1.25988e-06
 1.25988e-06
 1.25988e-06
 6.29941e-07
 1.25988e-06
 2.51976e-06
 2.51976e-06
 2.51976e-06
 2.51976e-06
 1.25988e-06
 1.25988e-06
 2.51976e-06
 2.51976e-06
 2.51976e-06
 2.51976e-06
 1.25988e-06
 1.25988e-06
 2.51976e-06
 2.51976e-06
 2.51976e-06
 2.51976e-06
 1.25988e-06
 1.25988e-06
 2.51976e-06
 2.51976e-06
 2.51976e-06
 2.51976e-06
 1.25988e-06
 6.29941e-07
 1.25988e-06
 1.25988e-06
 1.25988e-06
 1.25988e-06
 6.29941e-07
 6.02333e-07
 1.20467e-06
 1.20467e-06
 1.20467e-06
 1.20467e-06
 6.02333e-07
 1.20467e-06
 2.40933e-06
 2.40933e-06
 2.40933e-06
 2.40933e-06
 1.20467e-06
 1.20467e-06
 2.40933e-06
 2.40933e-06
 2.40933e-06
 2.40933e-06
 1.20467e-06
 1.20467e-06
 2.40933e-06
 2.40933e-06
 2.40933e-06
 2.40933e-06
 1.20467e-06
 1.20467e-06
 2.40933e-06
 2.40933e-06
 2.40933e-06
 2.40933e-06
 1.20467e-06
 6.02333e-07
 1.20467e-06
 1.20467e-06
 1.20467e-06
 1.20467e-06
 6.02333e-07
 5.74260e-07
 1.14852e-06
 1.14852e-06
 1.14852e-06
 1.14852e-06
 5.74260e-07
 1.14852e-06
 2.29704e-06
 2.29704e-06
 2.29704e-06
 2.29704e-06
 1.14852e-06
 1.14852e-06
 2.29704e-06
 2.29704e-06
 2.29704e-06
 2.29704e-06
 1.14852e-06
 1.14852e-06
 2.29704e-06
 2.29704e-06
 2.29704e-06
 2.29704e-06
 1.14852e-06
 1.14852e-06
 2.29704e-06
 2.29704e-06
 2.29704e-06
 2.29704e-06
 1.14852e-06
 5.74260e-07
 1.14852e-06
 1.14852e-06
 1.14852e-06
 1.14852e-06
 5.74260e-07
 5.50930e-07
 1.10186e-06
 1.10186e-06
 1.10186e-06
 1.10186e-06
 5.50930e-07
 1.10186e-06
 2.20372e-06
 2.20372e-06
 2.20372e-06
 2.20372e-06
 1.10186e-06
 1.10186e-06
 2.20372e-06
 2.20372e-06
 2.20372e-06
 2.20372e-06
 1.10186e-06
 1.10186e-06
 2.20372e-06
 2.20372e-06
 2.20372e-06
 2.20372e-06
 1.10186e-06
 1.10186e-06
 2.20372e-06
 2.20372e-06
 2.20372e-06
 2.20372e-06
 1.10186e-06
 5.50930e-07
 1.10186e-06
 1.10186e-06
 1.10186e-06
 1.10186e-06
 5.50930e-07
 5.32620e-07
 1.06524e-06
 1.06524e-06
 1.06524e-06
 1.06524e-06
 5.32620e-07
 1.06524e-06
 2.13048e-06
 2.13048e-06
 2.13048e-06
 2.13048e-06
 1.06524e-06
 1.06524e-06
 2.13048e-06
 2.13048e-06
 2.13048e-06
 2.13048e-06
 1.06524e-06
 1.06524e-06
 2.13048e-06
 2.13048e-06
 2.13048e-06
 2.13048e-06
 1.06524e-06
 1.06524e-06
 2.13048e-06
 2.13048e-06
 2.13048e-06
 2.13048e-06
 1.06524e-06
 5.32620e-07
 1.06524e-06
 1.06524e-06
 1.06524e-06
 1.06524e-06
 5.32620e-07
 5.15164e-07
 1.03033e-06
 1.03033e-06
 1.03033e-06
 1.03033e-06
 5.15164e-07
 1.03033e-06
 2.06066e-06
 2.06066e-06
 2.06066e-06
 2.06066e-06
 1.03033e-06
 1.03033e-06
 2.06066e-06
 2.06066e-06
 2.06066e-06
 2.06066e-06
 1.03033e-06
 1.03033e-06
 2.06066e-06
 2.06066e-06
 2.06066e-06
 2.06066e-06
 1.03033e-06
 1.03033e-06
 2.06066e-06
 2.06066e-06
 2.06066e-06
 2.06066e-06
 1.03033e-06
 5.15164e-07
 1.03033e-06
 1.03033e-06
 1.03033e-06
 1.03033e-06
 5.15164e-07
 4.99229e-07
 9.98457e-07
 9.98457e-07
 9.98457e-07
 9.98457e-07
 4.99229e-07
 9.98457e-07
 1.99691e-06
 1.99691e-06
 1.99691e-06
 1.99691e-06
 9.98457e-07
 9.98457e-07
 1.99691e-06
 1.99691e-06
 1.99691e-06
 1.99691e-06
 9.98457e-07
 9.98457e-07
 1.99691e-06
 1.99691e-06
 1.99691e-06
 1.99691e-06
 9.98457e-07
 9.98457e-07
 1.99691e-06
 1.99691e-06
 1.99691e-06
 1.99691e-06
 9.98457e-07
 4.99229e-07
 9.98457e-07
 9.98457e-07
 9.98457e-07
 9.98457e-07
 4.99229e-07
 4.85149e-07
 9.70297e-07
 9.70297e-07
 9.70297e-07
 9.70297e-07
 4.85149e-07
 9.70297e-07
 1.94059e-06
 1.94059e-06
 1.94059e-06
 1.94059e-06
 9.70297e-07
 9.70297e-07
 1.94059e-06
 1.94059e-06
 1.94059e-06
 1.94059e-06
 9.70297e-07
 9.70297e-07
 1.94059e-06
 1.94059e-06
 1.94059e-06
 1.94059e-06
 9.70297e-07
 9.70297e-07
 1.94059e-06
 1.94059e-06
 1.94059e-06
 1.94059e-06
 9.70297e-07
 4.85149e-07
 9.70297e-07
 9.70297e-07
 9.70297e-07
 9.70297e-07
 4.85149e-07
 4.72900e-07
 9.45801e-07
 9.45801e-07
 9.45801e-07
 9.45801e-07
 4.72900e-07
 9.45801e-07
 1.89160e-06
 1.89160e-06
 1.89160e-06
 1.89160e-06
 9.45801e-07
 9.45801e-07
 1.89160e-06
 1.89160e-06
 1.89160e-06
 1.89160e-06
 9.45801e-07
 9.45801e-07
 1.89160e-06
 1.89160e-06
 1.89160e-06
 1.89160e-06
 9.45801e-07
 9.45801e-07
 1.89160e-06
 1.89160e-06
 1.89160e-06
 1.89160e-06
 9.45801e-07
 4.72900e-07
 9.45801e-07
 9.45801e-07
 9.45801e-07
 9.45801e-07
 4.72900e-07
 4.60891e-07
 9.21783e-07
 9.21783e-07
 9.21783e-07
 9.21783e-07
 4.60891e-07
 9.21783e-07
 1.84357e-06
 1.84357e-06
 1.84357e-06
 1.84357e-06
 9.21783e-07
 9.21783e-07
 1.84357e-06
 1.84357e-06
 1.84357e-06
 1.84357e-06
 9.21783e-07
 9.21783e-07
 1.84357e-06
 1.84357e-06
 1.84357e-06
 1.84357e-06
 9.21783e-07
 9.21783e-07
 1.84357e-06
 1.84357e-06
 1.84357e-06
 1.84357e-06
 9.21783e-07
 4.60891e-07
 9.21783e-07
 9.21783e-07
 9.21783e-07
 9.21783e-07
 4.60891e-07
 4.46365e-07
 8.92730e-07
 8.92730e-07
 8.92730e-07
 8.92730e-07
 4.46365e-07
 8.92730e-07
 1.78546e-06
 1.78546e-06
 1.78546e-06
 1.78546e-06
 8.92730e-07
 8.92730e-07
 1.78546e-06
 1.78546e-06
 1.78546e-06
 1.78546e-06
 8.92730e-07
 8.92730e-07
 1.78546e-06
 1.78546e-06
 1.78546e-06
 1.78546e-06
 8.92730e-07
 8.92730e-07
 1.78546e-06
 1.78546e-06
 1.78546e-06
 1.78546e-06
 8.92730e-07
 4.46365e-07
 8.92730e-07
 8.92730e-07
 8.92730e-07
 8.92730e-07
 4.46365e-07
 4.29710e-07
 8.59421e-07
 8.59421e-07
 8.59421e-07
 8.59421e-07
 4.29710e-07
 8.59421e-07
 1.71884e-06
 1.71884e-06
 1.71884e-06
 1.71884e-06
 8.59421e-07
 8.59421e-07
 1.71884e-06
 1.71884e-06
 1.71884e-06
 1.71884e-06
 8.59421e-07
 8.59421e-07
 1.71884e-06
 1.71884e-06
 1.71884e-06
 1.71884e-06
 8.59421e-07
 8.59421e-07
 1.71884e-06
 1.71884e-06
 1.71884e-06
 1.71884e-06
 8.59421e-07
 4.29710e-07
 8.59421e-07
 8.59421e-07
 8.59421e-07
 8.59421e-07
 4.29710e-07
 4.21055e-07
 8.42110e-07
 8.42110e-07
 8.42110e-07
 8.42110e-07
 4.21055e-07
 8.42110e-07
 1.68422e-06
 1.68422e-06
 1.68422e-06
 1.68422e-06
 8.42110e-07
 8.42110e-07
 1.68422e-06
 1.68422e-06
 1.68422e-06
 1.68422e-06
 8.42110e-07
 8.42110e-07
 1.68422e-06
 1.68422e-06
 1.68422e-06
 1.68422e-06
 8.42110e-07
 8.42110e-07
 1.68422e-06
 1.68422e-06
 1.68422e-06
 1.68422e-06
 8.42110e-07
 4.21055e-07
 8.42110e-07
 8.42110e-07
 8.42110e-07
 8.42110e-07
 4.21055e-07
 4.20695e-07
 8.41389e-07
 8.41389e-07
 8.41389e-07
 8.41389e-07
 4.20695e-07
 8.41389e-07
 1.68278e-06
 1.68278e-06
 1.68278e-06
 1.68278e-06
 8.41389e-07
 8.41389e-07
 1.68278e-06
 1.68278e-06
 1.68278e-06
 1.68278e-06
 8.41389e-07
 8.41389e-07
 1.68278e-06
 1.68278e-06
 1.68278e-06
 1.68278e-06
 8.41389e-07
 8.41389e-07
 1.68278e-06
 1.68278e-06
 1.68278e-06
 1.68278e-06
 8.41389e-07
 4.20695e-07
 8.41389e-07
 8.41389e-07
 8.41389e-07
 8.41389e-07
 4.20695e-07
 4.19578e-07
 8.39156e-07
 8.39156e-07
 8.39156e-07
 8.39156e-07
 4.19578e-07
 8.39156e-07
 1.67831e-06
 1.67831e-06
 1.67831e-06
 1.67831e-06
 8.39156e-07
 8.39156e-07
 1.67831e-06
 1.67831e-06
 1.67831e-06
 1.67831e-06
 8.39156e-07
 8.39156e-07
 1.67831e-06
 1.67831e-06
 1.67831e-06
 1.67831e-06
 8.39156e-07
 8.39156e-07
 1.67831e-06
 1.67831e-06
 1.67831e-06
 1.67831e-06
 8.39156e-07
 4.19578e-07
 8.39156e-07
 8.39156e-07
 8.39156e-07
 8.39156e-07
 4.19578e-07
part
         3
coordinates
 4.72900e-07
 9.45801e-07
 9.45801e-07
 9.45801e-07
 9.45801e-07
 4.72900e-07
 9.45801e-07
 1.89160e-06
 1.89160e-06
 1.89160e-06
 1.89160e-06
 9.45801e-07
 9.45801e-07
 1.89160e-06
 1.89160e-06
 1.89160e-06
 1.89160e-06
 9.45801e-07
 9.45801e-07
 1.89160e-06
 1.89160e-06
 1.89160e-06
 1.89160e-06
 9.45801e-07
 9.45801e-07
 1.89160e-06
 1.89160e-06
 1.89160e-06
 1.89160e-06
 9.45801e-07
 4.72900e-07
 9.45801e-07
 9.45801e-07
 9.45801e-07
 9.45801e-07
 4.72900e-07
 4.60891e-07
 9.21783e-07
 9.21783e-07
 9.21783e-07
 9.21783e-07
 4.60891e-07
 9.21783e-07
 1.84357e-06
 1.84357e-06
 1.84357e-06
 1.84357e-06
 9.21783e-07
 9.21783e-07
 1.84357e-06
 1.84357e-06
 1.84357e-06
 1.84357e-06
 9.21783e-07
 9.21783e-07
 1.84357e-06
 1.84357e-06
 1.84357e-06
 1.84357e-06
 9.21783e-07
 9.21783e-07
 1.84357e-06
 1.84357e-06
 1.84357e-06
 1.84357e-06
 9.21783e-07
 4.60891e-07
 9.21783e-07
 9.21783e-07
 9.21783e-07
 9.21783e-07
 4.60891e-07
 4.46365e-07
 8.92730e-07
 8.92730e-07
 8.92730e-07
 8.92730e-07
 4.46365e-07
 8.92730e-07
 1.78546e-06
 1.78546e-06
 1.78546e-06
 1.78546e-06
 8.92730e-07
 8.92730e-07
 1.78546e-06
 1.78546e-06
 1.78546e-06
 1.78546e-06
 8.92730e-07
 8.92730e-07
 1.78546e-06
 1.78546e-06
 1.78546e-06
 1.78546e-06
 8.92730e-07
 8.92730e-07
 1.78546e-06
 1.78546e-06
 1.78546e-06
 1.78546e-06
 8.92730e-07
 4.46365e-07
 8.92730e-07
 8.92730e-07
 8.92730e-07
 8.92730e-07
 4.46365e-07
 4.29710e-07
 8.59421e-07
 8.59421e-07
 8.59421e-07
 8.59421e-07
 4.29710e-07
 8.59421e-07
 1.71884e-06
 1.71884e-06
 1.71884e-06
 1.71884e-06
 8.59421e-07
 8.59421e-07
 1.71884e-06
 1.71884e-06
 1.71884e-06
 1.71884e-06
 8.59421e-07
 8.59421e-07
 1.71884e-06
 1.71884e-06
 1.71884e-06
 1.71884e-06
 8.59421e-07
 8.59421e-07
 1.71884e-06
 1.71884e-06
 1.71884e-06
 1.71884e-06
 8.59421e-07
 4.29710e-07
 8.59421e-07
 8.59421e-07
 8.59421e-07
 8.59421e-07
 4.29710e-07
 4.21055e-07
 8.42110e-07
 8.42110e-07
 8.42110e-07
 8.42110e-07
 4.21055e-07
 8.42110e-07
 1.68422e-06
 1.68422e-06
 1.68422e-06
 1.68422e-06
 8.42110e-07
 8.42110e-07
 1.68422e-06
 1.68422e-06
 1.68422e-06
 1.68422e-06
 8.42110e-07
 8.42110e-07
 1.68422e-06
 1.68422e-06
 1.68422e-06
 1.68422e-06
 8.42110e-07
 8.42110e-07
 1.68422e-06
 1.68422e-06
 1.68422e-06
 1.68422e-06
 8.42110e-07
 4.21055e-07
 8.42110e-07
 8.42110e-07
 8.42110e-07
 8.42110e-07
 4.21055e-07
 4.20695e-07
 8.41389e-07
 8.41389e-07
 8.41389e-07
 8.41389e-07
 4.20695e-07
 8.41389e-07
 1.68278e-06
 1.68278e-06
 1.68278e-06
 1.68278e-06
 8.41389e-07
 8.41389e-07
 1.68278e-06
 1.68278e-06
 1.68278e-06
 1.68278e-06
 8.41389e-07
 8.41389e-07
 1.68278e-06
 1.68278e-06
 1.68278e-06
 1.68278e-06
 8.41389e-07
 8.41389e-07
 1.68278e-06
 1.68278e-06
 1.68278e-06
 1.68278e-06
 8.41389e-07
 4.20695e-07
 8.41389e-07
 8.41389e-07
 8.41389e-07
 8.41389e-07
 4.20695e-07
 4.19578e-07
 8.39156e-07
 8.39156e-07
 8.39156e-07
 8.39156e-07
 4.19578e-07
 8.39156e-07
 1.67831e-06
 1.67831e-06
 1.67831e-06
 1.67831e-06
 8.39156e-07
 8.39156e-07
 1.67831e-06
 1.67831e-06
 1.67831e-06
 1.67831e-06
 8.39156e-07
 8.39156e-07
 1.67831e-06
 1.67831e-06
 1.67831e-06
 1.67831e-06
 8.39156e-07
 8.39156e-07
 1.67831e-06
 1.67831e-06
 1.67831e-06
 1.67831e-06
 8.39156e-07
 4.19578e-07
 8.39156e-07
 8.39156e-07
 8.39156e-07
 8.39156e-07
 4.19578e-07
 4.18375e-07
 8.36750e-07
 8.36750e-07
 8.36750e-07
 8.36750e-07
 4.18375e-07
 8.36750e-07
 1.67350e-06
 1.67350e-06
 1.67350e-06
 1.67350e-06
 8.36750e-07
 8.36750e-07
 1.67350e-06
 1.67350e-06
 1.67350e-06
 1.67350e-06
 8.36750e-07
 8.36750e-07
 1.67350e-06
 1.67350e-06
 1.67350e-06
 1.67350e-06
 8.36750e-07
 8.36750e-07
 1.67350e-06
 1.67350e-06
 1.67350e-06
 1.67350e-06
 8.36750e-07
 4.18375e-07
 8.36750e-07
 8.36750e-07
 8.36750e-07
 8.36750e-07
 4.18375e-07
 4.18777e-07
 8.37555e-07
 8.37555e-07
 8.37555e-07
 8.37555e-07
 4.18777e-07
 8.37555e-07
 1.67511e-06
 1.67511e-06
 1.67511e-06
 1.67511e-06
 8.37555e-07
 8.37555e-07
 1.67511e-06
 1.67511e-06
 1.67511e-06
 1.67511e-06
 8.37555e-07
 8.37555e-07
 1.67511e-06
 1.67511e-06
 1.67511e-06
 1.67511e-06
 8.37555e-07
 8.37555e-07
 1.67511e-06
 1.67511e-06
 1.67511e-06
 1.67511e-06
 8.37555e-07
 4.18777e-07
 8.37555e-07
 8.37555e-07
 8.37555e-07
 8.37555e-07
 4.18777e-07
 4.20194e-07
 8.40388e-07
 8.40388e-07
 8.40388e-07
 8.40388e-07
 4.20194e-07
 8.40388e-07
 1.68078e-06
 1.68078e-06
 1.68078e-06
 1.68078e-06
 8.40388e-07
 8.40388e-07
 1.68078e-06
 1.68078e-06
 1.68078e-06
 1.68078e-06
 8.40388e-07
 8.40388e-07
 1.68078e-06
 1.68078e-06
 1.68078e-06
 1.68078e-06
 8.40388e-07
 8.40388e-07
 1.68078e-06
 1.68078e-06
 1.68078e-06
 1.68078e-06
 8.40388e-07
 4.20194e-07
 8.40388e-07
 8.40388e-07
 8.40388e-07
 8.40388e-07
 4.20194e-07
 4.21682e-07
 8.43363e-07
 8.43363e-07
 8.43363e-07
 8.43363e-07
 4.21682e-07
 8.43363e-07
 1.68673e-06
 1.68673e-06
 1.68673e-06
 1.68673e-06
 8.43363e-07
 8.43363e-07
 1.68673e-06
 1.68673e-06
 1.68673e-06
 1.68673e-06
 8.43363e-07
 8.43363e-07
 1.68673e-06
 1.68673e-06
 1.68673e-06
 1.68673e-06
 8.43363e-07
 8.43363e-07
 1.68673e-06
 1.68673e-06
 1.68673e-06
 1.68673e-06
 8.43363e-07
 4.21682e-07
 8.43363e-07
 8.43363e-07
 8.43363e-07
 8.43363e-07
 4.21682e-07
 4.22737e-07
 8.45473e-07
 8.45473e-07
 8.45473e-07
 8.45473e-07
 4.22737e-07
 8.45473e-07
 1.69095e-06
 1.69095e-06
 1.69095e-06
 1.69095e-06
 8.45473e-07
 8.45473e-07
 1.69095e-06
 1.69095e-06
 1.69095e-06
 1.69095e-06
 8.45473e-07
 8.45473e-07
 1.69095e-06
 1.69095e-06
 1.69095e-06
 1.69095e-06
 8.45473e-07
 8.45473e-07
 1.69095e-06
 1.69095e-06
 1.69095e-06
 1.69095e-06
 8.45473e-07
 4.22737e-07
 8.45473e-07
 8.45473e-07
 8.45473e-07
 8.45473e-07
 4.22737e-07
 4.23501e-07
 8.47003e-07
 8.47003e-07
 8.47003e-07
 8.47003e-07
 4.23501e-07
 8.47003e-07
 1.69401e-06
 1.69401e-06
 1.69401e-06
 1.69401e-06
 8.47003e-07
 8.47003e-07
 1.69401e-06
 1.69401e-06
 1.69401e-06
 1.69401e-06
 8.47003e-07
 8.47003e-07
 1.69401e-06
 1.69401e-06
 1.69401e-06
 1.69401e-06
 8.47003e-07
 8.47003e-07
 1.69401e-06
 1.69401e-06
 1.69401e-06
 1.69401e-06
 8.47003e-07
 4.23501e-07
 8.47003e-07
 8.47003e-07
 8.47003e-07
 8.47003e-07
 4.23501e-07
 4.24580e-07
 8.49160e-07
 8.49160e-07
 8.49160e-07
 8.49160e-07
 4.24580e-07
 8.49160e-07
 1.69832e-06
 1.69832e-06
 1.69832e-06
 1.69832e-06
 8.49160e-07
 8.49160e-07
 1.69832e-06
 1.69832e-06
 1.69832e-06
 1.69832e-06
 8.49160e-07
 8.49160e-07
 1.69832e-06
 1.69832e-06
 1.69832e-06
 1.69832e-06
 8.49160e-07
 8.49160e-07
 1.69832e-06
 1.69832e-06
 1.69832e-06
 1.69832e-06
 8.49160e-07
 4.24580e-07
 8.49160e-07
 8.49160e-07
 8.49160e-07
 8.49160e-07
 4.24580e-07
 4.25913e-07
 8.51826e-07
 8.51826e-07
 8.51826e-07
 8.51826e-07
 4.25913e-07
 8.51826e-07
 1.70365e-06
 1.70365e-06
 1.70365e-06
 1.70365e-06
 8.51826e-07
 8.51826e-07
 1.70365e-06
 1.70365e-06
 1.70365e-06
 1.70365e-06
 8.51826e-07
 8.51826e-07
 1.70365e-06
 1.70365e-06
 1.70365e-06
 1.70365e-06
 8.51826e-07
 8.51826e-07
 1.70365e-06
 1.70365e-06
 1.70365e-06
 1.70365e-06
 8.51826e-07
 4.25913e-07
 8.51826e-07
 8.51826e-07
 8.51826e-07
 8.51826e-07
 4.25913e-07
 4.26653e-07
 8.53305e-07
 8.53305e-07
 8.53305e-07
 8.53305e-07
 4.26653e-07
 8.53305e-07
 1.70661e-06
 1.70661e-06
 1.70661e-06
 1.70661e-06
 8.53305e-07
 8.53305e-07
 1.70661e-06
 1.70661e-06
 1.70661e-06
 1.70661e-06
 8.53305e-07
 8.53305e-07
 1.70661e-06
 1.70661e-06
 1.70661e-06
 1.70661e-06
 8.53305e-07
 8.53305e-07
 1.70661e-06
 1.70661e-06
 1.70661e-06
 1.70661e-06
 8.53305e-07
 4.26653e-07
 8.53305e-07
 8.53305e-07
 8.53305e-07
 8.53305e-07
 4.26653e-07
 4.26157e-07
 8.52314e-07
 8.52314e-07
 8.52314e-07
 8.52314e-07
 4.26157e-07
 8.52314e-07
 1.70463e-06
 1.70463e-06
 1.70463e-06
 1.70463e-06
 8.52314e-07
 8.52314e-07
 1.70463e-06
 1.70463e-06
 1.70463e-06
 1.70463e-06
 8.52314e-07
 8.52314e-07
 1.70463e-06
 1.70463e-06
 1.70463e-06
 1.70463e-06
 8.52314e-07
 8.52314e-07
 1.70463e-06
 1.70463e-06
 1.70463e-06
 1.70463e-06
 8.52314e-07
 4.26157e-07
 8.52314e-07
 8.52314e-07
 8.52314e-07
 8.52314e-07
 4.26157e-07
 4.23637e-07
 8.47274e-07
 8.47274e-07
 8.47274e-07
 8.47274e-07
 4.23637e-07
 8.47274e-07
 1.69455e-06
 1.69455e-06
 1.69455e-06
 1.69455e-06
 8.47274e-07
 8.47274e-07
 1.69455e-06
 1.69455e-06
 1.69455e-06
 1.69455e-06
 8.47274e-07
 8.47274e-07
 1.69455e-06
 1.69455e-06
 1.69455e-06
 1.69455e-06
 8.47274e-07
 8.47274e-07
 1.69455e-06
 1.69455e-06
 1.69455e-06
 1.69455e-06
 8.47274e-07
 4.23637e-07
 8.47274e-07
 8.47274e-07
 8.47274e-07
 8.47274e-07
 4.23637e-07
 4.20917e-07
 8.41835e-07
 8.41835e-07
 8.41835e-07
 8.41835e-07
 4.20917e-07
 8.41835e-07
 1.68367e-06
 1.68367e-06
 1.68367e-06
 1.68367e-06
 8.41835e-07
 8.41835e-07
 1.68367e-06
 1.68367e-06
 1.68367e-06
 1.68367e-06
 8.41835e-07
 8.41835e-07
 1.68367e-06
 1.68367e-06
 1.68367e-06
 1.68367e-06
 8.41835e-07
 8.41835e-07
 1.68367e-06
 1.68367e-06
 1.68367e-06
 1.68367e-06
 8.41835e-07
 4.20917e-07
 8.41835e-07
 8.41835e-07
 8.41835e-07
 8.41835e-07
 4.20917e-07
 4.19671e-07
 8.39343e-07
 8.39343e-07
 8.39343e-07
 8.39343e-07
 4.19671e-07
 8.39343e-07
 1.67869e-06
 1.67869e-06
 1.67869e-06
 1.67869e-06
 8.39343e-07
 8.39343e-07
 1.67869e-06
 1.67869e-06
 1.67869e-06
 1.67869e-06
 8.39343e-07
 8.39343e-07
 1.67869e-06
 1.67869e-06
 1.67869e-06
 1.67869e-06
 8.39343e-07
 8.39343e-07
 1.67869e-06
 1.67869e-06
 1.67869e-06
 1.67869e-06
 8.39343e-07
 4.19671e-07
 8.39343e-07
 8.39343e-07
 8.39343e-07
 8.39343e-07
 4.19671e-07
 4.04431e-07
 8.08862e-07
 8.08862e-07
 8.08862e-07
 8.08862e-07
 4.04431e-07
 8.08862e-07
 1.61772e-06
 1.61772e-06
 1.61772e-06
 1.61772e-06
 8.08862e-07
 8.08862e-07
 1.61772e-06
 1.61772e-06
 1.61772e-06
 1.61772e-06
 8.08862e-07
 8.08862e-07
 1.61772e-06
 1.61772e-06
 1.61772e-06
 1.61772e-06
 8.08862e-07
 8.08862e-07
 1.61772e-06
 1.61772e-06
 1.61772e-06
 1.61772e-06
 8.08862e-07
 4.04431e-07
 8.08862e-07
 8.08862e-07
 8.08862e-07
 8.08862e-07
 4.04431e-07
 3.61601e-07
 7.23202e-07
 7.23202e-07
 7.23202e-07
 7.23202e-07
 3.61601e-07
 7.23202e-07
 1.44640e-06
 1.44640e-06
 1.44640e-06
 1.44640e-06
 7.23202e-07
 7.23202e-07
 1.44640e-06
 1.44640e-06
 1.44640e-06
 1.44640e-06
 7.23202e-07
 7.23202e-07
 1.44640e-06
 1.44640e-06
 1.44640e-06
 1.44640e-06
 7.23202e-07
 7.23202e-07
 1.44640e-06
 1.44640e-06
 1.44640e-06
 1.44640e-06
 7.23202e-07
 3.61601e-07
 7.23202e-07
 7.23202e-07
 7.23202e-07
 7.23202e-07
 3.61601e-07
 3.08821e-07
 6.17642e-07
 6.17642e-07
 6.17642e-07
 6.17642e-07
 3.08821e-07
 6.17642e-07
 1.23528e-06
 1.23528e-06
 1.23528e-06
 1.23528e-06
 6.17642e-07
 6.17642e-07
 1.23528e-06
 1.23528e-06
 1.23528e-06
 1.23528e-06
 6.17642e-07
 6.17642e-07
 1.23528e-06
 1.23528e-06
 1.23528e-06
 1.23528e-06
 6.17642e-07
 6.17642e-07
 1.23528e-06
 1.23528e-06
 1.23528e-06
 1.23528e-06
 6.17642e-07
 3.08821e-07
 6.17642e-07
 6.17642e-07
 6.17642e-07
 6.17642e-07
 3.08821e-07
 2.72223e-07
 5.44446e-07
 5.44446e-07
 5.44446e-07
 5.44446e-07
 2.72223e-07
 5.44446e-07
 1.08889e-06
 1.08889e-06
 1.08889e-06
 1.08889e-06
 5.44446e-07
 5.44446e-07
 1.08889e-06
 1.08889e-06
 1.08889e-06
 1.08889e-06
 5.44446e-07
 5.44446e-07
 1.08889e-06
 1.08889e-06
 1.08889e-06
 1.08889e-06
 5.44446e-07
 5.44446e-07
 1.08889e-06
 1.08889e-06
 1.08889e-06
 1.08889e-06
 5.44446e-07
 2.72223e-07
 5.44446e-07
 5.44446e-07
 5.44446e-07
 5.44446e-07
 2.72223e-07
 2.59152e-07
 5.18303e-07
 5.18303e-07
 5.18303e-07
 5.18303e-07
 2.59152e-07
 5.18303e-07
 1.03661e-06
 1.03661e-06
 1.03661e-06
 1.03661e-06
 5.18303e-07
 5.18303e-07
 1.03661e-06
 1.03661e-06
 1.03661e-06
 1.03661e-06
 5.18303e-07
 5.18303e-07
 1.03661e-06
 1.03661e-06
 1.03661e-06
 1.03661e-06
 5.18303e-07
 5.18303e-07
 1.03661e-06
 1.03661e-06
 1.03661e-06
 1.03661e-06
 5.18303e-07
 2.59152e-07
 5.18303e-07
 5.18303e-07
 5.18303e-07
 5.18303e-07
 2.59152e-07
 2.59357e-07
 5.18715e-07
 5.18715e-07
 5.18715e-07
 5.18715e-07
 2.59357e-07
 5.18715e-07
 1.03743e-06
 1.03743e-06
 1.03743e-06
 1.03743e-06
 5.18715e-07
 5.18715e-07
 1.03743e-06
 1.03743e-06
 1.03743e-06
 1.03743e-06
 5.18715e-07
 5.18715e-07
 1.03743e-06
 1.03743e-06
 1.03743e-06
 1.03743e-06
 5.18715e-07
 5.18715e-07
 1.03743e-06
 1.03743e-06
 1.03743e-06
 1.03743e-06
 5.18715e-07
 2.59357e-07
 5.18715e-07
 5.18715e-07
 5.18715e-07
 5.18715e-07
 2.59357e-07
 2.61943e-07
 5.23886e-07
 5.23886e-07
 5.23886e-07
 5.23886e-07
 2.61943e-07
 5.23886e-07
 1.04777e-06
 1.04777e-06
 1.04777e-06
 1.04777e-06
 5.23886e-07
 5.23886e-07
 1.04777e-06
 1.04777e-06
 1.04777e-06
 1.04777e-06
 5.23886e-07
 5.23886e-07
 1.04777e-06
 1.04777e-06
 1.04777e-06
 1.04777e-06
 5.23886e-07
 5.23886e-07
 1.04777e-06
 1.04777e-06
 1.04777e-06
 1.04777e-06
 5.23886e-07
 2.61943e-07
 5.23886e-07
 5.23886e-07
 5.23886e-07
 5.23886e-07
 2.61943e-07
 2.63653e-07
 5.27307e-07
 5.27307e-07
 5.27307e-07
 5.27307e-07
 2.63653e-07
 5.27307e-07
 1.05461e-06
 1.05461e-06
 1.05461e-06
 1.05461e-06
 5.27307e-07
 5.27307e-07
 1.05461e-06
 1.05461e-06
 1.05461e-06
 1.05461e-06
 5.27307e-07
 5.27307e-07
 1.05461e-06
 1.05461e-06
 1.05461e-06
 1.05461e-06
 5.27307e-07
 5.27307e-07
 1.05461e-06
 1.05461e-06
 1.05461e-06
 1.05461e-06
 5.27307e-07
 2.63653e-07
 5.27307e-07
 5.27307e-07
 5.27307e-07
 5.27307e-07
 2.63653e-07
 2.64383e-07
 5.28765e-07
 5.28765e-07
 5.28765e-07
 5.28765e-07
 2.64383e-07
 5.28765e-07
 1.05753e-06
 1.05753e-06
 1.05753e-06
 1.05753e-06
 5.28765e-07
 5.28765e-07
 1.05753e-06
 1.05753e-06
 1.05753e-06
 1.05753e-06
 5.28765e-07
 5.28765e-07
 1.05753e-06
 1.05753e-06
 1.05753e-06
 1.05753e-06
 5.28765e-07
 5.28765e-07
 1.05753e-06
 1.05753e-06
 1.05753e-06
 1.05753e-06
 5.28765e-07
 2.64383e-07
 5.28765e-07
 5.28765e-07
 5.28765e-07
 5.28765e-07
 2.64383e-07
 2.64638e-07
 5.29276e-07
 5.29276e-07
 5.29276e-07
 5.29276e-07
 2.64638e-07
 5.29276e-07
 1.05855e-06
 1.05855e-06
 1.05855e-06
 1.05855e-06
 5.29276e-07
 5.29276e-07
 1.05855e-06
 1.05855e-06
 1.05855e-06
 1.05855e-06
 5.29276e-07
 5.29276e-07
 1.05855e-06
 1.05855e-06
 1.05855e-06
 1.05855e-06
 5.29276e-07
 5.29276e-07
 1.05855e-06
 1.05855e-06
 1.05855e-06
 1.05855e-06
 5.29276e-07
 2.64638e-07
 5.29276e-07
 5.29276e-07
 5.29276e-07
 5.29276e-07
 2.64638e-07
 2.64878e-07
 5.29756e-07
 5.29756e-07
 5.29756e-07
 5.29756e-07
 2.64878e-07
 5.29756e-07
 1.05951e-06
 1.05951e-06
 1.05951e-06
 1.05951e-06
 5.29756e-07
 5.29756e-07
 1.05951e-06
 1.05951e-06
 1.05951e-06
 1.05951e-06
 5.29756e-07
 5.29756e-07
 1.05951e-06
 1.05951e-06
 1.05951e-06
 1.05951e-06
 5.29756e-07
 5.29756e-07
 1.05951e-06
 1.05951e-06
 1.05951e-06
 1.05951e-06
 5.29756e-07
 2.64878e-07
 5.29756e-07
 5.29756e-07
 5.29756e-07
 5.29756e-07
 2.64878e-07
 2.65118e-07
 5.30235e-07
 5.30235e-07
 5.30235e-07
 5.30235e-07
 2.65118e-07
 5.30235e-07
 1.06047e-06
 1.06047e-06
 1.06047e-06
 1.06047e-06
 5.30235e-07
 5.30235e-07
 1.06047e-06
 1.06047e-06
 1.06047e-06
 1.06047e-06
 5.30235e-07
 5.30235e-07
 1.06047e-06
 1.06047e-06
 1.06047e-06
 1.06047e-06
 5.30235e-07
 5.30235e-07
 1.06047e-06
 1.06047e-06
 1.06047e-06
 1.06047e-06
 5.30235e-07
 2.65118e-07
 5.30235e-07
 5.30235e-07
 5.30235e-07
 5.30235e-07
 2.65118e-07
part
         4
coordinates
 2.59357e-07
 5.18715e-07
 5.18715e-07
 5.18715e-07
 5.18715e-07
 2.59357e-07
 5.18715e-07
 1.03743e-06
 1.03743e-06
 1.03743e-06
 1.03743e-06
 5.18715e-07
 5.18715e-07
 1.03743e-06
 1.03743e-06
 1.03743e-06
 1.03743e-06
 5.18715e-07
 5.18715e-07
 1.03743e-06
 1.03743e-06
 1.03743e-06
 1.03743e-06
 5.18715e-07
 5.18715e-07
 1.03743e-06
 1.03743e-06
 1.03743e-06
 1.03743e-06
 5.18715e-07
 2.59357e-07
 5.18715e-07
 5.18715e-07
 5.18715e-07
 5.18715e-07
 2.59357e-07
 2.61943e-07
 5.23886e-07
 5.23886e-07
 5.23886e-07
 5.23886e-07
 2.61943e-07
 5.23886e-07
 1.04777e-06
 1.04777e-06
 1.04777e-06
 1.04777e-06
 5.23886e-07
 5.23886e-07
 1.04777e-06
 1.04777e-06
 1.04777e-06
 1.04777e-06
 5.23886e-07
 5.23886e-07
 1.04777e-06
 1.04777e-06
 1.04777e-06
 1.04777e-06
 5.23886e-07
 5.23886e-07
 1.04777e-06
 1.04777e-06
 1.04777e-06
 1.04777e-06
 5.23886e-07
 2.61943e-07
 5.23886e-07
 5.23886e-07
 5.23886e-07
 5.23886e-07
 2.61943e-07
 2.63653e-07
 5.27307e-07
 5.27307e-07
 5.27307e-07
 5.27307e-07
 2.63653e-07
 5.27307e-07
 1.05461e-06
 1.05461e-06
 1.05461e-06
 1.05461e-06
 5.27307e-07
 5.27307e-07
 1.05461e-06
 1.05461e-06
 1.05461e-06
 1.05461e-06
 5.27307e-07
 5.27307e-07
 1.05461e-06
 1.05461e-06
 1.05461e-06
 1.05461e-06
 5.27307e-07
 5.27307e-07
 1.05461e-06
 1.05461e-06
 1.05461e-06
 1.05461e-06
 5.27307e-07
 2.63653e-07
 5.27307e-07
 5.27307e-07
 5.27307e-07
 5.27307e-07
 2.63653e-07
 2.64383e-07
 5.28765e-07
 5.28765e-07
 5.28765e-07
 5.28765e-07
 2.64383e-07
 5.28765e-07
 1.05753e-06
 1.05753e-06
 1.05753e-06
 1.05753e-06
 5.28765e-07
 5.28765e-07
 1.05753e-06
 1.05753e-06
 1.05753e-06
 1.05753e-06
 5.28765e-07
 5.28765e-07
 1.05753e-06
 1.05753e-06
 1.05753e-06
 1.05753e-06
 5.28765e-07
 5.28765e-07
 1.05753e-06
 1.05753e-06
 1.05753e-06
 1.05753e-06
 5.28765e-07
 2.64383e-07
 5.28765e-07
 5.28765e-07
 5.28765e-07
 5.28765e-07
 2.64383e-07
 2.64638e-07
 5.29276e-07
 5.29276e-07
 5.29276e-07
 5.29276e-07
 2.64638e-07
 5.29276e-07
 1.05855e-06
 1.05855e-06
 1.05855e-06
 1.05855e-06
 5.29276e-07
 5.29276e-07
 1.05855e-06
 1.05855e-06
 1.05855e-06
 1.05855e-06
 5.29276e-07
 5.29276e-07
 1.05855e-06
 1.05855e-06
 1.05855e-06
 1.05855e-06
 5.29276e-07
 5.29276e-07
 1.05855e-06
 1.05855e-06
 1.05855e-06
 1.05855e-06
 5.29276e-07
 2.64638e-07
 5.29276e-07
 5.29276e-07
 5.29276e-07
 5.29276e-07
 2.64638e-07
 2.64878e-07
 5.29756e-07
 5.29756e-07
 5.29756e-07
 5.29756e-07
 2.64878e-07
 5.29756e-07
 1.05951e-06
 1.05951e-06
 1.05951e-06
 1.05951e-06
 5.29756e-07
 5.29756e-07
 1.05951e-06
 1.05951e-06
 1.05951e-06
 1.05951e-06
 5.29756e-07
 5.29756e-07
 1.05951e-06
 1.05951e-06
 1.05951e-06
 1.05951e-06
 5.29756e-07
 5.29756e-07
 1.05951e-06
 1.05951e-06
 1.05951e-06
 1.05951e-06
 5.29756e-07
 2.64878e-07
 5.29756e-07
 5.29756e-07
 5.29756e-07
 5.29756e-07
 2.64878e-07
 2.65118e-07
 5.30235e-07
 5.30235e-07
 5.30235e-07
 5.30235e-07
 2.65118e-07
 5.30235e-07
 1.06047e-06
 1.06047e-06
 1.06047e-06
 1.06047e-06
 5.30235e-07
 5.30235e-07
 1.06047e-06
 1.06047e-06
 1.06047e-06
 1.06047e-06
 5.30235e-07
 5.30235e-07
 1.06047e-06
 1.06047e-06
 1.06047e-06
 1.06047e-06
 5.30235e-07
 5.30235e-07
 1.06047e-06
 1.06047e-06
 1.06047e-06
 1.06047e-06
 5.30235e-07
 2.65118e-07
 5.30235e-07
 5.30235e-07
 5.30235e-07
 5.30235e-07
 2.65118e-07
 2.65169e-07
 5.30337e-07
 5.30337e-07
 5.30337e-07
 5.30337e-07
 2.65169e-07
 5.30337e-07
 1.06067e-06
 1.06067e-06
 1.06067e-06
 1.06067e-06
 5.30337e-07
 5.30337e-07
 1.06067e-06
 1.06067e-06
 1.06067e-06
 1.06067e-06
 5.30337e-07
 5.30337e-07
 1.06067e-06
 1.06067e-06
 1.06067e-06
 1.06067e-06
 5.30337e-07
 5.30337e-07
 1.06067e-06
 1.06067e-06
 1.06067e-06
 1.06067e-06
 5.30337e-07
 2.65169e-07
 5.30337e-07
 5.30337e-07
 5.30337e-07
 5.30337e-07
 2.65169e-07
 2.64878e-07
 5.29756e-07
 5.29756e-07
 5.29756e-07
 5.29756e-07
 2.64878e-07
 5.29756e-07
 1.05951e-06
 1.05951e-06
 1.05951e-06
 1.05951e-06
 5.29756e-07
 5.29756e-07
 1.05951e-06
 1.05951e-06
 1.05951e-06
 1.05951e-06
 5.29756e-07
 5.29756e-07
 1.05951e-06
 1.05951e-06
 1.05951e-06
 1.05951e-06
 5.29756e-07
 5.29756e-07
 1.05951e-06
 1.05951e-06
 1.05951e-06
 1.05951e-06
 5.29756e-07
 2.64878e-07
 5.29756e-07
 5.29756e-07
 5.29756e-07
 5.29756e-07
 2.64878e-07
 2.63357e-07
 5.26715e-07
 5.26715e-07
 5.26715e-07
 5.26715e-07
 2.63357e-07
 5.26715e-07
 1.05343e-06
 1.05343e-06
 1.05343e-06
 1.05343e-06
 5.26715e-07
 5.26715e-07
 1.05343e-06
 1.05343e-06
 1.05343e-06
 1.05343e-06
 5.26715e-07
 5.26715e-07
 1.05343e-06
 1.05343e-06
 1.05343e-06
 1.05343e-06
 5.26715e-07
 5.26715e-07
 1.05343e-06
 1.05343e-06
 1.05343e-06
 1.05343e-06
 5.26715e-07
 2.63357e-07
 5.26715e-07
 5.26715e-07
 5.26715e-07
 5.26715e-07
 2.63357e-07
 2.58880e-07
 5.17761e-07
 5.17761e-07
 5.17761e-07
 5.17761e-07
 2.58880e-07
 5.17761e-07
 1.03552e-06
 1.03552e-06
 1.03552e-06
 1.03552e-06
 5.17761e-07
 5.17761e-07
 1.03552e-06
 1.03552e-06
 1.03552e-06
 1.03552e-06
 5.17761e-07
 5.17761e-07
 1.03552e-06
 1.03552e-06
 1.03552e-06
 1.03552e-06
 5.17761e-07
 5.17761e-07
 1.03552e-06
 1.03552e-06
 1.03552e-06
 1.03552e-06
 5.17761e-07
 2.58880e-07
 5.17761e-07
 5.17761e-07
 5.17761e-07
 5.17761e-07
 2.58880e-07
 2.47843e-07
 4.95687e-07
 4.95687e-07
 4.95687e-07
 4.95687e-07
 2.47843e-07
 4.95687e-07
 9.91374e-07
 9.91374e-07
 9.91374e-07
 9.91374e-07
 4.95687e-07
 4.95687e-07
 9.91374e-07
 9.91374e-07
 9.91374e-07
 9.91374e-07
 4.95687e-07
 4.95687e-07
 9.91374e-07
 9.91374e-07
 9.91374e-07
 9.91374e-07
 4.95687e-07
 4.95687e-07
 9.91374e-07
 9.91374e-07
 9.91374e-07
 9.91374e-07
 4.95687e-07
 2.47843e-07
 4.95687e-07
 4.95687e-07
 4.95687e-07
 4.95687e-07
 2.47843e-07
 2.28117e-07
 4.56235e-07
 4.56235e-07
 4.56235e-07
 4.56235e-07
 2.28117e-07
 4.56235e-07
 9.12470e-07
 9.12470e-07
 9.12470e-07
 9.12470e-07
 4.56235e-07
 4.56235e-07
 9.12470e-07
 9.12470e-07
 9.12470e-07
 9.12470e-07
 4.56235e-07
 4.56235e-07
 9.12470e-07
 9.12470e-07
 9.12470e-07
 9.12470e-07
 4.56235e-07
 4.56235e-07
 9.12470e-07
 9.12470e-07
 9.12470e-07
 9.12470e-07
 4.56235e-07
 2.28117e-07
 4.56235e-07
 4.56235e-07
 4.56235e-07
 4.56235e-07
 2.28117e-07
 2.01293e-07
 4.02586e-07
 4.02586e-07
 4.02586e-07
 4.02586e-07
 2.01293e-07
 4.02586e-07
 8.05171e-07
 8.05171e-07
 8.05171e-07
 8.05171e-07
 4.02586e-07
 4.02586e-07
 8.05171e-07
 8.05171e-07
 8.05171e-07
 8.05171e-07
 4.02586e-07
 4.02586e-07
 8.05171e-07
 8.05171e-07
 8.05171e-07
 8.05171e-07
 4.02586e-07
 4.02586e-07
 8.05171e-07
 8.05171e-07
 8.05171e-07
 8.05171e-07
 4.02586e-07
 2.01293e-07
 4.02586e-07
 4.02586e-07
 4.02586e-07
 4.02586e-07
 2.01293e-07
 1.73209e-07
 3.46418e-07
 3.46418e-07
 3.46418e-07
 3.46418e-07
 1.73209e-07
 3.46418e-07
 6.92837e-07
 6.92837e-07
 6.92837e-07
 6.92837e-07
 3.46418e-07
 3.46418e-07
 6.92837e-07
 6.92837e-07
 6.92837e-07
 6.92837e-07
 3.46418e-07
 3.46418e-07
 6.92837e-07
 6.92837e-07
 6.92837e-07
 6.92837e-07
 3.46418e-07
 3.46418e-07
 6.92837e-07
 6.92837e-07
 6.92837e-07
 6.92837e-07
 3.46418e-07
 1.73209e-07
 3.46418e-07
 3.46418e-07
 3.46418e-07
 3.46418e-07
 1.73209e-07
 1.50735e-07
 3.01469e-07
 3.01469e-07
 3.01469e-07
 3.01469e-07
 1.50735e-07
 3.01469e-07
 6.02938e-07
 6.02938e-07
 6.02938e-07
 6.02938e-07
 3.01469e-07
 3.01469e-07
 6.02938e-07
 6.02938e-07
 6.02938e-07
 6.02938e-07
 3.01469e-07
 3.01469e-07
 6.02938e-07
 6.02938e-07
 6.02938e-07
 6.02938e-07
 3.01469e-07
 3.01469e-07
 6.02938e-07
 6.02938e-07
 6.02938e-07
 6.02938e-07
 3.01469e-07
 1.50735e-07
 3.01469e-07
 3.01469e-07
 3.01469e-07
 3.01469e-07
 1.50735e-07
 1.36301e-07
 2.72601e-07
 2.72601e-07
 2.72601e-07
 2.72601e-07
 1.36301e-07
 2.72601e-07
 5.45202e-07
 5.45202e-07
 5.45202e-07
 5.45202e-07
 2.72601e-07
 2.72601e-07
 5.45202e-07
 5.45202e-07
 5.45202e-07
 5.45202e-07
 2.72601e-07
 2.72601e-07
 5.45202e-07
 5.45202e-07
 5.45202e-07
 5.45202e-07
 2.72601e-07
 2.72601e-07
 5.45202e-07
 5.45202e-07
 5.45202e-07
 5.45202e-07
 2.72601e-07
 1.36301e-07
 2.72601e-07
 2.72601e-07
 2.72601e-07
 2.72601e-07
 1.36301e-07
 1.29026e-07
 2.58051e-07
 2.58051e-07
 2.58051e-07
 2.58051e-07
 1.29026e-07
 2.58051e-07
 5.16103e-07
 5.16103e-07
 5.16103e-07
 5.16103e-07
 2.58051e-07
 2.58051e-07
 5.16103e-07
 5.16103e-07
 5.16103e-07
 5.16103e-07
 2.58051e-07
 2.58051e-07
 5.16103e-07
 5.16103e-07
 5.16103e-07
 5.16103e-07
 2.58051e-07
 2.58051e-07
 5.16103e-07
 5.16103e-07
 5.16103e-07
 5.16103e-07
 2.58051e-07
 1.29026e-07
 2.58051e-07
 2.58051e-07
 2.58051e-07
 2.58051e-07
 1.29026e-07
 1.26182e-07
 2.52363e-07
 2.52363e-07
 2.52363e-07
 2.52363e-07
 1.26182e-07
 2.52363e-07
 5.04726e-07
 5.04726e-07
 5.04726e-07
 5.04726e-07
 2.52363e-07
 2.52363e-07
 5.04726e-07
 5.04726e-07
 5.04726e-07
 5.04726e-07
 2.52363e-07
 2.52363e-07
 5.04726e-07
 5.04726e-07
 5.04726e-07
 5.04726e-07
 2.52363e-07
 2.52363e-07
 5.04726e-07
 5.04726e-07
 5.04726e-07
 5.04726e-07
 2.52363e-07
 1.26182e-07
 2.52363e-07
 2.52363e-07
 2.52363e-07
 2.52363e-07
 1.26182e-07
 1.25308e-07
 2.50616e-07
 2.50616e-07
 2.50616e-07
 2.50616e-07
 1.25308e-07
 2.50616e-07
 5.01231e-07
 5.01231e-07
 5.01231e-07
 5.01231e-07
 2.50616e-07
 2.50616e-07
 5.01231e-07
 5.01231e-07
 5.01231e-07
 5.01231e-07
 2.50616e-07
 2.50616e-07
 5.01231e-07
 5.01231e-07
 5.01231e-07
 5.01231e-07
 2.50616e-07
 2.50616e-07
 5.01231e-07
 5.01231e-07
 5.01231e-07
 5.01231e-07
 2.50616e-07
 1.25308e-07
 2.50616e-07
 2.50616e-07
 2.50616e-07
 2.50616e-07
 1.25308e-07
 1.25076e-07
 2.50153e-07
 2.50153e-07
 2.50153e-07
 2.50153e-07
 1.25076e-07
 2.50153e-07
 5.00306e-07
 5.00306e-07
 5.00306e-07
 5.00306e-07
 2.50153e-07
 2.50153e-07
 5.00306e-07
 5.00306e-07
 5.00306e-07
 5.00306e-07
 2.50153e-07
 2.50153e-07
 5.00306e-07
 5.00306e-07
 5.00306e-07
 5.00306e-07
 2.50153e-07
 2.50153e-07
 5.00306e-07
 5.00306e-07
 5.00306e-07
 5.00306e-07
 2.50153e-07
 1.25076e-07
 2.50153e-07
 2.50153e-07
 2.50153e-07
 2.50153e-07
 1.25076e-07
 1.25019e-07
 2.50037e-07
 2.50037e-07
 2.50037e-07
 2.50037e-07
 1.25019e-07
 2.50037e-07
 5.00074e-07
 5.00074e-07
 5.00074e-07
 5.00074e-07
 2.50037e-07
 2.50037e-07
 5.00074e-07
 5.00074e-07
 5.00074e-07
 5.00074e-07
 2.50037e-07
 2.50037e-07
 5.00074e-07
 5.00074e-07
 5.00074e-07
 5.00074e-07
 2.50037e-07
 2.50037e-07
 5.00074e-07
 5.00074e-07
 5.00074e-07
 5.00074e-07
 2.50037e-07
 1.25019e-07
 2.50037e-07
 2.50037e-07
 2.50037e-07
 2.50037e-07
 1.25019e-07
 1.25004e-07
 2.50009e-07
 2.50009e-07
 2.50009e-07
 2.50009e-07
 1.25004e-07
 2.50009e-07
 5.00018e-07
 5.00018e-07
 5.00018e-07
 5.00018e-07
 2.50009e-07
 2.50009e-07
 5.00018e-07
 5.00018e-07
 5.00018e-07
 5.00018e-07
 2.50009e-07
 2.50009e-07
 5.00018e-07
 5.00018e-07
 5.00018e-07
 5.00018e-07
 2.50009e-07
 2.50009e-07
 5.00018e-07
 5.00018e-07
 5.00018e-07
 5.00018e-07
 2.50009e-07
 1.25004e-07
 2.50009e-07
 2.50009e-07
 2.50009e-07
 2.50009e-07
 1.25004e-07
 1.25001e-07
 2.50002e-07
 2.50002e-07
 2.50002e-07
 2.50002e-07
 1.25001e-07
 2.50002e-07
 5.00004e-07
 5.00004e-07
 5.00004e-07
 5.00004e-07
 2.50002e-07
 2.50002e-07
 5.00004e-07
 5.00004e-07
 5.00004e-07
 5.00004e-07
 2.50002e-07
 2.50002e-07
 5.00004e-07
 5.00004e-07
 5.00004e-07
 5.00004e-07
 2.50002e-07
 2.50002e-07
 5.00004e-07
 5.00004e-07
 5.00004e-07
 5.00004e-07
 2.50002e-07
 1.25001e-07
 2.50002e-07
 2.50002e-07
 2.50002e-07
 2.50002e-07
 1.25001e-07
 1.25000e-07
 2.50001e-07
 2.50001e-07
 2.50001e-07
 2.50001e-07
 1.25000e-07
 2.50001e-07
 5.00001e-07
 5.00001e-07
 5.00001e-07
 5.00001e-07
 2.50001e-07
 2.50001e-07
 5.00001e-07
 5.00001e-07
 5.00001e-07
 5.00001e-07
 2.50001e-07
 2.50001e-07
 5.00001e-07
 5.00001e-07
 5.00001e-07
 5.00001e-07
 2.50001e-07
 2.50001e-07
 5.00001e-07
 5.00001e-07
 5.00001e-07
 5.00001e-07
 2.50001e-07
 1.25000e-07
 2.50001e-07
 2.50001e-07
 2.50001e-07
 2.50001e-07
 1.25000e-07
 1.25000e-07
 2.50000e-07
 2.50000e-07
 2.50000e-07
 2.50000e-07
 1.25000e-07
 2.50000e-07
 5.00000e-07
 5.00000e-07
 5.00000e-07
 5.00000e-07
 2.50000e-07
 2.50000e-07
 5.00000e-07
 5.00000e-07
 5.00000e-07
 5.00000e-07
 2.50000e-07
 2.50000e-07
 5.00000e-07
 5.00000e-07
 5.00000e-07
 5.00000e-07
 2.50000e-07
 2.50000e-07
 5.00000e-07
 5.00000e-07
 5.00000e-07
 5.00000e-07
 2.50000e-07
 1.25000e-07
 2.50000e-07
 2.50000e-07
 2.50000e-07
 2.50000e-07
 1.25000e-07
 1.25000e-07
 2.50000e-07
 2.50000e-07
 2.50000e-07
 2.50000e-07
 1.25000e-07
 2.50000e-07
 5.00000e-07
 5.00000e-07
 5.00000e-07
 5.00000e-07
 2.50000e-07
 2.50000e-07
 5.00000e-07
 5.00000e-07
 5.00000e-07
 5.00000e-07
 2.50000e-07
 2.50000e-07
 5.00000e-07
 5.00000e-07
 5.00000e-07
 5.00000e-07
 2.50000e-07
 2.50000e-07
 5.00000e-07
 5.00000e-07
 5.00000e-07
 5.00000e-07
 2.50000e-07
 1.25000e-07
 2.50000e-07
 2.50000e-07
 2.50000e-07
 2.50000e-07
 1.25000e-07
 1.25000e-07
 2.50000e-07
 2.50000e-07
 2.50000e-07
 2.50000e-07
 1.25000e-07
 2.50000e-07
 5.00000e-07
 5.00000e-07
 5.00000e-07
 5.00000e-07
 2.50000e-07
 2.50000e-07
 5.00000e-07
 5.00000e-07
 5.00000e-07
 5.00000e-07
 2.50000e-07
 2.50000e-07
 5.00000e-07
 5.00000e-07
 5.00000e-07
 5.00000e-07
 2.50000e-07
 2.50000e-07
 5.00000e-07
 5.00000e-07
 5.00000e-07
 5.00000e-07
 2.50000e-07
 1.25000e-07
 2.50000e-07
 2.50000e-07
 2.50000e-07
 2.50000e-07
 1.25000e-07
 6.25000e-08
 1.25000e-07
 1.25000e-07
 1.25000e-07
 1.25000e-07
 6.25000e-08
 1.25000e-07
 2.50000e-07
 2.50000e-07
 2.50000e-07
 2.50000e-07
 1.25000e-07
 1.25000e-07
 2.50000e-07
 2.50000e-07
 2.50000e-07
 2.50000e-07
 1.25000e-07
 1.25000e-07
 2.50000e-07
 2.50000e-07
 2.50000e-07
 2.50000e-07
 1.25000e-07
 1.25000e-07
 2.50000e-07
 2.50000e-07
 2.50000e-07
 2.50000e-07
 1.25000e-07
 6.25000e-08
 1.25000e-07
 1.25000e-07
 1.25000e-07
 1.25000e-07
 6.25000e-08
