Density
part
         1
hexa8
 1.00000e+00
 1.00000e+00
 1.00000e+00
 1.00000e+00
 1.00000e+00
 1.00000e+00
 1.00000e+00
 1.00000e+00
 1.00000e+00
 1.00000e+00
 1.00000e+00
 1.00000e+00
 1.00000e+00
 1.00000e+00
 1.00000e+00
 1.00000e+00
 1.00000e+00
 1.00000e+00
 9.99998e-01
 9.99987e-01
 9.99938e-01
 9.99740e-01
 9.99039e-01
 9.96928e-01
 9.91619e-01
 1.00000e+00
 1.00000e+00
 1.00000e+00
 1.00000e+00
 1.00000e+00
 1.00000e+00
 1.00000e+00
 1.00000e+00
 1.00000e+00
 1.00000e+00
 1.00000e+00
 1.00000e+00
 1.00000e+00
 1.00000e+00
 1.00000e+00
 1.00000e+00
 1.00000e+00
 1.00000e+00
 9.99998e-01
 9.99987e-01
 9.99938e-01
 9.99740e-01
 9.99039e-01
 9.96928e-01
 9.91619e-01
 1.00000e+00
 1.00000e+00
 1.00000e+00
 1.00000e+00
 1.00000e+00
 1.00000e+00
 1.00000e+00
 1.00000e+00
 1.00000e+00
 1.00000e+00
 1.00000e+00
 1.00000e+00
 1.00000e+00
 1.00000e+00
 1.00000e+00
 1.00000e+00
 1.00000e+00
 1.00000e+00
 9.99998e-01
 9.99987e-01
 9.99938e-01
 9.99740e-01
 9.99039e-01
 9.96928e-01
 9.91619e-01
 1.00000e+00
 1.00000e+00
 1.00000e+00
 1.00000e+00
 1.00000e+00
 1.00000e+00
 1.00000e+00
 1.00000e+00
 1.00000e+00
 1.00000e+00
 1.00000e+00
 1.00000e+00
 1.00000e+00
 1.00000e+00
 1.00000e+00
 1.00000e+00
 1.00000e+00
 1.00000e+00
 9.99998e-01
 9.99987e-01
 9.99938e-01
 9.99740e-01
 9.99039e-01
 9.96928e-01
 9.91619e-01
 1.00000e+00
 1.00000e+00
 1.00000e+00
 1.00000e+00
 1.00000e+00
 1.00000e+00
 1.00000e+00
 1.00000e+00
 1.00000e+00
 1.00000e+00
 1.00000e+00
 1.00000e+00
 1.00000e+00
 1.00000e+00
 1.00000e+00
 1.00000e+00
 1.00000e+00
 1.00000e+00
 9.99998e-01
 9.99987e-01
 9.99938e-01
 9.99740e-01
 9.99039e-01
 9.96928e-01
 9.91619e-01
 1.00000e+00
 1.00000e+00
 1.00000e+00
 1.00000e+00
 1.00000e+00
 1.00000e+00
 1.00000e+00
 1.00000e+00
 1.00000e+00
 1.00000e+00
 1.00000e+00
 1.00000e+00
 1.00000e+00
 1.00000e+00
 1.00000e+00
 1.00000e+00
 1.00000e+00
 1.00000e+00
 9.99998e-01
 9.99987e-01
 9.99938e-01
 9.99740e-01
 9.99039e-01
 9.96928e-01
 9.91619e-01
 1.00000e+00
 1.00000e+00
 1.00000e+00
 1.00000e+00
 1.00000e+00
 1.00000e+00
 1.00000e+00
 1.00000e+00
 1.00000e+00
 1.00000e+00
 1.00000e+00
 1.00000e+00
 1.00000e+00
 1.00000e+00
 1.00000e+00
 1.00000e+00
 1.00000e+00
 1.00000e+00
 9.99998e-01
 9.99987e-01
 9.99938e-01
 9.99740e-01
 9.99039e-01
 9.96928e-01
 9.91619e-01
 1.00000e+00
 1.00000e+00
 1.00000e+00
 1.00000e+00
 1.00000e+00
 1.00000e+00
 1.00000e+00
 1.00000e+00
 1.00000e+00
 1.00000e+00
 1.00000e+00
 1.00000e+00
 1.00000e+00
 1.00000e+00
 1.00000e+00
 1.00000e+00
 1.00000e+00
 1.00000e+00
 9.99998e-01
 9.99987e-01
 9.99938e-01
 9.99740e-01
 9.99039e-01
 9.96928e-01
 9.91619e-01
 1.00000e+00
 1.00000e+00
 1.00000e+00
 1.00000e+00
 1.00000e+00
 1.00000e+00
 1.00000e+00
 1.00000e+00
 1.00000e+00
 1.00000e+00
 1.00000e+00
 1.00000e+00
 1.00000e+00
 1.00000e+00
 1.00000e+00
 1.00000e+00
 1.00000e+00
 1.00000e+00
 9.99998e-01
 9.99987e-01
 9.99938e-01
 9.99740e-01
 9.99039e-01
 9.96928e-01
 9.91619e-01
 1.00000e+00
 1.00000e+00
 1.00000e+00
 1.00000e+00
 1.00000e+00
 1.00000e+00
 1.00000e+00
 1.00000e+00
 1.00000e+00
 1.00000e+00
 1.00000e+00
 1.00000e+00
 1.00000e+00
 1.00000e+00
 1.00000e+00
 1.00000e+00
 1.00000e+00
 1.00000e+00
 9.99998e-01
 9.99987e-01
 9.99938e-01
 9.99740e-01
 9.99039e-01
 9.96928e-01
 9.91619e-01
 1.00000e+00
 1.00000e+00
 1.00000e+00
 1.00000e+00
 1.00000e+00
 1.00000e+00
 1.00000e+00
 1.00000e+00
 1.00000e+00
 1.00000e+00
 1.00000e+00
 1.00000e+00
 1.00000e+00
 1.00000e+00
 1.00000e+00
 1.00000e+00
 1.00000e+00
 1.00000e+00
 9.99998e-01
 9.99987e-01
 9.99938e-01
 9.99740e-01
 9.99039e-01
 9.96928e-01
 9.91619e-01
 1.00000e+00
 1.00000e+00
 1.00000e+00
 1.00000e+00
 1.00000e+00
 1.00000e+00
 1.00000e+00
 1.00000e+00
 1.00000e+00
 1.00000e+00
 1.00000e+00
 1.00000e+00
 1.00000e+00
 1.00000e+00
 1.00000e+00
 1.00000e+00
 1.00000e+00
 1.00000e+00
 9.99998e-01
 9.99987e-01
 9.99938e-01
 9.99740e-01
 9.99039e-01
 9.96928e-01
 9.91619e-01
 1.00000e+00
 1.00000e+00
 1.00000e+00
 1.00000e+00
 1.00000e+00
 1.00000e+00
 1.00000e+00
 1.00000e+00
 1.00000e+00
 1.00000e+00
 1.00000e+00
 1.00000e+00
 1.00000e+00
 1.00000e+00
 1.00000e+00
 1.00000e+00
 1.00000e+00
 1.00000e+00
 9.99998e-01
 9.99987e-01
 9.99938e-01
 9.99740e-01
 9.99039e-01
 9.96928e-01
 9.91619e-01
 1.00000e+00
 1.00000e+00
 1.00000e+00
 1.00000e+00
 1.00000e+00
 1.00000e+00
 1.00000e+00
 1.00000e+00
 1.00000e+00
 1.00000e+00
 1.00000e+00
 1.00000e+00
 1.00000e+00
 1.00000e+00
 1.00000e+00
 1.00000e+00
 1.00000e+00
 1.00000e+00
 9.99998e-01
 9.99987e-01
 9.99938e-01
 9.99740e-01
 9.99039e-01
 9.96928e-01
 9.91619e-01
 1.00000e+00
 1.00000e+00
 1.00000e+00
 1.00000e+00
 1.00000e+00
 1.00000e+00
 1.00000e+00
 1.00000e+00
 1.00000e+00
 1.00000e+00
 1.00000e+00
 1.00000e+00
 1.00000e+00
 1.00000e+00
 1.00000e+00
 1.00000e+00
 1.00000e+00
 1.00000e+00
 9.99998e-01
 9.99987e-01
 9.99938e-01
 9.99740e-01
 9.99039e-01
 9.96928e-01
 9.91619e-01
 1.00000e+00
 1.00000e+00
 1.00000e+00
 1.00000e+00
 1.00000e+00
 1.00000e+00
 1.00000e+00
 1.00000e+00
 1.00000e+00
 1.00000e+00
 1.00000e+00
 1.00000e+00
 1.00000e+00
 1.00000e+00
 1.00000e+00
 1.00000e+00
 1.00000e+00
 1.00000e+00
 9.99998e-01
 9.99987e-01
 9.99938e-01
 9.99740e-01
 9.99039e-01
 9.96928e-01
 9.91619e-01
 1.00000e+00
 1.00000e+00
 1.00000e+00
 1.00000e+00
 1.00000e+00
 1.00000e+00
 1.00000e+00
 1.00000e+00
 1.00000e+00
 1.00000e+00
 1.00000e+00
 1.00000e+00
 1.00000e+00
 1.00000e+00
 1.00000e+00
 1.00000e+00
 1.00000e+00
 1.00000e+00
 9.99998e-01
 9.99987e-01
 9.99938e-01
 9.99740e-01
 9.99039e-01
 9.96928e-01
 9.91619e-01
 1.00000e+00
 1.00000e+00
 1.00000e+00
 1.00000e+00
 1.00000e+00
 1.00000e+00
 1.00000e+00
 1.00000e+00
 1.00000e+00
 1.00000e+00
 1.00000e+00
 1.00000e+00
 1.00000e+00
 1.00000e+00
 1.00000e+00
 1.00000e+00
 1.00000e+00
 1.00000e+00
 9.99998e-01
 9.99987e-01
 9.99938e-01
 9.99740e-01
 9.99039e-01
 9.96928e-01
 9.91619e-01
 1.00000e+00
 1.00000e+00
 1.00000e+00
 1.00000e+00
 1.00000e+00
 1.00000e+00
 1.00000e+00
 1.00000e+00
 1.00000e+00
 1.00000e+00
 1.00000e+00
 1.00000e+00
 1.00000e+00
 1.00000e+00
 1.00000e+00
 1.00000e+00
 1.00000e+00
 1.00000e+00
 9.99998e-01
 9.99987e-01
 9.99938e-01
 9.99740e-01
 9.99039e-01
 9.96928e-01
 9.91619e-01
 1.00000e+00
 1.00000e+00
 1.00000e+00
 1.00000e+00
 1.00000e+00
 1.00000e+00
 1.00000e+00
 1.00000e+00
 1.00000e+00
 1.00000e+00
 1.00000e+00
 1.00000e+00
 1.00000e+00
 1.00000e+00
 1.00000e+00
 1.00000e+00
 1.00000e+00
 1.00000e+00
 9.99998e-01
 9.99987e-01
 9.99938e-01
 9.99740e-01
 9.99039e-01
 9.96928e-01
 9.91619e-01
 1.00000e+00
 1.00000e+00
 1.00000e+00
 1.00000e+00
 1.00000e+00
 1.00000e+00
 1.00000e+00
 1.00000e+00
 1.00000e+00
 1.00000e+00
 1.00000e+00
 1.00000e+00
 1.00000e+00
 1.00000e+00
 1.00000e+00
 1.00000e+00
 1.00000e+00
 1.00000e+00
 9.99998e-01
 9.99987e-01
 9.99938e-01
 9.99740e-01
 9.99039e-01
 9.96928e-01
 9.91619e-01
 1.00000e+00
 1.00000e+00
 1.00000e+00
 1.00000e+00
 1.00000e+00
 1.00000e+00
 1.00000e+00
 1.00000e+00
 1.00000e+00
 1.00000e+00
 1.00000e+00
 1.00000e+00
 1.00000e+00
 1.00000e+00
 1.00000e+00
 1.00000e+00
 1.00000e+00
 1.00000e+00
 9.99998e-01
 9.99987e-01
 9.99938e-01
 9.99740e-01
 9.99039e-01
 9.96928e-01
 9.91619e-01
 1.00000e+00
 1.00000e+00
 1.00000e+00
 1.00000e+00
 1.00000e+00
 1.00000e+00
 1.00000e+00
 1.00000e+00
 1.00000e+00
 1.00000e+00
 1.00000e+00
 1.00000e+00
 1.00000e+00
 1.00000e+00
 1.00000e+00
 1.00000e+00
 1.00000e+00
 1.00000e+00
 9.99998e-01
 9.99987e-01
 9.99938e-01
 9.99740e-01
 9.99039e-01
 9.96928e-01
 9.91619e-01
 1.00000e+00
 1.00000e+00
 1.00000e+00
 1.00000e+00
 1.00000e+00
 1.00000e+00
 1.00000e+00
 1.00000e+00
 1.00000e+00
 1.00000e+00
 1.00000e+00
 1.00000e+00
 1.00000e+00
 1.00000e+00
 1.00000e+00
 1.00000e+00
 1.00000e+00
 1.00000e+00
 9.99998e-01
 9.99987e-01
 9.99938e-01
 9.99740e-01
 9.99039e-01
 9.96928e-01
 9.91619e-01
 1.00000e+00
 1.00000e+00
 1.00000e+00
 1.00000e+00
 1.00000e+00
 1.00000e+00
 1.00000e+00
 1.00000e+00
 1.00000e+00
 1.00000e+00
 1.00000e+00
 1.00000e+00
 1.00000e+00
 1.00000e+00
 1.00000e+00
 1.00000e+00
 1.00000e+00
 1.00000e+00
 9.99998e-01
 9.99987e-01
 9.99938e-01
 9.99740e-01
 9.99039e-01
 9.96928e-01
 9.91619e-01
part
         2
hexa8
 9.80741e-01
 9.62799e-01
 9.38670e-01
 9.10941e-01
 8.81905e-01
 8.52782e-01
 8.24093e-01
 7.96054e-01
 7.68755e-01
 7.42261e-01
 7.16652e-01
 6.91972e-01
 6.68236e-01
 6.45437e-01
 6.23550e-01
 6.02552e-01
 5.82425e-01
 5.63165e-01
 5.44781e-01
 5.27302e-01
 5.10775e-01
 4.95274e-01
 4.80902e-01
 4.67791e-01
 4.56107e-01
 9.80741e-01
 9.62799e-01
 9.38670e-01
 9.10941e-01
 8.81905e-01
 8.52782e-01
 8.24093e-01
 7.96054e-01
 7.68755e-01
 7.42261e-01
 7.16652e-01
 6.91972e-01
 6.68236e-01
 6.45437e-01
 6.23550e-01
 6.02552e-01
 5.82425e-01
 5.63165e-01
 5.44781e-01
 5.27302e-01
 5.10775e-01
 4.95274e-01
 4.80902e-01
 4.67791e-01
 4.56107e-01
 9.80741e-01
 9.62799e-01
 9.38670e-01
 9.10941e-01
 8.81905e-01
 8.52782e-01
 8.24093e-01
 7.96054e-01
 7.68755e-01
 7.42261e-01
 7.16652e-01
 6.91972e-01
 6.68236e-01
 6.45437e-01
 6.23550e-01
 6.02552e-01
 5.82425e-01
 5.63165e-01
 5.44781e-01
 5.27302e-01
 5.10775e-01
 4.95274e-01
 4.80902e-01
 4.67791e-01
 4.56107e-01
 9.80741e-01
 9.62799e-01
 9.38670e-01
 9.10941e-01
 8.81905e-01
 8.52782e-01
 8.24093e-01
 7.96054e-01
 7.68755e-01
 7.42261e-01
 7.16652e-01
 6.91972e-01
 6.68236e-01
 6.45437e-01
 6.23550e-01
 6.02552e-01
 5.82425e-01
 5.63165e-01
 5.44781e-01
 5.27302e-01
 5.10775e-01
 4.95274e-01
 4.80902e-01
 4.67791e-01
 4.56107e-01
 9.80741e-01
 9.62799e-01
 9.38670e-01
 9.10941e-01
 8.81905e-01
 8.52782e-01
 8.24093e-01
 7.96054e-01
 7.68755e-01
 7.42261e-01
 7.16652e-01
 6.91972e-01
 6.68236e-01
 6.45437e-01
 6.23550e-01
 6.02552e-01
 5.82425e-01
 5.63165e-01
 5.44781e-01
 5.27302e-01
 5.10775e-01
 4.95274e-01
 4.80902e-01
 4.67791e-01
 4.56107e-01
 9.80741e-01
 9.62799e-01
 9.38670e-01
 9.10941e-01
 8.81905e-01
 8.52782e-01
 8.24093e-01
 7.96054e-01
 7.68755e-01
 7.42261e-01
 7.16652e-01
 6.91972e-01
 6.68236e-01
 6.45437e-01
 6.23550e-01
 6.02552e-01
 5.82425e-01
 5.63165e-01
 5.44781e-01
 5.27302e-01
 5.10775e-01
 4.95274e-01
 4.80902e-01
 4.67791e-01
 4.56107e-01
 9.80741e-01
 9.62799e-01
 9.38670e-01
 9.10941e-01
 8.81905e-01
 8.52782e-01
 8.24093e-01
 7.96054e-01
 7.68755e-01
 7.42261e-01
 7.16652e-01
 6.91972e-01
 6.68236e-01
 6.45437e-01
 6.23550e-01
 6.02552e-01
 5.82425e-01
 5.63165e-01
 5.44781e-01
 5.27302e-01
 5.10775e-01
 4.95274e-01
 4.80902e-01
 4.67791e-01
 4.56107e-01
 9.80741e-01
 9.62799e-01
 9.38670e-01
 9.10941e-01
 8.81905e-01
 8.52782e-01
 8.24093e-01
 7.96054e-01
 7.68755e-01
 7.42261e-01
 7.16652e-01
 6.91972e-01
 6.68236e-01
 6.45437e-01
 6.23550e-01
 6.02552e-01
 5.82425e-01
 5.63165e-01
 5.44781e-01
 5.27302e-01
 5.10775e-01
 4.95274e-01
 4.80902e-01
 4.67791e-01
 4.56107e-01
 9.80741e-01
 9.62799e-01
 9.38670e-01
 9.10941e-01
 8.81905e-01
 8.52782e-01
 8.24093e-01
 7.96054e-01
 7.68755e-01
 7.42261e-01
 7.16652e-01
 6.91972e-01
 6.68236e-01
 6.45437e-01
 6.23550e-01
 6.02552e-01
 5.82425e-01
 5.63165e-01
 5.44781e-01
 5.27302e-01
 5.10775e-01
 4.95274e-01
 4.80902e-01
 4.67791e-01
 4.56107e-01
 9.80741e-01
 9.62799e-01
 9.38670e-01
 9.10941e-01
 8.81905e-01
 8.52782e-01
 8.24093e-01
 7.96054e-01
 7.68755e-01
 7.42261e-01
 7.16652e-01
 6.91972e-01
 6.68236e-01
 6.45437e-01
 6.23550e-01
 6.02552e-01
 5.82425e-01
 5.63165e-01
 5.44781e-01
 5.27302e-01
 5.10775e-01
 4.95274e-01
 4.80902e-01
 4.67791e-01
 4.56107e-01
 9.80741e-01
 9.62799e-01
 9.38670e-01
 9.10941e-01
 8.81905e-01
 8.52782e-01
 8.24093e-01
 7.96054e-01
 7.68755e-01
 7.42261e-01
 7.16652e-01
 6.91972e-01
 6.68236e-01
 6.45437e-01
 6.23550e-01
 6.02552e-01
 5.82425e-01
 5.63165e-01
 5.44781e-01
 5.27302e-01
 5.10775e-01
 4.95274e-01
 4.80902e-01
 4.67791e-01
 4.56107e-01
 9.80741e-01
 9.62799e-01
 9.38670e-01
 9.10941e-01
 8.81905e-01
 8.52782e-01
 8.24093e-01
 7.96054e-01
 7.68755e-01
 7.42261e-01
 7.16652e-01
 6.91972e-01
 6.68236e-01
 6.45437e-01
 6.23550e-01
 6.02552e-01
 5.82425e-01
 5.63165e-01
 5.44781e-01
 5.27302e-01
 5.10775e-01
 4.95274e-01
 4.80902e-01
 4.67791e-01
 4.56107e-01
 9.80741e-01
 9.62799e-01
 9.38670e-01
 9.10941e-01
 8.81905e-01
 8.52782e-01
 8.24093e-01
 7.96054e-01
 7.68755e-01
 7.42261e-01
 7.16652e-01
 6.91972e-01
 6.68236e-01
 6.45437e-01
 6.23550e-01
 6.02552e-01
 5.82425e-01
 5.63165e-01
 5.44781e-01
 5.27302e-01
 5.10775e-01
 4.95274e-01
 4.80902e-01
 4.67791e-01
 4.56107e-01
 9.80741e-01
 9.62799e-01
 9.38670e-01
 9.10941e-01
 8.81905e-01
 8.52782e-01
 8.24093e-01
 7.96054e-01
 7.68755e-01
 7.42261e-01
 7.16652e-01
 6.91972e-01
 6.68236e-01
 6.45437e-01
 6.23550e-01
 6.02552e-01
 5.82425e-01
 5.63165e-01
 5.44781e-01
 5.27302e-01
 5.10775e-01
 4.95274e-01
 4.80902e-01
 4.67791e-01
 4.56107e-01
 9.80741e-01
 9.62799e-01
 9.38670e-01
 9.10941e-01
 8.81905e-01
 8.52782e-01
 8.24093e-01
 7.96054e-01
 7.68755e-01
 7.42261e-01
 7.16652e-01
 6.91972e-01
 6.68236e-01
 6.45437e-01
 6.23550e-01
 6.02552e-01
 5.82425e-01
 5.63165e-01
 5.44781e-01
 5.27302e-01
 5.10775e-01
 4.95274e-01
 4.80902e-01
 4.67791e-01
 4.56107e-01
 9.80741e-01
 9.62799e-01
 9.38670e-01
 9.10941e-01
 8.81905e-01
 8.52782e-01
 8.24093e-01
 7.96054e-01
 7.68755e-01
 7.42261e-01
 7.16652e-01
 6.91972e-01
 6.68236e-01
 6.45437e-01
 6.23550e-01
 6.02552e-01
 5.82425e-01
 5.63165e-01
 5.44781e-01
 5.27302e-01
 5.10775e-01
 4.95274e-01
 4.80902e-01
 4.67791e-01
 4.56107e-01
 9.80741e-01
 9.62799e-01
 9.38670e-01
 9.10941e-01
 8.81905e-01
 8.52782e-01
 8.24093e-01
 7.96054e-01
 7.68755e-01
 7.42261e-01
 7.16652e-01
 6.91972e-01
 6.68236e-01
 6.45437e-01
 6.23550e-01
 6.02552e-01
 5.82425e-01
 5.63165e-01
 5.44781e-01
 5.27302e-01
 5.10775e-01
 4.95274e-01
 4.80902e-01
 4.67791e-01
 4.56107e-01
 9.80741e-01
 9.62799e-01
 9.38670e-01
 9.10941e-01
 8.81905e-01
 8.52782e-01
 8.24093e-01
 7.96054e-01
 7.68755e-01
 7.42261e-01
 7.16652e-01
 6.91972e-01
 6.68236e-01
 6.45437e-01
 6.23550e-01
 6.02552e-01
 5.82425e-01
 5.63165e-01
 5.44781e-01
 5.27302e-01
 5.10775e-01
 4.95274e-01
 4.80902e-01
 4.67791e-01
 4.56107e-01
 9.80741e-01
 9.62799e-01
 9.38670e-01
 9.10941e-01
 8.81905e-01
 8.52782e-01
 8.24093e-01
 7.96054e-01
 7.68755e-01
 7.42261e-01
 7.16652e-01
 6.91972e-01
 6.68236e-01
 6.45437e-01
 6.23550e-01
 6.02552e-01
 5.82425e-01
 5.63165e-01
 5.44781e-01
 5.27302e-01
 5.10775e-01
 4.95274e-01
 4.80902e-01
 4.67791e-01
 4.56107e-01
 9.80741e-01
 9.62799e-01
 9.38670e-01
 9.10941e-01
 8.81905e-01
 8.52782e-01
 8.24093e-01
 7.96054e-01
 7.68755e-01
 7.42261e-01
 7.16652e-01
 6.91972e-01
 6.68236e-01
 6.45437e-01
 6.23550e-01
 6.02552e-01
 5.82425e-01
 5.63165e-01
 5.44781e-01
 5.27302e-01
 5.10775e-01
 4.95274e-01
 4.80902e-01
 4.67791e-01
 4.56107e-01
 9.80741e-01
 9.62799e-01
 9.38670e-01
 9.10941e-01
 8.81905e-01
 8.52782e-01
 8.24093e-01
 7.96054e-01
 7.68755e-01
 7.42261e-01
 7.16652e-01
 6.91972e-01
 6.68236e-01
 6.45437e-01
 6.23550e-01
 6.02552e-01
 5.82425e-01
 5.63165e-01
 5.44781e-01
 5.27302e-01
 5.10775e-01
 4.95274e-01
 4.80902e-01
 4.67791e-01
 4.56107e-01
 9.80741e-01
 9.62799e-01
 9.38670e-01
 9.10941e-01
 8.81905e-01
 8.52782e-01
 8.24093e-01
 7.96054e-01
 7.68755e-01
 7.42261e-01
 7.16652e-01
 6.91972e-01
 6.68236e-01
 6.45437e-01
 6.23550e-01
 6.02552e-01
 5.82425e-01
 5.63165e-01
 5.44781e-01
 5.27302e-01
 5.10775e-01
 4.95274e-01
 4.80902e-01
 4.67791e-01
 4.56107e-01
 9.80741e-01
 9.62799e-01
 9.38670e-01
 9.10941e-01
 8.81905e-01
 8.52782e-01
 8.24093e-01
 7.96054e-01
 7.68755e-01
 7.42261e-01
 7.16652e-01
 6.91972e-01
 6.68236e-01
 6.45437e-01
 6.23550e-01
 6.02552e-01
 5.82425e-01
 5.63165e-01
 5.44781e-01
 5.27302e-01
 5.10775e-01
 4.95274e-01
 4.80902e-01
 4.67791e-01
 4.56107e-01
 9.80741e-01
 9.62799e-01
 9.38670e-01
 9.10941e-01
 8.81905e-01
 8.52782e-01
 8.24093e-01
 7.96054e-01
 7.68755e-01
 7.42261e-01
 7.16652e-01
 6.91972e-01
 6.68236e-01
 6.45437e-01
 6.23550e-01
 6.02552e-01
 5.82425e-01
 5.63165e-01
 5.44781e-01
 5.27302e-01
 5.10775e-01
 4.95274e-01
 4.80902e-01
 4.67791e-01
 4.56107e-01
 9.80741e-01
 9.62799e-01
 9.38670e-01
 9.10941e-01
 8.81905e-01
 8.52782e-01
 8.24093e-01
 7.96054e-01
 7.68755e-01
 7.42261e-01
 7.16652e-01
 6.91972e-01
 6.68236e-01
 6.45437e-01
 6.23550e-01
 6.02552e-01
 5.82425e-01
 5.63165e-01
 5.44781e-01
 5.27302e-01
 5.10775e-01
 4.95274e-01
 4.80902e-01
 4.67791e-01
 4.56107e-01
part
         3
hexa8
 4.46026e-01
 4.37708e-01
 4.31242e-01
 4.26594e-01
 4.23576e-01
 4.21871e-01
 4.21095e-01
 4.20830e-01
 4.20779e-01
 4.20792e-01
 4.20682e-01
 4.20152e-01
 4.18923e-01
 4.16436e-01
 4.11627e-01
 4.02970e-01
 3.88420e-01
 3.65947e-01
 3.33473e-01
 2.99841e-01
 2.79457e-01
 2.68947e-01
 2.64395e-01
 2.62914e-01
 2.62783e-01
 4.46026e-01
 4.37708e-01
 4.31242e-01
 4.26594e-01
 4.23576e-01
 4.21871e-01
 4.21095e-01
 4.20830e-01
 4.20779e-01
 4.20792e-01
 4.20682e-01
 4.20152e-01
 4.18923e-01
 4.16436e-01
 4.11627e-01
 4.02970e-01
 3.88420e-01
 3.65947e-01
 3.33473e-01
 2.99841e-01
 2.79457e-01
 2.68947e-01
 2.64395e-01
 2.62914e-01
 2.62783e-01
 4.46026e-01
 4.37708e-01
 4.31242e-01
 4.26594e-01
 4.23576e-01
 4.21871e-01
 4.21095e-01
 4.20830e-01
 4.20779e-01
 4.20792e-01
 4.20682e-01
 4.20152e-01
 4.18923e-01
 4.16436e-01
 4.11627e-01
 4.02970e-01
 3.88420e-01
 3.65947e-01
 3.33473e-01
 2.99841e-01
 2.79457e-01
 2.68947e-01
 2.64395e-01
 2.62914e-01
 2.62783e-01
 4.46026e-01
 4.37708e-01
 4.31242e-01
 4.26594e-01
 4.23576e-01
 4.21871e-01
 4.21095e-01
 4.20830e-01
 4.20779e-01
 4.20792e-01
 4.20682e-01
 4.20152e-01
 4.18923e-01
 4.16436e-01
 4.11627e-01
 4.02970e-01
 3.88420e-01
 3.65947e-01
 3.33473e-01
 2.99841e-01
 2.79457e-01
 2.68947e-01
 2.64395e-01
 2.62914e-01
 2.62783e-01
 4.46026e-01
 4.37708e-01
 4.31242e-01
 4.26594e-01
 4.23576e-01
 4.21871e-01
 4.21095e-01
 4.20830e-01
 4.20779e-01
 4.20792e-01
 4.20682e-01
 4.20152e-01
 4.18923e-01
 4.16436e-01
 4.11627e-01
 4.02970e-01
 3.88420e-01
 3.65947e-01
 3.33473e-01
 2.99841e-01
 2.79457e-01
 2.68947e-01
 2.64395e-01
 2.62914e-01
 2.62783e-01
 4.46026e-01
 4.37708e-01
 4.31242e-01
 4.26594e-01
 4.23576e-01
 4.21871e-01
 4.21095e-01
 4.20830e-01
 4.20779e-01
 4.20792e-01
 4.20682e-01
 4.20152e-01
 4.18923e-01
 4.16436e-01
 4.11627e-01
 4.02970e-01
 3.88420e-01
 3.65947e-01
 3.33473e-01
 2.99841e-01
 2.79457e-01
 2.68947e-01
 2.64395e-01
 2.62914e-01
 2.62783e-01
 4.46026e-01
 4.37708e-01
 4.31242e-01
 4.26594e-01
 4.23576e-01
 4.21871e-01
 4.21095e-01
 4.20830e-01
 4.20779e-01
 4.20792e-01
 4.20682e-01
 4.20152e-01
 4.18923e-01
 4.16436e-01
 4.11627e-01
 4.02970e-01
 3.88420e-01
 3.65947e-01
 3.33473e-01
 2.99841e-01
 2.79457e-01
 2.68947e-01
 2.64395e-01
 2.62914e-01
 2.62783e-01
 4.46026e-01
 4.37708e-01
 4.31242e-01
 4.26594e-01
 4.23576e-01
 4.21871e-01
 4.21095e-01
 4.20830e-01
 4.20779e-01
 4.20792e-01
 4.20682e-01
 4.20152e-01
 4.18923e-01
 4.16436e-01
 4.11627e-01
 4.02970e-01
 3.88420e-01
 3.65947e-01
 3.33473e-01
 2.99841e-01
 2.79457e-01
 2.68947e-01
 2.64395e-01
 2.62914e-01
 2.62783e-01
 4.46026e-01
 4.37708e-01
 4.31242e-01
 4.26594e-01
 4.23576e-01
 4.21871e-01
 4.21095e-01
 4.20830e-01
 4.20779e-01
 4.20792e-01
 4.20682e-01
 4.20152e-01
 4.18923e-01
 4.16436e-01
 4.11627e-01
 4.02970e-01
 3.88420e-01
 3.65947e-01
 3.33473e-01
 2.99841e-01
 2.79457e-01
 2.68947e-01
 2.64395e-01
 2.62914e-01
 2.62783e-01
 4.46026e-01
 4.37708e-01
 4.31242e-01
 4.26594e-01
 4.23576e-01
 4.21871e-01
 4.21095e-01
 4.20830e-01
 4.20779e-01
 4.20792e-01
 4.20682e-01
 4.20152e-01
 4.18923e-01
 4.16436e-01
 4.11627e-01
 4.02970e-01
 3.88420e-01
 3.65947e-01
 3.33473e-01
 2.99841e-01
 2.79457e-01
 2.68947e-01
 2.64395e-01
 2.62914e-01
 2.62783e-01
 4.46026e-01
 4.37708e-01
 4.31242e-01
 4.26594e-01
 4.23576e-01
 4.21871e-01
 4.21095e-01
 4.20830e-01
 4.20779e-01
 4.20792e-01
 4.20682e-01
 4.20152e-01
 4.18923e-01
 4.16436e-01
 4.11627e-01
 4.02970e-01
 3.88420e-01
 3.65947e-01
 3.33473e-01
 2.99841e-01
 2.79457e-01
 2.68947e-01
 2.64395e-01
 2.62914e-01
 2.62783e-01
 4.46026e-01
 4.37708e-01
 4.31242e-01
 4.26594e-01
 4.23576e-01
 4.21871e-01
 4.21095e-01
 4.20830e-01
 4.20779e-01
 4.20792e-01
 4.20682e-01
 4.20152e-01
 4.18923e-01
 4.16436e-01
 4.11627e-01
 4.02970e-01
 3.88420e-01
 3.65947e-01
 3.33473e-01
 2.99841e-01
 2.79457e-01
 2.68947e-01
 2.64395e-01
 2.62914e-01
 2.62783e-01
 4.46026e-01
 4.37708e-01
 4.31242e-01
 4.26594e-01
 4.23576e-01
 4.21871e-01
 4.21095e-01
 4.20830e-01
 4.20779e-01
 4.20792e-01
 4.20682e-01
 4.20152e-01
 4.18923e-01
 4.16436e-01
 4.11627e-01
 4.02970e-01
 3.88420e-01
 3.65947e-01
 3.33473e-01
 2.99841e-01
 2.79457e-01
 2.68947e-01
 2.64395e-01
 2.62914e-01
 2.62783e-01
 4.46026e-01
 4.37708e-01
 4.31242e-01
 4.26594e-01
 4.23576e-01
 4.21871e-01
 4.21095e-01
 4.20830e-01
 4.20779e-01
 4.20792e-01
 4.20682e-01
 4.20152e-01
 4.18923e-01
 4.16436e-01
 4.11627e-01
 4.02970e-01
 3.88420e-01
 3.65947e-01
 3.33473e-01
 2.99841e-01
 2.79457e-01
 2.68947e-01
 2.64395e-01
 2.62914e-01
 2.62783e-01
 4.46026e-01
 4.37708e-01
 4.31242e-01
 4.26594e-01
 4.23576e-01
 4.21871e-01
 4.21095e-01
 4.20830e-01
 4.20779e-01
 4.20792e-01
 4.20682e-01
 4.20152e-01
 4.18923e-01
 4.16436e-01
 4.11627e-01
 4.02970e-01
 3.88420e-01
 3.65947e-01
 3.33473e-01
 2.99841e-01
 2.79457e-01
 2.68947e-01
 2.64395e-01
 2.62914e-01
 2.62783e-01
 4.46026e-01
 4.37708e-01
 4.31242e-01
 4.26594e-01
 4.23576e-01
 4.21871e-01
 4.21095e-01
 4.20830e-01
 4.20779e-01
 4.20792e-01
 4.20682e-01
 4.20152e-01
 4.18923e-01
 4.16436e-01
 4.11627e-01
 4.02970e-01
 3.88420e-01
 3.65947e-01
 3.33473e-01
 2.99841e-01
 2.79457e-01
 2.68947e-01
 2.64395e-01
 2.62914e-01
 2.62783e-01
 4.46026e-01
 4.37708e-01
 4.31242e-01
 4.26594e-01
 4.23576e-01
 4.21871e-01
 4.21095e-01
 4.20830e-01
 4.20779e-01
 4.20792e-01
 4.20682e-01
 4.20152e-01
 4.18923e-01
 4.16436e-01
 4.11627e-01
 4.02970e-01
 3.88420e-01
 3.65947e-01
 3.33473e-01
 2.99841e-01
 2.79457e-01
 2.68947e-01
 2.64395e-01
 2.62914e-01
 2.62783e-01
 4.46026e-01
 4.37708e-01
 4.31242e-01
 4.26594e-01
 4.23576e-01
 4.21871e-01
 4.21095e-01
 4.20830e-01
 4.20779e-01
 4.20792e-01
 4.20682e-01
 4.20152e-01
 4.18923e-01
 4.16436e-01
 4.11627e-01
 4.02970e-01
 3.88420e-01
 3.65947e-01
 3.33473e-01
 2.99841e-01
 2.79457e-01
 2.68947e-01
 2.64395e-01
 2.62914e-01
 2.62783e-01
 4.46026e-01
 4.37708e-01
 4.31242e-01
 4.26594e-01
 4.23576e-01
 4.21871e-01
 4.21095e-01
 4.20830e-01
 4.20779e-01
 4.20792e-01
 4.20682e-01
 4.20152e-01
 4.18923e-01
 4.16436e-01
 4.11627e-01
 4.02970e-01
 3.88420e-01
 3.65947e-01
 3.33473e-01
 2.99841e-01
 2.79457e-01
 2.68947e-01
 2.64395e-01
 2.62914e-01
 2.62783e-01
 4.46026e-01
 4.37708e-01
 4.31242e-01
 4.26594e-01
 4.23576e-01
 4.21871e-01
 4.21095e-01
 4.20830e-01
 4.20779e-01
 4.20792e-01
 4.20682e-01
 4.20152e-01
 4.18923e-01
 4.16436e-01
 4.11627e-01
 4.02970e-01
 3.88420e-01
 3.65947e-01
 3.33473e-01
 2.99841e-01
 2.79457e-01
 2.68947e-01
 2.64395e-01
 2.62914e-01
 2.62783e-01
 4.46026e-01
 4.37708e-01
 4.31242e-01
 4.26594e-01
 4.23576e-01
 4.21871e-01
 4.21095e-01
 4.20830e-01
 4.20779e-01
 4.20792e-01
 4.20682e-01
 4.20152e-01
 4.18923e-01
 4.16436e-01
 4.11627e-01
 4.02970e-01
 3.88420e-01
 3.65947e-01
 3.33473e-01
 2.99841e-01
 2.79457e-01
 2.68947e-01
 2.64395e-01
 2.62914e-01
 2.62783e-01
 4.46026e-01
 4.37708e-01
 4.31242e-01
 4.26594e-01
 4.23576e-01
 4.21871e-01
 4.21095e-01
 4.20830e-01
 4.20779e-01
 4.20792e-01
 4.20682e-01
 4.20152e-01
 4.18923e-01
 4.16436e-01
 4.11627e-01
 4.02970e-01
 3.88420e-01
 3.65947e-01
 3.33473e-01
 2.99841e-01
 2.79457e-01
 2.68947e-01
 2.64395e-01
 2.62914e-01
 2.62783e-01
 4.46026e-01
 4.37708e-01
 4.31242e-01
 4.26594e-01
 4.23576e-01
 4.21871e-01
 4.21095e-01
 4.20830e-01
 4.20779e-01
 4.20792e-01
 4.20682e-01
 4.20152e-01
 4.18923e-01
 4.16436e-01
 4.11627e-01
 4.02970e-01
 3.88420e-01
 3.65947e-01
 3.33473e-01
 2.99841e-01
 2.79457e-01
 2.68947e-01
 2.64395e-01
 2.62914e-01
 2.62783e-01
 4.46026e-01
 4.37708e-01
 4.31242e-01
 4.26594e-01
 4.23576e-01
 4.21871e-01
 4.21095e-01
 4.20830e-01
 4.20779e-01
 4.20792e-01
 4.20682e-01
 4.20152e-01
 4.18923e-01
 4.16436e-01
 4.11627e-01
 4.02970e-01
 3.88420e-01
 3.65947e-01
 3.33473e-01
 2.99841e-01
 2.79457e-01
 2.68947e-01
 2.64395e-01
 2.62914e-01
 2.62783e-01
 4.46026e-01
 4.37708e-01
 4.31242e-01
 4.26594e-01
 4.23576e-01
 4.21871e-01
 4.21095e-01
 4.20830e-01
 4.20779e-01
 4.20792e-01
 4.20682e-01
 4.20152e-01
 4.18923e-01
 4.16436e-01
 4.11627e-01
 4.02970e-01
 3.88420e-01
 3.65947e-01
 3.33473e-01
 2.99841e-01
 2.79457e-01
 2.68947e-01
 2.64395e-01
 2.62914e-01
 2.62783e-01
part
         4
hexa8
 2.63115e-01
 2.63488e-01
 2.63667e-01
 2.63427e-01
 2.62406e-01
 2.59976e-01
 2.55118e-01
 2.46427e-01
 2.32489e-01
 2.12926e-01
 1.89515e-01
 1.66040e-01
 1.46890e-01
 1.34459e-01
 1.28207e-01
 1.25897e-01
 1.25228e-01
 1.25056e-01
 1.25013e-01
 1.25003e-01
 1.25001e-01
 1.25000e-01
 1.25000e-01
 1.25000e-01
 1.25000e-01
 2.63115e-01
 2.63488e-01
 2.63667e-01
 2.63427e-01
 2.62406e-01
 2.59976e-01
 2.55118e-01
 2.46427e-01
 2.32489e-01
 2.12926e-01
 1.89515e-01
 1.66040e-01
 1.46890e-01
 1.34459e-01
 1.28207e-01
 1.25897e-01
 1.25228e-01
 1.25056e-01
 1.25013e-01
 1.25003e-01
 1.25001e-01
 1.25000e-01
 1.25000e-01
 1.25000e-01
 1.25000e-01
 2.63115e-01
 2.63488e-01
 2.63667e-01
 2.63427e-01
 2.62406e-01
 2.59976e-01
 2.55118e-01
 2.46427e-01
 2.32489e-01
 2.12926e-01
 1.89515e-01
 1.66040e-01
 1.46890e-01
 1.34459e-01
 1.28207e-01
 1.25897e-01
 1.25228e-01
 1.25056e-01
 1.25013e-01
 1.25003e-01
 1.25001e-01
 1.25000e-01
 1.25000e-01
 1.25000e-01
 1.25000e-01
 2.63115e-01
 2.63488e-01
 2.63667e-01
 2.63427e-01
 2.62406e-01
 2.59976e-01
 2.55118e-01
 2.46427e-01
 2.32489e-01
 2.12926e-01
 1.89515e-01
 1.66040e-01
 1.46890e-01
 1.34459e-01
 1.28207e-01
 1.25897e-01
 1.25228e-01
 1.25056e-01
 1.25013e-01
 1.25003e-01
 1.25001e-01
 1.25000e-01
 1.25000e-01
 1.25000e-01
 1.25000e-01
 2.63115e-01
 2.63488e-01
 2.63667e-01
 2.63427e-01
 2.62406e-01
 2.59976e-01
 2.55118e-01
 2.46427e-01
 2.32489e-01
 2.12926e-01
 1.89515e-01
 1.66040e-01
 1.46890e-01
 1.34459e-01
 1.28207e-01
 1.25897e-01
 1.25228e-01
 1.25056e-01
 1.25013e-01
 1.25003e-01
 1.25001e-01
 1.25000e-01
 1.25000e-01
 1.25000e-01
 1.25000e-01
 2.63115e-01
 2.63488e-01
 2.63667e-01
 2.63427e-01
 2.62406e-01
 2.59976e-01
 2.55118e-01
 2.46427e-01
 2.32489e-01
 2.12926e-01
 1.89515e-01
 1.66040e-01
 1.46890e-01
 1.34459e-01
 1.28207e-01
 1.25897e-01
 1.25228e-01
 1.25056e-01
 1.25013e-01
 1.25003e-01
 1.25001e-01
 1.25000e-01
 1.25000e-01
 1.25000e-01
 1.25000e-01
 2.63115e-01
 2.63488e-01
 2.63667e-01
 2.63427e-01
 2.62406e-01
 2.59976e-01
 2.55118e-01
 2.46427e-01
 2.32489e-01
 2.12926e-01
 1.89515e-01
 1.66040e-01
 1.46890e-01
 1.34459e-01
 1.28207e-01
 1.25897e-01
 1.25228e-01
 1.25056e-01
 1.25013e-01
 1.25003e-01
 1.25001e-01
 1.25000e-01
 1.25000e-01
 1.25000e-01
 1.25000e-01
 2.63115e-01
 2.63488e-01
 2.63667e-01
 2.63427e-01
 2.62406e-01
 2.59976e-01
 2.55118e-01
 2.46427e-01
 2.32489e-01
 2.12926e-01
 1.89515e-01
 1.66040e-01
 1.46890e-01
 1.34459e-01
 1.28207e-01
 1.25897e-01
 1.25228e-01
 1.25056e-01
 1.25013e-01
 1.25003e-01
 1.25001e-01
 1.25000e-01
 1.25000e-01
 1.25000e-01
 1.25000e-01
 2.63115e-01
 2.63488e-01
 2.63667e-01
 2.63427e-01
 2.62406e-01
 2.59976e-01
 2.55118e-01
 2.46427e-01
 2.32489e-01
 2.12926e-01
 1.89515e-01
 1.66040e-01
 1.46890e-01
 1.34459e-01
 1.28207e-01
 1.25897e-01
 1.25228e-01
 1.25056e-01
 1.25013e-01
 1.25003e-01
 1.25001e-01
 1.25000e-01
 1.25000e-01
 1.25000e-01
 1.25000e-01
 2.63115e-01
 2.63488e-01
 2.63667e-01
 2.63427e-01
 2.62406e-01
 2.59976e-01
 2.55118e-01
 2.46427e-01
 2.32489e-01
 2.12926e-01
 1.89515e-01
 1.66040e-01
 1.46890e-01
 1.34459e-01
 1.28207e-01
 1.25897e-01
 1.25228e-01
 1.25056e-01
 1.25013e-01
 1.25003e-01
 1.25001e-01
 1.25000e-01
 1.25000e-01
 1.25000e-01
 1.25000e-01
 2.63115e-01
 2.63488e-01
 2.63667e-01
 2.63427e-01
 2.62406e-01
 2.59976e-01
 2.55118e-01
 2.46427e-01
 2.32489e-01
 2.12926e-01
 1.89515e-01
 1.66040e-01
 1.46890e-01
 1.34459e-01
 1.28207e-01
 1.25897e-01
 1.25228e-01
 1.25056e-01
 1.25013e-01
 1.25003e-01
 1.25001e-01
 1.25000e-01
 1.25000e-01
 1.25000e-01
 1.25000e-01
 2.63115e-01
 2.63488e-01
 2.63667e-01
 2.63427e-01
 2.62406e-01
 2.59976e-01
 2.55118e-01
 2.46427e-01
 2.32489e-01
 2.12926e-01
 1.89515e-01
 1.66040e-01
 1.46890e-01
 1.34459e-01
 1.28207e-01
 1.25897e-01
 1.25228e-01
 1.25056e-01
 1.25013e-01
 1.25003e-01
 1.25001e-01
 1.25000e-01
 1.25000e-01
 1.25000e-01
 1.25000e-01
 2.63115e-01
 2.63488e-01
 2.63667e-01
 2.63427e-01
 2.62406e-01
 2.59976e-01
 2.55118e-01
 2.46427e-01
 2.32489e-01
 2.12926e-01
 1.89515e-01
 1.66040e-01
 1.46890e-01
 1.34459e-01
 1.28207e-01
 1.25897e-01
 1.25228e-01
 1.25056e-01
 1.25013e-01
 1.25003e-01
 1.25001e-01
 1.25000e-01
 1.25000e-01
 1.25000e-01
 1.25000e-01
 2.63115e-01
 2.63488e-01
 2.63667e-01
 2.63427e-01
 2.62406e-01
 2.59976e-01
 2.55118e-01
 2.46427e-01
 2.32489e-01
 2.12926e-01
 1.89515e-01
 1.66040e-01
 1.46890e-01
 1.34459e-01
 1.28207e-01
 1.25897e-01
 1.25228e-01
 1.25056e-01
 1.25013e-01
 1.25003e-01
 1.25001e-01
 1.25000e-01
 1.25000e-01
 1.25000e-01
 1.25000e-01
 2.63115e-01
 2.63488e-01
 2.63667e-01
 2.63427e-01
 2.62406e-01
 2.59976e-01
 2.55118e-01
 2.46427e-01
 2.32489e-01
 2.12926e-01
 1.89515e-01
 1.66040e-01
 1.46890e-01
 1.34459e-01
 1.28207e-01
 1.25897e-01
 1.25228e-01
 1.25056e-01
 1.25013e-01
 1.25003e-01
 1.25001e-01
 1.25000e-01
 1.25000e-01
 1.25000e-01
 1.25000e-01
 2.63115e-01
 2.63488e-01
 2.63667e-01
 2.63427e-01
 2.62406e-01
 2.59976e-01
 2.55118e-01
 2.46427e-01
 2.32489e-01
 2.12926e-01
 1.89515e-01
 1.66040e-01
 1.46890e-01
 1.34459e-01
 1.28207e-01
 1.25897e-01
 1.25228e-01
 1.25056e-01
 1.25013e-01
 1.25003e-01
 1.25001e-01
 1.25000e-01
 1.25000e-01
 1.25000e-01
 1.25000e-01
 2.63115e-01
 2.63488e-01
 2.63667e-01
 2.63427e-01
 2.62406e-01
 2.59976e-01
 2.55118e-01
 2.46427e-01
 2.32489e-01
 2.12926e-01
 1.89515e-01
 1.66040e-01
 1.46890e-01
 1.34459e-01
 1.28207e-01
 1.25897e-01
 1.25228e-01
 1.25056e-01
 1.25013e-01
 1.25003e-01
 1.25001e-01
 1.25000e-01
 1.25000e-01
 1.25000e-01
 1.25000e-01
 2.63115e-01
 2.63488e-01
 2.63667e-01
 2.63427e-01
 2.62406e-01
 2.59976e-01
 2.55118e-01
 2.46427e-01
 2.32489e-01
 2.12926e-01
 1.89515e-01
 1.66040e-01
 1.46890e-01
 1.34459e-01
 1.28207e-01
 1.25897e-01
 1.25228e-01
 1.25056e-01
 1.25013e-01
 1.25003e-01
 1.25001e-01
 1.25000e-01
 1.25000e-01
 1.25000e-01
 1.25000e-01
 2.63115e-01
 2.63488e-01
 2.63667e-01
 2.63427e-01
 2.62406e-01
 2.59976e-01
 2.55118e-01
 2.46427e-01
 2.32489e-01
 2.12926e-01
 1.89515e-01
 1.66040e-01
 1.46890e-01
 1.34459e-01
 1.28207e-01
 1.25897e-01
 1.25228e-01
 1.25056e-01
 1.25013e-01
 1.25003e-01
 1.25001e-01
 1.25000e-01
 1.25000e-01
 1.25000e-01
 1.25000e-01
 2.63115e-01
 2.63488e-01
 2.63667e-01
 2.63427e-01
 2.62406e-01
 2.59976e-01
 2.55118e-01
 2.46427e-01
 2.32489e-01
 2.12926e-01
 1.89515e-01
 1.66040e-01
 1.46890e-01
 1.34459e-01
 1.28207e-01
 1.25897e-01
 1.25228e-01
 1.25056e-01
 1.25013e-01
 1.25003e-01
 1.25001e-01
 1.25000e-01
 1.25000e-01
 1.25000e-01
 1.25000e-01
 2.63115e-01
 2.63488e-01
 2.63667e-01
 2.63427e-01
 2.62406e-01
 2.59976e-01
 2.55118e-01
 2.46427e-01
 2.32489e-01
 2.12926e-01
 1.89515e-01
 1.66040e-01
 1.46890e-01
 1.34459e-01
 1.28207e-01
 1.25897e-01
 1.25228e-01
 1.25056e-01
 1.25013e-01
 1.25003e-01
 1.25001e-01
 1.25000e-01
 1.25000e-01
 1.25000e-01
 1.25000e-01
 2.63115e-01
 2.63488e-01
 2.63667e-01
 2.63427e-01
 2.62406e-01
 2.59976e-01
 2.55118e-01
 2.46427e-01
 2.32489e-01
 2.12926e-01
 1.89515e-01
 1.66040e-01
 1.46890e-01
 1.34459e-01
 1.28207e-01
 1.25897e-01
 1.25228e-01
 1.25056e-01
 1.25013e-01
 1.25003e-01
 1.25001e-01
 1.25000e-01
 1.25000e-01
 1.25000e-01
 1.25000e-01
 2.63115e-01
 2.63488e-01
 2.63667e-01
 2.63427e-01
 2.62406e-01
 2.59976e-01
 2.55118e-01
 2.46427e-01
 2.32489e-01
 2.12926e-01
 1.89515e-01
 1.66040e-01
 1.46890e-01
 1.34459e-01
 1.28207e-01
 1.25897e-01
 1.25228e-01
 1.25056e-01
 1.25013e-01
 1.25003e-01
 1.25001e-01
 1.25000e-01
 1.25000e-01
 1.25000e-01
 1.25000e-01
 2.63115e-01
 2.63488e-01
 2.63667e-01
 2.63427e-01
 2.62406e-01
 2.59976e-01
 2.55118e-01
 2.46427e-01
 2.32489e-01
 2.12926e-01
 1.89515e-01
 1.66040e-01
 1.46890e-01
 1.34459e-01
 1.28207e-01
 1.25897e-01
 1.25228e-01
 1.25056e-01
 1.25013e-01
 1.25003e-01
 1.25001e-01
 1.25000e-01
 1.25000e-01
 1.25000e-01
 1.25000e-01
 2.63115e-01
 2.63488e-01
 2.63667e-01
 2.63427e-01
 2.62406e-01
 2.59976e-01
 2.55118e-01
 2.46427e-01
 2.32489e-01
 2.12926e-01
 1.89515e-01
 1.66040e-01
 1.46890e-01
 1.34459e-01
 1.28207e-01
 1.25897e-01
 1.25228e-01
 1.25056e-01
 1.25013e-01
 1.25003e-01
 1.25001e-01
 1.25000e-01
 1.25000e-01
 1.25000e-01
 1.25000e-01
