Pressure
part
         1
hexa8
 1.00000e+00
 1.00000e+00
 1.00000e+00
 1.00000e+00
 1.00000e+00
 1.00000e+00
 1.00000e+00
 1.00000e+00
 1.00000e+00
 1.00000e+00
 1.00000e+00
 1.00000e+00
 1.00000e+00
 1.00000e+00
 1.00000e+00
 1.00000e+00
 1.00000e+00
 1.00000e+00
 1.00000e+00
 1.00000e+00
 1.00000e+00
 1.00000e+00
 1.00000e+00
 1.00000e+00
 1.00000e+00
 1.00000e+00
 1.00000e+00
 1.00000e+00
 1.00000e+00
 1.00000e+00
 1.00000e+00
 1.00000e+00
 1.00000e+00
 1.00000e+00
 1.00000e+00
 1.00000e+00
 1.00000e+00
 1.00000e+00
 1.00000e+00
 1.00000e+00
 1.00000e+00
 1.00000e+00
 1.00000e+00
 1.00000e+00
 1.00000e+00
 1.00000e+00
 1.00000e+00
 1.00000e+00
 1.00000e+00
 1.00000e+00
 1.00000e+00
 1.00000e+00
 1.00000e+00
 1.00000e+00
 1.00000e+00
 1.00000e+00
 1.00000e+00
 1.00000e+00
 1.00000e+00
 1.00000e+00
 1.00000e+00
 1.00000e+00
 1.00000e+00
 1.00000e+00
 1.00000e+00
 1.00000e+00
 1.00000e+00
 1.00000e+00
 1.00000e+00
 1.00000e+00
 1.00000e+00
 1.00000e+00
 1.00000e+00
 1.00000e+00
 1.00000e+00
 1.00000e+00
 1.00000e+00
 1.00000e+00
 1.00000e+00
 1.00000e+00
 1.00000e+00
 1.00000e+00
 1.00000e+00
 1.00000e+00
 1.00000e+00
 1.00000e+00
 1.00000e+00
 1.00000e+00
 1.00000e+00
 1.00000e+00
 1.00000e+00
 1.00000e+00
 1.00000e+00
 1.00000e+00
 1.00000e+00
 1.00000e+00
 1.00000e+00
 1.00000e+00
 1.00000e+00
 1.00000e+00
 1.00000e+00
 1.00000e+00
 1.00000e+00
 1.00000e+00
 1.00000e+00
 1.00000e+00
 1.00000e+00
 1.00000e+00
 1.00000e+00
 1.00000e+00
 1.00000e+00
 1.00000e+00
 1.00000e+00
 1.00000e+00
 1.00000e+00
 1.00000e+00
 1.00000e+00
 1.00000e+00
 1.00000e+00
 1.00000e+00
 1.00000e+00
 1.00000e+00
 1.00000e+00
 1.00000e+00
 1.00000e+00
 1.00000e+00
 1.00000e+00
 1.00000e+00
 1.00000e+00
 1.00000e+00
 1.00000e+00
 1.00000e+00
 1.00000e+00
 1.00000e+00
 1.00000e+00
 1.00000e+00
 1.00000e+00
 1.00000e+00
 1.00000e+00
 1.00000e+00
 1.00000e+00
 1.00000e+00
 1.00000e+00
 1.00000e+00
 1.00000e+00
 1.00000e+00
 1.00000e+00
 1.00000e+00
 1.00000e+00
 1.00000e+00
 1.00000e+00
 1.00000e+00
 1.00000e+00
 1.00000e+00
 1.00000e+00
 1.00000e+00
 1.00000e+00
 1.00000e+00
 1.00000e+00
 1.00000e+00
 1.00000e+00
 1.00000e+00
 1.00000e+00
 1.00000e+00
 1.00000e+00
 1.00000e+00
 1.00000e+00
 1.00000e+00
 1.00000e+00
 1.00000e+00
 1.00000e+00
 1.00000e+00
 1.00000e+00
 1.00000e+00
 1.00000e+00
 1.00000e+00
 1.00000e+00
 1.00000e+00
 1.00000e+00
 1.00000e+00
 1.00000e+00
 1.00000e+00
 1.00000e+00
 1.00000e+00
 1.00000e+00
 1.00000e+00
 1.00000e+00
 1.00000e+00
 1.00000e+00
 1.00000e+00
 1.00000e+00
 1.00000e+00
 1.00000e+00
 1.00000e+00
 1.00000e+00
 1.00000e+00
 1.00000e+00
 1.00000e+00
 1.00000e+00
 1.00000e+00
 1.00000e+00
 1.00000e+00
 1.00000e+00
 1.00000e+00
 1.00000e+00
 1.00000e+00
 1.00000e+00
 1.00000e+00
 1.00000e+00
 1.00000e+00
 1.00000e+00
 1.00000e+00
 1.00000e+00
 1.00000e+00
 1.00000e+00
 1.00000e+00
 1.00000e+00
 1.00000e+00
 1.00000e+00
 1.00000e+00
 1.00000e+00
 1.00000e+00
 1.00000e+00
 1.00000e+00
 1.00000e+00
 1.00000e+00
 1.00000e+00
 1.00000e+00
 1.00000e+00
 1.00000e+00
 1.00000e+00
 1.00000e+00
 1.00000e+00
 1.00000e+00
 1.00000e+00
 1.00000e+00
 1.00000e+00
 1.00000e+00
 1.00000e+00
 1.00000e+00
 1.00000e+00
 1.00000e+00
 1.00000e+00
 1.00000e+00
 1.00000e+00
 1.00000e+00
 1.00000e+00
 1.00000e+00
 1.00000e+00
 1.00000e+00
 1.00000e+00
 1.00000e+00
 1.00000e+00
 1.00000e+00
 1.00000e+00
 1.00000e+00
 1.00000e+00
 1.00000e+00
 1.00000e+00
 1.00000e+00
 1.00000e+00
 1.00000e+00
 1.00000e+00
 1.00000e+00
 1.00000e+00
 1.00000e+00
 1.00000e+00
 1.00000e+00
 1.00000e+00
 1.00000e+00
 1.00000e+00
 1.00000e+00
 1.00000e+00
 1.00000e+00
 1.00000e+00
 1.00000e+00
 1.00000e+00
 1.00000e+00
 1.00000e+00
 1.00000e+00
 1.00000e+00
 1.00000e+00
 1.00000e+00
 1.00000e+00
 1.00000e+00
 1.00000e+00
 1.00000e+00
 1.00000e+00
 1.00000e+00
 1.00000e+00
 1.00000e+00
 1.00000e+00
 1.00000e+00
 1.00000e+00
 1.00000e+00
 1.00000e+00
 1.00000e+00
 1.00000e+00
 1.00000e+00
 1.00000e+00
 1.00000e+00
 1.00000e+00
 1.00000e+00
 1.00000e+00
 1.00000e+00
 1.00000e+00
 1.00000e+00
 1.00000e+00
 1.00000e+00
 1.00000e+00
 1.00000e+00
 1.00000e+00
 1.00000e+00
 1.00000e+00
 1.00000e+00
 1.00000e+00
 1.00000e+00
 1.00000e+00
 1.00000e+00
 1.00000e+00
 1.00000e+00
 1.00000e+00
 1.00000e+00
 1.00000e+00
 1.00000e+00
 1.00000e+00
 1.00000e+00
 1.00000e+00
 1.00000e+00
 1.00000e+00
 1.00000e+00
 1.00000e+00
 1.00000e+00
 1.00000e+00
 1.00000e+00
 1.00000e+00
 1.00000e+00
 1.00000e+00
 1.00000e+00
 1.00000e+00
 1.00000e+00
 1.00000e+00
 1.00000e+00
 1.00000e+00
 1.00000e+00
 1.00000e+00
 1.00000e+00
 1.00000e+00
 1.00000e+00
 1.00000e+00
 1.00000e+00
 1.00000e+00
 1.00000e+00
 1.00000e+00
 1.00000e+00
 1.00000e+00
 1.00000e+00
 1.00000e+00
 1.00000e+00
 1.00000e+00
 1.00000e+00
 1.00000e+00
 1.00000e+00
 1.00000e+00
 1.00000e+00
 1.00000e+00
 1.00000e+00
 1.00000e+00
 1.00000e+00
 1.00000e+00
 1.00000e+00
 1.00000e+00
 1.00000e+00
 1.00000e+00
 1.00000e+00
 1.00000e+00
 1.00000e+00
 1.00000e+00
 1.00000e+00
 1.00000e+00
 1.00000e+00
 1.00000e+00
 1.00000e+00
 1.00000e+00
 1.00000e+00
 1.00000e+00
 1.00000e+00
 1.00000e+00
 1.00000e+00
 1.00000e+00
 1.00000e+00
 1.00000e+00
 1.00000e+00
 1.00000e+00
 1.00000e+00
 1.00000e+00
 1.00000e+00
 1.00000e+00
 1.00000e+00
 1.00000e+00
 1.00000e+00
 1.00000e+00
 1.00000e+00
 1.00000e+00
 1.00000e+00
 1.00000e+00
 1.00000e+00
 1.00000e+00
 1.00000e+00
 1.00000e+00
 1.00000e+00
 1.00000e+00
 1.00000e+00
 1.00000e+00
 1.00000e+00
 1.00000e+00
 1.00000e+00
 1.00000e+00
 1.00000e+00
 1.00000e+00
 1.00000e+00
 1.00000e+00
 1.00000e+00
 1.00000e+00
 1.00000e+00
 9.99999e-01
 9.99999e-01
 9.99999e-01
 9.99999e-01
 9.99999e-01
 9.99999e-01
 9.99999e-01
 9.99999e-01
 9.99999e-01
 9.99999e-01
 9.99999e-01
 9.99999e-01
 9.99999e-01
 9.99999e-01
 9.99999e-01
 9.99999e-01
 9.99999e-01
 9.99999e-01
 9.99999e-01
 9.99999e-01
 9.99999e-01
 9.99999e-01
 9.99999e-01
 9.99999e-01
 9.99999e-01
 9.99996e-01
 9.99996e-01
 9.99996e-01
 9.99996e-01
 9.99996e-01
 9.99996e-01
 9.99996e-01
 9.99996e-01
 9.99996e-01
 9.99996e-01
 9.99996e-01
 9.99996e-01
 9.99996e-01
 9.99996e-01
 9.99996e-01
 9.99996e-01
 9.99996e-01
 9.99996e-01
 9.99996e-01
 9.99996e-01
 9.99996e-01
 9.99996e-01
 9.99996e-01
 9.99996e-01
 9.99996e-01
 9.99980e-01
 9.99980e-01
 9.99980e-01
 9.99980e-01
 9.99980e-01
 9.99980e-01
 9.99980e-01
 9.99980e-01
 9.99980e-01
 9.99980e-01
 9.99980e-01
 9.99980e-01
 9.99980e-01
 9.99980e-01
 9.99980e-01
 9.99980e-01
 9.99980e-01
 9.99980e-01
 9.99980e-01
 9.99980e-01
 9.99980e-01
 9.99980e-01
 9.99980e-01
 9.99980e-01
 9.99980e-01
 9.99910e-01
 9.99910e-01
 9.99910e-01
 9.99910e-01
 9.99910e-01
 9.99910e-01
 9.99910e-01
 9.99910e-01
 9.99910e-01
 9.99910e-01
 9.99910e-01
 9.99910e-01
 9.99910e-01
 9.99910e-01
 9.99910e-01
 9.99910e-01
 9.99910e-01
 9.99910e-01
 9.99910e-01
 9.99910e-01
 9.99910e-01
 9.99910e-01
 9.99910e-01
 9.99910e-01
 9.99910e-01
 9.99630e-01
 9.99630e-01
 9.99630e-01
 9.99630e-01
 9.99630e-01
 9.99630e-01
 9.99630e-01
 9.99630e-01
 9.99630e-01
 9.99630e-01
 9.99630e-01
 9.99630e-01
 9.99630e-01
 9.99630e-01
 9.99630e-01
 9.99630e-01
 9.99630e-01
 9.99630e-01
 9.99630e-01
 9.99630e-01
 9.99630e-01
 9.99630e-01
 9.99630e-01
 9.99630e-01
 9.99630e-01
 9.98668e-01
 9.98668e-01
 9.98668e-01
 9.98668e-01
 9.98668e-01
 9.98668e-01
 9.98668e-01
 9.98668e-01
 9.98668e-01
 9.98668e-01
 9.98668e-01
 9.98668e-01
 9.98668e-01
 9.98668e-01
 9.98668e-01
 9.98668e-01
 9.98668e-01
 9.98668e-01
 9.98668e-01
 9.98668e-01
 9.98668e-01
 9.98668e-01
 9.98668e-01
 9.98668e-01
 9.98668e-01
 9.95854e-01
 9.95854e-01
 9.95854e-01
 9.95854e-01
 9.95854e-01
 9.95854e-01
 9.95854e-01
 9.95854e-01
 9.95854e-01
 9.95854e-01
 9.95854e-01
 9.95854e-01
 9.95854e-01
 9.95854e-01
 9.95854e-01
 9.95854e-01
 9.95854e-01
 9.95854e-01
 9.95854e-01
 9.95854e-01
 9.95854e-01
 9.95854e-01
 9.95854e-01
 9.95854e-01
 9.95854e-01
 9.88994e-01
 9.88994e-01
 9.88994e-01
 9.88994e-01
 9.88994e-01
 9.88994e-01
 9.88994e-01
 9.88994e-01
 9.88994e-01
 9.88994e-01
 9.88994e-01
 9.88994e-01
 9.88994e-01
 9.88994e-01
 9.88994e-01
 9.88994e-01
 9.88994e-01
 9.88994e-01
 9.88994e-01
 9.88994e-01
 9.88994e-01
 9.88994e-01
 9.88994e-01
 9.88994e-01
 9.88994e-01
part
         2
hexa8
 9.75330e-01
 9.75330e-01
 9.75330e-01
 9.75330e-01
 9.75330e-01
 9.75330e-01
 9.75330e-01
 9.75330e-01
 9.75330e-01
 9.75330e-01
 9.75330e-01
 9.75330e-01
 9.75330e-01
 9.75330e-01
 9.75330e-01
 9.75330e-01
 9.75330e-01
 9.75330e-01
 9.75330e-01
 9.75330e-01
 9.75330e-01
 9.75330e-01
 9.75330e-01
 9.75330e-01
 9.75330e-01
 9.53219e-01
 9.53219e-01
 9.53219e-01
 9.53219e-01
 9.53219e-01
 9.53219e-01
 9.53219e-01
 9.53219e-01
 9.53219e-01
 9.53219e-01
 9.53219e-01
 9.53219e-01
 9.53219e-01
 9.53219e-01
 9.53219e-01
 9.53219e-01
 9.53219e-01
 9.53219e-01
 9.53219e-01
 9.53219e-01
 9.53219e-01
 9.53219e-01
 9.53219e-01
 9.53219e-01
 9.53219e-01
 9.23548e-01
 9.23548e-01
 9.23548e-01
 9.23548e-01
 9.23548e-01
 9.23548e-01
 9.23548e-01
 9.23548e-01
 9.23548e-01
 9.23548e-01
 9.23548e-01
 9.23548e-01
 9.23548e-01
 9.23548e-01
 9.23548e-01
 9.23548e-01
 9.23548e-01
 9.23548e-01
 9.23548e-01
 9.23548e-01
 9.23548e-01
 9.23548e-01
 9.23548e-01
 9.23548e-01
 9.23548e-01
 8.88941e-01
 8.88941e-01
 8.88941e-01
 8.88941e-01
 8.88941e-01
 8.88941e-01
 8.88941e-01
 8.88941e-01
 8.88941e-01
 8.88941e-01
 8.88941e-01
 8.88941e-01
 8.88941e-01
 8.88941e-01
 8.88941e-01
 8.88941e-01
 8.88941e-01
 8.88941e-01
 8.88941e-01
 8.88941e-01
 8.88941e-01
 8.88941e-01
 8.88941e-01
 8.88941e-01
 8.88941e-01
 8.51915e-01
 8.51915e-01
 8.51915e-01
 8.51915e-01
 8.51915e-01
 8.51915e-01
 8.51915e-01
 8.51915e-01
 8.51915e-01
 8.51915e-01
 8.51915e-01
 8.51915e-01
 8.51915e-01
 8.51915e-01
 8.51915e-01
 8.51915e-01
 8.51915e-01
 8.51915e-01
 8.51915e-01
 8.51915e-01
 8.51915e-01
 8.51915e-01
 8.51915e-01
 8.51915e-01
 8.51915e-01
 8.14092e-01
 8.14092e-01
 8.14092e-01
 8.14092e-01
 8.14092e-01
 8.14092e-01
 8.14092e-01
 8.14092e-01
 8.14092e-01
 8.14092e-01
 8.14092e-01
 8.14092e-01
 8.14092e-01
 8.14092e-01
 8.14092e-01
 8.14092e-01
 8.14092e-01
 8.14092e-01
 8.14092e-01
 8.14092e-01
 8.14092e-01
 8.14092e-01
 8.14092e-01
 8.14092e-01
 8.14092e-01
 7.76349e-01
 7.76349e-01
 7.76349e-01
 7.76349e-01
 7.76349e-01
 7.76349e-01
 7.76349e-01
 7.76349e-01
 7.76349e-01
 7.76349e-01
 7.76349e-01
 7.76349e-01
 7.76349e-01
 7.76349e-01
 7.76349e-01
 7.76349e-01
 7.76349e-01
 7.76349e-01
 7.76349e-01
 7.76349e-01
 7.76349e-01
 7.76349e-01
 7.76349e-01
 7.76349e-01
 7.76349e-01
 7.39296e-01
 7.39296e-01
 7.39296e-01
 7.39296e-01
 7.39296e-01
 7.39296e-01
 7.39296e-01
 7.39296e-01
 7.39296e-01
 7.39296e-01
 7.39296e-01
 7.39296e-01
 7.39296e-01
 7.39296e-01
 7.39296e-01
 7.39296e-01
 7.39296e-01
 7.39296e-01
 7.39296e-01
 7.39296e-01
 7.39296e-01
 7.39296e-01
 7.39296e-01
 7.39296e-01
 7.39296e-01
 7.03219e-01
 7.03219e-01
 7.03219e-01
 7.03219e-01
 7.03219e-01
 7.03219e-01
 7.03219e-01
 7.03219e-01
 7.03219e-01
 7.03219e-01
 7.03219e-01
 7.03219e-01
 7.03219e-01
 7.03219e-01
 7.03219e-01
 7.03219e-01
 7.03219e-01
 7.03219e-01
 7.03219e-01
 7.03219e-01
 7.03219e-01
 7.03219e-01
 7.03219e-01
 7.03219e-01
 7.03219e-01
 6.68214e-01
 6.68214e-01
 6.68214e-01
 6.68214e-01
 6.68214e-01
 6.68214e-01
 6.68214e-01
 6.68214e-01
 6.68214e-01
 6.68214e-01
 6.68214e-01
 6.68214e-01
 6.68214e-01
 6.68214e-01
 6.68214e-01
 6.68214e-01
 6.68214e-01
 6.68214e-01
 6.68214e-01
 6.68214e-01
 6.68214e-01
 6.68214e-01
 6.68214e-01
 6.68214e-01
 6.68214e-01
 6.34278e-01
 6.34278e-01
 6.34278e-01
 6.34278e-01
 6.34278e-01
 6.34278e-01
 6.34278e-01
 6.34278e-01
 6.34278e-01
 6.34278e-01
 6.34278e-01
 6.34278e-01
 6.34278e-01
 6.34278e-01
 6.34278e-01
 6.34278e-01
 6.34278e-01
 6.34278e-01
 6.34278e-01
 6.34278e-01
 6.34278e-01
 6.34278e-01
 6.34278e-01
 6.34278e-01
 6.34278e-01
 6.01351e-01
 6.01351e-01
 6.01351e-01
 6.01351e-01
 6.01351e-01
 6.01351e-01
 6.01351e-01
 6.01351e-01
 6.01351e-01
 6.01351e-01
 6.01351e-01
 6.01351e-01
 6.01351e-01
 6.01351e-01
 6.01351e-01
 6.01351e-01
 6.01351e-01
 6.01351e-01
 6.01351e-01
 6.01351e-01
 6.01351e-01
 6.01351e-01
 6.01351e-01
 6.01351e-01
 6.01351e-01
 5.69551e-01
 5.69551e-01
 5.69551e-01
 5.69551e-01
 5.69551e-01
 5.69551e-01
 5.69551e-01
 5.69551e-01
 5.69551e-01
 5.69551e-01
 5.69551e-01
 5.69551e-01
 5.69551e-01
 5.69551e-01
 5.69551e-01
 5.69551e-01
 5.69551e-01
 5.69551e-01
 5.69551e-01
 5.69551e-01
 5.69551e-01
 5.69551e-01
 5.69551e-01
 5.69551e-01
 5.69551e-01
 5.40247e-01
 5.40247e-01
 5.40247e-01
 5.40247e-01
 5.40247e-01
 5.40247e-01
 5.40247e-01
 5.40247e-01
 5.40247e-01
 5.40247e-01
 5.40247e-01
 5.40247e-01
 5.40247e-01
 5.40247e-01
 5.40247e-01
 5.40247e-01
 5.40247e-01
 5.40247e-01
 5.40247e-01
 5.40247e-01
 5.40247e-01
 5.40247e-01
 5.40247e-01
 5.40247e-01
 5.40247e-01
 5.12495e-01
 5.12495e-01
 5.12495e-01
 5.12495e-01
 5.12495e-01
 5.12495e-01
 5.12495e-01
 5.12495e-01
 5.12495e-01
 5.12495e-01
 5.12495e-01
 5.12495e-01
 5.12495e-01
 5.12495e-01
 5.12495e-01
 5.12495e-01
 5.12495e-01
 5.12495e-01
 5.12495e-01
 5.12495e-01
 5.12495e-01
 5.12495e-01
 5.12495e-01
 5.12495e-01
 5.12495e-01
 4.86602e-01
 4.86602e-01
 4.86602e-01
 4.86602e-01
 4.86602e-01
 4.86602e-01
 4.86602e-01
 4.86602e-01
 4.86602e-01
 4.86602e-01
 4.86602e-01
 4.86602e-01
 4.86602e-01
 4.86602e-01
 4.86602e-01
 4.86602e-01
 4.86602e-01
 4.86602e-01
 4.86602e-01
 4.86602e-01
 4.86602e-01
 4.86602e-01
 4.86602e-01
 4.86602e-01
 4.86602e-01
 4.61742e-01
 4.61742e-01
 4.61742e-01
 4.61742e-01
 4.61742e-01
 4.61742e-01
 4.61742e-01
 4.61742e-01
 4.61742e-01
 4.61742e-01
 4.61742e-01
 4.61742e-01
 4.61742e-01
 4.61742e-01
 4.61742e-01
 4.61742e-01
 4.61742e-01
 4.61742e-01
 4.61742e-01
 4.61742e-01
 4.61742e-01
 4.61742e-01
 4.61742e-01
 4.61742e-01
 4.61742e-01
 4.38861e-01
 4.38861e-01
 4.38861e-01
 4.38861e-01
 4.38861e-01
 4.38861e-01
 4.38861e-01
 4.38861e-01
 4.38861e-01
 4.38861e-01
 4.38861e-01
 4.38861e-01
 4.38861e-01
 4.38861e-01
 4.38861e-01
 4.38861e-01
 4.38861e-01
 4.38861e-01
 4.38861e-01
 4.38861e-01
 4.38861e-01
 4.38861e-01
 4.38861e-01
 4.38861e-01
 4.38861e-01
 4.17028e-01
 4.17028e-01
 4.17028e-01
 4.17028e-01
 4.17028e-01
 4.17028e-01
 4.17028e-01
 4.17028e-01
 4.17028e-01
 4.17028e-01
 4.17028e-01
 4.17028e-01
 4.17028e-01
 4.17028e-01
 4.17028e-01
 4.17028e-01
 4.17028e-01
 4.17028e-01
 4.17028e-01
 4.17028e-01
 4.17028e-01
 4.17028e-01
 4.17028e-01
 4.17028e-01
 4.17028e-01
 3.96344e-01
 3.96344e-01
 3.96344e-01
 3.96344e-01
 3.96344e-01
 3.96344e-01
 3.96344e-01
 3.96344e-01
 3.96344e-01
 3.96344e-01
 3.96344e-01
 3.96344e-01
 3.96344e-01
 3.96344e-01
 3.96344e-01
 3.96344e-01
 3.96344e-01
 3.96344e-01
 3.96344e-01
 3.96344e-01
 3.96344e-01
 3.96344e-01
 3.96344e-01
 3.96344e-01
 3.96344e-01
 3.77061e-01
 3.77061e-01
 3.77061e-01
 3.77061e-01
 3.77061e-01
 3.77061e-01
 3.77061e-01
 3.77061e-01
 3.77061e-01
 3.77061e-01
 3.77061e-01
 3.77061e-01
 3.77061e-01
 3.77061e-01
 3.77061e-01
 3.77061e-01
 3.77061e-01
 3.77061e-01
 3.77061e-01
 3.77061e-01
 3.77061e-01
 3.77061e-01
 3.77061e-01
 3.77061e-01
 3.77061e-01
 3.58249e-01
 3.58249e-01
 3.58249e-01
 3.58249e-01
 3.58249e-01
 3.58249e-01
 3.58249e-01
 3.58249e-01
 3.58249e-01
 3.58249e-01
 3.58249e-01
 3.58249e-01
 3.58249e-01
 3.58249e-01
 3.58249e-01
 3.58249e-01
 3.58249e-01
 3.58249e-01
 3.58249e-01
 3.58249e-01
 3.58249e-01
 3.58249e-01
 3.58249e-01
 3.58249e-01
 3.58249e-01
 3.41871e-01
 3.41871e-01
 3.41871e-01
 3.41871e-01
 3.41871e-01
 3.41871e-01
 3.41871e-01
 3.41871e-01
 3.41871e-01
 3.41871e-01
 3.41871e-01
 3.41871e-01
 3.41871e-01
 3.41871e-01
 3.41871e-01
 3.41871e-01
 3.41871e-01
 3.41871e-01
 3.41871e-01
 3.41871e-01
 3.41871e-01
 3.41871e-01
 3.41871e-01
 3.41871e-01
 3.41871e-01
 3.27767e-01
 3.27767e-01
 3.27767e-01
 3.27767e-01
 3.27767e-01
 3.27767e-01
 3.27767e-01
 3.27767e-01
 3.27767e-01
 3.27767e-01
 3.27767e-01
 3.27767e-01
 3.27767e-01
 3.27767e-01
 3.27767e-01
 3.27767e-01
 3.27767e-01
 3.27767e-01
 3.27767e-01
 3.27767e-01
 3.27767e-01
 3.27767e-01
 3.27767e-01
 3.27767e-01
 3.27767e-01
 3.16228e-01
 3.16228e-01
 3.16228e-01
 3.16228e-01
 3.16228e-01
 3.16228e-01
 3.16228e-01
 3.16228e-01
 3.16228e-01
 3.16228e-01
 3.16228e-01
 3.16228e-01
 3.16228e-01
 3.16228e-01
 3.16228e-01
 3.16228e-01
 3.16228e-01
 3.16228e-01
 3.16228e-01
 3.16228e-01
 3.16228e-01
 3.16228e-01
 3.16228e-01
 3.16228e-01
 3.16228e-01
part
         3
hexa8
 3.09308e-01
 3.09308e-01
 3.09308e-01
 3.09308e-01
 3.09308e-01
 3.09308e-01
 3.09308e-01
 3.09308e-01
 3.09308e-01
 3.09308e-01
 3.09308e-01
 3.09308e-01
 3.09308e-01
 3.09308e-01
 3.09308e-01
 3.09308e-01
 3.09308e-01
 3.09308e-01
 3.09308e-01
 3.09308e-01
 3.09308e-01
 3.09308e-01
 3.09308e-01
 3.09308e-01
 3.09308e-01
 3.04470e-01
 3.04470e-01
 3.04470e-01
 3.04470e-01
 3.04470e-01
 3.04470e-01
 3.04470e-01
 3.04470e-01
 3.04470e-01
 3.04470e-01
 3.04470e-01
 3.04470e-01
 3.04470e-01
 3.04470e-01
 3.04470e-01
 3.04470e-01
 3.04470e-01
 3.04470e-01
 3.04470e-01
 3.04470e-01
 3.04470e-01
 3.04470e-01
 3.04470e-01
 3.04470e-01
 3.04470e-01
 3.01754e-01
 3.01754e-01
 3.01754e-01
 3.01754e-01
 3.01754e-01
 3.01754e-01
 3.01754e-01
 3.01754e-01
 3.01754e-01
 3.01754e-01
 3.01754e-01
 3.01754e-01
 3.01754e-01
 3.01754e-01
 3.01754e-01
 3.01754e-01
 3.01754e-01
 3.01754e-01
 3.01754e-01
 3.01754e-01
 3.01754e-01
 3.01754e-01
 3.01754e-01
 3.01754e-01
 3.01754e-01
 3.01403e-01
 3.01403e-01
 3.01403e-01
 3.01403e-01
 3.01403e-01
 3.01403e-01
 3.01403e-01
 3.01403e-01
 3.01403e-01
 3.01403e-01
 3.01403e-01
 3.01403e-01
 3.01403e-01
 3.01403e-01
 3.01403e-01
 3.01403e-01
 3.01403e-01
 3.01403e-01
 3.01403e-01
 3.01403e-01
 3.01403e-01
 3.01403e-01
 3.01403e-01
 3.01403e-01
 3.01403e-01
 3.01240e-01
 3.01240e-01
 3.01240e-01
 3.01240e-01
 3.01240e-01
 3.01240e-01
 3.01240e-01
 3.01240e-01
 3.01240e-01
 3.01240e-01
 3.01240e-01
 3.01240e-01
 3.01240e-01
 3.01240e-01
 3.01240e-01
 3.01240e-01
 3.01240e-01
 3.01240e-01
 3.01240e-01
 3.01240e-01
 3.01240e-01
 3.01240e-01
 3.01240e-01
 3.01240e-01
 3.01240e-01
 3.01147e-01
 3.01147e-01
 3.01147e-01
 3.01147e-01
 3.01147e-01
 3.01147e-01
 3.01147e-01
 3.01147e-01
 3.01147e-01
 3.01147e-01
 3.01147e-01
 3.01147e-01
 3.01147e-01
 3.01147e-01
 3.01147e-01
 3.01147e-01
 3.01147e-01
 3.01147e-01
 3.01147e-01
 3.01147e-01
 3.01147e-01
 3.01147e-01
 3.01147e-01
 3.01147e-01
 3.01147e-01
 3.01239e-01
 3.01239e-01
 3.01239e-01
 3.01239e-01
 3.01239e-01
 3.01239e-01
 3.01239e-01
 3.01239e-01
 3.01239e-01
 3.01239e-01
 3.01239e-01
 3.01239e-01
 3.01239e-01
 3.01239e-01
 3.01239e-01
 3.01239e-01
 3.01239e-01
 3.01239e-01
 3.01239e-01
 3.01239e-01
 3.01239e-01
 3.01239e-01
 3.01239e-01
 3.01239e-01
 3.01239e-01
 3.01586e-01
 3.01586e-01
 3.01586e-01
 3.01586e-01
 3.01586e-01
 3.01586e-01
 3.01586e-01
 3.01586e-01
 3.01586e-01
 3.01586e-01
 3.01586e-01
 3.01586e-01
 3.01586e-01
 3.01586e-01
 3.01586e-01
 3.01586e-01
 3.01586e-01
 3.01586e-01
 3.01586e-01
 3.01586e-01
 3.01586e-01
 3.01586e-01
 3.01586e-01
 3.01586e-01
 3.01586e-01
 3.02146e-01
 3.02146e-01
 3.02146e-01
 3.02146e-01
 3.02146e-01
 3.02146e-01
 3.02146e-01
 3.02146e-01
 3.02146e-01
 3.02146e-01
 3.02146e-01
 3.02146e-01
 3.02146e-01
 3.02146e-01
 3.02146e-01
 3.02146e-01
 3.02146e-01
 3.02146e-01
 3.02146e-01
 3.02146e-01
 3.02146e-01
 3.02146e-01
 3.02146e-01
 3.02146e-01
 3.02146e-01
 3.02343e-01
 3.02343e-01
 3.02343e-01
 3.02343e-01
 3.02343e-01
 3.02343e-01
 3.02343e-01
 3.02343e-01
 3.02343e-01
 3.02343e-01
 3.02343e-01
 3.02343e-01
 3.02343e-01
 3.02343e-01
 3.02343e-01
 3.02343e-01
 3.02343e-01
 3.02343e-01
 3.02343e-01
 3.02343e-01
 3.02343e-01
 3.02343e-01
 3.02343e-01
 3.02343e-01
 3.02343e-01
 3.02323e-01
 3.02323e-01
 3.02323e-01
 3.02323e-01
 3.02323e-01
 3.02323e-01
 3.02323e-01
 3.02323e-01
 3.02323e-01
 3.02323e-01
 3.02323e-01
 3.02323e-01
 3.02323e-01
 3.02323e-01
 3.02323e-01
 3.02323e-01
 3.02323e-01
 3.02323e-01
 3.02323e-01
 3.02323e-01
 3.02323e-01
 3.02323e-01
 3.02323e-01
 3.02323e-01
 3.02323e-01
 3.02314e-01
 3.02314e-01
 3.02314e-01
 3.02314e-01
 3.02314e-01
 3.02314e-01
 3.02314e-01
 3.02314e-01
 3.02314e-01
 3.02314e-01
 3.02314e-01
 3.02314e-01
 3.02314e-01
 3.02314e-01
 3.02314e-01
 3.02314e-01
 3.02314e-01
 3.02314e-01
 3.02314e-01
 3.02314e-01
 3.02314e-01
 3.02314e-01
 3.02314e-01
 3.02314e-01
 3.02314e-01
 3.02421e-01
 3.02421e-01
 3.02421e-01
 3.02421e-01
 3.02421e-01
 3.02421e-01
 3.02421e-01
 3.02421e-01
 3.02421e-01
 3.02421e-01
 3.02421e-01
 3.02421e-01
 3.02421e-01
 3.02421e-01
 3.02421e-01
 3.02421e-01
 3.02421e-01
 3.02421e-01
 3.02421e-01
 3.02421e-01
 3.02421e-01
 3.02421e-01
 3.02421e-01
 3.02421e-01
 3.02421e-01
 3.02565e-01
 3.02565e-01
 3.02565e-01
 3.02565e-01
 3.02565e-01
 3.02565e-01
 3.02565e-01
 3.02565e-01
 3.02565e-01
 3.02565e-01
 3.02565e-01
 3.02565e-01
 3.02565e-01
 3.02565e-01
 3.02565e-01
 3.02565e-01
 3.02565e-01
 3.02565e-01
 3.02565e-01
 3.02565e-01
 3.02565e-01
 3.02565e-01
 3.02565e-01
 3.02565e-01
 3.02565e-01
 3.02629e-01
 3.02629e-01
 3.02629e-01
 3.02629e-01
 3.02629e-01
 3.02629e-01
 3.02629e-01
 3.02629e-01
 3.02629e-01
 3.02629e-01
 3.02629e-01
 3.02629e-01
 3.02629e-01
 3.02629e-01
 3.02629e-01
 3.02629e-01
 3.02629e-01
 3.02629e-01
 3.02629e-01
 3.02629e-01
 3.02629e-01
 3.02629e-01
 3.02629e-01
 3.02629e-01
 3.02629e-01
 3.02570e-01
 3.02570e-01
 3.02570e-01
 3.02570e-01
 3.02570e-01
 3.02570e-01
 3.02570e-01
 3.02570e-01
 3.02570e-01
 3.02570e-01
 3.02570e-01
 3.02570e-01
 3.02570e-01
 3.02570e-01
 3.02570e-01
 3.02570e-01
 3.02570e-01
 3.02570e-01
 3.02570e-01
 3.02570e-01
 3.02570e-01
 3.02570e-01
 3.02570e-01
 3.02570e-01
 3.02570e-01
 3.02478e-01
 3.02478e-01
 3.02478e-01
 3.02478e-01
 3.02478e-01
 3.02478e-01
 3.02478e-01
 3.02478e-01
 3.02478e-01
 3.02478e-01
 3.02478e-01
 3.02478e-01
 3.02478e-01
 3.02478e-01
 3.02478e-01
 3.02478e-01
 3.02478e-01
 3.02478e-01
 3.02478e-01
 3.02478e-01
 3.02478e-01
 3.02478e-01
 3.02478e-01
 3.02478e-01
 3.02478e-01
 3.02492e-01
 3.02492e-01
 3.02492e-01
 3.02492e-01
 3.02492e-01
 3.02492e-01
 3.02492e-01
 3.02492e-01
 3.02492e-01
 3.02492e-01
 3.02492e-01
 3.02492e-01
 3.02492e-01
 3.02492e-01
 3.02492e-01
 3.02492e-01
 3.02492e-01
 3.02492e-01
 3.02492e-01
 3.02492e-01
 3.02492e-01
 3.02492e-01
 3.02492e-01
 3.02492e-01
 3.02492e-01
 3.02609e-01
 3.02609e-01
 3.02609e-01
 3.02609e-01
 3.02609e-01
 3.02609e-01
 3.02609e-01
 3.02609e-01
 3.02609e-01
 3.02609e-01
 3.02609e-01
 3.02609e-01
 3.02609e-01
 3.02609e-01
 3.02609e-01
 3.02609e-01
 3.02609e-01
 3.02609e-01
 3.02609e-01
 3.02609e-01
 3.02609e-01
 3.02609e-01
 3.02609e-01
 3.02609e-01
 3.02609e-01
 3.02687e-01
 3.02687e-01
 3.02687e-01
 3.02687e-01
 3.02687e-01
 3.02687e-01
 3.02687e-01
 3.02687e-01
 3.02687e-01
 3.02687e-01
 3.02687e-01
 3.02687e-01
 3.02687e-01
 3.02687e-01
 3.02687e-01
 3.02687e-01
 3.02687e-01
 3.02687e-01
 3.02687e-01
 3.02687e-01
 3.02687e-01
 3.02687e-01
 3.02687e-01
 3.02687e-01
 3.02687e-01
 3.02647e-01
 3.02647e-01
 3.02647e-01
 3.02647e-01
 3.02647e-01
 3.02647e-01
 3.02647e-01
 3.02647e-01
 3.02647e-01
 3.02647e-01
 3.02647e-01
 3.02647e-01
 3.02647e-01
 3.02647e-01
 3.02647e-01
 3.02647e-01
 3.02647e-01
 3.02647e-01
 3.02647e-01
 3.02647e-01
 3.02647e-01
 3.02647e-01
 3.02647e-01
 3.02647e-01
 3.02647e-01
 3.02588e-01
 3.02588e-01
 3.02588e-01
 3.02588e-01
 3.02588e-01
 3.02588e-01
 3.02588e-01
 3.02588e-01
 3.02588e-01
 3.02588e-01
 3.02588e-01
 3.02588e-01
 3.02588e-01
 3.02588e-01
 3.02588e-01
 3.02588e-01
 3.02588e-01
 3.02588e-01
 3.02588e-01
 3.02588e-01
 3.02588e-01
 3.02588e-01
 3.02588e-01
 3.02588e-01
 3.02588e-01
 3.02553e-01
 3.02553e-01
 3.02553e-01
 3.02553e-01
 3.02553e-01
 3.02553e-01
 3.02553e-01
 3.02553e-01
 3.02553e-01
 3.02553e-01
 3.02553e-01
 3.02553e-01
 3.02553e-01
 3.02553e-01
 3.02553e-01
 3.02553e-01
 3.02553e-01
 3.02553e-01
 3.02553e-01
 3.02553e-01
 3.02553e-01
 3.02553e-01
 3.02553e-01
 3.02553e-01
 3.02553e-01
 3.02612e-01
 3.02612e-01
 3.02612e-01
 3.02612e-01
 3.02612e-01
 3.02612e-01
 3.02612e-01
 3.02612e-01
 3.02612e-01
 3.02612e-01
 3.02612e-01
 3.02612e-01
 3.02612e-01
 3.02612e-01
 3.02612e-01
 3.02612e-01
 3.02612e-01
 3.02612e-01
 3.02612e-01
 3.02612e-01
 3.02612e-01
 3.02612e-01
 3.02612e-01
 3.02612e-01
 3.02612e-01
 3.02758e-01
 3.02758e-01
 3.02758e-01
 3.02758e-01
 3.02758e-01
 3.02758e-01
 3.02758e-01
 3.02758e-01
 3.02758e-01
 3.02758e-01
 3.02758e-01
 3.02758e-01
 3.02758e-01
 3.02758e-01
 3.02758e-01
 3.02758e-01
 3.02758e-01
 3.02758e-01
 3.02758e-01
 3.02758e-01
 3.02758e-01
 3.02758e-01
 3.02758e-01
 3.02758e-01
 3.02758e-01
part
         4
hexa8
 3.02809e-01
 3.02809e-01
 3.02809e-01
 3.02809e-01
 3.02809e-01
 3.02809e-01
 3.02809e-01
 3.02809e-01
 3.02809e-01
 3.02809e-01
 3.02809e-01
 3.02809e-01
 3.02809e-01
 3.02809e-01
 3.02809e-01
 3.02809e-01
 3.02809e-01
 3.02809e-01
 3.02809e-01
 3.02809e-01
 3.02809e-01
 3.02809e-01
 3.02809e-01
 3.02809e-01
 3.02809e-01
 3.02759e-01
 3.02759e-01
 3.02759e-01
 3.02759e-01
 3.02759e-01
 3.02759e-01
 3.02759e-01
 3.02759e-01
 3.02759e-01
 3.02759e-01
 3.02759e-01
 3.02759e-01
 3.02759e-01
 3.02759e-01
 3.02759e-01
 3.02759e-01
 3.02759e-01
 3.02759e-01
 3.02759e-01
 3.02759e-01
 3.02759e-01
 3.02759e-01
 3.02759e-01
 3.02759e-01
 3.02759e-01
 3.02606e-01
 3.02606e-01
 3.02606e-01
 3.02606e-01
 3.02606e-01
 3.02606e-01
 3.02606e-01
 3.02606e-01
 3.02606e-01
 3.02606e-01
 3.02606e-01
 3.02606e-01
 3.02606e-01
 3.02606e-01
 3.02606e-01
 3.02606e-01
 3.02606e-01
 3.02606e-01
 3.02606e-01
 3.02606e-01
 3.02606e-01
 3.02606e-01
 3.02606e-01
 3.02606e-01
 3.02606e-01
 3.02106e-01
 3.02106e-01
 3.02106e-01
 3.02106e-01
 3.02106e-01
 3.02106e-01
 3.02106e-01
 3.02106e-01
 3.02106e-01
 3.02106e-01
 3.02106e-01
 3.02106e-01
 3.02106e-01
 3.02106e-01
 3.02106e-01
 3.02106e-01
 3.02106e-01
 3.02106e-01
 3.02106e-01
 3.02106e-01
 3.02106e-01
 3.02106e-01
 3.02106e-01
 3.02106e-01
 3.02106e-01
 3.00826e-01
 3.00826e-01
 3.00826e-01
 3.00826e-01
 3.00826e-01
 3.00826e-01
 3.00826e-01
 3.00826e-01
 3.00826e-01
 3.00826e-01
 3.00826e-01
 3.00826e-01
 3.00826e-01
 3.00826e-01
 3.00826e-01
 3.00826e-01
 3.00826e-01
 3.00826e-01
 3.00826e-01
 3.00826e-01
 3.00826e-01
 3.00826e-01
 3.00826e-01
 3.00826e-01
 3.00826e-01
 2.97806e-01
 2.97806e-01
 2.97806e-01
 2.97806e-01
 2.97806e-01
 2.97806e-01
 2.97806e-01
 2.97806e-01
 2.97806e-01
 2.97806e-01
 2.97806e-01
 2.97806e-01
 2.97806e-01
 2.97806e-01
 2.97806e-01
 2.97806e-01
 2.97806e-01
 2.97806e-01
 2.97806e-01
 2.97806e-01
 2.97806e-01
 2.97806e-01
 2.97806e-01
 2.97806e-01
 2.97806e-01
 2.91181e-01
 2.91181e-01
 2.91181e-01
 2.91181e-01
 2.91181e-01
 2.91181e-01
 2.91181e-01
 2.91181e-01
 2.91181e-01
 2.91181e-01
 2.91181e-01
 2.91181e-01
 2.91181e-01
 2.91181e-01
 2.91181e-01
 2.91181e-01
 2.91181e-01
 2.91181e-01
 2.91181e-01
 2.91181e-01
 2.91181e-01
 2.91181e-01
 2.91181e-01
 2.91181e-01
 2.91181e-01
 2.78356e-01
 2.78356e-01
 2.78356e-01
 2.78356e-01
 2.78356e-01
 2.78356e-01
 2.78356e-01
 2.78356e-01
 2.78356e-01
 2.78356e-01
 2.78356e-01
 2.78356e-01
 2.78356e-01
 2.78356e-01
 2.78356e-01
 2.78356e-01
 2.78356e-01
 2.78356e-01
 2.78356e-01
 2.78356e-01
 2.78356e-01
 2.78356e-01
 2.78356e-01
 2.78356e-01
 2.78356e-01
 2.55484e-01
 2.55484e-01
 2.55484e-01
 2.55484e-01
 2.55484e-01
 2.55484e-01
 2.55484e-01
 2.55484e-01
 2.55484e-01
 2.55484e-01
 2.55484e-01
 2.55484e-01
 2.55484e-01
 2.55484e-01
 2.55484e-01
 2.55484e-01
 2.55484e-01
 2.55484e-01
 2.55484e-01
 2.55484e-01
 2.55484e-01
 2.55484e-01
 2.55484e-01
 2.55484e-01
 2.55484e-01
 2.20733e-01
 2.20733e-01
 2.20733e-01
 2.20733e-01
 2.20733e-01
 2.20733e-01
 2.20733e-01
 2.20733e-01
 2.20733e-01
 2.20733e-01
 2.20733e-01
 2.20733e-01
 2.20733e-01
 2.20733e-01
 2.20733e-01
 2.20733e-01
 2.20733e-01
 2.20733e-01
 2.20733e-01
 2.20733e-01
 2.20733e-01
 2.20733e-01
 2.20733e-01
 2.20733e-01
 2.20733e-01
 1.80824e-01
 1.80824e-01
 1.80824e-01
 1.80824e-01
 1.80824e-01
 1.80824e-01
 1.80824e-01
 1.80824e-01
 1.80824e-01
 1.80824e-01
 1.80824e-01
 1.80824e-01
 1.80824e-01
 1.80824e-01
 1.80824e-01
 1.80824e-01
 1.80824e-01
 1.80824e-01
 1.80824e-01
 1.80824e-01
 1.80824e-01
 1.80824e-01
 1.80824e-01
 1.80824e-01
 1.80824e-01
 1.46795e-01
 1.46795e-01
 1.46795e-01
 1.46795e-01
 1.46795e-01
 1.46795e-01
 1.46795e-01
 1.46795e-01
 1.46795e-01
 1.46795e-01
 1.46795e-01
 1.46795e-01
 1.46795e-01
 1.46795e-01
 1.46795e-01
 1.46795e-01
 1.46795e-01
 1.46795e-01
 1.46795e-01
 1.46795e-01
 1.46795e-01
 1.46795e-01
 1.46795e-01
 1.46795e-01
 1.46795e-01
 1.23069e-01
 1.23069e-01
 1.23069e-01
 1.23069e-01
 1.23069e-01
 1.23069e-01
 1.23069e-01
 1.23069e-01
 1.23069e-01
 1.23069e-01
 1.23069e-01
 1.23069e-01
 1.23069e-01
 1.23069e-01
 1.23069e-01
 1.23069e-01
 1.23069e-01
 1.23069e-01
 1.23069e-01
 1.23069e-01
 1.23069e-01
 1.23069e-01
 1.23069e-01
 1.23069e-01
 1.23069e-01
 1.09363e-01
 1.09363e-01
 1.09363e-01
 1.09363e-01
 1.09363e-01
 1.09363e-01
 1.09363e-01
 1.09363e-01
 1.09363e-01
 1.09363e-01
 1.09363e-01
 1.09363e-01
 1.09363e-01
 1.09363e-01
 1.09363e-01
 1.09363e-01
 1.09363e-01
 1.09363e-01
 1.09363e-01
 1.09363e-01
 1.09363e-01
 1.09363e-01
 1.09363e-01
 1.09363e-01
 1.09363e-01
 1.03080e-01
 1.03080e-01
 1.03080e-01
 1.03080e-01
 1.03080e-01
 1.03080e-01
 1.03080e-01
 1.03080e-01
 1.03080e-01
 1.03080e-01
 1.03080e-01
 1.03080e-01
 1.03080e-01
 1.03080e-01
 1.03080e-01
 1.03080e-01
 1.03080e-01
 1.03080e-01
 1.03080e-01
 1.03080e-01
 1.03080e-01
 1.03080e-01
 1.03080e-01
 1.03080e-01
 1.03080e-01
 1.00867e-01
 1.00867e-01
 1.00867e-01
 1.00867e-01
 1.00867e-01
 1.00867e-01
 1.00867e-01
 1.00867e-01
 1.00867e-01
 1.00867e-01
 1.00867e-01
 1.00867e-01
 1.00867e-01
 1.00867e-01
 1.00867e-01
 1.00867e-01
 1.00867e-01
 1.00867e-01
 1.00867e-01
 1.00867e-01
 1.00867e-01
 1.00867e-01
 1.00867e-01
 1.00867e-01
 1.00867e-01
 1.00226e-01
 1.00226e-01
 1.00226e-01
 1.00226e-01
 1.00226e-01
 1.00226e-01
 1.00226e-01
 1.00226e-01
 1.00226e-01
 1.00226e-01
 1.00226e-01
 1.00226e-01
 1.00226e-01
 1.00226e-01
 1.00226e-01
 1.00226e-01
 1.00226e-01
 1.00226e-01
 1.00226e-01
 1.00226e-01
 1.00226e-01
 1.00226e-01
 1.00226e-01
 1.00226e-01
 1.00226e-01
 1.00057e-01
 1.00057e-01
 1.00057e-01
 1.00057e-01
 1.00057e-01
 1.00057e-01
 1.00057e-01
 1.00057e-01
 1.00057e-01
 1.00057e-01
 1.00057e-01
 1.00057e-01
 1.00057e-01
 1.00057e-01
 1.00057e-01
 1.00057e-01
 1.00057e-01
 1.00057e-01
 1.00057e-01
 1.00057e-01
 1.00057e-01
 1.00057e-01
 1.00057e-01
 1.00057e-01
 1.00057e-01
 1.00014e-01
 1.00014e-01
 1.00014e-01
 1.00014e-01
 1.00014e-01
 1.00014e-01
 1.00014e-01
 1.00014e-01
 1.00014e-01
 1.00014e-01
 1.00014e-01
 1.00014e-01
 1.00014e-01
 1.00014e-01
 1.00014e-01
 1.00014e-01
 1.00014e-01
 1.00014e-01
 1.00014e-01
 1.00014e-01
 1.00014e-01
 1.00014e-01
 1.00014e-01
 1.00014e-01
 1.00014e-01
 1.00003e-01
 1.00003e-01
 1.00003e-01
 1.00003e-01
 1.00003e-01
 1.00003e-01
 1.00003e-01
 1.00003e-01
 1.00003e-01
 1.00003e-01
 1.00003e-01
 1.00003e-01
 1.00003e-01
 1.00003e-01
 1.00003e-01
 1.00003e-01
 1.00003e-01
 1.00003e-01
 1.00003e-01
 1.00003e-01
 1.00003e-01
 1.00003e-01
 1.00003e-01
 1.00003e-01
 1.00003e-01
 1.00001e-01
 1.00001e-01
 1.00001e-01
 1.00001e-01
 1.00001e-01
 1.00001e-01
 1.00001e-01
 1.00001e-01
 1.00001e-01
 1.00001e-01
 1.00001e-01
 1.00001e-01
 1.00001e-01
 1.00001e-01
 1.00001e-01
 1.00001e-01
 1.00001e-01
 1.00001e-01
 1.00001e-01
 1.00001e-01
 1.00001e-01
 1.00001e-01
 1.00001e-01
 1.00001e-01
 1.00001e-01
 1.00000e-01
 1.00000e-01
 1.00000e-01
 1.00000e-01
 1.00000e-01
 1.00000e-01
 1.00000e-01
 1.00000e-01
 1.00000e-01
 1.00000e-01
 1.00000e-01
 1.00000e-01
 1.00000e-01
 1.00000e-01
 1.00000e-01
 1.00000e-01
 1.00000e-01
 1.00000e-01
 1.00000e-01
 1.00000e-01
 1.00000e-01
 1.00000e-01
 1.00000e-01
 1.00000e-01
 1.00000e-01
 1.00000e-01
 1.00000e-01
 1.00000e-01
 1.00000e-01
 1.00000e-01
 1.00000e-01
 1.00000e-01
 1.00000e-01
 1.00000e-01
 1.00000e-01
 1.00000e-01
 1.00000e-01
 1.00000e-01
 1.00000e-01
 1.00000e-01
 1.00000e-01
 1.00000e-01
 1.00000e-01
 1.00000e-01
 1.00000e-01
 1.00000e-01
 1.00000e-01
 1.00000e-01
 1.00000e-01
 1.00000e-01
 1.00000e-01
 1.00000e-01
 1.00000e-01
 1.00000e-01
 1.00000e-01
 1.00000e-01
 1.00000e-01
 1.00000e-01
 1.00000e-01
 1.00000e-01
 1.00000e-01
 1.00000e-01
 1.00000e-01
 1.00000e-01
 1.00000e-01
 1.00000e-01
 1.00000e-01
 1.00000e-01
 1.00000e-01
 1.00000e-01
 1.00000e-01
 1.00000e-01
 1.00000e-01
 1.00000e-01
 1.00000e-01
 1.00000e-01
 1.00000e-01
 1.00000e-01
 1.00000e-01
 1.00000e-01
 1.00000e-01
 1.00000e-01
 1.00000e-01
 1.00000e-01
 1.00000e-01
 1.00000e-01
 1.00000e-01
 1.00000e-01
 1.00000e-01
 1.00000e-01
 1.00000e-01
 1.00000e-01
 1.00000e-01
 1.00000e-01
 1.00000e-01
 1.00000e-01
 1.00000e-01
 1.00000e-01
 1.00000e-01
 1.00000e-01
