Density
part
         1
hexa8
 1.00000e+00
 1.00000e+00
 1.00000e+00
 1.00000e+00
 1.00000e+00
 1.00000e+00
 1.00000e+00
 1.00000e+00
 1.00000e+00
 1.00000e+00
 1.00000e+00
 1.00000e+00
 1.00000e+00
 1.00000e+00
 1.00000e+00
 1.00000e+00
 1.00000e+00
 1.00000e+00
 9.99998e-01
 9.99988e-01
 9.99943e-01
 9.99767e-01
 9.99169e-01
 9.97429e-01
 9.93194e-01
 1.00000e+00
 1.00000e+00
 1.00000e+00
 1.00000e+00
 1.00000e+00
 1.00000e+00
 1.00000e+00
 1.00000e+00
 1.00000e+00
 1.00000e+00
 1.00000e+00
 1.00000e+00
 1.00000e+00
 1.00000e+00
 1.00000e+00
 1.00000e+00
 1.00000e+00
 1.00000e+00
 9.99998e-01
 9.99988e-01
 9.99943e-01
 9.99767e-01
 9.99169e-01
 9.97429e-01
 9.93194e-01
 1.00000e+00
 1.00000e+00
 1.00000e+00
 1.00000e+00
 1.00000e+00
 1.00000e+00
 1.00000e+00
 1.00000e+00
 1.00000e+00
 1.00000e+00
 1.00000e+00
 1.00000e+00
 1.00000e+00
 1.00000e+00
 1.00000e+00
 1.00000e+00
 1.00000e+00
 1.00000e+00
 9.99998e-01
 9.99988e-01
 9.99943e-01
 9.99767e-01
 9.99169e-01
 9.97429e-01
 9.93194e-01
 1.00000e+00
 1.00000e+00
 1.00000e+00
 1.00000e+00
 1.00000e+00
 1.00000e+00
 1.00000e+00
 1.00000e+00
 1.00000e+00
 1.00000e+00
 1.00000e+00
 1.00000e+00
 1.00000e+00
 1.00000e+00
 1.00000e+00
 1.00000e+00
 1.00000e+00
 1.00000e+00
 9.99998e-01
 9.99988e-01
 9.99943e-01
 9.99767e-01
 9.99169e-01
 9.97429e-01
 9.93194e-01
 1.00000e+00
 1.00000e+00
 1.00000e+00
 1.00000e+00
 1.00000e+00
 1.00000e+00
 1.00000e+00
 1.00000e+00
 1.00000e+00
 1.00000e+00
 1.00000e+00
 1.00000e+00
 1.00000e+00
 1.00000e+00
 1.00000e+00
 1.00000e+00
 1.00000e+00
 1.00000e+00
 9.99998e-01
 9.99988e-01
 9.99943e-01
 9.99767e-01
 9.99169e-01
 9.97429e-01
 9.93194e-01
 1.00000e+00
 1.00000e+00
 1.00000e+00
 1.00000e+00
 1.00000e+00
 1.00000e+00
 1.00000e+00
 1.00000e+00
 1.00000e+00
 1.00000e+00
 1.00000e+00
 1.00000e+00
 1.00000e+00
 1.00000e+00
 1.00000e+00
 1.00000e+00
 1.00000e+00
 1.00000e+00
 9.99998e-01
 9.99988e-01
 9.99943e-01
 9.99767e-01
 9.99169e-01
 9.97429e-01
 9.93194e-01
 1.00000e+00
 1.00000e+00
 1.00000e+00
 1.00000e+00
 1.00000e+00
 1.00000e+00
 1.00000e+00
 1.00000e+00
 1.00000e+00
 1.00000e+00
 1.00000e+00
 1.00000e+00
 1.00000e+00
 1.00000e+00
 1.00000e+00
 1.00000e+00
 1.00000e+00
 1.00000e+00
 9.99998e-01
 9.99988e-01
 9.99943e-01
 9.99767e-01
 9.99169e-01
 9.97429e-01
 9.93194e-01
 1.00000e+00
 1.00000e+00
 1.00000e+00
 1.00000e+00
 1.00000e+00
 1.00000e+00
 1.00000e+00
 1.00000e+00
 1.00000e+00
 1.00000e+00
 1.00000e+00
 1.00000e+00
 1.00000e+00
 1.00000e+00
 1.00000e+00
 1.00000e+00
 1.00000e+00
 1.00000e+00
 9.99998e-01
 9.99988e-01
 9.99943e-01
 9.99767e-01
 9.99169e-01
 9.97429e-01
 9.93194e-01
 1.00000e+00
 1.00000e+00
 1.00000e+00
 1.00000e+00
 1.00000e+00
 1.00000e+00
 1.00000e+00
 1.00000e+00
 1.00000e+00
 1.00000e+00
 1.00000e+00
 1.00000e+00
 1.00000e+00
 1.00000e+00
 1.00000e+00
 1.00000e+00
 1.00000e+00
 1.00000e+00
 9.99998e-01
 9.99988e-01
 9.99943e-01
 9.99767e-01
 9.99169e-01
 9.97429e-01
 9.93194e-01
 1.00000e+00
 1.00000e+00
 1.00000e+00
 1.00000e+00
 1.00000e+00
 1.00000e+00
 1.00000e+00
 1.00000e+00
 1.00000e+00
 1.00000e+00
 1.00000e+00
 1.00000e+00
 1.00000e+00
 1.00000e+00
 1.00000e+00
 1.00000e+00
 1.00000e+00
 1.00000e+00
 9.99998e-01
 9.99988e-01
 9.99943e-01
 9.99767e-01
 9.99169e-01
 9.97429e-01
 9.93194e-01
 1.00000e+00
 1.00000e+00
 1.00000e+00
 1.00000e+00
 1.00000e+00
 1.00000e+00
 1.00000e+00
 1.00000e+00
 1.00000e+00
 1.00000e+00
 1.00000e+00
 1.00000e+00
 1.00000e+00
 1.00000e+00
 1.00000e+00
 1.00000e+00
 1.00000e+00
 1.00000e+00
 9.99998e-01
 9.99988e-01
 9.99943e-01
 9.99767e-01
 9.99169e-01
 9.97429e-01
 9.93194e-01
 1.00000e+00
 1.00000e+00
 1.00000e+00
 1.00000e+00
 1.00000e+00
 1.00000e+00
 1.00000e+00
 1.00000e+00
 1.00000e+00
 1.00000e+00
 1.00000e+00
 1.00000e+00
 1.00000e+00
 1.00000e+00
 1.00000e+00
 1.00000e+00
 1.00000e+00
 1.00000e+00
 9.99998e-01
 9.99988e-01
 9.99943e-01
 9.99767e-01
 9.99169e-01
 9.97429e-01
 9.93194e-01
 1.00000e+00
 1.00000e+00
 1.00000e+00
 1.00000e+00
 1.00000e+00
 1.00000e+00
 1.00000e+00
 1.00000e+00
 1.00000e+00
 1.00000e+00
 1.00000e+00
 1.00000e+00
 1.00000e+00
 1.00000e+00
 1.00000e+00
 1.00000e+00
 1.00000e+00
 1.00000e+00
 9.99998e-01
 9.99988e-01
 9.99943e-01
 9.99767e-01
 9.99169e-01
 9.97429e-01
 9.93194e-01
 1.00000e+00
 1.00000e+00
 1.00000e+00
 1.00000e+00
 1.00000e+00
 1.00000e+00
 1.00000e+00
 1.00000e+00
 1.00000e+00
 1.00000e+00
 1.00000e+00
 1.00000e+00
 1.00000e+00
 1.00000e+00
 1.00000e+00
 1.00000e+00
 1.00000e+00
 1.00000e+00
 9.99998e-01
 9.99988e-01
 9.99943e-01
 9.99767e-01
 9.99169e-01
 9.97429e-01
 9.93194e-01
 1.00000e+00
 1.00000e+00
 1.00000e+00
 1.00000e+00
 1.00000e+00
 1.00000e+00
 1.00000e+00
 1.00000e+00
 1.00000e+00
 1.00000e+00
 1.00000e+00
 1.00000e+00
 1.00000e+00
 1.00000e+00
 1.00000e+00
 1.00000e+00
 1.00000e+00
 1.00000e+00
 9.99998e-01
 9.99988e-01
 9.99943e-01
 9.99767e-01
 9.99169e-01
 9.97429e-01
 9.93194e-01
 1.00000e+00
 1.00000e+00
 1.00000e+00
 1.00000e+00
 1.00000e+00
 1.00000e+00
 1.00000e+00
 1.00000e+00
 1.00000e+00
 1.00000e+00
 1.00000e+00
 1.00000e+00
 1.00000e+00
 1.00000e+00
 1.00000e+00
 1.00000e+00
 1.00000e+00
 1.00000e+00
 9.99998e-01
 9.99988e-01
 9.99943e-01
 9.99767e-01
 9.99169e-01
 9.97429e-01
 9.93194e-01
 1.00000e+00
 1.00000e+00
 1.00000e+00
 1.00000e+00
 1.00000e+00
 1.00000e+00
 1.00000e+00
 1.00000e+00
 1.00000e+00
 1.00000e+00
 1.00000e+00
 1.00000e+00
 1.00000e+00
 1.00000e+00
 1.00000e+00
 1.00000e+00
 1.00000e+00
 1.00000e+00
 9.99998e-01
 9.99988e-01
 9.99943e-01
 9.99767e-01
 9.99169e-01
 9.97429e-01
 9.93194e-01
 1.00000e+00
 1.00000e+00
 1.00000e+00
 1.00000e+00
 1.00000e+00
 1.00000e+00
 1.00000e+00
 1.00000e+00
 1.00000e+00
 1.00000e+00
 1.00000e+00
 1.00000e+00
 1.00000e+00
 1.00000e+00
 1.00000e+00
 1.00000e+00
 1.00000e+00
 1.00000e+00
 9.99998e-01
 9.99988e-01
 9.99943e-01
 9.99767e-01
 9.99169e-01
 9.97429e-01
 9.93194e-01
 1.00000e+00
 1.00000e+00
 1.00000e+00
 1.00000e+00
 1.00000e+00
 1.00000e+00
 1.00000e+00
 1.00000e+00
 1.00000e+00
 1.00000e+00
 1.00000e+00
 1.00000e+00
 1.00000e+00
 1.00000e+00
 1.00000e+00
 1.00000e+00
 1.00000e+00
 1.00000e+00
 9.99998e-01
 9.99988e-01
 9.99943e-01
 9.99767e-01
 9.99169e-01
 9.97429e-01
 9.93194e-01
 1.00000e+00
 1.00000e+00
 1.00000e+00
 1.00000e+00
 1.00000e+00
 1.00000e+00
 1.00000e+00
 1.00000e+00
 1.00000e+00
 1.00000e+00
 1.00000e+00
 1.00000e+00
 1.00000e+00
 1.00000e+00
 1.00000e+00
 1.00000e+00
 1.00000e+00
 1.00000e+00
 9.99998e-01
 9.99988e-01
 9.99943e-01
 9.99767e-01
 9.99169e-01
 9.97429e-01
 9.93194e-01
 1.00000e+00
 1.00000e+00
 1.00000e+00
 1.00000e+00
 1.00000e+00
 1.00000e+00
 1.00000e+00
 1.00000e+00
 1.00000e+00
 1.00000e+00
 1.00000e+00
 1.00000e+00
 1.00000e+00
 1.00000e+00
 1.00000e+00
 1.00000e+00
 1.00000e+00
 1.00000e+00
 9.99998e-01
 9.99988e-01
 9.99943e-01
 9.99767e-01
 9.99169e-01
 9.97429e-01
 9.93194e-01
 1.00000e+00
 1.00000e+00
 1.00000e+00
 1.00000e+00
 1.00000e+00
 1.00000e+00
 1.00000e+00
 1.00000e+00
 1.00000e+00
 1.00000e+00
 1.00000e+00
 1.00000e+00
 1.00000e+00
 1.00000e+00
 1.00000e+00
 1.00000e+00
 1.00000e+00
 1.00000e+00
 9.99998e-01
 9.99988e-01
 9.99943e-01
 9.99767e-01
 9.99169e-01
 9.97429e-01
 9.93194e-01
 1.00000e+00
 1.00000e+00
 1.00000e+00
 1.00000e+00
 1.00000e+00
 1.00000e+00
 1.00000e+00
 1.00000e+00
 1.00000e+00
 1.00000e+00
 1.00000e+00
 1.00000e+00
 1.00000e+00
 1.00000e+00
 1.00000e+00
 1.00000e+00
 1.00000e+00
 1.00000e+00
 9.99998e-01
 9.99988e-01
 9.99943e-01
 9.99767e-01
 9.99169e-01
 9.97429e-01
 9.93194e-01
 1.00000e+00
 1.00000e+00
 1.00000e+00
 1.00000e+00
 1.00000e+00
 1.00000e+00
 1.00000e+00
 1.00000e+00
 1.00000e+00
 1.00000e+00
 1.00000e+00
 1.00000e+00
 1.00000e+00
 1.00000e+00
 1.00000e+00
 1.00000e+00
 1.00000e+00
 1.00000e+00
 9.99998e-01
 9.99988e-01
 9.99943e-01
 9.99767e-01
 9.99169e-01
 9.97429e-01
 9.93194e-01
 1.00000e+00
 1.00000e+00
 1.00000e+00
 1.00000e+00
 1.00000e+00
 1.00000e+00
 1.00000e+00
 1.00000e+00
 1.00000e+00
 1.00000e+00
 1.00000e+00
 1.00000e+00
 1.00000e+00
 1.00000e+00
 1.00000e+00
 1.00000e+00
 1.00000e+00
 1.00000e+00
 9.99998e-01
 9.99988e-01
 9.99943e-01
 9.99767e-01
 9.99169e-01
 9.97429e-01
 9.93194e-01
part
         2
hexa8
 9.84687e-01
 9.70597e-01
 9.50973e-01
 9.27066e-01
 9.00404e-01
 8.72199e-01
 8.43255e-01
 8.14071e-01
 7.84943e-01
 7.56036e-01
 7.27432e-01
 6.99151e-01
 6.71196e-01
 6.43588e-01
 6.16293e-01
 5.88372e-01
 5.60148e-01
 5.41712e-01
 5.23527e-01
 5.06802e-01
 4.91655e-01
 4.78642e-01
 4.67159e-01
 4.54624e-01
 4.38106e-01
 9.84687e-01
 9.70597e-01
 9.50973e-01
 9.27066e-01
 9.00404e-01
 8.72199e-01
 8.43255e-01
 8.14071e-01
 7.84943e-01
 7.56036e-01
 7.27432e-01
 6.99151e-01
 6.71196e-01
 6.43588e-01
 6.16293e-01
 5.88372e-01
 5.60148e-01
 5.41712e-01
 5.23527e-01
 5.06802e-01
 4.91655e-01
 4.78642e-01
 4.67159e-01
 4.54624e-01
 4.38106e-01
 9.84687e-01
 9.70597e-01
 9.50973e-01
 9.27066e-01
 9.00404e-01
 8.72199e-01
 8.43255e-01
 8.14071e-01
 7.84943e-01
 7.56036e-01
 7.27432e-01
 6.99151e-01
 6.71196e-01
 6.43588e-01
 6.16293e-01
 5.88372e-01
 5.60148e-01
 5.41712e-01
 5.23527e-01
 5.06802e-01
 4.91655e-01
 4.78642e-01
 4.67159e-01
 4.54624e-01
 4.38106e-01
 9.84687e-01
 9.70597e-01
 9.50973e-01
 9.27066e-01
 9.00404e-01
 8.72199e-01
 8.43255e-01
 8.14071e-01
 7.84943e-01
 7.56036e-01
 7.27432e-01
 6.99151e-01
 6.71196e-01
 6.43588e-01
 6.16293e-01
 5.88372e-01
 5.60148e-01
 5.41712e-01
 5.23527e-01
 5.06802e-01
 4.91655e-01
 4.78642e-01
 4.67159e-01
 4.54624e-01
 4.38106e-01
 9.84687e-01
 9.70597e-01
 9.50973e-01
 9.27066e-01
 9.00404e-01
 8.72199e-01
 8.43255e-01
 8.14071e-01
 7.84943e-01
 7.56036e-01
 7.27432e-01
 6.99151e-01
 6.71196e-01
 6.43588e-01
 6.16293e-01
 5.88372e-01
 5.60148e-01
 5.41712e-01
 5.23527e-01
 5.06802e-01
 4.91655e-01
 4.78642e-01
 4.67159e-01
 4.54624e-01
 4.38106e-01
 9.84687e-01
 9.70597e-01
 9.50973e-01
 9.27066e-01
 9.00404e-01
 8.72199e-01
 8.43255e-01
 8.14071e-01
 7.84943e-01
 7.56036e-01
 7.27432e-01
 6.99151e-01
 6.71196e-01
 6.43588e-01
 6.16293e-01
 5.88372e-01
 5.60148e-01
 5.41712e-01
 5.23527e-01
 5.06802e-01
 4.91655e-01
 4.78642e-01
 4.67159e-01
 4.54624e-01
 4.38106e-01
 9.84687e-01
 9.70597e-01
 9.50973e-01
 9.27066e-01
 9.00404e-01
 8.72199e-01
 8.43255e-01
 8.14071e-01
 7.84943e-01
 7.56036e-01
 7.27432e-01
 6.99151e-01
 6.71196e-01
 6.43588e-01
 6.16293e-01
 5.88372e-01
 5.60148e-01
 5.41712e-01
 5.23527e-01
 5.06802e-01
 4.91655e-01
 4.78642e-01
 4.67159e-01
 4.54624e-01
 4.38106e-01
 9.84687e-01
 9.70597e-01
 9.50973e-01
 9.27066e-01
 9.00404e-01
 8.72199e-01
 8.43255e-01
 8.14071e-01
 7.84943e-01
 7.56036e-01
 7.27432e-01
 6.99151e-01
 6.71196e-01
 6.43588e-01
 6.16293e-01
 5.88372e-01
 5.60148e-01
 5.41712e-01
 5.23527e-01
 5.06802e-01
 4.91655e-01
 4.78642e-01
 4.67159e-01
 4.54624e-01
 4.38106e-01
 9.84687e-01
 9.70597e-01
 9.50973e-01
 9.27066e-01
 9.00404e-01
 8.72199e-01
 8.43255e-01
 8.14071e-01
 7.84943e-01
 7.56036e-01
 7.27432e-01
 6.99151e-01
 6.71196e-01
 6.43588e-01
 6.16293e-01
 5.88372e-01
 5.60148e-01
 5.41712e-01
 5.23527e-01
 5.06802e-01
 4.91655e-01
 4.78642e-01
 4.67159e-01
 4.54624e-01
 4.38106e-01
 9.84687e-01
 9.70597e-01
 9.50973e-01
 9.27066e-01
 9.00404e-01
 8.72199e-01
 8.43255e-01
 8.14071e-01
 7.84943e-01
 7.56036e-01
 7.27432e-01
 6.99151e-01
 6.71196e-01
 6.43588e-01
 6.16293e-01
 5.88372e-01
 5.60148e-01
 5.41712e-01
 5.23527e-01
 5.06802e-01
 4.91655e-01
 4.78642e-01
 4.67159e-01
 4.54624e-01
 4.38106e-01
 9.84687e-01
 9.70597e-01
 9.50973e-01
 9.27066e-01
 9.00404e-01
 8.72199e-01
 8.43255e-01
 8.14071e-01
 7.84943e-01
 7.56036e-01
 7.27432e-01
 6.99151e-01
 6.71196e-01
 6.43588e-01
 6.16293e-01
 5.88372e-01
 5.60148e-01
 5.41712e-01
 5.23527e-01
 5.06802e-01
 4.91655e-01
 4.78642e-01
 4.67159e-01
 4.54624e-01
 4.38106e-01
 9.84687e-01
 9.70597e-01
 9.50973e-01
 9.27066e-01
 9.00404e-01
 8.72199e-01
 8.43255e-01
 8.14071e-01
 7.84943e-01
 7.56036e-01
 7.27432e-01
 6.99151e-01
 6.71196e-01
 6.43588e-01
 6.16293e-01
 5.88372e-01
 5.60148e-01
 5.41712e-01
 5.23527e-01
 5.06802e-01
 4.91655e-01
 4.78642e-01
 4.67159e-01
 4.54624e-01
 4.38106e-01
 9.84687e-01
 9.70597e-01
 9.50973e-01
 9.27066e-01
 9.00404e-01
 8.72199e-01
 8.43255e-01
 8.14071e-01
 7.84943e-01
 7.56036e-01
 7.27432e-01
 6.99151e-01
 6.71196e-01
 6.43588e-01
 6.16293e-01
 5.88372e-01
 5.60148e-01
 5.41712e-01
 5.23527e-01
 5.06802e-01
 4.91655e-01
 4.78642e-01
 4.67159e-01
 4.54624e-01
 4.38106e-01
 9.84687e-01
 9.70597e-01
 9.50973e-01
 9.27066e-01
 9.00404e-01
 8.72199e-01
 8.43255e-01
 8.14071e-01
 7.84943e-01
 7.56036e-01
 7.27432e-01
 6.99151e-01
 6.71196e-01
 6.43588e-01
 6.16293e-01
 5.88372e-01
 5.60148e-01
 5.41712e-01
 5.23527e-01
 5.06802e-01
 4.91655e-01
 4.78642e-01
 4.67159e-01
 4.54624e-01
 4.38106e-01
 9.84687e-01
 9.70597e-01
 9.50973e-01
 9.27066e-01
 9.00404e-01
 8.72199e-01
 8.43255e-01
 8.14071e-01
 7.84943e-01
 7.56036e-01
 7.27432e-01
 6.99151e-01
 6.71196e-01
 6.43588e-01
 6.16293e-01
 5.88372e-01
 5.60148e-01
 5.41712e-01
 5.23527e-01
 5.06802e-01
 4.91655e-01
 4.78642e-01
 4.67159e-01
 4.54624e-01
 4.38106e-01
 9.84687e-01
 9.70597e-01
 9.50973e-01
 9.27066e-01
 9.00404e-01
 8.72199e-01
 8.43255e-01
 8.14071e-01
 7.84943e-01
 7.56036e-01
 7.27432e-01
 6.99151e-01
 6.71196e-01
 6.43588e-01
 6.16293e-01
 5.88372e-01
 5.60148e-01
 5.41712e-01
 5.23527e-01
 5.06802e-01
 4.91655e-01
 4.78642e-01
 4.67159e-01
 4.54624e-01
 4.38106e-01
 9.84687e-01
 9.70597e-01
 9.50973e-01
 9.27066e-01
 9.00404e-01
 8.72199e-01
 8.43255e-01
 8.14071e-01
 7.84943e-01
 7.56036e-01
 7.27432e-01
 6.99151e-01
 6.71196e-01
 6.43588e-01
 6.16293e-01
 5.88372e-01
 5.60148e-01
 5.41712e-01
 5.23527e-01
 5.06802e-01
 4.91655e-01
 4.78642e-01
 4.67159e-01
 4.54624e-01
 4.38106e-01
 9.84687e-01
 9.70597e-01
 9.50973e-01
 9.27066e-01
 9.00404e-01
 8.72199e-01
 8.43255e-01
 8.14071e-01
 7.84943e-01
 7.56036e-01
 7.27432e-01
 6.99151e-01
 6.71196e-01
 6.43588e-01
 6.16293e-01
 5.88372e-01
 5.60148e-01
 5.41712e-01
 5.23527e-01
 5.06802e-01
 4.91655e-01
 4.78642e-01
 4.67159e-01
 4.54624e-01
 4.38106e-01
 9.84687e-01
 9.70597e-01
 9.50973e-01
 9.27066e-01
 9.00404e-01
 8.72199e-01
 8.43255e-01
 8.14071e-01
 7.84943e-01
 7.56036e-01
 7.27432e-01
 6.99151e-01
 6.71196e-01
 6.43588e-01
 6.16293e-01
 5.88372e-01
 5.60148e-01
 5.41712e-01
 5.23527e-01
 5.06802e-01
 4.91655e-01
 4.78642e-01
 4.67159e-01
 4.54624e-01
 4.38106e-01
 9.84687e-01
 9.70597e-01
 9.50973e-01
 9.27066e-01
 9.00404e-01
 8.72199e-01
 8.43255e-01
 8.14071e-01
 7.84943e-01
 7.56036e-01
 7.27432e-01
 6.99151e-01
 6.71196e-01
 6.43588e-01
 6.16293e-01
 5.88372e-01
 5.60148e-01
 5.41712e-01
 5.23527e-01
 5.06802e-01
 4.91655e-01
 4.78642e-01
 4.67159e-01
 4.54624e-01
 4.38106e-01
 9.84687e-01
 9.70597e-01
 9.50973e-01
 9.27066e-01
 9.00404e-01
 8.72199e-01
 8.43255e-01
 8.14071e-01
 7.84943e-01
 7.56036e-01
 7.27432e-01
 6.99151e-01
 6.71196e-01
 6.43588e-01
 6.16293e-01
 5.88372e-01
 5.60148e-01
 5.41712e-01
 5.23527e-01
 5.06802e-01
 4.91655e-01
 4.78642e-01
 4.67159e-01
 4.54624e-01
 4.38106e-01
 9.84687e-01
 9.70597e-01
 9.50973e-01
 9.27066e-01
 9.00404e-01
 8.72199e-01
 8.43255e-01
 8.14071e-01
 7.84943e-01
 7.56036e-01
 7.27432e-01
 6.99151e-01
 6.71196e-01
 6.43588e-01
 6.16293e-01
 5.88372e-01
 5.60148e-01
 5.41712e-01
 5.23527e-01
 5.06802e-01
 4.91655e-01
 4.78642e-01
 4.67159e-01
 4.54624e-01
 4.38106e-01
 9.84687e-01
 9.70597e-01
 9.50973e-01
 9.27066e-01
 9.00404e-01
 8.72199e-01
 8.43255e-01
 8.14071e-01
 7.84943e-01
 7.56036e-01
 7.27432e-01
 6.99151e-01
 6.71196e-01
 6.43588e-01
 6.16293e-01
 5.88372e-01
 5.60148e-01
 5.41712e-01
 5.23527e-01
 5.06802e-01
 4.91655e-01
 4.78642e-01
 4.67159e-01
 4.54624e-01
 4.38106e-01
 9.84687e-01
 9.70597e-01
 9.50973e-01
 9.27066e-01
 9.00404e-01
 8.72199e-01
 8.43255e-01
 8.14071e-01
 7.84943e-01
 7.56036e-01
 7.27432e-01
 6.99151e-01
 6.71196e-01
 6.43588e-01
 6.16293e-01
 5.88372e-01
 5.60148e-01
 5.41712e-01
 5.23527e-01
 5.06802e-01
 4.91655e-01
 4.78642e-01
 4.67159e-01
 4.54624e-01
 4.38106e-01
 9.84687e-01
 9.70597e-01
 9.50973e-01
 9.27066e-01
 9.00404e-01
 8.72199e-01
 8.43255e-01
 8.14071e-01
 7.84943e-01
 7.56036e-01
 7.27432e-01
 6.99151e-01
 6.71196e-01
 6.43588e-01
 6.16293e-01
 5.88372e-01
 5.60148e-01
 5.41712e-01
 5.23527e-01
 5.06802e-01
 4.91655e-01
 4.78642e-01
 4.67159e-01
 4.54624e-01
 4.38106e-01
part
         3
hexa8
 4.21315e-01
 4.20796e-01
 4.20594e-01
 4.18563e-01
 4.18187e-01
 4.19367e-01
 4.21020e-01
 4.22343e-01
 4.23130e-01
 4.23872e-01
 4.25287e-01
 4.26538e-01
 4.26767e-01
 4.25547e-01
 4.21727e-01
 4.20107e-01
 4.19236e-01
 3.89626e-01
 3.33576e-01
 2.84066e-01
 2.60381e-01
 2.57922e-01
 2.60792e-01
 2.63094e-01
 2.64213e-01
 4.21315e-01
 4.20796e-01
 4.20594e-01
 4.18563e-01
 4.18187e-01
 4.19367e-01
 4.21020e-01
 4.22343e-01
 4.23130e-01
 4.23872e-01
 4.25287e-01
 4.26538e-01
 4.26767e-01
 4.25547e-01
 4.21727e-01
 4.20107e-01
 4.19236e-01
 3.89626e-01
 3.33576e-01
 2.84066e-01
 2.60381e-01
 2.57922e-01
 2.60792e-01
 2.63094e-01
 2.64213e-01
 4.21315e-01
 4.20796e-01
 4.20594e-01
 4.18563e-01
 4.18187e-01
 4.19367e-01
 4.21020e-01
 4.22343e-01
 4.23130e-01
 4.23872e-01
 4.25287e-01
 4.26538e-01
 4.26767e-01
 4.25547e-01
 4.21727e-01
 4.20107e-01
 4.19236e-01
 3.89626e-01
 3.33576e-01
 2.84066e-01
 2.60381e-01
 2.57922e-01
 2.60792e-01
 2.63094e-01
 2.64213e-01
 4.21315e-01
 4.20796e-01
 4.20594e-01
 4.18563e-01
 4.18187e-01
 4.19367e-01
 4.21020e-01
 4.22343e-01
 4.23130e-01
 4.23872e-01
 4.25287e-01
 4.26538e-01
 4.26767e-01
 4.25547e-01
 4.21727e-01
 4.20107e-01
 4.19236e-01
 3.89626e-01
 3.33576e-01
 2.84066e-01
 2.60381e-01
 2.57922e-01
 2.60792e-01
 2.63094e-01
 2.64213e-01
 4.21315e-01
 4.20796e-01
 4.20594e-01
 4.18563e-01
 4.18187e-01
 4.19367e-01
 4.21020e-01
 4.22343e-01
 4.23130e-01
 4.23872e-01
 4.25287e-01
 4.26538e-01
 4.26767e-01
 4.25547e-01
 4.21727e-01
 4.20107e-01
 4.19236e-01
 3.89626e-01
 3.33576e-01
 2.84066e-01
 2.60381e-01
 2.57922e-01
 2.60792e-01
 2.63094e-01
 2.64213e-01
 4.21315e-01
 4.20796e-01
 4.20594e-01
 4.18563e-01
 4.18187e-01
 4.19367e-01
 4.21020e-01
 4.22343e-01
 4.23130e-01
 4.23872e-01
 4.25287e-01
 4.26538e-01
 4.26767e-01
 4.25547e-01
 4.21727e-01
 4.20107e-01
 4.19236e-01
 3.89626e-01
 3.33576e-01
 2.84066e-01
 2.60381e-01
 2.57922e-01
 2.60792e-01
 2.63094e-01
 2.64213e-01
 4.21315e-01
 4.20796e-01
 4.20594e-01
 4.18563e-01
 4.18187e-01
 4.19367e-01
 4.21020e-01
 4.22343e-01
 4.23130e-01
 4.23872e-01
 4.25287e-01
 4.26538e-01
 4.26767e-01
 4.25547e-01
 4.21727e-01
 4.20107e-01
 4.19236e-01
 3.89626e-01
 3.33576e-01
 2.84066e-01
 2.60381e-01
 2.57922e-01
 2.60792e-01
 2.63094e-01
 2.64213e-01
 4.21315e-01
 4.20796e-01
 4.20594e-01
 4.18563e-01
 4.18187e-01
 4.19367e-01
 4.21020e-01
 4.22343e-01
 4.23130e-01
 4.23872e-01
 4.25287e-01
 4.26538e-01
 4.26767e-01
 4.25547e-01
 4.21727e-01
 4.20107e-01
 4.19236e-01
 3.89626e-01
 3.33576e-01
 2.84066e-01
 2.60381e-01
 2.57922e-01
 2.60792e-01
 2.63094e-01
 2.64213e-01
 4.21315e-01
 4.20796e-01
 4.20594e-01
 4.18563e-01
 4.18187e-01
 4.19367e-01
 4.21020e-01
 4.22343e-01
 4.23130e-01
 4.23872e-01
 4.25287e-01
 4.26538e-01
 4.26767e-01
 4.25547e-01
 4.21727e-01
 4.20107e-01
 4.19236e-01
 3.89626e-01
 3.33576e-01
 2.84066e-01
 2.60381e-01
 2.57922e-01
 2.60792e-01
 2.63094e-01
 2.64213e-01
 4.21315e-01
 4.20796e-01
 4.20594e-01
 4.18563e-01
 4.18187e-01
 4.19367e-01
 4.21020e-01
 4.22343e-01
 4.23130e-01
 4.23872e-01
 4.25287e-01
 4.26538e-01
 4.26767e-01
 4.25547e-01
 4.21727e-01
 4.20107e-01
 4.19236e-01
 3.89626e-01
 3.33576e-01
 2.84066e-01
 2.60381e-01
 2.57922e-01
 2.60792e-01
 2.63094e-01
 2.64213e-01
 4.21315e-01
 4.20796e-01
 4.20594e-01
 4.18563e-01
 4.18187e-01
 4.19367e-01
 4.21020e-01
 4.22343e-01
 4.23130e-01
 4.23872e-01
 4.25287e-01
 4.26538e-01
 4.26767e-01
 4.25547e-01
 4.21727e-01
 4.20107e-01
 4.19236e-01
 3.89626e-01
 3.33576e-01
 2.84066e-01
 2.60381e-01
 2.57922e-01
 2.60792e-01
 2.63094e-01
 2.64213e-01
 4.21315e-01
 4.20796e-01
 4.20594e-01
 4.18563e-01
 4.18187e-01
 4.19367e-01
 4.21020e-01
 4.22343e-01
 4.23130e-01
 4.23872e-01
 4.25287e-01
 4.26538e-01
 4.26767e-01
 4.25547e-01
 4.21727e-01
 4.20107e-01
 4.19236e-01
 3.89626e-01
 3.33576e-01
 2.84066e-01
 2.60381e-01
 2.57922e-01
 2.60792e-01
 2.63094e-01
 2.64213e-01
 4.21315e-01
 4.20796e-01
 4.20594e-01
 4.18563e-01
 4.18187e-01
 4.19367e-01
 4.21020e-01
 4.22343e-01
 4.23130e-01
 4.23872e-01
 4.25287e-01
 4.26538e-01
 4.26767e-01
 4.25547e-01
 4.21727e-01
 4.20107e-01
 4.19236e-01
 3.89626e-01
 3.33576e-01
 2.84066e-01
 2.60381e-01
 2.57922e-01
 2.60792e-01
 2.63094e-01
 2.64213e-01
 4.21315e-01
 4.20796e-01
 4.20594e-01
 4.18563e-01
 4.18187e-01
 4.19367e-01
 4.21020e-01
 4.22343e-01
 4.23130e-01
 4.23872e-01
 4.25287e-01
 4.26538e-01
 4.26767e-01
 4.25547e-01
 4.21727e-01
 4.20107e-01
 4.19236e-01
 3.89626e-01
 3.33576e-01
 2.84066e-01
 2.60381e-01
 2.57922e-01
 2.60792e-01
 2.63094e-01
 2.64213e-01
 4.21315e-01
 4.20796e-01
 4.20594e-01
 4.18563e-01
 4.18187e-01
 4.19367e-01
 4.21020e-01
 4.22343e-01
 4.23130e-01
 4.23872e-01
 4.25287e-01
 4.26538e-01
 4.26767e-01
 4.25547e-01
 4.21727e-01
 4.20107e-01
 4.19236e-01
 3.89626e-01
 3.33576e-01
 2.84066e-01
 2.60381e-01
 2.57922e-01
 2.60792e-01
 2.63094e-01
 2.64213e-01
 4.21315e-01
 4.20796e-01
 4.20594e-01
 4.18563e-01
 4.18187e-01
 4.19367e-01
 4.21020e-01
 4.22343e-01
 4.23130e-01
 4.23872e-01
 4.25287e-01
 4.26538e-01
 4.26767e-01
 4.25547e-01
 4.21727e-01
 4.20107e-01
 4.19236e-01
 3.89626e-01
 3.33576e-01
 2.84066e-01
 2.60381e-01
 2.57922e-01
 2.60792e-01
 2.63094e-01
 2.64213e-01
 4.21315e-01
 4.20796e-01
 4.20594e-01
 4.18563e-01
 4.18187e-01
 4.19367e-01
 4.21020e-01
 4.22343e-01
 4.23130e-01
 4.23872e-01
 4.25287e-01
 4.26538e-01
 4.26767e-01
 4.25547e-01
 4.21727e-01
 4.20107e-01
 4.19236e-01
 3.89626e-01
 3.33576e-01
 2.84066e-01
 2.60381e-01
 2.57922e-01
 2.60792e-01
 2.63094e-01
 2.64213e-01
 4.21315e-01
 4.20796e-01
 4.20594e-01
 4.18563e-01
 4.18187e-01
 4.19367e-01
 4.21020e-01
 4.22343e-01
 4.23130e-01
 4.23872e-01
 4.25287e-01
 4.26538e-01
 4.26767e-01
 4.25547e-01
 4.21727e-01
 4.20107e-01
 4.19236e-01
 3.89626e-01
 3.33576e-01
 2.84066e-01
 2.60381e-01
 2.57922e-01
 2.60792e-01
 2.63094e-01
 2.64213e-01
 4.21315e-01
 4.20796e-01
 4.20594e-01
 4.18563e-01
 4.18187e-01
 4.19367e-01
 4.21020e-01
 4.22343e-01
 4.23130e-01
 4.23872e-01
 4.25287e-01
 4.26538e-01
 4.26767e-01
 4.25547e-01
 4.21727e-01
 4.20107e-01
 4.19236e-01
 3.89626e-01
 3.33576e-01
 2.84066e-01
 2.60381e-01
 2.57922e-01
 2.60792e-01
 2.63094e-01
 2.64213e-01
 4.21315e-01
 4.20796e-01
 4.20594e-01
 4.18563e-01
 4.18187e-01
 4.19367e-01
 4.21020e-01
 4.22343e-01
 4.23130e-01
 4.23872e-01
 4.25287e-01
 4.26538e-01
 4.26767e-01
 4.25547e-01
 4.21727e-01
 4.20107e-01
 4.19236e-01
 3.89626e-01
 3.33576e-01
 2.84066e-01
 2.60381e-01
 2.57922e-01
 2.60792e-01
 2.63094e-01
 2.64213e-01
 4.21315e-01
 4.20796e-01
 4.20594e-01
 4.18563e-01
 4.18187e-01
 4.19367e-01
 4.21020e-01
 4.22343e-01
 4.23130e-01
 4.23872e-01
 4.25287e-01
 4.26538e-01
 4.26767e-01
 4.25547e-01
 4.21727e-01
 4.20107e-01
 4.19236e-01
 3.89626e-01
 3.33576e-01
 2.84066e-01
 2.60381e-01
 2.57922e-01
 2.60792e-01
 2.63094e-01
 2.64213e-01
 4.21315e-01
 4.20796e-01
 4.20594e-01
 4.18563e-01
 4.18187e-01
 4.19367e-01
 4.21020e-01
 4.22343e-01
 4.23130e-01
 4.23872e-01
 4.25287e-01
 4.26538e-01
 4.26767e-01
 4.25547e-01
 4.21727e-01
 4.20107e-01
 4.19236e-01
 3.89626e-01
 3.33576e-01
 2.84066e-01
 2.60381e-01
 2.57922e-01
 2.60792e-01
 2.63094e-01
 2.64213e-01
 4.21315e-01
 4.20796e-01
 4.20594e-01
 4.18563e-01
 4.18187e-01
 4.19367e-01
 4.21020e-01
 4.22343e-01
 4.23130e-01
 4.23872e-01
 4.25287e-01
 4.26538e-01
 4.26767e-01
 4.25547e-01
 4.21727e-01
 4.20107e-01
 4.19236e-01
 3.89626e-01
 3.33576e-01
 2.84066e-01
 2.60381e-01
 2.57922e-01
 2.60792e-01
 2.63094e-01
 2.64213e-01
 4.21315e-01
 4.20796e-01
 4.20594e-01
 4.18563e-01
 4.18187e-01
 4.19367e-01
 4.21020e-01
 4.22343e-01
 4.23130e-01
 4.23872e-01
 4.25287e-01
 4.26538e-01
 4.26767e-01
 4.25547e-01
 4.21727e-01
 4.20107e-01
 4.19236e-01
 3.89626e-01
 3.33576e-01
 2.84066e-01
 2.60381e-01
 2.57922e-01
 2.60792e-01
 2.63094e-01
 2.64213e-01
 4.21315e-01
 4.20796e-01
 4.20594e-01
 4.18563e-01
 4.18187e-01
 4.19367e-01
 4.21020e-01
 4.22343e-01
 4.23130e-01
 4.23872e-01
 4.25287e-01
 4.26538e-01
 4.26767e-01
 4.25547e-01
 4.21727e-01
 4.20107e-01
 4.19236e-01
 3.89626e-01
 3.33576e-01
 2.84066e-01
 2.60381e-01
 2.57922e-01
 2.60792e-01
 2.63094e-01
 2.64213e-01
part
         4
hexa8
 2.64552e-01
 2.64724e-01
 2.65032e-01
 2.65203e-01
 2.65134e-01
 2.64622e-01
 2.62093e-01
 2.55668e-01
 2.40019e-01
 2.16216e-01
 1.86370e-01
 1.60049e-01
 1.41420e-01
 1.31181e-01
 1.26870e-01
 1.25493e-01
 1.25123e-01
 1.25030e-01
 1.25007e-01
 1.25002e-01
 1.25000e-01
 1.25000e-01
 1.25000e-01
 1.25000e-01
 1.25000e-01
 2.64552e-01
 2.64724e-01
 2.65032e-01
 2.65203e-01
 2.65134e-01
 2.64622e-01
 2.62093e-01
 2.55668e-01
 2.40019e-01
 2.16216e-01
 1.86370e-01
 1.60049e-01
 1.41420e-01
 1.31181e-01
 1.26870e-01
 1.25493e-01
 1.25123e-01
 1.25030e-01
 1.25007e-01
 1.25002e-01
 1.25000e-01
 1.25000e-01
 1.25000e-01
 1.25000e-01
 1.25000e-01
 2.64552e-01
 2.64724e-01
 2.65032e-01
 2.65203e-01
 2.65134e-01
 2.64622e-01
 2.62093e-01
 2.55668e-01
 2.40019e-01
 2.16216e-01
 1.86370e-01
 1.60049e-01
 1.41420e-01
 1.31181e-01
 1.26870e-01
 1.25493e-01
 1.25123e-01
 1.25030e-01
 1.25007e-01
 1.25002e-01
 1.25000e-01
 1.25000e-01
 1.25000e-01
 1.25000e-01
 1.25000e-01
 2.64552e-01
 2.64724e-01
 2.65032e-01
 2.65203e-01
 2.65134e-01
 2.64622e-01
 2.62093e-01
 2.55668e-01
 2.40019e-01
 2.16216e-01
 1.86370e-01
 1.60049e-01
 1.41420e-01
 1.31181e-01
 1.26870e-01
 1.25493e-01
 1.25123e-01
 1.25030e-01
 1.25007e-01
 1.25002e-01
 1.25000e-01
 1.25000e-01
 1.25000e-01
 1.25000e-01
 1.25000e-01
 2.64552e-01
 2.64724e-01
 2.65032e-01
 2.65203e-01
 2.65134e-01
 2.64622e-01
 2.62093e-01
 2.55668e-01
 2.40019e-01
 2.16216e-01
 1.86370e-01
 1.60049e-01
 1.41420e-01
 1.31181e-01
 1.26870e-01
 1.25493e-01
 1.25123e-01
 1.25030e-01
 1.25007e-01
 1.25002e-01
 1.25000e-01
 1.25000e-01
 1.25000e-01
 1.25000e-01
 1.25000e-01
 2.64552e-01
 2.64724e-01
 2.65032e-01
 2.65203e-01
 2.65134e-01
 2.64622e-01
 2.62093e-01
 2.55668e-01
 2.40019e-01
 2.16216e-01
 1.86370e-01
 1.60049e-01
 1.41420e-01
 1.31181e-01
 1.26870e-01
 1.25493e-01
 1.25123e-01
 1.25030e-01
 1.25007e-01
 1.25002e-01
 1.25000e-01
 1.25000e-01
 1.25000e-01
 1.25000e-01
 1.25000e-01
 2.64552e-01
 2.64724e-01
 2.65032e-01
 2.65203e-01
 2.65134e-01
 2.64622e-01
 2.62093e-01
 2.55668e-01
 2.40019e-01
 2.16216e-01
 1.86370e-01
 1.60049e-01
 1.41420e-01
 1.31181e-01
 1.26870e-01
 1.25493e-01
 1.25123e-01
 1.25030e-01
 1.25007e-01
 1.25002e-01
 1.25000e-01
 1.25000e-01
 1.25000e-01
 1.25000e-01
 1.25000e-01
 2.64552e-01
 2.64724e-01
 2.65032e-01
 2.65203e-01
 2.65134e-01
 2.64622e-01
 2.62093e-01
 2.55668e-01
 2.40019e-01
 2.16216e-01
 1.86370e-01
 1.60049e-01
 1.41420e-01
 1.31181e-01
 1.26870e-01
 1.25493e-01
 1.25123e-01
 1.25030e-01
 1.25007e-01
 1.25002e-01
 1.25000e-01
 1.25000e-01
 1.25000e-01
 1.25000e-01
 1.25000e-01
 2.64552e-01
 2.64724e-01
 2.65032e-01
 2.65203e-01
 2.65134e-01
 2.64622e-01
 2.62093e-01
 2.55668e-01
 2.40019e-01
 2.16216e-01
 1.86370e-01
 1.60049e-01
 1.41420e-01
 1.31181e-01
 1.26870e-01
 1.25493e-01
 1.25123e-01
 1.25030e-01
 1.25007e-01
 1.25002e-01
 1.25000e-01
 1.25000e-01
 1.25000e-01
 1.25000e-01
 1.25000e-01
 2.64552e-01
 2.64724e-01
 2.65032e-01
 2.65203e-01
 2.65134e-01
 2.64622e-01
 2.62093e-01
 2.55668e-01
 2.40019e-01
 2.16216e-01
 1.86370e-01
 1.60049e-01
 1.41420e-01
 1.31181e-01
 1.26870e-01
 1.25493e-01
 1.25123e-01
 1.25030e-01
 1.25007e-01
 1.25002e-01
 1.25000e-01
 1.25000e-01
 1.25000e-01
 1.25000e-01
 1.25000e-01
 2.64552e-01
 2.64724e-01
 2.65032e-01
 2.65203e-01
 2.65134e-01
 2.64622e-01
 2.62093e-01
 2.55668e-01
 2.40019e-01
 2.16216e-01
 1.86370e-01
 1.60049e-01
 1.41420e-01
 1.31181e-01
 1.26870e-01
 1.25493e-01
 1.25123e-01
 1.25030e-01
 1.25007e-01
 1.25002e-01
 1.25000e-01
 1.25000e-01
 1.25000e-01
 1.25000e-01
 1.25000e-01
 2.64552e-01
 2.64724e-01
 2.65032e-01
 2.65203e-01
 2.65134e-01
 2.64622e-01
 2.62093e-01
 2.55668e-01
 2.40019e-01
 2.16216e-01
 1.86370e-01
 1.60049e-01
 1.41420e-01
 1.31181e-01
 1.26870e-01
 1.25493e-01
 1.25123e-01
 1.25030e-01
 1.25007e-01
 1.25002e-01
 1.25000e-01
 1.25000e-01
 1.25000e-01
 1.25000e-01
 1.25000e-01
 2.64552e-01
 2.64724e-01
 2.65032e-01
 2.65203e-01
 2.65134e-01
 2.64622e-01
 2.62093e-01
 2.55668e-01
 2.40019e-01
 2.16216e-01
 1.86370e-01
 1.60049e-01
 1.41420e-01
 1.31181e-01
 1.26870e-01
 1.25493e-01
 1.25123e-01
 1.25030e-01
 1.25007e-01
 1.25002e-01
 1.25000e-01
 1.25000e-01
 1.25000e-01
 1.25000e-01
 1.25000e-01
 2.64552e-01
 2.64724e-01
 2.65032e-01
 2.65203e-01
 2.65134e-01
 2.64622e-01
 2.62093e-01
 2.55668e-01
 2.40019e-01
 2.16216e-01
 1.86370e-01
 1.60049e-01
 1.41420e-01
 1.31181e-01
 1.26870e-01
 1.25493e-01
 1.25123e-01
 1.25030e-01
 1.25007e-01
 1.25002e-01
 1.25000e-01
 1.25000e-01
 1.25000e-01
 1.25000e-01
 1.25000e-01
 2.64552e-01
 2.64724e-01
 2.65032e-01
 2.65203e-01
 2.65134e-01
 2.64622e-01
 2.62093e-01
 2.55668e-01
 2.40019e-01
 2.16216e-01
 1.86370e-01
 1.60049e-01
 1.41420e-01
 1.31181e-01
 1.26870e-01
 1.25493e-01
 1.25123e-01
 1.25030e-01
 1.25007e-01
 1.25002e-01
 1.25000e-01
 1.25000e-01
 1.25000e-01
 1.25000e-01
 1.25000e-01
 2.64552e-01
 2.64724e-01
 2.65032e-01
 2.65203e-01
 2.65134e-01
 2.64622e-01
 2.62093e-01
 2.55668e-01
 2.40019e-01
 2.16216e-01
 1.86370e-01
 1.60049e-01
 1.41420e-01
 1.31181e-01
 1.26870e-01
 1.25493e-01
 1.25123e-01
 1.25030e-01
 1.25007e-01
 1.25002e-01
 1.25000e-01
 1.25000e-01
 1.25000e-01
 1.25000e-01
 1.25000e-01
 2.64552e-01
 2.64724e-01
 2.65032e-01
 2.65203e-01
 2.65134e-01
 2.64622e-01
 2.62093e-01
 2.55668e-01
 2.40019e-01
 2.16216e-01
 1.86370e-01
 1.60049e-01
 1.41420e-01
 1.31181e-01
 1.26870e-01
 1.25493e-01
 1.25123e-01
 1.25030e-01
 1.25007e-01
 1.25002e-01
 1.25000e-01
 1.25000e-01
 1.25000e-01
 1.25000e-01
 1.25000e-01
 2.64552e-01
 2.64724e-01
 2.65032e-01
 2.65203e-01
 2.65134e-01
 2.64622e-01
 2.62093e-01
 2.55668e-01
 2.40019e-01
 2.16216e-01
 1.86370e-01
 1.60049e-01
 1.41420e-01
 1.31181e-01
 1.26870e-01
 1.25493e-01
 1.25123e-01
 1.25030e-01
 1.25007e-01
 1.25002e-01
 1.25000e-01
 1.25000e-01
 1.25000e-01
 1.25000e-01
 1.25000e-01
 2.64552e-01
 2.64724e-01
 2.65032e-01
 2.65203e-01
 2.65134e-01
 2.64622e-01
 2.62093e-01
 2.55668e-01
 2.40019e-01
 2.16216e-01
 1.86370e-01
 1.60049e-01
 1.41420e-01
 1.31181e-01
 1.26870e-01
 1.25493e-01
 1.25123e-01
 1.25030e-01
 1.25007e-01
 1.25002e-01
 1.25000e-01
 1.25000e-01
 1.25000e-01
 1.25000e-01
 1.25000e-01
 2.64552e-01
 2.64724e-01
 2.65032e-01
 2.65203e-01
 2.65134e-01
 2.64622e-01
 2.62093e-01
 2.55668e-01
 2.40019e-01
 2.16216e-01
 1.86370e-01
 1.60049e-01
 1.41420e-01
 1.31181e-01
 1.26870e-01
 1.25493e-01
 1.25123e-01
 1.25030e-01
 1.25007e-01
 1.25002e-01
 1.25000e-01
 1.25000e-01
 1.25000e-01
 1.25000e-01
 1.25000e-01
 2.64552e-01
 2.64724e-01
 2.65032e-01
 2.65203e-01
 2.65134e-01
 2.64622e-01
 2.62093e-01
 2.55668e-01
 2.40019e-01
 2.16216e-01
 1.86370e-01
 1.60049e-01
 1.41420e-01
 1.31181e-01
 1.26870e-01
 1.25493e-01
 1.25123e-01
 1.25030e-01
 1.25007e-01
 1.25002e-01
 1.25000e-01
 1.25000e-01
 1.25000e-01
 1.25000e-01
 1.25000e-01
 2.64552e-01
 2.64724e-01
 2.65032e-01
 2.65203e-01
 2.65134e-01
 2.64622e-01
 2.62093e-01
 2.55668e-01
 2.40019e-01
 2.16216e-01
 1.86370e-01
 1.60049e-01
 1.41420e-01
 1.31181e-01
 1.26870e-01
 1.25493e-01
 1.25123e-01
 1.25030e-01
 1.25007e-01
 1.25002e-01
 1.25000e-01
 1.25000e-01
 1.25000e-01
 1.25000e-01
 1.25000e-01
 2.64552e-01
 2.64724e-01
 2.65032e-01
 2.65203e-01
 2.65134e-01
 2.64622e-01
 2.62093e-01
 2.55668e-01
 2.40019e-01
 2.16216e-01
 1.86370e-01
 1.60049e-01
 1.41420e-01
 1.31181e-01
 1.26870e-01
 1.25493e-01
 1.25123e-01
 1.25030e-01
 1.25007e-01
 1.25002e-01
 1.25000e-01
 1.25000e-01
 1.25000e-01
 1.25000e-01
 1.25000e-01
 2.64552e-01
 2.64724e-01
 2.65032e-01
 2.65203e-01
 2.65134e-01
 2.64622e-01
 2.62093e-01
 2.55668e-01
 2.40019e-01
 2.16216e-01
 1.86370e-01
 1.60049e-01
 1.41420e-01
 1.31181e-01
 1.26870e-01
 1.25493e-01
 1.25123e-01
 1.25030e-01
 1.25007e-01
 1.25002e-01
 1.25000e-01
 1.25000e-01
 1.25000e-01
 1.25000e-01
 1.25000e-01
 2.64552e-01
 2.64724e-01
 2.65032e-01
 2.65203e-01
 2.65134e-01
 2.64622e-01
 2.62093e-01
 2.55668e-01
 2.40019e-01
 2.16216e-01
 1.86370e-01
 1.60049e-01
 1.41420e-01
 1.31181e-01
 1.26870e-01
 1.25493e-01
 1.25123e-01
 1.25030e-01
 1.25007e-01
 1.25002e-01
 1.25000e-01
 1.25000e-01
 1.25000e-01
 1.25000e-01
 1.25000e-01
