Pressure
part
         1
hexa8
 1.00000e+00
 1.00000e+00
 1.00000e+00
 1.00000e+00
 1.00000e+00
 1.00000e+00
 1.00000e+00
 1.00000e+00
 1.00000e+00
 1.00000e+00
 1.00000e+00
 1.00000e+00
 1.00000e+00
 1.00000e+00
 1.00000e+00
 1.00000e+00
 1.00000e+00
 1.00000e+00
 1.00000e+00
 1.00000e+00
 1.00000e+00
 1.00000e+00
 1.00000e+00
 1.00000e+00
 1.00000e+00
 1.00000e+00
 1.00000e+00
 1.00000e+00
 1.00000e+00
 1.00000e+00
 1.00000e+00
 1.00000e+00
 1.00000e+00
 1.00000e+00
 1.00000e+00
 1.00000e+00
 1.00000e+00
 1.00000e+00
 1.00000e+00
 1.00000e+00
 1.00000e+00
 1.00000e+00
 1.00000e+00
 1.00000e+00
 1.00000e+00
 1.00000e+00
 1.00000e+00
 1.00000e+00
 1.00000e+00
 1.00000e+00
 1.00000e+00
 1.00000e+00
 1.00000e+00
 1.00000e+00
 1.00000e+00
 1.00000e+00
 1.00000e+00
 1.00000e+00
 1.00000e+00
 1.00000e+00
 1.00000e+00
 1.00000e+00
 1.00000e+00
 1.00000e+00
 1.00000e+00
 1.00000e+00
 1.00000e+00
 1.00000e+00
 1.00000e+00
 1.00000e+00
 1.00000e+00
 1.00000e+00
 1.00000e+00
 1.00000e+00
 1.00000e+00
 1.00000e+00
 1.00000e+00
 1.00000e+00
 1.00000e+00
 1.00000e+00
 1.00000e+00
 1.00000e+00
 1.00000e+00
 1.00000e+00
 1.00000e+00
 1.00000e+00
 1.00000e+00
 1.00000e+00
 1.00000e+00
 1.00000e+00
 1.00000e+00
 1.00000e+00
 1.00000e+00
 1.00000e+00
 1.00000e+00
 1.00000e+00
 1.00000e+00
 1.00000e+00
 1.00000e+00
 1.00000e+00
 1.00000e+00
 1.00000e+00
 1.00000e+00
 1.00000e+00
 1.00000e+00
 1.00000e+00
 1.00000e+00
 1.00000e+00
 1.00000e+00
 1.00000e+00
 1.00000e+00
 1.00000e+00
 1.00000e+00
 1.00000e+00
 1.00000e+00
 1.00000e+00
 1.00000e+00
 1.00000e+00
 1.00000e+00
 1.00000e+00
 1.00000e+00
 1.00000e+00
 1.00000e+00
 1.00000e+00
 1.00000e+00
 1.00000e+00
 1.00000e+00
 1.00000e+00
 1.00000e+00
 1.00000e+00
 1.00000e+00
 1.00000e+00
 1.00000e+00
 1.00000e+00
 1.00000e+00
 1.00000e+00
 1.00000e+00
 1.00000e+00
 1.00000e+00
 1.00000e+00
 1.00000e+00
 1.00000e+00
 1.00000e+00
 1.00000e+00
 1.00000e+00
 1.00000e+00
 1.00000e+00
 1.00000e+00
 1.00000e+00
 1.00000e+00
 1.00000e+00
 1.00000e+00
 1.00000e+00
 1.00000e+00
 1.00000e+00
 1.00000e+00
 1.00000e+00
 1.00000e+00
 1.00000e+00
 1.00000e+00
 1.00000e+00
 1.00000e+00
 1.00000e+00
 1.00000e+00
 1.00000e+00
 1.00000e+00
 1.00000e+00
 1.00000e+00
 1.00000e+00
 1.00000e+00
 1.00000e+00
 1.00000e+00
 1.00000e+00
 1.00000e+00
 1.00000e+00
 1.00000e+00
 1.00000e+00
 1.00000e+00
 1.00000e+00
 1.00000e+00
 1.00000e+00
 1.00000e+00
 1.00000e+00
 1.00000e+00
 1.00000e+00
 1.00000e+00
 1.00000e+00
 1.00000e+00
 1.00000e+00
 1.00000e+00
 1.00000e+00
 1.00000e+00
 1.00000e+00
 1.00000e+00
 1.00000e+00
 1.00000e+00
 1.00000e+00
 1.00000e+00
 1.00000e+00
 1.00000e+00
 1.00000e+00
 1.00000e+00
 1.00000e+00
 1.00000e+00
 1.00000e+00
 1.00000e+00
 1.00000e+00
 1.00000e+00
 1.00000e+00
 1.00000e+00
 1.00000e+00
 1.00000e+00
 1.00000e+00
 1.00000e+00
 1.00000e+00
 1.00000e+00
 1.00000e+00
 1.00000e+00
 1.00000e+00
 1.00000e+00
 1.00000e+00
 1.00000e+00
 1.00000e+00
 1.00000e+00
 1.00000e+00
 1.00000e+00
 1.00000e+00
 1.00000e+00
 1.00000e+00
 1.00000e+00
 1.00000e+00
 1.00000e+00
 1.00000e+00
 1.00000e+00
 1.00000e+00
 1.00000e+00
 1.00000e+00
 1.00000e+00
 1.00000e+00
 1.00000e+00
 1.00000e+00
 1.00000e+00
 1.00000e+00
 1.00000e+00
 1.00000e+00
 1.00000e+00
 1.00000e+00
 1.00000e+00
 1.00000e+00
 1.00000e+00
 1.00000e+00
 1.00000e+00
 1.00000e+00
 1.00000e+00
 1.00000e+00
 1.00000e+00
 1.00000e+00
 1.00000e+00
 1.00000e+00
 1.00000e+00
 1.00000e+00
 1.00000e+00
 1.00000e+00
 1.00000e+00
 1.00000e+00
 1.00000e+00
 1.00000e+00
 1.00000e+00
 1.00000e+00
 1.00000e+00
 1.00000e+00
 1.00000e+00
 1.00000e+00
 1.00000e+00
 1.00000e+00
 1.00000e+00
 1.00000e+00
 1.00000e+00
 1.00000e+00
 1.00000e+00
 1.00000e+00
 1.00000e+00
 1.00000e+00
 1.00000e+00
 1.00000e+00
 1.00000e+00
 1.00000e+00
 1.00000e+00
 1.00000e+00
 1.00000e+00
 1.00000e+00
 1.00000e+00
 1.00000e+00
 1.00000e+00
 1.00000e+00
 1.00000e+00
 1.00000e+00
 1.00000e+00
 1.00000e+00
 1.00000e+00
 1.00000e+00
 1.00000e+00
 1.00000e+00
 1.00000e+00
 1.00000e+00
 1.00000e+00
 1.00000e+00
 1.00000e+00
 1.00000e+00
 1.00000e+00
 1.00000e+00
 1.00000e+00
 1.00000e+00
 1.00000e+00
 1.00000e+00
 1.00000e+00
 1.00000e+00
 1.00000e+00
 1.00000e+00
 1.00000e+00
 1.00000e+00
 1.00000e+00
 1.00000e+00
 1.00000e+00
 1.00000e+00
 1.00000e+00
 1.00000e+00
 1.00000e+00
 1.00000e+00
 1.00000e+00
 1.00000e+00
 1.00000e+00
 1.00000e+00
 1.00000e+00
 1.00000e+00
 1.00000e+00
 1.00000e+00
 1.00000e+00
 1.00000e+00
 1.00000e+00
 1.00000e+00
 1.00000e+00
 1.00000e+00
 1.00000e+00
 1.00000e+00
 1.00000e+00
 1.00000e+00
 1.00000e+00
 1.00000e+00
 1.00000e+00
 1.00000e+00
 1.00000e+00
 1.00000e+00
 1.00000e+00
 1.00000e+00
 1.00000e+00
 1.00000e+00
 1.00000e+00
 1.00000e+00
 1.00000e+00
 1.00000e+00
 1.00000e+00
 1.00000e+00
 1.00000e+00
 1.00000e+00
 1.00000e+00
 1.00000e+00
 1.00000e+00
 1.00000e+00
 1.00000e+00
 1.00000e+00
 1.00000e+00
 1.00000e+00
 1.00000e+00
 1.00000e+00
 1.00000e+00
 1.00000e+00
 1.00000e+00
 1.00000e+00
 1.00000e+00
 1.00000e+00
 1.00000e+00
 1.00000e+00
 1.00000e+00
 1.00000e+00
 1.00000e+00
 1.00000e+00
 1.00000e+00
 1.00000e+00
 1.00000e+00
 1.00000e+00
 1.00000e+00
 1.00000e+00
 1.00000e+00
 1.00000e+00
 1.00000e+00
 1.00000e+00
 1.00000e+00
 1.00000e+00
 1.00000e+00
 1.00000e+00
 1.00000e+00
 1.00000e+00
 1.00000e+00
 1.00000e+00
 1.00000e+00
 1.00000e+00
 1.00000e+00
 1.00000e+00
 1.00000e+00
 1.00000e+00
 1.00000e+00
 1.00000e+00
 1.00000e+00
 1.00000e+00
 1.00000e+00
 1.00000e+00
 1.00000e+00
 1.00000e+00
 1.00000e+00
 1.00000e+00
 1.00000e+00
 1.00000e+00
 1.00000e+00
 1.00000e+00
 1.00000e+00
 1.00000e+00
 1.00000e+00
 1.00000e+00
 1.00000e+00
 1.00000e+00
 1.00000e+00
 1.00000e+00
 1.00000e+00
 1.00000e+00
 1.00000e+00
 1.00000e+00
 1.00000e+00
 1.00000e+00
 1.00000e+00
 1.00000e+00
 1.00000e+00
 1.00000e+00
 1.00000e+00
 1.00000e+00
 1.00000e+00
 1.00000e+00
 1.00000e+00
 1.00000e+00
 1.00000e+00
 9.99997e-01
 9.99997e-01
 9.99997e-01
 9.99997e-01
 9.99997e-01
 9.99997e-01
 9.99997e-01
 9.99997e-01
 9.99997e-01
 9.99997e-01
 9.99997e-01
 9.99997e-01
 9.99997e-01
 9.99997e-01
 9.99997e-01
 9.99997e-01
 9.99997e-01
 9.99997e-01
 9.99997e-01
 9.99997e-01
 9.99997e-01
 9.99997e-01
 9.99997e-01
 9.99997e-01
 9.99997e-01
 9.99986e-01
 9.99986e-01
 9.99986e-01
 9.99986e-01
 9.99986e-01
 9.99986e-01
 9.99986e-01
 9.99986e-01
 9.99986e-01
 9.99986e-01
 9.99986e-01
 9.99986e-01
 9.99986e-01
 9.99986e-01
 9.99986e-01
 9.99986e-01
 9.99986e-01
 9.99986e-01
 9.99986e-01
 9.99986e-01
 9.99986e-01
 9.99986e-01
 9.99986e-01
 9.99986e-01
 9.99986e-01
 9.99935e-01
 9.99935e-01
 9.99935e-01
 9.99935e-01
 9.99935e-01
 9.99935e-01
 9.99935e-01
 9.99935e-01
 9.99935e-01
 9.99935e-01
 9.99935e-01
 9.99935e-01
 9.99935e-01
 9.99935e-01
 9.99935e-01
 9.99935e-01
 9.99935e-01
 9.99935e-01
 9.99935e-01
 9.99935e-01
 9.99935e-01
 9.99935e-01
 9.99935e-01
 9.99935e-01
 9.99935e-01
 9.99723e-01
 9.99723e-01
 9.99723e-01
 9.99723e-01
 9.99723e-01
 9.99723e-01
 9.99723e-01
 9.99723e-01
 9.99723e-01
 9.99723e-01
 9.99723e-01
 9.99723e-01
 9.99723e-01
 9.99723e-01
 9.99723e-01
 9.99723e-01
 9.99723e-01
 9.99723e-01
 9.99723e-01
 9.99723e-01
 9.99723e-01
 9.99723e-01
 9.99723e-01
 9.99723e-01
 9.99723e-01
 9.98969e-01
 9.98969e-01
 9.98969e-01
 9.98969e-01
 9.98969e-01
 9.98969e-01
 9.98969e-01
 9.98969e-01
 9.98969e-01
 9.98969e-01
 9.98969e-01
 9.98969e-01
 9.98969e-01
 9.98969e-01
 9.98969e-01
 9.98969e-01
 9.98969e-01
 9.98969e-01
 9.98969e-01
 9.98969e-01
 9.98969e-01
 9.98969e-01
 9.98969e-01
 9.98969e-01
 9.98969e-01
 9.96672e-01
 9.96672e-01
 9.96672e-01
 9.96672e-01
 9.96672e-01
 9.96672e-01
 9.96672e-01
 9.96672e-01
 9.96672e-01
 9.96672e-01
 9.96672e-01
 9.96672e-01
 9.96672e-01
 9.96672e-01
 9.96672e-01
 9.96672e-01
 9.96672e-01
 9.96672e-01
 9.96672e-01
 9.96672e-01
 9.96672e-01
 9.96672e-01
 9.96672e-01
 9.96672e-01
 9.96672e-01
 9.90828e-01
 9.90828e-01
 9.90828e-01
 9.90828e-01
 9.90828e-01
 9.90828e-01
 9.90828e-01
 9.90828e-01
 9.90828e-01
 9.90828e-01
 9.90828e-01
 9.90828e-01
 9.90828e-01
 9.90828e-01
 9.90828e-01
 9.90828e-01
 9.90828e-01
 9.90828e-01
 9.90828e-01
 9.90828e-01
 9.90828e-01
 9.90828e-01
 9.90828e-01
 9.90828e-01
 9.90828e-01
part
         2
hexa8
 9.78651e-01
 9.78651e-01
 9.78651e-01
 9.78651e-01
 9.78651e-01
 9.78651e-01
 9.78651e-01
 9.78651e-01
 9.78651e-01
 9.78651e-01
 9.78651e-01
 9.78651e-01
 9.78651e-01
 9.78651e-01
 9.78651e-01
 9.78651e-01
 9.78651e-01
 9.78651e-01
 9.78651e-01
 9.78651e-01
 9.78651e-01
 9.78651e-01
 9.78651e-01
 9.78651e-01
 9.78651e-01
 9.58078e-01
 9.58078e-01
 9.58078e-01
 9.58078e-01
 9.58078e-01
 9.58078e-01
 9.58078e-01
 9.58078e-01
 9.58078e-01
 9.58078e-01
 9.58078e-01
 9.58078e-01
 9.58078e-01
 9.58078e-01
 9.58078e-01
 9.58078e-01
 9.58078e-01
 9.58078e-01
 9.58078e-01
 9.58078e-01
 9.58078e-01
 9.58078e-01
 9.58078e-01
 9.58078e-01
 9.58078e-01
 9.29484e-01
 9.29484e-01
 9.29484e-01
 9.29484e-01
 9.29484e-01
 9.29484e-01
 9.29484e-01
 9.29484e-01
 9.29484e-01
 9.29484e-01
 9.29484e-01
 9.29484e-01
 9.29484e-01
 9.29484e-01
 9.29484e-01
 9.29484e-01
 9.29484e-01
 9.29484e-01
 9.29484e-01
 9.29484e-01
 9.29484e-01
 9.29484e-01
 9.29484e-01
 9.29484e-01
 9.29484e-01
 8.95341e-01
 8.95341e-01
 8.95341e-01
 8.95341e-01
 8.95341e-01
 8.95341e-01
 8.95341e-01
 8.95341e-01
 8.95341e-01
 8.95341e-01
 8.95341e-01
 8.95341e-01
 8.95341e-01
 8.95341e-01
 8.95341e-01
 8.95341e-01
 8.95341e-01
 8.95341e-01
 8.95341e-01
 8.95341e-01
 8.95341e-01
 8.95341e-01
 8.95341e-01
 8.95341e-01
 8.95341e-01
 8.58326e-01
 8.58326e-01
 8.58326e-01
 8.58326e-01
 8.58326e-01
 8.58326e-01
 8.58326e-01
 8.58326e-01
 8.58326e-01
 8.58326e-01
 8.58326e-01
 8.58326e-01
 8.58326e-01
 8.58326e-01
 8.58326e-01
 8.58326e-01
 8.58326e-01
 8.58326e-01
 8.58326e-01
 8.58326e-01
 8.58326e-01
 8.58326e-01
 8.58326e-01
 8.58326e-01
 8.58326e-01
 8.20264e-01
 8.20264e-01
 8.20264e-01
 8.20264e-01
 8.20264e-01
 8.20264e-01
 8.20264e-01
 8.20264e-01
 8.20264e-01
 8.20264e-01
 8.20264e-01
 8.20264e-01
 8.20264e-01
 8.20264e-01
 8.20264e-01
 8.20264e-01
 8.20264e-01
 8.20264e-01
 8.20264e-01
 8.20264e-01
 8.20264e-01
 8.20264e-01
 8.20264e-01
 8.20264e-01
 8.20264e-01
 7.82147e-01
 7.82147e-01
 7.82147e-01
 7.82147e-01
 7.82147e-01
 7.82147e-01
 7.82147e-01
 7.82147e-01
 7.82147e-01
 7.82147e-01
 7.82147e-01
 7.82147e-01
 7.82147e-01
 7.82147e-01
 7.82147e-01
 7.82147e-01
 7.82147e-01
 7.82147e-01
 7.82147e-01
 7.82147e-01
 7.82147e-01
 7.82147e-01
 7.82147e-01
 7.82147e-01
 7.82147e-01
 7.44630e-01
 7.44630e-01
 7.44630e-01
 7.44630e-01
 7.44630e-01
 7.44630e-01
 7.44630e-01
 7.44630e-01
 7.44630e-01
 7.44630e-01
 7.44630e-01
 7.44630e-01
 7.44630e-01
 7.44630e-01
 7.44630e-01
 7.44630e-01
 7.44630e-01
 7.44630e-01
 7.44630e-01
 7.44630e-01
 7.44630e-01
 7.44630e-01
 7.44630e-01
 7.44630e-01
 7.44630e-01
 7.08066e-01
 7.08066e-01
 7.08066e-01
 7.08066e-01
 7.08066e-01
 7.08066e-01
 7.08066e-01
 7.08066e-01
 7.08066e-01
 7.08066e-01
 7.08066e-01
 7.08066e-01
 7.08066e-01
 7.08066e-01
 7.08066e-01
 7.08066e-01
 7.08066e-01
 7.08066e-01
 7.08066e-01
 7.08066e-01
 7.08066e-01
 7.08066e-01
 7.08066e-01
 7.08066e-01
 7.08066e-01
 6.72576e-01
 6.72576e-01
 6.72576e-01
 6.72576e-01
 6.72576e-01
 6.72576e-01
 6.72576e-01
 6.72576e-01
 6.72576e-01
 6.72576e-01
 6.72576e-01
 6.72576e-01
 6.72576e-01
 6.72576e-01
 6.72576e-01
 6.72576e-01
 6.72576e-01
 6.72576e-01
 6.72576e-01
 6.72576e-01
 6.72576e-01
 6.72576e-01
 6.72576e-01
 6.72576e-01
 6.72576e-01
 6.38183e-01
 6.38183e-01
 6.38183e-01
 6.38183e-01
 6.38183e-01
 6.38183e-01
 6.38183e-01
 6.38183e-01
 6.38183e-01
 6.38183e-01
 6.38183e-01
 6.38183e-01
 6.38183e-01
 6.38183e-01
 6.38183e-01
 6.38183e-01
 6.38183e-01
 6.38183e-01
 6.38183e-01
 6.38183e-01
 6.38183e-01
 6.38183e-01
 6.38183e-01
 6.38183e-01
 6.38183e-01
 6.04866e-01
 6.04866e-01
 6.04866e-01
 6.04866e-01
 6.04866e-01
 6.04866e-01
 6.04866e-01
 6.04866e-01
 6.04866e-01
 6.04866e-01
 6.04866e-01
 6.04866e-01
 6.04866e-01
 6.04866e-01
 6.04866e-01
 6.04866e-01
 6.04866e-01
 6.04866e-01
 6.04866e-01
 6.04866e-01
 6.04866e-01
 6.04866e-01
 6.04866e-01
 6.04866e-01
 6.04866e-01
 5.72763e-01
 5.72763e-01
 5.72763e-01
 5.72763e-01
 5.72763e-01
 5.72763e-01
 5.72763e-01
 5.72763e-01
 5.72763e-01
 5.72763e-01
 5.72763e-01
 5.72763e-01
 5.72763e-01
 5.72763e-01
 5.72763e-01
 5.72763e-01
 5.72763e-01
 5.72763e-01
 5.72763e-01
 5.72763e-01
 5.72763e-01
 5.72763e-01
 5.72763e-01
 5.72763e-01
 5.72763e-01
 5.43006e-01
 5.43006e-01
 5.43006e-01
 5.43006e-01
 5.43006e-01
 5.43006e-01
 5.43006e-01
 5.43006e-01
 5.43006e-01
 5.43006e-01
 5.43006e-01
 5.43006e-01
 5.43006e-01
 5.43006e-01
 5.43006e-01
 5.43006e-01
 5.43006e-01
 5.43006e-01
 5.43006e-01
 5.43006e-01
 5.43006e-01
 5.43006e-01
 5.43006e-01
 5.43006e-01
 5.43006e-01
 5.14787e-01
 5.14787e-01
 5.14787e-01
 5.14787e-01
 5.14787e-01
 5.14787e-01
 5.14787e-01
 5.14787e-01
 5.14787e-01
 5.14787e-01
 5.14787e-01
 5.14787e-01
 5.14787e-01
 5.14787e-01
 5.14787e-01
 5.14787e-01
 5.14787e-01
 5.14787e-01
 5.14787e-01
 5.14787e-01
 5.14787e-01
 5.14787e-01
 5.14787e-01
 5.14787e-01
 5.14787e-01
 4.88457e-01
 4.88457e-01
 4.88457e-01
 4.88457e-01
 4.88457e-01
 4.88457e-01
 4.88457e-01
 4.88457e-01
 4.88457e-01
 4.88457e-01
 4.88457e-01
 4.88457e-01
 4.88457e-01
 4.88457e-01
 4.88457e-01
 4.88457e-01
 4.88457e-01
 4.88457e-01
 4.88457e-01
 4.88457e-01
 4.88457e-01
 4.88457e-01
 4.88457e-01
 4.88457e-01
 4.88457e-01
 4.63225e-01
 4.63225e-01
 4.63225e-01
 4.63225e-01
 4.63225e-01
 4.63225e-01
 4.63225e-01
 4.63225e-01
 4.63225e-01
 4.63225e-01
 4.63225e-01
 4.63225e-01
 4.63225e-01
 4.63225e-01
 4.63225e-01
 4.63225e-01
 4.63225e-01
 4.63225e-01
 4.63225e-01
 4.63225e-01
 4.63225e-01
 4.63225e-01
 4.63225e-01
 4.63225e-01
 4.63225e-01
 4.39676e-01
 4.39676e-01
 4.39676e-01
 4.39676e-01
 4.39676e-01
 4.39676e-01
 4.39676e-01
 4.39676e-01
 4.39676e-01
 4.39676e-01
 4.39676e-01
 4.39676e-01
 4.39676e-01
 4.39676e-01
 4.39676e-01
 4.39676e-01
 4.39676e-01
 4.39676e-01
 4.39676e-01
 4.39676e-01
 4.39676e-01
 4.39676e-01
 4.39676e-01
 4.39676e-01
 4.39676e-01
 4.17295e-01
 4.17295e-01
 4.17295e-01
 4.17295e-01
 4.17295e-01
 4.17295e-01
 4.17295e-01
 4.17295e-01
 4.17295e-01
 4.17295e-01
 4.17295e-01
 4.17295e-01
 4.17295e-01
 4.17295e-01
 4.17295e-01
 4.17295e-01
 4.17295e-01
 4.17295e-01
 4.17295e-01
 4.17295e-01
 4.17295e-01
 4.17295e-01
 4.17295e-01
 4.17295e-01
 4.17295e-01
 3.96048e-01
 3.96048e-01
 3.96048e-01
 3.96048e-01
 3.96048e-01
 3.96048e-01
 3.96048e-01
 3.96048e-01
 3.96048e-01
 3.96048e-01
 3.96048e-01
 3.96048e-01
 3.96048e-01
 3.96048e-01
 3.96048e-01
 3.96048e-01
 3.96048e-01
 3.96048e-01
 3.96048e-01
 3.96048e-01
 3.96048e-01
 3.96048e-01
 3.96048e-01
 3.96048e-01
 3.96048e-01
 3.76613e-01
 3.76613e-01
 3.76613e-01
 3.76613e-01
 3.76613e-01
 3.76613e-01
 3.76613e-01
 3.76613e-01
 3.76613e-01
 3.76613e-01
 3.76613e-01
 3.76613e-01
 3.76613e-01
 3.76613e-01
 3.76613e-01
 3.76613e-01
 3.76613e-01
 3.76613e-01
 3.76613e-01
 3.76613e-01
 3.76613e-01
 3.76613e-01
 3.76613e-01
 3.76613e-01
 3.76613e-01
 3.57712e-01
 3.57712e-01
 3.57712e-01
 3.57712e-01
 3.57712e-01
 3.57712e-01
 3.57712e-01
 3.57712e-01
 3.57712e-01
 3.57712e-01
 3.57712e-01
 3.57712e-01
 3.57712e-01
 3.57712e-01
 3.57712e-01
 3.57712e-01
 3.57712e-01
 3.57712e-01
 3.57712e-01
 3.57712e-01
 3.57712e-01
 3.57712e-01
 3.57712e-01
 3.57712e-01
 3.57712e-01
 3.41690e-01
 3.41690e-01
 3.41690e-01
 3.41690e-01
 3.41690e-01
 3.41690e-01
 3.41690e-01
 3.41690e-01
 3.41690e-01
 3.41690e-01
 3.41690e-01
 3.41690e-01
 3.41690e-01
 3.41690e-01
 3.41690e-01
 3.41690e-01
 3.41690e-01
 3.41690e-01
 3.41690e-01
 3.41690e-01
 3.41690e-01
 3.41690e-01
 3.41690e-01
 3.41690e-01
 3.41690e-01
 3.27780e-01
 3.27780e-01
 3.27780e-01
 3.27780e-01
 3.27780e-01
 3.27780e-01
 3.27780e-01
 3.27780e-01
 3.27780e-01
 3.27780e-01
 3.27780e-01
 3.27780e-01
 3.27780e-01
 3.27780e-01
 3.27780e-01
 3.27780e-01
 3.27780e-01
 3.27780e-01
 3.27780e-01
 3.27780e-01
 3.27780e-01
 3.27780e-01
 3.27780e-01
 3.27780e-01
 3.27780e-01
 3.16503e-01
 3.16503e-01
 3.16503e-01
 3.16503e-01
 3.16503e-01
 3.16503e-01
 3.16503e-01
 3.16503e-01
 3.16503e-01
 3.16503e-01
 3.16503e-01
 3.16503e-01
 3.16503e-01
 3.16503e-01
 3.16503e-01
 3.16503e-01
 3.16503e-01
 3.16503e-01
 3.16503e-01
 3.16503e-01
 3.16503e-01
 3.16503e-01
 3.16503e-01
 3.16503e-01
 3.16503e-01
part
         3
hexa8
 3.09933e-01
 3.09933e-01
 3.09933e-01
 3.09933e-01
 3.09933e-01
 3.09933e-01
 3.09933e-01
 3.09933e-01
 3.09933e-01
 3.09933e-01
 3.09933e-01
 3.09933e-01
 3.09933e-01
 3.09933e-01
 3.09933e-01
 3.09933e-01
 3.09933e-01
 3.09933e-01
 3.09933e-01
 3.09933e-01
 3.09933e-01
 3.09933e-01
 3.09933e-01
 3.09933e-01
 3.09933e-01
 3.05071e-01
 3.05071e-01
 3.05071e-01
 3.05071e-01
 3.05071e-01
 3.05071e-01
 3.05071e-01
 3.05071e-01
 3.05071e-01
 3.05071e-01
 3.05071e-01
 3.05071e-01
 3.05071e-01
 3.05071e-01
 3.05071e-01
 3.05071e-01
 3.05071e-01
 3.05071e-01
 3.05071e-01
 3.05071e-01
 3.05071e-01
 3.05071e-01
 3.05071e-01
 3.05071e-01
 3.05071e-01
 3.02273e-01
 3.02273e-01
 3.02273e-01
 3.02273e-01
 3.02273e-01
 3.02273e-01
 3.02273e-01
 3.02273e-01
 3.02273e-01
 3.02273e-01
 3.02273e-01
 3.02273e-01
 3.02273e-01
 3.02273e-01
 3.02273e-01
 3.02273e-01
 3.02273e-01
 3.02273e-01
 3.02273e-01
 3.02273e-01
 3.02273e-01
 3.02273e-01
 3.02273e-01
 3.02273e-01
 3.02273e-01
 3.01880e-01
 3.01880e-01
 3.01880e-01
 3.01880e-01
 3.01880e-01
 3.01880e-01
 3.01880e-01
 3.01880e-01
 3.01880e-01
 3.01880e-01
 3.01880e-01
 3.01880e-01
 3.01880e-01
 3.01880e-01
 3.01880e-01
 3.01880e-01
 3.01880e-01
 3.01880e-01
 3.01880e-01
 3.01880e-01
 3.01880e-01
 3.01880e-01
 3.01880e-01
 3.01880e-01
 3.01880e-01
 3.01644e-01
 3.01644e-01
 3.01644e-01
 3.01644e-01
 3.01644e-01
 3.01644e-01
 3.01644e-01
 3.01644e-01
 3.01644e-01
 3.01644e-01
 3.01644e-01
 3.01644e-01
 3.01644e-01
 3.01644e-01
 3.01644e-01
 3.01644e-01
 3.01644e-01
 3.01644e-01
 3.01644e-01
 3.01644e-01
 3.01644e-01
 3.01644e-01
 3.01644e-01
 3.01644e-01
 3.01644e-01
 3.01286e-01
 3.01286e-01
 3.01286e-01
 3.01286e-01
 3.01286e-01
 3.01286e-01
 3.01286e-01
 3.01286e-01
 3.01286e-01
 3.01286e-01
 3.01286e-01
 3.01286e-01
 3.01286e-01
 3.01286e-01
 3.01286e-01
 3.01286e-01
 3.01286e-01
 3.01286e-01
 3.01286e-01
 3.01286e-01
 3.01286e-01
 3.01286e-01
 3.01286e-01
 3.01286e-01
 3.01286e-01
 3.01248e-01
 3.01248e-01
 3.01248e-01
 3.01248e-01
 3.01248e-01
 3.01248e-01
 3.01248e-01
 3.01248e-01
 3.01248e-01
 3.01248e-01
 3.01248e-01
 3.01248e-01
 3.01248e-01
 3.01248e-01
 3.01248e-01
 3.01248e-01
 3.01248e-01
 3.01248e-01
 3.01248e-01
 3.01248e-01
 3.01248e-01
 3.01248e-01
 3.01248e-01
 3.01248e-01
 3.01248e-01
 3.01415e-01
 3.01415e-01
 3.01415e-01
 3.01415e-01
 3.01415e-01
 3.01415e-01
 3.01415e-01
 3.01415e-01
 3.01415e-01
 3.01415e-01
 3.01415e-01
 3.01415e-01
 3.01415e-01
 3.01415e-01
 3.01415e-01
 3.01415e-01
 3.01415e-01
 3.01415e-01
 3.01415e-01
 3.01415e-01
 3.01415e-01
 3.01415e-01
 3.01415e-01
 3.01415e-01
 3.01415e-01
 3.01722e-01
 3.01722e-01
 3.01722e-01
 3.01722e-01
 3.01722e-01
 3.01722e-01
 3.01722e-01
 3.01722e-01
 3.01722e-01
 3.01722e-01
 3.01722e-01
 3.01722e-01
 3.01722e-01
 3.01722e-01
 3.01722e-01
 3.01722e-01
 3.01722e-01
 3.01722e-01
 3.01722e-01
 3.01722e-01
 3.01722e-01
 3.01722e-01
 3.01722e-01
 3.01722e-01
 3.01722e-01
 3.01962e-01
 3.01962e-01
 3.01962e-01
 3.01962e-01
 3.01962e-01
 3.01962e-01
 3.01962e-01
 3.01962e-01
 3.01962e-01
 3.01962e-01
 3.01962e-01
 3.01962e-01
 3.01962e-01
 3.01962e-01
 3.01962e-01
 3.01962e-01
 3.01962e-01
 3.01962e-01
 3.01962e-01
 3.01962e-01
 3.01962e-01
 3.01962e-01
 3.01962e-01
 3.01962e-01
 3.01962e-01
 3.02132e-01
 3.02132e-01
 3.02132e-01
 3.02132e-01
 3.02132e-01
 3.02132e-01
 3.02132e-01
 3.02132e-01
 3.02132e-01
 3.02132e-01
 3.02132e-01
 3.02132e-01
 3.02132e-01
 3.02132e-01
 3.02132e-01
 3.02132e-01
 3.02132e-01
 3.02132e-01
 3.02132e-01
 3.02132e-01
 3.02132e-01
 3.02132e-01
 3.02132e-01
 3.02132e-01
 3.02132e-01
 3.02278e-01
 3.02278e-01
 3.02278e-01
 3.02278e-01
 3.02278e-01
 3.02278e-01
 3.02278e-01
 3.02278e-01
 3.02278e-01
 3.02278e-01
 3.02278e-01
 3.02278e-01
 3.02278e-01
 3.02278e-01
 3.02278e-01
 3.02278e-01
 3.02278e-01
 3.02278e-01
 3.02278e-01
 3.02278e-01
 3.02278e-01
 3.02278e-01
 3.02278e-01
 3.02278e-01
 3.02278e-01
 3.02441e-01
 3.02441e-01
 3.02441e-01
 3.02441e-01
 3.02441e-01
 3.02441e-01
 3.02441e-01
 3.02441e-01
 3.02441e-01
 3.02441e-01
 3.02441e-01
 3.02441e-01
 3.02441e-01
 3.02441e-01
 3.02441e-01
 3.02441e-01
 3.02441e-01
 3.02441e-01
 3.02441e-01
 3.02441e-01
 3.02441e-01
 3.02441e-01
 3.02441e-01
 3.02441e-01
 3.02441e-01
 3.02588e-01
 3.02588e-01
 3.02588e-01
 3.02588e-01
 3.02588e-01
 3.02588e-01
 3.02588e-01
 3.02588e-01
 3.02588e-01
 3.02588e-01
 3.02588e-01
 3.02588e-01
 3.02588e-01
 3.02588e-01
 3.02588e-01
 3.02588e-01
 3.02588e-01
 3.02588e-01
 3.02588e-01
 3.02588e-01
 3.02588e-01
 3.02588e-01
 3.02588e-01
 3.02588e-01
 3.02588e-01
 3.02686e-01
 3.02686e-01
 3.02686e-01
 3.02686e-01
 3.02686e-01
 3.02686e-01
 3.02686e-01
 3.02686e-01
 3.02686e-01
 3.02686e-01
 3.02686e-01
 3.02686e-01
 3.02686e-01
 3.02686e-01
 3.02686e-01
 3.02686e-01
 3.02686e-01
 3.02686e-01
 3.02686e-01
 3.02686e-01
 3.02686e-01
 3.02686e-01
 3.02686e-01
 3.02686e-01
 3.02686e-01
 3.02747e-01
 3.02747e-01
 3.02747e-01
 3.02747e-01
 3.02747e-01
 3.02747e-01
 3.02747e-01
 3.02747e-01
 3.02747e-01
 3.02747e-01
 3.02747e-01
 3.02747e-01
 3.02747e-01
 3.02747e-01
 3.02747e-01
 3.02747e-01
 3.02747e-01
 3.02747e-01
 3.02747e-01
 3.02747e-01
 3.02747e-01
 3.02747e-01
 3.02747e-01
 3.02747e-01
 3.02747e-01
 3.02797e-01
 3.02797e-01
 3.02797e-01
 3.02797e-01
 3.02797e-01
 3.02797e-01
 3.02797e-01
 3.02797e-01
 3.02797e-01
 3.02797e-01
 3.02797e-01
 3.02797e-01
 3.02797e-01
 3.02797e-01
 3.02797e-01
 3.02797e-01
 3.02797e-01
 3.02797e-01
 3.02797e-01
 3.02797e-01
 3.02797e-01
 3.02797e-01
 3.02797e-01
 3.02797e-01
 3.02797e-01
 3.02841e-01
 3.02841e-01
 3.02841e-01
 3.02841e-01
 3.02841e-01
 3.02841e-01
 3.02841e-01
 3.02841e-01
 3.02841e-01
 3.02841e-01
 3.02841e-01
 3.02841e-01
 3.02841e-01
 3.02841e-01
 3.02841e-01
 3.02841e-01
 3.02841e-01
 3.02841e-01
 3.02841e-01
 3.02841e-01
 3.02841e-01
 3.02841e-01
 3.02841e-01
 3.02841e-01
 3.02841e-01
 3.02877e-01
 3.02877e-01
 3.02877e-01
 3.02877e-01
 3.02877e-01
 3.02877e-01
 3.02877e-01
 3.02877e-01
 3.02877e-01
 3.02877e-01
 3.02877e-01
 3.02877e-01
 3.02877e-01
 3.02877e-01
 3.02877e-01
 3.02877e-01
 3.02877e-01
 3.02877e-01
 3.02877e-01
 3.02877e-01
 3.02877e-01
 3.02877e-01
 3.02877e-01
 3.02877e-01
 3.02877e-01
 3.02903e-01
 3.02903e-01
 3.02903e-01
 3.02903e-01
 3.02903e-01
 3.02903e-01
 3.02903e-01
 3.02903e-01
 3.02903e-01
 3.02903e-01
 3.02903e-01
 3.02903e-01
 3.02903e-01
 3.02903e-01
 3.02903e-01
 3.02903e-01
 3.02903e-01
 3.02903e-01
 3.02903e-01
 3.02903e-01
 3.02903e-01
 3.02903e-01
 3.02903e-01
 3.02903e-01
 3.02903e-01
 3.02920e-01
 3.02920e-01
 3.02920e-01
 3.02920e-01
 3.02920e-01
 3.02920e-01
 3.02920e-01
 3.02920e-01
 3.02920e-01
 3.02920e-01
 3.02920e-01
 3.02920e-01
 3.02920e-01
 3.02920e-01
 3.02920e-01
 3.02920e-01
 3.02920e-01
 3.02920e-01
 3.02920e-01
 3.02920e-01
 3.02920e-01
 3.02920e-01
 3.02920e-01
 3.02920e-01
 3.02920e-01
 3.02932e-01
 3.02932e-01
 3.02932e-01
 3.02932e-01
 3.02932e-01
 3.02932e-01
 3.02932e-01
 3.02932e-01
 3.02932e-01
 3.02932e-01
 3.02932e-01
 3.02932e-01
 3.02932e-01
 3.02932e-01
 3.02932e-01
 3.02932e-01
 3.02932e-01
 3.02932e-01
 3.02932e-01
 3.02932e-01
 3.02932e-01
 3.02932e-01
 3.02932e-01
 3.02932e-01
 3.02932e-01
 3.02939e-01
 3.02939e-01
 3.02939e-01
 3.02939e-01
 3.02939e-01
 3.02939e-01
 3.02939e-01
 3.02939e-01
 3.02939e-01
 3.02939e-01
 3.02939e-01
 3.02939e-01
 3.02939e-01
 3.02939e-01
 3.02939e-01
 3.02939e-01
 3.02939e-01
 3.02939e-01
 3.02939e-01
 3.02939e-01
 3.02939e-01
 3.02939e-01
 3.02939e-01
 3.02939e-01
 3.02939e-01
 3.02940e-01
 3.02940e-01
 3.02940e-01
 3.02940e-01
 3.02940e-01
 3.02940e-01
 3.02940e-01
 3.02940e-01
 3.02940e-01
 3.02940e-01
 3.02940e-01
 3.02940e-01
 3.02940e-01
 3.02940e-01
 3.02940e-01
 3.02940e-01
 3.02940e-01
 3.02940e-01
 3.02940e-01
 3.02940e-01
 3.02940e-01
 3.02940e-01
 3.02940e-01
 3.02940e-01
 3.02940e-01
 3.02932e-01
 3.02932e-01
 3.02932e-01
 3.02932e-01
 3.02932e-01
 3.02932e-01
 3.02932e-01
 3.02932e-01
 3.02932e-01
 3.02932e-01
 3.02932e-01
 3.02932e-01
 3.02932e-01
 3.02932e-01
 3.02932e-01
 3.02932e-01
 3.02932e-01
 3.02932e-01
 3.02932e-01
 3.02932e-01
 3.02932e-01
 3.02932e-01
 3.02932e-01
 3.02932e-01
 3.02932e-01
part
         4
hexa8
 3.02899e-01
 3.02899e-01
 3.02899e-01
 3.02899e-01
 3.02899e-01
 3.02899e-01
 3.02899e-01
 3.02899e-01
 3.02899e-01
 3.02899e-01
 3.02899e-01
 3.02899e-01
 3.02899e-01
 3.02899e-01
 3.02899e-01
 3.02899e-01
 3.02899e-01
 3.02899e-01
 3.02899e-01
 3.02899e-01
 3.02899e-01
 3.02899e-01
 3.02899e-01
 3.02899e-01
 3.02899e-01
 3.02801e-01
 3.02801e-01
 3.02801e-01
 3.02801e-01
 3.02801e-01
 3.02801e-01
 3.02801e-01
 3.02801e-01
 3.02801e-01
 3.02801e-01
 3.02801e-01
 3.02801e-01
 3.02801e-01
 3.02801e-01
 3.02801e-01
 3.02801e-01
 3.02801e-01
 3.02801e-01
 3.02801e-01
 3.02801e-01
 3.02801e-01
 3.02801e-01
 3.02801e-01
 3.02801e-01
 3.02801e-01
 3.02550e-01
 3.02550e-01
 3.02550e-01
 3.02550e-01
 3.02550e-01
 3.02550e-01
 3.02550e-01
 3.02550e-01
 3.02550e-01
 3.02550e-01
 3.02550e-01
 3.02550e-01
 3.02550e-01
 3.02550e-01
 3.02550e-01
 3.02550e-01
 3.02550e-01
 3.02550e-01
 3.02550e-01
 3.02550e-01
 3.02550e-01
 3.02550e-01
 3.02550e-01
 3.02550e-01
 3.02550e-01
 3.01934e-01
 3.01934e-01
 3.01934e-01
 3.01934e-01
 3.01934e-01
 3.01934e-01
 3.01934e-01
 3.01934e-01
 3.01934e-01
 3.01934e-01
 3.01934e-01
 3.01934e-01
 3.01934e-01
 3.01934e-01
 3.01934e-01
 3.01934e-01
 3.01934e-01
 3.01934e-01
 3.01934e-01
 3.01934e-01
 3.01934e-01
 3.01934e-01
 3.01934e-01
 3.01934e-01
 3.01934e-01
 3.00455e-01
 3.00455e-01
 3.00455e-01
 3.00455e-01
 3.00455e-01
 3.00455e-01
 3.00455e-01
 3.00455e-01
 3.00455e-01
 3.00455e-01
 3.00455e-01
 3.00455e-01
 3.00455e-01
 3.00455e-01
 3.00455e-01
 3.00455e-01
 3.00455e-01
 3.00455e-01
 3.00455e-01
 3.00455e-01
 3.00455e-01
 3.00455e-01
 3.00455e-01
 3.00455e-01
 3.00455e-01
 2.96998e-01
 2.96998e-01
 2.96998e-01
 2.96998e-01
 2.96998e-01
 2.96998e-01
 2.96998e-01
 2.96998e-01
 2.96998e-01
 2.96998e-01
 2.96998e-01
 2.96998e-01
 2.96998e-01
 2.96998e-01
 2.96998e-01
 2.96998e-01
 2.96998e-01
 2.96998e-01
 2.96998e-01
 2.96998e-01
 2.96998e-01
 2.96998e-01
 2.96998e-01
 2.96998e-01
 2.96998e-01
 2.89274e-01
 2.89274e-01
 2.89274e-01
 2.89274e-01
 2.89274e-01
 2.89274e-01
 2.89274e-01
 2.89274e-01
 2.89274e-01
 2.89274e-01
 2.89274e-01
 2.89274e-01
 2.89274e-01
 2.89274e-01
 2.89274e-01
 2.89274e-01
 2.89274e-01
 2.89274e-01
 2.89274e-01
 2.89274e-01
 2.89274e-01
 2.89274e-01
 2.89274e-01
 2.89274e-01
 2.89274e-01
 2.73484e-01
 2.73484e-01
 2.73484e-01
 2.73484e-01
 2.73484e-01
 2.73484e-01
 2.73484e-01
 2.73484e-01
 2.73484e-01
 2.73484e-01
 2.73484e-01
 2.73484e-01
 2.73484e-01
 2.73484e-01
 2.73484e-01
 2.73484e-01
 2.73484e-01
 2.73484e-01
 2.73484e-01
 2.73484e-01
 2.73484e-01
 2.73484e-01
 2.73484e-01
 2.73484e-01
 2.73484e-01
 2.45813e-01
 2.45813e-01
 2.45813e-01
 2.45813e-01
 2.45813e-01
 2.45813e-01
 2.45813e-01
 2.45813e-01
 2.45813e-01
 2.45813e-01
 2.45813e-01
 2.45813e-01
 2.45813e-01
 2.45813e-01
 2.45813e-01
 2.45813e-01
 2.45813e-01
 2.45813e-01
 2.45813e-01
 2.45813e-01
 2.45813e-01
 2.45813e-01
 2.45813e-01
 2.45813e-01
 2.45813e-01
 2.07556e-01
 2.07556e-01
 2.07556e-01
 2.07556e-01
 2.07556e-01
 2.07556e-01
 2.07556e-01
 2.07556e-01
 2.07556e-01
 2.07556e-01
 2.07556e-01
 2.07556e-01
 2.07556e-01
 2.07556e-01
 2.07556e-01
 2.07556e-01
 2.07556e-01
 2.07556e-01
 2.07556e-01
 2.07556e-01
 2.07556e-01
 2.07556e-01
 2.07556e-01
 2.07556e-01
 2.07556e-01
 1.68377e-01
 1.68377e-01
 1.68377e-01
 1.68377e-01
 1.68377e-01
 1.68377e-01
 1.68377e-01
 1.68377e-01
 1.68377e-01
 1.68377e-01
 1.68377e-01
 1.68377e-01
 1.68377e-01
 1.68377e-01
 1.68377e-01
 1.68377e-01
 1.68377e-01
 1.68377e-01
 1.68377e-01
 1.68377e-01
 1.68377e-01
 1.68377e-01
 1.68377e-01
 1.68377e-01
 1.68377e-01
 1.37414e-01
 1.37414e-01
 1.37414e-01
 1.37414e-01
 1.37414e-01
 1.37414e-01
 1.37414e-01
 1.37414e-01
 1.37414e-01
 1.37414e-01
 1.37414e-01
 1.37414e-01
 1.37414e-01
 1.37414e-01
 1.37414e-01
 1.37414e-01
 1.37414e-01
 1.37414e-01
 1.37414e-01
 1.37414e-01
 1.37414e-01
 1.37414e-01
 1.37414e-01
 1.37414e-01
 1.37414e-01
 1.17231e-01
 1.17231e-01
 1.17231e-01
 1.17231e-01
 1.17231e-01
 1.17231e-01
 1.17231e-01
 1.17231e-01
 1.17231e-01
 1.17231e-01
 1.17231e-01
 1.17231e-01
 1.17231e-01
 1.17231e-01
 1.17231e-01
 1.17231e-01
 1.17231e-01
 1.17231e-01
 1.17231e-01
 1.17231e-01
 1.17231e-01
 1.17231e-01
 1.17231e-01
 1.17231e-01
 1.17231e-01
 1.06422e-01
 1.06422e-01
 1.06422e-01
 1.06422e-01
 1.06422e-01
 1.06422e-01
 1.06422e-01
 1.06422e-01
 1.06422e-01
 1.06422e-01
 1.06422e-01
 1.06422e-01
 1.06422e-01
 1.06422e-01
 1.06422e-01
 1.06422e-01
 1.06422e-01
 1.06422e-01
 1.06422e-01
 1.06422e-01
 1.06422e-01
 1.06422e-01
 1.06422e-01
 1.06422e-01
 1.06422e-01
 1.01951e-01
 1.01951e-01
 1.01951e-01
 1.01951e-01
 1.01951e-01
 1.01951e-01
 1.01951e-01
 1.01951e-01
 1.01951e-01
 1.01951e-01
 1.01951e-01
 1.01951e-01
 1.01951e-01
 1.01951e-01
 1.01951e-01
 1.01951e-01
 1.01951e-01
 1.01951e-01
 1.01951e-01
 1.01951e-01
 1.01951e-01
 1.01951e-01
 1.01951e-01
 1.01951e-01
 1.01951e-01
 1.00520e-01
 1.00520e-01
 1.00520e-01
 1.00520e-01
 1.00520e-01
 1.00520e-01
 1.00520e-01
 1.00520e-01
 1.00520e-01
 1.00520e-01
 1.00520e-01
 1.00520e-01
 1.00520e-01
 1.00520e-01
 1.00520e-01
 1.00520e-01
 1.00520e-01
 1.00520e-01
 1.00520e-01
 1.00520e-01
 1.00520e-01
 1.00520e-01
 1.00520e-01
 1.00520e-01
 1.00520e-01
 1.00131e-01
 1.00131e-01
 1.00131e-01
 1.00131e-01
 1.00131e-01
 1.00131e-01
 1.00131e-01
 1.00131e-01
 1.00131e-01
 1.00131e-01
 1.00131e-01
 1.00131e-01
 1.00131e-01
 1.00131e-01
 1.00131e-01
 1.00131e-01
 1.00131e-01
 1.00131e-01
 1.00131e-01
 1.00131e-01
 1.00131e-01
 1.00131e-01
 1.00131e-01
 1.00131e-01
 1.00131e-01
 1.00032e-01
 1.00032e-01
 1.00032e-01
 1.00032e-01
 1.00032e-01
 1.00032e-01
 1.00032e-01
 1.00032e-01
 1.00032e-01
 1.00032e-01
 1.00032e-01
 1.00032e-01
 1.00032e-01
 1.00032e-01
 1.00032e-01
 1.00032e-01
 1.00032e-01
 1.00032e-01
 1.00032e-01
 1.00032e-01
 1.00032e-01
 1.00032e-01
 1.00032e-01
 1.00032e-01
 1.00032e-01
 1.00008e-01
 1.00008e-01
 1.00008e-01
 1.00008e-01
 1.00008e-01
 1.00008e-01
 1.00008e-01
 1.00008e-01
 1.00008e-01
 1.00008e-01
 1.00008e-01
 1.00008e-01
 1.00008e-01
 1.00008e-01
 1.00008e-01
 1.00008e-01
 1.00008e-01
 1.00008e-01
 1.00008e-01
 1.00008e-01
 1.00008e-01
 1.00008e-01
 1.00008e-01
 1.00008e-01
 1.00008e-01
 1.00002e-01
 1.00002e-01
 1.00002e-01
 1.00002e-01
 1.00002e-01
 1.00002e-01
 1.00002e-01
 1.00002e-01
 1.00002e-01
 1.00002e-01
 1.00002e-01
 1.00002e-01
 1.00002e-01
 1.00002e-01
 1.00002e-01
 1.00002e-01
 1.00002e-01
 1.00002e-01
 1.00002e-01
 1.00002e-01
 1.00002e-01
 1.00002e-01
 1.00002e-01
 1.00002e-01
 1.00002e-01
 1.00000e-01
 1.00000e-01
 1.00000e-01
 1.00000e-01
 1.00000e-01
 1.00000e-01
 1.00000e-01
 1.00000e-01
 1.00000e-01
 1.00000e-01
 1.00000e-01
 1.00000e-01
 1.00000e-01
 1.00000e-01
 1.00000e-01
 1.00000e-01
 1.00000e-01
 1.00000e-01
 1.00000e-01
 1.00000e-01
 1.00000e-01
 1.00000e-01
 1.00000e-01
 1.00000e-01
 1.00000e-01
 1.00000e-01
 1.00000e-01
 1.00000e-01
 1.00000e-01
 1.00000e-01
 1.00000e-01
 1.00000e-01
 1.00000e-01
 1.00000e-01
 1.00000e-01
 1.00000e-01
 1.00000e-01
 1.00000e-01
 1.00000e-01
 1.00000e-01
 1.00000e-01
 1.00000e-01
 1.00000e-01
 1.00000e-01
 1.00000e-01
 1.00000e-01
 1.00000e-01
 1.00000e-01
 1.00000e-01
 1.00000e-01
 1.00000e-01
 1.00000e-01
 1.00000e-01
 1.00000e-01
 1.00000e-01
 1.00000e-01
 1.00000e-01
 1.00000e-01
 1.00000e-01
 1.00000e-01
 1.00000e-01
 1.00000e-01
 1.00000e-01
 1.00000e-01
 1.00000e-01
 1.00000e-01
 1.00000e-01
 1.00000e-01
 1.00000e-01
 1.00000e-01
 1.00000e-01
 1.00000e-01
 1.00000e-01
 1.00000e-01
 1.00000e-01
 1.00000e-01
 1.00000e-01
 1.00000e-01
 1.00000e-01
 1.00000e-01
 1.00000e-01
 1.00000e-01
 1.00000e-01
 1.00000e-01
 1.00000e-01
 1.00000e-01
 1.00000e-01
 1.00000e-01
 1.00000e-01
 1.00000e-01
 1.00000e-01
 1.00000e-01
 1.00000e-01
 1.00000e-01
 1.00000e-01
 1.00000e-01
 1.00000e-01
 1.00000e-01
 1.00000e-01
 1.00000e-01
 1.00000e-01
 1.00000e-01
 1.00000e-01
 1.00000e-01
 1.00000e-01
 1.00000e-01
 1.00000e-01
 1.00000e-01
 1.00000e-01
 1.00000e-01
 1.00000e-01
 1.00000e-01
 1.00000e-01
 1.00000e-01
 1.00000e-01
 1.00000e-01
 1.00000e-01
 1.00000e-01
 1.00000e-01
 1.00000e-01
 1.00000e-01
 1.00000e-01
 1.00000e-01
 1.00000e-01
 1.00000e-01
