Density
part
         1
hexa8
 1.00000e+00
 1.00000e+00
 1.00000e+00
 1.00000e+00
 1.00000e+00
 1.00000e+00
 1.00000e+00
 1.00000e+00
 1.00000e+00
 1.00000e+00
 1.00000e+00
 1.00000e+00
 1.00000e+00
 1.00000e+00
 1.00000e+00
 1.00000e+00
 1.00000e+00
 1.00000e+00
 9.99998e-01
 9.99990e-01
 9.99953e-01
 9.99799e-01
 9.99246e-01
 9.97546e-01
 9.93159e-01
 1.00000e+00
 1.00000e+00
 1.00000e+00
 1.00000e+00
 1.00000e+00
 1.00000e+00
 1.00000e+00
 1.00000e+00
 1.00000e+00
 1.00000e+00
 1.00000e+00
 1.00000e+00
 1.00000e+00
 1.00000e+00
 1.00000e+00
 1.00000e+00
 1.00000e+00
 1.00000e+00
 9.99998e-01
 9.99990e-01
 9.99953e-01
 9.99799e-01
 9.99246e-01
 9.97546e-01
 9.93159e-01
 1.00000e+00
 1.00000e+00
 1.00000e+00
 1.00000e+00
 1.00000e+00
 1.00000e+00
 1.00000e+00
 1.00000e+00
 1.00000e+00
 1.00000e+00
 1.00000e+00
 1.00000e+00
 1.00000e+00
 1.00000e+00
 1.00000e+00
 1.00000e+00
 1.00000e+00
 1.00000e+00
 9.99998e-01
 9.99990e-01
 9.99953e-01
 9.99799e-01
 9.99246e-01
 9.97546e-01
 9.93159e-01
 1.00000e+00
 1.00000e+00
 1.00000e+00
 1.00000e+00
 1.00000e+00
 1.00000e+00
 1.00000e+00
 1.00000e+00
 1.00000e+00
 1.00000e+00
 1.00000e+00
 1.00000e+00
 1.00000e+00
 1.00000e+00
 1.00000e+00
 1.00000e+00
 1.00000e+00
 1.00000e+00
 9.99998e-01
 9.99990e-01
 9.99953e-01
 9.99799e-01
 9.99246e-01
 9.97546e-01
 9.93159e-01
 1.00000e+00
 1.00000e+00
 1.00000e+00
 1.00000e+00
 1.00000e+00
 1.00000e+00
 1.00000e+00
 1.00000e+00
 1.00000e+00
 1.00000e+00
 1.00000e+00
 1.00000e+00
 1.00000e+00
 1.00000e+00
 1.00000e+00
 1.00000e+00
 1.00000e+00
 1.00000e+00
 9.99998e-01
 9.99990e-01
 9.99953e-01
 9.99799e-01
 9.99246e-01
 9.97546e-01
 9.93159e-01
 1.00000e+00
 1.00000e+00
 1.00000e+00
 1.00000e+00
 1.00000e+00
 1.00000e+00
 1.00000e+00
 1.00000e+00
 1.00000e+00
 1.00000e+00
 1.00000e+00
 1.00000e+00
 1.00000e+00
 1.00000e+00
 1.00000e+00
 1.00000e+00
 1.00000e+00
 1.00000e+00
 9.99998e-01
 9.99990e-01
 9.99953e-01
 9.99799e-01
 9.99246e-01
 9.97546e-01
 9.93159e-01
 1.00000e+00
 1.00000e+00
 1.00000e+00
 1.00000e+00
 1.00000e+00
 1.00000e+00
 1.00000e+00
 1.00000e+00
 1.00000e+00
 1.00000e+00
 1.00000e+00
 1.00000e+00
 1.00000e+00
 1.00000e+00
 1.00000e+00
 1.00000e+00
 1.00000e+00
 1.00000e+00
 9.99998e-01
 9.99990e-01
 9.99953e-01
 9.99799e-01
 9.99246e-01
 9.97546e-01
 9.93159e-01
 1.00000e+00
 1.00000e+00
 1.00000e+00
 1.00000e+00
 1.00000e+00
 1.00000e+00
 1.00000e+00
 1.00000e+00
 1.00000e+00
 1.00000e+00
 1.00000e+00
 1.00000e+00
 1.00000e+00
 1.00000e+00
 1.00000e+00
 1.00000e+00
 1.00000e+00
 1.00000e+00
 9.99998e-01
 9.99990e-01
 9.99953e-01
 9.99799e-01
 9.99246e-01
 9.97546e-01
 9.93159e-01
 1.00000e+00
 1.00000e+00
 1.00000e+00
 1.00000e+00
 1.00000e+00
 1.00000e+00
 1.00000e+00
 1.00000e+00
 1.00000e+00
 1.00000e+00
 1.00000e+00
 1.00000e+00
 1.00000e+00
 1.00000e+00
 1.00000e+00
 1.00000e+00
 1.00000e+00
 1.00000e+00
 9.99998e-01
 9.99990e-01
 9.99953e-01
 9.99799e-01
 9.99246e-01
 9.97546e-01
 9.93159e-01
 1.00000e+00
 1.00000e+00
 1.00000e+00
 1.00000e+00
 1.00000e+00
 1.00000e+00
 1.00000e+00
 1.00000e+00
 1.00000e+00
 1.00000e+00
 1.00000e+00
 1.00000e+00
 1.00000e+00
 1.00000e+00
 1.00000e+00
 1.00000e+00
 1.00000e+00
 1.00000e+00
 9.99998e-01
 9.99990e-01
 9.99953e-01
 9.99799e-01
 9.99246e-01
 9.97546e-01
 9.93159e-01
 1.00000e+00
 1.00000e+00
 1.00000e+00
 1.00000e+00
 1.00000e+00
 1.00000e+00
 1.00000e+00
 1.00000e+00
 1.00000e+00
 1.00000e+00
 1.00000e+00
 1.00000e+00
 1.00000e+00
 1.00000e+00
 1.00000e+00
 1.00000e+00
 1.00000e+00
 1.00000e+00
 9.99998e-01
 9.99990e-01
 9.99953e-01
 9.99799e-01
 9.99246e-01
 9.97546e-01
 9.93159e-01
 1.00000e+00
 1.00000e+00
 1.00000e+00
 1.00000e+00
 1.00000e+00
 1.00000e+00
 1.00000e+00
 1.00000e+00
 1.00000e+00
 1.00000e+00
 1.00000e+00
 1.00000e+00
 1.00000e+00
 1.00000e+00
 1.00000e+00
 1.00000e+00
 1.00000e+00
 1.00000e+00
 9.99998e-01
 9.99990e-01
 9.99953e-01
 9.99799e-01
 9.99246e-01
 9.97546e-01
 9.93159e-01
 1.00000e+00
 1.00000e+00
 1.00000e+00
 1.00000e+00
 1.00000e+00
 1.00000e+00
 1.00000e+00
 1.00000e+00
 1.00000e+00
 1.00000e+00
 1.00000e+00
 1.00000e+00
 1.00000e+00
 1.00000e+00
 1.00000e+00
 1.00000e+00
 1.00000e+00
 1.00000e+00
 9.99998e-01
 9.99990e-01
 9.99953e-01
 9.99799e-01
 9.99246e-01
 9.97546e-01
 9.93159e-01
 1.00000e+00
 1.00000e+00
 1.00000e+00
 1.00000e+00
 1.00000e+00
 1.00000e+00
 1.00000e+00
 1.00000e+00
 1.00000e+00
 1.00000e+00
 1.00000e+00
 1.00000e+00
 1.00000e+00
 1.00000e+00
 1.00000e+00
 1.00000e+00
 1.00000e+00
 1.00000e+00
 9.99998e-01
 9.99990e-01
 9.99953e-01
 9.99799e-01
 9.99246e-01
 9.97546e-01
 9.93159e-01
 1.00000e+00
 1.00000e+00
 1.00000e+00
 1.00000e+00
 1.00000e+00
 1.00000e+00
 1.00000e+00
 1.00000e+00
 1.00000e+00
 1.00000e+00
 1.00000e+00
 1.00000e+00
 1.00000e+00
 1.00000e+00
 1.00000e+00
 1.00000e+00
 1.00000e+00
 1.00000e+00
 9.99998e-01
 9.99990e-01
 9.99953e-01
 9.99799e-01
 9.99246e-01
 9.97546e-01
 9.93159e-01
 1.00000e+00
 1.00000e+00
 1.00000e+00
 1.00000e+00
 1.00000e+00
 1.00000e+00
 1.00000e+00
 1.00000e+00
 1.00000e+00
 1.00000e+00
 1.00000e+00
 1.00000e+00
 1.00000e+00
 1.00000e+00
 1.00000e+00
 1.00000e+00
 1.00000e+00
 1.00000e+00
 9.99998e-01
 9.99990e-01
 9.99953e-01
 9.99799e-01
 9.99246e-01
 9.97546e-01
 9.93159e-01
 1.00000e+00
 1.00000e+00
 1.00000e+00
 1.00000e+00
 1.00000e+00
 1.00000e+00
 1.00000e+00
 1.00000e+00
 1.00000e+00
 1.00000e+00
 1.00000e+00
 1.00000e+00
 1.00000e+00
 1.00000e+00
 1.00000e+00
 1.00000e+00
 1.00000e+00
 1.00000e+00
 9.99998e-01
 9.99990e-01
 9.99953e-01
 9.99799e-01
 9.99246e-01
 9.97546e-01
 9.93159e-01
 1.00000e+00
 1.00000e+00
 1.00000e+00
 1.00000e+00
 1.00000e+00
 1.00000e+00
 1.00000e+00
 1.00000e+00
 1.00000e+00
 1.00000e+00
 1.00000e+00
 1.00000e+00
 1.00000e+00
 1.00000e+00
 1.00000e+00
 1.00000e+00
 1.00000e+00
 1.00000e+00
 9.99998e-01
 9.99990e-01
 9.99953e-01
 9.99799e-01
 9.99246e-01
 9.97546e-01
 9.93159e-01
 1.00000e+00
 1.00000e+00
 1.00000e+00
 1.00000e+00
 1.00000e+00
 1.00000e+00
 1.00000e+00
 1.00000e+00
 1.00000e+00
 1.00000e+00
 1.00000e+00
 1.00000e+00
 1.00000e+00
 1.00000e+00
 1.00000e+00
 1.00000e+00
 1.00000e+00
 1.00000e+00
 9.99998e-01
 9.99990e-01
 9.99953e-01
 9.99799e-01
 9.99246e-01
 9.97546e-01
 9.93159e-01
 1.00000e+00
 1.00000e+00
 1.00000e+00
 1.00000e+00
 1.00000e+00
 1.00000e+00
 1.00000e+00
 1.00000e+00
 1.00000e+00
 1.00000e+00
 1.00000e+00
 1.00000e+00
 1.00000e+00
 1.00000e+00
 1.00000e+00
 1.00000e+00
 1.00000e+00
 1.00000e+00
 9.99998e-01
 9.99990e-01
 9.99953e-01
 9.99799e-01
 9.99246e-01
 9.97546e-01
 9.93159e-01
 1.00000e+00
 1.00000e+00
 1.00000e+00
 1.00000e+00
 1.00000e+00
 1.00000e+00
 1.00000e+00
 1.00000e+00
 1.00000e+00
 1.00000e+00
 1.00000e+00
 1.00000e+00
 1.00000e+00
 1.00000e+00
 1.00000e+00
 1.00000e+00
 1.00000e+00
 1.00000e+00
 9.99998e-01
 9.99990e-01
 9.99953e-01
 9.99799e-01
 9.99246e-01
 9.97546e-01
 9.93159e-01
 1.00000e+00
 1.00000e+00
 1.00000e+00
 1.00000e+00
 1.00000e+00
 1.00000e+00
 1.00000e+00
 1.00000e+00
 1.00000e+00
 1.00000e+00
 1.00000e+00
 1.00000e+00
 1.00000e+00
 1.00000e+00
 1.00000e+00
 1.00000e+00
 1.00000e+00
 1.00000e+00
 9.99998e-01
 9.99990e-01
 9.99953e-01
 9.99799e-01
 9.99246e-01
 9.97546e-01
 9.93159e-01
 1.00000e+00
 1.00000e+00
 1.00000e+00
 1.00000e+00
 1.00000e+00
 1.00000e+00
 1.00000e+00
 1.00000e+00
 1.00000e+00
 1.00000e+00
 1.00000e+00
 1.00000e+00
 1.00000e+00
 1.00000e+00
 1.00000e+00
 1.00000e+00
 1.00000e+00
 1.00000e+00
 9.99998e-01
 9.99990e-01
 9.99953e-01
 9.99799e-01
 9.99246e-01
 9.97546e-01
 9.93159e-01
 1.00000e+00
 1.00000e+00
 1.00000e+00
 1.00000e+00
 1.00000e+00
 1.00000e+00
 1.00000e+00
 1.00000e+00
 1.00000e+00
 1.00000e+00
 1.00000e+00
 1.00000e+00
 1.00000e+00
 1.00000e+00
 1.00000e+00
 1.00000e+00
 1.00000e+00
 1.00000e+00
 9.99998e-01
 9.99990e-01
 9.99953e-01
 9.99799e-01
 9.99246e-01
 9.97546e-01
 9.93159e-01
 1.00000e+00
 1.00000e+00
 1.00000e+00
 1.00000e+00
 1.00000e+00
 1.00000e+00
 1.00000e+00
 1.00000e+00
 1.00000e+00
 1.00000e+00
 1.00000e+00
 1.00000e+00
 1.00000e+00
 1.00000e+00
 1.00000e+00
 1.00000e+00
 1.00000e+00
 1.00000e+00
 9.99998e-01
 9.99990e-01
 9.99953e-01
 9.99799e-01
 9.99246e-01
 9.97546e-01
 9.93159e-01
part
         2
hexa8
 9.83836e-01
 9.67641e-01
 9.44561e-01
 9.16781e-01
 8.87042e-01
 8.57134e-01
 8.27829e-01
 7.99388e-01
 7.71848e-01
 7.45231e-01
 7.19539e-01
 6.94766e-01
 6.70900e-01
 6.47926e-01
 6.25825e-01
 6.04580e-01
 5.84175e-01
 5.64600e-01
 5.45850e-01
 5.27935e-01
 5.10878e-01
 4.94724e-01
 4.79549e-01
 4.65460e-01
 4.52612e-01
 9.83836e-01
 9.67641e-01
 9.44561e-01
 9.16781e-01
 8.87042e-01
 8.57134e-01
 8.27829e-01
 7.99388e-01
 7.71848e-01
 7.45231e-01
 7.19539e-01
 6.94766e-01
 6.70900e-01
 6.47926e-01
 6.25825e-01
 6.04580e-01
 5.84175e-01
 5.64600e-01
 5.45850e-01
 5.27935e-01
 5.10878e-01
 4.94724e-01
 4.79549e-01
 4.65460e-01
 4.52612e-01
 9.83836e-01
 9.67641e-01
 9.44561e-01
 9.16781e-01
 8.87042e-01
 8.57134e-01
 8.27829e-01
 7.99388e-01
 7.71848e-01
 7.45231e-01
 7.19539e-01
 6.94766e-01
 6.70900e-01
 6.47926e-01
 6.25825e-01
 6.04580e-01
 5.84175e-01
 5.64600e-01
 5.45850e-01
 5.27935e-01
 5.10878e-01
 4.94724e-01
 4.79549e-01
 4.65460e-01
 4.52612e-01
 9.83836e-01
 9.67641e-01
 9.44561e-01
 9.16781e-01
 8.87042e-01
 8.57134e-01
 8.27829e-01
 7.99388e-01
 7.71848e-01
 7.45231e-01
 7.19539e-01
 6.94766e-01
 6.70900e-01
 6.47926e-01
 6.25825e-01
 6.04580e-01
 5.84175e-01
 5.64600e-01
 5.45850e-01
 5.27935e-01
 5.10878e-01
 4.94724e-01
 4.79549e-01
 4.65460e-01
 4.52612e-01
 9.83836e-01
 9.67641e-01
 9.44561e-01
 9.16781e-01
 8.87042e-01
 8.57134e-01
 8.27829e-01
 7.99388e-01
 7.71848e-01
 7.45231e-01
 7.19539e-01
 6.94766e-01
 6.70900e-01
 6.47926e-01
 6.25825e-01
 6.04580e-01
 5.84175e-01
 5.64600e-01
 5.45850e-01
 5.27935e-01
 5.10878e-01
 4.94724e-01
 4.79549e-01
 4.65460e-01
 4.52612e-01
 9.83836e-01
 9.67641e-01
 9.44561e-01
 9.16781e-01
 8.87042e-01
 8.57134e-01
 8.27829e-01
 7.99388e-01
 7.71848e-01
 7.45231e-01
 7.19539e-01
 6.94766e-01
 6.70900e-01
 6.47926e-01
 6.25825e-01
 6.04580e-01
 5.84175e-01
 5.64600e-01
 5.45850e-01
 5.27935e-01
 5.10878e-01
 4.94724e-01
 4.79549e-01
 4.65460e-01
 4.52612e-01
 9.83836e-01
 9.67641e-01
 9.44561e-01
 9.16781e-01
 8.87042e-01
 8.57134e-01
 8.27829e-01
 7.99388e-01
 7.71848e-01
 7.45231e-01
 7.19539e-01
 6.94766e-01
 6.70900e-01
 6.47926e-01
 6.25825e-01
 6.04580e-01
 5.84175e-01
 5.64600e-01
 5.45850e-01
 5.27935e-01
 5.10878e-01
 4.94724e-01
 4.79549e-01
 4.65460e-01
 4.52612e-01
 9.83836e-01
 9.67641e-01
 9.44561e-01
 9.16781e-01
 8.87042e-01
 8.57134e-01
 8.27829e-01
 7.99388e-01
 7.71848e-01
 7.45231e-01
 7.19539e-01
 6.94766e-01
 6.70900e-01
 6.47926e-01
 6.25825e-01
 6.04580e-01
 5.84175e-01
 5.64600e-01
 5.45850e-01
 5.27935e-01
 5.10878e-01
 4.94724e-01
 4.79549e-01
 4.65460e-01
 4.52612e-01
 9.83836e-01
 9.67641e-01
 9.44561e-01
 9.16781e-01
 8.87042e-01
 8.57134e-01
 8.27829e-01
 7.99388e-01
 7.71848e-01
 7.45231e-01
 7.19539e-01
 6.94766e-01
 6.70900e-01
 6.47926e-01
 6.25825e-01
 6.04580e-01
 5.84175e-01
 5.64600e-01
 5.45850e-01
 5.27935e-01
 5.10878e-01
 4.94724e-01
 4.79549e-01
 4.65460e-01
 4.52612e-01
 9.83836e-01
 9.67641e-01
 9.44561e-01
 9.16781e-01
 8.87042e-01
 8.57134e-01
 8.27829e-01
 7.99388e-01
 7.71848e-01
 7.45231e-01
 7.19539e-01
 6.94766e-01
 6.70900e-01
 6.47926e-01
 6.25825e-01
 6.04580e-01
 5.84175e-01
 5.64600e-01
 5.45850e-01
 5.27935e-01
 5.10878e-01
 4.94724e-01
 4.79549e-01
 4.65460e-01
 4.52612e-01
 9.83836e-01
 9.67641e-01
 9.44561e-01
 9.16781e-01
 8.87042e-01
 8.57134e-01
 8.27829e-01
 7.99388e-01
 7.71848e-01
 7.45231e-01
 7.19539e-01
 6.94766e-01
 6.70900e-01
 6.47926e-01
 6.25825e-01
 6.04580e-01
 5.84175e-01
 5.64600e-01
 5.45850e-01
 5.27935e-01
 5.10878e-01
 4.94724e-01
 4.79549e-01
 4.65460e-01
 4.52612e-01
 9.83836e-01
 9.67641e-01
 9.44561e-01
 9.16781e-01
 8.87042e-01
 8.57134e-01
 8.27829e-01
 7.99388e-01
 7.71848e-01
 7.45231e-01
 7.19539e-01
 6.94766e-01
 6.70900e-01
 6.47926e-01
 6.25825e-01
 6.04580e-01
 5.84175e-01
 5.64600e-01
 5.45850e-01
 5.27935e-01
 5.10878e-01
 4.94724e-01
 4.79549e-01
 4.65460e-01
 4.52612e-01
 9.83836e-01
 9.67641e-01
 9.44561e-01
 9.16781e-01
 8.87042e-01
 8.57134e-01
 8.27829e-01
 7.99388e-01
 7.71848e-01
 7.45231e-01
 7.19539e-01
 6.94766e-01
 6.70900e-01
 6.47926e-01
 6.25825e-01
 6.04580e-01
 5.84175e-01
 5.64600e-01
 5.45850e-01
 5.27935e-01
 5.10878e-01
 4.94724e-01
 4.79549e-01
 4.65460e-01
 4.52612e-01
 9.83836e-01
 9.67641e-01
 9.44561e-01
 9.16781e-01
 8.87042e-01
 8.57134e-01
 8.27829e-01
 7.99388e-01
 7.71848e-01
 7.45231e-01
 7.19539e-01
 6.94766e-01
 6.70900e-01
 6.47926e-01
 6.25825e-01
 6.04580e-01
 5.84175e-01
 5.64600e-01
 5.45850e-01
 5.27935e-01
 5.10878e-01
 4.94724e-01
 4.79549e-01
 4.65460e-01
 4.52612e-01
 9.83836e-01
 9.67641e-01
 9.44561e-01
 9.16781e-01
 8.87042e-01
 8.57134e-01
 8.27829e-01
 7.99388e-01
 7.71848e-01
 7.45231e-01
 7.19539e-01
 6.94766e-01
 6.70900e-01
 6.47926e-01
 6.25825e-01
 6.04580e-01
 5.84175e-01
 5.64600e-01
 5.45850e-01
 5.27935e-01
 5.10878e-01
 4.94724e-01
 4.79549e-01
 4.65460e-01
 4.52612e-01
 9.83836e-01
 9.67641e-01
 9.44561e-01
 9.16781e-01
 8.87042e-01
 8.57134e-01
 8.27829e-01
 7.99388e-01
 7.71848e-01
 7.45231e-01
 7.19539e-01
 6.94766e-01
 6.70900e-01
 6.47926e-01
 6.25825e-01
 6.04580e-01
 5.84175e-01
 5.64600e-01
 5.45850e-01
 5.27935e-01
 5.10878e-01
 4.94724e-01
 4.79549e-01
 4.65460e-01
 4.52612e-01
 9.83836e-01
 9.67641e-01
 9.44561e-01
 9.16781e-01
 8.87042e-01
 8.57134e-01
 8.27829e-01
 7.99388e-01
 7.71848e-01
 7.45231e-01
 7.19539e-01
 6.94766e-01
 6.70900e-01
 6.47926e-01
 6.25825e-01
 6.04580e-01
 5.84175e-01
 5.64600e-01
 5.45850e-01
 5.27935e-01
 5.10878e-01
 4.94724e-01
 4.79549e-01
 4.65460e-01
 4.52612e-01
 9.83836e-01
 9.67641e-01
 9.44561e-01
 9.16781e-01
 8.87042e-01
 8.57134e-01
 8.27829e-01
 7.99388e-01
 7.71848e-01
 7.45231e-01
 7.19539e-01
 6.94766e-01
 6.70900e-01
 6.47926e-01
 6.25825e-01
 6.04580e-01
 5.84175e-01
 5.64600e-01
 5.45850e-01
 5.27935e-01
 5.10878e-01
 4.94724e-01
 4.79549e-01
 4.65460e-01
 4.52612e-01
 9.83836e-01
 9.67641e-01
 9.44561e-01
 9.16781e-01
 8.87042e-01
 8.57134e-01
 8.27829e-01
 7.99388e-01
 7.71848e-01
 7.45231e-01
 7.19539e-01
 6.94766e-01
 6.70900e-01
 6.47926e-01
 6.25825e-01
 6.04580e-01
 5.84175e-01
 5.64600e-01
 5.45850e-01
 5.27935e-01
 5.10878e-01
 4.94724e-01
 4.79549e-01
 4.65460e-01
 4.52612e-01
 9.83836e-01
 9.67641e-01
 9.44561e-01
 9.16781e-01
 8.87042e-01
 8.57134e-01
 8.27829e-01
 7.99388e-01
 7.71848e-01
 7.45231e-01
 7.19539e-01
 6.94766e-01
 6.70900e-01
 6.47926e-01
 6.25825e-01
 6.04580e-01
 5.84175e-01
 5.64600e-01
 5.45850e-01
 5.27935e-01
 5.10878e-01
 4.94724e-01
 4.79549e-01
 4.65460e-01
 4.52612e-01
 9.83836e-01
 9.67641e-01
 9.44561e-01
 9.16781e-01
 8.87042e-01
 8.57134e-01
 8.27829e-01
 7.99388e-01
 7.71848e-01
 7.45231e-01
 7.19539e-01
 6.94766e-01
 6.70900e-01
 6.47926e-01
 6.25825e-01
 6.04580e-01
 5.84175e-01
 5.64600e-01
 5.45850e-01
 5.27935e-01
 5.10878e-01
 4.94724e-01
 4.79549e-01
 4.65460e-01
 4.52612e-01
 9.83836e-01
 9.67641e-01
 9.44561e-01
 9.16781e-01
 8.87042e-01
 8.57134e-01
 8.27829e-01
 7.99388e-01
 7.71848e-01
 7.45231e-01
 7.19539e-01
 6.94766e-01
 6.70900e-01
 6.47926e-01
 6.25825e-01
 6.04580e-01
 5.84175e-01
 5.64600e-01
 5.45850e-01
 5.27935e-01
 5.10878e-01
 4.94724e-01
 4.79549e-01
 4.65460e-01
 4.52612e-01
 9.83836e-01
 9.67641e-01
 9.44561e-01
 9.16781e-01
 8.87042e-01
 8.57134e-01
 8.27829e-01
 7.99388e-01
 7.71848e-01
 7.45231e-01
 7.19539e-01
 6.94766e-01
 6.70900e-01
 6.47926e-01
 6.25825e-01
 6.04580e-01
 5.84175e-01
 5.64600e-01
 5.45850e-01
 5.27935e-01
 5.10878e-01
 4.94724e-01
 4.79549e-01
 4.65460e-01
 4.52612e-01
 9.83836e-01
 9.67641e-01
 9.44561e-01
 9.16781e-01
 8.87042e-01
 8.57134e-01
 8.27829e-01
 7.99388e-01
 7.71848e-01
 7.45231e-01
 7.19539e-01
 6.94766e-01
 6.70900e-01
 6.47926e-01
 6.25825e-01
 6.04580e-01
 5.84175e-01
 5.64600e-01
 5.45850e-01
 5.27935e-01
 5.10878e-01
 4.94724e-01
 4.79549e-01
 4.65460e-01
 4.52612e-01
 9.83836e-01
 9.67641e-01
 9.44561e-01
 9.16781e-01
 8.87042e-01
 8.57134e-01
 8.27829e-01
 7.99388e-01
 7.71848e-01
 7.45231e-01
 7.19539e-01
 6.94766e-01
 6.70900e-01
 6.47926e-01
 6.25825e-01
 6.04580e-01
 5.84175e-01
 5.64600e-01
 5.45850e-01
 5.27935e-01
 5.10878e-01
 4.94724e-01
 4.79549e-01
 4.65460e-01
 4.52612e-01
part
         3
hexa8
 4.41208e-01
 4.31498e-01
 4.23771e-01
 4.18304e-01
 4.16919e-01
 4.16831e-01
 4.17262e-01
 4.17960e-01
 4.18753e-01
 4.19489e-01
 4.20033e-01
 4.20275e-01
 4.20162e-01
 4.19720e-01
 4.19048e-01
 4.18306e-01
 4.17704e-01
 3.98670e-01
 3.24793e-01
 2.63163e-01
 2.57619e-01
 2.58489e-01
 2.59461e-01
 2.60435e-01
 2.61335e-01
 4.41208e-01
 4.31498e-01
 4.23771e-01
 4.18304e-01
 4.16919e-01
 4.16831e-01
 4.17262e-01
 4.17960e-01
 4.18753e-01
 4.19489e-01
 4.20033e-01
 4.20275e-01
 4.20162e-01
 4.19720e-01
 4.19048e-01
 4.18306e-01
 4.17704e-01
 3.98670e-01
 3.24793e-01
 2.63163e-01
 2.57619e-01
 2.58489e-01
 2.59461e-01
 2.60435e-01
 2.61335e-01
 4.41208e-01
 4.31498e-01
 4.23771e-01
 4.18304e-01
 4.16919e-01
 4.16831e-01
 4.17262e-01
 4.17960e-01
 4.18753e-01
 4.19489e-01
 4.20033e-01
 4.20275e-01
 4.20162e-01
 4.19720e-01
 4.19048e-01
 4.18306e-01
 4.17704e-01
 3.98670e-01
 3.24793e-01
 2.63163e-01
 2.57619e-01
 2.58489e-01
 2.59461e-01
 2.60435e-01
 2.61335e-01
 4.41208e-01
 4.31498e-01
 4.23771e-01
 4.18304e-01
 4.16919e-01
 4.16831e-01
 4.17262e-01
 4.17960e-01
 4.18753e-01
 4.19489e-01
 4.20033e-01
 4.20275e-01
 4.20162e-01
 4.19720e-01
 4.19048e-01
 4.18306e-01
 4.17704e-01
 3.98670e-01
 3.24793e-01
 2.63163e-01
 2.57619e-01
 2.58489e-01
 2.59461e-01
 2.60435e-01
 2.61335e-01
 4.41208e-01
 4.31498e-01
 4.23771e-01
 4.18304e-01
 4.16919e-01
 4.16831e-01
 4.17262e-01
 4.17960e-01
 4.18753e-01
 4.19489e-01
 4.20033e-01
 4.20275e-01
 4.20162e-01
 4.19720e-01
 4.19048e-01
 4.18306e-01
 4.17704e-01
 3.98670e-01
 3.24793e-01
 2.63163e-01
 2.57619e-01
 2.58489e-01
 2.59461e-01
 2.60435e-01
 2.61335e-01
 4.41208e-01
 4.31498e-01
 4.23771e-01
 4.18304e-01
 4.16919e-01
 4.16831e-01
 4.17262e-01
 4.17960e-01
 4.18753e-01
 4.19489e-01
 4.20033e-01
 4.20275e-01
 4.20162e-01
 4.19720e-01
 4.19048e-01
 4.18306e-01
 4.17704e-01
 3.98670e-01
 3.24793e-01
 2.63163e-01
 2.57619e-01
 2.58489e-01
 2.59461e-01
 2.60435e-01
 2.61335e-01
 4.41208e-01
 4.31498e-01
 4.23771e-01
 4.18304e-01
 4.16919e-01
 4.16831e-01
 4.17262e-01
 4.17960e-01
 4.18753e-01
 4.19489e-01
 4.20033e-01
 4.20275e-01
 4.20162e-01
 4.19720e-01
 4.19048e-01
 4.18306e-01
 4.17704e-01
 3.98670e-01
 3.24793e-01
 2.63163e-01
 2.57619e-01
 2.58489e-01
 2.59461e-01
 2.60435e-01
 2.61335e-01
 4.41208e-01
 4.31498e-01
 4.23771e-01
 4.18304e-01
 4.16919e-01
 4.16831e-01
 4.17262e-01
 4.17960e-01
 4.18753e-01
 4.19489e-01
 4.20033e-01
 4.20275e-01
 4.20162e-01
 4.19720e-01
 4.19048e-01
 4.18306e-01
 4.17704e-01
 3.98670e-01
 3.24793e-01
 2.63163e-01
 2.57619e-01
 2.58489e-01
 2.59461e-01
 2.60435e-01
 2.61335e-01
 4.41208e-01
 4.31498e-01
 4.23771e-01
 4.18304e-01
 4.16919e-01
 4.16831e-01
 4.17262e-01
 4.17960e-01
 4.18753e-01
 4.19489e-01
 4.20033e-01
 4.20275e-01
 4.20162e-01
 4.19720e-01
 4.19048e-01
 4.18306e-01
 4.17704e-01
 3.98670e-01
 3.24793e-01
 2.63163e-01
 2.57619e-01
 2.58489e-01
 2.59461e-01
 2.60435e-01
 2.61335e-01
 4.41208e-01
 4.31498e-01
 4.23771e-01
 4.18304e-01
 4.16919e-01
 4.16831e-01
 4.17262e-01
 4.17960e-01
 4.18753e-01
 4.19489e-01
 4.20033e-01
 4.20275e-01
 4.20162e-01
 4.19720e-01
 4.19048e-01
 4.18306e-01
 4.17704e-01
 3.98670e-01
 3.24793e-01
 2.63163e-01
 2.57619e-01
 2.58489e-01
 2.59461e-01
 2.60435e-01
 2.61335e-01
 4.41208e-01
 4.31498e-01
 4.23771e-01
 4.18304e-01
 4.16919e-01
 4.16831e-01
 4.17262e-01
 4.17960e-01
 4.18753e-01
 4.19489e-01
 4.20033e-01
 4.20275e-01
 4.20162e-01
 4.19720e-01
 4.19048e-01
 4.18306e-01
 4.17704e-01
 3.98670e-01
 3.24793e-01
 2.63163e-01
 2.57619e-01
 2.58489e-01
 2.59461e-01
 2.60435e-01
 2.61335e-01
 4.41208e-01
 4.31498e-01
 4.23771e-01
 4.18304e-01
 4.16919e-01
 4.16831e-01
 4.17262e-01
 4.17960e-01
 4.18753e-01
 4.19489e-01
 4.20033e-01
 4.20275e-01
 4.20162e-01
 4.19720e-01
 4.19048e-01
 4.18306e-01
 4.17704e-01
 3.98670e-01
 3.24793e-01
 2.63163e-01
 2.57619e-01
 2.58489e-01
 2.59461e-01
 2.60435e-01
 2.61335e-01
 4.41208e-01
 4.31498e-01
 4.23771e-01
 4.18304e-01
 4.16919e-01
 4.16831e-01
 4.17262e-01
 4.17960e-01
 4.18753e-01
 4.19489e-01
 4.20033e-01
 4.20275e-01
 4.20162e-01
 4.19720e-01
 4.19048e-01
 4.18306e-01
 4.17704e-01
 3.98670e-01
 3.24793e-01
 2.63163e-01
 2.57619e-01
 2.58489e-01
 2.59461e-01
 2.60435e-01
 2.61335e-01
 4.41208e-01
 4.31498e-01
 4.23771e-01
 4.18304e-01
 4.16919e-01
 4.16831e-01
 4.17262e-01
 4.17960e-01
 4.18753e-01
 4.19489e-01
 4.20033e-01
 4.20275e-01
 4.20162e-01
 4.19720e-01
 4.19048e-01
 4.18306e-01
 4.17704e-01
 3.98670e-01
 3.24793e-01
 2.63163e-01
 2.57619e-01
 2.58489e-01
 2.59461e-01
 2.60435e-01
 2.61335e-01
 4.41208e-01
 4.31498e-01
 4.23771e-01
 4.18304e-01
 4.16919e-01
 4.16831e-01
 4.17262e-01
 4.17960e-01
 4.18753e-01
 4.19489e-01
 4.20033e-01
 4.20275e-01
 4.20162e-01
 4.19720e-01
 4.19048e-01
 4.18306e-01
 4.17704e-01
 3.98670e-01
 3.24793e-01
 2.63163e-01
 2.57619e-01
 2.58489e-01
 2.59461e-01
 2.60435e-01
 2.61335e-01
 4.41208e-01
 4.31498e-01
 4.23771e-01
 4.18304e-01
 4.16919e-01
 4.16831e-01
 4.17262e-01
 4.17960e-01
 4.18753e-01
 4.19489e-01
 4.20033e-01
 4.20275e-01
 4.20162e-01
 4.19720e-01
 4.19048e-01
 4.18306e-01
 4.17704e-01
 3.98670e-01
 3.24793e-01
 2.63163e-01
 2.57619e-01
 2.58489e-01
 2.59461e-01
 2.60435e-01
 2.61335e-01
 4.41208e-01
 4.31498e-01
 4.23771e-01
 4.18304e-01
 4.16919e-01
 4.16831e-01
 4.17262e-01
 4.17960e-01
 4.18753e-01
 4.19489e-01
 4.20033e-01
 4.20275e-01
 4.20162e-01
 4.19720e-01
 4.19048e-01
 4.18306e-01
 4.17704e-01
 3.98670e-01
 3.24793e-01
 2.63163e-01
 2.57619e-01
 2.58489e-01
 2.59461e-01
 2.60435e-01
 2.61335e-01
 4.41208e-01
 4.31498e-01
 4.23771e-01
 4.18304e-01
 4.16919e-01
 4.16831e-01
 4.17262e-01
 4.17960e-01
 4.18753e-01
 4.19489e-01
 4.20033e-01
 4.20275e-01
 4.20162e-01
 4.19720e-01
 4.19048e-01
 4.18306e-01
 4.17704e-01
 3.98670e-01
 3.24793e-01
 2.63163e-01
 2.57619e-01
 2.58489e-01
 2.59461e-01
 2.60435e-01
 2.61335e-01
 4.41208e-01
 4.31498e-01
 4.23771e-01
 4.18304e-01
 4.16919e-01
 4.16831e-01
 4.17262e-01
 4.17960e-01
 4.18753e-01
 4.19489e-01
 4.20033e-01
 4.20275e-01
 4.20162e-01
 4.19720e-01
 4.19048e-01
 4.18306e-01
 4.17704e-01
 3.98670e-01
 3.24793e-01
 2.63163e-01
 2.57619e-01
 2.58489e-01
 2.59461e-01
 2.60435e-01
 2.61335e-01
 4.41208e-01
 4.31498e-01
 4.23771e-01
 4.18304e-01
 4.16919e-01
 4.16831e-01
 4.17262e-01
 4.17960e-01
 4.18753e-01
 4.19489e-01
 4.20033e-01
 4.20275e-01
 4.20162e-01
 4.19720e-01
 4.19048e-01
 4.18306e-01
 4.17704e-01
 3.98670e-01
 3.24793e-01
 2.63163e-01
 2.57619e-01
 2.58489e-01
 2.59461e-01
 2.60435e-01
 2.61335e-01
 4.41208e-01
 4.31498e-01
 4.23771e-01
 4.18304e-01
 4.16919e-01
 4.16831e-01
 4.17262e-01
 4.17960e-01
 4.18753e-01
 4.19489e-01
 4.20033e-01
 4.20275e-01
 4.20162e-01
 4.19720e-01
 4.19048e-01
 4.18306e-01
 4.17704e-01
 3.98670e-01
 3.24793e-01
 2.63163e-01
 2.57619e-01
 2.58489e-01
 2.59461e-01
 2.60435e-01
 2.61335e-01
 4.41208e-01
 4.31498e-01
 4.23771e-01
 4.18304e-01
 4.16919e-01
 4.16831e-01
 4.17262e-01
 4.17960e-01
 4.18753e-01
 4.19489e-01
 4.20033e-01
 4.20275e-01
 4.20162e-01
 4.19720e-01
 4.19048e-01
 4.18306e-01
 4.17704e-01
 3.98670e-01
 3.24793e-01
 2.63163e-01
 2.57619e-01
 2.58489e-01
 2.59461e-01
 2.60435e-01
 2.61335e-01
 4.41208e-01
 4.31498e-01
 4.23771e-01
 4.18304e-01
 4.16919e-01
 4.16831e-01
 4.17262e-01
 4.17960e-01
 4.18753e-01
 4.19489e-01
 4.20033e-01
 4.20275e-01
 4.20162e-01
 4.19720e-01
 4.19048e-01
 4.18306e-01
 4.17704e-01
 3.98670e-01
 3.24793e-01
 2.63163e-01
 2.57619e-01
 2.58489e-01
 2.59461e-01
 2.60435e-01
 2.61335e-01
 4.41208e-01
 4.31498e-01
 4.23771e-01
 4.18304e-01
 4.16919e-01
 4.16831e-01
 4.17262e-01
 4.17960e-01
 4.18753e-01
 4.19489e-01
 4.20033e-01
 4.20275e-01
 4.20162e-01
 4.19720e-01
 4.19048e-01
 4.18306e-01
 4.17704e-01
 3.98670e-01
 3.24793e-01
 2.63163e-01
 2.57619e-01
 2.58489e-01
 2.59461e-01
 2.60435e-01
 2.61335e-01
 4.41208e-01
 4.31498e-01
 4.23771e-01
 4.18304e-01
 4.16919e-01
 4.16831e-01
 4.17262e-01
 4.17960e-01
 4.18753e-01
 4.19489e-01
 4.20033e-01
 4.20275e-01
 4.20162e-01
 4.19720e-01
 4.19048e-01
 4.18306e-01
 4.17704e-01
 3.98670e-01
 3.24793e-01
 2.63163e-01
 2.57619e-01
 2.58489e-01
 2.59461e-01
 2.60435e-01
 2.61335e-01
part
         4
hexa8
 2.62108e-01
 2.62719e-01
 2.63112e-01
 2.63155e-01
 2.62542e-01
 2.60609e-01
 2.56122e-01
 2.47284e-01
 2.32517e-01
 2.11554e-01
 1.87027e-01
 1.63371e-01
 1.44838e-01
 1.33089e-01
 1.27552e-01
 1.25675e-01
 1.25166e-01
 1.25040e-01
 1.25009e-01
 1.25002e-01
 1.25000e-01
 1.25000e-01
 1.25000e-01
 1.25000e-01
 1.25000e-01
 2.62108e-01
 2.62719e-01
 2.63112e-01
 2.63155e-01
 2.62542e-01
 2.60609e-01
 2.56122e-01
 2.47284e-01
 2.32517e-01
 2.11554e-01
 1.87027e-01
 1.63371e-01
 1.44838e-01
 1.33089e-01
 1.27552e-01
 1.25675e-01
 1.25166e-01
 1.25040e-01
 1.25009e-01
 1.25002e-01
 1.25000e-01
 1.25000e-01
 1.25000e-01
 1.25000e-01
 1.25000e-01
 2.62108e-01
 2.62719e-01
 2.63112e-01
 2.63155e-01
 2.62542e-01
 2.60609e-01
 2.56122e-01
 2.47284e-01
 2.32517e-01
 2.11554e-01
 1.87027e-01
 1.63371e-01
 1.44838e-01
 1.33089e-01
 1.27552e-01
 1.25675e-01
 1.25166e-01
 1.25040e-01
 1.25009e-01
 1.25002e-01
 1.25000e-01
 1.25000e-01
 1.25000e-01
 1.25000e-01
 1.25000e-01
 2.62108e-01
 2.62719e-01
 2.63112e-01
 2.63155e-01
 2.62542e-01
 2.60609e-01
 2.56122e-01
 2.47284e-01
 2.32517e-01
 2.11554e-01
 1.87027e-01
 1.63371e-01
 1.44838e-01
 1.33089e-01
 1.27552e-01
 1.25675e-01
 1.25166e-01
 1.25040e-01
 1.25009e-01
 1.25002e-01
 1.25000e-01
 1.25000e-01
 1.25000e-01
 1.25000e-01
 1.25000e-01
 2.62108e-01
 2.62719e-01
 2.63112e-01
 2.63155e-01
 2.62542e-01
 2.60609e-01
 2.56122e-01
 2.47284e-01
 2.32517e-01
 2.11554e-01
 1.87027e-01
 1.63371e-01
 1.44838e-01
 1.33089e-01
 1.27552e-01
 1.25675e-01
 1.25166e-01
 1.25040e-01
 1.25009e-01
 1.25002e-01
 1.25000e-01
 1.25000e-01
 1.25000e-01
 1.25000e-01
 1.25000e-01
 2.62108e-01
 2.62719e-01
 2.63112e-01
 2.63155e-01
 2.62542e-01
 2.60609e-01
 2.56122e-01
 2.47284e-01
 2.32517e-01
 2.11554e-01
 1.87027e-01
 1.63371e-01
 1.44838e-01
 1.33089e-01
 1.27552e-01
 1.25675e-01
 1.25166e-01
 1.25040e-01
 1.25009e-01
 1.25002e-01
 1.25000e-01
 1.25000e-01
 1.25000e-01
 1.25000e-01
 1.25000e-01
 2.62108e-01
 2.62719e-01
 2.63112e-01
 2.63155e-01
 2.62542e-01
 2.60609e-01
 2.56122e-01
 2.47284e-01
 2.32517e-01
 2.11554e-01
 1.87027e-01
 1.63371e-01
 1.44838e-01
 1.33089e-01
 1.27552e-01
 1.25675e-01
 1.25166e-01
 1.25040e-01
 1.25009e-01
 1.25002e-01
 1.25000e-01
 1.25000e-01
 1.25000e-01
 1.25000e-01
 1.25000e-01
 2.62108e-01
 2.62719e-01
 2.63112e-01
 2.63155e-01
 2.62542e-01
 2.60609e-01
 2.56122e-01
 2.47284e-01
 2.32517e-01
 2.11554e-01
 1.87027e-01
 1.63371e-01
 1.44838e-01
 1.33089e-01
 1.27552e-01
 1.25675e-01
 1.25166e-01
 1.25040e-01
 1.25009e-01
 1.25002e-01
 1.25000e-01
 1.25000e-01
 1.25000e-01
 1.25000e-01
 1.25000e-01
 2.62108e-01
 2.62719e-01
 2.63112e-01
 2.63155e-01
 2.62542e-01
 2.60609e-01
 2.56122e-01
 2.47284e-01
 2.32517e-01
 2.11554e-01
 1.87027e-01
 1.63371e-01
 1.44838e-01
 1.33089e-01
 1.27552e-01
 1.25675e-01
 1.25166e-01
 1.25040e-01
 1.25009e-01
 1.25002e-01
 1.25000e-01
 1.25000e-01
 1.25000e-01
 1.25000e-01
 1.25000e-01
 2.62108e-01
 2.62719e-01
 2.63112e-01
 2.63155e-01
 2.62542e-01
 2.60609e-01
 2.56122e-01
 2.47284e-01
 2.32517e-01
 2.11554e-01
 1.87027e-01
 1.63371e-01
 1.44838e-01
 1.33089e-01
 1.27552e-01
 1.25675e-01
 1.25166e-01
 1.25040e-01
 1.25009e-01
 1.25002e-01
 1.25000e-01
 1.25000e-01
 1.25000e-01
 1.25000e-01
 1.25000e-01
 2.62108e-01
 2.62719e-01
 2.63112e-01
 2.63155e-01
 2.62542e-01
 2.60609e-01
 2.56122e-01
 2.47284e-01
 2.32517e-01
 2.11554e-01
 1.87027e-01
 1.63371e-01
 1.44838e-01
 1.33089e-01
 1.27552e-01
 1.25675e-01
 1.25166e-01
 1.25040e-01
 1.25009e-01
 1.25002e-01
 1.25000e-01
 1.25000e-01
 1.25000e-01
 1.25000e-01
 1.25000e-01
 2.62108e-01
 2.62719e-01
 2.63112e-01
 2.63155e-01
 2.62542e-01
 2.60609e-01
 2.56122e-01
 2.47284e-01
 2.32517e-01
 2.11554e-01
 1.87027e-01
 1.63371e-01
 1.44838e-01
 1.33089e-01
 1.27552e-01
 1.25675e-01
 1.25166e-01
 1.25040e-01
 1.25009e-01
 1.25002e-01
 1.25000e-01
 1.25000e-01
 1.25000e-01
 1.25000e-01
 1.25000e-01
 2.62108e-01
 2.62719e-01
 2.63112e-01
 2.63155e-01
 2.62542e-01
 2.60609e-01
 2.56122e-01
 2.47284e-01
 2.32517e-01
 2.11554e-01
 1.87027e-01
 1.63371e-01
 1.44838e-01
 1.33089e-01
 1.27552e-01
 1.25675e-01
 1.25166e-01
 1.25040e-01
 1.25009e-01
 1.25002e-01
 1.25000e-01
 1.25000e-01
 1.25000e-01
 1.25000e-01
 1.25000e-01
 2.62108e-01
 2.62719e-01
 2.63112e-01
 2.63155e-01
 2.62542e-01
 2.60609e-01
 2.56122e-01
 2.47284e-01
 2.32517e-01
 2.11554e-01
 1.87027e-01
 1.63371e-01
 1.44838e-01
 1.33089e-01
 1.27552e-01
 1.25675e-01
 1.25166e-01
 1.25040e-01
 1.25009e-01
 1.25002e-01
 1.25000e-01
 1.25000e-01
 1.25000e-01
 1.25000e-01
 1.25000e-01
 2.62108e-01
 2.62719e-01
 2.63112e-01
 2.63155e-01
 2.62542e-01
 2.60609e-01
 2.56122e-01
 2.47284e-01
 2.32517e-01
 2.11554e-01
 1.87027e-01
 1.63371e-01
 1.44838e-01
 1.33089e-01
 1.27552e-01
 1.25675e-01
 1.25166e-01
 1.25040e-01
 1.25009e-01
 1.25002e-01
 1.25000e-01
 1.25000e-01
 1.25000e-01
 1.25000e-01
 1.25000e-01
 2.62108e-01
 2.62719e-01
 2.63112e-01
 2.63155e-01
 2.62542e-01
 2.60609e-01
 2.56122e-01
 2.47284e-01
 2.32517e-01
 2.11554e-01
 1.87027e-01
 1.63371e-01
 1.44838e-01
 1.33089e-01
 1.27552e-01
 1.25675e-01
 1.25166e-01
 1.25040e-01
 1.25009e-01
 1.25002e-01
 1.25000e-01
 1.25000e-01
 1.25000e-01
 1.25000e-01
 1.25000e-01
 2.62108e-01
 2.62719e-01
 2.63112e-01
 2.63155e-01
 2.62542e-01
 2.60609e-01
 2.56122e-01
 2.47284e-01
 2.32517e-01
 2.11554e-01
 1.87027e-01
 1.63371e-01
 1.44838e-01
 1.33089e-01
 1.27552e-01
 1.25675e-01
 1.25166e-01
 1.25040e-01
 1.25009e-01
 1.25002e-01
 1.25000e-01
 1.25000e-01
 1.25000e-01
 1.25000e-01
 1.25000e-01
 2.62108e-01
 2.62719e-01
 2.63112e-01
 2.63155e-01
 2.62542e-01
 2.60609e-01
 2.56122e-01
 2.47284e-01
 2.32517e-01
 2.11554e-01
 1.87027e-01
 1.63371e-01
 1.44838e-01
 1.33089e-01
 1.27552e-01
 1.25675e-01
 1.25166e-01
 1.25040e-01
 1.25009e-01
 1.25002e-01
 1.25000e-01
 1.25000e-01
 1.25000e-01
 1.25000e-01
 1.25000e-01
 2.62108e-01
 2.62719e-01
 2.63112e-01
 2.63155e-01
 2.62542e-01
 2.60609e-01
 2.56122e-01
 2.47284e-01
 2.32517e-01
 2.11554e-01
 1.87027e-01
 1.63371e-01
 1.44838e-01
 1.33089e-01
 1.27552e-01
 1.25675e-01
 1.25166e-01
 1.25040e-01
 1.25009e-01
 1.25002e-01
 1.25000e-01
 1.25000e-01
 1.25000e-01
 1.25000e-01
 1.25000e-01
 2.62108e-01
 2.62719e-01
 2.63112e-01
 2.63155e-01
 2.62542e-01
 2.60609e-01
 2.56122e-01
 2.47284e-01
 2.32517e-01
 2.11554e-01
 1.87027e-01
 1.63371e-01
 1.44838e-01
 1.33089e-01
 1.27552e-01
 1.25675e-01
 1.25166e-01
 1.25040e-01
 1.25009e-01
 1.25002e-01
 1.25000e-01
 1.25000e-01
 1.25000e-01
 1.25000e-01
 1.25000e-01
 2.62108e-01
 2.62719e-01
 2.63112e-01
 2.63155e-01
 2.62542e-01
 2.60609e-01
 2.56122e-01
 2.47284e-01
 2.32517e-01
 2.11554e-01
 1.87027e-01
 1.63371e-01
 1.44838e-01
 1.33089e-01
 1.27552e-01
 1.25675e-01
 1.25166e-01
 1.25040e-01
 1.25009e-01
 1.25002e-01
 1.25000e-01
 1.25000e-01
 1.25000e-01
 1.25000e-01
 1.25000e-01
 2.62108e-01
 2.62719e-01
 2.63112e-01
 2.63155e-01
 2.62542e-01
 2.60609e-01
 2.56122e-01
 2.47284e-01
 2.32517e-01
 2.11554e-01
 1.87027e-01
 1.63371e-01
 1.44838e-01
 1.33089e-01
 1.27552e-01
 1.25675e-01
 1.25166e-01
 1.25040e-01
 1.25009e-01
 1.25002e-01
 1.25000e-01
 1.25000e-01
 1.25000e-01
 1.25000e-01
 1.25000e-01
 2.62108e-01
 2.62719e-01
 2.63112e-01
 2.63155e-01
 2.62542e-01
 2.60609e-01
 2.56122e-01
 2.47284e-01
 2.32517e-01
 2.11554e-01
 1.87027e-01
 1.63371e-01
 1.44838e-01
 1.33089e-01
 1.27552e-01
 1.25675e-01
 1.25166e-01
 1.25040e-01
 1.25009e-01
 1.25002e-01
 1.25000e-01
 1.25000e-01
 1.25000e-01
 1.25000e-01
 1.25000e-01
 2.62108e-01
 2.62719e-01
 2.63112e-01
 2.63155e-01
 2.62542e-01
 2.60609e-01
 2.56122e-01
 2.47284e-01
 2.32517e-01
 2.11554e-01
 1.87027e-01
 1.63371e-01
 1.44838e-01
 1.33089e-01
 1.27552e-01
 1.25675e-01
 1.25166e-01
 1.25040e-01
 1.25009e-01
 1.25002e-01
 1.25000e-01
 1.25000e-01
 1.25000e-01
 1.25000e-01
 1.25000e-01
 2.62108e-01
 2.62719e-01
 2.63112e-01
 2.63155e-01
 2.62542e-01
 2.60609e-01
 2.56122e-01
 2.47284e-01
 2.32517e-01
 2.11554e-01
 1.87027e-01
 1.63371e-01
 1.44838e-01
 1.33089e-01
 1.27552e-01
 1.25675e-01
 1.25166e-01
 1.25040e-01
 1.25009e-01
 1.25002e-01
 1.25000e-01
 1.25000e-01
 1.25000e-01
 1.25000e-01
 1.25000e-01
