CellMass
part
         1
hexa8
 4.00000e-06
 4.00000e-06
 4.00000e-06
 4.00000e-06
 4.00000e-06
 4.00000e-06
 4.00000e-06
 4.00000e-06
 4.00000e-06
 4.00000e-06
 4.00000e-06
 4.00000e-06
 4.00000e-06
 4.00000e-06
 4.00000e-06
 4.00000e-06
 4.00000e-06
 4.00000e-06
 3.99999e-06
 3.99996e-06
 3.99981e-06
 3.99921e-06
 3.99705e-06
 3.99049e-06
 3.97376e-06
 3.93881e-06
 3.87949e-06
 3.79642e-06
 3.69626e-06
 3.58643e-06
 3.47208e-06
 3.35614e-06
 3.24040e-06
 3.12596e-06
 3.01326e-06
 2.90242e-06
 2.79340e-06
 2.68680e-06
 2.58607e-06
 2.49032e-06
 2.39703e-06
 2.30960e-06
 2.22511e-06
 2.14255e-06
 2.06395e-06
 1.99190e-06
 1.92239e-06
 1.86054e-06
 1.79940e-06
 1.75284e-06
 1.73637e-06
 1.72306e-06
 1.70347e-06
 1.69528e-06
 1.69485e-06
 1.69570e-06
 1.69933e-06
 1.70293e-06
 1.70263e-06
 1.69930e-06
 1.69709e-06
 1.69801e-06
 1.70263e-06
 1.70411e-06
 1.69983e-06
 1.67908e-06
 1.62125e-06
 1.49663e-06
 1.28149e-06
 1.12186e-06
 1.06261e-06
 1.04583e-06
 1.04347e-06
 1.04483e-06
 1.05037e-06
 1.05749e-06
 1.06028e-06
 1.06090e-06
 1.06017e-06
 1.05625e-06
 1.04631e-06
 1.02618e-06
 9.86912e-07
 9.17051e-07
 8.17083e-07
 7.09501e-07
 6.20244e-07
 5.58017e-07
 5.22375e-07
 5.06913e-07
 5.01855e-07
 5.00468e-07
 5.00115e-07
 5.00028e-07
 5.00007e-07
 5.00002e-07
 5.00000e-07
 5.00000e-07
 5.00000e-07
 5.00000e-07
 4.00000e-06
 4.00000e-06
 4.00000e-06
 4.00000e-06
 4.00000e-06
 4.00000e-06
 4.00000e-06
 4.00000e-06
 4.00000e-06
 4.00000e-06
 4.00000e-06
 4.00000e-06
 4.00000e-06
 4.00000e-06
 4.00000e-06
 4.00000e-06
 4.00000e-06
 4.00000e-06
 3.99999e-06
 3.99996e-06
 3.99981e-06
 3.99921e-06
 3.99705e-06
 3.99049e-06
 3.97376e-06
 3.93881e-06
 3.87949e-06
 3.79642e-06
 3.69626e-06
 3.58643e-06
 3.47208e-06
 3.35614e-06
 3.24040e-06
 3.12596e-06
 3.01326e-06
 2.90242e-06
 2.79340e-06
 2.68680e-06
 2.58607e-06
 2.49032e-06
 2.39703e-06
 2.30960e-06
 2.22511e-06
 2.14255e-06
 2.06395e-06
 1.99190e-06
 1.92239e-06
 1.86054e-06
 1.79940e-06
 1.75284e-06
 1.73637e-06
 1.72306e-06
 1.70347e-06
 1.69528e-06
 1.69485e-06
 1.69570e-06
 1.69933e-06
 1.70293e-06
 1.70263e-06
 1.69930e-06
 1.69709e-06
 1.69801e-06
 1.70263e-06
 1.70411e-06
 1.69983e-06
 1.67908e-06
 1.62125e-06
 1.49663e-06
 1.28149e-06
 1.12186e-06
 1.06261e-06
 1.04583e-06
 1.04347e-06
 1.04483e-06
 1.05037e-06
 1.05749e-06
 1.06028e-06
 1.06090e-06
 1.06017e-06
 1.05625e-06
 1.04631e-06
 1.02618e-06
 9.86912e-07
 9.17051e-07
 8.17083e-07
 7.09501e-07
 6.20244e-07
 5.58017e-07
 5.22375e-07
 5.06913e-07
 5.01855e-07
 5.00468e-07
 5.00115e-07
 5.00028e-07
 5.00007e-07
 5.00002e-07
 5.00000e-07
 5.00000e-07
 5.00000e-07
 5.00000e-07
 4.00000e-06
 4.00000e-06
 4.00000e-06
 4.00000e-06
 4.00000e-06
 4.00000e-06
 4.00000e-06
 4.00000e-06
 4.00000e-06
 4.00000e-06
 4.00000e-06
 4.00000e-06
 4.00000e-06
 4.00000e-06
 4.00000e-06
 4.00000e-06
 4.00000e-06
 4.00000e-06
 3.99999e-06
 3.99996e-06
 3.99981e-06
 3.99921e-06
 3.99705e-06
 3.99049e-06
 3.97376e-06
 3.93881e-06
 3.87949e-06
 3.79642e-06
 3.69626e-06
 3.58643e-06
 3.47208e-06
 3.35614e-06
 3.24040e-06
 3.12596e-06
 3.01326e-06
 2.90242e-06
 2.79340e-06
 2.68680e-06
 2.58607e-06
 2.49032e-06
 2.39703e-06
 2.30960e-06
 2.22511e-06
 2.14255e-06
 2.06395e-06
 1.99190e-06
 1.92239e-06
 1.86054e-06
 1.79940e-06
 1.75284e-06
 1.73637e-06
 1.72306e-06
 1.70347e-06
 1.69528e-06
 1.69485e-06
 1.69570e-06
 1.69933e-06
 1.70293e-06
 1.70263e-06
 1.69930e-06
 1.69709e-06
 1.69801e-06
 1.70263e-06
 1.70411e-06
 1.69983e-06
 1.67908e-06
 1.62125e-06
 1.49663e-06
 1.28149e-06
 1.12186e-06
 1.06261e-06
 1.04583e-06
 1.04347e-06
 1.04483e-06
 1.05037e-06
 1.05749e-06
 1.06028e-06
 1.06090e-06
 1.06017e-06
 1.05625e-06
 1.04631e-06
 1.02618e-06
 9.86912e-07
 9.17051e-07
 8.17083e-07
 7.09501e-07
 6.20244e-07
 5.58017e-07
 5.22375e-07
 5.06913e-07
 5.01855e-07
 5.00468e-07
 5.00115e-07
 5.00028e-07
 5.00007e-07
 5.00002e-07
 5.00000e-07
 5.00000e-07
 5.00000e-07
 5.00000e-07
 4.00000e-06
 4.00000e-06
 4.00000e-06
 4.00000e-06
 4.00000e-06
 4.00000e-06
 4.00000e-06
 4.00000e-06
 4.00000e-06
 4.00000e-06
 4.00000e-06
 4.00000e-06
 4.00000e-06
 4.00000e-06
 4.00000e-06
 4.00000e-06
 4.00000e-06
 4.00000e-06
 3.99999e-06
 3.99996e-06
 3.99981e-06
 3.99921e-06
 3.99705e-06
 3.99049e-06
 3.97376e-06
 3.93881e-06
 3.87949e-06
 3.79642e-06
 3.69626e-06
 3.58643e-06
 3.47208e-06
 3.35614e-06
 3.24040e-06
 3.12596e-06
 3.01326e-06
 2.90242e-06
 2.79340e-06
 2.68680e-06
 2.58607e-06
 2.49032e-06
 2.39703e-06
 2.30960e-06
 2.22511e-06
 2.14255e-06
 2.06395e-06
 1.99190e-06
 1.92239e-06
 1.86054e-06
 1.79940e-06
 1.75284e-06
 1.73637e-06
 1.72306e-06
 1.70347e-06
 1.69528e-06
 1.69485e-06
 1.69570e-06
 1.69933e-06
 1.70293e-06
 1.70263e-06
 1.69930e-06
 1.69709e-06
 1.69801e-06
 1.70263e-06
 1.70411e-06
 1.69983e-06
 1.67908e-06
 1.62125e-06
 1.49663e-06
 1.28149e-06
 1.12186e-06
 1.06261e-06
 1.04583e-06
 1.04347e-06
 1.04483e-06
 1.05037e-06
 1.05749e-06
 1.06028e-06
 1.06090e-06
 1.06017e-06
 1.05625e-06
 1.04631e-06
 1.02618e-06
 9.86912e-07
 9.17051e-07
 8.17083e-07
 7.09501e-07
 6.20244e-07
 5.58017e-07
 5.22375e-07
 5.06913e-07
 5.01855e-07
 5.00468e-07
 5.00115e-07
 5.00028e-07
 5.00007e-07
 5.00002e-07
 5.00000e-07
 5.00000e-07
 5.00000e-07
 5.00000e-07
 4.00000e-06
 4.00000e-06
 4.00000e-06
 4.00000e-06
 4.00000e-06
 4.00000e-06
 4.00000e-06
 4.00000e-06
 4.00000e-06
 4.00000e-06
 4.00000e-06
 4.00000e-06
 4.00000e-06
 4.00000e-06
 4.00000e-06
 4.00000e-06
 4.00000e-06
 4.00000e-06
 3.99999e-06
 3.99996e-06
 3.99981e-06
 3.99921e-06
 3.99705e-06
 3.99049e-06
 3.97376e-06
 3.93881e-06
 3.87949e-06
 3.79642e-06
 3.69626e-06
 3.58643e-06
 3.47208e-06
 3.35614e-06
 3.24040e-06
 3.12596e-06
 3.01326e-06
 2.90242e-06
 2.79340e-06
 2.68680e-06
 2.58607e-06
 2.49032e-06
 2.39703e-06
 2.30960e-06
 2.22511e-06
 2.14255e-06
 2.06395e-06
 1.99190e-06
 1.92239e-06
 1.86054e-06
 1.79940e-06
 1.75284e-06
 1.73637e-06
 1.72306e-06
 1.70347e-06
 1.69528e-06
 1.69485e-06
 1.69570e-06
 1.69933e-06
 1.70293e-06
 1.70263e-06
 1.69930e-06
 1.69709e-06
 1.69801e-06
 1.70263e-06
 1.70411e-06
 1.69983e-06
 1.67908e-06
 1.62125e-06
 1.49663e-06
 1.28149e-06
 1.12186e-06
 1.06261e-06
 1.04583e-06
 1.04347e-06
 1.04483e-06
 1.05037e-06
 1.05749e-06
 1.06028e-06
 1.06090e-06
 1.06017e-06
 1.05625e-06
 1.04631e-06
 1.02618e-06
 9.86912e-07
 9.17051e-07
 8.17083e-07
 7.09501e-07
 6.20244e-07
 5.58017e-07
 5.22375e-07
 5.06913e-07
 5.01855e-07
 5.00468e-07
 5.00115e-07
 5.00028e-07
 5.00007e-07
 5.00002e-07
 5.00000e-07
 5.00000e-07
 5.00000e-07
 5.00000e-07
 4.00000e-06
 4.00000e-06
 4.00000e-06
 4.00000e-06
 4.00000e-06
 4.00000e-06
 4.00000e-06
 4.00000e-06
 4.00000e-06
 4.00000e-06
 4.00000e-06
 4.00000e-06
 4.00000e-06
 4.00000e-06
 4.00000e-06
 4.00000e-06
 4.00000e-06
 4.00000e-06
 3.99999e-06
 3.99996e-06
 3.99981e-06
 3.99921e-06
 3.99705e-06
 3.99049e-06
 3.97376e-06
 3.93881e-06
 3.87949e-06
 3.79642e-06
 3.69626e-06
 3.58643e-06
 3.47208e-06
 3.35614e-06
 3.24040e-06
 3.12596e-06
 3.01326e-06
 2.90242e-06
 2.79340e-06
 2.68680e-06
 2.58607e-06
 2.49032e-06
 2.39703e-06
 2.30960e-06
 2.22511e-06
 2.14255e-06
 2.06395e-06
 1.99190e-06
 1.92239e-06
 1.86054e-06
 1.79940e-06
 1.75284e-06
 1.73637e-06
 1.72306e-06
 1.70347e-06
 1.69528e-06
 1.69485e-06
 1.69570e-06
 1.69933e-06
 1.70293e-06
 1.70263e-06
 1.69930e-06
 1.69709e-06
 1.69801e-06
 1.70263e-06
 1.70411e-06
 1.69983e-06
 1.67908e-06
 1.62125e-06
 1.49663e-06
 1.28149e-06
 1.12186e-06
 1.06261e-06
 1.04583e-06
 1.04347e-06
 1.04483e-06
 1.05037e-06
 1.05749e-06
 1.06028e-06
 1.06090e-06
 1.06017e-06
 1.05625e-06
 1.04631e-06
 1.02618e-06
 9.86912e-07
 9.17051e-07
 8.17083e-07
 7.09501e-07
 6.20244e-07
 5.58017e-07
 5.22375e-07
 5.06913e-07
 5.01855e-07
 5.00468e-07
 5.00115e-07
 5.00028e-07
 5.00007e-07
 5.00002e-07
 5.00000e-07
 5.00000e-07
 5.00000e-07
 5.00000e-07
 4.00000e-06
 4.00000e-06
 4.00000e-06
 4.00000e-06
 4.00000e-06
 4.00000e-06
 4.00000e-06
 4.00000e-06
 4.00000e-06
 4.00000e-06
 4.00000e-06
 4.00000e-06
 4.00000e-06
 4.00000e-06
 4.00000e-06
 4.00000e-06
 4.00000e-06
 4.00000e-06
 3.99999e-06
 3.99996e-06
 3.99981e-06
 3.99921e-06
 3.99705e-06
 3.99049e-06
 3.97376e-06
 3.93881e-06
 3.87949e-06
 3.79642e-06
 3.69626e-06
 3.58643e-06
 3.47208e-06
 3.35614e-06
 3.24040e-06
 3.12596e-06
 3.01326e-06
 2.90242e-06
 2.79340e-06
 2.68680e-06
 2.58607e-06
 2.49032e-06
 2.39703e-06
 2.30960e-06
 2.22511e-06
 2.14255e-06
 2.06395e-06
 1.99190e-06
 1.92239e-06
 1.86054e-06
 1.79940e-06
 1.75284e-06
 1.73637e-06
 1.72306e-06
 1.70347e-06
 1.69528e-06
 1.69485e-06
 1.69570e-06
 1.69933e-06
 1.70293e-06
 1.70263e-06
 1.69930e-06
 1.69709e-06
 1.69801e-06
 1.70263e-06
 1.70411e-06
 1.69983e-06
 1.67908e-06
 1.62125e-06
 1.49663e-06
 1.28149e-06
 1.12186e-06
 1.06261e-06
 1.04583e-06
 1.04347e-06
 1.04483e-06
 1.05037e-06
 1.05749e-06
 1.06028e-06
 1.06090e-06
 1.06017e-06
 1.05625e-06
 1.04631e-06
 1.02618e-06
 9.86912e-07
 9.17051e-07
 8.17083e-07
 7.09501e-07
 6.20244e-07
 5.58017e-07
 5.22375e-07
 5.06913e-07
 5.01855e-07
 5.00468e-07
 5.00115e-07
 5.00028e-07
 5.00007e-07
 5.00002e-07
 5.00000e-07
 5.00000e-07
 5.00000e-07
 5.00000e-07
 4.00000e-06
 4.00000e-06
 4.00000e-06
 4.00000e-06
 4.00000e-06
 4.00000e-06
 4.00000e-06
 4.00000e-06
 4.00000e-06
 4.00000e-06
 4.00000e-06
 4.00000e-06
 4.00000e-06
 4.00000e-06
 4.00000e-06
 4.00000e-06
 4.00000e-06
 4.00000e-06
 3.99999e-06
 3.99996e-06
 3.99981e-06
 3.99921e-06
 3.99705e-06
 3.99049e-06
 3.97376e-06
 3.93881e-06
 3.87949e-06
 3.79642e-06
 3.69626e-06
 3.58643e-06
 3.47208e-06
 3.35614e-06
 3.24040e-06
 3.12596e-06
 3.01326e-06
 2.90242e-06
 2.79340e-06
 2.68680e-06
 2.58607e-06
 2.49032e-06
 2.39703e-06
 2.30960e-06
 2.22511e-06
 2.14255e-06
 2.06395e-06
 1.99190e-06
 1.92239e-06
 1.86054e-06
 1.79940e-06
 1.75284e-06
 1.73637e-06
 1.72306e-06
 1.70347e-06
 1.69528e-06
 1.69485e-06
 1.69570e-06
 1.69933e-06
 1.70293e-06
 1.70263e-06
 1.69930e-06
 1.69709e-06
 1.69801e-06
 1.70263e-06
 1.70411e-06
 1.69983e-06
 1.67908e-06
 1.62125e-06
 1.49663e-06
 1.28149e-06
 1.12186e-06
 1.06261e-06
 1.04583e-06
 1.04347e-06
 1.04483e-06
 1.05037e-06
 1.05749e-06
 1.06028e-06
 1.06090e-06
 1.06017e-06
 1.05625e-06
 1.04631e-06
 1.02618e-06
 9.86912e-07
 9.17051e-07
 8.17083e-07
 7.09501e-07
 6.20244e-07
 5.58017e-07
 5.22375e-07
 5.06913e-07
 5.01855e-07
 5.00468e-07
 5.00115e-07
 5.00028e-07
 5.00007e-07
 5.00002e-07
 5.00000e-07
 5.00000e-07
 5.00000e-07
 5.00000e-07
 4.00000e-06
 4.00000e-06
 4.00000e-06
 4.00000e-06
 4.00000e-06
 4.00000e-06
 4.00000e-06
 4.00000e-06
 4.00000e-06
 4.00000e-06
 4.00000e-06
 4.00000e-06
 4.00000e-06
 4.00000e-06
 4.00000e-06
 4.00000e-06
 4.00000e-06
 4.00000e-06
 3.99999e-06
 3.99996e-06
 3.99981e-06
 3.99921e-06
 3.99705e-06
 3.99049e-06
 3.97376e-06
 3.93881e-06
 3.87949e-06
 3.79642e-06
 3.69626e-06
 3.58643e-06
 3.47208e-06
 3.35614e-06
 3.24040e-06
 3.12596e-06
 3.01326e-06
 2.90242e-06
 2.79340e-06
 2.68680e-06
 2.58607e-06
 2.49032e-06
 2.39703e-06
 2.30960e-06
 2.22511e-06
 2.14255e-06
 2.06395e-06
 1.99190e-06
 1.92239e-06
 1.86054e-06
 1.79940e-06
 1.75284e-06
 1.73637e-06
 1.72306e-06
 1.70347e-06
 1.69528e-06
 1.69485e-06
 1.69570e-06
 1.69933e-06
 1.70293e-06
 1.70263e-06
 1.69930e-06
 1.69709e-06
 1.69801e-06
 1.70263e-06
 1.70411e-06
 1.69983e-06
 1.67908e-06
 1.62125e-06
 1.49663e-06
 1.28149e-06
 1.12186e-06
 1.06261e-06
 1.04583e-06
 1.04347e-06
 1.04483e-06
 1.05037e-06
 1.05749e-06
 1.06028e-06
 1.06090e-06
 1.06017e-06
 1.05625e-06
 1.04631e-06
 1.02618e-06
 9.86912e-07
 9.17051e-07
 8.17083e-07
 7.09501e-07
 6.20244e-07
 5.58017e-07
 5.22375e-07
 5.06913e-07
 5.01855e-07
 5.00468e-07
 5.00115e-07
 5.00028e-07
 5.00007e-07
 5.00002e-07
 5.00000e-07
 5.00000e-07
 5.00000e-07
 5.00000e-07
 4.00000e-06
 4.00000e-06
 4.00000e-06
 4.00000e-06
 4.00000e-06
 4.00000e-06
 4.00000e-06
 4.00000e-06
 4.00000e-06
 4.00000e-06
 4.00000e-06
 4.00000e-06
 4.00000e-06
 4.00000e-06
 4.00000e-06
 4.00000e-06
 4.00000e-06
 4.00000e-06
 3.99999e-06
 3.99996e-06
 3.99981e-06
 3.99921e-06
 3.99705e-06
 3.99049e-06
 3.97376e-06
 3.93881e-06
 3.87949e-06
 3.79642e-06
 3.69626e-06
 3.58643e-06
 3.47208e-06
 3.35614e-06
 3.24040e-06
 3.12596e-06
 3.01326e-06
 2.90242e-06
 2.79340e-06
 2.68680e-06
 2.58607e-06
 2.49032e-06
 2.39703e-06
 2.30960e-06
 2.22511e-06
 2.14255e-06
 2.06395e-06
 1.99190e-06
 1.92239e-06
 1.86054e-06
 1.79940e-06
 1.75284e-06
 1.73637e-06
 1.72306e-06
 1.70347e-06
 1.69528e-06
 1.69485e-06
 1.69570e-06
 1.69933e-06
 1.70293e-06
 1.70263e-06
 1.69930e-06
 1.69709e-06
 1.69801e-06
 1.70263e-06
 1.70411e-06
 1.69983e-06
 1.67908e-06
 1.62125e-06
 1.49663e-06
 1.28149e-06
 1.12186e-06
 1.06261e-06
 1.04583e-06
 1.04347e-06
 1.04483e-06
 1.05037e-06
 1.05749e-06
 1.06028e-06
 1.06090e-06
 1.06017e-06
 1.05625e-06
 1.04631e-06
 1.02618e-06
 9.86912e-07
 9.17051e-07
 8.17083e-07
 7.09501e-07
 6.20244e-07
 5.58017e-07
 5.22375e-07
 5.06913e-07
 5.01855e-07
 5.00468e-07
 5.00115e-07
 5.00028e-07
 5.00007e-07
 5.00002e-07
 5.00000e-07
 5.00000e-07
 5.00000e-07
 5.00000e-07
 4.00000e-06
 4.00000e-06
 4.00000e-06
 4.00000e-06
 4.00000e-06
 4.00000e-06
 4.00000e-06
 4.00000e-06
 4.00000e-06
 4.00000e-06
 4.00000e-06
 4.00000e-06
 4.00000e-06
 4.00000e-06
 4.00000e-06
 4.00000e-06
 4.00000e-06
 4.00000e-06
 3.99999e-06
 3.99996e-06
 3.99981e-06
 3.99921e-06
 3.99705e-06
 3.99049e-06
 3.97376e-06
 3.93881e-06
 3.87949e-06
 3.79642e-06
 3.69626e-06
 3.58643e-06
 3.47208e-06
 3.35614e-06
 3.24040e-06
 3.12596e-06
 3.01326e-06
 2.90242e-06
 2.79340e-06
 2.68680e-06
 2.58607e-06
 2.49032e-06
 2.39703e-06
 2.30960e-06
 2.22511e-06
 2.14255e-06
 2.06395e-06
 1.99190e-06
 1.92239e-06
 1.86054e-06
 1.79940e-06
 1.75284e-06
 1.73637e-06
 1.72306e-06
 1.70347e-06
 1.69528e-06
 1.69485e-06
 1.69570e-06
 1.69933e-06
 1.70293e-06
 1.70263e-06
 1.69930e-06
 1.69709e-06
 1.69801e-06
 1.70263e-06
 1.70411e-06
 1.69983e-06
 1.67908e-06
 1.62125e-06
 1.49663e-06
 1.28149e-06
 1.12186e-06
 1.06261e-06
 1.04583e-06
 1.04347e-06
 1.04483e-06
 1.05037e-06
 1.05749e-06
 1.06028e-06
 1.06090e-06
 1.06017e-06
 1.05625e-06
 1.04631e-06
 1.02618e-06
 9.86912e-07
 9.17051e-07
 8.17083e-07
 7.09501e-07
 6.20244e-07
 5.58017e-07
 5.22375e-07
 5.06913e-07
 5.01855e-07
 5.00468e-07
 5.00115e-07
 5.00028e-07
 5.00007e-07
 5.00002e-07
 5.00000e-07
 5.00000e-07
 5.00000e-07
 5.00000e-07
 4.00000e-06
 4.00000e-06
 4.00000e-06
 4.00000e-06
 4.00000e-06
 4.00000e-06
 4.00000e-06
 4.00000e-06
 4.00000e-06
 4.00000e-06
 4.00000e-06
 4.00000e-06
 4.00000e-06
 4.00000e-06
 4.00000e-06
 4.00000e-06
 4.00000e-06
 4.00000e-06
 3.99999e-06
 3.99996e-06
 3.99981e-06
 3.99921e-06
 3.99705e-06
 3.99049e-06
 3.97376e-06
 3.93881e-06
 3.87949e-06
 3.79642e-06
 3.69626e-06
 3.58643e-06
 3.47208e-06
 3.35614e-06
 3.24040e-06
 3.12596e-06
 3.01326e-06
 2.90242e-06
 2.79340e-06
 2.68680e-06
 2.58607e-06
 2.49032e-06
 2.39703e-06
 2.30960e-06
 2.22511e-06
 2.14255e-06
 2.06395e-06
 1.99190e-06
 1.92239e-06
 1.86054e-06
 1.79940e-06
 1.75284e-06
 1.73637e-06
 1.72306e-06
 1.70347e-06
 1.69528e-06
 1.69485e-06
 1.69570e-06
 1.69933e-06
 1.70293e-06
 1.70263e-06
 1.69930e-06
 1.69709e-06
 1.69801e-06
 1.70263e-06
 1.70411e-06
 1.69983e-06
 1.67908e-06
 1.62125e-06
 1.49663e-06
 1.28149e-06
 1.12186e-06
 1.06261e-06
 1.04583e-06
 1.04347e-06
 1.04483e-06
 1.05037e-06
 1.05749e-06
 1.06028e-06
 1.06090e-06
 1.06017e-06
 1.05625e-06
 1.04631e-06
 1.02618e-06
 9.86912e-07
 9.17051e-07
 8.17083e-07
 7.09501e-07
 6.20244e-07
 5.58017e-07
 5.22375e-07
 5.06913e-07
 5.01855e-07
 5.00468e-07
 5.00115e-07
 5.00028e-07
 5.00007e-07
 5.00002e-07
 5.00000e-07
 5.00000e-07
 5.00000e-07
 5.00000e-07
 4.00000e-06
 4.00000e-06
 4.00000e-06
 4.00000e-06
 4.00000e-06
 4.00000e-06
 4.00000e-06
 4.00000e-06
 4.00000e-06
 4.00000e-06
 4.00000e-06
 4.00000e-06
 4.00000e-06
 4.00000e-06
 4.00000e-06
 4.00000e-06
 4.00000e-06
 4.00000e-06
 3.99999e-06
 3.99996e-06
 3.99981e-06
 3.99921e-06
 3.99705e-06
 3.99049e-06
 3.97376e-06
 3.93881e-06
 3.87949e-06
 3.79642e-06
 3.69626e-06
 3.58643e-06
 3.47208e-06
 3.35614e-06
 3.24040e-06
 3.12596e-06
 3.01326e-06
 2.90242e-06
 2.79340e-06
 2.68680e-06
 2.58607e-06
 2.49032e-06
 2.39703e-06
 2.30960e-06
 2.22511e-06
 2.14255e-06
 2.06395e-06
 1.99190e-06
 1.92239e-06
 1.86054e-06
 1.79940e-06
 1.75284e-06
 1.73637e-06
 1.72306e-06
 1.70347e-06
 1.69528e-06
 1.69485e-06
 1.69570e-06
 1.69933e-06
 1.70293e-06
 1.70263e-06
 1.69930e-06
 1.69709e-06
 1.69801e-06
 1.70263e-06
 1.70411e-06
 1.69983e-06
 1.67908e-06
 1.62125e-06
 1.49663e-06
 1.28149e-06
 1.12186e-06
 1.06261e-06
 1.04583e-06
 1.04347e-06
 1.04483e-06
 1.05037e-06
 1.05749e-06
 1.06028e-06
 1.06090e-06
 1.06017e-06
 1.05625e-06
 1.04631e-06
 1.02618e-06
 9.86912e-07
 9.17051e-07
 8.17083e-07
 7.09501e-07
 6.20244e-07
 5.58017e-07
 5.22375e-07
 5.06913e-07
 5.01855e-07
 5.00468e-07
 5.00115e-07
 5.00028e-07
 5.00007e-07
 5.00002e-07
 5.00000e-07
 5.00000e-07
 5.00000e-07
 5.00000e-07
 4.00000e-06
 4.00000e-06
 4.00000e-06
 4.00000e-06
 4.00000e-06
 4.00000e-06
 4.00000e-06
 4.00000e-06
 4.00000e-06
 4.00000e-06
 4.00000e-06
 4.00000e-06
 4.00000e-06
 4.00000e-06
 4.00000e-06
 4.00000e-06
 4.00000e-06
 4.00000e-06
 3.99999e-06
 3.99996e-06
 3.99981e-06
 3.99921e-06
 3.99705e-06
 3.99049e-06
 3.97376e-06
 3.93881e-06
 3.87949e-06
 3.79642e-06
 3.69626e-06
 3.58643e-06
 3.47208e-06
 3.35614e-06
 3.24040e-06
 3.12596e-06
 3.01326e-06
 2.90242e-06
 2.79340e-06
 2.68680e-06
 2.58607e-06
 2.49032e-06
 2.39703e-06
 2.30960e-06
 2.22511e-06
 2.14255e-06
 2.06395e-06
 1.99190e-06
 1.92239e-06
 1.86054e-06
 1.79940e-06
 1.75284e-06
 1.73637e-06
 1.72306e-06
 1.70347e-06
 1.69528e-06
 1.69485e-06
 1.69570e-06
 1.69933e-06
 1.70293e-06
 1.70263e-06
 1.69930e-06
 1.69709e-06
 1.69801e-06
 1.70263e-06
 1.70411e-06
 1.69983e-06
 1.67908e-06
 1.62125e-06
 1.49663e-06
 1.28149e-06
 1.12186e-06
 1.06261e-06
 1.04583e-06
 1.04347e-06
 1.04483e-06
 1.05037e-06
 1.05749e-06
 1.06028e-06
 1.06090e-06
 1.06017e-06
 1.05625e-06
 1.04631e-06
 1.02618e-06
 9.86912e-07
 9.17051e-07
 8.17083e-07
 7.09501e-07
 6.20244e-07
 5.58017e-07
 5.22375e-07
 5.06913e-07
 5.01855e-07
 5.00468e-07
 5.00115e-07
 5.00028e-07
 5.00007e-07
 5.00002e-07
 5.00000e-07
 5.00000e-07
 5.00000e-07
 5.00000e-07
 4.00000e-06
 4.00000e-06
 4.00000e-06
 4.00000e-06
 4.00000e-06
 4.00000e-06
 4.00000e-06
 4.00000e-06
 4.00000e-06
 4.00000e-06
 4.00000e-06
 4.00000e-06
 4.00000e-06
 4.00000e-06
 4.00000e-06
 4.00000e-06
 4.00000e-06
 4.00000e-06
 3.99999e-06
 3.99996e-06
 3.99981e-06
 3.99921e-06
 3.99705e-06
 3.99049e-06
 3.97376e-06
 3.93881e-06
 3.87949e-06
 3.79642e-06
 3.69626e-06
 3.58643e-06
 3.47208e-06
 3.35614e-06
 3.24040e-06
 3.12596e-06
 3.01326e-06
 2.90242e-06
 2.79340e-06
 2.68680e-06
 2.58607e-06
 2.49032e-06
 2.39703e-06
 2.30960e-06
 2.22511e-06
 2.14255e-06
 2.06395e-06
 1.99190e-06
 1.92239e-06
 1.86054e-06
 1.79940e-06
 1.75284e-06
 1.73637e-06
 1.72306e-06
 1.70347e-06
 1.69528e-06
 1.69485e-06
 1.69570e-06
 1.69933e-06
 1.70293e-06
 1.70263e-06
 1.69930e-06
 1.69709e-06
 1.69801e-06
 1.70263e-06
 1.70411e-06
 1.69983e-06
 1.67908e-06
 1.62125e-06
 1.49663e-06
 1.28149e-06
 1.12186e-06
 1.06261e-06
 1.04583e-06
 1.04347e-06
 1.04483e-06
 1.05037e-06
 1.05749e-06
 1.06028e-06
 1.06090e-06
 1.06017e-06
 1.05625e-06
 1.04631e-06
 1.02618e-06
 9.86912e-07
 9.17051e-07
 8.17083e-07
 7.09501e-07
 6.20244e-07
 5.58017e-07
 5.22375e-07
 5.06913e-07
 5.01855e-07
 5.00468e-07
 5.00115e-07
 5.00028e-07
 5.00007e-07
 5.00002e-07
 5.00000e-07
 5.00000e-07
 5.00000e-07
 5.00000e-07
 4.00000e-06
 4.00000e-06
 4.00000e-06
 4.00000e-06
 4.00000e-06
 4.00000e-06
 4.00000e-06
 4.00000e-06
 4.00000e-06
 4.00000e-06
 4.00000e-06
 4.00000e-06
 4.00000e-06
 4.00000e-06
 4.00000e-06
 4.00000e-06
 4.00000e-06
 4.00000e-06
 3.99999e-06
 3.99996e-06
 3.99981e-06
 3.99921e-06
 3.99705e-06
 3.99049e-06
 3.97376e-06
 3.93881e-06
 3.87949e-06
 3.79642e-06
 3.69626e-06
 3.58643e-06
 3.47208e-06
 3.35614e-06
 3.24040e-06
 3.12596e-06
 3.01326e-06
 2.90242e-06
 2.79340e-06
 2.68680e-06
 2.58607e-06
 2.49032e-06
 2.39703e-06
 2.30960e-06
 2.22511e-06
 2.14255e-06
 2.06395e-06
 1.99190e-06
 1.92239e-06
 1.86054e-06
 1.79940e-06
 1.75284e-06
 1.73637e-06
 1.72306e-06
 1.70347e-06
 1.69528e-06
 1.69485e-06
 1.69570e-06
 1.69933e-06
 1.70293e-06
 1.70263e-06
 1.69930e-06
 1.69709e-06
 1.69801e-06
 1.70263e-06
 1.70411e-06
 1.69983e-06
 1.67908e-06
 1.62125e-06
 1.49663e-06
 1.28149e-06
 1.12186e-06
 1.06261e-06
 1.04583e-06
 1.04347e-06
 1.04483e-06
 1.05037e-06
 1.05749e-06
 1.06028e-06
 1.06090e-06
 1.06017e-06
 1.05625e-06
 1.04631e-06
 1.02618e-06
 9.86912e-07
 9.17051e-07
 8.17083e-07
 7.09501e-07
 6.20244e-07
 5.58017e-07
 5.22375e-07
 5.06913e-07
 5.01855e-07
 5.00468e-07
 5.00115e-07
 5.00028e-07
 5.00007e-07
 5.00002e-07
 5.00000e-07
 5.00000e-07
 5.00000e-07
 5.00000e-07
 4.00000e-06
 4.00000e-06
 4.00000e-06
 4.00000e-06
 4.00000e-06
 4.00000e-06
 4.00000e-06
 4.00000e-06
 4.00000e-06
 4.00000e-06
 4.00000e-06
 4.00000e-06
 4.00000e-06
 4.00000e-06
 4.00000e-06
 4.00000e-06
 4.00000e-06
 4.00000e-06
 3.99999e-06
 3.99996e-06
 3.99981e-06
 3.99921e-06
 3.99705e-06
 3.99049e-06
 3.97376e-06
 3.93881e-06
 3.87949e-06
 3.79642e-06
 3.69626e-06
 3.58643e-06
 3.47208e-06
 3.35614e-06
 3.24040e-06
 3.12596e-06
 3.01326e-06
 2.90242e-06
 2.79340e-06
 2.68680e-06
 2.58607e-06
 2.49032e-06
 2.39703e-06
 2.30960e-06
 2.22511e-06
 2.14255e-06
 2.06395e-06
 1.99190e-06
 1.92239e-06
 1.86054e-06
 1.79940e-06
 1.75284e-06
 1.73637e-06
 1.72306e-06
 1.70347e-06
 1.69528e-06
 1.69485e-06
 1.69570e-06
 1.69933e-06
 1.70293e-06
 1.70263e-06
 1.69930e-06
 1.69709e-06
 1.69801e-06
 1.70263e-06
 1.70411e-06
 1.69983e-06
 1.67908e-06
 1.62125e-06
 1.49663e-06
 1.28149e-06
 1.12186e-06
 1.06261e-06
 1.04583e-06
 1.04347e-06
 1.04483e-06
 1.05037e-06
 1.05749e-06
 1.06028e-06
 1.06090e-06
 1.06017e-06
 1.05625e-06
 1.04631e-06
 1.02618e-06
 9.86912e-07
 9.17051e-07
 8.17083e-07
 7.09501e-07
 6.20244e-07
 5.58017e-07
 5.22375e-07
 5.06913e-07
 5.01855e-07
 5.00468e-07
 5.00115e-07
 5.00028e-07
 5.00007e-07
 5.00002e-07
 5.00000e-07
 5.00000e-07
 5.00000e-07
 5.00000e-07
 4.00000e-06
 4.00000e-06
 4.00000e-06
 4.00000e-06
 4.00000e-06
 4.00000e-06
 4.00000e-06
 4.00000e-06
 4.00000e-06
 4.00000e-06
 4.00000e-06
 4.00000e-06
 4.00000e-06
 4.00000e-06
 4.00000e-06
 4.00000e-06
 4.00000e-06
 4.00000e-06
 3.99999e-06
 3.99996e-06
 3.99981e-06
 3.99921e-06
 3.99705e-06
 3.99049e-06
 3.97376e-06
 3.93881e-06
 3.87949e-06
 3.79642e-06
 3.69626e-06
 3.58643e-06
 3.47208e-06
 3.35614e-06
 3.24040e-06
 3.12596e-06
 3.01326e-06
 2.90242e-06
 2.79340e-06
 2.68680e-06
 2.58607e-06
 2.49032e-06
 2.39703e-06
 2.30960e-06
 2.22511e-06
 2.14255e-06
 2.06395e-06
 1.99190e-06
 1.92239e-06
 1.86054e-06
 1.79940e-06
 1.75284e-06
 1.73637e-06
 1.72306e-06
 1.70347e-06
 1.69528e-06
 1.69485e-06
 1.69570e-06
 1.69933e-06
 1.70293e-06
 1.70263e-06
 1.69930e-06
 1.69709e-06
 1.69801e-06
 1.70263e-06
 1.70411e-06
 1.69983e-06
 1.67908e-06
 1.62125e-06
 1.49663e-06
 1.28149e-06
 1.12186e-06
 1.06261e-06
 1.04583e-06
 1.04347e-06
 1.04483e-06
 1.05037e-06
 1.05749e-06
 1.06028e-06
 1.06090e-06
 1.06017e-06
 1.05625e-06
 1.04631e-06
 1.02618e-06
 9.86912e-07
 9.17051e-07
 8.17083e-07
 7.09501e-07
 6.20244e-07
 5.58017e-07
 5.22375e-07
 5.06913e-07
 5.01855e-07
 5.00468e-07
 5.00115e-07
 5.00028e-07
 5.00007e-07
 5.00002e-07
 5.00000e-07
 5.00000e-07
 5.00000e-07
 5.00000e-07
 4.00000e-06
 4.00000e-06
 4.00000e-06
 4.00000e-06
 4.00000e-06
 4.00000e-06
 4.00000e-06
 4.00000e-06
 4.00000e-06
 4.00000e-06
 4.00000e-06
 4.00000e-06
 4.00000e-06
 4.00000e-06
 4.00000e-06
 4.00000e-06
 4.00000e-06
 4.00000e-06
 3.99999e-06
 3.99996e-06
 3.99981e-06
 3.99921e-06
 3.99705e-06
 3.99049e-06
 3.97376e-06
 3.93881e-06
 3.87949e-06
 3.79642e-06
 3.69626e-06
 3.58643e-06
 3.47208e-06
 3.35614e-06
 3.24040e-06
 3.12596e-06
 3.01326e-06
 2.90242e-06
 2.79340e-06
 2.68680e-06
 2.58607e-06
 2.49032e-06
 2.39703e-06
 2.30960e-06
 2.22511e-06
 2.14255e-06
 2.06395e-06
 1.99190e-06
 1.92239e-06
 1.86054e-06
 1.79940e-06
 1.75284e-06
 1.73637e-06
 1.72306e-06
 1.70347e-06
 1.69528e-06
 1.69485e-06
 1.69570e-06
 1.69933e-06
 1.70293e-06
 1.70263e-06
 1.69930e-06
 1.69709e-06
 1.69801e-06
 1.70263e-06
 1.70411e-06
 1.69983e-06
 1.67908e-06
 1.62125e-06
 1.49663e-06
 1.28149e-06
 1.12186e-06
 1.06261e-06
 1.04583e-06
 1.04347e-06
 1.04483e-06
 1.05037e-06
 1.05749e-06
 1.06028e-06
 1.06090e-06
 1.06017e-06
 1.05625e-06
 1.04631e-06
 1.02618e-06
 9.86912e-07
 9.17051e-07
 8.17083e-07
 7.09501e-07
 6.20244e-07
 5.58017e-07
 5.22375e-07
 5.06913e-07
 5.01855e-07
 5.00468e-07
 5.00115e-07
 5.00028e-07
 5.00007e-07
 5.00002e-07
 5.00000e-07
 5.00000e-07
 5.00000e-07
 5.00000e-07
 4.00000e-06
 4.00000e-06
 4.00000e-06
 4.00000e-06
 4.00000e-06
 4.00000e-06
 4.00000e-06
 4.00000e-06
 4.00000e-06
 4.00000e-06
 4.00000e-06
 4.00000e-06
 4.00000e-06
 4.00000e-06
 4.00000e-06
 4.00000e-06
 4.00000e-06
 4.00000e-06
 3.99999e-06
 3.99996e-06
 3.99981e-06
 3.99921e-06
 3.99705e-06
 3.99049e-06
 3.97376e-06
 3.93881e-06
 3.87949e-06
 3.79642e-06
 3.69626e-06
 3.58643e-06
 3.47208e-06
 3.35614e-06
 3.24040e-06
 3.12596e-06
 3.01326e-06
 2.90242e-06
 2.79340e-06
 2.68680e-06
 2.58607e-06
 2.49032e-06
 2.39703e-06
 2.30960e-06
 2.22511e-06
 2.14255e-06
 2.06395e-06
 1.99190e-06
 1.92239e-06
 1.86054e-06
 1.79940e-06
 1.75284e-06
 1.73637e-06
 1.72306e-06
 1.70347e-06
 1.69528e-06
 1.69485e-06
 1.69570e-06
 1.69933e-06
 1.70293e-06
 1.70263e-06
 1.69930e-06
 1.69709e-06
 1.69801e-06
 1.70263e-06
 1.70411e-06
 1.69983e-06
 1.67908e-06
 1.62125e-06
 1.49663e-06
 1.28149e-06
 1.12186e-06
 1.06261e-06
 1.04583e-06
 1.04347e-06
 1.04483e-06
 1.05037e-06
 1.05749e-06
 1.06028e-06
 1.06090e-06
 1.06017e-06
 1.05625e-06
 1.04631e-06
 1.02618e-06
 9.86912e-07
 9.17051e-07
 8.17083e-07
 7.09501e-07
 6.20244e-07
 5.58017e-07
 5.22375e-07
 5.06913e-07
 5.01855e-07
 5.00468e-07
 5.00115e-07
 5.00028e-07
 5.00007e-07
 5.00002e-07
 5.00000e-07
 5.00000e-07
 5.00000e-07
 5.00000e-07
 4.00000e-06
 4.00000e-06
 4.00000e-06
 4.00000e-06
 4.00000e-06
 4.00000e-06
 4.00000e-06
 4.00000e-06
 4.00000e-06
 4.00000e-06
 4.00000e-06
 4.00000e-06
 4.00000e-06
 4.00000e-06
 4.00000e-06
 4.00000e-06
 4.00000e-06
 4.00000e-06
 3.99999e-06
 3.99996e-06
 3.99981e-06
 3.99921e-06
 3.99705e-06
 3.99049e-06
 3.97376e-06
 3.93881e-06
 3.87949e-06
 3.79642e-06
 3.69626e-06
 3.58643e-06
 3.47208e-06
 3.35614e-06
 3.24040e-06
 3.12596e-06
 3.01326e-06
 2.90242e-06
 2.79340e-06
 2.68680e-06
 2.58607e-06
 2.49032e-06
 2.39703e-06
 2.30960e-06
 2.22511e-06
 2.14255e-06
 2.06395e-06
 1.99190e-06
 1.92239e-06
 1.86054e-06
 1.79940e-06
 1.75284e-06
 1.73637e-06
 1.72306e-06
 1.70347e-06
 1.69528e-06
 1.69485e-06
 1.69570e-06
 1.69933e-06
 1.70293e-06
 1.70263e-06
 1.69930e-06
 1.69709e-06
 1.69801e-06
 1.70263e-06
 1.70411e-06
 1.69983e-06
 1.67908e-06
 1.62125e-06
 1.49663e-06
 1.28149e-06
 1.12186e-06
 1.06261e-06
 1.04583e-06
 1.04347e-06
 1.04483e-06
 1.05037e-06
 1.05749e-06
 1.06028e-06
 1.06090e-06
 1.06017e-06
 1.05625e-06
 1.04631e-06
 1.02618e-06
 9.86912e-07
 9.17051e-07
 8.17083e-07
 7.09501e-07
 6.20244e-07
 5.58017e-07
 5.22375e-07
 5.06913e-07
 5.01855e-07
 5.00468e-07
 5.00115e-07
 5.00028e-07
 5.00007e-07
 5.00002e-07
 5.00000e-07
 5.00000e-07
 5.00000e-07
 5.00000e-07
 4.00000e-06
 4.00000e-06
 4.00000e-06
 4.00000e-06
 4.00000e-06
 4.00000e-06
 4.00000e-06
 4.00000e-06
 4.00000e-06
 4.00000e-06
 4.00000e-06
 4.00000e-06
 4.00000e-06
 4.00000e-06
 4.00000e-06
 4.00000e-06
 4.00000e-06
 4.00000e-06
 3.99999e-06
 3.99996e-06
 3.99981e-06
 3.99921e-06
 3.99705e-06
 3.99049e-06
 3.97376e-06
 3.93881e-06
 3.87949e-06
 3.79642e-06
 3.69626e-06
 3.58643e-06
 3.47208e-06
 3.35614e-06
 3.24040e-06
 3.12596e-06
 3.01326e-06
 2.90242e-06
 2.79340e-06
 2.68680e-06
 2.58607e-06
 2.49032e-06
 2.39703e-06
 2.30960e-06
 2.22511e-06
 2.14255e-06
 2.06395e-06
 1.99190e-06
 1.92239e-06
 1.86054e-06
 1.79940e-06
 1.75284e-06
 1.73637e-06
 1.72306e-06
 1.70347e-06
 1.69528e-06
 1.69485e-06
 1.69570e-06
 1.69933e-06
 1.70293e-06
 1.70263e-06
 1.69930e-06
 1.69709e-06
 1.69801e-06
 1.70263e-06
 1.70411e-06
 1.69983e-06
 1.67908e-06
 1.62125e-06
 1.49663e-06
 1.28149e-06
 1.12186e-06
 1.06261e-06
 1.04583e-06
 1.04347e-06
 1.04483e-06
 1.05037e-06
 1.05749e-06
 1.06028e-06
 1.06090e-06
 1.06017e-06
 1.05625e-06
 1.04631e-06
 1.02618e-06
 9.86912e-07
 9.17051e-07
 8.17083e-07
 7.09501e-07
 6.20244e-07
 5.58017e-07
 5.22375e-07
 5.06913e-07
 5.01855e-07
 5.00468e-07
 5.00115e-07
 5.00028e-07
 5.00007e-07
 5.00002e-07
 5.00000e-07
 5.00000e-07
 5.00000e-07
 5.00000e-07
 4.00000e-06
 4.00000e-06
 4.00000e-06
 4.00000e-06
 4.00000e-06
 4.00000e-06
 4.00000e-06
 4.00000e-06
 4.00000e-06
 4.00000e-06
 4.00000e-06
 4.00000e-06
 4.00000e-06
 4.00000e-06
 4.00000e-06
 4.00000e-06
 4.00000e-06
 4.00000e-06
 3.99999e-06
 3.99996e-06
 3.99981e-06
 3.99921e-06
 3.99705e-06
 3.99049e-06
 3.97376e-06
 3.93881e-06
 3.87949e-06
 3.79642e-06
 3.69626e-06
 3.58643e-06
 3.47208e-06
 3.35614e-06
 3.24040e-06
 3.12596e-06
 3.01326e-06
 2.90242e-06
 2.79340e-06
 2.68680e-06
 2.58607e-06
 2.49032e-06
 2.39703e-06
 2.30960e-06
 2.22511e-06
 2.14255e-06
 2.06395e-06
 1.99190e-06
 1.92239e-06
 1.86054e-06
 1.79940e-06
 1.75284e-06
 1.73637e-06
 1.72306e-06
 1.70347e-06
 1.69528e-06
 1.69485e-06
 1.69570e-06
 1.69933e-06
 1.70293e-06
 1.70263e-06
 1.69930e-06
 1.69709e-06
 1.69801e-06
 1.70263e-06
 1.70411e-06
 1.69983e-06
 1.67908e-06
 1.62125e-06
 1.49663e-06
 1.28149e-06
 1.12186e-06
 1.06261e-06
 1.04583e-06
 1.04347e-06
 1.04483e-06
 1.05037e-06
 1.05749e-06
 1.06028e-06
 1.06090e-06
 1.06017e-06
 1.05625e-06
 1.04631e-06
 1.02618e-06
 9.86912e-07
 9.17051e-07
 8.17083e-07
 7.09501e-07
 6.20244e-07
 5.58017e-07
 5.22375e-07
 5.06913e-07
 5.01855e-07
 5.00468e-07
 5.00115e-07
 5.00028e-07
 5.00007e-07
 5.00002e-07
 5.00000e-07
 5.00000e-07
 5.00000e-07
 5.00000e-07
 4.00000e-06
 4.00000e-06
 4.00000e-06
 4.00000e-06
 4.00000e-06
 4.00000e-06
 4.00000e-06
 4.00000e-06
 4.00000e-06
 4.00000e-06
 4.00000e-06
 4.00000e-06
 4.00000e-06
 4.00000e-06
 4.00000e-06
 4.00000e-06
 4.00000e-06
 4.00000e-06
 3.99999e-06
 3.99996e-06
 3.99981e-06
 3.99921e-06
 3.99705e-06
 3.99049e-06
 3.97376e-06
 3.93881e-06
 3.87949e-06
 3.79642e-06
 3.69626e-06
 3.58643e-06
 3.47208e-06
 3.35614e-06
 3.24040e-06
 3.12596e-06
 3.01326e-06
 2.90242e-06
 2.79340e-06
 2.68680e-06
 2.58607e-06
 2.49032e-06
 2.39703e-06
 2.30960e-06
 2.22511e-06
 2.14255e-06
 2.06395e-06
 1.99190e-06
 1.92239e-06
 1.86054e-06
 1.79940e-06
 1.75284e-06
 1.73637e-06
 1.72306e-06
 1.70347e-06
 1.69528e-06
 1.69485e-06
 1.69570e-06
 1.69933e-06
 1.70293e-06
 1.70263e-06
 1.69930e-06
 1.69709e-06
 1.69801e-06
 1.70263e-06
 1.70411e-06
 1.69983e-06
 1.67908e-06
 1.62125e-06
 1.49663e-06
 1.28149e-06
 1.12186e-06
 1.06261e-06
 1.04583e-06
 1.04347e-06
 1.04483e-06
 1.05037e-06
 1.05749e-06
 1.06028e-06
 1.06090e-06
 1.06017e-06
 1.05625e-06
 1.04631e-06
 1.02618e-06
 9.86912e-07
 9.17051e-07
 8.17083e-07
 7.09501e-07
 6.20244e-07
 5.58017e-07
 5.22375e-07
 5.06913e-07
 5.01855e-07
 5.00468e-07
 5.00115e-07
 5.00028e-07
 5.00007e-07
 5.00002e-07
 5.00000e-07
 5.00000e-07
 5.00000e-07
 5.00000e-07
 4.00000e-06
 4.00000e-06
 4.00000e-06
 4.00000e-06
 4.00000e-06
 4.00000e-06
 4.00000e-06
 4.00000e-06
 4.00000e-06
 4.00000e-06
 4.00000e-06
 4.00000e-06
 4.00000e-06
 4.00000e-06
 4.00000e-06
 4.00000e-06
 4.00000e-06
 4.00000e-06
 3.99999e-06
 3.99996e-06
 3.99981e-06
 3.99921e-06
 3.99705e-06
 3.99049e-06
 3.97376e-06
 3.93881e-06
 3.87949e-06
 3.79642e-06
 3.69626e-06
 3.58643e-06
 3.47208e-06
 3.35614e-06
 3.24040e-06
 3.12596e-06
 3.01326e-06
 2.90242e-06
 2.79340e-06
 2.68680e-06
 2.58607e-06
 2.49032e-06
 2.39703e-06
 2.30960e-06
 2.22511e-06
 2.14255e-06
 2.06395e-06
 1.99190e-06
 1.92239e-06
 1.86054e-06
 1.79940e-06
 1.75284e-06
 1.73637e-06
 1.72306e-06
 1.70347e-06
 1.69528e-06
 1.69485e-06
 1.69570e-06
 1.69933e-06
 1.70293e-06
 1.70263e-06
 1.69930e-06
 1.69709e-06
 1.69801e-06
 1.70263e-06
 1.70411e-06
 1.69983e-06
 1.67908e-06
 1.62125e-06
 1.49663e-06
 1.28149e-06
 1.12186e-06
 1.06261e-06
 1.04583e-06
 1.04347e-06
 1.04483e-06
 1.05037e-06
 1.05749e-06
 1.06028e-06
 1.06090e-06
 1.06017e-06
 1.05625e-06
 1.04631e-06
 1.02618e-06
 9.86912e-07
 9.17051e-07
 8.17083e-07
 7.09501e-07
 6.20244e-07
 5.58017e-07
 5.22375e-07
 5.06913e-07
 5.01855e-07
 5.00468e-07
 5.00115e-07
 5.00028e-07
 5.00007e-07
 5.00002e-07
 5.00000e-07
 5.00000e-07
 5.00000e-07
 5.00000e-07
