Velocity
part
         1
coordinates
 0.00000e+00
 0.00000e+00
 0.00000e+00
 0.00000e+00
 0.00000e+00
 0.00000e+00
 0.00000e+00
 0.00000e+00
 0.00000e+00
 0.00000e+00
 0.00000e+00
 3.96150e-14
 9.17976e-13
 1.63074e-11
 2.76612e-10
 4.63343e-09
 5.01157e-08
 3.29408e-07
 1.85254e-06
 9.42073e-06
 4.33567e-05
 1.79257e-04
 6.59233e-04
 2.13145e-03
 5.98528e-03
 1.44563e-02
 2.99624e-02
 5.37821e-02
 8.53386e-02
 1.22908e-01
 1.64828e-01
 2.10066e-01
 2.58162e-01
 3.08991e-01
 3.62605e-01
 4.19155e-01
 4.78850e-01
 5.41940e-01
 6.08675e-01
 6.79227e-01
 7.53465e-01
 8.30304e-01
 9.05547e-01
 9.64599e-01
 9.69816e-01
 9.47171e-01
 9.34108e-01
 9.29990e-01
 9.28570e-01
 9.27651e-01
 9.27160e-01
 9.27089e-01
 9.27024e-01
 9.26963e-01
 9.26904e-01
 9.26846e-01
 9.26788e-01
 9.26729e-01
 9.26668e-01
 9.26605e-01
 9.26540e-01
 9.26471e-01
 9.26400e-01
 9.26328e-01
 9.26255e-01
 9.26182e-01
 9.26111e-01
 9.26043e-01
 9.25978e-01
 9.25915e-01
 9.25848e-01
 9.25771e-01
 9.25670e-01
 9.25525e-01
 9.25306e-01
 9.24960e-01
 9.24391e-01
 9.23393e-01
 9.21506e-01
 9.17671e-01
 9.09517e-01
 8.92195e-01
 8.57307e-01
 7.93614e-01
 6.90901e-01
 5.46815e-01
 3.75500e-01
 2.11458e-01
 9.38774e-02
 3.37719e-02
 1.07231e-02
 3.22768e-03
 9.51660e-04
 2.77786e-04
 8.04740e-05
 2.31354e-05
 6.59463e-06
 1.86088e-06
 5.16737e-07
 1.32663e-07
 0.00000e+00
 0.00000e+00
 0.00000e+00
 0.00000e+00
 0.00000e+00
 0.00000e+00
 0.00000e+00
 0.00000e+00
 0.00000e+00
 0.00000e+00
 0.00000e+00
 0.00000e+00
 3.94173e-14
 9.18722e-13
 1.63059e-11
 2.76612e-10
 4.63343e-09
 5.01157e-08
 3.29408e-07
 1.85254e-06
 9.42073e-06
 4.33567e-05
 1.79257e-04
 6.59233e-04
 2.13145e-03
 5.98528e-03
 1.44563e-02
 2.99624e-02
 5.37821e-02
 8.53386e-02
 1.22908e-01
 1.64828e-01
 2.10066e-01
 2.58162e-01
 3.08991e-01
 3.62605e-01
 4.19155e-01
 4.78850e-01
 5.41940e-01
 6.08675e-01
 6.79227e-01
 7.53465e-01
 8.30304e-01
 9.05547e-01
 9.64599e-01
 9.69816e-01
 9.47171e-01
 9.34108e-01
 9.29990e-01
 9.28570e-01
 9.27651e-01
 9.27160e-01
 9.27089e-01
 9.27024e-01
 9.26963e-01
 9.26904e-01
 9.26846e-01
 9.26788e-01
 9.26729e-01
 9.26668e-01
 9.26605e-01
 9.26540e-01
 9.26471e-01
 9.26400e-01
 9.26328e-01
 9.26255e-01
 9.26182e-01
 9.26111e-01
 9.26043e-01
 9.25978e-01
 9.25915e-01
 9.25848e-01
 9.25771e-01
 9.25670e-01
 9.25525e-01
 9.25306e-01
 9.24960e-01
 9.24391e-01
 9.23393e-01
 9.21506e-01
 9.17671e-01
 9.09517e-01
 8.92195e-01
 8.57307e-01
 7.93614e-01
 6.90901e-01
 5.46815e-01
 3.75500e-01
 2.11458e-01
 9.38774e-02
 3.37719e-02
 1.07231e-02
 3.22768e-03
 9.51660e-04
 2.77786e-04
 8.04740e-05
 2.31354e-05
 6.59463e-06
 1.86088e-06
 5.16737e-07
 1.32663e-07
 0.00000e+00
 0.00000e+00
 0.00000e+00
 0.00000e+00
 0.00000e+00
 0.00000e+00
 0.00000e+00
 0.00000e+00
 0.00000e+00
 0.00000e+00
 0.00000e+00
 0.00000e+00
 3.95771e-14
 9.19244e-13
 1.63042e-11
 2.76613e-10
 4.63343e-09
 5.01157e-08
 3.29408e-07
 1.85254e-06
 9.42073e-06
 4.33567e-05
 1.79257e-04
 6.59233e-04
 2.13145e-03
 5.98528e-03
 1.44563e-02
 2.99624e-02
 5.37821e-02
 8.53386e-02
 1.22908e-01
 1.64828e-01
 2.10066e-01
 2.58162e-01
 3.08991e-01
 3.62605e-01
 4.19155e-01
 4.78850e-01
 5.41940e-01
 6.08675e-01
 6.79227e-01
 7.53465e-01
 8.30304e-01
 9.05547e-01
 9.64599e-01
 9.69816e-01
 9.47171e-01
 9.34108e-01
 9.29990e-01
 9.28570e-01
 9.27651e-01
 9.27160e-01
 9.27089e-01
 9.27024e-01
 9.26963e-01
 9.26904e-01
 9.26846e-01
 9.26788e-01
 9.26729e-01
 9.26668e-01
 9.26605e-01
 9.26540e-01
 9.26471e-01
 9.26400e-01
 9.26328e-01
 9.26255e-01
 9.26182e-01
 9.26111e-01
 9.26043e-01
 9.25978e-01
 9.25915e-01
 9.25848e-01
 9.25771e-01
 9.25670e-01
 9.25525e-01
 9.25306e-01
 9.24960e-01
 9.24391e-01
 9.23393e-01
 9.21506e-01
 9.17671e-01
 9.09517e-01
 8.92195e-01
 8.57307e-01
 7.93614e-01
 6.90901e-01
 5.46815e-01
 3.75500e-01
 2.11458e-01
 9.38774e-02
 3.37719e-02
 1.07231e-02
 3.22768e-03
 9.51660e-04
 2.77786e-04
 8.04740e-05
 2.31354e-05
 6.59463e-06
 1.86088e-06
 5.16737e-07
 1.32663e-07
 0.00000e+00
 0.00000e+00
 0.00000e+00
 0.00000e+00
 0.00000e+00
 0.00000e+00
 0.00000e+00
 0.00000e+00
 0.00000e+00
 0.00000e+00
 0.00000e+00
 0.00000e+00
 3.96802e-14
 9.18889e-13
 1.63042e-11
 2.76613e-10
 4.63343e-09
 5.01157e-08
 3.29408e-07
 1.85254e-06
 9.42073e-06
 4.33567e-05
 1.79257e-04
 6.59233e-04
 2.13145e-03
 5.98528e-03
 1.44563e-02
 2.99624e-02
 5.37821e-02
 8.53386e-02
 1.22908e-01
 1.64828e-01
 2.10066e-01
 2.58162e-01
 3.08991e-01
 3.62605e-01
 4.19155e-01
 4.78850e-01
 5.41940e-01
 6.08675e-01
 6.79227e-01
 7.53465e-01
 8.30304e-01
 9.05547e-01
 9.64599e-01
 9.69816e-01
 9.47171e-01
 9.34108e-01
 9.29990e-01
 9.28570e-01
 9.27651e-01
 9.27160e-01
 9.27089e-01
 9.27024e-01
 9.26963e-01
 9.26904e-01
 9.26846e-01
 9.26788e-01
 9.26729e-01
 9.26668e-01
 9.26605e-01
 9.26540e-01
 9.26471e-01
 9.26400e-01
 9.26328e-01
 9.26255e-01
 9.26182e-01
 9.26111e-01
 9.26043e-01
 9.25978e-01
 9.25915e-01
 9.25848e-01
 9.25771e-01
 9.25670e-01
 9.25525e-01
 9.25306e-01
 9.24960e-01
 9.24391e-01
 9.23393e-01
 9.21506e-01
 9.17671e-01
 9.09517e-01
 8.92195e-01
 8.57307e-01
 7.93614e-01
 6.90901e-01
 5.46815e-01
 3.75500e-01
 2.11458e-01
 9.38774e-02
 3.37719e-02
 1.07231e-02
 3.22768e-03
 9.51660e-04
 2.77786e-04
 8.04740e-05
 2.31354e-05
 6.59463e-06
 1.86088e-06
 5.16737e-07
 1.32663e-07
 0.00000e+00
 0.00000e+00
 0.00000e+00
 0.00000e+00
 0.00000e+00
 0.00000e+00
 0.00000e+00
 0.00000e+00
 0.00000e+00
 0.00000e+00
 0.00000e+00
 0.00000e+00
 3.95646e-14
 9.18482e-13
 1.63054e-11
 2.76613e-10
 4.63343e-09
 5.01157e-08
 3.29408e-07
 1.85254e-06
 9.42073e-06
 4.33567e-05
 1.79257e-04
 6.59233e-04
 2.13145e-03
 5.98528e-03
 1.44563e-02
 2.99624e-02
 5.37821e-02
 8.53386e-02
 1.22908e-01
 1.64828e-01
 2.10066e-01
 2.58162e-01
 3.08991e-01
 3.62605e-01
 4.19155e-01
 4.78850e-01
 5.41940e-01
 6.08675e-01
 6.79227e-01
 7.53465e-01
 8.30304e-01
 9.05547e-01
 9.64599e-01
 9.69816e-01
 9.47171e-01
 9.34108e-01
 9.29990e-01
 9.28570e-01
 9.27651e-01
 9.27160e-01
 9.27089e-01
 9.27024e-01
 9.26963e-01
 9.26904e-01
 9.26846e-01
 9.26788e-01
 9.26729e-01
 9.26668e-01
 9.26605e-01
 9.26540e-01
 9.26471e-01
 9.26400e-01
 9.26328e-01
 9.26255e-01
 9.26182e-01
 9.26111e-01
 9.26043e-01
 9.25978e-01
 9.25915e-01
 9.25848e-01
 9.25771e-01
 9.25670e-01
 9.25525e-01
 9.25306e-01
 9.24960e-01
 9.24391e-01
 9.23393e-01
 9.21506e-01
 9.17671e-01
 9.09517e-01
 8.92195e-01
 8.57307e-01
 7.93614e-01
 6.90901e-01
 5.46815e-01
 3.75500e-01
 2.11458e-01
 9.38774e-02
 3.37719e-02
 1.07231e-02
 3.22768e-03
 9.51660e-04
 2.77786e-04
 8.04740e-05
 2.31354e-05
 6.59463e-06
 1.86088e-06
 5.16737e-07
 1.32663e-07
 0.00000e+00
 0.00000e+00
 0.00000e+00
 0.00000e+00
 0.00000e+00
 0.00000e+00
 0.00000e+00
 0.00000e+00
 0.00000e+00
 0.00000e+00
 0.00000e+00
 0.00000e+00
 3.96938e-14
 9.18231e-13
 1.63064e-11
 2.76612e-10
 4.63343e-09
 5.01157e-08
 3.29408e-07
 1.85254e-06
 9.42073e-06
 4.33567e-05
 1.79257e-04
 6.59233e-04
 2.13145e-03
 5.98528e-03
 1.44563e-02
 2.99624e-02
 5.37821e-02
 8.53386e-02
 1.22908e-01
 1.64828e-01
 2.10066e-01
 2.58162e-01
 3.08991e-01
 3.62605e-01
 4.19155e-01
 4.78850e-01
 5.41940e-01
 6.08675e-01
 6.79227e-01
 7.53465e-01
 8.30304e-01
 9.05547e-01
 9.64599e-01
 9.69816e-01
 9.47171e-01
 9.34108e-01
 9.29990e-01
 9.28570e-01
 9.27651e-01
 9.27160e-01
 9.27089e-01
 9.27024e-01
 9.26963e-01
 9.26904e-01
 9.26846e-01
 9.26788e-01
 9.26729e-01
 9.26668e-01
 9.26605e-01
 9.26540e-01
 9.26471e-01
 9.26400e-01
 9.26328e-01
 9.26255e-01
 9.26182e-01
 9.26111e-01
 9.26043e-01
 9.25978e-01
 9.25915e-01
 9.25848e-01
 9.25771e-01
 9.25670e-01
 9.25525e-01
 9.25306e-01
 9.24960e-01
 9.24391e-01
 9.23393e-01
 9.21506e-01
 9.17671e-01
 9.09517e-01
 8.92195e-01
 8.57307e-01
 7.93614e-01
 6.90901e-01
 5.46815e-01
 3.75500e-01
 2.11458e-01
 9.38774e-02
 3.37719e-02
 1.07231e-02
 3.22768e-03
 9.51660e-04
 2.77786e-04
 8.04740e-05
 2.31354e-05
 6.59463e-06
 1.86088e-06
 5.16737e-07
 1.32663e-07
 0.00000e+00
 0.00000e+00
 0.00000e+00
 0.00000e+00
 0.00000e+00
 0.00000e+00
 0.00000e+00
 0.00000e+00
 0.00000e+00
 0.00000e+00
 0.00000e+00
 0.00000e+00
 0.00000e+00
 0.00000e+00
 0.00000e+00
 0.00000e+00
 0.00000e+00
 0.00000e+00
 0.00000e+00
 0.00000e+00
 0.00000e+00
 0.00000e+00
 0.00000e+00
 0.00000e+00
 0.00000e+00
 0.00000e+00
 0.00000e+00
 0.00000e+00
 0.00000e+00
 0.00000e+00
 0.00000e+00
 0.00000e+00
 0.00000e+00
 0.00000e+00
 0.00000e+00
 0.00000e+00
 0.00000e+00
 0.00000e+00
 0.00000e+00
 0.00000e+00
 0.00000e+00
 0.00000e+00
 0.00000e+00
 0.00000e+00
 0.00000e+00
 0.00000e+00
 0.00000e+00
 0.00000e+00
 0.00000e+00
 0.00000e+00
 0.00000e+00
 0.00000e+00
 0.00000e+00
 0.00000e+00
 0.00000e+00
 0.00000e+00
 0.00000e+00
 0.00000e+00
 0.00000e+00
 0.00000e+00
 0.00000e+00
 0.00000e+00
 0.00000e+00
 0.00000e+00
 0.00000e+00
 0.00000e+00
 0.00000e+00
 0.00000e+00
 0.00000e+00
 0.00000e+00
 0.00000e+00
 0.00000e+00
 0.00000e+00
 0.00000e+00
 0.00000e+00
 0.00000e+00
 0.00000e+00
 0.00000e+00
 0.00000e+00
 0.00000e+00
 0.00000e+00
 0.00000e+00
 0.00000e+00
 0.00000e+00
 0.00000e+00
 0.00000e+00
 0.00000e+00
 0.00000e+00
 0.00000e+00
 0.00000e+00
 0.00000e+00
 0.00000e+00
 0.00000e+00
 0.00000e+00
 0.00000e+00
 0.00000e+00
 0.00000e+00
 0.00000e+00
 0.00000e+00
 0.00000e+00
 0.00000e+00
 0.00000e+00
 0.00000e+00
 0.00000e+00
-8.67059e-16
 0.00000e+00
 0.00000e+00
 0.00000e+00
 0.00000e+00
 0.00000e+00
 0.00000e+00
 0.00000e+00
 0.00000e+00
-9.54098e-17
 1.77653e-16
-2.17135e-16
-7.79959e-16
-8.07397e-16
 8.42751e-17
 8.36368e-16
 4.34670e-16
-1.44229e-15
-1.57020e-15
-2.64091e-16
-5.12902e-16
 3.59847e-15
 2.87356e-15
-6.55732e-16
 3.69667e-16
 6.25149e-15
 8.13272e-15
-5.52085e-16
-5.67793e-15
-1.07033e-15
 6.24135e-15
 7.52514e-15
 4.64519e-15
 9.01576e-15
 6.69748e-15
 7.82581e-16
-3.27803e-15
-4.57379e-15
 8.55652e-16
 6.37854e-15
-1.42813e-15
-2.88048e-15
 8.88585e-15
 1.45239e-14
 1.68739e-14
 8.50948e-15
-4.27732e-15
-3.90705e-15
-1.37834e-15
 5.12866e-15
 3.16110e-16
 2.26430e-15
 1.25565e-14
 8.93770e-15
 2.26463e-15
-1.61146e-15
-3.90473e-15
 3.98069e-15
 7.16582e-15
 4.82331e-15
 3.41179e-15
-1.80523e-15
-2.42112e-15
-1.16729e-16
-1.96391e-15
-6.11574e-15
-4.10168e-15
-3.20236e-16
-1.42723e-15
-7.28620e-15
-1.05134e-14
-8.14943e-15
-2.66647e-15
 2.81204e-15
 2.41612e-15
-5.76649e-15
-1.55474e-14
-1.98593e-14
-1.84035e-14
 1.11412e-15
 2.58119e-15
 8.96279e-16
 4.63572e-15
 8.50885e-15
 7.03101e-15
 3.52002e-15
-4.24050e-16
 9.06582e-16
 3.56738e-15
 3.17518e-15
 1.14701e-15
 1.03983e-15
 8.01499e-16
 1.52697e-15
 5.34552e-16
-3.33262e-15
-3.61234e-15
-1.98135e-16
 2.32048e-15
 0.00000e+00
 0.00000e+00
-8.67059e-16
 0.00000e+00
 0.00000e+00
 0.00000e+00
 0.00000e+00
 0.00000e+00
 0.00000e+00
 0.00000e+00
 0.00000e+00
 1.79683e-16
 2.40988e-16
 2.90568e-17
 2.91562e-16
 9.12980e-16
 4.20569e-16
 7.41354e-18
-1.41713e-15
-2.86786e-16
 4.48625e-17
-7.66210e-16
-7.21925e-16
 9.29157e-16
-5.19392e-16
-2.59186e-15
 1.70173e-15
 1.14784e-15
-4.45673e-15
 2.17262e-15
 1.24437e-14
 4.40315e-15
 7.12344e-16
 4.18724e-15
 7.70388e-15
 6.40435e-15
 8.67962e-15
 9.15383e-15
-8.01521e-16
-3.10429e-15
 8.92370e-15
 1.02186e-14
-6.70111e-15
-1.74596e-14
-1.63080e-14
-1.23596e-14
-7.26008e-15
 5.97279e-15
 1.81423e-14
 1.35018e-14
 6.59813e-15
-4.18313e-15
-2.35973e-15
 2.87393e-15
-7.75366e-15
-5.39881e-15
 3.29014e-15
 2.10820e-15
-6.34007e-15
-1.93454e-14
-2.53660e-14
-2.52494e-14
-1.81947e-14
-1.60624e-14
-2.33277e-14
-1.71427e-14
-7.00141e-15
-6.49659e-15
-3.10098e-15
 2.56211e-15
 4.51769e-15
 5.98023e-15
 1.15175e-14
 5.70894e-15
-6.97012e-16
-1.13645e-15
 5.66228e-15
 1.23511e-14
 2.23100e-14
 2.23765e-14
 1.74283e-14
 9.79559e-15
 1.43319e-14
 2.46852e-14
 1.54467e-14
-2.74870e-16
-4.62167e-15
 1.19588e-15
 8.37987e-15
 9.00987e-15
 5.80343e-15
 7.26834e-15
 8.01361e-15
 1.24769e-14
 1.41323e-14
 8.47342e-15
 2.75969e-15
 5.29395e-16
 2.45038e-15
 8.48458e-16
-1.12322e-15
 0.00000e+00
 0.00000e+00
-8.67059e-16
 0.00000e+00
 0.00000e+00
 0.00000e+00
 0.00000e+00
 0.00000e+00
 0.00000e+00
 0.00000e+00
 0.00000e+00
-1.27433e-16
-3.28539e-16
-3.11452e-16
-4.20022e-16
-4.99675e-16
 5.00838e-17
 7.93105e-16
-2.37987e-16
-2.35260e-15
-4.30773e-16
 2.93528e-16
 1.48657e-15
 2.65420e-15
 1.29822e-15
 2.43440e-15
-1.03608e-15
 3.74561e-15
 6.56175e-15
 1.81649e-15
 5.20020e-17
-3.09693e-15
 4.86257e-17
 3.97970e-15
-1.74656e-15
-8.98880e-15
-1.33934e-14
-1.11200e-14
-1.19544e-14
-1.19854e-14
-1.19879e-14
-1.20136e-14
 2.20761e-15
 8.32947e-15
 1.27963e-14
 1.54767e-14
 9.57410e-15
 6.05733e-15
-5.99788e-15
-6.95671e-15
-1.07126e-15
 8.66634e-15
 6.54857e-15
 9.66992e-16
 1.74235e-15
 9.12267e-16
-4.76067e-15
-5.39836e-15
 2.43713e-15
 5.63209e-15
 7.80632e-15
 1.34646e-14
 1.06202e-14
 2.43735e-16
-2.48314e-15
-1.92114e-15
 7.83628e-17
 4.45886e-15
 7.00552e-15
 6.06182e-15
 2.50501e-15
 1.58025e-15
 6.73483e-15
 1.47100e-14
 1.53946e-14
 1.00003e-14
-4.35989e-15
 1.84724e-15
-3.64952e-15
-8.95966e-15
 7.37559e-16
 3.71340e-15
 1.18949e-15
-1.39164e-14
-4.57625e-15
 1.42100e-14
 1.62933e-14
 7.58040e-15
 1.62545e-15
 2.05005e-16
 1.07319e-15
-4.28281e-15
-7.20347e-15
-9.96627e-15
-1.07570e-14
-5.82906e-15
 3.27409e-16
 1.97581e-15
-3.37243e-15
-2.83717e-15
 1.93709e-16
 0.00000e+00
 0.00000e+00
-8.67059e-16
 0.00000e+00
 0.00000e+00
 0.00000e+00
 0.00000e+00
 0.00000e+00
 0.00000e+00
 0.00000e+00
 0.00000e+00
 6.76195e-17
-7.97972e-19
 3.60372e-16
 6.52471e-16
 1.61532e-16
-2.70875e-16
-1.16723e-16
-7.73223e-16
-1.58009e-15
 3.65767e-16
 1.51941e-16
-3.89481e-15
-3.24705e-15
-8.14480e-16
-8.94756e-15
-1.22014e-14
-4.41916e-15
-5.63879e-15
 2.75715e-16
 1.60082e-15
-4.59497e-15
-7.01705e-15
-6.61876e-15
 3.27821e-15
 1.46077e-15
 2.78746e-16
 4.14882e-15
 1.00066e-14
 2.30288e-14
 1.87365e-14
 2.92738e-15
 6.11764e-15
 3.82839e-15
-1.65153e-14
-1.99064e-14
-1.25205e-14
-1.52802e-14
-2.54784e-15
 1.82468e-15
-7.53275e-16
-1.20580e-14
-5.54606e-15
-7.66688e-16
 3.20132e-16
-1.89972e-15
 3.26271e-16
 7.26446e-15
 4.87070e-15
 3.14591e-15
 1.04517e-15
-3.71305e-15
-1.82029e-15
 4.79498e-15
-1.95457e-15
-1.01428e-14
-1.46582e-14
-1.49982e-14
-1.48700e-14
-1.58271e-14
-1.22439e-14
-1.11723e-14
-1.99204e-14
-2.36994e-14
-2.34117e-14
-2.58747e-14
-2.34737e-14
-2.54217e-14
-1.22080e-14
-8.00952e-17
 5.28329e-16
-2.55943e-15
-1.04322e-14
 1.50003e-15
 4.35486e-15
-3.96859e-15
-6.60380e-15
-7.90814e-15
-8.11451e-15
-4.05829e-15
-3.78652e-16
 5.91986e-16
 2.47143e-15
 1.55682e-15
-1.18132e-15
-1.35409e-15
-3.64291e-16
-6.07924e-16
 1.73788e-15
 5.32200e-15
 4.32787e-15
 0.00000e+00
 0.00000e+00
 0.00000e+00
 0.00000e+00
 0.00000e+00
 0.00000e+00
 0.00000e+00
 0.00000e+00
 0.00000e+00
 0.00000e+00
 0.00000e+00
 0.00000e+00
 0.00000e+00
 0.00000e+00
 0.00000e+00
 0.00000e+00
 0.00000e+00
 0.00000e+00
 0.00000e+00
 0.00000e+00
 0.00000e+00
 0.00000e+00
 0.00000e+00
 0.00000e+00
 0.00000e+00
 0.00000e+00
 0.00000e+00
 0.00000e+00
 0.00000e+00
 0.00000e+00
 0.00000e+00
 0.00000e+00
 0.00000e+00
 0.00000e+00
 0.00000e+00
 0.00000e+00
 0.00000e+00
 0.00000e+00
 0.00000e+00
 0.00000e+00
 0.00000e+00
 0.00000e+00
 0.00000e+00
 0.00000e+00
 0.00000e+00
 0.00000e+00
 0.00000e+00
 0.00000e+00
 0.00000e+00
 0.00000e+00
 0.00000e+00
 0.00000e+00
 0.00000e+00
 0.00000e+00
 0.00000e+00
 0.00000e+00
 0.00000e+00
 0.00000e+00
 0.00000e+00
 0.00000e+00
 0.00000e+00
 0.00000e+00
 0.00000e+00
 0.00000e+00
 0.00000e+00
 0.00000e+00
 0.00000e+00
 0.00000e+00
 0.00000e+00
 0.00000e+00
 0.00000e+00
 0.00000e+00
 0.00000e+00
 0.00000e+00
 0.00000e+00
 0.00000e+00
 0.00000e+00
 0.00000e+00
 0.00000e+00
 0.00000e+00
 0.00000e+00
 0.00000e+00
 0.00000e+00
 0.00000e+00
 0.00000e+00
 0.00000e+00
 0.00000e+00
 0.00000e+00
 0.00000e+00
 0.00000e+00
 0.00000e+00
 0.00000e+00
 0.00000e+00
 0.00000e+00
 0.00000e+00
 0.00000e+00
 0.00000e+00
 0.00000e+00
 0.00000e+00
 0.00000e+00
 0.00000e+00
 0.00000e+00
 0.00000e+00
 0.00000e+00
 0.00000e+00
 0.00000e+00
 0.00000e+00
 0.00000e+00
 0.00000e+00
 0.00000e+00
 0.00000e+00
 0.00000e+00
 0.00000e+00
 0.00000e+00
 0.00000e+00
 0.00000e+00
 0.00000e+00
 0.00000e+00
 0.00000e+00
 0.00000e+00
 0.00000e+00
 0.00000e+00
 0.00000e+00
 0.00000e+00
 0.00000e+00
 0.00000e+00
 0.00000e+00
 0.00000e+00
 0.00000e+00
 0.00000e+00
 0.00000e+00
 0.00000e+00
 0.00000e+00
 0.00000e+00
 0.00000e+00
 0.00000e+00
 0.00000e+00
 0.00000e+00
 0.00000e+00
 0.00000e+00
 0.00000e+00
 0.00000e+00
 0.00000e+00
 0.00000e+00
 0.00000e+00
 0.00000e+00
 0.00000e+00
 0.00000e+00
 0.00000e+00
 0.00000e+00
 0.00000e+00
 0.00000e+00
 0.00000e+00
 0.00000e+00
 0.00000e+00
 0.00000e+00
 0.00000e+00
 0.00000e+00
 0.00000e+00
 0.00000e+00
 0.00000e+00
 0.00000e+00
 0.00000e+00
 0.00000e+00
 0.00000e+00
 0.00000e+00
 0.00000e+00
 0.00000e+00
 0.00000e+00
 0.00000e+00
 0.00000e+00
 0.00000e+00
 0.00000e+00
 0.00000e+00
 0.00000e+00
 0.00000e+00
 0.00000e+00
 0.00000e+00
 0.00000e+00
 0.00000e+00
 0.00000e+00
 0.00000e+00
 0.00000e+00
 0.00000e+00
 0.00000e+00
 0.00000e+00
 0.00000e+00
 0.00000e+00
 0.00000e+00
 0.00000e+00
 0.00000e+00
 0.00000e+00
 0.00000e+00
 0.00000e+00
 0.00000e+00
 0.00000e+00
 0.00000e+00
 0.00000e+00
 0.00000e+00
 0.00000e+00
 0.00000e+00
 0.00000e+00
 0.00000e+00
 0.00000e+00
 0.00000e+00
 0.00000e+00
 0.00000e+00
 0.00000e+00
 0.00000e+00
 0.00000e+00
 0.00000e+00
 0.00000e+00
 0.00000e+00
 0.00000e+00
 0.00000e+00
 0.00000e+00
 0.00000e+00
 0.00000e+00
 0.00000e+00
 0.00000e+00
 0.00000e+00
 0.00000e+00
 0.00000e+00
 0.00000e+00
 0.00000e+00
 0.00000e+00
 0.00000e+00
 0.00000e+00
 0.00000e+00
 0.00000e+00
 0.00000e+00
 0.00000e+00
 0.00000e+00
 0.00000e+00
 0.00000e+00
 0.00000e+00
 0.00000e+00
 0.00000e+00
 0.00000e+00
 0.00000e+00
 0.00000e+00
 0.00000e+00
 0.00000e+00
 0.00000e+00
 0.00000e+00
 0.00000e+00
 0.00000e+00
 0.00000e+00
 0.00000e+00
 0.00000e+00
 0.00000e+00
 0.00000e+00
 0.00000e+00
 0.00000e+00
 0.00000e+00
 0.00000e+00
 0.00000e+00
 0.00000e+00
 0.00000e+00
 0.00000e+00
 0.00000e+00
 0.00000e+00
 0.00000e+00
 0.00000e+00
 0.00000e+00
 0.00000e+00
 0.00000e+00
 0.00000e+00
 0.00000e+00
 0.00000e+00
 0.00000e+00
 0.00000e+00
 0.00000e+00
 0.00000e+00
 0.00000e+00
 0.00000e+00
 0.00000e+00
 0.00000e+00
 0.00000e+00
 0.00000e+00
 0.00000e+00
 0.00000e+00
 0.00000e+00
 0.00000e+00
 0.00000e+00
 0.00000e+00
 0.00000e+00
 0.00000e+00
 0.00000e+00
 0.00000e+00
 0.00000e+00
 0.00000e+00
 0.00000e+00
 0.00000e+00
 0.00000e+00
 0.00000e+00
 0.00000e+00
 0.00000e+00
 0.00000e+00
 0.00000e+00
 0.00000e+00
 0.00000e+00
 0.00000e+00
 0.00000e+00
 0.00000e+00
 0.00000e+00
 0.00000e+00
 0.00000e+00
 0.00000e+00
 0.00000e+00
 0.00000e+00
 0.00000e+00
 0.00000e+00
 0.00000e+00
 0.00000e+00
 0.00000e+00
 0.00000e+00
 0.00000e+00
 0.00000e+00
 0.00000e+00
 0.00000e+00
 0.00000e+00
 0.00000e+00
 0.00000e+00
 0.00000e+00
 0.00000e+00
 0.00000e+00
 0.00000e+00
 0.00000e+00
 0.00000e+00
 0.00000e+00
 0.00000e+00
 0.00000e+00
 0.00000e+00
 0.00000e+00
 0.00000e+00
 0.00000e+00
 0.00000e+00
 0.00000e+00
 0.00000e+00
 0.00000e+00
 0.00000e+00
 0.00000e+00
 0.00000e+00
 0.00000e+00
 0.00000e+00
 0.00000e+00
 0.00000e+00
 0.00000e+00
 0.00000e+00
 0.00000e+00
 0.00000e+00
 0.00000e+00
 0.00000e+00
 0.00000e+00
 0.00000e+00
 0.00000e+00
 0.00000e+00
 0.00000e+00
 0.00000e+00
 0.00000e+00
 0.00000e+00
 0.00000e+00
 0.00000e+00
 0.00000e+00
 0.00000e+00
 0.00000e+00
 0.00000e+00
 0.00000e+00
 0.00000e+00
 0.00000e+00
 0.00000e+00
 0.00000e+00
 0.00000e+00
 0.00000e+00
 0.00000e+00
 0.00000e+00
 0.00000e+00
 0.00000e+00
 0.00000e+00
 0.00000e+00
 0.00000e+00
 0.00000e+00
 0.00000e+00
 0.00000e+00
 0.00000e+00
 0.00000e+00
 0.00000e+00
 0.00000e+00
 0.00000e+00
 0.00000e+00
 0.00000e+00
 0.00000e+00
 0.00000e+00
 0.00000e+00
 0.00000e+00
 0.00000e+00
 0.00000e+00
 0.00000e+00
 0.00000e+00
 0.00000e+00
 0.00000e+00
 0.00000e+00
 0.00000e+00
 0.00000e+00
 0.00000e+00
 0.00000e+00
 0.00000e+00
 0.00000e+00
 0.00000e+00
 0.00000e+00
 0.00000e+00
 0.00000e+00
 0.00000e+00
 0.00000e+00
 0.00000e+00
 0.00000e+00
 0.00000e+00
 0.00000e+00
 0.00000e+00
 0.00000e+00
 0.00000e+00
 0.00000e+00
 0.00000e+00
 0.00000e+00
 0.00000e+00
 0.00000e+00
 0.00000e+00
 0.00000e+00
 0.00000e+00
 0.00000e+00
 0.00000e+00
 0.00000e+00
 0.00000e+00
 0.00000e+00
 0.00000e+00
 0.00000e+00
 0.00000e+00
 0.00000e+00
 0.00000e+00
 0.00000e+00
 0.00000e+00
 0.00000e+00
 0.00000e+00
 0.00000e+00
 0.00000e+00
 0.00000e+00
 0.00000e+00
 0.00000e+00
 0.00000e+00
 0.00000e+00
 0.00000e+00
 0.00000e+00
 0.00000e+00
 0.00000e+00
 0.00000e+00
 0.00000e+00
 0.00000e+00
 0.00000e+00
 0.00000e+00
 0.00000e+00
 0.00000e+00
 0.00000e+00
 0.00000e+00
 0.00000e+00
 0.00000e+00
 0.00000e+00
 0.00000e+00
 0.00000e+00
 0.00000e+00
 0.00000e+00
 0.00000e+00
 0.00000e+00
 0.00000e+00
 0.00000e+00
 0.00000e+00
 0.00000e+00
 0.00000e+00
 0.00000e+00
 0.00000e+00
 0.00000e+00
 0.00000e+00
 0.00000e+00
 0.00000e+00
 0.00000e+00
 0.00000e+00
 0.00000e+00
 0.00000e+00
 0.00000e+00
 0.00000e+00
 0.00000e+00
 0.00000e+00
 0.00000e+00
 0.00000e+00
 0.00000e+00
 0.00000e+00
 0.00000e+00
 0.00000e+00
 0.00000e+00
 0.00000e+00
 0.00000e+00
 0.00000e+00
 0.00000e+00
 0.00000e+00
 0.00000e+00
 0.00000e+00
 0.00000e+00
 0.00000e+00
 0.00000e+00
 0.00000e+00
 0.00000e+00
 0.00000e+00
 0.00000e+00
 0.00000e+00
 0.00000e+00
 0.00000e+00
 0.00000e+00
 0.00000e+00
 0.00000e+00
 0.00000e+00
 0.00000e+00
 0.00000e+00
 0.00000e+00
 0.00000e+00
 0.00000e+00
 0.00000e+00
 0.00000e+00
 0.00000e+00
 0.00000e+00
 0.00000e+00
 0.00000e+00
 0.00000e+00
 0.00000e+00
 0.00000e+00
 0.00000e+00
 0.00000e+00
 0.00000e+00
 0.00000e+00
 0.00000e+00
 0.00000e+00
 0.00000e+00
 0.00000e+00
 0.00000e+00
 0.00000e+00
 0.00000e+00
 0.00000e+00
 0.00000e+00
 0.00000e+00
 0.00000e+00
 0.00000e+00
 0.00000e+00
 0.00000e+00
 0.00000e+00
 0.00000e+00
 0.00000e+00
 0.00000e+00
 0.00000e+00
 0.00000e+00
 0.00000e+00
 0.00000e+00
 0.00000e+00
 0.00000e+00
 0.00000e+00
 0.00000e+00
 0.00000e+00
 0.00000e+00
 0.00000e+00
 0.00000e+00
 0.00000e+00
 0.00000e+00
 0.00000e+00
 0.00000e+00
 0.00000e+00
 0.00000e+00
 0.00000e+00
 0.00000e+00
 0.00000e+00
 0.00000e+00
 0.00000e+00
 0.00000e+00
 0.00000e+00
 0.00000e+00
 0.00000e+00
 0.00000e+00
 0.00000e+00
 0.00000e+00
 0.00000e+00
 0.00000e+00
 0.00000e+00
 0.00000e+00
 0.00000e+00
 0.00000e+00
 0.00000e+00
 0.00000e+00
 0.00000e+00
 0.00000e+00
 0.00000e+00
 0.00000e+00
 0.00000e+00
 0.00000e+00
 0.00000e+00
 0.00000e+00
 0.00000e+00
 0.00000e+00
 0.00000e+00
 0.00000e+00
 0.00000e+00
 0.00000e+00
 0.00000e+00
 0.00000e+00
 0.00000e+00
 0.00000e+00
 0.00000e+00
 0.00000e+00
 0.00000e+00
 0.00000e+00
 0.00000e+00
 0.00000e+00
 0.00000e+00
 0.00000e+00
 0.00000e+00
 0.00000e+00
 0.00000e+00
 0.00000e+00
 0.00000e+00
 0.00000e+00
 0.00000e+00
 0.00000e+00
 0.00000e+00
 0.00000e+00
 0.00000e+00
 0.00000e+00
 0.00000e+00
 0.00000e+00
 0.00000e+00
 0.00000e+00
 0.00000e+00
 0.00000e+00
 0.00000e+00
 0.00000e+00
 0.00000e+00
 0.00000e+00
 0.00000e+00
 0.00000e+00
 0.00000e+00
 0.00000e+00
 0.00000e+00
 0.00000e+00
 0.00000e+00
 0.00000e+00
 0.00000e+00
 0.00000e+00
 0.00000e+00
 0.00000e+00
 0.00000e+00
 0.00000e+00
 0.00000e+00
 0.00000e+00
 0.00000e+00
 0.00000e+00
 0.00000e+00
 0.00000e+00
 0.00000e+00
 0.00000e+00
 0.00000e+00
 0.00000e+00
 0.00000e+00
 0.00000e+00
 0.00000e+00
 0.00000e+00
 0.00000e+00
 0.00000e+00
 0.00000e+00
 0.00000e+00
 0.00000e+00
 0.00000e+00
 0.00000e+00
 0.00000e+00
 0.00000e+00
 0.00000e+00
 0.00000e+00
 0.00000e+00
 0.00000e+00
 0.00000e+00
 0.00000e+00
 0.00000e+00
 0.00000e+00
 0.00000e+00
 0.00000e+00
 0.00000e+00
 0.00000e+00
 0.00000e+00
 0.00000e+00
 0.00000e+00
 0.00000e+00
 0.00000e+00
 0.00000e+00
 0.00000e+00
 0.00000e+00
 0.00000e+00
 0.00000e+00
 0.00000e+00
 0.00000e+00
 0.00000e+00
 0.00000e+00
 0.00000e+00
 0.00000e+00
