CellMass
part
         1
hexa8
 4.00000e-06
 4.00000e-06
 4.00000e-06
 4.00000e-06
 4.00000e-06
 4.00000e-06
 4.00000e-06
 4.00000e-06
 4.00000e-06
 4.00000e-06
 4.00000e-06
 4.00000e-06
 4.00000e-06
 4.00000e-06
 4.00000e-06
 4.00000e-06
 4.00000e-06
 4.00000e-06
 4.00000e-06
 4.00000e-06
 4.00000e-06
 4.00000e-06
 4.00000e-06
 4.00000e-06
 4.00000e-06
 4.00000e-06
 4.00000e-06
 4.00000e-06
 4.00000e-06
 4.00000e-06
 4.00000e-06
 4.00000e-06
 4.00000e-06
 4.00000e-06
 4.00000e-06
 4.00000e-06
 4.00000e-06
 4.00000e-06
 4.00000e-06
 4.00000e-06
 4.00000e-06
 4.00000e-06
 4.00000e-06
 4.00000e-06
 4.00000e-06
 4.00000e-06
 4.00000e-06
 4.00000e-06
 4.00000e-06
 4.00000e-06
 4.00000e-06
 4.00000e-06
 4.00000e-06
 4.00000e-06
 4.00000e-06
 4.00000e-06
 4.00000e-06
 4.00000e-06
 4.00000e-06
 4.00000e-06
 4.00000e-06
 4.00000e-06
 4.00000e-06
 4.00000e-06
 4.00000e-06
 4.00000e-06
 4.00000e-06
 4.00000e-06
 4.00000e-06
 4.00000e-06
 4.00000e-06
 4.00000e-06
 4.00000e-06
 4.00000e-06
 4.00000e-06
 4.00000e-06
 4.00000e-06
 4.00000e-06
 4.00000e-06
 4.00000e-06
 4.00000e-06
 4.00000e-06
 4.00000e-06
 4.00000e-06
 4.00000e-06
 4.00000e-06
 4.00000e-06
 4.00000e-06
 4.00000e-06
 4.00000e-06
 3.99999e-06
 3.99999e-06
 3.99999e-06
 3.99999e-06
 3.99999e-06
 3.99994e-06
 3.99994e-06
 3.99994e-06
 3.99994e-06
 3.99994e-06
 3.99974e-06
 3.99974e-06
 3.99974e-06
 3.99974e-06
 3.99974e-06
 3.99894e-06
 3.99894e-06
 3.99894e-06
 3.99894e-06
 3.99894e-06
 3.99619e-06
 3.99619e-06
 3.99619e-06
 3.99619e-06
 3.99619e-06
 3.98815e-06
 3.98815e-06
 3.98815e-06
 3.98815e-06
 3.98815e-06
 3.96850e-06
 3.96850e-06
 3.96850e-06
 3.96850e-06
 3.96850e-06
 3.92926e-06
 3.92926e-06
 3.92926e-06
 3.92926e-06
 3.92926e-06
 3.86542e-06
 3.86542e-06
 3.86542e-06
 3.86542e-06
 3.86542e-06
 3.77908e-06
 3.77908e-06
 3.77908e-06
 3.77908e-06
 3.77908e-06
 3.67737e-06
 3.67737e-06
 3.67737e-06
 3.67737e-06
 3.67737e-06
 3.56728e-06
 3.56728e-06
 3.56728e-06
 3.56728e-06
 3.56728e-06
 3.45340e-06
 3.45340e-06
 3.45340e-06
 3.45340e-06
 3.45340e-06
 3.33836e-06
 3.33836e-06
 3.33836e-06
 3.33836e-06
 3.33836e-06
 3.22380e-06
 3.22380e-06
 3.22380e-06
 3.22380e-06
 3.22380e-06
 3.11066e-06
 3.11066e-06
 3.11066e-06
 3.11066e-06
 3.11066e-06
 2.99929e-06
 2.99929e-06
 2.99929e-06
 2.99929e-06
 2.99929e-06
 2.88972e-06
 2.88972e-06
 2.88972e-06
 2.88972e-06
 2.88972e-06
 2.78179e-06
 2.78179e-06
 2.78179e-06
 2.78179e-06
 2.78179e-06
 2.67605e-06
 2.67605e-06
 2.67605e-06
 2.67605e-06
 2.67605e-06
 2.57665e-06
 2.57665e-06
 2.57665e-06
 2.57665e-06
 2.57665e-06
 2.48235e-06
 2.48235e-06
 2.48235e-06
 2.48235e-06
 2.48235e-06
 2.39078e-06
 2.39078e-06
 2.39078e-06
 2.39078e-06
 2.39078e-06
 2.30370e-06
 2.30370e-06
 2.30370e-06
 2.30370e-06
 2.30370e-06
 2.22281e-06
 2.22281e-06
 2.22281e-06
 2.22281e-06
 2.22281e-06
 2.14175e-06
 2.14175e-06
 2.14175e-06
 2.14175e-06
 2.14175e-06
 2.06441e-06
 2.06441e-06
 2.06441e-06
 2.06441e-06
 2.06441e-06
 1.99302e-06
 1.99302e-06
 1.99302e-06
 1.99302e-06
 1.99302e-06
 1.92448e-06
 1.92448e-06
 1.92448e-06
 1.92448e-06
 1.92448e-06
 1.86230e-06
 1.86230e-06
 1.86230e-06
 1.86230e-06
 1.86230e-06
 1.79794e-06
 1.79794e-06
 1.79794e-06
 1.79794e-06
 1.79794e-06
 1.75147e-06
 1.75147e-06
 1.75147e-06
 1.75147e-06
 1.75147e-06
 1.73475e-06
 1.73475e-06
 1.73475e-06
 1.73475e-06
 1.73475e-06
 1.72088e-06
 1.72088e-06
 1.72088e-06
 1.72088e-06
 1.72088e-06
 1.69987e-06
 1.69987e-06
 1.69987e-06
 1.69987e-06
 1.69987e-06
 1.69284e-06
 1.69284e-06
 1.69284e-06
 1.69284e-06
 1.69284e-06
 1.69312e-06
 1.69312e-06
 1.69312e-06
 1.69312e-06
 1.69312e-06
 1.69532e-06
 1.69532e-06
 1.69532e-06
 1.69532e-06
 1.69532e-06
 1.70106e-06
 1.70106e-06
 1.70106e-06
 1.70106e-06
 1.70106e-06
 1.70404e-06
 1.70404e-06
 1.70404e-06
 1.70404e-06
 1.70404e-06
 1.70340e-06
 1.70340e-06
 1.70340e-06
 1.70340e-06
 1.70340e-06
 1.69958e-06
 1.69958e-06
 1.69958e-06
 1.69958e-06
 1.69958e-06
 1.69678e-06
 1.69678e-06
 1.69678e-06
 1.69678e-06
 1.69678e-06
 1.69766e-06
 1.69766e-06
 1.69766e-06
 1.69766e-06
 1.69766e-06
 1.69955e-06
 1.69955e-06
 1.69955e-06
 1.69955e-06
 1.69955e-06
 1.70150e-06
 1.70150e-06
 1.70150e-06
 1.70150e-06
 1.70150e-06
 1.69846e-06
 1.69846e-06
 1.69846e-06
 1.69846e-06
 1.69846e-06
 1.67921e-06
 1.67921e-06
 1.67921e-06
 1.67921e-06
 1.67921e-06
 1.62479e-06
 1.62479e-06
 1.62479e-06
 1.62479e-06
 1.62479e-06
 1.50848e-06
 1.50848e-06
 1.50848e-06
 1.50848e-06
 1.50848e-06
 1.29935e-06
 1.29935e-06
 1.29935e-06
 1.29935e-06
 1.29935e-06
 1.13404e-06
 1.13404e-06
 1.13404e-06
 1.13404e-06
 1.13404e-06
 1.07411e-06
 1.07411e-06
 1.07411e-06
 1.07411e-06
 1.07411e-06
 1.05395e-06
 1.05395e-06
 1.05395e-06
 1.05395e-06
 1.05395e-06
 1.04937e-06
 1.04937e-06
 1.04937e-06
 1.04937e-06
 1.04937e-06
 1.05044e-06
 1.05044e-06
 1.05044e-06
 1.05044e-06
 1.05044e-06
 1.05316e-06
 1.05316e-06
 1.05316e-06
 1.05316e-06
 1.05316e-06
 1.05567e-06
 1.05567e-06
 1.05567e-06
 1.05567e-06
 1.05567e-06
 1.05747e-06
 1.05747e-06
 1.05747e-06
 1.05747e-06
 1.05747e-06
 1.05852e-06
 1.05852e-06
 1.05852e-06
 1.05852e-06
 1.05852e-06
 1.05856e-06
 1.05856e-06
 1.05856e-06
 1.05856e-06
 1.05856e-06
 1.05667e-06
 1.05667e-06
 1.05667e-06
 1.05667e-06
 1.05667e-06
 1.04938e-06
 1.04938e-06
 1.04938e-06
 1.04938e-06
 1.04938e-06
 1.03241e-06
 1.03241e-06
 1.03241e-06
 1.03241e-06
 1.03241e-06
 1.00011e-06
 1.00011e-06
 1.00011e-06
 1.00011e-06
 1.00011e-06
 9.42279e-07
 9.42279e-07
 9.42279e-07
 9.42279e-07
 9.42279e-07
 8.52211e-07
 8.52211e-07
 8.52211e-07
 8.52211e-07
 8.52211e-07
 7.44500e-07
 7.44500e-07
 7.44500e-07
 7.44500e-07
 7.44500e-07
 6.47989e-07
 6.47989e-07
 6.47989e-07
 6.47989e-07
 6.47989e-07
 5.76539e-07
 5.76539e-07
 5.76539e-07
 5.76539e-07
 5.76539e-07
 5.32301e-07
 5.32301e-07
 5.32301e-07
 5.32301e-07
 5.32301e-07
 5.10868e-07
 5.10868e-07
 5.10868e-07
 5.10868e-07
 5.10868e-07
 5.03086e-07
 5.03086e-07
 5.03086e-07
 5.03086e-07
 5.03086e-07
 5.00807e-07
 5.00807e-07
 5.00807e-07
 5.00807e-07
 5.00807e-07
 5.00204e-07
 5.00204e-07
 5.00204e-07
 5.00204e-07
 5.00204e-07
 5.00051e-07
 5.00051e-07
 5.00051e-07
 5.00051e-07
 5.00051e-07
 5.00012e-07
 5.00012e-07
 5.00012e-07
 5.00012e-07
 5.00012e-07
 5.00003e-07
 5.00003e-07
 5.00003e-07
 5.00003e-07
 5.00003e-07
 5.00001e-07
 5.00001e-07
 5.00001e-07
 5.00001e-07
 5.00001e-07
 5.00000e-07
 5.00000e-07
 5.00000e-07
 5.00000e-07
 5.00000e-07
 5.00000e-07
 5.00000e-07
 5.00000e-07
 5.00000e-07
 5.00000e-07
 5.00000e-07
 5.00000e-07
 5.00000e-07
 5.00000e-07
 5.00000e-07
 4.00000e-06
 4.00000e-06
 4.00000e-06
 4.00000e-06
 4.00000e-06
 4.00000e-06
 4.00000e-06
 4.00000e-06
 4.00000e-06
 4.00000e-06
 4.00000e-06
 4.00000e-06
 4.00000e-06
 4.00000e-06
 4.00000e-06
 4.00000e-06
 4.00000e-06
 4.00000e-06
 4.00000e-06
 4.00000e-06
 4.00000e-06
 4.00000e-06
 4.00000e-06
 4.00000e-06
 4.00000e-06
 4.00000e-06
 4.00000e-06
 4.00000e-06
 4.00000e-06
 4.00000e-06
 4.00000e-06
 4.00000e-06
 4.00000e-06
 4.00000e-06
 4.00000e-06
 4.00000e-06
 4.00000e-06
 4.00000e-06
 4.00000e-06
 4.00000e-06
 4.00000e-06
 4.00000e-06
 4.00000e-06
 4.00000e-06
 4.00000e-06
 4.00000e-06
 4.00000e-06
 4.00000e-06
 4.00000e-06
 4.00000e-06
 4.00000e-06
 4.00000e-06
 4.00000e-06
 4.00000e-06
 4.00000e-06
 4.00000e-06
 4.00000e-06
 4.00000e-06
 4.00000e-06
 4.00000e-06
 4.00000e-06
 4.00000e-06
 4.00000e-06
 4.00000e-06
 4.00000e-06
 4.00000e-06
 4.00000e-06
 4.00000e-06
 4.00000e-06
 4.00000e-06
 4.00000e-06
 4.00000e-06
 4.00000e-06
 4.00000e-06
 4.00000e-06
 4.00000e-06
 4.00000e-06
 4.00000e-06
 4.00000e-06
 4.00000e-06
 4.00000e-06
 4.00000e-06
 4.00000e-06
 4.00000e-06
 4.00000e-06
 4.00000e-06
 4.00000e-06
 4.00000e-06
 4.00000e-06
 4.00000e-06
 3.99999e-06
 3.99999e-06
 3.99999e-06
 3.99999e-06
 3.99999e-06
 3.99994e-06
 3.99994e-06
 3.99994e-06
 3.99994e-06
 3.99994e-06
 3.99974e-06
 3.99974e-06
 3.99974e-06
 3.99974e-06
 3.99974e-06
 3.99894e-06
 3.99894e-06
 3.99894e-06
 3.99894e-06
 3.99894e-06
 3.99619e-06
 3.99619e-06
 3.99619e-06
 3.99619e-06
 3.99619e-06
 3.98815e-06
 3.98815e-06
 3.98815e-06
 3.98815e-06
 3.98815e-06
 3.96850e-06
 3.96850e-06
 3.96850e-06
 3.96850e-06
 3.96850e-06
 3.92926e-06
 3.92926e-06
 3.92926e-06
 3.92926e-06
 3.92926e-06
 3.86542e-06
 3.86542e-06
 3.86542e-06
 3.86542e-06
 3.86542e-06
 3.77908e-06
 3.77908e-06
 3.77908e-06
 3.77908e-06
 3.77908e-06
 3.67737e-06
 3.67737e-06
 3.67737e-06
 3.67737e-06
 3.67737e-06
 3.56728e-06
 3.56728e-06
 3.56728e-06
 3.56728e-06
 3.56728e-06
 3.45340e-06
 3.45340e-06
 3.45340e-06
 3.45340e-06
 3.45340e-06
 3.33836e-06
 3.33836e-06
 3.33836e-06
 3.33836e-06
 3.33836e-06
 3.22380e-06
 3.22380e-06
 3.22380e-06
 3.22380e-06
 3.22380e-06
 3.11066e-06
 3.11066e-06
 3.11066e-06
 3.11066e-06
 3.11066e-06
 2.99929e-06
 2.99929e-06
 2.99929e-06
 2.99929e-06
 2.99929e-06
 2.88972e-06
 2.88972e-06
 2.88972e-06
 2.88972e-06
 2.88972e-06
 2.78179e-06
 2.78179e-06
 2.78179e-06
 2.78179e-06
 2.78179e-06
 2.67605e-06
 2.67605e-06
 2.67605e-06
 2.67605e-06
 2.67605e-06
 2.57665e-06
 2.57665e-06
 2.57665e-06
 2.57665e-06
 2.57665e-06
 2.48235e-06
 2.48235e-06
 2.48235e-06
 2.48235e-06
 2.48235e-06
 2.39078e-06
 2.39078e-06
 2.39078e-06
 2.39078e-06
 2.39078e-06
 2.30370e-06
 2.30370e-06
 2.30370e-06
 2.30370e-06
 2.30370e-06
 2.22281e-06
 2.22281e-06
 2.22281e-06
 2.22281e-06
 2.22281e-06
 2.14175e-06
 2.14175e-06
 2.14175e-06
 2.14175e-06
 2.14175e-06
 2.06441e-06
 2.06441e-06
 2.06441e-06
 2.06441e-06
 2.06441e-06
 1.99302e-06
 1.99302e-06
 1.99302e-06
 1.99302e-06
 1.99302e-06
 1.92448e-06
 1.92448e-06
 1.92448e-06
 1.92448e-06
 1.92448e-06
 1.86230e-06
 1.86230e-06
 1.86230e-06
 1.86230e-06
 1.86230e-06
 1.79794e-06
 1.79794e-06
 1.79794e-06
 1.79794e-06
 1.79794e-06
 1.75147e-06
 1.75147e-06
 1.75147e-06
 1.75147e-06
 1.75147e-06
 1.73475e-06
 1.73475e-06
 1.73475e-06
 1.73475e-06
 1.73475e-06
 1.72088e-06
 1.72088e-06
 1.72088e-06
 1.72088e-06
 1.72088e-06
 1.69987e-06
 1.69987e-06
 1.69987e-06
 1.69987e-06
 1.69987e-06
 1.69284e-06
 1.69284e-06
 1.69284e-06
 1.69284e-06
 1.69284e-06
 1.69312e-06
 1.69312e-06
 1.69312e-06
 1.69312e-06
 1.69312e-06
 1.69532e-06
 1.69532e-06
 1.69532e-06
 1.69532e-06
 1.69532e-06
 1.70106e-06
 1.70106e-06
 1.70106e-06
 1.70106e-06
 1.70106e-06
 1.70404e-06
 1.70404e-06
 1.70404e-06
 1.70404e-06
 1.70404e-06
 1.70340e-06
 1.70340e-06
 1.70340e-06
 1.70340e-06
 1.70340e-06
 1.69958e-06
 1.69958e-06
 1.69958e-06
 1.69958e-06
 1.69958e-06
 1.69678e-06
 1.69678e-06
 1.69678e-06
 1.69678e-06
 1.69678e-06
 1.69766e-06
 1.69766e-06
 1.69766e-06
 1.69766e-06
 1.69766e-06
 1.69955e-06
 1.69955e-06
 1.69955e-06
 1.69955e-06
 1.69955e-06
 1.70150e-06
 1.70150e-06
 1.70150e-06
 1.70150e-06
 1.70150e-06
 1.69846e-06
 1.69846e-06
 1.69846e-06
 1.69846e-06
 1.69846e-06
 1.67921e-06
 1.67921e-06
 1.67921e-06
 1.67921e-06
 1.67921e-06
 1.62479e-06
 1.62479e-06
 1.62479e-06
 1.62479e-06
 1.62479e-06
 1.50848e-06
 1.50848e-06
 1.50848e-06
 1.50848e-06
 1.50848e-06
 1.29935e-06
 1.29935e-06
 1.29935e-06
 1.29935e-06
 1.29935e-06
 1.13404e-06
 1.13404e-06
 1.13404e-06
 1.13404e-06
 1.13404e-06
 1.07411e-06
 1.07411e-06
 1.07411e-06
 1.07411e-06
 1.07411e-06
 1.05395e-06
 1.05395e-06
 1.05395e-06
 1.05395e-06
 1.05395e-06
 1.04937e-06
 1.04937e-06
 1.04937e-06
 1.04937e-06
 1.04937e-06
 1.05044e-06
 1.05044e-06
 1.05044e-06
 1.05044e-06
 1.05044e-06
 1.05316e-06
 1.05316e-06
 1.05316e-06
 1.05316e-06
 1.05316e-06
 1.05567e-06
 1.05567e-06
 1.05567e-06
 1.05567e-06
 1.05567e-06
 1.05747e-06
 1.05747e-06
 1.05747e-06
 1.05747e-06
 1.05747e-06
 1.05852e-06
 1.05852e-06
 1.05852e-06
 1.05852e-06
 1.05852e-06
 1.05856e-06
 1.05856e-06
 1.05856e-06
 1.05856e-06
 1.05856e-06
 1.05667e-06
 1.05667e-06
 1.05667e-06
 1.05667e-06
 1.05667e-06
 1.04938e-06
 1.04938e-06
 1.04938e-06
 1.04938e-06
 1.04938e-06
 1.03241e-06
 1.03241e-06
 1.03241e-06
 1.03241e-06
 1.03241e-06
 1.00011e-06
 1.00011e-06
 1.00011e-06
 1.00011e-06
 1.00011e-06
 9.42279e-07
 9.42279e-07
 9.42279e-07
 9.42279e-07
 9.42279e-07
 8.52211e-07
 8.52211e-07
 8.52211e-07
 8.52211e-07
 8.52211e-07
 7.44500e-07
 7.44500e-07
 7.44500e-07
 7.44500e-07
 7.44500e-07
 6.47989e-07
 6.47989e-07
 6.47989e-07
 6.47989e-07
 6.47989e-07
 5.76539e-07
 5.76539e-07
 5.76539e-07
 5.76539e-07
 5.76539e-07
 5.32301e-07
 5.32301e-07
 5.32301e-07
 5.32301e-07
 5.32301e-07
 5.10868e-07
 5.10868e-07
 5.10868e-07
 5.10868e-07
 5.10868e-07
 5.03086e-07
 5.03086e-07
 5.03086e-07
 5.03086e-07
 5.03086e-07
 5.00807e-07
 5.00807e-07
 5.00807e-07
 5.00807e-07
 5.00807e-07
 5.00204e-07
 5.00204e-07
 5.00204e-07
 5.00204e-07
 5.00204e-07
 5.00051e-07
 5.00051e-07
 5.00051e-07
 5.00051e-07
 5.00051e-07
 5.00012e-07
 5.00012e-07
 5.00012e-07
 5.00012e-07
 5.00012e-07
 5.00003e-07
 5.00003e-07
 5.00003e-07
 5.00003e-07
 5.00003e-07
 5.00001e-07
 5.00001e-07
 5.00001e-07
 5.00001e-07
 5.00001e-07
 5.00000e-07
 5.00000e-07
 5.00000e-07
 5.00000e-07
 5.00000e-07
 5.00000e-07
 5.00000e-07
 5.00000e-07
 5.00000e-07
 5.00000e-07
 5.00000e-07
 5.00000e-07
 5.00000e-07
 5.00000e-07
 5.00000e-07
 4.00000e-06
 4.00000e-06
 4.00000e-06
 4.00000e-06
 4.00000e-06
 4.00000e-06
 4.00000e-06
 4.00000e-06
 4.00000e-06
 4.00000e-06
 4.00000e-06
 4.00000e-06
 4.00000e-06
 4.00000e-06
 4.00000e-06
 4.00000e-06
 4.00000e-06
 4.00000e-06
 4.00000e-06
 4.00000e-06
 4.00000e-06
 4.00000e-06
 4.00000e-06
 4.00000e-06
 4.00000e-06
 4.00000e-06
 4.00000e-06
 4.00000e-06
 4.00000e-06
 4.00000e-06
 4.00000e-06
 4.00000e-06
 4.00000e-06
 4.00000e-06
 4.00000e-06
 4.00000e-06
 4.00000e-06
 4.00000e-06
 4.00000e-06
 4.00000e-06
 4.00000e-06
 4.00000e-06
 4.00000e-06
 4.00000e-06
 4.00000e-06
 4.00000e-06
 4.00000e-06
 4.00000e-06
 4.00000e-06
 4.00000e-06
 4.00000e-06
 4.00000e-06
 4.00000e-06
 4.00000e-06
 4.00000e-06
 4.00000e-06
 4.00000e-06
 4.00000e-06
 4.00000e-06
 4.00000e-06
 4.00000e-06
 4.00000e-06
 4.00000e-06
 4.00000e-06
 4.00000e-06
 4.00000e-06
 4.00000e-06
 4.00000e-06
 4.00000e-06
 4.00000e-06
 4.00000e-06
 4.00000e-06
 4.00000e-06
 4.00000e-06
 4.00000e-06
 4.00000e-06
 4.00000e-06
 4.00000e-06
 4.00000e-06
 4.00000e-06
 4.00000e-06
 4.00000e-06
 4.00000e-06
 4.00000e-06
 4.00000e-06
 4.00000e-06
 4.00000e-06
 4.00000e-06
 4.00000e-06
 4.00000e-06
 3.99999e-06
 3.99999e-06
 3.99999e-06
 3.99999e-06
 3.99999e-06
 3.99994e-06
 3.99994e-06
 3.99994e-06
 3.99994e-06
 3.99994e-06
 3.99974e-06
 3.99974e-06
 3.99974e-06
 3.99974e-06
 3.99974e-06
 3.99894e-06
 3.99894e-06
 3.99894e-06
 3.99894e-06
 3.99894e-06
 3.99619e-06
 3.99619e-06
 3.99619e-06
 3.99619e-06
 3.99619e-06
 3.98815e-06
 3.98815e-06
 3.98815e-06
 3.98815e-06
 3.98815e-06
 3.96850e-06
 3.96850e-06
 3.96850e-06
 3.96850e-06
 3.96850e-06
 3.92926e-06
 3.92926e-06
 3.92926e-06
 3.92926e-06
 3.92926e-06
 3.86542e-06
 3.86542e-06
 3.86542e-06
 3.86542e-06
 3.86542e-06
 3.77908e-06
 3.77908e-06
 3.77908e-06
 3.77908e-06
 3.77908e-06
 3.67737e-06
 3.67737e-06
 3.67737e-06
 3.67737e-06
 3.67737e-06
 3.56728e-06
 3.56728e-06
 3.56728e-06
 3.56728e-06
 3.56728e-06
 3.45340e-06
 3.45340e-06
 3.45340e-06
 3.45340e-06
 3.45340e-06
 3.33836e-06
 3.33836e-06
 3.33836e-06
 3.33836e-06
 3.33836e-06
 3.22380e-06
 3.22380e-06
 3.22380e-06
 3.22380e-06
 3.22380e-06
 3.11066e-06
 3.11066e-06
 3.11066e-06
 3.11066e-06
 3.11066e-06
 2.99929e-06
 2.99929e-06
 2.99929e-06
 2.99929e-06
 2.99929e-06
 2.88972e-06
 2.88972e-06
 2.88972e-06
 2.88972e-06
 2.88972e-06
 2.78179e-06
 2.78179e-06
 2.78179e-06
 2.78179e-06
 2.78179e-06
 2.67605e-06
 2.67605e-06
 2.67605e-06
 2.67605e-06
 2.67605e-06
 2.57665e-06
 2.57665e-06
 2.57665e-06
 2.57665e-06
 2.57665e-06
 2.48235e-06
 2.48235e-06
 2.48235e-06
 2.48235e-06
 2.48235e-06
 2.39078e-06
 2.39078e-06
 2.39078e-06
 2.39078e-06
 2.39078e-06
 2.30370e-06
 2.30370e-06
 2.30370e-06
 2.30370e-06
 2.30370e-06
 2.22281e-06
 2.22281e-06
 2.22281e-06
 2.22281e-06
 2.22281e-06
 2.14175e-06
 2.14175e-06
 2.14175e-06
 2.14175e-06
 2.14175e-06
 2.06441e-06
 2.06441e-06
 2.06441e-06
 2.06441e-06
 2.06441e-06
 1.99302e-06
 1.99302e-06
 1.99302e-06
 1.99302e-06
 1.99302e-06
 1.92448e-06
 1.92448e-06
 1.92448e-06
 1.92448e-06
 1.92448e-06
 1.86230e-06
 1.86230e-06
 1.86230e-06
 1.86230e-06
 1.86230e-06
 1.79794e-06
 1.79794e-06
 1.79794e-06
 1.79794e-06
 1.79794e-06
 1.75147e-06
 1.75147e-06
 1.75147e-06
 1.75147e-06
 1.75147e-06
 1.73475e-06
 1.73475e-06
 1.73475e-06
 1.73475e-06
 1.73475e-06
 1.72088e-06
 1.72088e-06
 1.72088e-06
 1.72088e-06
 1.72088e-06
 1.69987e-06
 1.69987e-06
 1.69987e-06
 1.69987e-06
 1.69987e-06
 1.69284e-06
 1.69284e-06
 1.69284e-06
 1.69284e-06
 1.69284e-06
 1.69312e-06
 1.69312e-06
 1.69312e-06
 1.69312e-06
 1.69312e-06
 1.69532e-06
 1.69532e-06
 1.69532e-06
 1.69532e-06
 1.69532e-06
 1.70106e-06
 1.70106e-06
 1.70106e-06
 1.70106e-06
 1.70106e-06
 1.70404e-06
 1.70404e-06
 1.70404e-06
 1.70404e-06
 1.70404e-06
 1.70340e-06
 1.70340e-06
 1.70340e-06
 1.70340e-06
 1.70340e-06
 1.69958e-06
 1.69958e-06
 1.69958e-06
 1.69958e-06
 1.69958e-06
 1.69678e-06
 1.69678e-06
 1.69678e-06
 1.69678e-06
 1.69678e-06
 1.69766e-06
 1.69766e-06
 1.69766e-06
 1.69766e-06
 1.69766e-06
 1.69955e-06
 1.69955e-06
 1.69955e-06
 1.69955e-06
 1.69955e-06
 1.70150e-06
 1.70150e-06
 1.70150e-06
 1.70150e-06
 1.70150e-06
 1.69846e-06
 1.69846e-06
 1.69846e-06
 1.69846e-06
 1.69846e-06
 1.67921e-06
 1.67921e-06
 1.67921e-06
 1.67921e-06
 1.67921e-06
 1.62479e-06
 1.62479e-06
 1.62479e-06
 1.62479e-06
 1.62479e-06
 1.50848e-06
 1.50848e-06
 1.50848e-06
 1.50848e-06
 1.50848e-06
 1.29935e-06
 1.29935e-06
 1.29935e-06
 1.29935e-06
 1.29935e-06
 1.13404e-06
 1.13404e-06
 1.13404e-06
 1.13404e-06
 1.13404e-06
 1.07411e-06
 1.07411e-06
 1.07411e-06
 1.07411e-06
 1.07411e-06
 1.05395e-06
 1.05395e-06
 1.05395e-06
 1.05395e-06
 1.05395e-06
 1.04937e-06
 1.04937e-06
 1.04937e-06
 1.04937e-06
 1.04937e-06
 1.05044e-06
 1.05044e-06
 1.05044e-06
 1.05044e-06
 1.05044e-06
 1.05316e-06
 1.05316e-06
 1.05316e-06
 1.05316e-06
 1.05316e-06
 1.05567e-06
 1.05567e-06
 1.05567e-06
 1.05567e-06
 1.05567e-06
 1.05747e-06
 1.05747e-06
 1.05747e-06
 1.05747e-06
 1.05747e-06
 1.05852e-06
 1.05852e-06
 1.05852e-06
 1.05852e-06
 1.05852e-06
 1.05856e-06
 1.05856e-06
 1.05856e-06
 1.05856e-06
 1.05856e-06
 1.05667e-06
 1.05667e-06
 1.05667e-06
 1.05667e-06
 1.05667e-06
 1.04938e-06
 1.04938e-06
 1.04938e-06
 1.04938e-06
 1.04938e-06
 1.03241e-06
 1.03241e-06
 1.03241e-06
 1.03241e-06
 1.03241e-06
 1.00011e-06
 1.00011e-06
 1.00011e-06
 1.00011e-06
 1.00011e-06
 9.42279e-07
 9.42279e-07
 9.42279e-07
 9.42279e-07
 9.42279e-07
 8.52211e-07
 8.52211e-07
 8.52211e-07
 8.52211e-07
 8.52211e-07
 7.44500e-07
 7.44500e-07
 7.44500e-07
 7.44500e-07
 7.44500e-07
 6.47989e-07
 6.47989e-07
 6.47989e-07
 6.47989e-07
 6.47989e-07
 5.76539e-07
 5.76539e-07
 5.76539e-07
 5.76539e-07
 5.76539e-07
 5.32301e-07
 5.32301e-07
 5.32301e-07
 5.32301e-07
 5.32301e-07
 5.10868e-07
 5.10868e-07
 5.10868e-07
 5.10868e-07
 5.10868e-07
 5.03086e-07
 5.03086e-07
 5.03086e-07
 5.03086e-07
 5.03086e-07
 5.00807e-07
 5.00807e-07
 5.00807e-07
 5.00807e-07
 5.00807e-07
 5.00204e-07
 5.00204e-07
 5.00204e-07
 5.00204e-07
 5.00204e-07
 5.00051e-07
 5.00051e-07
 5.00051e-07
 5.00051e-07
 5.00051e-07
 5.00012e-07
 5.00012e-07
 5.00012e-07
 5.00012e-07
 5.00012e-07
 5.00003e-07
 5.00003e-07
 5.00003e-07
 5.00003e-07
 5.00003e-07
 5.00001e-07
 5.00001e-07
 5.00001e-07
 5.00001e-07
 5.00001e-07
 5.00000e-07
 5.00000e-07
 5.00000e-07
 5.00000e-07
 5.00000e-07
 5.00000e-07
 5.00000e-07
 5.00000e-07
 5.00000e-07
 5.00000e-07
 5.00000e-07
 5.00000e-07
 5.00000e-07
 5.00000e-07
 5.00000e-07
 4.00000e-06
 4.00000e-06
 4.00000e-06
 4.00000e-06
 4.00000e-06
 4.00000e-06
 4.00000e-06
 4.00000e-06
 4.00000e-06
 4.00000e-06
 4.00000e-06
 4.00000e-06
 4.00000e-06
 4.00000e-06
 4.00000e-06
 4.00000e-06
 4.00000e-06
 4.00000e-06
 4.00000e-06
 4.00000e-06
 4.00000e-06
 4.00000e-06
 4.00000e-06
 4.00000e-06
 4.00000e-06
 4.00000e-06
 4.00000e-06
 4.00000e-06
 4.00000e-06
 4.00000e-06
 4.00000e-06
 4.00000e-06
 4.00000e-06
 4.00000e-06
 4.00000e-06
 4.00000e-06
 4.00000e-06
 4.00000e-06
 4.00000e-06
 4.00000e-06
 4.00000e-06
 4.00000e-06
 4.00000e-06
 4.00000e-06
 4.00000e-06
 4.00000e-06
 4.00000e-06
 4.00000e-06
 4.00000e-06
 4.00000e-06
 4.00000e-06
 4.00000e-06
 4.00000e-06
 4.00000e-06
 4.00000e-06
 4.00000e-06
 4.00000e-06
 4.00000e-06
 4.00000e-06
 4.00000e-06
 4.00000e-06
 4.00000e-06
 4.00000e-06
 4.00000e-06
 4.00000e-06
 4.00000e-06
 4.00000e-06
 4.00000e-06
 4.00000e-06
 4.00000e-06
 4.00000e-06
 4.00000e-06
 4.00000e-06
 4.00000e-06
 4.00000e-06
 4.00000e-06
 4.00000e-06
 4.00000e-06
 4.00000e-06
 4.00000e-06
 4.00000e-06
 4.00000e-06
 4.00000e-06
 4.00000e-06
 4.00000e-06
 4.00000e-06
 4.00000e-06
 4.00000e-06
 4.00000e-06
 4.00000e-06
 3.99999e-06
 3.99999e-06
 3.99999e-06
 3.99999e-06
 3.99999e-06
 3.99994e-06
 3.99994e-06
 3.99994e-06
 3.99994e-06
 3.99994e-06
 3.99974e-06
 3.99974e-06
 3.99974e-06
 3.99974e-06
 3.99974e-06
 3.99894e-06
 3.99894e-06
 3.99894e-06
 3.99894e-06
 3.99894e-06
 3.99619e-06
 3.99619e-06
 3.99619e-06
 3.99619e-06
 3.99619e-06
 3.98815e-06
 3.98815e-06
 3.98815e-06
 3.98815e-06
 3.98815e-06
 3.96850e-06
 3.96850e-06
 3.96850e-06
 3.96850e-06
 3.96850e-06
 3.92926e-06
 3.92926e-06
 3.92926e-06
 3.92926e-06
 3.92926e-06
 3.86542e-06
 3.86542e-06
 3.86542e-06
 3.86542e-06
 3.86542e-06
 3.77908e-06
 3.77908e-06
 3.77908e-06
 3.77908e-06
 3.77908e-06
 3.67737e-06
 3.67737e-06
 3.67737e-06
 3.67737e-06
 3.67737e-06
 3.56728e-06
 3.56728e-06
 3.56728e-06
 3.56728e-06
 3.56728e-06
 3.45340e-06
 3.45340e-06
 3.45340e-06
 3.45340e-06
 3.45340e-06
 3.33836e-06
 3.33836e-06
 3.33836e-06
 3.33836e-06
 3.33836e-06
 3.22380e-06
 3.22380e-06
 3.22380e-06
 3.22380e-06
 3.22380e-06
 3.11066e-06
 3.11066e-06
 3.11066e-06
 3.11066e-06
 3.11066e-06
 2.99929e-06
 2.99929e-06
 2.99929e-06
 2.99929e-06
 2.99929e-06
 2.88972e-06
 2.88972e-06
 2.88972e-06
 2.88972e-06
 2.88972e-06
 2.78179e-06
 2.78179e-06
 2.78179e-06
 2.78179e-06
 2.78179e-06
 2.67605e-06
 2.67605e-06
 2.67605e-06
 2.67605e-06
 2.67605e-06
 2.57665e-06
 2.57665e-06
 2.57665e-06
 2.57665e-06
 2.57665e-06
 2.48235e-06
 2.48235e-06
 2.48235e-06
 2.48235e-06
 2.48235e-06
 2.39078e-06
 2.39078e-06
 2.39078e-06
 2.39078e-06
 2.39078e-06
 2.30370e-06
 2.30370e-06
 2.30370e-06
 2.30370e-06
 2.30370e-06
 2.22281e-06
 2.22281e-06
 2.22281e-06
 2.22281e-06
 2.22281e-06
 2.14175e-06
 2.14175e-06
 2.14175e-06
 2.14175e-06
 2.14175e-06
 2.06441e-06
 2.06441e-06
 2.06441e-06
 2.06441e-06
 2.06441e-06
 1.99302e-06
 1.99302e-06
 1.99302e-06
 1.99302e-06
 1.99302e-06
 1.92448e-06
 1.92448e-06
 1.92448e-06
 1.92448e-06
 1.92448e-06
 1.86230e-06
 1.86230e-06
 1.86230e-06
 1.86230e-06
 1.86230e-06
 1.79794e-06
 1.79794e-06
 1.79794e-06
 1.79794e-06
 1.79794e-06
 1.75147e-06
 1.75147e-06
 1.75147e-06
 1.75147e-06
 1.75147e-06
 1.73475e-06
 1.73475e-06
 1.73475e-06
 1.73475e-06
 1.73475e-06
 1.72088e-06
 1.72088e-06
 1.72088e-06
 1.72088e-06
 1.72088e-06
 1.69987e-06
 1.69987e-06
 1.69987e-06
 1.69987e-06
 1.69987e-06
 1.69284e-06
 1.69284e-06
 1.69284e-06
 1.69284e-06
 1.69284e-06
 1.69312e-06
 1.69312e-06
 1.69312e-06
 1.69312e-06
 1.69312e-06
 1.69532e-06
 1.69532e-06
 1.69532e-06
 1.69532e-06
 1.69532e-06
 1.70106e-06
 1.70106e-06
 1.70106e-06
 1.70106e-06
 1.70106e-06
 1.70404e-06
 1.70404e-06
 1.70404e-06
 1.70404e-06
 1.70404e-06
 1.70340e-06
 1.70340e-06
 1.70340e-06
 1.70340e-06
 1.70340e-06
 1.69958e-06
 1.69958e-06
 1.69958e-06
 1.69958e-06
 1.69958e-06
 1.69678e-06
 1.69678e-06
 1.69678e-06
 1.69678e-06
 1.69678e-06
 1.69766e-06
 1.69766e-06
 1.69766e-06
 1.69766e-06
 1.69766e-06
 1.69955e-06
 1.69955e-06
 1.69955e-06
 1.69955e-06
 1.69955e-06
 1.70150e-06
 1.70150e-06
 1.70150e-06
 1.70150e-06
 1.70150e-06
 1.69846e-06
 1.69846e-06
 1.69846e-06
 1.69846e-06
 1.69846e-06
 1.67921e-06
 1.67921e-06
 1.67921e-06
 1.67921e-06
 1.67921e-06
 1.62479e-06
 1.62479e-06
 1.62479e-06
 1.62479e-06
 1.62479e-06
 1.50848e-06
 1.50848e-06
 1.50848e-06
 1.50848e-06
 1.50848e-06
 1.29935e-06
 1.29935e-06
 1.29935e-06
 1.29935e-06
 1.29935e-06
 1.13404e-06
 1.13404e-06
 1.13404e-06
 1.13404e-06
 1.13404e-06
 1.07411e-06
 1.07411e-06
 1.07411e-06
 1.07411e-06
 1.07411e-06
 1.05395e-06
 1.05395e-06
 1.05395e-06
 1.05395e-06
 1.05395e-06
 1.04937e-06
 1.04937e-06
 1.04937e-06
 1.04937e-06
 1.04937e-06
 1.05044e-06
 1.05044e-06
 1.05044e-06
 1.05044e-06
 1.05044e-06
 1.05316e-06
 1.05316e-06
 1.05316e-06
 1.05316e-06
 1.05316e-06
 1.05567e-06
 1.05567e-06
 1.05567e-06
 1.05567e-06
 1.05567e-06
 1.05747e-06
 1.05747e-06
 1.05747e-06
 1.05747e-06
 1.05747e-06
 1.05852e-06
 1.05852e-06
 1.05852e-06
 1.05852e-06
 1.05852e-06
 1.05856e-06
 1.05856e-06
 1.05856e-06
 1.05856e-06
 1.05856e-06
 1.05667e-06
 1.05667e-06
 1.05667e-06
 1.05667e-06
 1.05667e-06
 1.04938e-06
 1.04938e-06
 1.04938e-06
 1.04938e-06
 1.04938e-06
 1.03241e-06
 1.03241e-06
 1.03241e-06
 1.03241e-06
 1.03241e-06
 1.00011e-06
 1.00011e-06
 1.00011e-06
 1.00011e-06
 1.00011e-06
 9.42279e-07
 9.42279e-07
 9.42279e-07
 9.42279e-07
 9.42279e-07
 8.52211e-07
 8.52211e-07
 8.52211e-07
 8.52211e-07
 8.52211e-07
 7.44500e-07
 7.44500e-07
 7.44500e-07
 7.44500e-07
 7.44500e-07
 6.47989e-07
 6.47989e-07
 6.47989e-07
 6.47989e-07
 6.47989e-07
 5.76539e-07
 5.76539e-07
 5.76539e-07
 5.76539e-07
 5.76539e-07
 5.32301e-07
 5.32301e-07
 5.32301e-07
 5.32301e-07
 5.32301e-07
 5.10868e-07
 5.10868e-07
 5.10868e-07
 5.10868e-07
 5.10868e-07
 5.03086e-07
 5.03086e-07
 5.03086e-07
 5.03086e-07
 5.03086e-07
 5.00807e-07
 5.00807e-07
 5.00807e-07
 5.00807e-07
 5.00807e-07
 5.00204e-07
 5.00204e-07
 5.00204e-07
 5.00204e-07
 5.00204e-07
 5.00051e-07
 5.00051e-07
 5.00051e-07
 5.00051e-07
 5.00051e-07
 5.00012e-07
 5.00012e-07
 5.00012e-07
 5.00012e-07
 5.00012e-07
 5.00003e-07
 5.00003e-07
 5.00003e-07
 5.00003e-07
 5.00003e-07
 5.00001e-07
 5.00001e-07
 5.00001e-07
 5.00001e-07
 5.00001e-07
 5.00000e-07
 5.00000e-07
 5.00000e-07
 5.00000e-07
 5.00000e-07
 5.00000e-07
 5.00000e-07
 5.00000e-07
 5.00000e-07
 5.00000e-07
 5.00000e-07
 5.00000e-07
 5.00000e-07
 5.00000e-07
 5.00000e-07
 4.00000e-06
 4.00000e-06
 4.00000e-06
 4.00000e-06
 4.00000e-06
 4.00000e-06
 4.00000e-06
 4.00000e-06
 4.00000e-06
 4.00000e-06
 4.00000e-06
 4.00000e-06
 4.00000e-06
 4.00000e-06
 4.00000e-06
 4.00000e-06
 4.00000e-06
 4.00000e-06
 4.00000e-06
 4.00000e-06
 4.00000e-06
 4.00000e-06
 4.00000e-06
 4.00000e-06
 4.00000e-06
 4.00000e-06
 4.00000e-06
 4.00000e-06
 4.00000e-06
 4.00000e-06
 4.00000e-06
 4.00000e-06
 4.00000e-06
 4.00000e-06
 4.00000e-06
 4.00000e-06
 4.00000e-06
 4.00000e-06
 4.00000e-06
 4.00000e-06
 4.00000e-06
 4.00000e-06
 4.00000e-06
 4.00000e-06
 4.00000e-06
 4.00000e-06
 4.00000e-06
 4.00000e-06
 4.00000e-06
 4.00000e-06
 4.00000e-06
 4.00000e-06
 4.00000e-06
 4.00000e-06
 4.00000e-06
 4.00000e-06
 4.00000e-06
 4.00000e-06
 4.00000e-06
 4.00000e-06
 4.00000e-06
 4.00000e-06
 4.00000e-06
 4.00000e-06
 4.00000e-06
 4.00000e-06
 4.00000e-06
 4.00000e-06
 4.00000e-06
 4.00000e-06
 4.00000e-06
 4.00000e-06
 4.00000e-06
 4.00000e-06
 4.00000e-06
 4.00000e-06
 4.00000e-06
 4.00000e-06
 4.00000e-06
 4.00000e-06
 4.00000e-06
 4.00000e-06
 4.00000e-06
 4.00000e-06
 4.00000e-06
 4.00000e-06
 4.00000e-06
 4.00000e-06
 4.00000e-06
 4.00000e-06
 3.99999e-06
 3.99999e-06
 3.99999e-06
 3.99999e-06
 3.99999e-06
 3.99994e-06
 3.99994e-06
 3.99994e-06
 3.99994e-06
 3.99994e-06
 3.99974e-06
 3.99974e-06
 3.99974e-06
 3.99974e-06
 3.99974e-06
 3.99894e-06
 3.99894e-06
 3.99894e-06
 3.99894e-06
 3.99894e-06
 3.99619e-06
 3.99619e-06
 3.99619e-06
 3.99619e-06
 3.99619e-06
 3.98815e-06
 3.98815e-06
 3.98815e-06
 3.98815e-06
 3.98815e-06
 3.96850e-06
 3.96850e-06
 3.96850e-06
 3.96850e-06
 3.96850e-06
 3.92926e-06
 3.92926e-06
 3.92926e-06
 3.92926e-06
 3.92926e-06
 3.86542e-06
 3.86542e-06
 3.86542e-06
 3.86542e-06
 3.86542e-06
 3.77908e-06
 3.77908e-06
 3.77908e-06
 3.77908e-06
 3.77908e-06
 3.67737e-06
 3.67737e-06
 3.67737e-06
 3.67737e-06
 3.67737e-06
 3.56728e-06
 3.56728e-06
 3.56728e-06
 3.56728e-06
 3.56728e-06
 3.45340e-06
 3.45340e-06
 3.45340e-06
 3.45340e-06
 3.45340e-06
 3.33836e-06
 3.33836e-06
 3.33836e-06
 3.33836e-06
 3.33836e-06
 3.22380e-06
 3.22380e-06
 3.22380e-06
 3.22380e-06
 3.22380e-06
 3.11066e-06
 3.11066e-06
 3.11066e-06
 3.11066e-06
 3.11066e-06
 2.99929e-06
 2.99929e-06
 2.99929e-06
 2.99929e-06
 2.99929e-06
 2.88972e-06
 2.88972e-06
 2.88972e-06
 2.88972e-06
 2.88972e-06
 2.78179e-06
 2.78179e-06
 2.78179e-06
 2.78179e-06
 2.78179e-06
 2.67605e-06
 2.67605e-06
 2.67605e-06
 2.67605e-06
 2.67605e-06
 2.57665e-06
 2.57665e-06
 2.57665e-06
 2.57665e-06
 2.57665e-06
 2.48235e-06
 2.48235e-06
 2.48235e-06
 2.48235e-06
 2.48235e-06
 2.39078e-06
 2.39078e-06
 2.39078e-06
 2.39078e-06
 2.39078e-06
 2.30370e-06
 2.30370e-06
 2.30370e-06
 2.30370e-06
 2.30370e-06
 2.22281e-06
 2.22281e-06
 2.22281e-06
 2.22281e-06
 2.22281e-06
 2.14175e-06
 2.14175e-06
 2.14175e-06
 2.14175e-06
 2.14175e-06
 2.06441e-06
 2.06441e-06
 2.06441e-06
 2.06441e-06
 2.06441e-06
 1.99302e-06
 1.99302e-06
 1.99302e-06
 1.99302e-06
 1.99302e-06
 1.92448e-06
 1.92448e-06
 1.92448e-06
 1.92448e-06
 1.92448e-06
 1.86230e-06
 1.86230e-06
 1.86230e-06
 1.86230e-06
 1.86230e-06
 1.79794e-06
 1.79794e-06
 1.79794e-06
 1.79794e-06
 1.79794e-06
 1.75147e-06
 1.75147e-06
 1.75147e-06
 1.75147e-06
 1.75147e-06
 1.73475e-06
 1.73475e-06
 1.73475e-06
 1.73475e-06
 1.73475e-06
 1.72088e-06
 1.72088e-06
 1.72088e-06
 1.72088e-06
 1.72088e-06
 1.69987e-06
 1.69987e-06
 1.69987e-06
 1.69987e-06
 1.69987e-06
 1.69284e-06
 1.69284e-06
 1.69284e-06
 1.69284e-06
 1.69284e-06
 1.69312e-06
 1.69312e-06
 1.69312e-06
 1.69312e-06
 1.69312e-06
 1.69532e-06
 1.69532e-06
 1.69532e-06
 1.69532e-06
 1.69532e-06
 1.70106e-06
 1.70106e-06
 1.70106e-06
 1.70106e-06
 1.70106e-06
 1.70404e-06
 1.70404e-06
 1.70404e-06
 1.70404e-06
 1.70404e-06
 1.70340e-06
 1.70340e-06
 1.70340e-06
 1.70340e-06
 1.70340e-06
 1.69958e-06
 1.69958e-06
 1.69958e-06
 1.69958e-06
 1.69958e-06
 1.69678e-06
 1.69678e-06
 1.69678e-06
 1.69678e-06
 1.69678e-06
 1.69766e-06
 1.69766e-06
 1.69766e-06
 1.69766e-06
 1.69766e-06
 1.69955e-06
 1.69955e-06
 1.69955e-06
 1.69955e-06
 1.69955e-06
 1.70150e-06
 1.70150e-06
 1.70150e-06
 1.70150e-06
 1.70150e-06
 1.69846e-06
 1.69846e-06
 1.69846e-06
 1.69846e-06
 1.69846e-06
 1.67921e-06
 1.67921e-06
 1.67921e-06
 1.67921e-06
 1.67921e-06
 1.62479e-06
 1.62479e-06
 1.62479e-06
 1.62479e-06
 1.62479e-06
 1.50848e-06
 1.50848e-06
 1.50848e-06
 1.50848e-06
 1.50848e-06
 1.29935e-06
 1.29935e-06
 1.29935e-06
 1.29935e-06
 1.29935e-06
 1.13404e-06
 1.13404e-06
 1.13404e-06
 1.13404e-06
 1.13404e-06
 1.07411e-06
 1.07411e-06
 1.07411e-06
 1.07411e-06
 1.07411e-06
 1.05395e-06
 1.05395e-06
 1.05395e-06
 1.05395e-06
 1.05395e-06
 1.04937e-06
 1.04937e-06
 1.04937e-06
 1.04937e-06
 1.04937e-06
 1.05044e-06
 1.05044e-06
 1.05044e-06
 1.05044e-06
 1.05044e-06
 1.05316e-06
 1.05316e-06
 1.05316e-06
 1.05316e-06
 1.05316e-06
 1.05567e-06
 1.05567e-06
 1.05567e-06
 1.05567e-06
 1.05567e-06
 1.05747e-06
 1.05747e-06
 1.05747e-06
 1.05747e-06
 1.05747e-06
 1.05852e-06
 1.05852e-06
 1.05852e-06
 1.05852e-06
 1.05852e-06
 1.05856e-06
 1.05856e-06
 1.05856e-06
 1.05856e-06
 1.05856e-06
 1.05667e-06
 1.05667e-06
 1.05667e-06
 1.05667e-06
 1.05667e-06
 1.04938e-06
 1.04938e-06
 1.04938e-06
 1.04938e-06
 1.04938e-06
 1.03241e-06
 1.03241e-06
 1.03241e-06
 1.03241e-06
 1.03241e-06
 1.00011e-06
 1.00011e-06
 1.00011e-06
 1.00011e-06
 1.00011e-06
 9.42279e-07
 9.42279e-07
 9.42279e-07
 9.42279e-07
 9.42279e-07
 8.52211e-07
 8.52211e-07
 8.52211e-07
 8.52211e-07
 8.52211e-07
 7.44500e-07
 7.44500e-07
 7.44500e-07
 7.44500e-07
 7.44500e-07
 6.47989e-07
 6.47989e-07
 6.47989e-07
 6.47989e-07
 6.47989e-07
 5.76539e-07
 5.76539e-07
 5.76539e-07
 5.76539e-07
 5.76539e-07
 5.32301e-07
 5.32301e-07
 5.32301e-07
 5.32301e-07
 5.32301e-07
 5.10868e-07
 5.10868e-07
 5.10868e-07
 5.10868e-07
 5.10868e-07
 5.03086e-07
 5.03086e-07
 5.03086e-07
 5.03086e-07
 5.03086e-07
 5.00807e-07
 5.00807e-07
 5.00807e-07
 5.00807e-07
 5.00807e-07
 5.00204e-07
 5.00204e-07
 5.00204e-07
 5.00204e-07
 5.00204e-07
 5.00051e-07
 5.00051e-07
 5.00051e-07
 5.00051e-07
 5.00051e-07
 5.00012e-07
 5.00012e-07
 5.00012e-07
 5.00012e-07
 5.00012e-07
 5.00003e-07
 5.00003e-07
 5.00003e-07
 5.00003e-07
 5.00003e-07
 5.00001e-07
 5.00001e-07
 5.00001e-07
 5.00001e-07
 5.00001e-07
 5.00000e-07
 5.00000e-07
 5.00000e-07
 5.00000e-07
 5.00000e-07
 5.00000e-07
 5.00000e-07
 5.00000e-07
 5.00000e-07
 5.00000e-07
 5.00000e-07
 5.00000e-07
 5.00000e-07
 5.00000e-07
 5.00000e-07
