InternalEnergy
part
         1
hexa8
 2.50000e+00
 2.50000e+00
 2.50000e+00
 2.50000e+00
 2.50000e+00
 2.50000e+00
 2.50000e+00
 2.50000e+00
 2.50000e+00
 2.50000e+00
 2.50000e+00
 2.50000e+00
 2.50000e+00
 2.50000e+00
 2.50000e+00
 2.50000e+00
 2.50000e+00
 2.50000e+00
 2.50000e+00
 2.50000e+00
 2.50000e+00
 2.50000e+00
 2.50000e+00
 2.50000e+00
 2.50000e+00
 2.50000e+00
 2.50000e+00
 2.50000e+00
 2.50000e+00
 2.50000e+00
 2.50000e+00
 2.50000e+00
 2.50000e+00
 2.50000e+00
 2.50000e+00
 2.50000e+00
 2.50000e+00
 2.50000e+00
 2.50000e+00
 2.50000e+00
 2.50000e+00
 2.50000e+00
 2.50000e+00
 2.50000e+00
 2.50000e+00
 2.50000e+00
 2.50000e+00
 2.50000e+00
 2.50000e+00
 2.50000e+00
 2.50000e+00
 2.50000e+00
 2.50000e+00
 2.50000e+00
 2.50000e+00
 2.50000e+00
 2.50000e+00
 2.50000e+00
 2.50000e+00
 2.50000e+00
 2.50000e+00
 2.50000e+00
 2.50000e+00
 2.50000e+00
 2.50000e+00
 2.50000e+00
 2.50000e+00
 2.50000e+00
 2.50000e+00
 2.50000e+00
 2.50000e+00
 2.50000e+00
 2.50000e+00
 2.50000e+00
 2.50000e+00
 2.50000e+00
 2.50000e+00
 2.50000e+00
 2.50000e+00
 2.50000e+00
 2.50000e+00
 2.50000e+00
 2.50000e+00
 2.50000e+00
 2.50000e+00
 2.50000e+00
 2.50000e+00
 2.50000e+00
 2.50000e+00
 2.50000e+00
 2.50000e+00
 2.50000e+00
 2.50000e+00
 2.50000e+00
 2.50000e+00
 2.49999e+00
 2.49999e+00
 2.49999e+00
 2.49999e+00
 2.49999e+00
 2.49995e+00
 2.49995e+00
 2.49995e+00
 2.49995e+00
 2.49995e+00
 2.49980e+00
 2.49980e+00
 2.49980e+00
 2.49980e+00
 2.49980e+00
 2.49926e+00
 2.49926e+00
 2.49926e+00
 2.49926e+00
 2.49926e+00
 2.49762e+00
 2.49762e+00
 2.49762e+00
 2.49762e+00
 2.49762e+00
 2.49343e+00
 2.49343e+00
 2.49343e+00
 2.49343e+00
 2.49343e+00
 2.50000e+00
 2.50000e+00
 2.50000e+00
 2.50000e+00
 2.50000e+00
 2.50000e+00
 2.50000e+00
 2.50000e+00
 2.50000e+00
 2.50000e+00
 2.50000e+00
 2.50000e+00
 2.50000e+00
 2.50000e+00
 2.50000e+00
 2.50000e+00
 2.50000e+00
 2.50000e+00
 2.50000e+00
 2.50000e+00
 2.50000e+00
 2.50000e+00
 2.50000e+00
 2.50000e+00
 2.50000e+00
 2.50000e+00
 2.50000e+00
 2.50000e+00
 2.50000e+00
 2.50000e+00
 2.50000e+00
 2.50000e+00
 2.50000e+00
 2.50000e+00
 2.50000e+00
 2.50000e+00
 2.50000e+00
 2.50000e+00
 2.50000e+00
 2.50000e+00
 2.50000e+00
 2.50000e+00
 2.50000e+00
 2.50000e+00
 2.50000e+00
 2.50000e+00
 2.50000e+00
 2.50000e+00
 2.50000e+00
 2.50000e+00
 2.50000e+00
 2.50000e+00
 2.50000e+00
 2.50000e+00
 2.50000e+00
 2.50000e+00
 2.50000e+00
 2.50000e+00
 2.50000e+00
 2.50000e+00
 2.50000e+00
 2.50000e+00
 2.50000e+00
 2.50000e+00
 2.50000e+00
 2.50000e+00
 2.50000e+00
 2.50000e+00
 2.50000e+00
 2.50000e+00
 2.50000e+00
 2.50000e+00
 2.50000e+00
 2.50000e+00
 2.50000e+00
 2.50000e+00
 2.50000e+00
 2.50000e+00
 2.50000e+00
 2.50000e+00
 2.50000e+00
 2.50000e+00
 2.50000e+00
 2.50000e+00
 2.50000e+00
 2.50000e+00
 2.50000e+00
 2.50000e+00
 2.50000e+00
 2.50000e+00
 2.50000e+00
 2.50000e+00
 2.50000e+00
 2.50000e+00
 2.50000e+00
 2.49999e+00
 2.49999e+00
 2.49999e+00
 2.49999e+00
 2.49999e+00
 2.49995e+00
 2.49995e+00
 2.49995e+00
 2.49995e+00
 2.49995e+00
 2.49980e+00
 2.49980e+00
 2.49980e+00
 2.49980e+00
 2.49980e+00
 2.49926e+00
 2.49926e+00
 2.49926e+00
 2.49926e+00
 2.49926e+00
 2.49762e+00
 2.49762e+00
 2.49762e+00
 2.49762e+00
 2.49762e+00
 2.49343e+00
 2.49343e+00
 2.49343e+00
 2.49343e+00
 2.49343e+00
 2.50000e+00
 2.50000e+00
 2.50000e+00
 2.50000e+00
 2.50000e+00
 2.50000e+00
 2.50000e+00
 2.50000e+00
 2.50000e+00
 2.50000e+00
 2.50000e+00
 2.50000e+00
 2.50000e+00
 2.50000e+00
 2.50000e+00
 2.50000e+00
 2.50000e+00
 2.50000e+00
 2.50000e+00
 2.50000e+00
 2.50000e+00
 2.50000e+00
 2.50000e+00
 2.50000e+00
 2.50000e+00
 2.50000e+00
 2.50000e+00
 2.50000e+00
 2.50000e+00
 2.50000e+00
 2.50000e+00
 2.50000e+00
 2.50000e+00
 2.50000e+00
 2.50000e+00
 2.50000e+00
 2.50000e+00
 2.50000e+00
 2.50000e+00
 2.50000e+00
 2.50000e+00
 2.50000e+00
 2.50000e+00
 2.50000e+00
 2.50000e+00
 2.50000e+00
 2.50000e+00
 2.50000e+00
 2.50000e+00
 2.50000e+00
 2.50000e+00
 2.50000e+00
 2.50000e+00
 2.50000e+00
 2.50000e+00
 2.50000e+00
 2.50000e+00
 2.50000e+00
 2.50000e+00
 2.50000e+00
 2.50000e+00
 2.50000e+00
 2.50000e+00
 2.50000e+00
 2.50000e+00
 2.50000e+00
 2.50000e+00
 2.50000e+00
 2.50000e+00
 2.50000e+00
 2.50000e+00
 2.50000e+00
 2.50000e+00
 2.50000e+00
 2.50000e+00
 2.50000e+00
 2.50000e+00
 2.50000e+00
 2.50000e+00
 2.50000e+00
 2.50000e+00
 2.50000e+00
 2.50000e+00
 2.50000e+00
 2.50000e+00
 2.50000e+00
 2.50000e+00
 2.50000e+00
 2.50000e+00
 2.50000e+00
 2.50000e+00
 2.50000e+00
 2.50000e+00
 2.50000e+00
 2.50000e+00
 2.49999e+00
 2.49999e+00
 2.49999e+00
 2.49999e+00
 2.49999e+00
 2.49995e+00
 2.49995e+00
 2.49995e+00
 2.49995e+00
 2.49995e+00
 2.49980e+00
 2.49980e+00
 2.49980e+00
 2.49980e+00
 2.49980e+00
 2.49926e+00
 2.49926e+00
 2.49926e+00
 2.49926e+00
 2.49926e+00
 2.49762e+00
 2.49762e+00
 2.49762e+00
 2.49762e+00
 2.49762e+00
 2.49343e+00
 2.49343e+00
 2.49343e+00
 2.49343e+00
 2.49343e+00
 2.50000e+00
 2.50000e+00
 2.50000e+00
 2.50000e+00
 2.50000e+00
 2.50000e+00
 2.50000e+00
 2.50000e+00
 2.50000e+00
 2.50000e+00
 2.50000e+00
 2.50000e+00
 2.50000e+00
 2.50000e+00
 2.50000e+00
 2.50000e+00
 2.50000e+00
 2.50000e+00
 2.50000e+00
 2.50000e+00
 2.50000e+00
 2.50000e+00
 2.50000e+00
 2.50000e+00
 2.50000e+00
 2.50000e+00
 2.50000e+00
 2.50000e+00
 2.50000e+00
 2.50000e+00
 2.50000e+00
 2.50000e+00
 2.50000e+00
 2.50000e+00
 2.50000e+00
 2.50000e+00
 2.50000e+00
 2.50000e+00
 2.50000e+00
 2.50000e+00
 2.50000e+00
 2.50000e+00
 2.50000e+00
 2.50000e+00
 2.50000e+00
 2.50000e+00
 2.50000e+00
 2.50000e+00
 2.50000e+00
 2.50000e+00
 2.50000e+00
 2.50000e+00
 2.50000e+00
 2.50000e+00
 2.50000e+00
 2.50000e+00
 2.50000e+00
 2.50000e+00
 2.50000e+00
 2.50000e+00
 2.50000e+00
 2.50000e+00
 2.50000e+00
 2.50000e+00
 2.50000e+00
 2.50000e+00
 2.50000e+00
 2.50000e+00
 2.50000e+00
 2.50000e+00
 2.50000e+00
 2.50000e+00
 2.50000e+00
 2.50000e+00
 2.50000e+00
 2.50000e+00
 2.50000e+00
 2.50000e+00
 2.50000e+00
 2.50000e+00
 2.50000e+00
 2.50000e+00
 2.50000e+00
 2.50000e+00
 2.50000e+00
 2.50000e+00
 2.50000e+00
 2.50000e+00
 2.50000e+00
 2.50000e+00
 2.50000e+00
 2.50000e+00
 2.50000e+00
 2.50000e+00
 2.50000e+00
 2.49999e+00
 2.49999e+00
 2.49999e+00
 2.49999e+00
 2.49999e+00
 2.49995e+00
 2.49995e+00
 2.49995e+00
 2.49995e+00
 2.49995e+00
 2.49980e+00
 2.49980e+00
 2.49980e+00
 2.49980e+00
 2.49980e+00
 2.49926e+00
 2.49926e+00
 2.49926e+00
 2.49926e+00
 2.49926e+00
 2.49762e+00
 2.49762e+00
 2.49762e+00
 2.49762e+00
 2.49762e+00
 2.49343e+00
 2.49343e+00
 2.49343e+00
 2.49343e+00
 2.49343e+00
 2.50000e+00
 2.50000e+00
 2.50000e+00
 2.50000e+00
 2.50000e+00
 2.50000e+00
 2.50000e+00
 2.50000e+00
 2.50000e+00
 2.50000e+00
 2.50000e+00
 2.50000e+00
 2.50000e+00
 2.50000e+00
 2.50000e+00
 2.50000e+00
 2.50000e+00
 2.50000e+00
 2.50000e+00
 2.50000e+00
 2.50000e+00
 2.50000e+00
 2.50000e+00
 2.50000e+00
 2.50000e+00
 2.50000e+00
 2.50000e+00
 2.50000e+00
 2.50000e+00
 2.50000e+00
 2.50000e+00
 2.50000e+00
 2.50000e+00
 2.50000e+00
 2.50000e+00
 2.50000e+00
 2.50000e+00
 2.50000e+00
 2.50000e+00
 2.50000e+00
 2.50000e+00
 2.50000e+00
 2.50000e+00
 2.50000e+00
 2.50000e+00
 2.50000e+00
 2.50000e+00
 2.50000e+00
 2.50000e+00
 2.50000e+00
 2.50000e+00
 2.50000e+00
 2.50000e+00
 2.50000e+00
 2.50000e+00
 2.50000e+00
 2.50000e+00
 2.50000e+00
 2.50000e+00
 2.50000e+00
 2.50000e+00
 2.50000e+00
 2.50000e+00
 2.50000e+00
 2.50000e+00
 2.50000e+00
 2.50000e+00
 2.50000e+00
 2.50000e+00
 2.50000e+00
 2.50000e+00
 2.50000e+00
 2.50000e+00
 2.50000e+00
 2.50000e+00
 2.50000e+00
 2.50000e+00
 2.50000e+00
 2.50000e+00
 2.50000e+00
 2.50000e+00
 2.50000e+00
 2.50000e+00
 2.50000e+00
 2.50000e+00
 2.50000e+00
 2.50000e+00
 2.50000e+00
 2.50000e+00
 2.50000e+00
 2.50000e+00
 2.50000e+00
 2.50000e+00
 2.50000e+00
 2.50000e+00
 2.49999e+00
 2.49999e+00
 2.49999e+00
 2.49999e+00
 2.49999e+00
 2.49995e+00
 2.49995e+00
 2.49995e+00
 2.49995e+00
 2.49995e+00
 2.49980e+00
 2.49980e+00
 2.49980e+00
 2.49980e+00
 2.49980e+00
 2.49926e+00
 2.49926e+00
 2.49926e+00
 2.49926e+00
 2.49926e+00
 2.49762e+00
 2.49762e+00
 2.49762e+00
 2.49762e+00
 2.49762e+00
 2.49343e+00
 2.49343e+00
 2.49343e+00
 2.49343e+00
 2.49343e+00
part
         2
hexa8
 2.48463e+00
 2.48463e+00
 2.48463e+00
 2.48463e+00
 2.48463e+00
 2.46960e+00
 2.46960e+00
 2.46960e+00
 2.46960e+00
 2.46960e+00
 2.44832e+00
 2.44832e+00
 2.44832e+00
 2.44832e+00
 2.44832e+00
 2.42229e+00
 2.42229e+00
 2.42229e+00
 2.42229e+00
 2.42229e+00
 2.39326e+00
 2.39326e+00
 2.39326e+00
 2.39326e+00
 2.39326e+00
 2.36246e+00
 2.36246e+00
 2.36246e+00
 2.36246e+00
 2.36246e+00
 2.33050e+00
 2.33050e+00
 2.33050e+00
 2.33050e+00
 2.33050e+00
 2.29796e+00
 2.29796e+00
 2.29796e+00
 2.29796e+00
 2.29796e+00
 2.26512e+00
 2.26512e+00
 2.26512e+00
 2.26512e+00
 2.26512e+00
 2.23206e+00
 2.23206e+00
 2.23206e+00
 2.23206e+00
 2.23206e+00
 2.19880e+00
 2.19880e+00
 2.19880e+00
 2.19880e+00
 2.19880e+00
 2.16534e+00
 2.16534e+00
 2.16534e+00
 2.16534e+00
 2.16534e+00
 2.13177e+00
 2.13177e+00
 2.13177e+00
 2.13177e+00
 2.13177e+00
 2.09974e+00
 2.09974e+00
 2.09974e+00
 2.09974e+00
 2.09974e+00
 2.06715e+00
 2.06715e+00
 2.06715e+00
 2.06715e+00
 2.06715e+00
 2.03776e+00
 2.03776e+00
 2.03776e+00
 2.03776e+00
 2.03776e+00
 2.00565e+00
 2.00565e+00
 2.00565e+00
 2.00565e+00
 2.00565e+00
 1.97598e+00
 1.97598e+00
 1.97598e+00
 1.97598e+00
 1.97598e+00
 1.94766e+00
 1.94766e+00
 1.94766e+00
 1.94766e+00
 1.94766e+00
 1.91888e+00
 1.91888e+00
 1.91888e+00
 1.91888e+00
 1.91888e+00
 1.89072e+00
 1.89072e+00
 1.89072e+00
 1.89072e+00
 1.89072e+00
 1.86076e+00
 1.86076e+00
 1.86076e+00
 1.86076e+00
 1.86076e+00
 1.83651e+00
 1.83651e+00
 1.83651e+00
 1.83651e+00
 1.83651e+00
 1.82161e+00
 1.82161e+00
 1.82161e+00
 1.82161e+00
 1.82161e+00
 1.80566e+00
 1.80566e+00
 1.80566e+00
 1.80566e+00
 1.80566e+00
 2.48463e+00
 2.48463e+00
 2.48463e+00
 2.48463e+00
 2.48463e+00
 2.46960e+00
 2.46960e+00
 2.46960e+00
 2.46960e+00
 2.46960e+00
 2.44832e+00
 2.44832e+00
 2.44832e+00
 2.44832e+00
 2.44832e+00
 2.42229e+00
 2.42229e+00
 2.42229e+00
 2.42229e+00
 2.42229e+00
 2.39326e+00
 2.39326e+00
 2.39326e+00
 2.39326e+00
 2.39326e+00
 2.36246e+00
 2.36246e+00
 2.36246e+00
 2.36246e+00
 2.36246e+00
 2.33050e+00
 2.33050e+00
 2.33050e+00
 2.33050e+00
 2.33050e+00
 2.29796e+00
 2.29796e+00
 2.29796e+00
 2.29796e+00
 2.29796e+00
 2.26512e+00
 2.26512e+00
 2.26512e+00
 2.26512e+00
 2.26512e+00
 2.23206e+00
 2.23206e+00
 2.23206e+00
 2.23206e+00
 2.23206e+00
 2.19880e+00
 2.19880e+00
 2.19880e+00
 2.19880e+00
 2.19880e+00
 2.16534e+00
 2.16534e+00
 2.16534e+00
 2.16534e+00
 2.16534e+00
 2.13177e+00
 2.13177e+00
 2.13177e+00
 2.13177e+00
 2.13177e+00
 2.09974e+00
 2.09974e+00
 2.09974e+00
 2.09974e+00
 2.09974e+00
 2.06715e+00
 2.06715e+00
 2.06715e+00
 2.06715e+00
 2.06715e+00
 2.03776e+00
 2.03776e+00
 2.03776e+00
 2.03776e+00
 2.03776e+00
 2.00565e+00
 2.00565e+00
 2.00565e+00
 2.00565e+00
 2.00565e+00
 1.97598e+00
 1.97598e+00
 1.97598e+00
 1.97598e+00
 1.97598e+00
 1.94766e+00
 1.94766e+00
 1.94766e+00
 1.94766e+00
 1.94766e+00
 1.91888e+00
 1.91888e+00
 1.91888e+00
 1.91888e+00
 1.91888e+00
 1.89072e+00
 1.89072e+00
 1.89072e+00
 1.89072e+00
 1.89072e+00
 1.86076e+00
 1.86076e+00
 1.86076e+00
 1.86076e+00
 1.86076e+00
 1.83651e+00
 1.83651e+00
 1.83651e+00
 1.83651e+00
 1.83651e+00
 1.82161e+00
 1.82161e+00
 1.82161e+00
 1.82161e+00
 1.82161e+00
 1.80566e+00
 1.80566e+00
 1.80566e+00
 1.80566e+00
 1.80566e+00
 2.48463e+00
 2.48463e+00
 2.48463e+00
 2.48463e+00
 2.48463e+00
 2.46960e+00
 2.46960e+00
 2.46960e+00
 2.46960e+00
 2.46960e+00
 2.44832e+00
 2.44832e+00
 2.44832e+00
 2.44832e+00
 2.44832e+00
 2.42229e+00
 2.42229e+00
 2.42229e+00
 2.42229e+00
 2.42229e+00
 2.39326e+00
 2.39326e+00
 2.39326e+00
 2.39326e+00
 2.39326e+00
 2.36246e+00
 2.36246e+00
 2.36246e+00
 2.36246e+00
 2.36246e+00
 2.33050e+00
 2.33050e+00
 2.33050e+00
 2.33050e+00
 2.33050e+00
 2.29796e+00
 2.29796e+00
 2.29796e+00
 2.29796e+00
 2.29796e+00
 2.26512e+00
 2.26512e+00
 2.26512e+00
 2.26512e+00
 2.26512e+00
 2.23206e+00
 2.23206e+00
 2.23206e+00
 2.23206e+00
 2.23206e+00
 2.19880e+00
 2.19880e+00
 2.19880e+00
 2.19880e+00
 2.19880e+00
 2.16534e+00
 2.16534e+00
 2.16534e+00
 2.16534e+00
 2.16534e+00
 2.13177e+00
 2.13177e+00
 2.13177e+00
 2.13177e+00
 2.13177e+00
 2.09974e+00
 2.09974e+00
 2.09974e+00
 2.09974e+00
 2.09974e+00
 2.06715e+00
 2.06715e+00
 2.06715e+00
 2.06715e+00
 2.06715e+00
 2.03776e+00
 2.03776e+00
 2.03776e+00
 2.03776e+00
 2.03776e+00
 2.00565e+00
 2.00565e+00
 2.00565e+00
 2.00565e+00
 2.00565e+00
 1.97598e+00
 1.97598e+00
 1.97598e+00
 1.97598e+00
 1.97598e+00
 1.94766e+00
 1.94766e+00
 1.94766e+00
 1.94766e+00
 1.94766e+00
 1.91888e+00
 1.91888e+00
 1.91888e+00
 1.91888e+00
 1.91888e+00
 1.89072e+00
 1.89072e+00
 1.89072e+00
 1.89072e+00
 1.89072e+00
 1.86076e+00
 1.86076e+00
 1.86076e+00
 1.86076e+00
 1.86076e+00
 1.83651e+00
 1.83651e+00
 1.83651e+00
 1.83651e+00
 1.83651e+00
 1.82161e+00
 1.82161e+00
 1.82161e+00
 1.82161e+00
 1.82161e+00
 1.80566e+00
 1.80566e+00
 1.80566e+00
 1.80566e+00
 1.80566e+00
 2.48463e+00
 2.48463e+00
 2.48463e+00
 2.48463e+00
 2.48463e+00
 2.46960e+00
 2.46960e+00
 2.46960e+00
 2.46960e+00
 2.46960e+00
 2.44832e+00
 2.44832e+00
 2.44832e+00
 2.44832e+00
 2.44832e+00
 2.42229e+00
 2.42229e+00
 2.42229e+00
 2.42229e+00
 2.42229e+00
 2.39326e+00
 2.39326e+00
 2.39326e+00
 2.39326e+00
 2.39326e+00
 2.36246e+00
 2.36246e+00
 2.36246e+00
 2.36246e+00
 2.36246e+00
 2.33050e+00
 2.33050e+00
 2.33050e+00
 2.33050e+00
 2.33050e+00
 2.29796e+00
 2.29796e+00
 2.29796e+00
 2.29796e+00
 2.29796e+00
 2.26512e+00
 2.26512e+00
 2.26512e+00
 2.26512e+00
 2.26512e+00
 2.23206e+00
 2.23206e+00
 2.23206e+00
 2.23206e+00
 2.23206e+00
 2.19880e+00
 2.19880e+00
 2.19880e+00
 2.19880e+00
 2.19880e+00
 2.16534e+00
 2.16534e+00
 2.16534e+00
 2.16534e+00
 2.16534e+00
 2.13177e+00
 2.13177e+00
 2.13177e+00
 2.13177e+00
 2.13177e+00
 2.09974e+00
 2.09974e+00
 2.09974e+00
 2.09974e+00
 2.09974e+00
 2.06715e+00
 2.06715e+00
 2.06715e+00
 2.06715e+00
 2.06715e+00
 2.03776e+00
 2.03776e+00
 2.03776e+00
 2.03776e+00
 2.03776e+00
 2.00565e+00
 2.00565e+00
 2.00565e+00
 2.00565e+00
 2.00565e+00
 1.97598e+00
 1.97598e+00
 1.97598e+00
 1.97598e+00
 1.97598e+00
 1.94766e+00
 1.94766e+00
 1.94766e+00
 1.94766e+00
 1.94766e+00
 1.91888e+00
 1.91888e+00
 1.91888e+00
 1.91888e+00
 1.91888e+00
 1.89072e+00
 1.89072e+00
 1.89072e+00
 1.89072e+00
 1.89072e+00
 1.86076e+00
 1.86076e+00
 1.86076e+00
 1.86076e+00
 1.86076e+00
 1.83651e+00
 1.83651e+00
 1.83651e+00
 1.83651e+00
 1.83651e+00
 1.82161e+00
 1.82161e+00
 1.82161e+00
 1.82161e+00
 1.82161e+00
 1.80566e+00
 1.80566e+00
 1.80566e+00
 1.80566e+00
 1.80566e+00
 2.48463e+00
 2.48463e+00
 2.48463e+00
 2.48463e+00
 2.48463e+00
 2.46960e+00
 2.46960e+00
 2.46960e+00
 2.46960e+00
 2.46960e+00
 2.44832e+00
 2.44832e+00
 2.44832e+00
 2.44832e+00
 2.44832e+00
 2.42229e+00
 2.42229e+00
 2.42229e+00
 2.42229e+00
 2.42229e+00
 2.39326e+00
 2.39326e+00
 2.39326e+00
 2.39326e+00
 2.39326e+00
 2.36246e+00
 2.36246e+00
 2.36246e+00
 2.36246e+00
 2.36246e+00
 2.33050e+00
 2.33050e+00
 2.33050e+00
 2.33050e+00
 2.33050e+00
 2.29796e+00
 2.29796e+00
 2.29796e+00
 2.29796e+00
 2.29796e+00
 2.26512e+00
 2.26512e+00
 2.26512e+00
 2.26512e+00
 2.26512e+00
 2.23206e+00
 2.23206e+00
 2.23206e+00
 2.23206e+00
 2.23206e+00
 2.19880e+00
 2.19880e+00
 2.19880e+00
 2.19880e+00
 2.19880e+00
 2.16534e+00
 2.16534e+00
 2.16534e+00
 2.16534e+00
 2.16534e+00
 2.13177e+00
 2.13177e+00
 2.13177e+00
 2.13177e+00
 2.13177e+00
 2.09974e+00
 2.09974e+00
 2.09974e+00
 2.09974e+00
 2.09974e+00
 2.06715e+00
 2.06715e+00
 2.06715e+00
 2.06715e+00
 2.06715e+00
 2.03776e+00
 2.03776e+00
 2.03776e+00
 2.03776e+00
 2.03776e+00
 2.00565e+00
 2.00565e+00
 2.00565e+00
 2.00565e+00
 2.00565e+00
 1.97598e+00
 1.97598e+00
 1.97598e+00
 1.97598e+00
 1.97598e+00
 1.94766e+00
 1.94766e+00
 1.94766e+00
 1.94766e+00
 1.94766e+00
 1.91888e+00
 1.91888e+00
 1.91888e+00
 1.91888e+00
 1.91888e+00
 1.89072e+00
 1.89072e+00
 1.89072e+00
 1.89072e+00
 1.89072e+00
 1.86076e+00
 1.86076e+00
 1.86076e+00
 1.86076e+00
 1.86076e+00
 1.83651e+00
 1.83651e+00
 1.83651e+00
 1.83651e+00
 1.83651e+00
 1.82161e+00
 1.82161e+00
 1.82161e+00
 1.82161e+00
 1.82161e+00
 1.80566e+00
 1.80566e+00
 1.80566e+00
 1.80566e+00
 1.80566e+00
part
         3
hexa8
 1.78494e+00
 1.78494e+00
 1.78494e+00
 1.78494e+00
 1.78494e+00
 1.77052e+00
 1.77052e+00
 1.77052e+00
 1.77052e+00
 1.77052e+00
 1.77446e+00
 1.77446e+00
 1.77446e+00
 1.77446e+00
 1.77446e+00
 1.78071e+00
 1.78071e+00
 1.78071e+00
 1.78071e+00
 1.78071e+00
 1.77977e+00
 1.77977e+00
 1.77977e+00
 1.77977e+00
 1.77977e+00
 1.77676e+00
 1.77676e+00
 1.77676e+00
 1.77676e+00
 1.77676e+00
 1.77274e+00
 1.77274e+00
 1.77274e+00
 1.77274e+00
 1.77274e+00
 1.76998e+00
 1.76998e+00
 1.76998e+00
 1.76998e+00
 1.76998e+00
 1.77209e+00
 1.77209e+00
 1.77209e+00
 1.77209e+00
 1.77209e+00
 1.77698e+00
 1.77698e+00
 1.77698e+00
 1.77698e+00
 1.77698e+00
 1.78029e+00
 1.78029e+00
 1.78029e+00
 1.78029e+00
 1.78029e+00
 1.78019e+00
 1.78019e+00
 1.78019e+00
 1.78019e+00
 1.78019e+00
 1.77632e+00
 1.77632e+00
 1.77632e+00
 1.77632e+00
 1.77632e+00
 1.77564e+00
 1.77564e+00
 1.77564e+00
 1.77564e+00
 1.77564e+00
 1.78068e+00
 1.78068e+00
 1.78068e+00
 1.78068e+00
 1.78068e+00
 1.80306e+00
 1.80306e+00
 1.80306e+00
 1.80306e+00
 1.80306e+00
 1.86767e+00
 1.86767e+00
 1.86767e+00
 1.86767e+00
 1.86767e+00
 2.02348e+00
 2.02348e+00
 2.02348e+00
 2.02348e+00
 2.02348e+00
 2.36348e+00
 2.36348e+00
 2.36348e+00
 2.36348e+00
 2.36348e+00
 2.70001e+00
 2.70001e+00
 2.70001e+00
 2.70001e+00
 2.70001e+00
 2.85071e+00
 2.85071e+00
 2.85071e+00
 2.85071e+00
 2.85071e+00
 2.89658e+00
 2.89658e+00
 2.89658e+00
 2.89658e+00
 2.89658e+00
 2.90318e+00
 2.90318e+00
 2.90318e+00
 2.90318e+00
 2.90318e+00
 2.89941e+00
 2.89941e+00
 2.89941e+00
 2.89941e+00
 2.89941e+00
 2.88406e+00
 2.88406e+00
 2.88406e+00
 2.88406e+00
 2.88406e+00
 1.78494e+00
 1.78494e+00
 1.78494e+00
 1.78494e+00
 1.78494e+00
 1.77052e+00
 1.77052e+00
 1.77052e+00
 1.77052e+00
 1.77052e+00
 1.77446e+00
 1.77446e+00
 1.77446e+00
 1.77446e+00
 1.77446e+00
 1.78071e+00
 1.78071e+00
 1.78071e+00
 1.78071e+00
 1.78071e+00
 1.77977e+00
 1.77977e+00
 1.77977e+00
 1.77977e+00
 1.77977e+00
 1.77676e+00
 1.77676e+00
 1.77676e+00
 1.77676e+00
 1.77676e+00
 1.77274e+00
 1.77274e+00
 1.77274e+00
 1.77274e+00
 1.77274e+00
 1.76998e+00
 1.76998e+00
 1.76998e+00
 1.76998e+00
 1.76998e+00
 1.77209e+00
 1.77209e+00
 1.77209e+00
 1.77209e+00
 1.77209e+00
 1.77698e+00
 1.77698e+00
 1.77698e+00
 1.77698e+00
 1.77698e+00
 1.78029e+00
 1.78029e+00
 1.78029e+00
 1.78029e+00
 1.78029e+00
 1.78019e+00
 1.78019e+00
 1.78019e+00
 1.78019e+00
 1.78019e+00
 1.77632e+00
 1.77632e+00
 1.77632e+00
 1.77632e+00
 1.77632e+00
 1.77564e+00
 1.77564e+00
 1.77564e+00
 1.77564e+00
 1.77564e+00
 1.78068e+00
 1.78068e+00
 1.78068e+00
 1.78068e+00
 1.78068e+00
 1.80306e+00
 1.80306e+00
 1.80306e+00
 1.80306e+00
 1.80306e+00
 1.86767e+00
 1.86767e+00
 1.86767e+00
 1.86767e+00
 1.86767e+00
 2.02348e+00
 2.02348e+00
 2.02348e+00
 2.02348e+00
 2.02348e+00
 2.36348e+00
 2.36348e+00
 2.36348e+00
 2.36348e+00
 2.36348e+00
 2.70001e+00
 2.70001e+00
 2.70001e+00
 2.70001e+00
 2.70001e+00
 2.85071e+00
 2.85071e+00
 2.85071e+00
 2.85071e+00
 2.85071e+00
 2.89658e+00
 2.89658e+00
 2.89658e+00
 2.89658e+00
 2.89658e+00
 2.90318e+00
 2.90318e+00
 2.90318e+00
 2.90318e+00
 2.90318e+00
 2.89941e+00
 2.89941e+00
 2.89941e+00
 2.89941e+00
 2.89941e+00
 2.88406e+00
 2.88406e+00
 2.88406e+00
 2.88406e+00
 2.88406e+00
 1.78494e+00
 1.78494e+00
 1.78494e+00
 1.78494e+00
 1.78494e+00
 1.77052e+00
 1.77052e+00
 1.77052e+00
 1.77052e+00
 1.77052e+00
 1.77446e+00
 1.77446e+00
 1.77446e+00
 1.77446e+00
 1.77446e+00
 1.78071e+00
 1.78071e+00
 1.78071e+00
 1.78071e+00
 1.78071e+00
 1.77977e+00
 1.77977e+00
 1.77977e+00
 1.77977e+00
 1.77977e+00
 1.77676e+00
 1.77676e+00
 1.77676e+00
 1.77676e+00
 1.77676e+00
 1.77274e+00
 1.77274e+00
 1.77274e+00
 1.77274e+00
 1.77274e+00
 1.76998e+00
 1.76998e+00
 1.76998e+00
 1.76998e+00
 1.76998e+00
 1.77209e+00
 1.77209e+00
 1.77209e+00
 1.77209e+00
 1.77209e+00
 1.77698e+00
 1.77698e+00
 1.77698e+00
 1.77698e+00
 1.77698e+00
 1.78029e+00
 1.78029e+00
 1.78029e+00
 1.78029e+00
 1.78029e+00
 1.78019e+00
 1.78019e+00
 1.78019e+00
 1.78019e+00
 1.78019e+00
 1.77632e+00
 1.77632e+00
 1.77632e+00
 1.77632e+00
 1.77632e+00
 1.77564e+00
 1.77564e+00
 1.77564e+00
 1.77564e+00
 1.77564e+00
 1.78068e+00
 1.78068e+00
 1.78068e+00
 1.78068e+00
 1.78068e+00
 1.80306e+00
 1.80306e+00
 1.80306e+00
 1.80306e+00
 1.80306e+00
 1.86767e+00
 1.86767e+00
 1.86767e+00
 1.86767e+00
 1.86767e+00
 2.02348e+00
 2.02348e+00
 2.02348e+00
 2.02348e+00
 2.02348e+00
 2.36348e+00
 2.36348e+00
 2.36348e+00
 2.36348e+00
 2.36348e+00
 2.70001e+00
 2.70001e+00
 2.70001e+00
 2.70001e+00
 2.70001e+00
 2.85071e+00
 2.85071e+00
 2.85071e+00
 2.85071e+00
 2.85071e+00
 2.89658e+00
 2.89658e+00
 2.89658e+00
 2.89658e+00
 2.89658e+00
 2.90318e+00
 2.90318e+00
 2.90318e+00
 2.90318e+00
 2.90318e+00
 2.89941e+00
 2.89941e+00
 2.89941e+00
 2.89941e+00
 2.89941e+00
 2.88406e+00
 2.88406e+00
 2.88406e+00
 2.88406e+00
 2.88406e+00
 1.78494e+00
 1.78494e+00
 1.78494e+00
 1.78494e+00
 1.78494e+00
 1.77052e+00
 1.77052e+00
 1.77052e+00
 1.77052e+00
 1.77052e+00
 1.77446e+00
 1.77446e+00
 1.77446e+00
 1.77446e+00
 1.77446e+00
 1.78071e+00
 1.78071e+00
 1.78071e+00
 1.78071e+00
 1.78071e+00
 1.77977e+00
 1.77977e+00
 1.77977e+00
 1.77977e+00
 1.77977e+00
 1.77676e+00
 1.77676e+00
 1.77676e+00
 1.77676e+00
 1.77676e+00
 1.77274e+00
 1.77274e+00
 1.77274e+00
 1.77274e+00
 1.77274e+00
 1.76998e+00
 1.76998e+00
 1.76998e+00
 1.76998e+00
 1.76998e+00
 1.77209e+00
 1.77209e+00
 1.77209e+00
 1.77209e+00
 1.77209e+00
 1.77698e+00
 1.77698e+00
 1.77698e+00
 1.77698e+00
 1.77698e+00
 1.78029e+00
 1.78029e+00
 1.78029e+00
 1.78029e+00
 1.78029e+00
 1.78019e+00
 1.78019e+00
 1.78019e+00
 1.78019e+00
 1.78019e+00
 1.77632e+00
 1.77632e+00
 1.77632e+00
 1.77632e+00
 1.77632e+00
 1.77564e+00
 1.77564e+00
 1.77564e+00
 1.77564e+00
 1.77564e+00
 1.78068e+00
 1.78068e+00
 1.78068e+00
 1.78068e+00
 1.78068e+00
 1.80306e+00
 1.80306e+00
 1.80306e+00
 1.80306e+00
 1.80306e+00
 1.86767e+00
 1.86767e+00
 1.86767e+00
 1.86767e+00
 1.86767e+00
 2.02348e+00
 2.02348e+00
 2.02348e+00
 2.02348e+00
 2.02348e+00
 2.36348e+00
 2.36348e+00
 2.36348e+00
 2.36348e+00
 2.36348e+00
 2.70001e+00
 2.70001e+00
 2.70001e+00
 2.70001e+00
 2.70001e+00
 2.85071e+00
 2.85071e+00
 2.85071e+00
 2.85071e+00
 2.85071e+00
 2.89658e+00
 2.89658e+00
 2.89658e+00
 2.89658e+00
 2.89658e+00
 2.90318e+00
 2.90318e+00
 2.90318e+00
 2.90318e+00
 2.90318e+00
 2.89941e+00
 2.89941e+00
 2.89941e+00
 2.89941e+00
 2.89941e+00
 2.88406e+00
 2.88406e+00
 2.88406e+00
 2.88406e+00
 2.88406e+00
 1.78494e+00
 1.78494e+00
 1.78494e+00
 1.78494e+00
 1.78494e+00
 1.77052e+00
 1.77052e+00
 1.77052e+00
 1.77052e+00
 1.77052e+00
 1.77446e+00
 1.77446e+00
 1.77446e+00
 1.77446e+00
 1.77446e+00
 1.78071e+00
 1.78071e+00
 1.78071e+00
 1.78071e+00
 1.78071e+00
 1.77977e+00
 1.77977e+00
 1.77977e+00
 1.77977e+00
 1.77977e+00
 1.77676e+00
 1.77676e+00
 1.77676e+00
 1.77676e+00
 1.77676e+00
 1.77274e+00
 1.77274e+00
 1.77274e+00
 1.77274e+00
 1.77274e+00
 1.76998e+00
 1.76998e+00
 1.76998e+00
 1.76998e+00
 1.76998e+00
 1.77209e+00
 1.77209e+00
 1.77209e+00
 1.77209e+00
 1.77209e+00
 1.77698e+00
 1.77698e+00
 1.77698e+00
 1.77698e+00
 1.77698e+00
 1.78029e+00
 1.78029e+00
 1.78029e+00
 1.78029e+00
 1.78029e+00
 1.78019e+00
 1.78019e+00
 1.78019e+00
 1.78019e+00
 1.78019e+00
 1.77632e+00
 1.77632e+00
 1.77632e+00
 1.77632e+00
 1.77632e+00
 1.77564e+00
 1.77564e+00
 1.77564e+00
 1.77564e+00
 1.77564e+00
 1.78068e+00
 1.78068e+00
 1.78068e+00
 1.78068e+00
 1.78068e+00
 1.80306e+00
 1.80306e+00
 1.80306e+00
 1.80306e+00
 1.80306e+00
 1.86767e+00
 1.86767e+00
 1.86767e+00
 1.86767e+00
 1.86767e+00
 2.02348e+00
 2.02348e+00
 2.02348e+00
 2.02348e+00
 2.02348e+00
 2.36348e+00
 2.36348e+00
 2.36348e+00
 2.36348e+00
 2.36348e+00
 2.70001e+00
 2.70001e+00
 2.70001e+00
 2.70001e+00
 2.70001e+00
 2.85071e+00
 2.85071e+00
 2.85071e+00
 2.85071e+00
 2.85071e+00
 2.89658e+00
 2.89658e+00
 2.89658e+00
 2.89658e+00
 2.89658e+00
 2.90318e+00
 2.90318e+00
 2.90318e+00
 2.90318e+00
 2.90318e+00
 2.89941e+00
 2.89941e+00
 2.89941e+00
 2.89941e+00
 2.89941e+00
 2.88406e+00
 2.88406e+00
 2.88406e+00
 2.88406e+00
 2.88406e+00
part
         4
hexa8
 2.86431e+00
 2.86431e+00
 2.86431e+00
 2.86431e+00
 2.86431e+00
 2.85585e+00
 2.85585e+00
 2.85585e+00
 2.85585e+00
 2.85585e+00
 2.85184e+00
 2.85184e+00
 2.85184e+00
 2.85184e+00
 2.85184e+00
 2.84798e+00
 2.84798e+00
 2.84798e+00
 2.84798e+00
 2.84798e+00
 2.84456e+00
 2.84456e+00
 2.84456e+00
 2.84456e+00
 2.84456e+00
 2.83854e+00
 2.83854e+00
 2.83854e+00
 2.83854e+00
 2.83854e+00
 2.81896e+00
 2.81896e+00
 2.81896e+00
 2.81896e+00
 2.81896e+00
 2.77111e+00
 2.77111e+00
 2.77111e+00
 2.77111e+00
 2.77111e+00
 2.68047e+00
 2.68047e+00
 2.68047e+00
 2.68047e+00
 2.68047e+00
 2.54020e+00
 2.54020e+00
 2.54020e+00
 2.54020e+00
 2.54020e+00
 2.37318e+00
 2.37318e+00
 2.37318e+00
 2.37318e+00
 2.37318e+00
 2.21548e+00
 2.21548e+00
 2.21548e+00
 2.21548e+00
 2.21548e+00
 2.10086e+00
 2.10086e+00
 2.10086e+00
 2.10086e+00
 2.10086e+00
 2.03727e+00
 2.03727e+00
 2.03727e+00
 2.03727e+00
 2.03727e+00
 2.01121e+00
 2.01121e+00
 2.01121e+00
 2.01121e+00
 2.01121e+00
 2.00298e+00
 2.00298e+00
 2.00298e+00
 2.00298e+00
 2.00298e+00
 2.00075e+00
 2.00075e+00
 2.00075e+00
 2.00075e+00
 2.00075e+00
 2.00018e+00
 2.00018e+00
 2.00018e+00
 2.00018e+00
 2.00018e+00
 2.00004e+00
 2.00004e+00
 2.00004e+00
 2.00004e+00
 2.00004e+00
 2.00001e+00
 2.00001e+00
 2.00001e+00
 2.00001e+00
 2.00001e+00
 2.00000e+00
 2.00000e+00
 2.00000e+00
 2.00000e+00
 2.00000e+00
 2.00000e+00
 2.00000e+00
 2.00000e+00
 2.00000e+00
 2.00000e+00
 2.00000e+00
 2.00000e+00
 2.00000e+00
 2.00000e+00
 2.00000e+00
 2.00000e+00
 2.00000e+00
 2.00000e+00
 2.00000e+00
 2.00000e+00
 2.00000e+00
 2.00000e+00
 2.00000e+00
 2.00000e+00
 2.00000e+00
 2.86431e+00
 2.86431e+00
 2.86431e+00
 2.86431e+00
 2.86431e+00
 2.85585e+00
 2.85585e+00
 2.85585e+00
 2.85585e+00
 2.85585e+00
 2.85184e+00
 2.85184e+00
 2.85184e+00
 2.85184e+00
 2.85184e+00
 2.84798e+00
 2.84798e+00
 2.84798e+00
 2.84798e+00
 2.84798e+00
 2.84456e+00
 2.84456e+00
 2.84456e+00
 2.84456e+00
 2.84456e+00
 2.83854e+00
 2.83854e+00
 2.83854e+00
 2.83854e+00
 2.83854e+00
 2.81896e+00
 2.81896e+00
 2.81896e+00
 2.81896e+00
 2.81896e+00
 2.77111e+00
 2.77111e+00
 2.77111e+00
 2.77111e+00
 2.77111e+00
 2.68047e+00
 2.68047e+00
 2.68047e+00
 2.68047e+00
 2.68047e+00
 2.54020e+00
 2.54020e+00
 2.54020e+00
 2.54020e+00
 2.54020e+00
 2.37318e+00
 2.37318e+00
 2.37318e+00
 2.37318e+00
 2.37318e+00
 2.21548e+00
 2.21548e+00
 2.21548e+00
 2.21548e+00
 2.21548e+00
 2.10086e+00
 2.10086e+00
 2.10086e+00
 2.10086e+00
 2.10086e+00
 2.03727e+00
 2.03727e+00
 2.03727e+00
 2.03727e+00
 2.03727e+00
 2.01121e+00
 2.01121e+00
 2.01121e+00
 2.01121e+00
 2.01121e+00
 2.00298e+00
 2.00298e+00
 2.00298e+00
 2.00298e+00
 2.00298e+00
 2.00075e+00
 2.00075e+00
 2.00075e+00
 2.00075e+00
 2.00075e+00
 2.00018e+00
 2.00018e+00
 2.00018e+00
 2.00018e+00
 2.00018e+00
 2.00004e+00
 2.00004e+00
 2.00004e+00
 2.00004e+00
 2.00004e+00
 2.00001e+00
 2.00001e+00
 2.00001e+00
 2.00001e+00
 2.00001e+00
 2.00000e+00
 2.00000e+00
 2.00000e+00
 2.00000e+00
 2.00000e+00
 2.00000e+00
 2.00000e+00
 2.00000e+00
 2.00000e+00
 2.00000e+00
 2.00000e+00
 2.00000e+00
 2.00000e+00
 2.00000e+00
 2.00000e+00
 2.00000e+00
 2.00000e+00
 2.00000e+00
 2.00000e+00
 2.00000e+00
 2.00000e+00
 2.00000e+00
 2.00000e+00
 2.00000e+00
 2.00000e+00
 2.86431e+00
 2.86431e+00
 2.86431e+00
 2.86431e+00
 2.86431e+00
 2.85585e+00
 2.85585e+00
 2.85585e+00
 2.85585e+00
 2.85585e+00
 2.85184e+00
 2.85184e+00
 2.85184e+00
 2.85184e+00
 2.85184e+00
 2.84798e+00
 2.84798e+00
 2.84798e+00
 2.84798e+00
 2.84798e+00
 2.84456e+00
 2.84456e+00
 2.84456e+00
 2.84456e+00
 2.84456e+00
 2.83854e+00
 2.83854e+00
 2.83854e+00
 2.83854e+00
 2.83854e+00
 2.81896e+00
 2.81896e+00
 2.81896e+00
 2.81896e+00
 2.81896e+00
 2.77111e+00
 2.77111e+00
 2.77111e+00
 2.77111e+00
 2.77111e+00
 2.68047e+00
 2.68047e+00
 2.68047e+00
 2.68047e+00
 2.68047e+00
 2.54020e+00
 2.54020e+00
 2.54020e+00
 2.54020e+00
 2.54020e+00
 2.37318e+00
 2.37318e+00
 2.37318e+00
 2.37318e+00
 2.37318e+00
 2.21548e+00
 2.21548e+00
 2.21548e+00
 2.21548e+00
 2.21548e+00
 2.10086e+00
 2.10086e+00
 2.10086e+00
 2.10086e+00
 2.10086e+00
 2.03727e+00
 2.03727e+00
 2.03727e+00
 2.03727e+00
 2.03727e+00
 2.01121e+00
 2.01121e+00
 2.01121e+00
 2.01121e+00
 2.01121e+00
 2.00298e+00
 2.00298e+00
 2.00298e+00
 2.00298e+00
 2.00298e+00
 2.00075e+00
 2.00075e+00
 2.00075e+00
 2.00075e+00
 2.00075e+00
 2.00018e+00
 2.00018e+00
 2.00018e+00
 2.00018e+00
 2.00018e+00
 2.00004e+00
 2.00004e+00
 2.00004e+00
 2.00004e+00
 2.00004e+00
 2.00001e+00
 2.00001e+00
 2.00001e+00
 2.00001e+00
 2.00001e+00
 2.00000e+00
 2.00000e+00
 2.00000e+00
 2.00000e+00
 2.00000e+00
 2.00000e+00
 2.00000e+00
 2.00000e+00
 2.00000e+00
 2.00000e+00
 2.00000e+00
 2.00000e+00
 2.00000e+00
 2.00000e+00
 2.00000e+00
 2.00000e+00
 2.00000e+00
 2.00000e+00
 2.00000e+00
 2.00000e+00
 2.00000e+00
 2.00000e+00
 2.00000e+00
 2.00000e+00
 2.00000e+00
 2.86431e+00
 2.86431e+00
 2.86431e+00
 2.86431e+00
 2.86431e+00
 2.85585e+00
 2.85585e+00
 2.85585e+00
 2.85585e+00
 2.85585e+00
 2.85184e+00
 2.85184e+00
 2.85184e+00
 2.85184e+00
 2.85184e+00
 2.84798e+00
 2.84798e+00
 2.84798e+00
 2.84798e+00
 2.84798e+00
 2.84456e+00
 2.84456e+00
 2.84456e+00
 2.84456e+00
 2.84456e+00
 2.83854e+00
 2.83854e+00
 2.83854e+00
 2.83854e+00
 2.83854e+00
 2.81896e+00
 2.81896e+00
 2.81896e+00
 2.81896e+00
 2.81896e+00
 2.77111e+00
 2.77111e+00
 2.77111e+00
 2.77111e+00
 2.77111e+00
 2.68047e+00
 2.68047e+00
 2.68047e+00
 2.68047e+00
 2.68047e+00
 2.54020e+00
 2.54020e+00
 2.54020e+00
 2.54020e+00
 2.54020e+00
 2.37318e+00
 2.37318e+00
 2.37318e+00
 2.37318e+00
 2.37318e+00
 2.21548e+00
 2.21548e+00
 2.21548e+00
 2.21548e+00
 2.21548e+00
 2.10086e+00
 2.10086e+00
 2.10086e+00
 2.10086e+00
 2.10086e+00
 2.03727e+00
 2.03727e+00
 2.03727e+00
 2.03727e+00
 2.03727e+00
 2.01121e+00
 2.01121e+00
 2.01121e+00
 2.01121e+00
 2.01121e+00
 2.00298e+00
 2.00298e+00
 2.00298e+00
 2.00298e+00
 2.00298e+00
 2.00075e+00
 2.00075e+00
 2.00075e+00
 2.00075e+00
 2.00075e+00
 2.00018e+00
 2.00018e+00
 2.00018e+00
 2.00018e+00
 2.00018e+00
 2.00004e+00
 2.00004e+00
 2.00004e+00
 2.00004e+00
 2.00004e+00
 2.00001e+00
 2.00001e+00
 2.00001e+00
 2.00001e+00
 2.00001e+00
 2.00000e+00
 2.00000e+00
 2.00000e+00
 2.00000e+00
 2.00000e+00
 2.00000e+00
 2.00000e+00
 2.00000e+00
 2.00000e+00
 2.00000e+00
 2.00000e+00
 2.00000e+00
 2.00000e+00
 2.00000e+00
 2.00000e+00
 2.00000e+00
 2.00000e+00
 2.00000e+00
 2.00000e+00
 2.00000e+00
 2.00000e+00
 2.00000e+00
 2.00000e+00
 2.00000e+00
 2.00000e+00
 2.86431e+00
 2.86431e+00
 2.86431e+00
 2.86431e+00
 2.86431e+00
 2.85585e+00
 2.85585e+00
 2.85585e+00
 2.85585e+00
 2.85585e+00
 2.85184e+00
 2.85184e+00
 2.85184e+00
 2.85184e+00
 2.85184e+00
 2.84798e+00
 2.84798e+00
 2.84798e+00
 2.84798e+00
 2.84798e+00
 2.84456e+00
 2.84456e+00
 2.84456e+00
 2.84456e+00
 2.84456e+00
 2.83854e+00
 2.83854e+00
 2.83854e+00
 2.83854e+00
 2.83854e+00
 2.81896e+00
 2.81896e+00
 2.81896e+00
 2.81896e+00
 2.81896e+00
 2.77111e+00
 2.77111e+00
 2.77111e+00
 2.77111e+00
 2.77111e+00
 2.68047e+00
 2.68047e+00
 2.68047e+00
 2.68047e+00
 2.68047e+00
 2.54020e+00
 2.54020e+00
 2.54020e+00
 2.54020e+00
 2.54020e+00
 2.37318e+00
 2.37318e+00
 2.37318e+00
 2.37318e+00
 2.37318e+00
 2.21548e+00
 2.21548e+00
 2.21548e+00
 2.21548e+00
 2.21548e+00
 2.10086e+00
 2.10086e+00
 2.10086e+00
 2.10086e+00
 2.10086e+00
 2.03727e+00
 2.03727e+00
 2.03727e+00
 2.03727e+00
 2.03727e+00
 2.01121e+00
 2.01121e+00
 2.01121e+00
 2.01121e+00
 2.01121e+00
 2.00298e+00
 2.00298e+00
 2.00298e+00
 2.00298e+00
 2.00298e+00
 2.00075e+00
 2.00075e+00
 2.00075e+00
 2.00075e+00
 2.00075e+00
 2.00018e+00
 2.00018e+00
 2.00018e+00
 2.00018e+00
 2.00018e+00
 2.00004e+00
 2.00004e+00
 2.00004e+00
 2.00004e+00
 2.00004e+00
 2.00001e+00
 2.00001e+00
 2.00001e+00
 2.00001e+00
 2.00001e+00
 2.00000e+00
 2.00000e+00
 2.00000e+00
 2.00000e+00
 2.00000e+00
 2.00000e+00
 2.00000e+00
 2.00000e+00
 2.00000e+00
 2.00000e+00
 2.00000e+00
 2.00000e+00
 2.00000e+00
 2.00000e+00
 2.00000e+00
 2.00000e+00
 2.00000e+00
 2.00000e+00
 2.00000e+00
 2.00000e+00
 2.00000e+00
 2.00000e+00
 2.00000e+00
 2.00000e+00
 2.00000e+00
