CellMass
part
         1
hexa8
 4.00000e-06
 4.00000e-06
 4.00000e-06
 4.00000e-06
 4.00000e-06
 4.00000e-06
 4.00000e-06
 4.00000e-06
 4.00000e-06
 4.00000e-06
 4.00000e-06
 4.00000e-06
 4.00000e-06
 4.00000e-06
 4.00000e-06
 4.00000e-06
 4.00000e-06
 4.00000e-06
 3.99999e-06
 3.99995e-06
 3.99975e-06
 3.99897e-06
 3.99627e-06
 3.98836e-06
 3.96896e-06
 4.00000e-06
 4.00000e-06
 4.00000e-06
 4.00000e-06
 4.00000e-06
 4.00000e-06
 4.00000e-06
 4.00000e-06
 4.00000e-06
 4.00000e-06
 4.00000e-06
 4.00000e-06
 4.00000e-06
 4.00000e-06
 4.00000e-06
 4.00000e-06
 4.00000e-06
 4.00000e-06
 3.99999e-06
 3.99995e-06
 3.99975e-06
 3.99897e-06
 3.99627e-06
 3.98836e-06
 3.96896e-06
 4.00000e-06
 4.00000e-06
 4.00000e-06
 4.00000e-06
 4.00000e-06
 4.00000e-06
 4.00000e-06
 4.00000e-06
 4.00000e-06
 4.00000e-06
 4.00000e-06
 4.00000e-06
 4.00000e-06
 4.00000e-06
 4.00000e-06
 4.00000e-06
 4.00000e-06
 4.00000e-06
 3.99999e-06
 3.99995e-06
 3.99975e-06
 3.99897e-06
 3.99627e-06
 3.98836e-06
 3.96896e-06
 4.00000e-06
 4.00000e-06
 4.00000e-06
 4.00000e-06
 4.00000e-06
 4.00000e-06
 4.00000e-06
 4.00000e-06
 4.00000e-06
 4.00000e-06
 4.00000e-06
 4.00000e-06
 4.00000e-06
 4.00000e-06
 4.00000e-06
 4.00000e-06
 4.00000e-06
 4.00000e-06
 3.99999e-06
 3.99995e-06
 3.99975e-06
 3.99897e-06
 3.99627e-06
 3.98836e-06
 3.96896e-06
 4.00000e-06
 4.00000e-06
 4.00000e-06
 4.00000e-06
 4.00000e-06
 4.00000e-06
 4.00000e-06
 4.00000e-06
 4.00000e-06
 4.00000e-06
 4.00000e-06
 4.00000e-06
 4.00000e-06
 4.00000e-06
 4.00000e-06
 4.00000e-06
 4.00000e-06
 4.00000e-06
 3.99999e-06
 3.99995e-06
 3.99975e-06
 3.99897e-06
 3.99627e-06
 3.98836e-06
 3.96896e-06
 4.00000e-06
 4.00000e-06
 4.00000e-06
 4.00000e-06
 4.00000e-06
 4.00000e-06
 4.00000e-06
 4.00000e-06
 4.00000e-06
 4.00000e-06
 4.00000e-06
 4.00000e-06
 4.00000e-06
 4.00000e-06
 4.00000e-06
 4.00000e-06
 4.00000e-06
 4.00000e-06
 3.99999e-06
 3.99995e-06
 3.99975e-06
 3.99897e-06
 3.99627e-06
 3.98836e-06
 3.96896e-06
 4.00000e-06
 4.00000e-06
 4.00000e-06
 4.00000e-06
 4.00000e-06
 4.00000e-06
 4.00000e-06
 4.00000e-06
 4.00000e-06
 4.00000e-06
 4.00000e-06
 4.00000e-06
 4.00000e-06
 4.00000e-06
 4.00000e-06
 4.00000e-06
 4.00000e-06
 4.00000e-06
 3.99999e-06
 3.99995e-06
 3.99975e-06
 3.99897e-06
 3.99627e-06
 3.98836e-06
 3.96896e-06
 4.00000e-06
 4.00000e-06
 4.00000e-06
 4.00000e-06
 4.00000e-06
 4.00000e-06
 4.00000e-06
 4.00000e-06
 4.00000e-06
 4.00000e-06
 4.00000e-06
 4.00000e-06
 4.00000e-06
 4.00000e-06
 4.00000e-06
 4.00000e-06
 4.00000e-06
 4.00000e-06
 3.99999e-06
 3.99995e-06
 3.99975e-06
 3.99897e-06
 3.99627e-06
 3.98836e-06
 3.96896e-06
 4.00000e-06
 4.00000e-06
 4.00000e-06
 4.00000e-06
 4.00000e-06
 4.00000e-06
 4.00000e-06
 4.00000e-06
 4.00000e-06
 4.00000e-06
 4.00000e-06
 4.00000e-06
 4.00000e-06
 4.00000e-06
 4.00000e-06
 4.00000e-06
 4.00000e-06
 4.00000e-06
 3.99999e-06
 3.99995e-06
 3.99975e-06
 3.99897e-06
 3.99627e-06
 3.98836e-06
 3.96896e-06
 4.00000e-06
 4.00000e-06
 4.00000e-06
 4.00000e-06
 4.00000e-06
 4.00000e-06
 4.00000e-06
 4.00000e-06
 4.00000e-06
 4.00000e-06
 4.00000e-06
 4.00000e-06
 4.00000e-06
 4.00000e-06
 4.00000e-06
 4.00000e-06
 4.00000e-06
 4.00000e-06
 3.99999e-06
 3.99995e-06
 3.99975e-06
 3.99897e-06
 3.99627e-06
 3.98836e-06
 3.96896e-06
 4.00000e-06
 4.00000e-06
 4.00000e-06
 4.00000e-06
 4.00000e-06
 4.00000e-06
 4.00000e-06
 4.00000e-06
 4.00000e-06
 4.00000e-06
 4.00000e-06
 4.00000e-06
 4.00000e-06
 4.00000e-06
 4.00000e-06
 4.00000e-06
 4.00000e-06
 4.00000e-06
 3.99999e-06
 3.99995e-06
 3.99975e-06
 3.99897e-06
 3.99627e-06
 3.98836e-06
 3.96896e-06
 4.00000e-06
 4.00000e-06
 4.00000e-06
 4.00000e-06
 4.00000e-06
 4.00000e-06
 4.00000e-06
 4.00000e-06
 4.00000e-06
 4.00000e-06
 4.00000e-06
 4.00000e-06
 4.00000e-06
 4.00000e-06
 4.00000e-06
 4.00000e-06
 4.00000e-06
 4.00000e-06
 3.99999e-06
 3.99995e-06
 3.99975e-06
 3.99897e-06
 3.99627e-06
 3.98836e-06
 3.96896e-06
 4.00000e-06
 4.00000e-06
 4.00000e-06
 4.00000e-06
 4.00000e-06
 4.00000e-06
 4.00000e-06
 4.00000e-06
 4.00000e-06
 4.00000e-06
 4.00000e-06
 4.00000e-06
 4.00000e-06
 4.00000e-06
 4.00000e-06
 4.00000e-06
 4.00000e-06
 4.00000e-06
 3.99999e-06
 3.99995e-06
 3.99975e-06
 3.99897e-06
 3.99627e-06
 3.98836e-06
 3.96896e-06
 4.00000e-06
 4.00000e-06
 4.00000e-06
 4.00000e-06
 4.00000e-06
 4.00000e-06
 4.00000e-06
 4.00000e-06
 4.00000e-06
 4.00000e-06
 4.00000e-06
 4.00000e-06
 4.00000e-06
 4.00000e-06
 4.00000e-06
 4.00000e-06
 4.00000e-06
 4.00000e-06
 3.99999e-06
 3.99995e-06
 3.99975e-06
 3.99897e-06
 3.99627e-06
 3.98836e-06
 3.96896e-06
 4.00000e-06
 4.00000e-06
 4.00000e-06
 4.00000e-06
 4.00000e-06
 4.00000e-06
 4.00000e-06
 4.00000e-06
 4.00000e-06
 4.00000e-06
 4.00000e-06
 4.00000e-06
 4.00000e-06
 4.00000e-06
 4.00000e-06
 4.00000e-06
 4.00000e-06
 4.00000e-06
 3.99999e-06
 3.99995e-06
 3.99975e-06
 3.99897e-06
 3.99627e-06
 3.98836e-06
 3.96896e-06
 4.00000e-06
 4.00000e-06
 4.00000e-06
 4.00000e-06
 4.00000e-06
 4.00000e-06
 4.00000e-06
 4.00000e-06
 4.00000e-06
 4.00000e-06
 4.00000e-06
 4.00000e-06
 4.00000e-06
 4.00000e-06
 4.00000e-06
 4.00000e-06
 4.00000e-06
 4.00000e-06
 3.99999e-06
 3.99995e-06
 3.99975e-06
 3.99897e-06
 3.99627e-06
 3.98836e-06
 3.96896e-06
 4.00000e-06
 4.00000e-06
 4.00000e-06
 4.00000e-06
 4.00000e-06
 4.00000e-06
 4.00000e-06
 4.00000e-06
 4.00000e-06
 4.00000e-06
 4.00000e-06
 4.00000e-06
 4.00000e-06
 4.00000e-06
 4.00000e-06
 4.00000e-06
 4.00000e-06
 4.00000e-06
 3.99999e-06
 3.99995e-06
 3.99975e-06
 3.99897e-06
 3.99627e-06
 3.98836e-06
 3.96896e-06
 4.00000e-06
 4.00000e-06
 4.00000e-06
 4.00000e-06
 4.00000e-06
 4.00000e-06
 4.00000e-06
 4.00000e-06
 4.00000e-06
 4.00000e-06
 4.00000e-06
 4.00000e-06
 4.00000e-06
 4.00000e-06
 4.00000e-06
 4.00000e-06
 4.00000e-06
 4.00000e-06
 3.99999e-06
 3.99995e-06
 3.99975e-06
 3.99897e-06
 3.99627e-06
 3.98836e-06
 3.96896e-06
 4.00000e-06
 4.00000e-06
 4.00000e-06
 4.00000e-06
 4.00000e-06
 4.00000e-06
 4.00000e-06
 4.00000e-06
 4.00000e-06
 4.00000e-06
 4.00000e-06
 4.00000e-06
 4.00000e-06
 4.00000e-06
 4.00000e-06
 4.00000e-06
 4.00000e-06
 4.00000e-06
 3.99999e-06
 3.99995e-06
 3.99975e-06
 3.99897e-06
 3.99627e-06
 3.98836e-06
 3.96896e-06
 4.00000e-06
 4.00000e-06
 4.00000e-06
 4.00000e-06
 4.00000e-06
 4.00000e-06
 4.00000e-06
 4.00000e-06
 4.00000e-06
 4.00000e-06
 4.00000e-06
 4.00000e-06
 4.00000e-06
 4.00000e-06
 4.00000e-06
 4.00000e-06
 4.00000e-06
 4.00000e-06
 3.99999e-06
 3.99995e-06
 3.99975e-06
 3.99897e-06
 3.99627e-06
 3.98836e-06
 3.96896e-06
 4.00000e-06
 4.00000e-06
 4.00000e-06
 4.00000e-06
 4.00000e-06
 4.00000e-06
 4.00000e-06
 4.00000e-06
 4.00000e-06
 4.00000e-06
 4.00000e-06
 4.00000e-06
 4.00000e-06
 4.00000e-06
 4.00000e-06
 4.00000e-06
 4.00000e-06
 4.00000e-06
 3.99999e-06
 3.99995e-06
 3.99975e-06
 3.99897e-06
 3.99627e-06
 3.98836e-06
 3.96896e-06
 4.00000e-06
 4.00000e-06
 4.00000e-06
 4.00000e-06
 4.00000e-06
 4.00000e-06
 4.00000e-06
 4.00000e-06
 4.00000e-06
 4.00000e-06
 4.00000e-06
 4.00000e-06
 4.00000e-06
 4.00000e-06
 4.00000e-06
 4.00000e-06
 4.00000e-06
 4.00000e-06
 3.99999e-06
 3.99995e-06
 3.99975e-06
 3.99897e-06
 3.99627e-06
 3.98836e-06
 3.96896e-06
 4.00000e-06
 4.00000e-06
 4.00000e-06
 4.00000e-06
 4.00000e-06
 4.00000e-06
 4.00000e-06
 4.00000e-06
 4.00000e-06
 4.00000e-06
 4.00000e-06
 4.00000e-06
 4.00000e-06
 4.00000e-06
 4.00000e-06
 4.00000e-06
 4.00000e-06
 4.00000e-06
 3.99999e-06
 3.99995e-06
 3.99975e-06
 3.99897e-06
 3.99627e-06
 3.98836e-06
 3.96896e-06
 4.00000e-06
 4.00000e-06
 4.00000e-06
 4.00000e-06
 4.00000e-06
 4.00000e-06
 4.00000e-06
 4.00000e-06
 4.00000e-06
 4.00000e-06
 4.00000e-06
 4.00000e-06
 4.00000e-06
 4.00000e-06
 4.00000e-06
 4.00000e-06
 4.00000e-06
 4.00000e-06
 3.99999e-06
 3.99995e-06
 3.99975e-06
 3.99897e-06
 3.99627e-06
 3.98836e-06
 3.96896e-06
 4.00000e-06
 4.00000e-06
 4.00000e-06
 4.00000e-06
 4.00000e-06
 4.00000e-06
 4.00000e-06
 4.00000e-06
 4.00000e-06
 4.00000e-06
 4.00000e-06
 4.00000e-06
 4.00000e-06
 4.00000e-06
 4.00000e-06
 4.00000e-06
 4.00000e-06
 4.00000e-06
 3.99999e-06
 3.99995e-06
 3.99975e-06
 3.99897e-06
 3.99627e-06
 3.98836e-06
 3.96896e-06
part
         2
hexa8
 3.92996e-06
 3.86605e-06
 3.77908e-06
 3.67621e-06
 3.56469e-06
 3.44943e-06
 3.33319e-06
 3.21746e-06
 3.10323e-06
 2.99089e-06
 2.88052e-06
 2.77197e-06
 2.66609e-06
 2.56936e-06
 2.47585e-06
 2.38854e-06
 2.30400e-06
 2.22449e-06
 2.14824e-06
 2.07655e-06
 2.00924e-06
 1.94379e-06
 1.88394e-06
 1.83133e-06
 1.78509e-06
 3.92996e-06
 3.86605e-06
 3.77908e-06
 3.67621e-06
 3.56469e-06
 3.44943e-06
 3.33319e-06
 3.21746e-06
 3.10323e-06
 2.99089e-06
 2.88052e-06
 2.77197e-06
 2.66609e-06
 2.56936e-06
 2.47585e-06
 2.38854e-06
 2.30400e-06
 2.22449e-06
 2.14824e-06
 2.07655e-06
 2.00924e-06
 1.94379e-06
 1.88394e-06
 1.83133e-06
 1.78509e-06
 3.92996e-06
 3.86605e-06
 3.77908e-06
 3.67621e-06
 3.56469e-06
 3.44943e-06
 3.33319e-06
 3.21746e-06
 3.10323e-06
 2.99089e-06
 2.88052e-06
 2.77197e-06
 2.66609e-06
 2.56936e-06
 2.47585e-06
 2.38854e-06
 2.30400e-06
 2.22449e-06
 2.14824e-06
 2.07655e-06
 2.00924e-06
 1.94379e-06
 1.88394e-06
 1.83133e-06
 1.78509e-06
 3.92996e-06
 3.86605e-06
 3.77908e-06
 3.67621e-06
 3.56469e-06
 3.44943e-06
 3.33319e-06
 3.21746e-06
 3.10323e-06
 2.99089e-06
 2.88052e-06
 2.77197e-06
 2.66609e-06
 2.56936e-06
 2.47585e-06
 2.38854e-06
 2.30400e-06
 2.22449e-06
 2.14824e-06
 2.07655e-06
 2.00924e-06
 1.94379e-06
 1.88394e-06
 1.83133e-06
 1.78509e-06
 3.92996e-06
 3.86605e-06
 3.77908e-06
 3.67621e-06
 3.56469e-06
 3.44943e-06
 3.33319e-06
 3.21746e-06
 3.10323e-06
 2.99089e-06
 2.88052e-06
 2.77197e-06
 2.66609e-06
 2.56936e-06
 2.47585e-06
 2.38854e-06
 2.30400e-06
 2.22449e-06
 2.14824e-06
 2.07655e-06
 2.00924e-06
 1.94379e-06
 1.88394e-06
 1.83133e-06
 1.78509e-06
 3.92996e-06
 3.86605e-06
 3.77908e-06
 3.67621e-06
 3.56469e-06
 3.44943e-06
 3.33319e-06
 3.21746e-06
 3.10323e-06
 2.99089e-06
 2.88052e-06
 2.77197e-06
 2.66609e-06
 2.56936e-06
 2.47585e-06
 2.38854e-06
 2.30400e-06
 2.22449e-06
 2.14824e-06
 2.07655e-06
 2.00924e-06
 1.94379e-06
 1.88394e-06
 1.83133e-06
 1.78509e-06
 3.92996e-06
 3.86605e-06
 3.77908e-06
 3.67621e-06
 3.56469e-06
 3.44943e-06
 3.33319e-06
 3.21746e-06
 3.10323e-06
 2.99089e-06
 2.88052e-06
 2.77197e-06
 2.66609e-06
 2.56936e-06
 2.47585e-06
 2.38854e-06
 2.30400e-06
 2.22449e-06
 2.14824e-06
 2.07655e-06
 2.00924e-06
 1.94379e-06
 1.88394e-06
 1.83133e-06
 1.78509e-06
 3.92996e-06
 3.86605e-06
 3.77908e-06
 3.67621e-06
 3.56469e-06
 3.44943e-06
 3.33319e-06
 3.21746e-06
 3.10323e-06
 2.99089e-06
 2.88052e-06
 2.77197e-06
 2.66609e-06
 2.56936e-06
 2.47585e-06
 2.38854e-06
 2.30400e-06
 2.22449e-06
 2.14824e-06
 2.07655e-06
 2.00924e-06
 1.94379e-06
 1.88394e-06
 1.83133e-06
 1.78509e-06
 3.92996e-06
 3.86605e-06
 3.77908e-06
 3.67621e-06
 3.56469e-06
 3.44943e-06
 3.33319e-06
 3.21746e-06
 3.10323e-06
 2.99089e-06
 2.88052e-06
 2.77197e-06
 2.66609e-06
 2.56936e-06
 2.47585e-06
 2.38854e-06
 2.30400e-06
 2.22449e-06
 2.14824e-06
 2.07655e-06
 2.00924e-06
 1.94379e-06
 1.88394e-06
 1.83133e-06
 1.78509e-06
 3.92996e-06
 3.86605e-06
 3.77908e-06
 3.67621e-06
 3.56469e-06
 3.44943e-06
 3.33319e-06
 3.21746e-06
 3.10323e-06
 2.99089e-06
 2.88052e-06
 2.77197e-06
 2.66609e-06
 2.56936e-06
 2.47585e-06
 2.38854e-06
 2.30400e-06
 2.22449e-06
 2.14824e-06
 2.07655e-06
 2.00924e-06
 1.94379e-06
 1.88394e-06
 1.83133e-06
 1.78509e-06
 3.92996e-06
 3.86605e-06
 3.77908e-06
 3.67621e-06
 3.56469e-06
 3.44943e-06
 3.33319e-06
 3.21746e-06
 3.10323e-06
 2.99089e-06
 2.88052e-06
 2.77197e-06
 2.66609e-06
 2.56936e-06
 2.47585e-06
 2.38854e-06
 2.30400e-06
 2.22449e-06
 2.14824e-06
 2.07655e-06
 2.00924e-06
 1.94379e-06
 1.88394e-06
 1.83133e-06
 1.78509e-06
 3.92996e-06
 3.86605e-06
 3.77908e-06
 3.67621e-06
 3.56469e-06
 3.44943e-06
 3.33319e-06
 3.21746e-06
 3.10323e-06
 2.99089e-06
 2.88052e-06
 2.77197e-06
 2.66609e-06
 2.56936e-06
 2.47585e-06
 2.38854e-06
 2.30400e-06
 2.22449e-06
 2.14824e-06
 2.07655e-06
 2.00924e-06
 1.94379e-06
 1.88394e-06
 1.83133e-06
 1.78509e-06
 3.92996e-06
 3.86605e-06
 3.77908e-06
 3.67621e-06
 3.56469e-06
 3.44943e-06
 3.33319e-06
 3.21746e-06
 3.10323e-06
 2.99089e-06
 2.88052e-06
 2.77197e-06
 2.66609e-06
 2.56936e-06
 2.47585e-06
 2.38854e-06
 2.30400e-06
 2.22449e-06
 2.14824e-06
 2.07655e-06
 2.00924e-06
 1.94379e-06
 1.88394e-06
 1.83133e-06
 1.78509e-06
 3.92996e-06
 3.86605e-06
 3.77908e-06
 3.67621e-06
 3.56469e-06
 3.44943e-06
 3.33319e-06
 3.21746e-06
 3.10323e-06
 2.99089e-06
 2.88052e-06
 2.77197e-06
 2.66609e-06
 2.56936e-06
 2.47585e-06
 2.38854e-06
 2.30400e-06
 2.22449e-06
 2.14824e-06
 2.07655e-06
 2.00924e-06
 1.94379e-06
 1.88394e-06
 1.83133e-06
 1.78509e-06
 3.92996e-06
 3.86605e-06
 3.77908e-06
 3.67621e-06
 3.56469e-06
 3.44943e-06
 3.33319e-06
 3.21746e-06
 3.10323e-06
 2.99089e-06
 2.88052e-06
 2.77197e-06
 2.66609e-06
 2.56936e-06
 2.47585e-06
 2.38854e-06
 2.30400e-06
 2.22449e-06
 2.14824e-06
 2.07655e-06
 2.00924e-06
 1.94379e-06
 1.88394e-06
 1.83133e-06
 1.78509e-06
 3.92996e-06
 3.86605e-06
 3.77908e-06
 3.67621e-06
 3.56469e-06
 3.44943e-06
 3.33319e-06
 3.21746e-06
 3.10323e-06
 2.99089e-06
 2.88052e-06
 2.77197e-06
 2.66609e-06
 2.56936e-06
 2.47585e-06
 2.38854e-06
 2.30400e-06
 2.22449e-06
 2.14824e-06
 2.07655e-06
 2.00924e-06
 1.94379e-06
 1.88394e-06
 1.83133e-06
 1.78509e-06
 3.92996e-06
 3.86605e-06
 3.77908e-06
 3.67621e-06
 3.56469e-06
 3.44943e-06
 3.33319e-06
 3.21746e-06
 3.10323e-06
 2.99089e-06
 2.88052e-06
 2.77197e-06
 2.66609e-06
 2.56936e-06
 2.47585e-06
 2.38854e-06
 2.30400e-06
 2.22449e-06
 2.14824e-06
 2.07655e-06
 2.00924e-06
 1.94379e-06
 1.88394e-06
 1.83133e-06
 1.78509e-06
 3.92996e-06
 3.86605e-06
 3.77908e-06
 3.67621e-06
 3.56469e-06
 3.44943e-06
 3.33319e-06
 3.21746e-06
 3.10323e-06
 2.99089e-06
 2.88052e-06
 2.77197e-06
 2.66609e-06
 2.56936e-06
 2.47585e-06
 2.38854e-06
 2.30400e-06
 2.22449e-06
 2.14824e-06
 2.07655e-06
 2.00924e-06
 1.94379e-06
 1.88394e-06
 1.83133e-06
 1.78509e-06
 3.92996e-06
 3.86605e-06
 3.77908e-06
 3.67621e-06
 3.56469e-06
 3.44943e-06
 3.33319e-06
 3.21746e-06
 3.10323e-06
 2.99089e-06
 2.88052e-06
 2.77197e-06
 2.66609e-06
 2.56936e-06
 2.47585e-06
 2.38854e-06
 2.30400e-06
 2.22449e-06
 2.14824e-06
 2.07655e-06
 2.00924e-06
 1.94379e-06
 1.88394e-06
 1.83133e-06
 1.78509e-06
 3.92996e-06
 3.86605e-06
 3.77908e-06
 3.67621e-06
 3.56469e-06
 3.44943e-06
 3.33319e-06
 3.21746e-06
 3.10323e-06
 2.99089e-06
 2.88052e-06
 2.77197e-06
 2.66609e-06
 2.56936e-06
 2.47585e-06
 2.38854e-06
 2.30400e-06
 2.22449e-06
 2.14824e-06
 2.07655e-06
 2.00924e-06
 1.94379e-06
 1.88394e-06
 1.83133e-06
 1.78509e-06
 3.92996e-06
 3.86605e-06
 3.77908e-06
 3.67621e-06
 3.56469e-06
 3.44943e-06
 3.33319e-06
 3.21746e-06
 3.10323e-06
 2.99089e-06
 2.88052e-06
 2.77197e-06
 2.66609e-06
 2.56936e-06
 2.47585e-06
 2.38854e-06
 2.30400e-06
 2.22449e-06
 2.14824e-06
 2.07655e-06
 2.00924e-06
 1.94379e-06
 1.88394e-06
 1.83133e-06
 1.78509e-06
 3.92996e-06
 3.86605e-06
 3.77908e-06
 3.67621e-06
 3.56469e-06
 3.44943e-06
 3.33319e-06
 3.21746e-06
 3.10323e-06
 2.99089e-06
 2.88052e-06
 2.77197e-06
 2.66609e-06
 2.56936e-06
 2.47585e-06
 2.38854e-06
 2.30400e-06
 2.22449e-06
 2.14824e-06
 2.07655e-06
 2.00924e-06
 1.94379e-06
 1.88394e-06
 1.83133e-06
 1.78509e-06
 3.92996e-06
 3.86605e-06
 3.77908e-06
 3.67621e-06
 3.56469e-06
 3.44943e-06
 3.33319e-06
 3.21746e-06
 3.10323e-06
 2.99089e-06
 2.88052e-06
 2.77197e-06
 2.66609e-06
 2.56936e-06
 2.47585e-06
 2.38854e-06
 2.30400e-06
 2.22449e-06
 2.14824e-06
 2.07655e-06
 2.00924e-06
 1.94379e-06
 1.88394e-06
 1.83133e-06
 1.78509e-06
 3.92996e-06
 3.86605e-06
 3.77908e-06
 3.67621e-06
 3.56469e-06
 3.44943e-06
 3.33319e-06
 3.21746e-06
 3.10323e-06
 2.99089e-06
 2.88052e-06
 2.77197e-06
 2.66609e-06
 2.56936e-06
 2.47585e-06
 2.38854e-06
 2.30400e-06
 2.22449e-06
 2.14824e-06
 2.07655e-06
 2.00924e-06
 1.94379e-06
 1.88394e-06
 1.83133e-06
 1.78509e-06
 3.92996e-06
 3.86605e-06
 3.77908e-06
 3.67621e-06
 3.56469e-06
 3.44943e-06
 3.33319e-06
 3.21746e-06
 3.10323e-06
 2.99089e-06
 2.88052e-06
 2.77197e-06
 2.66609e-06
 2.56936e-06
 2.47585e-06
 2.38854e-06
 2.30400e-06
 2.22449e-06
 2.14824e-06
 2.07655e-06
 2.00924e-06
 1.94379e-06
 1.88394e-06
 1.83133e-06
 1.78509e-06
part
         3
hexa8
 1.74913e-06
 1.72495e-06
 1.71008e-06
 1.70349e-06
 1.70080e-06
 1.69951e-06
 1.69956e-06
 1.70060e-06
 1.70261e-06
 1.70406e-06
 1.70387e-06
 1.70190e-06
 1.69752e-06
 1.68897e-06
 1.67087e-06
 1.63242e-06
 1.56184e-06
 1.45102e-06
 1.29870e-06
 1.17986e-06
 1.11131e-06
 1.07560e-06
 1.05943e-06
 1.05344e-06
 1.05192e-06
 1.74913e-06
 1.72495e-06
 1.71008e-06
 1.70349e-06
 1.70080e-06
 1.69951e-06
 1.69956e-06
 1.70060e-06
 1.70261e-06
 1.70406e-06
 1.70387e-06
 1.70190e-06
 1.69752e-06
 1.68897e-06
 1.67087e-06
 1.63242e-06
 1.56184e-06
 1.45102e-06
 1.29870e-06
 1.17986e-06
 1.11131e-06
 1.07560e-06
 1.05943e-06
 1.05344e-06
 1.05192e-06
 1.74913e-06
 1.72495e-06
 1.71008e-06
 1.70349e-06
 1.70080e-06
 1.69951e-06
 1.69956e-06
 1.70060e-06
 1.70261e-06
 1.70406e-06
 1.70387e-06
 1.70190e-06
 1.69752e-06
 1.68897e-06
 1.67087e-06
 1.63242e-06
 1.56184e-06
 1.45102e-06
 1.29870e-06
 1.17986e-06
 1.11131e-06
 1.07560e-06
 1.05943e-06
 1.05344e-06
 1.05192e-06
 1.74913e-06
 1.72495e-06
 1.71008e-06
 1.70349e-06
 1.70080e-06
 1.69951e-06
 1.69956e-06
 1.70060e-06
 1.70261e-06
 1.70406e-06
 1.70387e-06
 1.70190e-06
 1.69752e-06
 1.68897e-06
 1.67087e-06
 1.63242e-06
 1.56184e-06
 1.45102e-06
 1.29870e-06
 1.17986e-06
 1.11131e-06
 1.07560e-06
 1.05943e-06
 1.05344e-06
 1.05192e-06
 1.74913e-06
 1.72495e-06
 1.71008e-06
 1.70349e-06
 1.70080e-06
 1.69951e-06
 1.69956e-06
 1.70060e-06
 1.70261e-06
 1.70406e-06
 1.70387e-06
 1.70190e-06
 1.69752e-06
 1.68897e-06
 1.67087e-06
 1.63242e-06
 1.56184e-06
 1.45102e-06
 1.29870e-06
 1.17986e-06
 1.11131e-06
 1.07560e-06
 1.05943e-06
 1.05344e-06
 1.05192e-06
 1.74913e-06
 1.72495e-06
 1.71008e-06
 1.70349e-06
 1.70080e-06
 1.69951e-06
 1.69956e-06
 1.70060e-06
 1.70261e-06
 1.70406e-06
 1.70387e-06
 1.70190e-06
 1.69752e-06
 1.68897e-06
 1.67087e-06
 1.63242e-06
 1.56184e-06
 1.45102e-06
 1.29870e-06
 1.17986e-06
 1.11131e-06
 1.07560e-06
 1.05943e-06
 1.05344e-06
 1.05192e-06
 1.74913e-06
 1.72495e-06
 1.71008e-06
 1.70349e-06
 1.70080e-06
 1.69951e-06
 1.69956e-06
 1.70060e-06
 1.70261e-06
 1.70406e-06
 1.70387e-06
 1.70190e-06
 1.69752e-06
 1.68897e-06
 1.67087e-06
 1.63242e-06
 1.56184e-06
 1.45102e-06
 1.29870e-06
 1.17986e-06
 1.11131e-06
 1.07560e-06
 1.05943e-06
 1.05344e-06
 1.05192e-06
 1.74913e-06
 1.72495e-06
 1.71008e-06
 1.70349e-06
 1.70080e-06
 1.69951e-06
 1.69956e-06
 1.70060e-06
 1.70261e-06
 1.70406e-06
 1.70387e-06
 1.70190e-06
 1.69752e-06
 1.68897e-06
 1.67087e-06
 1.63242e-06
 1.56184e-06
 1.45102e-06
 1.29870e-06
 1.17986e-06
 1.11131e-06
 1.07560e-06
 1.05943e-06
 1.05344e-06
 1.05192e-06
 1.74913e-06
 1.72495e-06
 1.71008e-06
 1.70349e-06
 1.70080e-06
 1.69951e-06
 1.69956e-06
 1.70060e-06
 1.70261e-06
 1.70406e-06
 1.70387e-06
 1.70190e-06
 1.69752e-06
 1.68897e-06
 1.67087e-06
 1.63242e-06
 1.56184e-06
 1.45102e-06
 1.29870e-06
 1.17986e-06
 1.11131e-06
 1.07560e-06
 1.05943e-06
 1.05344e-06
 1.05192e-06
 1.74913e-06
 1.72495e-06
 1.71008e-06
 1.70349e-06
 1.70080e-06
 1.69951e-06
 1.69956e-06
 1.70060e-06
 1.70261e-06
 1.70406e-06
 1.70387e-06
 1.70190e-06
 1.69752e-06
 1.68897e-06
 1.67087e-06
 1.63242e-06
 1.56184e-06
 1.45102e-06
 1.29870e-06
 1.17986e-06
 1.11131e-06
 1.07560e-06
 1.05943e-06
 1.05344e-06
 1.05192e-06
 1.74913e-06
 1.72495e-06
 1.71008e-06
 1.70349e-06
 1.70080e-06
 1.69951e-06
 1.69956e-06
 1.70060e-06
 1.70261e-06
 1.70406e-06
 1.70387e-06
 1.70190e-06
 1.69752e-06
 1.68897e-06
 1.67087e-06
 1.63242e-06
 1.56184e-06
 1.45102e-06
 1.29870e-06
 1.17986e-06
 1.11131e-06
 1.07560e-06
 1.05943e-06
 1.05344e-06
 1.05192e-06
 1.74913e-06
 1.72495e-06
 1.71008e-06
 1.70349e-06
 1.70080e-06
 1.69951e-06
 1.69956e-06
 1.70060e-06
 1.70261e-06
 1.70406e-06
 1.70387e-06
 1.70190e-06
 1.69752e-06
 1.68897e-06
 1.67087e-06
 1.63242e-06
 1.56184e-06
 1.45102e-06
 1.29870e-06
 1.17986e-06
 1.11131e-06
 1.07560e-06
 1.05943e-06
 1.05344e-06
 1.05192e-06
 1.74913e-06
 1.72495e-06
 1.71008e-06
 1.70349e-06
 1.70080e-06
 1.69951e-06
 1.69956e-06
 1.70060e-06
 1.70261e-06
 1.70406e-06
 1.70387e-06
 1.70190e-06
 1.69752e-06
 1.68897e-06
 1.67087e-06
 1.63242e-06
 1.56184e-06
 1.45102e-06
 1.29870e-06
 1.17986e-06
 1.11131e-06
 1.07560e-06
 1.05943e-06
 1.05344e-06
 1.05192e-06
 1.74913e-06
 1.72495e-06
 1.71008e-06
 1.70349e-06
 1.70080e-06
 1.69951e-06
 1.69956e-06
 1.70060e-06
 1.70261e-06
 1.70406e-06
 1.70387e-06
 1.70190e-06
 1.69752e-06
 1.68897e-06
 1.67087e-06
 1.63242e-06
 1.56184e-06
 1.45102e-06
 1.29870e-06
 1.17986e-06
 1.11131e-06
 1.07560e-06
 1.05943e-06
 1.05344e-06
 1.05192e-06
 1.74913e-06
 1.72495e-06
 1.71008e-06
 1.70349e-06
 1.70080e-06
 1.69951e-06
 1.69956e-06
 1.70060e-06
 1.70261e-06
 1.70406e-06
 1.70387e-06
 1.70190e-06
 1.69752e-06
 1.68897e-06
 1.67087e-06
 1.63242e-06
 1.56184e-06
 1.45102e-06
 1.29870e-06
 1.17986e-06
 1.11131e-06
 1.07560e-06
 1.05943e-06
 1.05344e-06
 1.05192e-06
 1.74913e-06
 1.72495e-06
 1.71008e-06
 1.70349e-06
 1.70080e-06
 1.69951e-06
 1.69956e-06
 1.70060e-06
 1.70261e-06
 1.70406e-06
 1.70387e-06
 1.70190e-06
 1.69752e-06
 1.68897e-06
 1.67087e-06
 1.63242e-06
 1.56184e-06
 1.45102e-06
 1.29870e-06
 1.17986e-06
 1.11131e-06
 1.07560e-06
 1.05943e-06
 1.05344e-06
 1.05192e-06
 1.74913e-06
 1.72495e-06
 1.71008e-06
 1.70349e-06
 1.70080e-06
 1.69951e-06
 1.69956e-06
 1.70060e-06
 1.70261e-06
 1.70406e-06
 1.70387e-06
 1.70190e-06
 1.69752e-06
 1.68897e-06
 1.67087e-06
 1.63242e-06
 1.56184e-06
 1.45102e-06
 1.29870e-06
 1.17986e-06
 1.11131e-06
 1.07560e-06
 1.05943e-06
 1.05344e-06
 1.05192e-06
 1.74913e-06
 1.72495e-06
 1.71008e-06
 1.70349e-06
 1.70080e-06
 1.69951e-06
 1.69956e-06
 1.70060e-06
 1.70261e-06
 1.70406e-06
 1.70387e-06
 1.70190e-06
 1.69752e-06
 1.68897e-06
 1.67087e-06
 1.63242e-06
 1.56184e-06
 1.45102e-06
 1.29870e-06
 1.17986e-06
 1.11131e-06
 1.07560e-06
 1.05943e-06
 1.05344e-06
 1.05192e-06
 1.74913e-06
 1.72495e-06
 1.71008e-06
 1.70349e-06
 1.70080e-06
 1.69951e-06
 1.69956e-06
 1.70060e-06
 1.70261e-06
 1.70406e-06
 1.70387e-06
 1.70190e-06
 1.69752e-06
 1.68897e-06
 1.67087e-06
 1.63242e-06
 1.56184e-06
 1.45102e-06
 1.29870e-06
 1.17986e-06
 1.11131e-06
 1.07560e-06
 1.05943e-06
 1.05344e-06
 1.05192e-06
 1.74913e-06
 1.72495e-06
 1.71008e-06
 1.70349e-06
 1.70080e-06
 1.69951e-06
 1.69956e-06
 1.70060e-06
 1.70261e-06
 1.70406e-06
 1.70387e-06
 1.70190e-06
 1.69752e-06
 1.68897e-06
 1.67087e-06
 1.63242e-06
 1.56184e-06
 1.45102e-06
 1.29870e-06
 1.17986e-06
 1.11131e-06
 1.07560e-06
 1.05943e-06
 1.05344e-06
 1.05192e-06
 1.74913e-06
 1.72495e-06
 1.71008e-06
 1.70349e-06
 1.70080e-06
 1.69951e-06
 1.69956e-06
 1.70060e-06
 1.70261e-06
 1.70406e-06
 1.70387e-06
 1.70190e-06
 1.69752e-06
 1.68897e-06
 1.67087e-06
 1.63242e-06
 1.56184e-06
 1.45102e-06
 1.29870e-06
 1.17986e-06
 1.11131e-06
 1.07560e-06
 1.05943e-06
 1.05344e-06
 1.05192e-06
 1.74913e-06
 1.72495e-06
 1.71008e-06
 1.70349e-06
 1.70080e-06
 1.69951e-06
 1.69956e-06
 1.70060e-06
 1.70261e-06
 1.70406e-06
 1.70387e-06
 1.70190e-06
 1.69752e-06
 1.68897e-06
 1.67087e-06
 1.63242e-06
 1.56184e-06
 1.45102e-06
 1.29870e-06
 1.17986e-06
 1.11131e-06
 1.07560e-06
 1.05943e-06
 1.05344e-06
 1.05192e-06
 1.74913e-06
 1.72495e-06
 1.71008e-06
 1.70349e-06
 1.70080e-06
 1.69951e-06
 1.69956e-06
 1.70060e-06
 1.70261e-06
 1.70406e-06
 1.70387e-06
 1.70190e-06
 1.69752e-06
 1.68897e-06
 1.67087e-06
 1.63242e-06
 1.56184e-06
 1.45102e-06
 1.29870e-06
 1.17986e-06
 1.11131e-06
 1.07560e-06
 1.05943e-06
 1.05344e-06
 1.05192e-06
 1.74913e-06
 1.72495e-06
 1.71008e-06
 1.70349e-06
 1.70080e-06
 1.69951e-06
 1.69956e-06
 1.70060e-06
 1.70261e-06
 1.70406e-06
 1.70387e-06
 1.70190e-06
 1.69752e-06
 1.68897e-06
 1.67087e-06
 1.63242e-06
 1.56184e-06
 1.45102e-06
 1.29870e-06
 1.17986e-06
 1.11131e-06
 1.07560e-06
 1.05943e-06
 1.05344e-06
 1.05192e-06
 1.74913e-06
 1.72495e-06
 1.71008e-06
 1.70349e-06
 1.70080e-06
 1.69951e-06
 1.69956e-06
 1.70060e-06
 1.70261e-06
 1.70406e-06
 1.70387e-06
 1.70190e-06
 1.69752e-06
 1.68897e-06
 1.67087e-06
 1.63242e-06
 1.56184e-06
 1.45102e-06
 1.29870e-06
 1.17986e-06
 1.11131e-06
 1.07560e-06
 1.05943e-06
 1.05344e-06
 1.05192e-06
part
         4
hexa8
 1.05244e-06
 1.05350e-06
 1.05395e-06
 1.05308e-06
 1.04887e-06
 1.03795e-06
 1.01646e-06
 9.80093e-07
 9.27213e-07
 8.57015e-07
 7.60493e-07
 6.61100e-07
 5.85812e-07
 5.37963e-07
 5.13573e-07
 5.04084e-07
 5.01118e-07
 5.00293e-07
 5.00075e-07
 5.00019e-07
 5.00005e-07
 5.00001e-07
 5.00000e-07
 5.00000e-07
 5.00000e-07
 1.05244e-06
 1.05350e-06
 1.05395e-06
 1.05308e-06
 1.04887e-06
 1.03795e-06
 1.01646e-06
 9.80093e-07
 9.27213e-07
 8.57015e-07
 7.60493e-07
 6.61100e-07
 5.85812e-07
 5.37963e-07
 5.13573e-07
 5.04084e-07
 5.01118e-07
 5.00293e-07
 5.00075e-07
 5.00019e-07
 5.00005e-07
 5.00001e-07
 5.00000e-07
 5.00000e-07
 5.00000e-07
 1.05244e-06
 1.05350e-06
 1.05395e-06
 1.05308e-06
 1.04887e-06
 1.03795e-06
 1.01646e-06
 9.80093e-07
 9.27213e-07
 8.57015e-07
 7.60493e-07
 6.61100e-07
 5.85812e-07
 5.37963e-07
 5.13573e-07
 5.04084e-07
 5.01118e-07
 5.00293e-07
 5.00075e-07
 5.00019e-07
 5.00005e-07
 5.00001e-07
 5.00000e-07
 5.00000e-07
 5.00000e-07
 1.05244e-06
 1.05350e-06
 1.05395e-06
 1.05308e-06
 1.04887e-06
 1.03795e-06
 1.01646e-06
 9.80093e-07
 9.27213e-07
 8.57015e-07
 7.60493e-07
 6.61100e-07
 5.85812e-07
 5.37963e-07
 5.13573e-07
 5.04084e-07
 5.01118e-07
 5.00293e-07
 5.00075e-07
 5.00019e-07
 5.00005e-07
 5.00001e-07
 5.00000e-07
 5.00000e-07
 5.00000e-07
 1.05244e-06
 1.05350e-06
 1.05395e-06
 1.05308e-06
 1.04887e-06
 1.03795e-06
 1.01646e-06
 9.80093e-07
 9.27213e-07
 8.57015e-07
 7.60493e-07
 6.61100e-07
 5.85812e-07
 5.37963e-07
 5.13573e-07
 5.04084e-07
 5.01118e-07
 5.00293e-07
 5.00075e-07
 5.00019e-07
 5.00005e-07
 5.00001e-07
 5.00000e-07
 5.00000e-07
 5.00000e-07
 1.05244e-06
 1.05350e-06
 1.05395e-06
 1.05308e-06
 1.04887e-06
 1.03795e-06
 1.01646e-06
 9.80093e-07
 9.27213e-07
 8.57015e-07
 7.60493e-07
 6.61100e-07
 5.85812e-07
 5.37963e-07
 5.13573e-07
 5.04084e-07
 5.01118e-07
 5.00293e-07
 5.00075e-07
 5.00019e-07
 5.00005e-07
 5.00001e-07
 5.00000e-07
 5.00000e-07
 5.00000e-07
 1.05244e-06
 1.05350e-06
 1.05395e-06
 1.05308e-06
 1.04887e-06
 1.03795e-06
 1.01646e-06
 9.80093e-07
 9.27213e-07
 8.57015e-07
 7.60493e-07
 6.61100e-07
 5.85812e-07
 5.37963e-07
 5.13573e-07
 5.04084e-07
 5.01118e-07
 5.00293e-07
 5.00075e-07
 5.00019e-07
 5.00005e-07
 5.00001e-07
 5.00000e-07
 5.00000e-07
 5.00000e-07
 1.05244e-06
 1.05350e-06
 1.05395e-06
 1.05308e-06
 1.04887e-06
 1.03795e-06
 1.01646e-06
 9.80093e-07
 9.27213e-07
 8.57015e-07
 7.60493e-07
 6.61100e-07
 5.85812e-07
 5.37963e-07
 5.13573e-07
 5.04084e-07
 5.01118e-07
 5.00293e-07
 5.00075e-07
 5.00019e-07
 5.00005e-07
 5.00001e-07
 5.00000e-07
 5.00000e-07
 5.00000e-07
 1.05244e-06
 1.05350e-06
 1.05395e-06
 1.05308e-06
 1.04887e-06
 1.03795e-06
 1.01646e-06
 9.80093e-07
 9.27213e-07
 8.57015e-07
 7.60493e-07
 6.61100e-07
 5.85812e-07
 5.37963e-07
 5.13573e-07
 5.04084e-07
 5.01118e-07
 5.00293e-07
 5.00075e-07
 5.00019e-07
 5.00005e-07
 5.00001e-07
 5.00000e-07
 5.00000e-07
 5.00000e-07
 1.05244e-06
 1.05350e-06
 1.05395e-06
 1.05308e-06
 1.04887e-06
 1.03795e-06
 1.01646e-06
 9.80093e-07
 9.27213e-07
 8.57015e-07
 7.60493e-07
 6.61100e-07
 5.85812e-07
 5.37963e-07
 5.13573e-07
 5.04084e-07
 5.01118e-07
 5.00293e-07
 5.00075e-07
 5.00019e-07
 5.00005e-07
 5.00001e-07
 5.00000e-07
 5.00000e-07
 5.00000e-07
 1.05244e-06
 1.05350e-06
 1.05395e-06
 1.05308e-06
 1.04887e-06
 1.03795e-06
 1.01646e-06
 9.80093e-07
 9.27213e-07
 8.57015e-07
 7.60493e-07
 6.61100e-07
 5.85812e-07
 5.37963e-07
 5.13573e-07
 5.04084e-07
 5.01118e-07
 5.00293e-07
 5.00075e-07
 5.00019e-07
 5.00005e-07
 5.00001e-07
 5.00000e-07
 5.00000e-07
 5.00000e-07
 1.05244e-06
 1.05350e-06
 1.05395e-06
 1.05308e-06
 1.04887e-06
 1.03795e-06
 1.01646e-06
 9.80093e-07
 9.27213e-07
 8.57015e-07
 7.60493e-07
 6.61100e-07
 5.85812e-07
 5.37963e-07
 5.13573e-07
 5.04084e-07
 5.01118e-07
 5.00293e-07
 5.00075e-07
 5.00019e-07
 5.00005e-07
 5.00001e-07
 5.00000e-07
 5.00000e-07
 5.00000e-07
 1.05244e-06
 1.05350e-06
 1.05395e-06
 1.05308e-06
 1.04887e-06
 1.03795e-06
 1.01646e-06
 9.80093e-07
 9.27213e-07
 8.57015e-07
 7.60493e-07
 6.61100e-07
 5.85812e-07
 5.37963e-07
 5.13573e-07
 5.04084e-07
 5.01118e-07
 5.00293e-07
 5.00075e-07
 5.00019e-07
 5.00005e-07
 5.00001e-07
 5.00000e-07
 5.00000e-07
 5.00000e-07
 1.05244e-06
 1.05350e-06
 1.05395e-06
 1.05308e-06
 1.04887e-06
 1.03795e-06
 1.01646e-06
 9.80093e-07
 9.27213e-07
 8.57015e-07
 7.60493e-07
 6.61100e-07
 5.85812e-07
 5.37963e-07
 5.13573e-07
 5.04084e-07
 5.01118e-07
 5.00293e-07
 5.00075e-07
 5.00019e-07
 5.00005e-07
 5.00001e-07
 5.00000e-07
 5.00000e-07
 5.00000e-07
 1.05244e-06
 1.05350e-06
 1.05395e-06
 1.05308e-06
 1.04887e-06
 1.03795e-06
 1.01646e-06
 9.80093e-07
 9.27213e-07
 8.57015e-07
 7.60493e-07
 6.61100e-07
 5.85812e-07
 5.37963e-07
 5.13573e-07
 5.04084e-07
 5.01118e-07
 5.00293e-07
 5.00075e-07
 5.00019e-07
 5.00005e-07
 5.00001e-07
 5.00000e-07
 5.00000e-07
 5.00000e-07
 1.05244e-06
 1.05350e-06
 1.05395e-06
 1.05308e-06
 1.04887e-06
 1.03795e-06
 1.01646e-06
 9.80093e-07
 9.27213e-07
 8.57015e-07
 7.60493e-07
 6.61100e-07
 5.85812e-07
 5.37963e-07
 5.13573e-07
 5.04084e-07
 5.01118e-07
 5.00293e-07
 5.00075e-07
 5.00019e-07
 5.00005e-07
 5.00001e-07
 5.00000e-07
 5.00000e-07
 5.00000e-07
 1.05244e-06
 1.05350e-06
 1.05395e-06
 1.05308e-06
 1.04887e-06
 1.03795e-06
 1.01646e-06
 9.80093e-07
 9.27213e-07
 8.57015e-07
 7.60493e-07
 6.61100e-07
 5.85812e-07
 5.37963e-07
 5.13573e-07
 5.04084e-07
 5.01118e-07
 5.00293e-07
 5.00075e-07
 5.00019e-07
 5.00005e-07
 5.00001e-07
 5.00000e-07
 5.00000e-07
 5.00000e-07
 1.05244e-06
 1.05350e-06
 1.05395e-06
 1.05308e-06
 1.04887e-06
 1.03795e-06
 1.01646e-06
 9.80093e-07
 9.27213e-07
 8.57015e-07
 7.60493e-07
 6.61100e-07
 5.85812e-07
 5.37963e-07
 5.13573e-07
 5.04084e-07
 5.01118e-07
 5.00293e-07
 5.00075e-07
 5.00019e-07
 5.00005e-07
 5.00001e-07
 5.00000e-07
 5.00000e-07
 5.00000e-07
 1.05244e-06
 1.05350e-06
 1.05395e-06
 1.05308e-06
 1.04887e-06
 1.03795e-06
 1.01646e-06
 9.80093e-07
 9.27213e-07
 8.57015e-07
 7.60493e-07
 6.61100e-07
 5.85812e-07
 5.37963e-07
 5.13573e-07
 5.04084e-07
 5.01118e-07
 5.00293e-07
 5.00075e-07
 5.00019e-07
 5.00005e-07
 5.00001e-07
 5.00000e-07
 5.00000e-07
 5.00000e-07
 1.05244e-06
 1.05350e-06
 1.05395e-06
 1.05308e-06
 1.04887e-06
 1.03795e-06
 1.01646e-06
 9.80093e-07
 9.27213e-07
 8.57015e-07
 7.60493e-07
 6.61100e-07
 5.85812e-07
 5.37963e-07
 5.13573e-07
 5.04084e-07
 5.01118e-07
 5.00293e-07
 5.00075e-07
 5.00019e-07
 5.00005e-07
 5.00001e-07
 5.00000e-07
 5.00000e-07
 5.00000e-07
 1.05244e-06
 1.05350e-06
 1.05395e-06
 1.05308e-06
 1.04887e-06
 1.03795e-06
 1.01646e-06
 9.80093e-07
 9.27213e-07
 8.57015e-07
 7.60493e-07
 6.61100e-07
 5.85812e-07
 5.37963e-07
 5.13573e-07
 5.04084e-07
 5.01118e-07
 5.00293e-07
 5.00075e-07
 5.00019e-07
 5.00005e-07
 5.00001e-07
 5.00000e-07
 5.00000e-07
 5.00000e-07
 1.05244e-06
 1.05350e-06
 1.05395e-06
 1.05308e-06
 1.04887e-06
 1.03795e-06
 1.01646e-06
 9.80093e-07
 9.27213e-07
 8.57015e-07
 7.60493e-07
 6.61100e-07
 5.85812e-07
 5.37963e-07
 5.13573e-07
 5.04084e-07
 5.01118e-07
 5.00293e-07
 5.00075e-07
 5.00019e-07
 5.00005e-07
 5.00001e-07
 5.00000e-07
 5.00000e-07
 5.00000e-07
 1.05244e-06
 1.05350e-06
 1.05395e-06
 1.05308e-06
 1.04887e-06
 1.03795e-06
 1.01646e-06
 9.80093e-07
 9.27213e-07
 8.57015e-07
 7.60493e-07
 6.61100e-07
 5.85812e-07
 5.37963e-07
 5.13573e-07
 5.04084e-07
 5.01118e-07
 5.00293e-07
 5.00075e-07
 5.00019e-07
 5.00005e-07
 5.00001e-07
 5.00000e-07
 5.00000e-07
 5.00000e-07
 1.05244e-06
 1.05350e-06
 1.05395e-06
 1.05308e-06
 1.04887e-06
 1.03795e-06
 1.01646e-06
 9.80093e-07
 9.27213e-07
 8.57015e-07
 7.60493e-07
 6.61100e-07
 5.85812e-07
 5.37963e-07
 5.13573e-07
 5.04084e-07
 5.01118e-07
 5.00293e-07
 5.00075e-07
 5.00019e-07
 5.00005e-07
 5.00001e-07
 5.00000e-07
 5.00000e-07
 5.00000e-07
 1.05244e-06
 1.05350e-06
 1.05395e-06
 1.05308e-06
 1.04887e-06
 1.03795e-06
 1.01646e-06
 9.80093e-07
 9.27213e-07
 8.57015e-07
 7.60493e-07
 6.61100e-07
 5.85812e-07
 5.37963e-07
 5.13573e-07
 5.04084e-07
 5.01118e-07
 5.00293e-07
 5.00075e-07
 5.00019e-07
 5.00005e-07
 5.00001e-07
 5.00000e-07
 5.00000e-07
 5.00000e-07
