Pressure
part
         1
hexa8
 1.00000e+00
 1.00000e+00
 1.00000e+00
 1.00000e+00
 1.00000e+00
 1.00000e+00
 1.00000e+00
 1.00000e+00
 1.00000e+00
 1.00000e+00
 1.00000e+00
 1.00000e+00
 1.00000e+00
 1.00000e+00
 1.00000e+00
 1.00000e+00
 1.00000e+00
 1.00000e+00
 9.99997e-01
 9.99986e-01
 9.99934e-01
 9.99719e-01
 9.98945e-01
 9.96566e-01
 9.90436e-01
 1.00000e+00
 1.00000e+00
 1.00000e+00
 1.00000e+00
 1.00000e+00
 1.00000e+00
 1.00000e+00
 1.00000e+00
 1.00000e+00
 1.00000e+00
 1.00000e+00
 1.00000e+00
 1.00000e+00
 1.00000e+00
 1.00000e+00
 1.00000e+00
 1.00000e+00
 1.00000e+00
 9.99997e-01
 9.99986e-01
 9.99934e-01
 9.99719e-01
 9.98945e-01
 9.96566e-01
 9.90436e-01
 1.00000e+00
 1.00000e+00
 1.00000e+00
 1.00000e+00
 1.00000e+00
 1.00000e+00
 1.00000e+00
 1.00000e+00
 1.00000e+00
 1.00000e+00
 1.00000e+00
 1.00000e+00
 1.00000e+00
 1.00000e+00
 1.00000e+00
 1.00000e+00
 1.00000e+00
 1.00000e+00
 9.99997e-01
 9.99986e-01
 9.99934e-01
 9.99719e-01
 9.98945e-01
 9.96566e-01
 9.90436e-01
 1.00000e+00
 1.00000e+00
 1.00000e+00
 1.00000e+00
 1.00000e+00
 1.00000e+00
 1.00000e+00
 1.00000e+00
 1.00000e+00
 1.00000e+00
 1.00000e+00
 1.00000e+00
 1.00000e+00
 1.00000e+00
 1.00000e+00
 1.00000e+00
 1.00000e+00
 1.00000e+00
 9.99997e-01
 9.99986e-01
 9.99934e-01
 9.99719e-01
 9.98945e-01
 9.96566e-01
 9.90436e-01
 1.00000e+00
 1.00000e+00
 1.00000e+00
 1.00000e+00
 1.00000e+00
 1.00000e+00
 1.00000e+00
 1.00000e+00
 1.00000e+00
 1.00000e+00
 1.00000e+00
 1.00000e+00
 1.00000e+00
 1.00000e+00
 1.00000e+00
 1.00000e+00
 1.00000e+00
 1.00000e+00
 9.99997e-01
 9.99986e-01
 9.99934e-01
 9.99719e-01
 9.98945e-01
 9.96566e-01
 9.90436e-01
 1.00000e+00
 1.00000e+00
 1.00000e+00
 1.00000e+00
 1.00000e+00
 1.00000e+00
 1.00000e+00
 1.00000e+00
 1.00000e+00
 1.00000e+00
 1.00000e+00
 1.00000e+00
 1.00000e+00
 1.00000e+00
 1.00000e+00
 1.00000e+00
 1.00000e+00
 1.00000e+00
 9.99997e-01
 9.99986e-01
 9.99934e-01
 9.99719e-01
 9.98945e-01
 9.96566e-01
 9.90436e-01
 1.00000e+00
 1.00000e+00
 1.00000e+00
 1.00000e+00
 1.00000e+00
 1.00000e+00
 1.00000e+00
 1.00000e+00
 1.00000e+00
 1.00000e+00
 1.00000e+00
 1.00000e+00
 1.00000e+00
 1.00000e+00
 1.00000e+00
 1.00000e+00
 1.00000e+00
 1.00000e+00
 9.99997e-01
 9.99986e-01
 9.99934e-01
 9.99719e-01
 9.98945e-01
 9.96566e-01
 9.90436e-01
 1.00000e+00
 1.00000e+00
 1.00000e+00
 1.00000e+00
 1.00000e+00
 1.00000e+00
 1.00000e+00
 1.00000e+00
 1.00000e+00
 1.00000e+00
 1.00000e+00
 1.00000e+00
 1.00000e+00
 1.00000e+00
 1.00000e+00
 1.00000e+00
 1.00000e+00
 1.00000e+00
 9.99997e-01
 9.99986e-01
 9.99934e-01
 9.99719e-01
 9.98945e-01
 9.96566e-01
 9.90436e-01
 1.00000e+00
 1.00000e+00
 1.00000e+00
 1.00000e+00
 1.00000e+00
 1.00000e+00
 1.00000e+00
 1.00000e+00
 1.00000e+00
 1.00000e+00
 1.00000e+00
 1.00000e+00
 1.00000e+00
 1.00000e+00
 1.00000e+00
 1.00000e+00
 1.00000e+00
 1.00000e+00
 9.99997e-01
 9.99986e-01
 9.99934e-01
 9.99719e-01
 9.98945e-01
 9.96566e-01
 9.90436e-01
 1.00000e+00
 1.00000e+00
 1.00000e+00
 1.00000e+00
 1.00000e+00
 1.00000e+00
 1.00000e+00
 1.00000e+00
 1.00000e+00
 1.00000e+00
 1.00000e+00
 1.00000e+00
 1.00000e+00
 1.00000e+00
 1.00000e+00
 1.00000e+00
 1.00000e+00
 1.00000e+00
 9.99997e-01
 9.99986e-01
 9.99934e-01
 9.99719e-01
 9.98945e-01
 9.96566e-01
 9.90436e-01
 1.00000e+00
 1.00000e+00
 1.00000e+00
 1.00000e+00
 1.00000e+00
 1.00000e+00
 1.00000e+00
 1.00000e+00
 1.00000e+00
 1.00000e+00
 1.00000e+00
 1.00000e+00
 1.00000e+00
 1.00000e+00
 1.00000e+00
 1.00000e+00
 1.00000e+00
 1.00000e+00
 9.99997e-01
 9.99986e-01
 9.99934e-01
 9.99719e-01
 9.98945e-01
 9.96566e-01
 9.90436e-01
 1.00000e+00
 1.00000e+00
 1.00000e+00
 1.00000e+00
 1.00000e+00
 1.00000e+00
 1.00000e+00
 1.00000e+00
 1.00000e+00
 1.00000e+00
 1.00000e+00
 1.00000e+00
 1.00000e+00
 1.00000e+00
 1.00000e+00
 1.00000e+00
 1.00000e+00
 1.00000e+00
 9.99997e-01
 9.99986e-01
 9.99934e-01
 9.99719e-01
 9.98945e-01
 9.96566e-01
 9.90436e-01
 1.00000e+00
 1.00000e+00
 1.00000e+00
 1.00000e+00
 1.00000e+00
 1.00000e+00
 1.00000e+00
 1.00000e+00
 1.00000e+00
 1.00000e+00
 1.00000e+00
 1.00000e+00
 1.00000e+00
 1.00000e+00
 1.00000e+00
 1.00000e+00
 1.00000e+00
 1.00000e+00
 9.99997e-01
 9.99986e-01
 9.99934e-01
 9.99719e-01
 9.98945e-01
 9.96566e-01
 9.90436e-01
 1.00000e+00
 1.00000e+00
 1.00000e+00
 1.00000e+00
 1.00000e+00
 1.00000e+00
 1.00000e+00
 1.00000e+00
 1.00000e+00
 1.00000e+00
 1.00000e+00
 1.00000e+00
 1.00000e+00
 1.00000e+00
 1.00000e+00
 1.00000e+00
 1.00000e+00
 1.00000e+00
 9.99997e-01
 9.99986e-01
 9.99934e-01
 9.99719e-01
 9.98945e-01
 9.96566e-01
 9.90436e-01
 1.00000e+00
 1.00000e+00
 1.00000e+00
 1.00000e+00
 1.00000e+00
 1.00000e+00
 1.00000e+00
 1.00000e+00
 1.00000e+00
 1.00000e+00
 1.00000e+00
 1.00000e+00
 1.00000e+00
 1.00000e+00
 1.00000e+00
 1.00000e+00
 1.00000e+00
 1.00000e+00
 9.99997e-01
 9.99986e-01
 9.99934e-01
 9.99719e-01
 9.98945e-01
 9.96566e-01
 9.90436e-01
 1.00000e+00
 1.00000e+00
 1.00000e+00
 1.00000e+00
 1.00000e+00
 1.00000e+00
 1.00000e+00
 1.00000e+00
 1.00000e+00
 1.00000e+00
 1.00000e+00
 1.00000e+00
 1.00000e+00
 1.00000e+00
 1.00000e+00
 1.00000e+00
 1.00000e+00
 1.00000e+00
 9.99997e-01
 9.99986e-01
 9.99934e-01
 9.99719e-01
 9.98945e-01
 9.96566e-01
 9.90436e-01
 1.00000e+00
 1.00000e+00
 1.00000e+00
 1.00000e+00
 1.00000e+00
 1.00000e+00
 1.00000e+00
 1.00000e+00
 1.00000e+00
 1.00000e+00
 1.00000e+00
 1.00000e+00
 1.00000e+00
 1.00000e+00
 1.00000e+00
 1.00000e+00
 1.00000e+00
 1.00000e+00
 9.99997e-01
 9.99986e-01
 9.99934e-01
 9.99719e-01
 9.98945e-01
 9.96566e-01
 9.90436e-01
 1.00000e+00
 1.00000e+00
 1.00000e+00
 1.00000e+00
 1.00000e+00
 1.00000e+00
 1.00000e+00
 1.00000e+00
 1.00000e+00
 1.00000e+00
 1.00000e+00
 1.00000e+00
 1.00000e+00
 1.00000e+00
 1.00000e+00
 1.00000e+00
 1.00000e+00
 1.00000e+00
 9.99997e-01
 9.99986e-01
 9.99934e-01
 9.99719e-01
 9.98945e-01
 9.96566e-01
 9.90436e-01
 1.00000e+00
 1.00000e+00
 1.00000e+00
 1.00000e+00
 1.00000e+00
 1.00000e+00
 1.00000e+00
 1.00000e+00
 1.00000e+00
 1.00000e+00
 1.00000e+00
 1.00000e+00
 1.00000e+00
 1.00000e+00
 1.00000e+00
 1.00000e+00
 1.00000e+00
 1.00000e+00
 9.99997e-01
 9.99986e-01
 9.99934e-01
 9.99719e-01
 9.98945e-01
 9.96566e-01
 9.90436e-01
 1.00000e+00
 1.00000e+00
 1.00000e+00
 1.00000e+00
 1.00000e+00
 1.00000e+00
 1.00000e+00
 1.00000e+00
 1.00000e+00
 1.00000e+00
 1.00000e+00
 1.00000e+00
 1.00000e+00
 1.00000e+00
 1.00000e+00
 1.00000e+00
 1.00000e+00
 1.00000e+00
 9.99997e-01
 9.99986e-01
 9.99934e-01
 9.99719e-01
 9.98945e-01
 9.96566e-01
 9.90436e-01
 1.00000e+00
 1.00000e+00
 1.00000e+00
 1.00000e+00
 1.00000e+00
 1.00000e+00
 1.00000e+00
 1.00000e+00
 1.00000e+00
 1.00000e+00
 1.00000e+00
 1.00000e+00
 1.00000e+00
 1.00000e+00
 1.00000e+00
 1.00000e+00
 1.00000e+00
 1.00000e+00
 9.99997e-01
 9.99986e-01
 9.99934e-01
 9.99719e-01
 9.98945e-01
 9.96566e-01
 9.90436e-01
 1.00000e+00
 1.00000e+00
 1.00000e+00
 1.00000e+00
 1.00000e+00
 1.00000e+00
 1.00000e+00
 1.00000e+00
 1.00000e+00
 1.00000e+00
 1.00000e+00
 1.00000e+00
 1.00000e+00
 1.00000e+00
 1.00000e+00
 1.00000e+00
 1.00000e+00
 1.00000e+00
 9.99997e-01
 9.99986e-01
 9.99934e-01
 9.99719e-01
 9.98945e-01
 9.96566e-01
 9.90436e-01
 1.00000e+00
 1.00000e+00
 1.00000e+00
 1.00000e+00
 1.00000e+00
 1.00000e+00
 1.00000e+00
 1.00000e+00
 1.00000e+00
 1.00000e+00
 1.00000e+00
 1.00000e+00
 1.00000e+00
 1.00000e+00
 1.00000e+00
 1.00000e+00
 1.00000e+00
 1.00000e+00
 9.99997e-01
 9.99986e-01
 9.99934e-01
 9.99719e-01
 9.98945e-01
 9.96566e-01
 9.90436e-01
 1.00000e+00
 1.00000e+00
 1.00000e+00
 1.00000e+00
 1.00000e+00
 1.00000e+00
 1.00000e+00
 1.00000e+00
 1.00000e+00
 1.00000e+00
 1.00000e+00
 1.00000e+00
 1.00000e+00
 1.00000e+00
 1.00000e+00
 1.00000e+00
 1.00000e+00
 1.00000e+00
 9.99997e-01
 9.99986e-01
 9.99934e-01
 9.99719e-01
 9.98945e-01
 9.96566e-01
 9.90436e-01
 1.00000e+00
 1.00000e+00
 1.00000e+00
 1.00000e+00
 1.00000e+00
 1.00000e+00
 1.00000e+00
 1.00000e+00
 1.00000e+00
 1.00000e+00
 1.00000e+00
 1.00000e+00
 1.00000e+00
 1.00000e+00
 1.00000e+00
 1.00000e+00
 1.00000e+00
 1.00000e+00
 9.99997e-01
 9.99986e-01
 9.99934e-01
 9.99719e-01
 9.98945e-01
 9.96566e-01
 9.90436e-01
part
         2
hexa8
 9.77444e-01
 9.54993e-01
 9.23261e-01
 8.85483e-01
 8.45555e-01
 8.05947e-01
 7.67679e-01
 7.31064e-01
 6.96109e-01
 6.62804e-01
 6.31111e-01
 6.00985e-01
 5.72372e-01
 5.45214e-01
 5.19455e-01
 4.95039e-01
 4.71914e-01
 4.50035e-01
 4.29365e-01
 4.09881e-01
 3.91578e-01
 3.74472e-01
 3.58607e-01
 3.44060e-01
 3.30951e-01
 9.77444e-01
 9.54993e-01
 9.23261e-01
 8.85483e-01
 8.45555e-01
 8.05947e-01
 7.67679e-01
 7.31064e-01
 6.96109e-01
 6.62804e-01
 6.31111e-01
 6.00985e-01
 5.72372e-01
 5.45214e-01
 5.19455e-01
 4.95039e-01
 4.71914e-01
 4.50035e-01
 4.29365e-01
 4.09881e-01
 3.91578e-01
 3.74472e-01
 3.58607e-01
 3.44060e-01
 3.30951e-01
 9.77444e-01
 9.54993e-01
 9.23261e-01
 8.85483e-01
 8.45555e-01
 8.05947e-01
 7.67679e-01
 7.31064e-01
 6.96109e-01
 6.62804e-01
 6.31111e-01
 6.00985e-01
 5.72372e-01
 5.45214e-01
 5.19455e-01
 4.95039e-01
 4.71914e-01
 4.50035e-01
 4.29365e-01
 4.09881e-01
 3.91578e-01
 3.74472e-01
 3.58607e-01
 3.44060e-01
 3.30951e-01
 9.77444e-01
 9.54993e-01
 9.23261e-01
 8.85483e-01
 8.45555e-01
 8.05947e-01
 7.67679e-01
 7.31064e-01
 6.96109e-01
 6.62804e-01
 6.31111e-01
 6.00985e-01
 5.72372e-01
 5.45214e-01
 5.19455e-01
 4.95039e-01
 4.71914e-01
 4.50035e-01
 4.29365e-01
 4.09881e-01
 3.91578e-01
 3.74472e-01
 3.58607e-01
 3.44060e-01
 3.30951e-01
 9.77444e-01
 9.54993e-01
 9.23261e-01
 8.85483e-01
 8.45555e-01
 8.05947e-01
 7.67679e-01
 7.31064e-01
 6.96109e-01
 6.62804e-01
 6.31111e-01
 6.00985e-01
 5.72372e-01
 5.45214e-01
 5.19455e-01
 4.95039e-01
 4.71914e-01
 4.50035e-01
 4.29365e-01
 4.09881e-01
 3.91578e-01
 3.74472e-01
 3.58607e-01
 3.44060e-01
 3.30951e-01
 9.77444e-01
 9.54993e-01
 9.23261e-01
 8.85483e-01
 8.45555e-01
 8.05947e-01
 7.67679e-01
 7.31064e-01
 6.96109e-01
 6.62804e-01
 6.31111e-01
 6.00985e-01
 5.72372e-01
 5.45214e-01
 5.19455e-01
 4.95039e-01
 4.71914e-01
 4.50035e-01
 4.29365e-01
 4.09881e-01
 3.91578e-01
 3.74472e-01
 3.58607e-01
 3.44060e-01
 3.30951e-01
 9.77444e-01
 9.54993e-01
 9.23261e-01
 8.85483e-01
 8.45555e-01
 8.05947e-01
 7.67679e-01
 7.31064e-01
 6.96109e-01
 6.62804e-01
 6.31111e-01
 6.00985e-01
 5.72372e-01
 5.45214e-01
 5.19455e-01
 4.95039e-01
 4.71914e-01
 4.50035e-01
 4.29365e-01
 4.09881e-01
 3.91578e-01
 3.74472e-01
 3.58607e-01
 3.44060e-01
 3.30951e-01
 9.77444e-01
 9.54993e-01
 9.23261e-01
 8.85483e-01
 8.45555e-01
 8.05947e-01
 7.67679e-01
 7.31064e-01
 6.96109e-01
 6.62804e-01
 6.31111e-01
 6.00985e-01
 5.72372e-01
 5.45214e-01
 5.19455e-01
 4.95039e-01
 4.71914e-01
 4.50035e-01
 4.29365e-01
 4.09881e-01
 3.91578e-01
 3.74472e-01
 3.58607e-01
 3.44060e-01
 3.30951e-01
 9.77444e-01
 9.54993e-01
 9.23261e-01
 8.85483e-01
 8.45555e-01
 8.05947e-01
 7.67679e-01
 7.31064e-01
 6.96109e-01
 6.62804e-01
 6.31111e-01
 6.00985e-01
 5.72372e-01
 5.45214e-01
 5.19455e-01
 4.95039e-01
 4.71914e-01
 4.50035e-01
 4.29365e-01
 4.09881e-01
 3.91578e-01
 3.74472e-01
 3.58607e-01
 3.44060e-01
 3.30951e-01
 9.77444e-01
 9.54993e-01
 9.23261e-01
 8.85483e-01
 8.45555e-01
 8.05947e-01
 7.67679e-01
 7.31064e-01
 6.96109e-01
 6.62804e-01
 6.31111e-01
 6.00985e-01
 5.72372e-01
 5.45214e-01
 5.19455e-01
 4.95039e-01
 4.71914e-01
 4.50035e-01
 4.29365e-01
 4.09881e-01
 3.91578e-01
 3.74472e-01
 3.58607e-01
 3.44060e-01
 3.30951e-01
 9.77444e-01
 9.54993e-01
 9.23261e-01
 8.85483e-01
 8.45555e-01
 8.05947e-01
 7.67679e-01
 7.31064e-01
 6.96109e-01
 6.62804e-01
 6.31111e-01
 6.00985e-01
 5.72372e-01
 5.45214e-01
 5.19455e-01
 4.95039e-01
 4.71914e-01
 4.50035e-01
 4.29365e-01
 4.09881e-01
 3.91578e-01
 3.74472e-01
 3.58607e-01
 3.44060e-01
 3.30951e-01
 9.77444e-01
 9.54993e-01
 9.23261e-01
 8.85483e-01
 8.45555e-01
 8.05947e-01
 7.67679e-01
 7.31064e-01
 6.96109e-01
 6.62804e-01
 6.31111e-01
 6.00985e-01
 5.72372e-01
 5.45214e-01
 5.19455e-01
 4.95039e-01
 4.71914e-01
 4.50035e-01
 4.29365e-01
 4.09881e-01
 3.91578e-01
 3.74472e-01
 3.58607e-01
 3.44060e-01
 3.30951e-01
 9.77444e-01
 9.54993e-01
 9.23261e-01
 8.85483e-01
 8.45555e-01
 8.05947e-01
 7.67679e-01
 7.31064e-01
 6.96109e-01
 6.62804e-01
 6.31111e-01
 6.00985e-01
 5.72372e-01
 5.45214e-01
 5.19455e-01
 4.95039e-01
 4.71914e-01
 4.50035e-01
 4.29365e-01
 4.09881e-01
 3.91578e-01
 3.74472e-01
 3.58607e-01
 3.44060e-01
 3.30951e-01
 9.77444e-01
 9.54993e-01
 9.23261e-01
 8.85483e-01
 8.45555e-01
 8.05947e-01
 7.67679e-01
 7.31064e-01
 6.96109e-01
 6.62804e-01
 6.31111e-01
 6.00985e-01
 5.72372e-01
 5.45214e-01
 5.19455e-01
 4.95039e-01
 4.71914e-01
 4.50035e-01
 4.29365e-01
 4.09881e-01
 3.91578e-01
 3.74472e-01
 3.58607e-01
 3.44060e-01
 3.30951e-01
 9.77444e-01
 9.54993e-01
 9.23261e-01
 8.85483e-01
 8.45555e-01
 8.05947e-01
 7.67679e-01
 7.31064e-01
 6.96109e-01
 6.62804e-01
 6.31111e-01
 6.00985e-01
 5.72372e-01
 5.45214e-01
 5.19455e-01
 4.95039e-01
 4.71914e-01
 4.50035e-01
 4.29365e-01
 4.09881e-01
 3.91578e-01
 3.74472e-01
 3.58607e-01
 3.44060e-01
 3.30951e-01
 9.77444e-01
 9.54993e-01
 9.23261e-01
 8.85483e-01
 8.45555e-01
 8.05947e-01
 7.67679e-01
 7.31064e-01
 6.96109e-01
 6.62804e-01
 6.31111e-01
 6.00985e-01
 5.72372e-01
 5.45214e-01
 5.19455e-01
 4.95039e-01
 4.71914e-01
 4.50035e-01
 4.29365e-01
 4.09881e-01
 3.91578e-01
 3.74472e-01
 3.58607e-01
 3.44060e-01
 3.30951e-01
 9.77444e-01
 9.54993e-01
 9.23261e-01
 8.85483e-01
 8.45555e-01
 8.05947e-01
 7.67679e-01
 7.31064e-01
 6.96109e-01
 6.62804e-01
 6.31111e-01
 6.00985e-01
 5.72372e-01
 5.45214e-01
 5.19455e-01
 4.95039e-01
 4.71914e-01
 4.50035e-01
 4.29365e-01
 4.09881e-01
 3.91578e-01
 3.74472e-01
 3.58607e-01
 3.44060e-01
 3.30951e-01
 9.77444e-01
 9.54993e-01
 9.23261e-01
 8.85483e-01
 8.45555e-01
 8.05947e-01
 7.67679e-01
 7.31064e-01
 6.96109e-01
 6.62804e-01
 6.31111e-01
 6.00985e-01
 5.72372e-01
 5.45214e-01
 5.19455e-01
 4.95039e-01
 4.71914e-01
 4.50035e-01
 4.29365e-01
 4.09881e-01
 3.91578e-01
 3.74472e-01
 3.58607e-01
 3.44060e-01
 3.30951e-01
 9.77444e-01
 9.54993e-01
 9.23261e-01
 8.85483e-01
 8.45555e-01
 8.05947e-01
 7.67679e-01
 7.31064e-01
 6.96109e-01
 6.62804e-01
 6.31111e-01
 6.00985e-01
 5.72372e-01
 5.45214e-01
 5.19455e-01
 4.95039e-01
 4.71914e-01
 4.50035e-01
 4.29365e-01
 4.09881e-01
 3.91578e-01
 3.74472e-01
 3.58607e-01
 3.44060e-01
 3.30951e-01
 9.77444e-01
 9.54993e-01
 9.23261e-01
 8.85483e-01
 8.45555e-01
 8.05947e-01
 7.67679e-01
 7.31064e-01
 6.96109e-01
 6.62804e-01
 6.31111e-01
 6.00985e-01
 5.72372e-01
 5.45214e-01
 5.19455e-01
 4.95039e-01
 4.71914e-01
 4.50035e-01
 4.29365e-01
 4.09881e-01
 3.91578e-01
 3.74472e-01
 3.58607e-01
 3.44060e-01
 3.30951e-01
 9.77444e-01
 9.54993e-01
 9.23261e-01
 8.85483e-01
 8.45555e-01
 8.05947e-01
 7.67679e-01
 7.31064e-01
 6.96109e-01
 6.62804e-01
 6.31111e-01
 6.00985e-01
 5.72372e-01
 5.45214e-01
 5.19455e-01
 4.95039e-01
 4.71914e-01
 4.50035e-01
 4.29365e-01
 4.09881e-01
 3.91578e-01
 3.74472e-01
 3.58607e-01
 3.44060e-01
 3.30951e-01
 9.77444e-01
 9.54993e-01
 9.23261e-01
 8.85483e-01
 8.45555e-01
 8.05947e-01
 7.67679e-01
 7.31064e-01
 6.96109e-01
 6.62804e-01
 6.31111e-01
 6.00985e-01
 5.72372e-01
 5.45214e-01
 5.19455e-01
 4.95039e-01
 4.71914e-01
 4.50035e-01
 4.29365e-01
 4.09881e-01
 3.91578e-01
 3.74472e-01
 3.58607e-01
 3.44060e-01
 3.30951e-01
 9.77444e-01
 9.54993e-01
 9.23261e-01
 8.85483e-01
 8.45555e-01
 8.05947e-01
 7.67679e-01
 7.31064e-01
 6.96109e-01
 6.62804e-01
 6.31111e-01
 6.00985e-01
 5.72372e-01
 5.45214e-01
 5.19455e-01
 4.95039e-01
 4.71914e-01
 4.50035e-01
 4.29365e-01
 4.09881e-01
 3.91578e-01
 3.74472e-01
 3.58607e-01
 3.44060e-01
 3.30951e-01
 9.77444e-01
 9.54993e-01
 9.23261e-01
 8.85483e-01
 8.45555e-01
 8.05947e-01
 7.67679e-01
 7.31064e-01
 6.96109e-01
 6.62804e-01
 6.31111e-01
 6.00985e-01
 5.72372e-01
 5.45214e-01
 5.19455e-01
 4.95039e-01
 4.71914e-01
 4.50035e-01
 4.29365e-01
 4.09881e-01
 3.91578e-01
 3.74472e-01
 3.58607e-01
 3.44060e-01
 3.30951e-01
 9.77444e-01
 9.54993e-01
 9.23261e-01
 8.85483e-01
 8.45555e-01
 8.05947e-01
 7.67679e-01
 7.31064e-01
 6.96109e-01
 6.62804e-01
 6.31111e-01
 6.00985e-01
 5.72372e-01
 5.45214e-01
 5.19455e-01
 4.95039e-01
 4.71914e-01
 4.50035e-01
 4.29365e-01
 4.09881e-01
 3.91578e-01
 3.74472e-01
 3.58607e-01
 3.44060e-01
 3.30951e-01
part
         3
hexa8
 3.19444e-01
 3.09750e-01
 3.02113e-01
 2.96770e-01
 2.95497e-01
 2.95528e-01
 2.96099e-01
 2.96971e-01
 2.97992e-01
 2.99038e-01
 3.00008e-01
 3.00824e-01
 3.01452e-01
 3.01897e-01
 3.02190e-01
 3.02374e-01
 3.02523e-01
 3.02575e-01
 3.02615e-01
 3.02656e-01
 3.02673e-01
 3.02707e-01
 3.02750e-01
 3.02799e-01
 3.02846e-01
 3.19444e-01
 3.09750e-01
 3.02113e-01
 2.96770e-01
 2.95497e-01
 2.95528e-01
 2.96099e-01
 2.96971e-01
 2.97992e-01
 2.99038e-01
 3.00008e-01
 3.00824e-01
 3.01452e-01
 3.01897e-01
 3.02190e-01
 3.02374e-01
 3.02523e-01
 3.02575e-01
 3.02615e-01
 3.02656e-01
 3.02673e-01
 3.02707e-01
 3.02750e-01
 3.02799e-01
 3.02846e-01
 3.19444e-01
 3.09750e-01
 3.02113e-01
 2.96770e-01
 2.95497e-01
 2.95528e-01
 2.96099e-01
 2.96971e-01
 2.97992e-01
 2.99038e-01
 3.00008e-01
 3.00824e-01
 3.01452e-01
 3.01897e-01
 3.02190e-01
 3.02374e-01
 3.02523e-01
 3.02575e-01
 3.02615e-01
 3.02656e-01
 3.02673e-01
 3.02707e-01
 3.02750e-01
 3.02799e-01
 3.02846e-01
 3.19444e-01
 3.09750e-01
 3.02113e-01
 2.96770e-01
 2.95497e-01
 2.95528e-01
 2.96099e-01
 2.96971e-01
 2.97992e-01
 2.99038e-01
 3.00008e-01
 3.00824e-01
 3.01452e-01
 3.01897e-01
 3.02190e-01
 3.02374e-01
 3.02523e-01
 3.02575e-01
 3.02615e-01
 3.02656e-01
 3.02673e-01
 3.02707e-01
 3.02750e-01
 3.02799e-01
 3.02846e-01
 3.19444e-01
 3.09750e-01
 3.02113e-01
 2.96770e-01
 2.95497e-01
 2.95528e-01
 2.96099e-01
 2.96971e-01
 2.97992e-01
 2.99038e-01
 3.00008e-01
 3.00824e-01
 3.01452e-01
 3.01897e-01
 3.02190e-01
 3.02374e-01
 3.02523e-01
 3.02575e-01
 3.02615e-01
 3.02656e-01
 3.02673e-01
 3.02707e-01
 3.02750e-01
 3.02799e-01
 3.02846e-01
 3.19444e-01
 3.09750e-01
 3.02113e-01
 2.96770e-01
 2.95497e-01
 2.95528e-01
 2.96099e-01
 2.96971e-01
 2.97992e-01
 2.99038e-01
 3.00008e-01
 3.00824e-01
 3.01452e-01
 3.01897e-01
 3.02190e-01
 3.02374e-01
 3.02523e-01
 3.02575e-01
 3.02615e-01
 3.02656e-01
 3.02673e-01
 3.02707e-01
 3.02750e-01
 3.02799e-01
 3.02846e-01
 3.19444e-01
 3.09750e-01
 3.02113e-01
 2.96770e-01
 2.95497e-01
 2.95528e-01
 2.96099e-01
 2.96971e-01
 2.97992e-01
 2.99038e-01
 3.00008e-01
 3.00824e-01
 3.01452e-01
 3.01897e-01
 3.02190e-01
 3.02374e-01
 3.02523e-01
 3.02575e-01
 3.02615e-01
 3.02656e-01
 3.02673e-01
 3.02707e-01
 3.02750e-01
 3.02799e-01
 3.02846e-01
 3.19444e-01
 3.09750e-01
 3.02113e-01
 2.96770e-01
 2.95497e-01
 2.95528e-01
 2.96099e-01
 2.96971e-01
 2.97992e-01
 2.99038e-01
 3.00008e-01
 3.00824e-01
 3.01452e-01
 3.01897e-01
 3.02190e-01
 3.02374e-01
 3.02523e-01
 3.02575e-01
 3.02615e-01
 3.02656e-01
 3.02673e-01
 3.02707e-01
 3.02750e-01
 3.02799e-01
 3.02846e-01
 3.19444e-01
 3.09750e-01
 3.02113e-01
 2.96770e-01
 2.95497e-01
 2.95528e-01
 2.96099e-01
 2.96971e-01
 2.97992e-01
 2.99038e-01
 3.00008e-01
 3.00824e-01
 3.01452e-01
 3.01897e-01
 3.02190e-01
 3.02374e-01
 3.02523e-01
 3.02575e-01
 3.02615e-01
 3.02656e-01
 3.02673e-01
 3.02707e-01
 3.02750e-01
 3.02799e-01
 3.02846e-01
 3.19444e-01
 3.09750e-01
 3.02113e-01
 2.96770e-01
 2.95497e-01
 2.95528e-01
 2.96099e-01
 2.96971e-01
 2.97992e-01
 2.99038e-01
 3.00008e-01
 3.00824e-01
 3.01452e-01
 3.01897e-01
 3.02190e-01
 3.02374e-01
 3.02523e-01
 3.02575e-01
 3.02615e-01
 3.02656e-01
 3.02673e-01
 3.02707e-01
 3.02750e-01
 3.02799e-01
 3.02846e-01
 3.19444e-01
 3.09750e-01
 3.02113e-01
 2.96770e-01
 2.95497e-01
 2.95528e-01
 2.96099e-01
 2.96971e-01
 2.97992e-01
 2.99038e-01
 3.00008e-01
 3.00824e-01
 3.01452e-01
 3.01897e-01
 3.02190e-01
 3.02374e-01
 3.02523e-01
 3.02575e-01
 3.02615e-01
 3.02656e-01
 3.02673e-01
 3.02707e-01
 3.02750e-01
 3.02799e-01
 3.02846e-01
 3.19444e-01
 3.09750e-01
 3.02113e-01
 2.96770e-01
 2.95497e-01
 2.95528e-01
 2.96099e-01
 2.96971e-01
 2.97992e-01
 2.99038e-01
 3.00008e-01
 3.00824e-01
 3.01452e-01
 3.01897e-01
 3.02190e-01
 3.02374e-01
 3.02523e-01
 3.02575e-01
 3.02615e-01
 3.02656e-01
 3.02673e-01
 3.02707e-01
 3.02750e-01
 3.02799e-01
 3.02846e-01
 3.19444e-01
 3.09750e-01
 3.02113e-01
 2.96770e-01
 2.95497e-01
 2.95528e-01
 2.96099e-01
 2.96971e-01
 2.97992e-01
 2.99038e-01
 3.00008e-01
 3.00824e-01
 3.01452e-01
 3.01897e-01
 3.02190e-01
 3.02374e-01
 3.02523e-01
 3.02575e-01
 3.02615e-01
 3.02656e-01
 3.02673e-01
 3.02707e-01
 3.02750e-01
 3.02799e-01
 3.02846e-01
 3.19444e-01
 3.09750e-01
 3.02113e-01
 2.96770e-01
 2.95497e-01
 2.95528e-01
 2.96099e-01
 2.96971e-01
 2.97992e-01
 2.99038e-01
 3.00008e-01
 3.00824e-01
 3.01452e-01
 3.01897e-01
 3.02190e-01
 3.02374e-01
 3.02523e-01
 3.02575e-01
 3.02615e-01
 3.02656e-01
 3.02673e-01
 3.02707e-01
 3.02750e-01
 3.02799e-01
 3.02846e-01
 3.19444e-01
 3.09750e-01
 3.02113e-01
 2.96770e-01
 2.95497e-01
 2.95528e-01
 2.96099e-01
 2.96971e-01
 2.97992e-01
 2.99038e-01
 3.00008e-01
 3.00824e-01
 3.01452e-01
 3.01897e-01
 3.02190e-01
 3.02374e-01
 3.02523e-01
 3.02575e-01
 3.02615e-01
 3.02656e-01
 3.02673e-01
 3.02707e-01
 3.02750e-01
 3.02799e-01
 3.02846e-01
 3.19444e-01
 3.09750e-01
 3.02113e-01
 2.96770e-01
 2.95497e-01
 2.95528e-01
 2.96099e-01
 2.96971e-01
 2.97992e-01
 2.99038e-01
 3.00008e-01
 3.00824e-01
 3.01452e-01
 3.01897e-01
 3.02190e-01
 3.02374e-01
 3.02523e-01
 3.02575e-01
 3.02615e-01
 3.02656e-01
 3.02673e-01
 3.02707e-01
 3.02750e-01
 3.02799e-01
 3.02846e-01
 3.19444e-01
 3.09750e-01
 3.02113e-01
 2.96770e-01
 2.95497e-01
 2.95528e-01
 2.96099e-01
 2.96971e-01
 2.97992e-01
 2.99038e-01
 3.00008e-01
 3.00824e-01
 3.01452e-01
 3.01897e-01
 3.02190e-01
 3.02374e-01
 3.02523e-01
 3.02575e-01
 3.02615e-01
 3.02656e-01
 3.02673e-01
 3.02707e-01
 3.02750e-01
 3.02799e-01
 3.02846e-01
 3.19444e-01
 3.09750e-01
 3.02113e-01
 2.96770e-01
 2.95497e-01
 2.95528e-01
 2.96099e-01
 2.96971e-01
 2.97992e-01
 2.99038e-01
 3.00008e-01
 3.00824e-01
 3.01452e-01
 3.01897e-01
 3.02190e-01
 3.02374e-01
 3.02523e-01
 3.02575e-01
 3.02615e-01
 3.02656e-01
 3.02673e-01
 3.02707e-01
 3.02750e-01
 3.02799e-01
 3.02846e-01
 3.19444e-01
 3.09750e-01
 3.02113e-01
 2.96770e-01
 2.95497e-01
 2.95528e-01
 2.96099e-01
 2.96971e-01
 2.97992e-01
 2.99038e-01
 3.00008e-01
 3.00824e-01
 3.01452e-01
 3.01897e-01
 3.02190e-01
 3.02374e-01
 3.02523e-01
 3.02575e-01
 3.02615e-01
 3.02656e-01
 3.02673e-01
 3.02707e-01
 3.02750e-01
 3.02799e-01
 3.02846e-01
 3.19444e-01
 3.09750e-01
 3.02113e-01
 2.96770e-01
 2.95497e-01
 2.95528e-01
 2.96099e-01
 2.96971e-01
 2.97992e-01
 2.99038e-01
 3.00008e-01
 3.00824e-01
 3.01452e-01
 3.01897e-01
 3.02190e-01
 3.02374e-01
 3.02523e-01
 3.02575e-01
 3.02615e-01
 3.02656e-01
 3.02673e-01
 3.02707e-01
 3.02750e-01
 3.02799e-01
 3.02846e-01
 3.19444e-01
 3.09750e-01
 3.02113e-01
 2.96770e-01
 2.95497e-01
 2.95528e-01
 2.96099e-01
 2.96971e-01
 2.97992e-01
 2.99038e-01
 3.00008e-01
 3.00824e-01
 3.01452e-01
 3.01897e-01
 3.02190e-01
 3.02374e-01
 3.02523e-01
 3.02575e-01
 3.02615e-01
 3.02656e-01
 3.02673e-01
 3.02707e-01
 3.02750e-01
 3.02799e-01
 3.02846e-01
 3.19444e-01
 3.09750e-01
 3.02113e-01
 2.96770e-01
 2.95497e-01
 2.95528e-01
 2.96099e-01
 2.96971e-01
 2.97992e-01
 2.99038e-01
 3.00008e-01
 3.00824e-01
 3.01452e-01
 3.01897e-01
 3.02190e-01
 3.02374e-01
 3.02523e-01
 3.02575e-01
 3.02615e-01
 3.02656e-01
 3.02673e-01
 3.02707e-01
 3.02750e-01
 3.02799e-01
 3.02846e-01
 3.19444e-01
 3.09750e-01
 3.02113e-01
 2.96770e-01
 2.95497e-01
 2.95528e-01
 2.96099e-01
 2.96971e-01
 2.97992e-01
 2.99038e-01
 3.00008e-01
 3.00824e-01
 3.01452e-01
 3.01897e-01
 3.02190e-01
 3.02374e-01
 3.02523e-01
 3.02575e-01
 3.02615e-01
 3.02656e-01
 3.02673e-01
 3.02707e-01
 3.02750e-01
 3.02799e-01
 3.02846e-01
 3.19444e-01
 3.09750e-01
 3.02113e-01
 2.96770e-01
 2.95497e-01
 2.95528e-01
 2.96099e-01
 2.96971e-01
 2.97992e-01
 2.99038e-01
 3.00008e-01
 3.00824e-01
 3.01452e-01
 3.01897e-01
 3.02190e-01
 3.02374e-01
 3.02523e-01
 3.02575e-01
 3.02615e-01
 3.02656e-01
 3.02673e-01
 3.02707e-01
 3.02750e-01
 3.02799e-01
 3.02846e-01
 3.19444e-01
 3.09750e-01
 3.02113e-01
 2.96770e-01
 2.95497e-01
 2.95528e-01
 2.96099e-01
 2.96971e-01
 2.97992e-01
 2.99038e-01
 3.00008e-01
 3.00824e-01
 3.01452e-01
 3.01897e-01
 3.02190e-01
 3.02374e-01
 3.02523e-01
 3.02575e-01
 3.02615e-01
 3.02656e-01
 3.02673e-01
 3.02707e-01
 3.02750e-01
 3.02799e-01
 3.02846e-01
part
         4
hexa8
 3.02874e-01
 3.02844e-01
 3.02659e-01
 3.02084e-01
 3.00595e-01
 2.97103e-01
 2.89627e-01
 2.75341e-01
 2.51934e-01
 2.19440e-01
 1.82663e-01
 1.48872e-01
 1.24055e-01
 1.09399e-01
 1.02893e-01
 1.00758e-01
 1.00186e-01
 1.00044e-01
 1.00010e-01
 1.00002e-01
 1.00001e-01
 1.00000e-01
 1.00000e-01
 1.00000e-01
 1.00000e-01
 3.02874e-01
 3.02844e-01
 3.02659e-01
 3.02084e-01
 3.00595e-01
 2.97103e-01
 2.89627e-01
 2.75341e-01
 2.51934e-01
 2.19440e-01
 1.82663e-01
 1.48872e-01
 1.24055e-01
 1.09399e-01
 1.02893e-01
 1.00758e-01
 1.00186e-01
 1.00044e-01
 1.00010e-01
 1.00002e-01
 1.00001e-01
 1.00000e-01
 1.00000e-01
 1.00000e-01
 1.00000e-01
 3.02874e-01
 3.02844e-01
 3.02659e-01
 3.02084e-01
 3.00595e-01
 2.97103e-01
 2.89627e-01
 2.75341e-01
 2.51934e-01
 2.19440e-01
 1.82663e-01
 1.48872e-01
 1.24055e-01
 1.09399e-01
 1.02893e-01
 1.00758e-01
 1.00186e-01
 1.00044e-01
 1.00010e-01
 1.00002e-01
 1.00001e-01
 1.00000e-01
 1.00000e-01
 1.00000e-01
 1.00000e-01
 3.02874e-01
 3.02844e-01
 3.02659e-01
 3.02084e-01
 3.00595e-01
 2.97103e-01
 2.89627e-01
 2.75341e-01
 2.51934e-01
 2.19440e-01
 1.82663e-01
 1.48872e-01
 1.24055e-01
 1.09399e-01
 1.02893e-01
 1.00758e-01
 1.00186e-01
 1.00044e-01
 1.00010e-01
 1.00002e-01
 1.00001e-01
 1.00000e-01
 1.00000e-01
 1.00000e-01
 1.00000e-01
 3.02874e-01
 3.02844e-01
 3.02659e-01
 3.02084e-01
 3.00595e-01
 2.97103e-01
 2.89627e-01
 2.75341e-01
 2.51934e-01
 2.19440e-01
 1.82663e-01
 1.48872e-01
 1.24055e-01
 1.09399e-01
 1.02893e-01
 1.00758e-01
 1.00186e-01
 1.00044e-01
 1.00010e-01
 1.00002e-01
 1.00001e-01
 1.00000e-01
 1.00000e-01
 1.00000e-01
 1.00000e-01
 3.02874e-01
 3.02844e-01
 3.02659e-01
 3.02084e-01
 3.00595e-01
 2.97103e-01
 2.89627e-01
 2.75341e-01
 2.51934e-01
 2.19440e-01
 1.82663e-01
 1.48872e-01
 1.24055e-01
 1.09399e-01
 1.02893e-01
 1.00758e-01
 1.00186e-01
 1.00044e-01
 1.00010e-01
 1.00002e-01
 1.00001e-01
 1.00000e-01
 1.00000e-01
 1.00000e-01
 1.00000e-01
 3.02874e-01
 3.02844e-01
 3.02659e-01
 3.02084e-01
 3.00595e-01
 2.97103e-01
 2.89627e-01
 2.75341e-01
 2.51934e-01
 2.19440e-01
 1.82663e-01
 1.48872e-01
 1.24055e-01
 1.09399e-01
 1.02893e-01
 1.00758e-01
 1.00186e-01
 1.00044e-01
 1.00010e-01
 1.00002e-01
 1.00001e-01
 1.00000e-01
 1.00000e-01
 1.00000e-01
 1.00000e-01
 3.02874e-01
 3.02844e-01
 3.02659e-01
 3.02084e-01
 3.00595e-01
 2.97103e-01
 2.89627e-01
 2.75341e-01
 2.51934e-01
 2.19440e-01
 1.82663e-01
 1.48872e-01
 1.24055e-01
 1.09399e-01
 1.02893e-01
 1.00758e-01
 1.00186e-01
 1.00044e-01
 1.00010e-01
 1.00002e-01
 1.00001e-01
 1.00000e-01
 1.00000e-01
 1.00000e-01
 1.00000e-01
 3.02874e-01
 3.02844e-01
 3.02659e-01
 3.02084e-01
 3.00595e-01
 2.97103e-01
 2.89627e-01
 2.75341e-01
 2.51934e-01
 2.19440e-01
 1.82663e-01
 1.48872e-01
 1.24055e-01
 1.09399e-01
 1.02893e-01
 1.00758e-01
 1.00186e-01
 1.00044e-01
 1.00010e-01
 1.00002e-01
 1.00001e-01
 1.00000e-01
 1.00000e-01
 1.00000e-01
 1.00000e-01
 3.02874e-01
 3.02844e-01
 3.02659e-01
 3.02084e-01
 3.00595e-01
 2.97103e-01
 2.89627e-01
 2.75341e-01
 2.51934e-01
 2.19440e-01
 1.82663e-01
 1.48872e-01
 1.24055e-01
 1.09399e-01
 1.02893e-01
 1.00758e-01
 1.00186e-01
 1.00044e-01
 1.00010e-01
 1.00002e-01
 1.00001e-01
 1.00000e-01
 1.00000e-01
 1.00000e-01
 1.00000e-01
 3.02874e-01
 3.02844e-01
 3.02659e-01
 3.02084e-01
 3.00595e-01
 2.97103e-01
 2.89627e-01
 2.75341e-01
 2.51934e-01
 2.19440e-01
 1.82663e-01
 1.48872e-01
 1.24055e-01
 1.09399e-01
 1.02893e-01
 1.00758e-01
 1.00186e-01
 1.00044e-01
 1.00010e-01
 1.00002e-01
 1.00001e-01
 1.00000e-01
 1.00000e-01
 1.00000e-01
 1.00000e-01
 3.02874e-01
 3.02844e-01
 3.02659e-01
 3.02084e-01
 3.00595e-01
 2.97103e-01
 2.89627e-01
 2.75341e-01
 2.51934e-01
 2.19440e-01
 1.82663e-01
 1.48872e-01
 1.24055e-01
 1.09399e-01
 1.02893e-01
 1.00758e-01
 1.00186e-01
 1.00044e-01
 1.00010e-01
 1.00002e-01
 1.00001e-01
 1.00000e-01
 1.00000e-01
 1.00000e-01
 1.00000e-01
 3.02874e-01
 3.02844e-01
 3.02659e-01
 3.02084e-01
 3.00595e-01
 2.97103e-01
 2.89627e-01
 2.75341e-01
 2.51934e-01
 2.19440e-01
 1.82663e-01
 1.48872e-01
 1.24055e-01
 1.09399e-01
 1.02893e-01
 1.00758e-01
 1.00186e-01
 1.00044e-01
 1.00010e-01
 1.00002e-01
 1.00001e-01
 1.00000e-01
 1.00000e-01
 1.00000e-01
 1.00000e-01
 3.02874e-01
 3.02844e-01
 3.02659e-01
 3.02084e-01
 3.00595e-01
 2.97103e-01
 2.89627e-01
 2.75341e-01
 2.51934e-01
 2.19440e-01
 1.82663e-01
 1.48872e-01
 1.24055e-01
 1.09399e-01
 1.02893e-01
 1.00758e-01
 1.00186e-01
 1.00044e-01
 1.00010e-01
 1.00002e-01
 1.00001e-01
 1.00000e-01
 1.00000e-01
 1.00000e-01
 1.00000e-01
 3.02874e-01
 3.02844e-01
 3.02659e-01
 3.02084e-01
 3.00595e-01
 2.97103e-01
 2.89627e-01
 2.75341e-01
 2.51934e-01
 2.19440e-01
 1.82663e-01
 1.48872e-01
 1.24055e-01
 1.09399e-01
 1.02893e-01
 1.00758e-01
 1.00186e-01
 1.00044e-01
 1.00010e-01
 1.00002e-01
 1.00001e-01
 1.00000e-01
 1.00000e-01
 1.00000e-01
 1.00000e-01
 3.02874e-01
 3.02844e-01
 3.02659e-01
 3.02084e-01
 3.00595e-01
 2.97103e-01
 2.89627e-01
 2.75341e-01
 2.51934e-01
 2.19440e-01
 1.82663e-01
 1.48872e-01
 1.24055e-01
 1.09399e-01
 1.02893e-01
 1.00758e-01
 1.00186e-01
 1.00044e-01
 1.00010e-01
 1.00002e-01
 1.00001e-01
 1.00000e-01
 1.00000e-01
 1.00000e-01
 1.00000e-01
 3.02874e-01
 3.02844e-01
 3.02659e-01
 3.02084e-01
 3.00595e-01
 2.97103e-01
 2.89627e-01
 2.75341e-01
 2.51934e-01
 2.19440e-01
 1.82663e-01
 1.48872e-01
 1.24055e-01
 1.09399e-01
 1.02893e-01
 1.00758e-01
 1.00186e-01
 1.00044e-01
 1.00010e-01
 1.00002e-01
 1.00001e-01
 1.00000e-01
 1.00000e-01
 1.00000e-01
 1.00000e-01
 3.02874e-01
 3.02844e-01
 3.02659e-01
 3.02084e-01
 3.00595e-01
 2.97103e-01
 2.89627e-01
 2.75341e-01
 2.51934e-01
 2.19440e-01
 1.82663e-01
 1.48872e-01
 1.24055e-01
 1.09399e-01
 1.02893e-01
 1.00758e-01
 1.00186e-01
 1.00044e-01
 1.00010e-01
 1.00002e-01
 1.00001e-01
 1.00000e-01
 1.00000e-01
 1.00000e-01
 1.00000e-01
 3.02874e-01
 3.02844e-01
 3.02659e-01
 3.02084e-01
 3.00595e-01
 2.97103e-01
 2.89627e-01
 2.75341e-01
 2.51934e-01
 2.19440e-01
 1.82663e-01
 1.48872e-01
 1.24055e-01
 1.09399e-01
 1.02893e-01
 1.00758e-01
 1.00186e-01
 1.00044e-01
 1.00010e-01
 1.00002e-01
 1.00001e-01
 1.00000e-01
 1.00000e-01
 1.00000e-01
 1.00000e-01
 3.02874e-01
 3.02844e-01
 3.02659e-01
 3.02084e-01
 3.00595e-01
 2.97103e-01
 2.89627e-01
 2.75341e-01
 2.51934e-01
 2.19440e-01
 1.82663e-01
 1.48872e-01
 1.24055e-01
 1.09399e-01
 1.02893e-01
 1.00758e-01
 1.00186e-01
 1.00044e-01
 1.00010e-01
 1.00002e-01
 1.00001e-01
 1.00000e-01
 1.00000e-01
 1.00000e-01
 1.00000e-01
 3.02874e-01
 3.02844e-01
 3.02659e-01
 3.02084e-01
 3.00595e-01
 2.97103e-01
 2.89627e-01
 2.75341e-01
 2.51934e-01
 2.19440e-01
 1.82663e-01
 1.48872e-01
 1.24055e-01
 1.09399e-01
 1.02893e-01
 1.00758e-01
 1.00186e-01
 1.00044e-01
 1.00010e-01
 1.00002e-01
 1.00001e-01
 1.00000e-01
 1.00000e-01
 1.00000e-01
 1.00000e-01
 3.02874e-01
 3.02844e-01
 3.02659e-01
 3.02084e-01
 3.00595e-01
 2.97103e-01
 2.89627e-01
 2.75341e-01
 2.51934e-01
 2.19440e-01
 1.82663e-01
 1.48872e-01
 1.24055e-01
 1.09399e-01
 1.02893e-01
 1.00758e-01
 1.00186e-01
 1.00044e-01
 1.00010e-01
 1.00002e-01
 1.00001e-01
 1.00000e-01
 1.00000e-01
 1.00000e-01
 1.00000e-01
 3.02874e-01
 3.02844e-01
 3.02659e-01
 3.02084e-01
 3.00595e-01
 2.97103e-01
 2.89627e-01
 2.75341e-01
 2.51934e-01
 2.19440e-01
 1.82663e-01
 1.48872e-01
 1.24055e-01
 1.09399e-01
 1.02893e-01
 1.00758e-01
 1.00186e-01
 1.00044e-01
 1.00010e-01
 1.00002e-01
 1.00001e-01
 1.00000e-01
 1.00000e-01
 1.00000e-01
 1.00000e-01
 3.02874e-01
 3.02844e-01
 3.02659e-01
 3.02084e-01
 3.00595e-01
 2.97103e-01
 2.89627e-01
 2.75341e-01
 2.51934e-01
 2.19440e-01
 1.82663e-01
 1.48872e-01
 1.24055e-01
 1.09399e-01
 1.02893e-01
 1.00758e-01
 1.00186e-01
 1.00044e-01
 1.00010e-01
 1.00002e-01
 1.00001e-01
 1.00000e-01
 1.00000e-01
 1.00000e-01
 1.00000e-01
 3.02874e-01
 3.02844e-01
 3.02659e-01
 3.02084e-01
 3.00595e-01
 2.97103e-01
 2.89627e-01
 2.75341e-01
 2.51934e-01
 2.19440e-01
 1.82663e-01
 1.48872e-01
 1.24055e-01
 1.09399e-01
 1.02893e-01
 1.00758e-01
 1.00186e-01
 1.00044e-01
 1.00010e-01
 1.00002e-01
 1.00001e-01
 1.00000e-01
 1.00000e-01
 1.00000e-01
 1.00000e-01
