PseudoViscosity
part
         1
hexa8
 9.87282e-16
 1.97456e-15
 1.97456e-15
 2.48827e-31
 0.00000e+00
 7.05533e-33
 2.98742e-32
 1.97456e-15
 9.87282e-16
 1.97456e-15
 4.41812e-32
 8.57593e-48
 1.13455e-31
 2.51754e-31
 9.87282e-16
 9.87282e-16
 4.02302e-31
 1.97456e-15
 3.42926e-65
 6.77402e-32
 1.68993e-31
 1.81745e-47
 3.62918e-31
 6.65367e-31
 1.97456e-15
 9.87282e-16
 9.87282e-16
 9.87282e-16
 7.26848e-47
 0.00000e+00
 1.99514e-31
 0.00000e+00
 4.75822e-31
 1.96927e-31
 1.18058e-30
 1.97456e-15
 1.34803e-63
 3.74975e-32
 9.87282e-16
 1.97456e-15
 2.65304e-32
 9.87282e-16
 3.07638e-32
 3.85352e-49
 3.69725e-31
 9.87282e-16
 9.87282e-16
 3.31624e-47
 8.52386e-31
 2.96185e-15
 2.76944e-31
 5.52274e-48
 0.00000e+00
 1.02409e-31
 1.33481e-30
 1.15012e-30
 2.06793e-31
 9.87282e-16
 9.87282e-16
 1.97456e-15
 0.00000e+00
 0.00000e+00
 1.05612e-46
 1.73245e-31
 1.28161e-30
 0.00000e+00
 9.87282e-16
 1.39129e-30
 6.43285e-31
 1.53061e-30
 3.02453e-31
 6.67704e-32
 1.00241e-65
 3.25266e-46
 0.00000e+00
 1.97456e-15
 3.79016e-32
 0.00000e+00
 4.35484e-31
 1.97456e-15
 1.97456e-15
 9.87282e-16
 1.07412e-31
 1.97456e-15
 7.43672e-31
 1.10118e-31
 2.27993e-64
 2.73261e-31
 1.97456e-15
 1.97456e-15
 1.83569e-30
 1.34609e-32
 1.97456e-15
 4.93641e-15
 1.97456e-15
 0.00000e+00
 0.00000e+00
 6.21139e-31
 1.97456e-15
 1.97456e-15
 5.87442e-31
 4.49743e-47
 6.46964e-31
 1.87337e-49
 8.50368e-47
 6.12130e-33
 7.94511e-48
 0.00000e+00
 2.78659e-32
 9.87282e-16
 9.87282e-16
 8.78288e-48
 1.51005e-32
 9.87282e-16
 1.59174e-31
 2.96185e-15
 5.08359e-31
 9.87282e-16
 3.85580e-31
 7.65862e-47
 9.87282e-16
 9.87282e-16
 9.87282e-16
 1.09387e-30
 4.40120e-64
 1.97456e-15
 2.01335e-31
 1.97456e-15
 2.96185e-15
 1.15409e-30
 3.40357e-63
 7.49027e-32
 0.00000e+00
 1.07553e-31
 1.42092e-46
 1.74972e-47
 9.87282e-16
 5.09128e-33
 1.97456e-15
 0.00000e+00
 0.00000e+00
 0.00000e+00
 8.47239e-31
 2.96185e-15
 1.01232e-30
 2.71228e-31
 3.51318e-31
 3.77518e-31
 2.96185e-15
 8.12636e-48
 2.63834e-31
 3.50416e-47
 3.59714e-31
 9.79107e-31
 1.97456e-15
 4.84852e-31
 1.87266e-31
 8.03288e-31
 4.38858e-32
 2.76419e-31
 1.43547e-31
 1.97456e-15
 8.76258e-32
 9.87282e-16
 0.00000e+00
 0.00000e+00
 8.06194e-48
 1.97456e-15
 8.72795e-32
 9.87282e-16
 0.00000e+00
 0.00000e+00
 1.33447e-31
 1.44238e-30
 1.15558e-31
 9.87282e-16
 3.80840e-31
 9.87282e-16
 0.00000e+00
 6.29079e-48
 9.87282e-16
 8.19762e-31
 1.97456e-15
 0.00000e+00
 4.64007e-31
 3.97372e-31
 1.97456e-15
 9.11508e-32
 1.05769e-31
 1.75767e-47
 0.00000e+00
 9.35673e-32
 9.87282e-16
 9.46961e-48
 0.00000e+00
 9.87282e-16
 6.43685e-48
 2.07946e-31
 0.00000e+00
 1.64713e-47
 0.00000e+00
 0.00000e+00
 0.00000e+00
 0.00000e+00
 1.34560e-32
 0.00000e+00
 0.00000e+00
 0.00000e+00
 0.00000e+00
 9.87282e-16
 6.89002e-47
 7.29340e-31
 0.00000e+00
 0.00000e+00
 1.03407e-31
 0.00000e+00
 9.87282e-16
 3.37921e-32
 0.00000e+00
 0.00000e+00
 9.06217e-31
 3.68896e-32
 4.55441e-31
 1.97456e-15
 0.00000e+00
 0.00000e+00
 0.00000e+00
 0.00000e+00
 0.00000e+00
 1.04309e-47
 0.00000e+00
 0.00000e+00
 0.00000e+00
 0.00000e+00
 6.86345e-31
 0.00000e+00
 4.05698e-47
 0.00000e+00
 0.00000e+00
 6.94386e-47
 0.00000e+00
 8.39011e-31
 9.83821e-48
 0.00000e+00
 0.00000e+00
 0.00000e+00
 6.00517e-47
 7.26041e-46
 3.12194e-30
 0.00000e+00
 0.00000e+00
 0.00000e+00
 0.00000e+00
 0.00000e+00
 0.00000e+00
 0.00000e+00
 0.00000e+00
 0.00000e+00
 0.00000e+00
 0.00000e+00
 0.00000e+00
 0.00000e+00
 0.00000e+00
 0.00000e+00
 0.00000e+00
 0.00000e+00
 0.00000e+00
 0.00000e+00
 0.00000e+00
 0.00000e+00
 0.00000e+00
 0.00000e+00
 0.00000e+00
 0.00000e+00
 0.00000e+00
 0.00000e+00
 0.00000e+00
 0.00000e+00
 0.00000e+00
 0.00000e+00
 0.00000e+00
 0.00000e+00
 0.00000e+00
 0.00000e+00
 0.00000e+00
 0.00000e+00
 0.00000e+00
 0.00000e+00
 0.00000e+00
 0.00000e+00
 0.00000e+00
 0.00000e+00
 0.00000e+00
 0.00000e+00
 0.00000e+00
 0.00000e+00
 0.00000e+00
 0.00000e+00
 0.00000e+00
 0.00000e+00
 0.00000e+00
 0.00000e+00
 0.00000e+00
 0.00000e+00
 0.00000e+00
 0.00000e+00
 0.00000e+00
 0.00000e+00
 0.00000e+00
 0.00000e+00
 0.00000e+00
 0.00000e+00
 0.00000e+00
 0.00000e+00
 0.00000e+00
 0.00000e+00
 0.00000e+00
 0.00000e+00
 0.00000e+00
 0.00000e+00
 0.00000e+00
 0.00000e+00
 0.00000e+00
 0.00000e+00
 0.00000e+00
 0.00000e+00
 0.00000e+00
 0.00000e+00
 0.00000e+00
 0.00000e+00
 0.00000e+00
 0.00000e+00
 0.00000e+00
 0.00000e+00
 0.00000e+00
 0.00000e+00
 0.00000e+00
 0.00000e+00
 0.00000e+00
 0.00000e+00
 0.00000e+00
 0.00000e+00
 0.00000e+00
 0.00000e+00
 0.00000e+00
 0.00000e+00
 0.00000e+00
 0.00000e+00
 0.00000e+00
 0.00000e+00
 0.00000e+00
 0.00000e+00
 0.00000e+00
 0.00000e+00
 0.00000e+00
 0.00000e+00
 0.00000e+00
 0.00000e+00
 0.00000e+00
 0.00000e+00
 0.00000e+00
 0.00000e+00
 0.00000e+00
 0.00000e+00
 0.00000e+00
 0.00000e+00
 0.00000e+00
 0.00000e+00
 0.00000e+00
 0.00000e+00
 0.00000e+00
 0.00000e+00
 0.00000e+00
 0.00000e+00
 0.00000e+00
 0.00000e+00
 0.00000e+00
 0.00000e+00
 0.00000e+00
 0.00000e+00
 0.00000e+00
 0.00000e+00
 0.00000e+00
 0.00000e+00
 0.00000e+00
 0.00000e+00
 0.00000e+00
 0.00000e+00
 0.00000e+00
 0.00000e+00
 0.00000e+00
 0.00000e+00
 0.00000e+00
 0.00000e+00
 0.00000e+00
 0.00000e+00
 0.00000e+00
 0.00000e+00
 0.00000e+00
 0.00000e+00
 0.00000e+00
 0.00000e+00
 0.00000e+00
 0.00000e+00
 0.00000e+00
 0.00000e+00
 0.00000e+00
 0.00000e+00
 0.00000e+00
 0.00000e+00
 0.00000e+00
 0.00000e+00
 0.00000e+00
 0.00000e+00
 0.00000e+00
 0.00000e+00
 0.00000e+00
 0.00000e+00
 0.00000e+00
 0.00000e+00
 0.00000e+00
 0.00000e+00
 0.00000e+00
 0.00000e+00
 0.00000e+00
 0.00000e+00
 0.00000e+00
 0.00000e+00
 0.00000e+00
 0.00000e+00
 0.00000e+00
 0.00000e+00
 0.00000e+00
 0.00000e+00
 0.00000e+00
 0.00000e+00
 0.00000e+00
 0.00000e+00
 0.00000e+00
 0.00000e+00
 0.00000e+00
 0.00000e+00
 0.00000e+00
 0.00000e+00
 0.00000e+00
 0.00000e+00
 0.00000e+00
 0.00000e+00
 0.00000e+00
 0.00000e+00
 0.00000e+00
 0.00000e+00
 0.00000e+00
 0.00000e+00
 0.00000e+00
 0.00000e+00
 0.00000e+00
 0.00000e+00
 0.00000e+00
 0.00000e+00
 0.00000e+00
 0.00000e+00
 0.00000e+00
 0.00000e+00
 0.00000e+00
 0.00000e+00
 0.00000e+00
 0.00000e+00
 0.00000e+00
 0.00000e+00
 0.00000e+00
 0.00000e+00
 0.00000e+00
 0.00000e+00
 0.00000e+00
 0.00000e+00
 0.00000e+00
 0.00000e+00
 0.00000e+00
 0.00000e+00
 0.00000e+00
 0.00000e+00
 0.00000e+00
 0.00000e+00
 0.00000e+00
 0.00000e+00
 0.00000e+00
 0.00000e+00
 0.00000e+00
 0.00000e+00
 0.00000e+00
 0.00000e+00
 0.00000e+00
 0.00000e+00
 0.00000e+00
 0.00000e+00
 0.00000e+00
 0.00000e+00
 0.00000e+00
 0.00000e+00
 0.00000e+00
 0.00000e+00
 0.00000e+00
 0.00000e+00
 0.00000e+00
 0.00000e+00
 0.00000e+00
 0.00000e+00
 0.00000e+00
 0.00000e+00
 0.00000e+00
 0.00000e+00
 0.00000e+00
 0.00000e+00
 0.00000e+00
 0.00000e+00
 0.00000e+00
 0.00000e+00
 0.00000e+00
 0.00000e+00
 0.00000e+00
 0.00000e+00
 0.00000e+00
 0.00000e+00
 0.00000e+00
 0.00000e+00
 0.00000e+00
 0.00000e+00
 0.00000e+00
 0.00000e+00
 0.00000e+00
 0.00000e+00
 0.00000e+00
 0.00000e+00
 0.00000e+00
 0.00000e+00
 0.00000e+00
 0.00000e+00
 0.00000e+00
 0.00000e+00
 0.00000e+00
 0.00000e+00
 0.00000e+00
 0.00000e+00
 0.00000e+00
 0.00000e+00
 0.00000e+00
 0.00000e+00
 0.00000e+00
 0.00000e+00
 0.00000e+00
 0.00000e+00
 0.00000e+00
 0.00000e+00
 0.00000e+00
 0.00000e+00
 0.00000e+00
 0.00000e+00
 0.00000e+00
 0.00000e+00
 0.00000e+00
 0.00000e+00
 0.00000e+00
 0.00000e+00
 0.00000e+00
 0.00000e+00
 0.00000e+00
 0.00000e+00
 0.00000e+00
 0.00000e+00
 0.00000e+00
 0.00000e+00
 0.00000e+00
 0.00000e+00
 0.00000e+00
 0.00000e+00
 0.00000e+00
 0.00000e+00
 0.00000e+00
 0.00000e+00
 0.00000e+00
 0.00000e+00
 0.00000e+00
 0.00000e+00
 0.00000e+00
 0.00000e+00
 0.00000e+00
 0.00000e+00
 0.00000e+00
 0.00000e+00
 0.00000e+00
 0.00000e+00
 0.00000e+00
 0.00000e+00
 0.00000e+00
 0.00000e+00
 0.00000e+00
 0.00000e+00
 0.00000e+00
 0.00000e+00
 0.00000e+00
 0.00000e+00
 0.00000e+00
 0.00000e+00
 0.00000e+00
 0.00000e+00
 0.00000e+00
 0.00000e+00
 0.00000e+00
 0.00000e+00
 0.00000e+00
 0.00000e+00
 0.00000e+00
 0.00000e+00
 0.00000e+00
 0.00000e+00
 0.00000e+00
 0.00000e+00
 0.00000e+00
 0.00000e+00
 0.00000e+00
 0.00000e+00
 0.00000e+00
 0.00000e+00
 0.00000e+00
 0.00000e+00
 0.00000e+00
 0.00000e+00
 0.00000e+00
 0.00000e+00
 0.00000e+00
 0.00000e+00
 0.00000e+00
 0.00000e+00
 0.00000e+00
 0.00000e+00
 0.00000e+00
 0.00000e+00
 0.00000e+00
 0.00000e+00
 0.00000e+00
 0.00000e+00
 0.00000e+00
 0.00000e+00
 0.00000e+00
 0.00000e+00
 0.00000e+00
 0.00000e+00
 0.00000e+00
 0.00000e+00
 0.00000e+00
 0.00000e+00
 0.00000e+00
 0.00000e+00
 0.00000e+00
 0.00000e+00
 0.00000e+00
 0.00000e+00
 0.00000e+00
 0.00000e+00
 0.00000e+00
 0.00000e+00
 0.00000e+00
 0.00000e+00
 0.00000e+00
 0.00000e+00
 0.00000e+00
 0.00000e+00
 0.00000e+00
 0.00000e+00
 0.00000e+00
 0.00000e+00
 0.00000e+00
 0.00000e+00
 0.00000e+00
 0.00000e+00
 0.00000e+00
 0.00000e+00
 0.00000e+00
 0.00000e+00
 0.00000e+00
 0.00000e+00
 0.00000e+00
 0.00000e+00
 0.00000e+00
 0.00000e+00
 0.00000e+00
 0.00000e+00
 0.00000e+00
 0.00000e+00
 0.00000e+00
 0.00000e+00
 0.00000e+00
 0.00000e+00
 0.00000e+00
 0.00000e+00
 0.00000e+00
 0.00000e+00
 0.00000e+00
 0.00000e+00
 0.00000e+00
 0.00000e+00
 0.00000e+00
 0.00000e+00
 0.00000e+00
 0.00000e+00
 0.00000e+00
 0.00000e+00
 0.00000e+00
 0.00000e+00
 0.00000e+00
 0.00000e+00
 0.00000e+00
 0.00000e+00
 0.00000e+00
 0.00000e+00
 0.00000e+00
 0.00000e+00
 0.00000e+00
 0.00000e+00
 0.00000e+00
 0.00000e+00
 0.00000e+00
 0.00000e+00
 0.00000e+00
 0.00000e+00
 0.00000e+00
 0.00000e+00
 0.00000e+00
 0.00000e+00
 0.00000e+00
 0.00000e+00
 0.00000e+00
 0.00000e+00
 0.00000e+00
 0.00000e+00
 0.00000e+00
 0.00000e+00
 0.00000e+00
 0.00000e+00
 0.00000e+00
 0.00000e+00
 0.00000e+00
 0.00000e+00
 0.00000e+00
 0.00000e+00
 0.00000e+00
 0.00000e+00
 0.00000e+00
 0.00000e+00
 0.00000e+00
 0.00000e+00
 0.00000e+00
 0.00000e+00
 0.00000e+00
 0.00000e+00
 0.00000e+00
 0.00000e+00
 0.00000e+00
 0.00000e+00
 0.00000e+00
 0.00000e+00
 0.00000e+00
 0.00000e+00
 0.00000e+00
 0.00000e+00
 0.00000e+00
 0.00000e+00
 0.00000e+00
 0.00000e+00
 0.00000e+00
 0.00000e+00
 0.00000e+00
 0.00000e+00
 0.00000e+00
 0.00000e+00
 0.00000e+00
 0.00000e+00
 0.00000e+00
 0.00000e+00
 0.00000e+00
 0.00000e+00
 0.00000e+00
 0.00000e+00
 0.00000e+00
 0.00000e+00
 0.00000e+00
 0.00000e+00
 0.00000e+00
 0.00000e+00
 0.00000e+00
 0.00000e+00
 0.00000e+00
 0.00000e+00
 0.00000e+00
 0.00000e+00
 0.00000e+00
 0.00000e+00
 0.00000e+00
 0.00000e+00
 0.00000e+00
 0.00000e+00
 0.00000e+00
 0.00000e+00
 0.00000e+00
 0.00000e+00
 0.00000e+00
 0.00000e+00
 0.00000e+00
 0.00000e+00
 0.00000e+00
 0.00000e+00
 0.00000e+00
 0.00000e+00
 0.00000e+00
 0.00000e+00
 0.00000e+00
 0.00000e+00
 0.00000e+00
 0.00000e+00
 0.00000e+00
 0.00000e+00
 0.00000e+00
 0.00000e+00
 0.00000e+00
 0.00000e+00
 0.00000e+00
 0.00000e+00
 0.00000e+00
 0.00000e+00
 0.00000e+00
 0.00000e+00
 0.00000e+00
 0.00000e+00
 0.00000e+00
 0.00000e+00
 0.00000e+00
 0.00000e+00
 0.00000e+00
 0.00000e+00
 0.00000e+00
 0.00000e+00
 0.00000e+00
 0.00000e+00
 0.00000e+00
 0.00000e+00
 0.00000e+00
 0.00000e+00
 0.00000e+00
 0.00000e+00
 0.00000e+00
 0.00000e+00
 0.00000e+00
 0.00000e+00
 0.00000e+00
 0.00000e+00
 0.00000e+00
 0.00000e+00
 0.00000e+00
 0.00000e+00
 0.00000e+00
 0.00000e+00
 0.00000e+00
 0.00000e+00
 0.00000e+00
 0.00000e+00
 0.00000e+00
 0.00000e+00
 0.00000e+00
 0.00000e+00
 0.00000e+00
 0.00000e+00
 0.00000e+00
 0.00000e+00
 0.00000e+00
 0.00000e+00
 0.00000e+00
 0.00000e+00
 0.00000e+00
 0.00000e+00
 0.00000e+00
 0.00000e+00
 0.00000e+00
 0.00000e+00
 0.00000e+00
 0.00000e+00
 0.00000e+00
 0.00000e+00
 0.00000e+00
 0.00000e+00
 0.00000e+00
 0.00000e+00
 0.00000e+00
 0.00000e+00
 0.00000e+00
 0.00000e+00
 0.00000e+00
 0.00000e+00
 0.00000e+00
 0.00000e+00
 0.00000e+00
 0.00000e+00
 0.00000e+00
 0.00000e+00
 0.00000e+00
 0.00000e+00
 0.00000e+00
 0.00000e+00
 0.00000e+00
 0.00000e+00
 0.00000e+00
 0.00000e+00
 0.00000e+00
 0.00000e+00
 0.00000e+00
 0.00000e+00
 0.00000e+00
 0.00000e+00
 0.00000e+00
 0.00000e+00
 0.00000e+00
 0.00000e+00
 0.00000e+00
 0.00000e+00
 0.00000e+00
 0.00000e+00
 0.00000e+00
 0.00000e+00
 0.00000e+00
 0.00000e+00
 0.00000e+00
 0.00000e+00
 0.00000e+00
 0.00000e+00
 0.00000e+00
 0.00000e+00
 0.00000e+00
 0.00000e+00
 0.00000e+00
 0.00000e+00
 0.00000e+00
 0.00000e+00
 0.00000e+00
 0.00000e+00
 0.00000e+00
 0.00000e+00
 0.00000e+00
 0.00000e+00
 0.00000e+00
 0.00000e+00
 0.00000e+00
 0.00000e+00
 0.00000e+00
 0.00000e+00
 0.00000e+00
 0.00000e+00
 0.00000e+00
 0.00000e+00
 0.00000e+00
 0.00000e+00
 0.00000e+00
 0.00000e+00
 0.00000e+00
 0.00000e+00
 0.00000e+00
 0.00000e+00
 0.00000e+00
 0.00000e+00
 0.00000e+00
 0.00000e+00
 0.00000e+00
 0.00000e+00
 0.00000e+00
 0.00000e+00
 0.00000e+00
 0.00000e+00
 0.00000e+00
 0.00000e+00
 0.00000e+00
 0.00000e+00
 0.00000e+00
 0.00000e+00
 0.00000e+00
 0.00000e+00
 0.00000e+00
 0.00000e+00
 0.00000e+00
 0.00000e+00
 0.00000e+00
 0.00000e+00
 0.00000e+00
 0.00000e+00
 0.00000e+00
 0.00000e+00
 0.00000e+00
 0.00000e+00
 0.00000e+00
 0.00000e+00
 0.00000e+00
 0.00000e+00
 0.00000e+00
 0.00000e+00
 0.00000e+00
 0.00000e+00
 0.00000e+00
 0.00000e+00
 0.00000e+00
 0.00000e+00
 0.00000e+00
 0.00000e+00
 0.00000e+00
 0.00000e+00
 0.00000e+00
 0.00000e+00
 0.00000e+00
 0.00000e+00
 0.00000e+00
 0.00000e+00
 0.00000e+00
 0.00000e+00
 0.00000e+00
 0.00000e+00
 0.00000e+00
 0.00000e+00
 0.00000e+00
 0.00000e+00
 0.00000e+00
 0.00000e+00
 0.00000e+00
 0.00000e+00
 0.00000e+00
 0.00000e+00
 0.00000e+00
 0.00000e+00
 0.00000e+00
 0.00000e+00
 0.00000e+00
 0.00000e+00
 0.00000e+00
 0.00000e+00
 0.00000e+00
 0.00000e+00
 0.00000e+00
 0.00000e+00
 0.00000e+00
 0.00000e+00
 0.00000e+00
 0.00000e+00
 0.00000e+00
 0.00000e+00
 0.00000e+00
 0.00000e+00
 0.00000e+00
 0.00000e+00
 0.00000e+00
 0.00000e+00
 0.00000e+00
 0.00000e+00
 0.00000e+00
 0.00000e+00
 0.00000e+00
 0.00000e+00
 0.00000e+00
 0.00000e+00
 0.00000e+00
 0.00000e+00
 0.00000e+00
 0.00000e+00
 0.00000e+00
 0.00000e+00
 0.00000e+00
 0.00000e+00
 0.00000e+00
 0.00000e+00
 0.00000e+00
 0.00000e+00
 0.00000e+00
 0.00000e+00
 0.00000e+00
 0.00000e+00
 0.00000e+00
 0.00000e+00
 0.00000e+00
 0.00000e+00
 0.00000e+00
 0.00000e+00
 0.00000e+00
 0.00000e+00
 0.00000e+00
 0.00000e+00
 0.00000e+00
 0.00000e+00
 0.00000e+00
 0.00000e+00
 0.00000e+00
 0.00000e+00
 0.00000e+00
 0.00000e+00
 0.00000e+00
 0.00000e+00
 0.00000e+00
 0.00000e+00
 0.00000e+00
 0.00000e+00
 0.00000e+00
 0.00000e+00
 0.00000e+00
 0.00000e+00
 0.00000e+00
 0.00000e+00
 0.00000e+00
 0.00000e+00
 0.00000e+00
 0.00000e+00
 0.00000e+00
 0.00000e+00
 0.00000e+00
 0.00000e+00
 0.00000e+00
 0.00000e+00
 0.00000e+00
 0.00000e+00
 0.00000e+00
 0.00000e+00
 0.00000e+00
 0.00000e+00
 0.00000e+00
 0.00000e+00
 0.00000e+00
 0.00000e+00
 0.00000e+00
 0.00000e+00
 0.00000e+00
 0.00000e+00
 0.00000e+00
 0.00000e+00
 0.00000e+00
 0.00000e+00
 0.00000e+00
 0.00000e+00
 0.00000e+00
 0.00000e+00
 0.00000e+00
 0.00000e+00
 0.00000e+00
 0.00000e+00
 0.00000e+00
 0.00000e+00
 0.00000e+00
 0.00000e+00
 0.00000e+00
 0.00000e+00
 0.00000e+00
 0.00000e+00
 0.00000e+00
 0.00000e+00
 0.00000e+00
 0.00000e+00
 0.00000e+00
 0.00000e+00
 0.00000e+00
 0.00000e+00
 0.00000e+00
 0.00000e+00
 0.00000e+00
 0.00000e+00
 0.00000e+00
 0.00000e+00
 0.00000e+00
 0.00000e+00
 0.00000e+00
 0.00000e+00
 0.00000e+00
 0.00000e+00
 0.00000e+00
 0.00000e+00
 0.00000e+00
 0.00000e+00
 0.00000e+00
 0.00000e+00
 0.00000e+00
 0.00000e+00
 0.00000e+00
 0.00000e+00
 0.00000e+00
 0.00000e+00
 0.00000e+00
 0.00000e+00
 0.00000e+00
 0.00000e+00
 0.00000e+00
 0.00000e+00
 0.00000e+00
 0.00000e+00
 0.00000e+00
 0.00000e+00
 0.00000e+00
 0.00000e+00
 0.00000e+00
 0.00000e+00
 0.00000e+00
 0.00000e+00
 0.00000e+00
 0.00000e+00
 0.00000e+00
 0.00000e+00
 0.00000e+00
 0.00000e+00
 0.00000e+00
 0.00000e+00
 0.00000e+00
 0.00000e+00
 0.00000e+00
 0.00000e+00
 0.00000e+00
 0.00000e+00
 0.00000e+00
 0.00000e+00
 0.00000e+00
 0.00000e+00
 0.00000e+00
 0.00000e+00
 0.00000e+00
 0.00000e+00
 0.00000e+00
 0.00000e+00
 0.00000e+00
 0.00000e+00
 0.00000e+00
 0.00000e+00
 0.00000e+00
 0.00000e+00
 0.00000e+00
 0.00000e+00
 0.00000e+00
 0.00000e+00
 0.00000e+00
 0.00000e+00
 0.00000e+00
 0.00000e+00
 0.00000e+00
 0.00000e+00
 0.00000e+00
 0.00000e+00
 0.00000e+00
 0.00000e+00
 0.00000e+00
 0.00000e+00
 0.00000e+00
 0.00000e+00
 0.00000e+00
 0.00000e+00
 0.00000e+00
 0.00000e+00
 0.00000e+00
 0.00000e+00
 0.00000e+00
 0.00000e+00
 0.00000e+00
 0.00000e+00
 0.00000e+00
 0.00000e+00
 0.00000e+00
 0.00000e+00
 0.00000e+00
 0.00000e+00
 0.00000e+00
 0.00000e+00
 0.00000e+00
 0.00000e+00
 0.00000e+00
 0.00000e+00
 0.00000e+00
 0.00000e+00
 0.00000e+00
 0.00000e+00
 0.00000e+00
 0.00000e+00
 0.00000e+00
 0.00000e+00
 0.00000e+00
 0.00000e+00
 0.00000e+00
 0.00000e+00
 0.00000e+00
 0.00000e+00
 0.00000e+00
 0.00000e+00
 0.00000e+00
 0.00000e+00
 0.00000e+00
 0.00000e+00
 0.00000e+00
 0.00000e+00
 0.00000e+00
 0.00000e+00
 0.00000e+00
 0.00000e+00
 0.00000e+00
 0.00000e+00
 0.00000e+00
 0.00000e+00
 0.00000e+00
 0.00000e+00
 0.00000e+00
 0.00000e+00
 0.00000e+00
 0.00000e+00
 0.00000e+00
 0.00000e+00
 0.00000e+00
 0.00000e+00
 0.00000e+00
 0.00000e+00
 0.00000e+00
 0.00000e+00
 0.00000e+00
 0.00000e+00
 0.00000e+00
 0.00000e+00
 0.00000e+00
 0.00000e+00
 0.00000e+00
 0.00000e+00
 0.00000e+00
 0.00000e+00
 0.00000e+00
 0.00000e+00
 0.00000e+00
 0.00000e+00
 0.00000e+00
 0.00000e+00
 0.00000e+00
 0.00000e+00
 0.00000e+00
 0.00000e+00
 0.00000e+00
 0.00000e+00
 0.00000e+00
 0.00000e+00
 0.00000e+00
 0.00000e+00
 0.00000e+00
 0.00000e+00
 0.00000e+00
 0.00000e+00
 0.00000e+00
 0.00000e+00
 0.00000e+00
 0.00000e+00
 3.63259e-13
 3.63259e-13
 3.63259e-13
 3.63259e-13
 3.63259e-13
 3.63259e-13
 3.63259e-13
 3.63259e-13
 3.63259e-13
 3.63259e-13
 3.63259e-13
 3.63259e-13
 3.63259e-13
 3.63259e-13
 3.63259e-13
 3.63259e-13
 3.63259e-13
 3.63259e-13
 3.63259e-13
 3.63259e-13
 3.63259e-13
 3.63259e-13
 3.63259e-13
 3.63259e-13
 3.63259e-13
 6.84371e-12
 6.84371e-12
 6.84371e-12
 6.84371e-12
 6.84371e-12
 6.84371e-12
 6.84371e-12
 6.84371e-12
 6.84371e-12
 6.84371e-12
 6.84371e-12
 6.84371e-12
 6.84371e-12
 6.84371e-12
 6.84371e-12
 6.84371e-12
 6.84371e-12
 6.84371e-12
 6.84371e-12
 6.84371e-12
 6.84371e-12
 6.84371e-12
 6.84371e-12
 6.84371e-12
 6.84371e-12
 5.18161e-11
 5.18161e-11
 5.18161e-11
 5.18161e-11
 5.18161e-11
 5.18161e-11
 5.18161e-11
 5.18161e-11
 5.18161e-11
 5.18161e-11
 5.18161e-11
 5.18161e-11
 5.18161e-11
 5.18161e-11
 5.18161e-11
 5.18161e-11
 5.18161e-11
 5.18161e-11
 5.18161e-11
 5.18161e-11
 5.18161e-11
 5.18161e-11
 5.18161e-11
 5.18161e-11
 5.18161e-11
 1.39649e-10
 1.39649e-10
 1.39649e-10
 1.39649e-10
 1.39649e-10
 1.39649e-10
 1.39649e-10
 1.39649e-10
 1.39649e-10
 1.39649e-10
 1.39649e-10
 1.39649e-10
 1.39649e-10
 1.39649e-10
 1.39649e-10
 1.39649e-10
 1.39649e-10
 1.39649e-10
 1.39649e-10
 1.39649e-10
 1.39649e-10
 1.39649e-10
 1.39649e-10
 1.39649e-10
 1.39649e-10
 4.39621e-10
 4.39621e-10
 4.39621e-10
 4.39621e-10
 4.39621e-10
 4.39621e-10
 4.39621e-10
 4.39621e-10
 4.39621e-10
 4.39621e-10
 4.39621e-10
 4.39621e-10
 4.39621e-10
 4.39621e-10
 4.39621e-10
 4.39621e-10
 4.39621e-10
 4.39621e-10
 4.39621e-10
 4.39621e-10
 4.39621e-10
 4.39621e-10
 4.39621e-10
 4.39621e-10
 4.39621e-10
 6.97260e-09
 6.97260e-09
 6.97260e-09
 6.97260e-09
 6.97260e-09
 6.97260e-09
 6.97260e-09
 6.97260e-09
 6.97260e-09
 6.97260e-09
 6.97260e-09
 6.97260e-09
 6.97260e-09
 6.97260e-09
 6.97260e-09
 6.97260e-09
 6.97260e-09
 6.97260e-09
 6.97260e-09
 6.97260e-09
 6.97260e-09
 6.97260e-09
 6.97260e-09
 6.97260e-09
 6.97260e-09
 2.07922e-08
 2.07922e-08
 2.07922e-08
 2.07922e-08
 2.07922e-08
 2.07922e-08
 2.07922e-08
 2.07922e-08
 2.07922e-08
 2.07922e-08
 2.07922e-08
 2.07922e-08
 2.07922e-08
 2.07922e-08
 2.07922e-08
 2.07922e-08
 2.07922e-08
 2.07922e-08
 2.07922e-08
 2.07922e-08
 2.07922e-08
 2.07922e-08
 2.07922e-08
 2.07922e-08
 2.07922e-08
 1.83055e-08
 1.83055e-08
 1.83055e-08
 1.83055e-08
 1.83055e-08
 1.83055e-08
 1.83055e-08
 1.83055e-08
 1.83055e-08
 1.83055e-08
 1.83055e-08
 1.83055e-08
 1.83055e-08
 1.83055e-08
 1.83055e-08
 1.83055e-08
 1.83055e-08
 1.83055e-08
 1.83055e-08
 1.83055e-08
 1.83055e-08
 1.83055e-08
 1.83055e-08
 1.83055e-08
 1.83055e-08
 2.68261e-09
 2.68261e-09
 2.68261e-09
 2.68261e-09
 2.68261e-09
 2.68261e-09
 2.68261e-09
 2.68261e-09
 2.68261e-09
 2.68261e-09
 2.68261e-09
 2.68261e-09
 2.68261e-09
 2.68261e-09
 2.68261e-09
 2.68261e-09
 2.68261e-09
 2.68261e-09
 2.68261e-09
 2.68261e-09
 2.68261e-09
 2.68261e-09
 2.68261e-09
 2.68261e-09
 2.68261e-09
 0.00000e+00
 0.00000e+00
 0.00000e+00
 0.00000e+00
 0.00000e+00
 0.00000e+00
 0.00000e+00
 0.00000e+00
 0.00000e+00
 0.00000e+00
 0.00000e+00
 0.00000e+00
 0.00000e+00
 0.00000e+00
 0.00000e+00
 0.00000e+00
 0.00000e+00
 0.00000e+00
 0.00000e+00
 0.00000e+00
 0.00000e+00
 0.00000e+00
 0.00000e+00
 0.00000e+00
 0.00000e+00
 1.11620e-06
 1.11620e-06
 1.11620e-06
 1.11620e-06
 1.11620e-06
 1.11620e-06
 1.11620e-06
 1.11620e-06
 1.11620e-06
 1.11620e-06
 1.11620e-06
 1.11620e-06
 1.11620e-06
 1.11620e-06
 1.11620e-06
 1.11620e-06
 1.11620e-06
 1.11620e-06
 1.11620e-06
 1.11620e-06
 1.11620e-06
 1.11620e-06
 1.11620e-06
 1.11620e-06
 1.11620e-06
 4.88113e-06
 4.88113e-06
 4.88113e-06
 4.88113e-06
 4.88113e-06
 4.88113e-06
 4.88113e-06
 4.88113e-06
 4.88113e-06
 4.88113e-06
 4.88113e-06
 4.88113e-06
 4.88113e-06
 4.88113e-06
 4.88113e-06
 4.88113e-06
 4.88113e-06
 4.88113e-06
 4.88113e-06
 4.88113e-06
 4.88113e-06
 4.88113e-06
 4.88113e-06
 4.88113e-06
 4.88113e-06
 4.96447e-06
 4.96447e-06
 4.96447e-06
 4.96447e-06
 4.96447e-06
 4.96447e-06
 4.96447e-06
 4.96447e-06
 4.96447e-06
 4.96447e-06
 4.96447e-06
 4.96447e-06
 4.96447e-06
 4.96447e-06
 4.96447e-06
 4.96447e-06
 4.96447e-06
 4.96447e-06
 4.96447e-06
 4.96447e-06
 4.96447e-06
 4.96447e-06
 4.96447e-06
 4.96447e-06
 4.96447e-06
 8.56443e-07
 8.56443e-07
 8.56443e-07
 8.56443e-07
 8.56443e-07
 8.56443e-07
 8.56443e-07
 8.56443e-07
 8.56443e-07
 8.56443e-07
 8.56443e-07
 8.56443e-07
 8.56443e-07
 8.56443e-07
 8.56443e-07
 8.56443e-07
 8.56443e-07
 8.56443e-07
 8.56443e-07
 8.56443e-07
 8.56443e-07
 8.56443e-07
 8.56443e-07
 8.56443e-07
 8.56443e-07
 0.00000e+00
 0.00000e+00
 0.00000e+00
 0.00000e+00
 0.00000e+00
 0.00000e+00
 0.00000e+00
 0.00000e+00
 0.00000e+00
 0.00000e+00
 0.00000e+00
 0.00000e+00
 0.00000e+00
 0.00000e+00
 0.00000e+00
 0.00000e+00
 0.00000e+00
 0.00000e+00
 0.00000e+00
 0.00000e+00
 0.00000e+00
 0.00000e+00
 0.00000e+00
 0.00000e+00
 0.00000e+00
 7.07436e-06
 7.07436e-06
 7.07436e-06
 7.07436e-06
 7.07436e-06
 7.07436e-06
 7.07436e-06
 7.07436e-06
 7.07436e-06
 7.07436e-06
 7.07436e-06
 7.07436e-06
 7.07436e-06
 7.07436e-06
 7.07436e-06
 7.07436e-06
 7.07436e-06
 7.07436e-06
 7.07436e-06
 7.07436e-06
 7.07436e-06
 7.07436e-06
 7.07436e-06
 7.07436e-06
 7.07436e-06
 4.70801e-05
 4.70801e-05
 4.70801e-05
 4.70801e-05
 4.70801e-05
 4.70801e-05
 4.70801e-05
 4.70801e-05
 4.70801e-05
 4.70801e-05
 4.70801e-05
 4.70801e-05
 4.70801e-05
 4.70801e-05
 4.70801e-05
 4.70801e-05
 4.70801e-05
 4.70801e-05
 4.70801e-05
 4.70801e-05
 4.70801e-05
 4.70801e-05
 4.70801e-05
 4.70801e-05
 4.70801e-05
 7.96370e-05
 7.96370e-05
 7.96370e-05
 7.96370e-05
 7.96370e-05
 7.96370e-05
 7.96370e-05
 7.96370e-05
 7.96370e-05
 7.96370e-05
 7.96370e-05
 7.96370e-05
 7.96370e-05
 7.96370e-05
 7.96370e-05
 7.96370e-05
 7.96370e-05
 7.96370e-05
 7.96370e-05
 7.96370e-05
 7.96370e-05
 7.96370e-05
 7.96370e-05
 7.96370e-05
 7.96370e-05
 4.30573e-05
 4.30573e-05
 4.30573e-05
 4.30573e-05
 4.30573e-05
 4.30573e-05
 4.30573e-05
 4.30573e-05
 4.30573e-05
 4.30573e-05
 4.30573e-05
 4.30573e-05
 4.30573e-05
 4.30573e-05
 4.30573e-05
 4.30573e-05
 4.30573e-05
 4.30573e-05
 4.30573e-05
 4.30573e-05
 4.30573e-05
 4.30573e-05
 4.30573e-05
 4.30573e-05
 4.30573e-05
 2.93116e-06
 2.93116e-06
 2.93116e-06
 2.93116e-06
 2.93116e-06
 2.93116e-06
 2.93116e-06
 2.93116e-06
 2.93116e-06
 2.93116e-06
 2.93116e-06
 2.93116e-06
 2.93116e-06
 2.93116e-06
 2.93116e-06
 2.93116e-06
 2.93116e-06
 2.93116e-06
 2.93116e-06
 2.93116e-06
 2.93116e-06
 2.93116e-06
 2.93116e-06
 2.93116e-06
 2.93116e-06
 0.00000e+00
 0.00000e+00
 0.00000e+00
 0.00000e+00
 0.00000e+00
 0.00000e+00
 0.00000e+00
 0.00000e+00
 0.00000e+00
 0.00000e+00
 0.00000e+00
 0.00000e+00
 0.00000e+00
 0.00000e+00
 0.00000e+00
 0.00000e+00
 0.00000e+00
 0.00000e+00
 0.00000e+00
 0.00000e+00
 0.00000e+00
 0.00000e+00
 0.00000e+00
 0.00000e+00
 0.00000e+00
 2.06246e-05
 2.06246e-05
 2.06246e-05
 2.06246e-05
 2.06246e-05
 2.06246e-05
 2.06246e-05
 2.06246e-05
 2.06246e-05
 2.06246e-05
 2.06246e-05
 2.06246e-05
 2.06246e-05
 2.06246e-05
 2.06246e-05
 2.06246e-05
 2.06246e-05
 2.06246e-05
 2.06246e-05
 2.06246e-05
 2.06246e-05
 2.06246e-05
 2.06246e-05
 2.06246e-05
 2.06246e-05
 8.14279e-05
 8.14279e-05
 8.14279e-05
 8.14279e-05
 8.14279e-05
 8.14279e-05
 8.14279e-05
 8.14279e-05
 8.14279e-05
 8.14279e-05
 8.14279e-05
 8.14279e-05
 8.14279e-05
 8.14279e-05
 8.14279e-05
 8.14279e-05
 8.14279e-05
 8.14279e-05
 8.14279e-05
 8.14279e-05
 8.14279e-05
 8.14279e-05
 8.14279e-05
 8.14279e-05
 8.14279e-05
 2.00705e-04
 2.00705e-04
 2.00705e-04
 2.00705e-04
 2.00705e-04
 2.00705e-04
 2.00705e-04
 2.00705e-04
 2.00705e-04
 2.00705e-04
 2.00705e-04
 2.00705e-04
 2.00705e-04
 2.00705e-04
 2.00705e-04
 2.00705e-04
 2.00705e-04
 2.00705e-04
 2.00705e-04
 2.00705e-04
 2.00705e-04
 2.00705e-04
 2.00705e-04
 2.00705e-04
 2.00705e-04
 4.99286e-04
 4.99286e-04
 4.99286e-04
 4.99286e-04
 4.99286e-04
 4.99286e-04
 4.99286e-04
 4.99286e-04
 4.99286e-04
 4.99286e-04
 4.99286e-04
 4.99286e-04
 4.99286e-04
 4.99286e-04
 4.99286e-04
 4.99286e-04
 4.99286e-04
 4.99286e-04
 4.99286e-04
 4.99286e-04
 4.99286e-04
 4.99286e-04
 4.99286e-04
 4.99286e-04
 4.99286e-04
 1.22409e-03
 1.22409e-03
 1.22409e-03
 1.22409e-03
 1.22409e-03
 1.22409e-03
 1.22409e-03
 1.22409e-03
 1.22409e-03
 1.22409e-03
 1.22409e-03
 1.22409e-03
 1.22409e-03
 1.22409e-03
 1.22409e-03
 1.22409e-03
 1.22409e-03
 1.22409e-03
 1.22409e-03
 1.22409e-03
 1.22409e-03
 1.22409e-03
 1.22409e-03
 1.22409e-03
 1.22409e-03
 2.83302e-03
 2.83302e-03
 2.83302e-03
 2.83302e-03
 2.83302e-03
 2.83302e-03
 2.83302e-03
 2.83302e-03
 2.83302e-03
 2.83302e-03
 2.83302e-03
 2.83302e-03
 2.83302e-03
 2.83302e-03
 2.83302e-03
 2.83302e-03
 2.83302e-03
 2.83302e-03
 2.83302e-03
 2.83302e-03
 2.83302e-03
 2.83302e-03
 2.83302e-03
 2.83302e-03
 2.83302e-03
 6.15275e-03
 6.15275e-03
 6.15275e-03
 6.15275e-03
 6.15275e-03
 6.15275e-03
 6.15275e-03
 6.15275e-03
 6.15275e-03
 6.15275e-03
 6.15275e-03
 6.15275e-03
 6.15275e-03
 6.15275e-03
 6.15275e-03
 6.15275e-03
 6.15275e-03
 6.15275e-03
 6.15275e-03
 6.15275e-03
 6.15275e-03
 6.15275e-03
 6.15275e-03
 6.15275e-03
 6.15275e-03
 1.29059e-02
 1.29059e-02
 1.29059e-02
 1.29059e-02
 1.29059e-02
 1.29059e-02
 1.29059e-02
 1.29059e-02
 1.29059e-02
 1.29059e-02
 1.29059e-02
 1.29059e-02
 1.29059e-02
 1.29059e-02
 1.29059e-02
 1.29059e-02
 1.29059e-02
 1.29059e-02
 1.29059e-02
 1.29059e-02
 1.29059e-02
 1.29059e-02
 1.29059e-02
 1.29059e-02
 1.29059e-02
 2.27286e-02
 2.27286e-02
 2.27286e-02
 2.27286e-02
 2.27286e-02
 2.27286e-02
 2.27286e-02
 2.27286e-02
 2.27286e-02
 2.27286e-02
 2.27286e-02
 2.27286e-02
 2.27286e-02
 2.27286e-02
 2.27286e-02
 2.27286e-02
 2.27286e-02
 2.27286e-02
 2.27286e-02
 2.27286e-02
 2.27286e-02
 2.27286e-02
 2.27286e-02
 2.27286e-02
 2.27286e-02
 3.52642e-02
 3.52642e-02
 3.52642e-02
 3.52642e-02
 3.52642e-02
 3.52642e-02
 3.52642e-02
 3.52642e-02
 3.52642e-02
 3.52642e-02
 3.52642e-02
 3.52642e-02
 3.52642e-02
 3.52642e-02
 3.52642e-02
 3.52642e-02
 3.52642e-02
 3.52642e-02
 3.52642e-02
 3.52642e-02
 3.52642e-02
 3.52642e-02
 3.52642e-02
 3.52642e-02
 3.52642e-02
 4.36195e-02
 4.36195e-02
 4.36195e-02
 4.36195e-02
 4.36195e-02
 4.36195e-02
 4.36195e-02
 4.36195e-02
 4.36195e-02
 4.36195e-02
 4.36195e-02
 4.36195e-02
 4.36195e-02
 4.36195e-02
 4.36195e-02
 4.36195e-02
 4.36195e-02
 4.36195e-02
 4.36195e-02
 4.36195e-02
 4.36195e-02
 4.36195e-02
 4.36195e-02
 4.36195e-02
 4.36195e-02
 3.92088e-02
 3.92088e-02
 3.92088e-02
 3.92088e-02
 3.92088e-02
 3.92088e-02
 3.92088e-02
 3.92088e-02
 3.92088e-02
 3.92088e-02
 3.92088e-02
 3.92088e-02
 3.92088e-02
 3.92088e-02
 3.92088e-02
 3.92088e-02
 3.92088e-02
 3.92088e-02
 3.92088e-02
 3.92088e-02
 3.92088e-02
 3.92088e-02
 3.92088e-02
 3.92088e-02
 3.92088e-02
 2.61075e-02
 2.61075e-02
 2.61075e-02
 2.61075e-02
 2.61075e-02
 2.61075e-02
 2.61075e-02
 2.61075e-02
 2.61075e-02
 2.61075e-02
 2.61075e-02
 2.61075e-02
 2.61075e-02
 2.61075e-02
 2.61075e-02
 2.61075e-02
 2.61075e-02
 2.61075e-02
 2.61075e-02
 2.61075e-02
 2.61075e-02
 2.61075e-02
 2.61075e-02
 2.61075e-02
 2.61075e-02
 1.24891e-02
 1.24891e-02
 1.24891e-02
 1.24891e-02
 1.24891e-02
 1.24891e-02
 1.24891e-02
 1.24891e-02
 1.24891e-02
 1.24891e-02
 1.24891e-02
 1.24891e-02
 1.24891e-02
 1.24891e-02
 1.24891e-02
 1.24891e-02
 1.24891e-02
 1.24891e-02
 1.24891e-02
 1.24891e-02
 1.24891e-02
 1.24891e-02
 1.24891e-02
 1.24891e-02
 1.24891e-02
 4.33653e-03
 4.33653e-03
 4.33653e-03
 4.33653e-03
 4.33653e-03
 4.33653e-03
 4.33653e-03
 4.33653e-03
 4.33653e-03
 4.33653e-03
 4.33653e-03
 4.33653e-03
 4.33653e-03
 4.33653e-03
 4.33653e-03
 4.33653e-03
 4.33653e-03
 4.33653e-03
 4.33653e-03
 4.33653e-03
 4.33653e-03
 4.33653e-03
 4.33653e-03
 4.33653e-03
 4.33653e-03
 1.23116e-03
 1.23116e-03
 1.23116e-03
 1.23116e-03
 1.23116e-03
 1.23116e-03
 1.23116e-03
 1.23116e-03
 1.23116e-03
 1.23116e-03
 1.23116e-03
 1.23116e-03
 1.23116e-03
 1.23116e-03
 1.23116e-03
 1.23116e-03
 1.23116e-03
 1.23116e-03
 1.23116e-03
 1.23116e-03
 1.23116e-03
 1.23116e-03
 1.23116e-03
 1.23116e-03
 1.23116e-03
 3.22644e-04
 3.22644e-04
 3.22644e-04
 3.22644e-04
 3.22644e-04
 3.22644e-04
 3.22644e-04
 3.22644e-04
 3.22644e-04
 3.22644e-04
 3.22644e-04
 3.22644e-04
 3.22644e-04
 3.22644e-04
 3.22644e-04
 3.22644e-04
 3.22644e-04
 3.22644e-04
 3.22644e-04
 3.22644e-04
 3.22644e-04
 3.22644e-04
 3.22644e-04
 3.22644e-04
 3.22644e-04
 8.21332e-05
 8.21332e-05
 8.21332e-05
 8.21332e-05
 8.21332e-05
 8.21332e-05
 8.21332e-05
 8.21332e-05
 8.21332e-05
 8.21332e-05
 8.21332e-05
 8.21332e-05
 8.21332e-05
 8.21332e-05
 8.21332e-05
 8.21332e-05
 8.21332e-05
 8.21332e-05
 8.21332e-05
 8.21332e-05
 8.21332e-05
 8.21332e-05
 8.21332e-05
 8.21332e-05
 8.21332e-05
 2.05901e-05
 2.05901e-05
 2.05901e-05
 2.05901e-05
 2.05901e-05
 2.05901e-05
 2.05901e-05
 2.05901e-05
 2.05901e-05
 2.05901e-05
 2.05901e-05
 2.05901e-05
 2.05901e-05
 2.05901e-05
 2.05901e-05
 2.05901e-05
 2.05901e-05
 2.05901e-05
 2.05901e-05
 2.05901e-05
 2.05901e-05
 2.05901e-05
 2.05901e-05
 2.05901e-05
 2.05901e-05
 5.09241e-06
 5.09241e-06
 5.09241e-06
 5.09241e-06
 5.09241e-06
 5.09241e-06
 5.09241e-06
 5.09241e-06
 5.09241e-06
 5.09241e-06
 5.09241e-06
 5.09241e-06
 5.09241e-06
 5.09241e-06
 5.09241e-06
 5.09241e-06
 5.09241e-06
 5.09241e-06
 5.09241e-06
 5.09241e-06
 5.09241e-06
 5.09241e-06
 5.09241e-06
 5.09241e-06
 5.09241e-06
 1.24079e-06
 1.24079e-06
 1.24079e-06
 1.24079e-06
 1.24079e-06
 1.24079e-06
 1.24079e-06
 1.24079e-06
 1.24079e-06
 1.24079e-06
 1.24079e-06
 1.24079e-06
 1.24079e-06
 1.24079e-06
 1.24079e-06
 1.24079e-06
 1.24079e-06
 1.24079e-06
 1.24079e-06
 1.24079e-06
 1.24079e-06
 1.24079e-06
 1.24079e-06
 1.24079e-06
 1.24079e-06
 2.97210e-07
 2.97210e-07
 2.97210e-07
 2.97210e-07
 2.97210e-07
 2.97210e-07
 2.97210e-07
 2.97210e-07
 2.97210e-07
 2.97210e-07
 2.97210e-07
 2.97210e-07
 2.97210e-07
 2.97210e-07
 2.97210e-07
 2.97210e-07
 2.97210e-07
 2.97210e-07
 2.97210e-07
 2.97210e-07
 2.97210e-07
 2.97210e-07
 2.97210e-07
 2.97210e-07
 2.97210e-07
 6.98683e-08
 6.98683e-08
 6.98683e-08
 6.98683e-08
 6.98683e-08
 6.98683e-08
 6.98683e-08
 6.98683e-08
 6.98683e-08
 6.98683e-08
 6.98683e-08
 6.98683e-08
 6.98683e-08
 6.98683e-08
 6.98683e-08
 6.98683e-08
 6.98683e-08
 6.98683e-08
 6.98683e-08
 6.98683e-08
 6.98683e-08
 6.98683e-08
 6.98683e-08
 6.98683e-08
 6.98683e-08
 1.62347e-08
 1.62347e-08
 1.62347e-08
 1.62347e-08
 1.62347e-08
 1.62347e-08
 1.62347e-08
 1.62347e-08
 1.62347e-08
 1.62347e-08
 1.62347e-08
 1.62347e-08
 1.62347e-08
 1.62347e-08
 1.62347e-08
 1.62347e-08
 1.62347e-08
 1.62347e-08
 1.62347e-08
 1.62347e-08
 1.62347e-08
 1.62347e-08
 1.62347e-08
 1.62347e-08
 1.62347e-08
 4.40520e-09
 4.40520e-09
 4.40520e-09
 4.40520e-09
 4.40520e-09
 4.40520e-09
 4.40520e-09
 4.40520e-09
 4.40520e-09
 4.40520e-09
 4.40520e-09
 4.40520e-09
 4.40520e-09
 4.40520e-09
 4.40520e-09
 4.40520e-09
 4.40520e-09
 4.40520e-09
 4.40520e-09
 4.40520e-09
 4.40520e-09
 4.40520e-09
 4.40520e-09
 4.40520e-09
 4.40519e-09
