Velocity
part
         1
coordinates
 0.00000e+00
 0.00000e+00
 0.00000e+00
 0.00000e+00
 0.00000e+00
 0.00000e+00
 0.00000e+00
 0.00000e+00
 0.00000e+00
 0.00000e+00
 0.00000e+00
 0.00000e+00
 0.00000e+00
 0.00000e+00
 0.00000e+00
 0.00000e+00
 0.00000e+00
 0.00000e+00
 0.00000e+00
 0.00000e+00
 0.00000e+00
 0.00000e+00
 0.00000e+00
 0.00000e+00
 0.00000e+00
 0.00000e+00
 0.00000e+00
 0.00000e+00
 0.00000e+00
 0.00000e+00
 0.00000e+00
 0.00000e+00
 0.00000e+00
 0.00000e+00
 0.00000e+00
 0.00000e+00
 0.00000e+00
 1.08382e-15
 1.08382e-15
 1.08382e-15
 1.08382e-15
 0.00000e+00
 0.00000e+00
-1.08382e-15
-1.08382e-15
-1.08382e-15
-1.08382e-15
 0.00000e+00
 0.00000e+00
-1.08382e-15
-1.08382e-15
-1.08382e-15
-1.08382e-15
 0.00000e+00
 0.00000e+00
-1.08382e-15
-1.08382e-15
-1.08382e-15
-1.08382e-15
 0.00000e+00
 0.00000e+00
 4.33530e-15
 4.33530e-15
 4.33530e-15
 4.33530e-15
 0.00000e+00
 0.00000e+00
 4.33530e-15
 4.33530e-15
 4.33530e-15
 4.33530e-15
 0.00000e+00
 0.00000e+00
-2.16765e-15
-2.16765e-15
-2.16765e-15
-2.16765e-15
 0.00000e+00
 0.00000e+00
-2.16765e-15
-2.16765e-15
-2.16765e-15
-2.16765e-15
 0.00000e+00
 0.00000e+00
 0.00000e+00
 0.00000e+00
 0.00000e+00
 0.00000e+00
 0.00000e+00
 0.00000e+00
 0.00000e+00
 0.00000e+00
 0.00000e+00
 0.00000e+00
 0.00000e+00
 0.00000e+00
-5.41912e-15
-5.41912e-15
-5.41912e-15
-5.41912e-15
 0.00000e+00
 0.00000e+00
-5.41912e-15
-5.41912e-15
-5.41912e-15
-5.41912e-15
 0.00000e+00
 0.00000e+00
 5.50560e-15
 5.33881e-15
 5.37508e-15
 5.46882e-15
 0.00000e+00
 0.00000e+00
 5.50776e-15
 5.34098e-15
 5.37724e-15
 5.47099e-15
 0.00000e+00
 0.00000e+00
-4.63730e-15
-5.66592e-15
-5.39319e-15
-4.93662e-15
 0.00000e+00
 0.00000e+00
-4.63297e-15
-5.65995e-15
-5.38885e-15
-4.92958e-15
 0.00000e+00
 0.00000e+00
 5.64483e-15
 4.65742e-15
 5.01462e-15
 4.95300e-15
 0.00000e+00
 0.00000e+00
 5.64266e-15
 4.65850e-15
 5.01354e-15
 4.95788e-15
 0.00000e+00
 0.00000e+00
 1.57031e-15
-6.81941e-16
-2.50819e-16
-5.78149e-16
 0.00000e+00
 0.00000e+00
 1.56055e-15
-6.74894e-16
-2.57867e-16
-5.81401e-16
 0.00000e+00
 0.00000e+00
 7.82155e-16
-2.33308e-16
-1.53675e-15
 9.78547e-17
 0.00000e+00
 0.00000e+00
 7.79445e-16
-2.32766e-16
-1.54055e-15
 9.02653e-17
 0.00000e+00
 0.00000e+00
 3.87492e-17
-1.28912e-15
-2.49398e-15
 1.36605e-16
 0.00000e+00
 0.00000e+00
 4.20018e-17
-1.29562e-15
-2.49994e-15
 1.39315e-16
 0.00000e+00
 0.00000e+00
 6.07267e-15
-4.18349e-15
-1.30742e-15
 1.61973e-17
 0.00000e+00
 0.00000e+00
 4.31377e-15
-5.95866e-15
-3.07716e-15
-1.77415e-15
 0.00000e+00
 0.00000e+00
 5.84700e-15
-6.68421e-15
 3.61170e-15
-5.98334e-15
 0.00000e+00
 0.00000e+00
 5.84266e-15
-6.68638e-15
 3.59653e-15
-5.97954e-15
 0.00000e+00
 0.00000e+00
-3.38093e-15
-1.00796e-14
-3.35722e-15
-1.30507e-14
 0.00000e+00
 0.00000e+00
-2.60556e-15
-9.30855e-15
-2.58022e-15
-1.22710e-14
 0.00000e+00
 0.00000e+00
 1.12109e-14
 6.81070e-15
 4.03475e-15
 8.30416e-15
 0.00000e+00
 0.00000e+00
 1.04242e-14
 6.02720e-15
 3.23553e-15
 7.54235e-15
 0.00000e+00
 0.00000e+00
 2.70889e-15
-3.29202e-15
-9.17144e-15
 5.51386e-15
 0.00000e+00
 0.00000e+00
 2.71540e-15
-3.30015e-15
-9.16764e-15
 5.50627e-15
 0.00000e+00
 0.00000e+00
-7.98731e-16
-1.57713e-14
-1.55213e-14
-2.27970e-15
 0.00000e+00
 0.00000e+00
-1.45335e-16
-1.51076e-14
-1.48414e-14
-1.61004e-15
 0.00000e+00
 0.00000e+00
 1.47878e-14
-4.59350e-15
 2.33088e-15
 4.62576e-15
 0.00000e+00
 0.00000e+00
 1.41008e-14
-5.28431e-15
 1.66068e-15
 3.93875e-15
 0.00000e+00
 0.00000e+00
 4.54308e-15
-2.16833e-15
-3.10449e-15
-4.05053e-15
 0.00000e+00
 0.00000e+00
 4.53495e-15
-2.17430e-15
-3.11262e-15
-4.05378e-15
 0.00000e+00
 0.00000e+00
 1.50611e-15
-2.64350e-15
-3.41505e-15
-7.53284e-15
 0.00000e+00
 0.00000e+00
 2.63020e-15
-1.51289e-15
-2.27740e-15
-6.40006e-15
 0.00000e+00
 0.00000e+00
-1.30657e-16
-3.43167e-15
 2.14210e-15
-4.11078e-15
 0.00000e+00
 0.00000e+00
-1.24734e-16
-3.46149e-15
 2.12313e-15
-4.11350e-15
 0.00000e+00
 0.00000e+00
 2.01875e-15
-4.86175e-15
 6.05221e-15
-8.45163e-16
 0.00000e+00
 0.00000e+00
 1.99760e-15
-4.90729e-15
 6.03537e-15
-8.65186e-16
 0.00000e+00
 0.00000e+00
 4.77053e-15
-9.52348e-15
 1.26720e-14
-1.10286e-15
 0.00000e+00
 0.00000e+00
 4.75374e-15
-9.58149e-15
 1.26530e-14
-1.13041e-15
 0.00000e+00
 0.00000e+00
 1.26780e-14
-1.37089e-14
 1.31038e-14
-2.03253e-15
 0.00000e+00
 0.00000e+00
 1.26433e-14
-1.37547e-14
 1.30814e-14
-2.07074e-15
 0.00000e+00
 0.00000e+00
 1.15341e-14
-9.49620e-15
 8.47220e-15
-4.96824e-15
 0.00000e+00
 0.00000e+00
 1.15133e-14
-9.51183e-15
 8.45621e-15
-4.97996e-15
 0.00000e+00
 0.00000e+00
 8.20166e-15
-1.32214e-14
 5.39207e-15
-8.90301e-16
 0.00000e+00
 0.00000e+00
 8.13996e-15
-1.32672e-14
 5.34053e-15
-9.30440e-16
 0.00000e+00
 0.00000e+00
 6.37254e-15
-9.95187e-15
 4.34888e-15
-3.02276e-16
 0.00000e+00
 0.00000e+00
 6.31995e-15
-9.99636e-15
 4.32752e-15
-3.32266e-16
 0.00000e+00
 0.00000e+00
 1.39640e-15
 1.18455e-15
 3.19767e-15
-4.95135e-15
 0.00000e+00
 0.00000e+00
 1.35936e-15
 1.12010e-15
 3.15726e-15
-5.00197e-15
 0.00000e+00
 0.00000e+00
 6.52757e-15
-5.97809e-15
 1.43552e-15
 5.01558e-15
 0.00000e+00
 0.00000e+00
 6.49508e-15
-6.03328e-15
 1.39039e-15
 4.95769e-15
 0.00000e+00
 0.00000e+00
 1.86964e-14
-1.16438e-14
-4.71448e-15
 1.35235e-14
 0.00000e+00
 0.00000e+00
 1.86352e-14
-1.17070e-14
-4.74817e-15
 1.34851e-14
 0.00000e+00
 0.00000e+00
 6.39356e-15
-8.48928e-15
-2.48495e-15
 1.14047e-15
 0.00000e+00
 0.00000e+00
 6.35899e-15
-8.53333e-15
-2.51221e-15
 1.10373e-15
 0.00000e+00
 0.00000e+00
 2.96473e-15
 1.30617e-14
-6.94732e-15
 1.63116e-14
 0.00000e+00
 0.00000e+00
 2.93200e-15
 1.30351e-14
-6.99089e-15
 1.62810e-14
 0.00000e+00
 0.00000e+00
-7.71258e-15
 1.23006e-14
-2.11780e-14
 2.01750e-14
 0.00000e+00
 0.00000e+00
-7.71486e-15
 1.22597e-14
-2.12186e-14
 2.01588e-14
 0.00000e+00
 0.00000e+00
-3.67503e-15
 4.41767e-15
-9.54763e-15
 1.36206e-14
 0.00000e+00
 0.00000e+00
-3.71658e-15
 4.38715e-15
-9.56579e-15
 1.35983e-14
 0.00000e+00
 0.00000e+00
-9.08436e-15
 8.45652e-15
-5.15944e-15
 1.10154e-14
 0.00000e+00
 0.00000e+00
-9.13035e-15
 8.38972e-15
-5.17278e-15
 1.09945e-14
 0.00000e+00
 0.00000e+00
-1.18159e-14
 1.88385e-14
-1.11129e-14
 1.25946e-14
 0.00000e+00
 0.00000e+00
-1.18359e-14
 1.88102e-14
-1.11235e-14
 1.25397e-14
 0.00000e+00
 0.00000e+00
-7.70001e-15
 8.86791e-15
-2.80417e-15
 1.01417e-14
 0.00000e+00
 0.00000e+00
-7.71116e-15
 8.83827e-15
-2.84968e-15
 1.00882e-14
 0.00000e+00
 0.00000e+00
-7.70442e-15
-7.68126e-16
 1.33691e-14
 9.84266e-15
 0.00000e+00
 0.00000e+00
-7.71482e-15
-8.12511e-16
 1.33588e-14
 9.81028e-15
 0.00000e+00
 0.00000e+00
-1.18538e-14
-5.41327e-15
 9.81238e-15
 6.78996e-15
 0.00000e+00
 0.00000e+00
-1.18629e-14
-5.44634e-15
 9.78973e-15
 6.76996e-15
 0.00000e+00
 0.00000e+00
-9.95802e-15
 1.71990e-15
 7.56786e-15
-1.15574e-16
 0.00000e+00
 0.00000e+00
-9.96266e-15
 1.68947e-15
 7.56799e-15
-1.42572e-16
 0.00000e+00
 0.00000e+00
-3.47874e-15
 3.76657e-16
 3.64915e-15
-7.46424e-16
 0.00000e+00
 0.00000e+00
-3.48899e-15
 3.58263e-16
 3.61584e-15
-7.65399e-16
 0.00000e+00
 0.00000e+00
 6.38641e-15
-6.44277e-15
 5.73725e-15
-1.79849e-15
 0.00000e+00
 0.00000e+00
 6.36328e-15
-6.46760e-15
 5.73802e-15
-1.82003e-15
 0.00000e+00
 0.00000e+00
 6.68709e-15
-4.73880e-15
 1.33023e-14
-8.70078e-15
 0.00000e+00
 0.00000e+00
 6.65047e-15
-4.76463e-15
 1.32663e-14
-8.73795e-15
 0.00000e+00
 0.00000e+00
-1.25082e-16
 4.64091e-15
 8.67982e-15
-1.57125e-14
 0.00000e+00
 0.00000e+00
-1.72955e-16
 4.63028e-15
 8.63453e-15
-1.57619e-14
 0.00000e+00
 0.00000e+00
 8.40553e-17
 1.02785e-14
-8.92486e-15
-5.59330e-15
 0.00000e+00
 0.00000e+00
 2.45518e-17
 1.02538e-14
-8.94642e-15
-5.62867e-15
 0.00000e+00
 0.00000e+00
-1.68054e-15
 1.50007e-14
-1.67117e-14
-9.90610e-16
 0.00000e+00
 0.00000e+00
-1.70683e-15
 1.49461e-14
-1.67259e-14
-1.04657e-15
 0.00000e+00
 0.00000e+00
 8.10819e-16
 1.36701e-14
-9.48780e-15
-3.67302e-15
 0.00000e+00
 0.00000e+00
 7.29364e-16
 1.36258e-14
-9.56071e-15
-3.73282e-15
 0.00000e+00
 0.00000e+00
 9.72892e-16
 3.08972e-15
-9.57380e-15
 5.49635e-15
 0.00000e+00
 0.00000e+00
 8.12539e-16
 2.96946e-15
-9.67793e-15
 5.36320e-15
 0.00000e+00
 0.00000e+00
-6.12415e-15
 5.87511e-15
-2.81379e-15
-7.90058e-15
 0.00000e+00
 0.00000e+00
-6.23374e-15
 5.85437e-15
-2.98890e-15
-7.96397e-15
 0.00000e+00
 0.00000e+00
-6.29005e-15
 4.21152e-15
-2.85211e-15
-4.62750e-15
 0.00000e+00
 0.00000e+00
-6.34257e-15
 4.13798e-15
-2.94139e-15
-4.73336e-15
 0.00000e+00
 0.00000e+00
 4.10214e-15
-5.93932e-15
 2.20868e-15
-7.30354e-15
 0.00000e+00
 0.00000e+00
 4.02571e-15
-5.95858e-15
 2.09794e-15
-7.37725e-15
 0.00000e+00
 0.00000e+00
-3.91477e-15
 1.33157e-14
-5.98232e-15
 3.57585e-15
 0.00000e+00
 0.00000e+00
-3.87635e-15
 1.32806e-14
-6.05923e-15
 3.48917e-15
 0.00000e+00
 0.00000e+00
 7.57272e-15
 7.46500e-17
-7.31574e-15
 8.84492e-15
 0.00000e+00
 0.00000e+00
 7.46102e-15
 3.75468e-17
-7.37210e-15
 8.80980e-15
 0.00000e+00
 0.00000e+00
 1.71202e-15
-3.46773e-15
 1.06404e-14
-2.56236e-15
 0.00000e+00
 0.00000e+00
 1.70380e-15
-3.47572e-15
 1.06157e-14
-2.53769e-15
 0.00000e+00
 0.00000e+00
-6.18267e-15
-5.25915e-16
-9.69581e-16
 1.10142e-14
 0.00000e+00
 0.00000e+00
-6.16927e-15
-5.30832e-16
-9.65559e-16
 1.09973e-14
 0.00000e+00
 0.00000e+00
-2.88415e-16
-1.13662e-14
 5.23465e-15
 2.74293e-15
 0.00000e+00
 0.00000e+00
-3.00862e-16
-1.13736e-14
 5.19249e-15
 2.74366e-15
 0.00000e+00
 0.00000e+00
 6.03306e-15
-2.79834e-15
-2.71318e-15
-7.07753e-15
 0.00000e+00
 0.00000e+00
 5.98008e-15
-2.79595e-15
-2.76260e-15
-7.10195e-15
 0.00000e+00
 0.00000e+00
-3.97956e-16
 7.64106e-15
 4.17479e-15
-9.95980e-15
 0.00000e+00
 0.00000e+00
-4.22161e-16
 7.67511e-15
 4.16456e-15
-9.96301e-15
 0.00000e+00
 0.00000e+00
 1.55925e-15
 1.87989e-15
 2.39228e-14
-1.94144e-14
 0.00000e+00
 0.00000e+00
 1.53657e-15
 1.88674e-15
 2.38943e-14
-1.94251e-14
 0.00000e+00
 0.00000e+00
-3.92382e-15
 1.18250e-14
 2.05312e-14
-1.66846e-14
 0.00000e+00
 0.00000e+00
-3.97322e-15
 1.17925e-14
 2.04934e-14
-1.66875e-14
 0.00000e+00
 0.00000e+00
-2.28485e-14
 1.80540e-14
 5.16849e-15
-9.04037e-15
 0.00000e+00
 0.00000e+00
-2.28925e-14
 1.80923e-14
 5.13397e-15
-9.04871e-15
 0.00000e+00
 0.00000e+00
-2.56631e-14
 2.41330e-14
-1.12987e-14
-6.61930e-16
 0.00000e+00
 0.00000e+00
-2.56858e-14
 2.40911e-14
-1.13585e-14
-6.34798e-16
 0.00000e+00
 0.00000e+00
 1.86400e-15
 9.83874e-15
-7.98088e-15
-8.04695e-15
 0.00000e+00
 0.00000e+00
 1.85379e-15
 9.81953e-15
-7.98232e-15
-8.07899e-15
 0.00000e+00
 0.00000e+00
 2.33684e-14
-8.62528e-15
-4.24385e-15
 7.75364e-15
 0.00000e+00
 0.00000e+00
 2.33040e-14
-8.65986e-15
-4.25140e-15
 7.71374e-15
 0.00000e+00
 0.00000e+00
 1.23295e-14
-5.22028e-15
-4.03438e-15
 4.62377e-15
 0.00000e+00
 0.00000e+00
 1.22899e-14
-5.24816e-15
-4.05500e-15
 4.64374e-15
 0.00000e+00
 0.00000e+00
 1.07030e-14
 1.03912e-14
 1.11058e-14
 1.62591e-14
 0.00000e+00
 0.00000e+00
 1.06381e-14
 1.03231e-14
 1.10769e-14
 1.62311e-14
 0.00000e+00
 0.00000e+00
 3.67710e-15
-1.44643e-14
-4.88640e-15
 1.48096e-14
 0.00000e+00
 0.00000e+00
 3.58389e-15
-1.45047e-14
-4.96751e-15
 1.47891e-14
 0.00000e+00
 0.00000e+00
-1.00547e-14
 2.77419e-15
-3.48239e-15
 3.73802e-14
 0.00000e+00
 0.00000e+00
-1.01204e-14
 2.71340e-15
-3.51042e-15
 3.73395e-14
 0.00000e+00
 0.00000e+00
-9.75904e-15
 1.63350e-14
 7.18811e-15
 2.74545e-14
 0.00000e+00
 0.00000e+00
-9.74480e-15
 1.62992e-14
 7.12082e-15
 2.74283e-14
 0.00000e+00
 0.00000e+00
-3.91450e-15
 9.30032e-16
-2.61208e-16
 2.00338e-14
 0.00000e+00
 0.00000e+00
-3.92773e-15
 8.63972e-16
-3.13280e-16
 2.00093e-14
 0.00000e+00
 0.00000e+00
 1.82402e-15
-1.60972e-14
-7.84425e-15
 2.26602e-14
 0.00000e+00
 0.00000e+00
 1.87930e-15
-1.61130e-14
-7.89078e-15
 2.26615e-14
 0.00000e+00
 0.00000e+00
-1.99051e-16
 6.75186e-15
-1.16869e-14
 2.62272e-14
 0.00000e+00
 0.00000e+00
-9.20168e-17
 7.67726e-15
-1.17587e-14
 2.62416e-14
 0.00000e+00
 0.00000e+00
 6.55431e-16
 1.69188e-14
 2.71444e-15
 4.08183e-14
 0.00000e+00
 0.00000e+00
 6.05478e-16
 1.68744e-14
 2.66025e-15
 4.08037e-14
 0.00000e+00
 0.00000e+00
-1.70928e-14
 1.21560e-14
 4.73740e-16
 2.60311e-14
 0.00000e+00
 0.00000e+00
-1.71230e-14
 1.21031e-14
 4.17534e-16
 2.60182e-14
 0.00000e+00
 0.00000e+00
-1.69371e-14
 2.05708e-15
-1.22688e-14
 1.92110e-14
 0.00000e+00
 0.00000e+00
-1.70037e-14
 2.03744e-15
-1.22997e-14
 1.92161e-14
 0.00000e+00
 0.00000e+00
 3.78837e-15
 1.53715e-14
-1.00871e-16
 2.92526e-14
 0.00000e+00
 0.00000e+00
 3.72597e-15
 1.53465e-14
-1.28225e-16
 2.92654e-14
 0.00000e+00
 0.00000e+00
 1.67492e-14
 2.23712e-14
 1.71414e-15
 4.01946e-14
 0.00000e+00
 0.00000e+00
 1.66963e-14
 2.23512e-14
 1.67615e-15
 4.01632e-14
 0.00000e+00
 0.00000e+00
-9.89622e-15
 1.15774e-14
-1.16361e-14
 1.22027e-14
 0.00000e+00
 0.00000e+00
-9.91910e-15
 1.16364e-14
-1.16738e-14
 1.21105e-14
 0.00000e+00
 0.00000e+00
 5.88041e-16
 2.41258e-14
 4.63396e-15
 1.07102e-14
 0.00000e+00
 0.00000e+00
 5.82793e-16
 2.41007e-14
 4.62931e-15
 1.07006e-14
 0.00000e+00
 0.00000e+00
 6.53029e-15
-1.84301e-15
 2.94871e-15
 1.98311e-14
 0.00000e+00
 0.00000e+00
 6.56398e-15
-1.55360e-15
 2.95269e-15
 1.98137e-14
 0.00000e+00
 0.00000e+00
 1.00395e-14
-9.68542e-15
-5.98057e-15
 2.12382e-14
 0.00000e+00
 0.00000e+00
 1.00192e-14
-9.71425e-15
-5.99611e-15
 2.12097e-14
 0.00000e+00
 0.00000e+00
 1.61298e-14
 1.18709e-14
-2.13005e-14
 2.70640e-14
 0.00000e+00
 0.00000e+00
 1.61051e-14
 1.18591e-14
-2.12985e-14
 2.70686e-14
 0.00000e+00
 0.00000e+00
 3.22614e-15
 4.03052e-15
-5.47043e-15
 3.15723e-14
 0.00000e+00
 0.00000e+00
 3.18817e-15
 4.00949e-15
-5.47786e-15
 3.15630e-14
 0.00000e+00
 0.00000e+00
 4.72676e-17
-8.94005e-15
-3.36249e-15
 2.63635e-14
 0.00000e+00
 0.00000e+00
 3.51661e-17
-8.94215e-15
-3.34593e-15
 2.63581e-14
 0.00000e+00
 0.00000e+00
 5.25039e-16
-9.54559e-15
-1.50692e-14
 2.72498e-14
 0.00000e+00
 0.00000e+00
 4.93528e-16
-9.55030e-15
-1.51142e-14
 2.72127e-14
 0.00000e+00
 0.00000e+00
-9.53681e-15
 3.81703e-15
-2.57957e-14
 1.95363e-14
 0.00000e+00
 0.00000e+00
-9.55557e-15
 3.79813e-15
-2.58159e-14
 1.95300e-14
 0.00000e+00
 0.00000e+00
 1.86310e-15
 9.04975e-15
-3.50566e-14
-1.63810e-14
 0.00000e+00
 0.00000e+00
 1.85357e-15
 9.05334e-15
-3.50688e-14
-1.63789e-14
 0.00000e+00
 0.00000e+00
 9.51093e-15
-6.85538e-15
-1.96082e-14
-3.24488e-14
 0.00000e+00
 0.00000e+00
 9.48261e-15
-6.85361e-15
-1.96431e-14
-3.24465e-14
 0.00000e+00
 0.00000e+00
 5.63067e-15
-1.77819e-14
-1.49205e-15
-3.84563e-14
 0.00000e+00
 0.00000e+00
 5.59692e-15
-1.77819e-14
-1.49499e-15
-3.84606e-14
 0.00000e+00
 0.00000e+00
-1.45752e-14
-2.60020e-14
-8.90698e-15
-5.60067e-14
 0.00000e+00
 0.00000e+00
-1.45714e-14
-2.59918e-14
-8.91721e-15
-5.60121e-14
 0.00000e+00
 0.00000e+00
 1.76112e-14
 2.02990e-14
 2.28159e-14
-1.45816e-14
 0.00000e+00
 0.00000e+00
 1.75874e-14
 2.02951e-14
 2.27755e-14
-1.46081e-14
 0.00000e+00
 0.00000e+00
-3.14704e-14
-3.03043e-14
-3.33858e-14
-5.73114e-14
 0.00000e+00
 0.00000e+00
-3.15184e-14
-3.03117e-14
-3.33972e-14
-5.73455e-14
 0.00000e+00
 0.00000e+00
-6.95676e-15
 3.45060e-15
-1.59657e-14
-2.91930e-14
 0.00000e+00
 0.00000e+00
-6.96864e-15
 3.42680e-15
-1.59747e-14
-2.91836e-14
 0.00000e+00
 0.00000e+00
 1.37037e-14
 3.13187e-14
 1.94401e-14
-3.51613e-15
 0.00000e+00
 0.00000e+00
 1.36865e-14
 3.13037e-14
 1.94311e-14
-3.51277e-15
 0.00000e+00
 0.00000e+00
-1.05187e-14
 2.58025e-15
-4.36880e-15
-4.11798e-14
 0.00000e+00
 0.00000e+00
-1.05953e-14
 2.56122e-15
-4.36598e-15
-4.11774e-14
 0.00000e+00
 0.00000e+00
-4.08481e-14
-3.13790e-14
-3.38077e-14
-6.92613e-14
 0.00000e+00
 0.00000e+00
-4.08819e-14
-3.13979e-14
-3.38066e-14
-6.92473e-14
 0.00000e+00
 0.00000e+00
 2.43544e-14
 3.34928e-14
 3.00593e-14
-1.55256e-14
 0.00000e+00
 0.00000e+00
 2.43358e-14
 3.34849e-14
 3.00371e-14
-1.55381e-14
 0.00000e+00
 0.00000e+00
 0.00000e+00
 0.00000e+00
 0.00000e+00
 0.00000e+00
 0.00000e+00
 0.00000e+00
 0.00000e+00
 0.00000e+00
 0.00000e+00
 0.00000e+00
 0.00000e+00
 0.00000e+00
 0.00000e+00
 0.00000e+00
 0.00000e+00
 0.00000e+00
 0.00000e+00
 0.00000e+00
 0.00000e+00
 0.00000e+00
 0.00000e+00
 0.00000e+00
 0.00000e+00
 0.00000e+00
 0.00000e+00
 0.00000e+00
 0.00000e+00
 0.00000e+00
 0.00000e+00
 0.00000e+00
 0.00000e+00
 0.00000e+00
 0.00000e+00
 0.00000e+00
 0.00000e+00
 0.00000e+00
 0.00000e+00
 0.00000e+00
 0.00000e+00
 0.00000e+00
 0.00000e+00
 0.00000e+00
 0.00000e+00
 0.00000e+00
 0.00000e+00
 0.00000e+00
 0.00000e+00
 0.00000e+00
 0.00000e+00
 0.00000e+00
 0.00000e+00
 0.00000e+00
 0.00000e+00
 0.00000e+00
 0.00000e+00
 0.00000e+00
 0.00000e+00
 0.00000e+00
 0.00000e+00
 0.00000e+00
 0.00000e+00
 0.00000e+00
 0.00000e+00
 0.00000e+00
 0.00000e+00
 0.00000e+00
 0.00000e+00
 0.00000e+00
 0.00000e+00
 0.00000e+00
 0.00000e+00
 0.00000e+00
 0.00000e+00
 0.00000e+00
 0.00000e+00
 0.00000e+00
 0.00000e+00
 0.00000e+00
 0.00000e+00
 0.00000e+00
 0.00000e+00
 0.00000e+00
 0.00000e+00
 0.00000e+00
 0.00000e+00
 0.00000e+00
 0.00000e+00
 0.00000e+00
 0.00000e+00
 0.00000e+00
 0.00000e+00
 0.00000e+00
 0.00000e+00
 0.00000e+00
 0.00000e+00
 0.00000e+00
 0.00000e+00
 0.00000e+00
 0.00000e+00
 0.00000e+00
 0.00000e+00
 0.00000e+00
 0.00000e+00
 0.00000e+00
 0.00000e+00
 0.00000e+00
 0.00000e+00
 0.00000e+00
 0.00000e+00
 0.00000e+00
 0.00000e+00
 0.00000e+00
 0.00000e+00
 0.00000e+00
 0.00000e+00
 0.00000e+00
 0.00000e+00
 0.00000e+00
 0.00000e+00
 0.00000e+00
 0.00000e+00
 0.00000e+00
 0.00000e+00
 0.00000e+00
 0.00000e+00
 0.00000e+00
 0.00000e+00
 0.00000e+00
 0.00000e+00
 0.00000e+00
 0.00000e+00
 0.00000e+00
 0.00000e+00
 0.00000e+00
 0.00000e+00
 0.00000e+00
 0.00000e+00
 0.00000e+00
 0.00000e+00
 0.00000e+00
 0.00000e+00
 0.00000e+00
 0.00000e+00
 0.00000e+00
 0.00000e+00
 0.00000e+00
 0.00000e+00
 0.00000e+00
 0.00000e+00
 0.00000e+00
 0.00000e+00
 0.00000e+00
 0.00000e+00
 0.00000e+00
 0.00000e+00
 0.00000e+00
 0.00000e+00
 0.00000e+00
 0.00000e+00
 0.00000e+00
 0.00000e+00
 0.00000e+00
 0.00000e+00
 0.00000e+00
 0.00000e+00
 0.00000e+00
 0.00000e+00
 0.00000e+00
 0.00000e+00
 0.00000e+00
 0.00000e+00
 0.00000e+00
 0.00000e+00
 0.00000e+00
 0.00000e+00
 0.00000e+00
 0.00000e+00
 0.00000e+00
 0.00000e+00
 0.00000e+00
 0.00000e+00
 0.00000e+00
 0.00000e+00
 0.00000e+00
 0.00000e+00
 0.00000e+00
 0.00000e+00
 0.00000e+00
 0.00000e+00
 0.00000e+00
 0.00000e+00
 0.00000e+00
 0.00000e+00
 0.00000e+00
 0.00000e+00
 0.00000e+00
 0.00000e+00
 0.00000e+00
 0.00000e+00
 0.00000e+00
 0.00000e+00
 0.00000e+00
 0.00000e+00
 0.00000e+00
 0.00000e+00
 0.00000e+00
 0.00000e+00
 0.00000e+00
 0.00000e+00
 0.00000e+00
 0.00000e+00
 0.00000e+00
 0.00000e+00
 0.00000e+00
 0.00000e+00
 0.00000e+00
 0.00000e+00
 0.00000e+00
 0.00000e+00
 0.00000e+00
 0.00000e+00
 0.00000e+00
 0.00000e+00
 0.00000e+00
 0.00000e+00
 0.00000e+00
 0.00000e+00
 0.00000e+00
 0.00000e+00
 0.00000e+00
 0.00000e+00
 0.00000e+00
 0.00000e+00
 0.00000e+00
 0.00000e+00
 0.00000e+00
 0.00000e+00
 0.00000e+00
 0.00000e+00
 0.00000e+00
 0.00000e+00
 0.00000e+00
 0.00000e+00
 0.00000e+00
 0.00000e+00
 0.00000e+00
 0.00000e+00
 0.00000e+00
 0.00000e+00
 0.00000e+00
 0.00000e+00
 0.00000e+00
 0.00000e+00
 0.00000e+00
 0.00000e+00
 0.00000e+00
 0.00000e+00
 0.00000e+00
 0.00000e+00
 0.00000e+00
 0.00000e+00
 0.00000e+00
 0.00000e+00
 0.00000e+00
 0.00000e+00
 0.00000e+00
 0.00000e+00
 0.00000e+00
 0.00000e+00
 0.00000e+00
 0.00000e+00
 0.00000e+00
 0.00000e+00
 0.00000e+00
 0.00000e+00
 0.00000e+00
 0.00000e+00
 0.00000e+00
 0.00000e+00
 0.00000e+00
 0.00000e+00
 0.00000e+00
 0.00000e+00
 0.00000e+00
 0.00000e+00
 0.00000e+00
 0.00000e+00
 0.00000e+00
 0.00000e+00
 0.00000e+00
 0.00000e+00
 0.00000e+00
 0.00000e+00
 0.00000e+00
 0.00000e+00
 0.00000e+00
 0.00000e+00
 0.00000e+00
 0.00000e+00
 0.00000e+00
 0.00000e+00
 0.00000e+00
 0.00000e+00
 0.00000e+00
 0.00000e+00
 0.00000e+00
 0.00000e+00
 0.00000e+00
 0.00000e+00
 0.00000e+00
 0.00000e+00
 0.00000e+00
 0.00000e+00
 0.00000e+00
 0.00000e+00
 0.00000e+00
 0.00000e+00
 0.00000e+00
 0.00000e+00
 0.00000e+00
 0.00000e+00
 0.00000e+00
 0.00000e+00
 0.00000e+00
 0.00000e+00
 0.00000e+00
 0.00000e+00
 0.00000e+00
 0.00000e+00
 0.00000e+00
 0.00000e+00
 0.00000e+00
 0.00000e+00
 0.00000e+00
 0.00000e+00
 0.00000e+00
 0.00000e+00
 0.00000e+00
 0.00000e+00
 0.00000e+00
 0.00000e+00
 0.00000e+00
 0.00000e+00
 0.00000e+00
 0.00000e+00
 0.00000e+00
 0.00000e+00
 0.00000e+00
 0.00000e+00
 0.00000e+00
 0.00000e+00
 0.00000e+00
 0.00000e+00
 0.00000e+00
 0.00000e+00
 0.00000e+00
 0.00000e+00
 0.00000e+00
 0.00000e+00
 0.00000e+00
 0.00000e+00
 0.00000e+00
 0.00000e+00
 0.00000e+00
 0.00000e+00
 0.00000e+00
 0.00000e+00
 0.00000e+00
 0.00000e+00
 0.00000e+00
 0.00000e+00
 0.00000e+00
 0.00000e+00
 0.00000e+00
 0.00000e+00
 0.00000e+00
 0.00000e+00
 0.00000e+00
 0.00000e+00
 0.00000e+00
 0.00000e+00
 0.00000e+00
 0.00000e+00
 0.00000e+00
 0.00000e+00
 0.00000e+00
 0.00000e+00
 0.00000e+00
 0.00000e+00
 0.00000e+00
 0.00000e+00
 0.00000e+00
 0.00000e+00
 0.00000e+00
 0.00000e+00
 0.00000e+00
 0.00000e+00
 0.00000e+00
 0.00000e+00
 0.00000e+00
 0.00000e+00
 0.00000e+00
 0.00000e+00
 0.00000e+00
 0.00000e+00
 0.00000e+00
 0.00000e+00
 0.00000e+00
 0.00000e+00
 0.00000e+00
 0.00000e+00
 0.00000e+00
 0.00000e+00
 0.00000e+00
 0.00000e+00
 0.00000e+00
 0.00000e+00
 0.00000e+00
 0.00000e+00
 0.00000e+00
 0.00000e+00
 0.00000e+00
 0.00000e+00
 0.00000e+00
 0.00000e+00
 0.00000e+00
 0.00000e+00
 0.00000e+00
 0.00000e+00
 0.00000e+00
 0.00000e+00
 0.00000e+00
 0.00000e+00
 0.00000e+00
 0.00000e+00
 0.00000e+00
 0.00000e+00
 0.00000e+00
 0.00000e+00
 0.00000e+00
 0.00000e+00
 0.00000e+00
 0.00000e+00
 0.00000e+00
 0.00000e+00
 0.00000e+00
 0.00000e+00
 0.00000e+00
 0.00000e+00
 0.00000e+00
 0.00000e+00
 0.00000e+00
 0.00000e+00
 0.00000e+00
 0.00000e+00
 0.00000e+00
 0.00000e+00
 0.00000e+00
 0.00000e+00
 0.00000e+00
 0.00000e+00
 0.00000e+00
 0.00000e+00
 0.00000e+00
 0.00000e+00
 0.00000e+00
 0.00000e+00
 0.00000e+00
 0.00000e+00
 0.00000e+00
 0.00000e+00
 0.00000e+00
 0.00000e+00
 0.00000e+00
 0.00000e+00
 0.00000e+00
 0.00000e+00
 0.00000e+00
 0.00000e+00
 0.00000e+00
 0.00000e+00
 0.00000e+00
 0.00000e+00
 0.00000e+00
 0.00000e+00
 0.00000e+00
 0.00000e+00
 0.00000e+00
 0.00000e+00
 0.00000e+00
 0.00000e+00
 0.00000e+00
 0.00000e+00
 0.00000e+00
 0.00000e+00
 0.00000e+00
 0.00000e+00
 0.00000e+00
 0.00000e+00
 0.00000e+00
 0.00000e+00
 0.00000e+00
 0.00000e+00
 0.00000e+00
 0.00000e+00
 0.00000e+00
 0.00000e+00
 0.00000e+00
 0.00000e+00
 0.00000e+00
 0.00000e+00
 0.00000e+00
 0.00000e+00
 0.00000e+00
 0.00000e+00
 0.00000e+00
 0.00000e+00
 0.00000e+00
 0.00000e+00
 0.00000e+00
 0.00000e+00
 0.00000e+00
 0.00000e+00
 0.00000e+00
 0.00000e+00
 0.00000e+00
 0.00000e+00
 0.00000e+00
 0.00000e+00
 0.00000e+00
 0.00000e+00
 0.00000e+00
 0.00000e+00
 0.00000e+00
 0.00000e+00
 0.00000e+00
 0.00000e+00
 0.00000e+00
 0.00000e+00
 0.00000e+00
 0.00000e+00
 0.00000e+00
 0.00000e+00
 0.00000e+00
 0.00000e+00
 0.00000e+00
 0.00000e+00
 0.00000e+00
 0.00000e+00
 0.00000e+00
 0.00000e+00
 0.00000e+00
 0.00000e+00
 0.00000e+00
 0.00000e+00
 0.00000e+00
 0.00000e+00
 0.00000e+00
 0.00000e+00
 0.00000e+00
 0.00000e+00
 0.00000e+00
 0.00000e+00
 0.00000e+00
 0.00000e+00
 0.00000e+00
 0.00000e+00
 0.00000e+00
 0.00000e+00
 0.00000e+00
 0.00000e+00
 0.00000e+00
 0.00000e+00
 0.00000e+00
 0.00000e+00
 0.00000e+00
 0.00000e+00
 0.00000e+00
 0.00000e+00
 0.00000e+00
 0.00000e+00
 0.00000e+00
 0.00000e+00
 0.00000e+00
 0.00000e+00
 0.00000e+00
 0.00000e+00
 0.00000e+00
 0.00000e+00
 0.00000e+00
 0.00000e+00
 0.00000e+00
 0.00000e+00
 0.00000e+00
 0.00000e+00
 0.00000e+00
 0.00000e+00
 0.00000e+00
 0.00000e+00
 0.00000e+00
 0.00000e+00
 0.00000e+00
 0.00000e+00
 0.00000e+00
 0.00000e+00
 0.00000e+00
 0.00000e+00
 0.00000e+00
 0.00000e+00
 0.00000e+00
 0.00000e+00
 0.00000e+00
 0.00000e+00
 0.00000e+00
 0.00000e+00
 0.00000e+00
 0.00000e+00
 0.00000e+00
 0.00000e+00
 0.00000e+00
 0.00000e+00
 0.00000e+00
 0.00000e+00
 0.00000e+00
 0.00000e+00
 0.00000e+00
 0.00000e+00
 0.00000e+00
 0.00000e+00
 0.00000e+00
 0.00000e+00
 0.00000e+00
 0.00000e+00
 0.00000e+00
 0.00000e+00
 0.00000e+00
 0.00000e+00
 0.00000e+00
 0.00000e+00
 0.00000e+00
 0.00000e+00
 0.00000e+00
 0.00000e+00
 0.00000e+00
 0.00000e+00
 0.00000e+00
 0.00000e+00
 0.00000e+00
 0.00000e+00
 0.00000e+00
 0.00000e+00
 0.00000e+00
 0.00000e+00
 0.00000e+00
 0.00000e+00
 0.00000e+00
 0.00000e+00
 0.00000e+00
 0.00000e+00
 0.00000e+00
 0.00000e+00
 0.00000e+00
 0.00000e+00
 0.00000e+00
 0.00000e+00
 0.00000e+00
 0.00000e+00
 0.00000e+00
 0.00000e+00
 0.00000e+00
 0.00000e+00
 0.00000e+00
 0.00000e+00
 0.00000e+00
 0.00000e+00
 0.00000e+00
 0.00000e+00
 0.00000e+00
 0.00000e+00
 0.00000e+00
 0.00000e+00
 0.00000e+00
 0.00000e+00
 0.00000e+00
 0.00000e+00
 0.00000e+00
 0.00000e+00
 0.00000e+00
 0.00000e+00
 0.00000e+00
 0.00000e+00
 0.00000e+00
 0.00000e+00
 0.00000e+00
 0.00000e+00
 0.00000e+00
 0.00000e+00
 0.00000e+00
 0.00000e+00
 0.00000e+00
 0.00000e+00
 0.00000e+00
 0.00000e+00
 0.00000e+00
 0.00000e+00
 0.00000e+00
 0.00000e+00
 0.00000e+00
 0.00000e+00
 0.00000e+00
 0.00000e+00
 0.00000e+00
 0.00000e+00
 0.00000e+00
 0.00000e+00
 0.00000e+00
 0.00000e+00
 0.00000e+00
 0.00000e+00
 0.00000e+00
 0.00000e+00
 0.00000e+00
 0.00000e+00
 0.00000e+00
 0.00000e+00
 0.00000e+00
 0.00000e+00
 0.00000e+00
 0.00000e+00
 0.00000e+00
 0.00000e+00
 0.00000e+00
 0.00000e+00
 0.00000e+00
 0.00000e+00
 0.00000e+00
 0.00000e+00
 0.00000e+00
 0.00000e+00
 0.00000e+00
 0.00000e+00
 0.00000e+00
 0.00000e+00
 0.00000e+00
 0.00000e+00
 0.00000e+00
 0.00000e+00
 0.00000e+00
 0.00000e+00
 0.00000e+00
 0.00000e+00
 0.00000e+00
 0.00000e+00
 0.00000e+00
 0.00000e+00
 0.00000e+00
 0.00000e+00
 0.00000e+00
 0.00000e+00
 0.00000e+00
 0.00000e+00
 0.00000e+00
 0.00000e+00
 0.00000e+00
 0.00000e+00
 0.00000e+00
 0.00000e+00
 0.00000e+00
 0.00000e+00
 0.00000e+00
 0.00000e+00
 0.00000e+00
 0.00000e+00
 0.00000e+00
 0.00000e+00
 0.00000e+00
 0.00000e+00
 0.00000e+00
 0.00000e+00
 0.00000e+00
 0.00000e+00
 0.00000e+00
 0.00000e+00
 0.00000e+00
 0.00000e+00
 0.00000e+00
 0.00000e+00
 0.00000e+00
 0.00000e+00
 0.00000e+00
 0.00000e+00
 0.00000e+00
 0.00000e+00
 0.00000e+00
 0.00000e+00
 0.00000e+00
 0.00000e+00
 0.00000e+00
 0.00000e+00
 0.00000e+00
 0.00000e+00
 0.00000e+00
 0.00000e+00
 0.00000e+00
 0.00000e+00
 0.00000e+00
 0.00000e+00
 0.00000e+00
 0.00000e+00
 0.00000e+00
 0.00000e+00
 0.00000e+00
 0.00000e+00
 0.00000e+00
 0.00000e+00
 0.00000e+00
 0.00000e+00
 0.00000e+00
 0.00000e+00
 0.00000e+00
 0.00000e+00
 0.00000e+00
 0.00000e+00
 0.00000e+00
 0.00000e+00
 0.00000e+00
 0.00000e+00
 0.00000e+00
 0.00000e+00
 0.00000e+00
 0.00000e+00
 0.00000e+00
 0.00000e+00
 0.00000e+00
 0.00000e+00
 0.00000e+00
 0.00000e+00
 0.00000e+00
 0.00000e+00
 0.00000e+00
 0.00000e+00
 0.00000e+00
 0.00000e+00
 0.00000e+00
 0.00000e+00
 0.00000e+00
 0.00000e+00
 0.00000e+00
 0.00000e+00
 0.00000e+00
 0.00000e+00
 0.00000e+00
 0.00000e+00
 0.00000e+00
 0.00000e+00
 0.00000e+00
 0.00000e+00
 0.00000e+00
 0.00000e+00
 0.00000e+00
 0.00000e+00
 0.00000e+00
 0.00000e+00
 0.00000e+00
 0.00000e+00
 0.00000e+00
 0.00000e+00
 0.00000e+00
 0.00000e+00
 0.00000e+00
 0.00000e+00
 0.00000e+00
 0.00000e+00
 0.00000e+00
 0.00000e+00
 0.00000e+00
 0.00000e+00
 0.00000e+00
 0.00000e+00
 0.00000e+00
 0.00000e+00
 0.00000e+00
 0.00000e+00
 0.00000e+00
 0.00000e+00
 0.00000e+00
 0.00000e+00
 0.00000e+00
 0.00000e+00
 0.00000e+00
 0.00000e+00
 0.00000e+00
 0.00000e+00
 0.00000e+00
 0.00000e+00
 0.00000e+00
 0.00000e+00
 0.00000e+00
 0.00000e+00
 0.00000e+00
 0.00000e+00
 0.00000e+00
 0.00000e+00
 0.00000e+00
 0.00000e+00
 0.00000e+00
 0.00000e+00
 0.00000e+00
 0.00000e+00
 0.00000e+00
 0.00000e+00
 0.00000e+00
 0.00000e+00
 0.00000e+00
 0.00000e+00
 0.00000e+00
 0.00000e+00
 0.00000e+00
 0.00000e+00
 0.00000e+00
 0.00000e+00
 0.00000e+00
 0.00000e+00
 0.00000e+00
 0.00000e+00
 0.00000e+00
 0.00000e+00
 0.00000e+00
 0.00000e+00
 0.00000e+00
 0.00000e+00
 0.00000e+00
 0.00000e+00
 0.00000e+00
 0.00000e+00
 0.00000e+00
 0.00000e+00
 0.00000e+00
 0.00000e+00
 0.00000e+00
 0.00000e+00
 0.00000e+00
 0.00000e+00
 0.00000e+00
 0.00000e+00
 0.00000e+00
 0.00000e+00
 0.00000e+00
 0.00000e+00
 0.00000e+00
 0.00000e+00
 0.00000e+00
 0.00000e+00
 0.00000e+00
 0.00000e+00
 0.00000e+00
 0.00000e+00
 0.00000e+00
 0.00000e+00
 0.00000e+00
 0.00000e+00
 0.00000e+00
 0.00000e+00
 0.00000e+00
 0.00000e+00
 0.00000e+00
 0.00000e+00
 0.00000e+00
 0.00000e+00
 0.00000e+00
 0.00000e+00
 0.00000e+00
 0.00000e+00
 0.00000e+00
 0.00000e+00
 0.00000e+00
 0.00000e+00
 0.00000e+00
 0.00000e+00
 0.00000e+00
 0.00000e+00
 0.00000e+00
 0.00000e+00
 0.00000e+00
 0.00000e+00
 0.00000e+00
 0.00000e+00
 0.00000e+00
 0.00000e+00
 0.00000e+00
 0.00000e+00
 0.00000e+00
 0.00000e+00
 0.00000e+00
 0.00000e+00
 0.00000e+00
 0.00000e+00
 0.00000e+00
 0.00000e+00
 0.00000e+00
 0.00000e+00
 0.00000e+00
 0.00000e+00
 0.00000e+00
 0.00000e+00
 0.00000e+00
 0.00000e+00
 0.00000e+00
 0.00000e+00
 0.00000e+00
 0.00000e+00
 0.00000e+00
 0.00000e+00
 0.00000e+00
 0.00000e+00
 0.00000e+00
 0.00000e+00
 0.00000e+00
 0.00000e+00
 0.00000e+00
 0.00000e+00
 0.00000e+00
 0.00000e+00
 0.00000e+00
 0.00000e+00
 0.00000e+00
 0.00000e+00
 0.00000e+00
 0.00000e+00
 0.00000e+00
 0.00000e+00
 0.00000e+00
 0.00000e+00
 0.00000e+00
 0.00000e+00
 0.00000e+00
 0.00000e+00
 0.00000e+00
 0.00000e+00
 0.00000e+00
 0.00000e+00
 0.00000e+00
 0.00000e+00
 0.00000e+00
 0.00000e+00
 0.00000e+00
 0.00000e+00
 0.00000e+00
 0.00000e+00
 0.00000e+00
 0.00000e+00
 0.00000e+00
 0.00000e+00
 0.00000e+00
 0.00000e+00
 0.00000e+00
 0.00000e+00
 0.00000e+00
 0.00000e+00
 0.00000e+00
 0.00000e+00
 0.00000e+00
 0.00000e+00
 0.00000e+00
 0.00000e+00
 0.00000e+00
 0.00000e+00
 0.00000e+00
 0.00000e+00
 0.00000e+00
 0.00000e+00
 0.00000e+00
 0.00000e+00
 0.00000e+00
 0.00000e+00
 0.00000e+00
 0.00000e+00
 0.00000e+00
 0.00000e+00
 0.00000e+00
 0.00000e+00
 0.00000e+00
 0.00000e+00
 0.00000e+00
 0.00000e+00
 0.00000e+00
 0.00000e+00
 0.00000e+00
 0.00000e+00
 0.00000e+00
 0.00000e+00
 0.00000e+00
 0.00000e+00
 0.00000e+00
 0.00000e+00
 0.00000e+00
 0.00000e+00
 0.00000e+00
 0.00000e+00
 0.00000e+00
 0.00000e+00
 0.00000e+00
 0.00000e+00
 0.00000e+00
 0.00000e+00
 0.00000e+00
 0.00000e+00
 0.00000e+00
 0.00000e+00
 0.00000e+00
 0.00000e+00
 0.00000e+00
 0.00000e+00
 0.00000e+00
 0.00000e+00
 0.00000e+00
 0.00000e+00
 0.00000e+00
 0.00000e+00
 0.00000e+00
 0.00000e+00
 0.00000e+00
 0.00000e+00
 0.00000e+00
 0.00000e+00
 0.00000e+00
 0.00000e+00
 0.00000e+00
 0.00000e+00
 0.00000e+00
 0.00000e+00
 0.00000e+00
 0.00000e+00
 0.00000e+00
 0.00000e+00
 0.00000e+00
 0.00000e+00
 0.00000e+00
 0.00000e+00
 0.00000e+00
 0.00000e+00
 0.00000e+00
 0.00000e+00
 0.00000e+00
 0.00000e+00
 0.00000e+00
 0.00000e+00
 0.00000e+00
 0.00000e+00
 0.00000e+00
 0.00000e+00
 0.00000e+00
 0.00000e+00
 0.00000e+00
 0.00000e+00
 0.00000e+00
 0.00000e+00
 0.00000e+00
 0.00000e+00
 0.00000e+00
 0.00000e+00
 0.00000e+00
 0.00000e+00
 0.00000e+00
 0.00000e+00
 0.00000e+00
 0.00000e+00
 0.00000e+00
 0.00000e+00
 0.00000e+00
 0.00000e+00
 0.00000e+00
 0.00000e+00
 0.00000e+00
 0.00000e+00
 0.00000e+00
 0.00000e+00
 0.00000e+00
 0.00000e+00
 0.00000e+00
 0.00000e+00
 0.00000e+00
 0.00000e+00
 0.00000e+00
 0.00000e+00
 0.00000e+00
 0.00000e+00
 0.00000e+00
 0.00000e+00
 0.00000e+00
 0.00000e+00
 0.00000e+00
 0.00000e+00
 0.00000e+00
 0.00000e+00
 0.00000e+00
 0.00000e+00
 0.00000e+00
 0.00000e+00
 0.00000e+00
 0.00000e+00
 0.00000e+00
 0.00000e+00
 0.00000e+00
 0.00000e+00
 0.00000e+00
 0.00000e+00
 0.00000e+00
 0.00000e+00
 0.00000e+00
 0.00000e+00
 0.00000e+00
 0.00000e+00
 0.00000e+00
 0.00000e+00
 0.00000e+00
 0.00000e+00
 0.00000e+00
 0.00000e+00
 0.00000e+00
 0.00000e+00
 0.00000e+00
 0.00000e+00
 0.00000e+00
 0.00000e+00
 4.33530e-15
-4.33530e-15
 4.33530e-15
-4.33530e-15
 0.00000e+00
 0.00000e+00
 4.33530e-15
-4.33530e-15
 4.33530e-15
-4.33530e-15
 0.00000e+00
 0.00000e+00
 4.33530e-15
-4.33530e-15
 4.33530e-15
-4.33530e-15
 0.00000e+00
 0.00000e+00
 4.33530e-15
-4.33530e-15
 4.33530e-15
-4.33530e-15
 0.00000e+00
 0.00000e+00
 4.33530e-15
-4.33530e-15
 4.33530e-15
-4.33530e-15
 0.00000e+00
 0.00000e+00
 4.33530e-15
-4.33530e-15
 4.33530e-15
-4.33530e-15
 0.00000e+00
 0.00000e+00
 4.33530e-15
-4.33530e-15
 4.33530e-15
-4.33530e-15
 0.00000e+00
 0.00000e+00
 4.33530e-15
-4.33530e-15
 4.33530e-15
-4.33530e-15
 0.00000e+00
 0.00000e+00
 4.33530e-15
-4.33530e-15
 4.33530e-15
-4.33530e-15
 0.00000e+00
 0.00000e+00
 4.33530e-15
-4.33530e-15
 4.33530e-15
-4.33530e-15
 0.00000e+00
 0.00000e+00
 4.33530e-15
-4.33530e-15
 4.33530e-15
-4.33530e-15
 0.00000e+00
 0.00000e+00
 4.33530e-15
-4.33530e-15
 4.33530e-15
-4.33530e-15
 0.00000e+00
 0.00000e+00
 4.33530e-15
-4.33530e-15
 4.33530e-15
-4.33530e-15
 0.00000e+00
 0.00000e+00
 4.33530e-15
-4.33530e-15
 4.33530e-15
-4.33530e-15
 0.00000e+00
 0.00000e+00
 4.33530e-15
-4.33530e-15
 4.33530e-15
-4.33530e-15
 0.00000e+00
 0.00000e+00
 4.33530e-15
-4.33530e-15
 4.33530e-15
-4.33530e-15
 7.57949e-15
 7.72117e-15
 1.20102e-14
 3.02508e-15
 1.16414e-14
 3.03658e-15
 7.57949e-15
 7.72117e-15
 1.20102e-14
 3.02508e-15
 1.16414e-14
 3.03658e-15
 2.05589e-13
 2.06260e-13
 2.10677e-13
 2.01222e-13
 2.09939e-13
 2.01603e-13
 2.05589e-13
 2.06260e-13
 2.10677e-13
 2.01222e-13
 2.09939e-13
 2.01603e-13
 2.06411e-12
 2.06358e-12
 2.06791e-12
 2.06029e-12
 2.06809e-12
 2.05824e-12
 2.06411e-12
 2.06358e-12
 2.06791e-12
 2.06029e-12
 2.06809e-12
 2.05824e-12
 1.82439e-11
 1.82466e-11
 1.82527e-11
 1.82422e-11
 1.82505e-11
 1.82427e-11
 1.82439e-11
 1.82466e-11
 1.82527e-11
 1.82422e-11
 1.82505e-11
 1.82427e-11
 1.49582e-10
 1.49578e-10
 1.49580e-10
 1.49571e-10
 1.49579e-10
 1.49571e-10
 1.49582e-10
 1.49578e-10
 1.49580e-10
 1.49571e-10
 1.49579e-10
 1.49571e-10
 1.14337e-09
 1.14337e-09
 1.14337e-09
 1.14336e-09
 1.14337e-09
 1.14336e-09
 1.14337e-09
 1.14337e-09
 1.14337e-09
 1.14336e-09
 1.14337e-09
 1.14336e-09
 8.12598e-09
 8.12599e-09
 8.12600e-09
 8.12599e-09
 8.12600e-09
 8.12599e-09
 8.12598e-09
 8.12599e-09
 8.12600e-09
 8.12599e-09
 8.12600e-09
 8.12599e-09
 5.34920e-08
 5.34920e-08
 5.34920e-08
 5.34920e-08
 5.34920e-08
 5.34920e-08
 5.34920e-08
 5.34920e-08
 5.34920e-08
 5.34920e-08
 5.34920e-08
 5.34920e-08
 3.24759e-07
 3.24759e-07
 3.24759e-07
 3.24759e-07
 3.24759e-07
 3.24759e-07
 3.24759e-07
 3.24759e-07
 3.24759e-07
 3.24759e-07
 3.24759e-07
 3.24759e-07
 1.80942e-06
 1.80942e-06
 1.80942e-06
 1.80942e-06
 1.80942e-06
 1.80942e-06
 1.80942e-06
 1.80942e-06
 1.80942e-06
 1.80942e-06
 1.80942e-06
 1.80942e-06
 9.19821e-06
 9.19821e-06
 9.19821e-06
 9.19821e-06
 9.19821e-06
 9.19821e-06
 9.19821e-06
 9.19821e-06
 9.19821e-06
 9.19821e-06
 9.19821e-06
 9.19821e-06
 4.23701e-05
 4.23701e-05
 4.23701e-05
 4.23701e-05
 4.23701e-05
 4.23701e-05
 4.23701e-05
 4.23701e-05
 4.23701e-05
 4.23701e-05
 4.23701e-05
 4.23701e-05
 1.75389e-04
 1.75389e-04
 1.75389e-04
 1.75389e-04
 1.75389e-04
 1.75389e-04
 1.75389e-04
 1.75389e-04
 1.75389e-04
 1.75389e-04
 1.75389e-04
 1.75389e-04
 6.45943e-04
 6.45943e-04
 6.45943e-04
 6.45943e-04
 6.45943e-04
 6.45943e-04
 6.45943e-04
 6.45943e-04
 6.45943e-04
 6.45943e-04
 6.45943e-04
 6.45943e-04
 2.09207e-03
 2.09207e-03
 2.09207e-03
 2.09207e-03
 2.09207e-03
 2.09207e-03
 2.09207e-03
 2.09207e-03
 2.09207e-03
 2.09207e-03
 2.09207e-03
 2.09207e-03
 5.88637e-03
 5.88637e-03
 5.88637e-03
 5.88637e-03
 5.88637e-03
 5.88637e-03
 5.88637e-03
 5.88637e-03
 5.88637e-03
 5.88637e-03
 5.88637e-03
 5.88637e-03
 1.42486e-02
 1.42486e-02
 1.42486e-02
 1.42486e-02
 1.42486e-02
 1.42486e-02
 1.42486e-02
 1.42486e-02
 1.42486e-02
 1.42486e-02
 1.42486e-02
 1.42486e-02
 2.95984e-02
 2.95984e-02
 2.95984e-02
 2.95984e-02
 2.95984e-02
 2.95984e-02
 2.95984e-02
 2.95984e-02
 2.95984e-02
 2.95984e-02
 2.95984e-02
 2.95984e-02
 5.32395e-02
 5.32395e-02
 5.32395e-02
 5.32395e-02
 5.32395e-02
 5.32395e-02
 5.32395e-02
 5.32395e-02
 5.32395e-02
 5.32395e-02
 5.32395e-02
 5.32395e-02
 8.46239e-02
 8.46239e-02
 8.46239e-02
 8.46239e-02
 8.46239e-02
 8.46239e-02
 8.46239e-02
 8.46239e-02
 8.46239e-02
 8.46239e-02
 8.46239e-02
 8.46239e-02
 1.22039e-01
 1.22039e-01
 1.22039e-01
 1.22039e-01
 1.22039e-01
 1.22039e-01
 1.22039e-01
 1.22039e-01
 1.22039e-01
 1.22039e-01
 1.22039e-01
 1.22039e-01
 1.63812e-01
 1.63812e-01
 1.63812e-01
 1.63812e-01
 1.63812e-01
 1.63812e-01
 1.63812e-01
 1.63812e-01
 1.63812e-01
 1.63812e-01
 1.63812e-01
 1.63812e-01
 2.08900e-01
 2.08900e-01
 2.08900e-01
 2.08900e-01
 2.08900e-01
 2.08900e-01
 2.08900e-01
 2.08900e-01
 2.08900e-01
 2.08900e-01
 2.08900e-01
 2.08900e-01
 2.56832e-01
 2.56832e-01
 2.56832e-01
 2.56832e-01
 2.56832e-01
 2.56832e-01
 2.56832e-01
 2.56832e-01
 2.56832e-01
 2.56832e-01
 2.56832e-01
 2.56832e-01
 3.07473e-01
 3.07473e-01
 3.07473e-01
 3.07473e-01
 3.07473e-01
 3.07473e-01
 3.07473e-01
 3.07473e-01
 3.07473e-01
 3.07473e-01
 3.07473e-01
 3.07473e-01
 3.60869e-01
 3.60869e-01
 3.60869e-01
 3.60869e-01
 3.60869e-01
 3.60869e-01
 3.60869e-01
 3.60869e-01
 3.60869e-01
 3.60869e-01
 3.60869e-01
 3.60869e-01
 4.17158e-01
 4.17158e-01
 4.17158e-01
 4.17158e-01
 4.17158e-01
 4.17158e-01
 4.17158e-01
 4.17158e-01
 4.17158e-01
 4.17158e-01
 4.17158e-01
 4.17158e-01
 4.76541e-01
 4.76541e-01
 4.76541e-01
 4.76541e-01
 4.76541e-01
 4.76541e-01
 4.76541e-01
 4.76541e-01
 4.76541e-01
 4.76541e-01
 4.76541e-01
 4.76541e-01
 5.39252e-01
 5.39252e-01
 5.39252e-01
 5.39252e-01
 5.39252e-01
 5.39252e-01
 5.39252e-01
 5.39252e-01
 5.39252e-01
 5.39252e-01
 5.39252e-01
 5.39252e-01
 6.05522e-01
 6.05522e-01
 6.05522e-01
 6.05522e-01
 6.05522e-01
 6.05522e-01
 6.05522e-01
 6.05522e-01
 6.05522e-01
 6.05522e-01
 6.05522e-01
 6.05522e-01
 6.75496e-01
 6.75496e-01
 6.75496e-01
 6.75496e-01
 6.75496e-01
 6.75496e-01
 6.75496e-01
 6.75496e-01
 6.75496e-01
 6.75496e-01
 6.75496e-01
 6.75496e-01
 7.49017e-01
 7.49017e-01
 7.49017e-01
 7.49017e-01
 7.49017e-01
 7.49017e-01
 7.49017e-01
 7.49017e-01
 7.49017e-01
 7.49017e-01
 7.49017e-01
 7.49017e-01
 8.24975e-01
 8.24975e-01
 8.24975e-01
 8.24975e-01
 8.24975e-01
 8.24975e-01
 8.24975e-01
 8.24975e-01
 8.24975e-01
 8.24975e-01
 8.24975e-01
 8.24975e-01
 8.99249e-01
 8.99249e-01
 8.99249e-01
 8.99249e-01
 8.99249e-01
 8.99249e-01
 8.99249e-01
 8.99249e-01
 8.99249e-01
 8.99249e-01
 8.99249e-01
 8.99249e-01
 9.57851e-01
 9.57851e-01
 9.57851e-01
 9.57851e-01
 9.57851e-01
 9.57851e-01
 9.57851e-01
 9.57851e-01
 9.57851e-01
 9.57851e-01
 9.57851e-01
 9.57851e-01
 9.65700e-01
 9.65700e-01
 9.65700e-01
 9.65700e-01
 9.65700e-01
 9.65700e-01
 9.65700e-01
 9.65700e-01
 9.65700e-01
 9.65700e-01
 9.65700e-01
 9.65700e-01
 9.51967e-01
 9.51967e-01
 9.51967e-01
 9.51967e-01
 9.51967e-01
 9.51967e-01
 9.51967e-01
 9.51967e-01
 9.51967e-01
 9.51967e-01
 9.51967e-01
 9.51967e-01
 9.40694e-01
 9.40694e-01
 9.40694e-01
 9.40694e-01
 9.40694e-01
 9.40694e-01
 9.40694e-01
 9.40694e-01
 9.40694e-01
 9.40694e-01
 9.40694e-01
 9.40694e-01
 9.33688e-01
 9.33688e-01
 9.33688e-01
 9.33688e-01
 9.33688e-01
 9.33688e-01
 9.33688e-01
 9.33688e-01
 9.33688e-01
 9.33688e-01
 9.33688e-01
 9.33688e-01
 9.30330e-01
 9.30330e-01
 9.30330e-01
 9.30330e-01
 9.30330e-01
 9.30330e-01
 9.30330e-01
 9.30330e-01
 9.30330e-01
 9.30330e-01
 9.30330e-01
 9.30330e-01
 9.28940e-01
 9.28940e-01
 9.28940e-01
 9.28940e-01
 9.28940e-01
 9.28940e-01
 9.28940e-01
 9.28940e-01
 9.28940e-01
 9.28940e-01
 9.28940e-01
 9.28940e-01
 9.28230e-01
 9.28230e-01
 9.28230e-01
 9.28230e-01
 9.28230e-01
 9.28230e-01
 9.28230e-01
 9.28230e-01
 9.28230e-01
 9.28230e-01
 9.28230e-01
 9.28230e-01
 9.28120e-01
 9.28120e-01
 9.28120e-01
 9.28120e-01
 9.28120e-01
 9.28120e-01
 9.28120e-01
 9.28120e-01
 9.28120e-01
 9.28120e-01
 9.28120e-01
 9.28120e-01
 9.28016e-01
 9.28016e-01
 9.28016e-01
 9.28016e-01
 9.28016e-01
 9.28016e-01
 9.28016e-01
 9.28016e-01
 9.28016e-01
 9.28016e-01
 9.28016e-01
 9.28016e-01
 9.27916e-01
 9.27916e-01
 9.27916e-01
 9.27916e-01
 9.27916e-01
 9.27916e-01
 9.27916e-01
 9.27916e-01
 9.27916e-01
 9.27916e-01
 9.27916e-01
 9.27916e-01
 9.27819e-01
 9.27819e-01
 9.27819e-01
 9.27819e-01
 9.27819e-01
 9.27819e-01
 9.27819e-01
 9.27819e-01
 9.27819e-01
 9.27819e-01
 9.27819e-01
 9.27819e-01
 9.27724e-01
 9.27724e-01
 9.27724e-01
 9.27724e-01
 9.27724e-01
 9.27724e-01
 9.27724e-01
 9.27724e-01
 9.27724e-01
 9.27724e-01
 9.27724e-01
 9.27724e-01
 9.27629e-01
 9.27629e-01
 9.27629e-01
 9.27629e-01
 9.27629e-01
 9.27629e-01
 9.27629e-01
 9.27629e-01
 9.27629e-01
 9.27629e-01
 9.27629e-01
 9.27629e-01
 9.27535e-01
 9.27535e-01
 9.27535e-01
 9.27535e-01
 9.27535e-01
 9.27535e-01
 9.27535e-01
 9.27535e-01
 9.27535e-01
 9.27535e-01
 9.27535e-01
 9.27535e-01
 9.27439e-01
 9.27439e-01
 9.27439e-01
 9.27439e-01
 9.27439e-01
 9.27439e-01
 9.27439e-01
 9.27439e-01
 9.27439e-01
 9.27439e-01
 9.27439e-01
 9.27439e-01
 9.27342e-01
 9.27342e-01
 9.27342e-01
 9.27342e-01
 9.27342e-01
 9.27342e-01
 9.27342e-01
 9.27342e-01
 9.27342e-01
 9.27342e-01
 9.27342e-01
 9.27342e-01
 9.27242e-01
 9.27242e-01
 9.27242e-01
 9.27242e-01
 9.27242e-01
 9.27242e-01
 9.27242e-01
 9.27242e-01
 9.27242e-01
 9.27242e-01
 9.27242e-01
 9.27242e-01
 9.27138e-01
 9.27138e-01
 9.27138e-01
 9.27138e-01
 9.27138e-01
 9.27138e-01
 9.27138e-01
 9.27138e-01
 9.27138e-01
 9.27138e-01
 9.27138e-01
 9.27138e-01
 9.27027e-01
 9.27027e-01
 9.27027e-01
 9.27027e-01
 9.27027e-01
 9.27027e-01
 9.27027e-01
 9.27027e-01
 9.27027e-01
 9.27027e-01
 9.27027e-01
 9.27027e-01
 9.26905e-01
 9.26905e-01
 9.26905e-01
 9.26905e-01
 9.26905e-01
 9.26905e-01
 9.26905e-01
 9.26905e-01
 9.26905e-01
 9.26905e-01
 9.26905e-01
 9.26905e-01
 9.26769e-01
 9.26769e-01
 9.26769e-01
 9.26769e-01
 9.26769e-01
 9.26769e-01
 9.26769e-01
 9.26769e-01
 9.26769e-01
 9.26769e-01
 9.26769e-01
 9.26769e-01
 9.26610e-01
 9.26610e-01
 9.26610e-01
 9.26610e-01
 9.26610e-01
 9.26610e-01
 9.26610e-01
 9.26610e-01
 9.26610e-01
 9.26610e-01
 9.26610e-01
 9.26610e-01
 9.26416e-01
 9.26416e-01
 9.26416e-01
 9.26416e-01
 9.26416e-01
 9.26416e-01
 9.26416e-01
 9.26416e-01
 9.26416e-01
 9.26416e-01
 9.26416e-01
 9.26416e-01
 9.26166e-01
 9.26166e-01
 9.26166e-01
 9.26166e-01
 9.26166e-01
 9.26166e-01
 9.26166e-01
 9.26166e-01
 9.26166e-01
 9.26166e-01
 9.26166e-01
 9.26166e-01
 9.25829e-01
 9.25829e-01
 9.25829e-01
 9.25829e-01
 9.25829e-01
 9.25829e-01
 9.25829e-01
 9.25829e-01
 9.25829e-01
 9.25829e-01
 9.25829e-01
 9.25829e-01
 9.25354e-01
 9.25354e-01
 9.25354e-01
 9.25354e-01
 9.25354e-01
 9.25354e-01
 9.25354e-01
 9.25354e-01
 9.25354e-01
 9.25354e-01
 9.25354e-01
 9.25354e-01
 9.24664e-01
 9.24664e-01
 9.24664e-01
 9.24664e-01
 9.24664e-01
 9.24664e-01
 9.24664e-01
 9.24664e-01
 9.24664e-01
 9.24664e-01
 9.24664e-01
 9.24664e-01
 9.23640e-01
 9.23640e-01
 9.23640e-01
 9.23640e-01
 9.23640e-01
 9.23640e-01
 9.23640e-01
 9.23640e-01
 9.23640e-01
 9.23640e-01
 9.23640e-01
 9.23640e-01
 9.22103e-01
 9.22103e-01
 9.22103e-01
 9.22103e-01
 9.22103e-01
 9.22103e-01
 9.22103e-01
 9.22103e-01
 9.22103e-01
 9.22103e-01
 9.22103e-01
 9.22103e-01
 9.19789e-01
 9.19789e-01
 9.19789e-01
 9.19789e-01
 9.19789e-01
 9.19789e-01
 9.19789e-01
 9.19789e-01
 9.19789e-01
 9.19789e-01
 9.19789e-01
 9.19789e-01
 9.16320e-01
 9.16320e-01
 9.16320e-01
 9.16320e-01
 9.16320e-01
 9.16320e-01
 9.16320e-01
 9.16320e-01
 9.16320e-01
 9.16320e-01
 9.16320e-01
 9.16320e-01
 9.11166e-01
 9.11166e-01
 9.11166e-01
 9.11166e-01
 9.11166e-01
 9.11166e-01
 9.11166e-01
 9.11166e-01
 9.11166e-01
 9.11166e-01
 9.11166e-01
 9.11166e-01
 9.03618e-01
 9.03618e-01
 9.03618e-01
 9.03618e-01
 9.03618e-01
 9.03618e-01
 9.03618e-01
 9.03618e-01
 9.03618e-01
 9.03618e-01
 9.03618e-01
 9.03618e-01
 8.92765e-01
 8.92765e-01
 8.92765e-01
 8.92765e-01
 8.92765e-01
 8.92765e-01
 8.92765e-01
 8.92765e-01
 8.92765e-01
 8.92765e-01
 8.92765e-01
 8.92765e-01
 8.77496e-01
 8.77496e-01
 8.77496e-01
 8.77496e-01
 8.77496e-01
 8.77496e-01
 8.77496e-01
 8.77496e-01
 8.77496e-01
 8.77496e-01
 8.77496e-01
 8.77496e-01
 8.56543e-01
 8.56543e-01
 8.56543e-01
 8.56543e-01
 8.56543e-01
 8.56543e-01
 8.56543e-01
 8.56543e-01
 8.56543e-01
 8.56543e-01
 8.56543e-01
 8.56543e-01
 8.28548e-01
 8.28548e-01
 8.28548e-01
 8.28548e-01
 8.28548e-01
 8.28548e-01
 8.28548e-01
 8.28548e-01
 8.28548e-01
 8.28548e-01
 8.28548e-01
 8.28548e-01
 7.92167e-01
 7.92167e-01
 7.92167e-01
 7.92167e-01
 7.92167e-01
 7.92167e-01
 7.92167e-01
 7.92167e-01
 7.92167e-01
 7.92167e-01
 7.92167e-01
 7.92167e-01
 7.46222e-01
 7.46222e-01
 7.46222e-01
 7.46222e-01
 7.46222e-01
 7.46222e-01
 7.46222e-01
 7.46222e-01
 7.46222e-01
 7.46222e-01
 7.46222e-01
 7.46222e-01
 6.89885e-01
 6.89885e-01
 6.89885e-01
 6.89885e-01
 6.89885e-01
 6.89885e-01
 6.89885e-01
 6.89885e-01
 6.89885e-01
 6.89885e-01
 6.89885e-01
 6.89885e-01
 6.22945e-01
 6.22945e-01
 6.22945e-01
 6.22945e-01
 6.22945e-01
 6.22945e-01
 6.22945e-01
 6.22945e-01
 6.22945e-01
 6.22945e-01
 6.22945e-01
 6.22945e-01
 5.46126e-01
 5.46126e-01
 5.46126e-01
 5.46126e-01
 5.46126e-01
 5.46126e-01
 5.46126e-01
 5.46126e-01
 5.46126e-01
 5.46126e-01
 5.46126e-01
 5.46126e-01
 4.61450e-01
 4.61450e-01
 4.61450e-01
 4.61450e-01
 4.61450e-01
 4.61450e-01
 4.61450e-01
 4.61450e-01
 4.61450e-01
 4.61450e-01
 4.61450e-01
 4.61450e-01
 3.72487e-01
 3.72487e-01
 3.72487e-01
 3.72487e-01
 3.72487e-01
 3.72487e-01
 3.72487e-01
 3.72487e-01
 3.72487e-01
 3.72487e-01
 3.72487e-01
 3.72487e-01
 2.84324e-01
 2.84324e-01
 2.84324e-01
 2.84324e-01
 2.84324e-01
 2.84324e-01
 2.84324e-01
 2.84324e-01
 2.84324e-01
 2.84324e-01
 2.84324e-01
 2.84324e-01
 2.02973e-01
 2.02973e-01
 2.02973e-01
 2.02973e-01
 2.02973e-01
 2.02973e-01
 2.02973e-01
 2.02973e-01
 2.02973e-01
 2.02973e-01
 2.02973e-01
 2.02973e-01
 1.34130e-01
 1.34130e-01
 1.34130e-01
 1.34130e-01
 1.34130e-01
 1.34130e-01
 1.34130e-01
 1.34130e-01
 1.34130e-01
 1.34130e-01
 1.34130e-01
 1.34130e-01
 8.15273e-02
 8.15273e-02
 8.15273e-02
 8.15273e-02
 8.15273e-02
 8.15273e-02
 8.15273e-02
 8.15273e-02
 8.15273e-02
 8.15273e-02
 8.15273e-02
 8.15273e-02
 4.56597e-02
 4.56597e-02
 4.56597e-02
 4.56597e-02
 4.56597e-02
 4.56597e-02
 4.56597e-02
 4.56597e-02
 4.56597e-02
 4.56597e-02
 4.56597e-02
 4.56597e-02
 2.38458e-02
 2.38458e-02
 2.38458e-02
 2.38458e-02
 2.38458e-02
 2.38458e-02
 2.38458e-02
 2.38458e-02
 2.38458e-02
 2.38458e-02
 2.38458e-02
 2.38458e-02
 1.18275e-02
 1.18275e-02
 1.18275e-02
 1.18275e-02
 1.18275e-02
 1.18275e-02
 1.18275e-02
 1.18275e-02
 1.18275e-02
 1.18275e-02
 1.18275e-02
 1.18275e-02
 5.66857e-03
 5.66857e-03
 5.66857e-03
 5.66857e-03
 5.66857e-03
 5.66857e-03
 5.66857e-03
 5.66857e-03
 5.66857e-03
 5.66857e-03
 5.66857e-03
 5.66857e-03
 2.65522e-03
 2.65522e-03
 2.65522e-03
 2.65522e-03
 2.65522e-03
 2.65522e-03
 2.65522e-03
 2.65522e-03
 2.65522e-03
 2.65522e-03
 2.65522e-03
 2.65522e-03
 1.21905e-03
 1.21905e-03
 1.21905e-03
 1.21905e-03
 1.21905e-03
 1.21905e-03
 1.21905e-03
 1.21905e-03
 1.21905e-03
 1.21905e-03
 1.21905e-03
 1.21905e-03
 5.39003e-04
 5.39003e-04
 5.39003e-04
 5.39003e-04
 5.39003e-04
 5.39003e-04
 5.39003e-04
 5.39003e-04
 5.39003e-04
 5.39003e-04
 5.39003e-04
 5.39003e-04
 2.03307e-04
 2.03307e-04
 2.03307e-04
 2.03307e-04
 2.03307e-04
 2.03307e-04
 2.03307e-04
 2.03307e-04
 2.03307e-04
 2.03307e-04
 2.03307e-04
 2.03307e-04
 0.00000e+00
 0.00000e+00
 0.00000e+00
 0.00000e+00
 0.00000e+00
 0.00000e+00
 0.00000e+00
 0.00000e+00
 0.00000e+00
 0.00000e+00
 0.00000e+00
 0.00000e+00
