Density
part
         1
hexa8
 1.00000e+00
 1.00000e+00
 1.00000e+00
 1.00000e+00
 1.00000e+00
 1.00000e+00
 1.00000e+00
 1.00000e+00
 1.00000e+00
 1.00000e+00
 1.00000e+00
 1.00000e+00
 1.00000e+00
 1.00000e+00
 1.00000e+00
 1.00000e+00
 1.00000e+00
 1.00000e+00
 9.99997e-01
 9.99986e-01
 9.99936e-01
 9.99736e-01
 9.99048e-01
 9.97037e-01
 9.92126e-01
 9.82316e-01
 9.66356e-01
 9.44771e-01
 9.19342e-01
 8.91819e-01
 8.63351e-01
 8.34591e-01
 8.05950e-01
 7.77664e-01
 7.49823e-01
 7.22431e-01
 6.95447e-01
 6.69012e-01
 6.44163e-01
 6.20588e-01
 5.97695e-01
 5.75925e-01
 5.55704e-01
 5.35438e-01
 5.16104e-01
 4.98254e-01
 4.81120e-01
 4.65574e-01
 4.49485e-01
 4.37867e-01
 1.00000e+00
 1.00000e+00
 1.00000e+00
 1.00000e+00
 1.00000e+00
 1.00000e+00
 1.00000e+00
 1.00000e+00
 1.00000e+00
 1.00000e+00
 1.00000e+00
 1.00000e+00
 1.00000e+00
 1.00000e+00
 1.00000e+00
 1.00000e+00
 1.00000e+00
 1.00000e+00
 9.99997e-01
 9.99986e-01
 9.99936e-01
 9.99736e-01
 9.99048e-01
 9.97037e-01
 9.92126e-01
 9.82316e-01
 9.66356e-01
 9.44771e-01
 9.19342e-01
 8.91819e-01
 8.63351e-01
 8.34591e-01
 8.05950e-01
 7.77664e-01
 7.49823e-01
 7.22431e-01
 6.95447e-01
 6.69012e-01
 6.44163e-01
 6.20588e-01
 5.97695e-01
 5.75925e-01
 5.55704e-01
 5.35438e-01
 5.16104e-01
 4.98254e-01
 4.81120e-01
 4.65574e-01
 4.49485e-01
 4.37867e-01
 1.00000e+00
 1.00000e+00
 1.00000e+00
 1.00000e+00
 1.00000e+00
 1.00000e+00
 1.00000e+00
 1.00000e+00
 1.00000e+00
 1.00000e+00
 1.00000e+00
 1.00000e+00
 1.00000e+00
 1.00000e+00
 1.00000e+00
 1.00000e+00
 1.00000e+00
 1.00000e+00
 9.99997e-01
 9.99986e-01
 9.99936e-01
 9.99736e-01
 9.99048e-01
 9.97037e-01
 9.92126e-01
 9.82316e-01
 9.66356e-01
 9.44771e-01
 9.19342e-01
 8.91819e-01
 8.63351e-01
 8.34591e-01
 8.05950e-01
 7.77664e-01
 7.49823e-01
 7.22431e-01
 6.95447e-01
 6.69012e-01
 6.44163e-01
 6.20588e-01
 5.97695e-01
 5.75925e-01
 5.55704e-01
 5.35438e-01
 5.16104e-01
 4.98254e-01
 4.81120e-01
 4.65574e-01
 4.49485e-01
 4.37867e-01
 1.00000e+00
 1.00000e+00
 1.00000e+00
 1.00000e+00
 1.00000e+00
 1.00000e+00
 1.00000e+00
 1.00000e+00
 1.00000e+00
 1.00000e+00
 1.00000e+00
 1.00000e+00
 1.00000e+00
 1.00000e+00
 1.00000e+00
 1.00000e+00
 1.00000e+00
 1.00000e+00
 9.99997e-01
 9.99986e-01
 9.99936e-01
 9.99736e-01
 9.99048e-01
 9.97037e-01
 9.92126e-01
 9.82316e-01
 9.66356e-01
 9.44771e-01
 9.19342e-01
 8.91819e-01
 8.63351e-01
 8.34591e-01
 8.05950e-01
 7.77664e-01
 7.49823e-01
 7.22431e-01
 6.95447e-01
 6.69012e-01
 6.44163e-01
 6.20588e-01
 5.97695e-01
 5.75925e-01
 5.55704e-01
 5.35438e-01
 5.16104e-01
 4.98254e-01
 4.81120e-01
 4.65574e-01
 4.49485e-01
 4.37867e-01
 1.00000e+00
 1.00000e+00
 1.00000e+00
 1.00000e+00
 1.00000e+00
 1.00000e+00
 1.00000e+00
 1.00000e+00
 1.00000e+00
 1.00000e+00
 1.00000e+00
 1.00000e+00
 1.00000e+00
 1.00000e+00
 1.00000e+00
 1.00000e+00
 1.00000e+00
 1.00000e+00
 9.99997e-01
 9.99986e-01
 9.99936e-01
 9.99736e-01
 9.99048e-01
 9.97037e-01
 9.92126e-01
 9.82316e-01
 9.66356e-01
 9.44771e-01
 9.19342e-01
 8.91819e-01
 8.63351e-01
 8.34591e-01
 8.05950e-01
 7.77664e-01
 7.49823e-01
 7.22431e-01
 6.95447e-01
 6.69012e-01
 6.44163e-01
 6.20588e-01
 5.97695e-01
 5.75925e-01
 5.55704e-01
 5.35438e-01
 5.16104e-01
 4.98254e-01
 4.81120e-01
 4.65574e-01
 4.49485e-01
 4.37867e-01
 1.00000e+00
 1.00000e+00
 1.00000e+00
 1.00000e+00
 1.00000e+00
 1.00000e+00
 1.00000e+00
 1.00000e+00
 1.00000e+00
 1.00000e+00
 1.00000e+00
 1.00000e+00
 1.00000e+00
 1.00000e+00
 1.00000e+00
 1.00000e+00
 1.00000e+00
 1.00000e+00
 9.99997e-01
 9.99986e-01
 9.99936e-01
 9.99736e-01
 9.99048e-01
 9.97037e-01
 9.92126e-01
 9.82316e-01
 9.66356e-01
 9.44771e-01
 9.19342e-01
 8.91819e-01
 8.63351e-01
 8.34591e-01
 8.05950e-01
 7.77664e-01
 7.49823e-01
 7.22431e-01
 6.95447e-01
 6.69012e-01
 6.44163e-01
 6.20588e-01
 5.97695e-01
 5.75925e-01
 5.55704e-01
 5.35438e-01
 5.16104e-01
 4.98254e-01
 4.81120e-01
 4.65574e-01
 4.49485e-01
 4.37867e-01
 1.00000e+00
 1.00000e+00
 1.00000e+00
 1.00000e+00
 1.00000e+00
 1.00000e+00
 1.00000e+00
 1.00000e+00
 1.00000e+00
 1.00000e+00
 1.00000e+00
 1.00000e+00
 1.00000e+00
 1.00000e+00
 1.00000e+00
 1.00000e+00
 1.00000e+00
 1.00000e+00
 9.99997e-01
 9.99986e-01
 9.99936e-01
 9.99736e-01
 9.99048e-01
 9.97037e-01
 9.92126e-01
 9.82316e-01
 9.66356e-01
 9.44771e-01
 9.19342e-01
 8.91819e-01
 8.63351e-01
 8.34591e-01
 8.05950e-01
 7.77664e-01
 7.49823e-01
 7.22431e-01
 6.95447e-01
 6.69012e-01
 6.44163e-01
 6.20588e-01
 5.97695e-01
 5.75925e-01
 5.55704e-01
 5.35438e-01
 5.16104e-01
 4.98254e-01
 4.81120e-01
 4.65574e-01
 4.49485e-01
 4.37867e-01
 1.00000e+00
 1.00000e+00
 1.00000e+00
 1.00000e+00
 1.00000e+00
 1.00000e+00
 1.00000e+00
 1.00000e+00
 1.00000e+00
 1.00000e+00
 1.00000e+00
 1.00000e+00
 1.00000e+00
 1.00000e+00
 1.00000e+00
 1.00000e+00
 1.00000e+00
 1.00000e+00
 9.99997e-01
 9.99986e-01
 9.99936e-01
 9.99736e-01
 9.99048e-01
 9.97037e-01
 9.92126e-01
 9.82316e-01
 9.66356e-01
 9.44771e-01
 9.19342e-01
 8.91819e-01
 8.63351e-01
 8.34591e-01
 8.05950e-01
 7.77664e-01
 7.49823e-01
 7.22431e-01
 6.95447e-01
 6.69012e-01
 6.44163e-01
 6.20588e-01
 5.97695e-01
 5.75925e-01
 5.55704e-01
 5.35438e-01
 5.16104e-01
 4.98254e-01
 4.81120e-01
 4.65574e-01
 4.49485e-01
 4.37867e-01
 1.00000e+00
 1.00000e+00
 1.00000e+00
 1.00000e+00
 1.00000e+00
 1.00000e+00
 1.00000e+00
 1.00000e+00
 1.00000e+00
 1.00000e+00
 1.00000e+00
 1.00000e+00
 1.00000e+00
 1.00000e+00
 1.00000e+00
 1.00000e+00
 1.00000e+00
 1.00000e+00
 9.99997e-01
 9.99986e-01
 9.99936e-01
 9.99736e-01
 9.99048e-01
 9.97037e-01
 9.92126e-01
 9.82316e-01
 9.66356e-01
 9.44771e-01
 9.19342e-01
 8.91819e-01
 8.63351e-01
 8.34591e-01
 8.05950e-01
 7.77664e-01
 7.49823e-01
 7.22431e-01
 6.95447e-01
 6.69012e-01
 6.44163e-01
 6.20588e-01
 5.97695e-01
 5.75925e-01
 5.55704e-01
 5.35438e-01
 5.16104e-01
 4.98254e-01
 4.81120e-01
 4.65574e-01
 4.49485e-01
 4.37867e-01
 1.00000e+00
 1.00000e+00
 1.00000e+00
 1.00000e+00
 1.00000e+00
 1.00000e+00
 1.00000e+00
 1.00000e+00
 1.00000e+00
 1.00000e+00
 1.00000e+00
 1.00000e+00
 1.00000e+00
 1.00000e+00
 1.00000e+00
 1.00000e+00
 1.00000e+00
 1.00000e+00
 9.99997e-01
 9.99986e-01
 9.99936e-01
 9.99736e-01
 9.99048e-01
 9.97037e-01
 9.92126e-01
 9.82316e-01
 9.66356e-01
 9.44771e-01
 9.19342e-01
 8.91819e-01
 8.63351e-01
 8.34591e-01
 8.05950e-01
 7.77664e-01
 7.49823e-01
 7.22431e-01
 6.95447e-01
 6.69012e-01
 6.44163e-01
 6.20588e-01
 5.97695e-01
 5.75925e-01
 5.55704e-01
 5.35438e-01
 5.16104e-01
 4.98254e-01
 4.81120e-01
 4.65574e-01
 4.49485e-01
 4.37867e-01
part
         2
hexa8
 4.33689e-01
 4.30221e-01
 4.24968e-01
 4.23211e-01
 4.23279e-01
 4.23830e-01
 4.25266e-01
 4.26010e-01
 4.25851e-01
 4.24895e-01
 4.24195e-01
 4.24415e-01
 4.24887e-01
 4.25374e-01
 4.24616e-01
 4.19803e-01
 4.06198e-01
 3.77121e-01
 3.24838e-01
 2.83509e-01
 2.68527e-01
 2.63486e-01
 2.62343e-01
 2.62611e-01
 2.63289e-01
 2.63916e-01
 2.64368e-01
 2.64629e-01
 2.64641e-01
 2.64168e-01
 2.62346e-01
 2.58103e-01
 2.50028e-01
 2.35570e-01
 2.13053e-01
 1.86125e-01
 1.61997e-01
 1.44135e-01
 1.33075e-01
 1.27717e-01
 1.25771e-01
 1.25202e-01
 1.25051e-01
 1.25013e-01
 1.25003e-01
 1.25001e-01
 1.25000e-01
 1.25000e-01
 1.25000e-01
 1.25000e-01
 4.33689e-01
 4.30221e-01
 4.24968e-01
 4.23211e-01
 4.23279e-01
 4.23830e-01
 4.25266e-01
 4.26010e-01
 4.25851e-01
 4.24895e-01
 4.24195e-01
 4.24415e-01
 4.24887e-01
 4.25374e-01
 4.24616e-01
 4.19803e-01
 4.06198e-01
 3.77121e-01
 3.24838e-01
 2.83509e-01
 2.68527e-01
 2.63486e-01
 2.62343e-01
 2.62611e-01
 2.63289e-01
 2.63916e-01
 2.64368e-01
 2.64629e-01
 2.64641e-01
 2.64168e-01
 2.62346e-01
 2.58103e-01
 2.50028e-01
 2.35570e-01
 2.13053e-01
 1.86125e-01
 1.61997e-01
 1.44135e-01
 1.33075e-01
 1.27717e-01
 1.25771e-01
 1.25202e-01
 1.25051e-01
 1.25013e-01
 1.25003e-01
 1.25001e-01
 1.25000e-01
 1.25000e-01
 1.25000e-01
 1.25000e-01
 4.33689e-01
 4.30221e-01
 4.24968e-01
 4.23211e-01
 4.23279e-01
 4.23830e-01
 4.25266e-01
 4.26010e-01
 4.25851e-01
 4.24895e-01
 4.24195e-01
 4.24415e-01
 4.24887e-01
 4.25374e-01
 4.24616e-01
 4.19803e-01
 4.06198e-01
 3.77121e-01
 3.24838e-01
 2.83509e-01
 2.68527e-01
 2.63486e-01
 2.62343e-01
 2.62611e-01
 2.63289e-01
 2.63916e-01
 2.64368e-01
 2.64629e-01
 2.64641e-01
 2.64168e-01
 2.62346e-01
 2.58103e-01
 2.50028e-01
 2.35570e-01
 2.13053e-01
 1.86125e-01
 1.61997e-01
 1.44135e-01
 1.33075e-01
 1.27717e-01
 1.25771e-01
 1.25202e-01
 1.25051e-01
 1.25013e-01
 1.25003e-01
 1.25001e-01
 1.25000e-01
 1.25000e-01
 1.25000e-01
 1.25000e-01
 4.33689e-01
 4.30221e-01
 4.24968e-01
 4.23211e-01
 4.23279e-01
 4.23830e-01
 4.25266e-01
 4.26010e-01
 4.25851e-01
 4.24895e-01
 4.24195e-01
 4.24415e-01
 4.24887e-01
 4.25374e-01
 4.24616e-01
 4.19803e-01
 4.06198e-01
 3.77121e-01
 3.24838e-01
 2.83509e-01
 2.68527e-01
 2.63486e-01
 2.62343e-01
 2.62611e-01
 2.63289e-01
 2.63916e-01
 2.64368e-01
 2.64629e-01
 2.64641e-01
 2.64168e-01
 2.62346e-01
 2.58103e-01
 2.50028e-01
 2.35570e-01
 2.13053e-01
 1.86125e-01
 1.61997e-01
 1.44135e-01
 1.33075e-01
 1.27717e-01
 1.25771e-01
 1.25202e-01
 1.25051e-01
 1.25013e-01
 1.25003e-01
 1.25001e-01
 1.25000e-01
 1.25000e-01
 1.25000e-01
 1.25000e-01
 4.33689e-01
 4.30221e-01
 4.24968e-01
 4.23211e-01
 4.23279e-01
 4.23830e-01
 4.25266e-01
 4.26010e-01
 4.25851e-01
 4.24895e-01
 4.24195e-01
 4.24415e-01
 4.24887e-01
 4.25374e-01
 4.24616e-01
 4.19803e-01
 4.06198e-01
 3.77121e-01
 3.24838e-01
 2.83509e-01
 2.68527e-01
 2.63486e-01
 2.62343e-01
 2.62611e-01
 2.63289e-01
 2.63916e-01
 2.64368e-01
 2.64629e-01
 2.64641e-01
 2.64168e-01
 2.62346e-01
 2.58103e-01
 2.50028e-01
 2.35570e-01
 2.13053e-01
 1.86125e-01
 1.61997e-01
 1.44135e-01
 1.33075e-01
 1.27717e-01
 1.25771e-01
 1.25202e-01
 1.25051e-01
 1.25013e-01
 1.25003e-01
 1.25001e-01
 1.25000e-01
 1.25000e-01
 1.25000e-01
 1.25000e-01
 4.33689e-01
 4.30221e-01
 4.24968e-01
 4.23211e-01
 4.23279e-01
 4.23830e-01
 4.25266e-01
 4.26010e-01
 4.25851e-01
 4.24895e-01
 4.24195e-01
 4.24415e-01
 4.24887e-01
 4.25374e-01
 4.24616e-01
 4.19803e-01
 4.06198e-01
 3.77121e-01
 3.24838e-01
 2.83509e-01
 2.68527e-01
 2.63486e-01
 2.62343e-01
 2.62611e-01
 2.63289e-01
 2.63916e-01
 2.64368e-01
 2.64629e-01
 2.64641e-01
 2.64168e-01
 2.62346e-01
 2.58103e-01
 2.50028e-01
 2.35570e-01
 2.13053e-01
 1.86125e-01
 1.61997e-01
 1.44135e-01
 1.33075e-01
 1.27717e-01
 1.25771e-01
 1.25202e-01
 1.25051e-01
 1.25013e-01
 1.25003e-01
 1.25001e-01
 1.25000e-01
 1.25000e-01
 1.25000e-01
 1.25000e-01
 4.33689e-01
 4.30221e-01
 4.24968e-01
 4.23211e-01
 4.23279e-01
 4.23830e-01
 4.25266e-01
 4.26010e-01
 4.25851e-01
 4.24895e-01
 4.24195e-01
 4.24415e-01
 4.24887e-01
 4.25374e-01
 4.24616e-01
 4.19803e-01
 4.06198e-01
 3.77121e-01
 3.24838e-01
 2.83509e-01
 2.68527e-01
 2.63486e-01
 2.62343e-01
 2.62611e-01
 2.63289e-01
 2.63916e-01
 2.64368e-01
 2.64629e-01
 2.64641e-01
 2.64168e-01
 2.62346e-01
 2.58103e-01
 2.50028e-01
 2.35570e-01
 2.13053e-01
 1.86125e-01
 1.61997e-01
 1.44135e-01
 1.33075e-01
 1.27717e-01
 1.25771e-01
 1.25202e-01
 1.25051e-01
 1.25013e-01
 1.25003e-01
 1.25001e-01
 1.25000e-01
 1.25000e-01
 1.25000e-01
 1.25000e-01
 4.33689e-01
 4.30221e-01
 4.24968e-01
 4.23211e-01
 4.23279e-01
 4.23830e-01
 4.25266e-01
 4.26010e-01
 4.25851e-01
 4.24895e-01
 4.24195e-01
 4.24415e-01
 4.24887e-01
 4.25374e-01
 4.24616e-01
 4.19803e-01
 4.06198e-01
 3.77121e-01
 3.24838e-01
 2.83509e-01
 2.68527e-01
 2.63486e-01
 2.62343e-01
 2.62611e-01
 2.63289e-01
 2.63916e-01
 2.64368e-01
 2.64629e-01
 2.64641e-01
 2.64168e-01
 2.62346e-01
 2.58103e-01
 2.50028e-01
 2.35570e-01
 2.13053e-01
 1.86125e-01
 1.61997e-01
 1.44135e-01
 1.33075e-01
 1.27717e-01
 1.25771e-01
 1.25202e-01
 1.25051e-01
 1.25013e-01
 1.25003e-01
 1.25001e-01
 1.25000e-01
 1.25000e-01
 1.25000e-01
 1.25000e-01
 4.33689e-01
 4.30221e-01
 4.24968e-01
 4.23211e-01
 4.23279e-01
 4.23830e-01
 4.25266e-01
 4.26010e-01
 4.25851e-01
 4.24895e-01
 4.24195e-01
 4.24415e-01
 4.24887e-01
 4.25374e-01
 4.24616e-01
 4.19803e-01
 4.06198e-01
 3.77121e-01
 3.24838e-01
 2.83509e-01
 2.68527e-01
 2.63486e-01
 2.62343e-01
 2.62611e-01
 2.63289e-01
 2.63916e-01
 2.64368e-01
 2.64629e-01
 2.64641e-01
 2.64168e-01
 2.62346e-01
 2.58103e-01
 2.50028e-01
 2.35570e-01
 2.13053e-01
 1.86125e-01
 1.61997e-01
 1.44135e-01
 1.33075e-01
 1.27717e-01
 1.25771e-01
 1.25202e-01
 1.25051e-01
 1.25013e-01
 1.25003e-01
 1.25001e-01
 1.25000e-01
 1.25000e-01
 1.25000e-01
 1.25000e-01
 4.33689e-01
 4.30221e-01
 4.24968e-01
 4.23211e-01
 4.23279e-01
 4.23830e-01
 4.25266e-01
 4.26010e-01
 4.25851e-01
 4.24895e-01
 4.24195e-01
 4.24415e-01
 4.24887e-01
 4.25374e-01
 4.24616e-01
 4.19803e-01
 4.06198e-01
 3.77121e-01
 3.24838e-01
 2.83509e-01
 2.68527e-01
 2.63486e-01
 2.62343e-01
 2.62611e-01
 2.63289e-01
 2.63916e-01
 2.64368e-01
 2.64629e-01
 2.64641e-01
 2.64168e-01
 2.62346e-01
 2.58103e-01
 2.50028e-01
 2.35570e-01
 2.13053e-01
 1.86125e-01
 1.61997e-01
 1.44135e-01
 1.33075e-01
 1.27717e-01
 1.25771e-01
 1.25202e-01
 1.25051e-01
 1.25013e-01
 1.25003e-01
 1.25001e-01
 1.25000e-01
 1.25000e-01
 1.25000e-01
 1.25000e-01
part
         3
hexa8
 1.00000e+00
 1.00000e+00
 1.00000e+00
 1.00000e+00
 1.00000e+00
 1.00000e+00
 1.00000e+00
 1.00000e+00
 1.00000e+00
 1.00000e+00
 1.00000e+00
 1.00000e+00
 1.00000e+00
 1.00000e+00
 1.00000e+00
 1.00000e+00
 1.00000e+00
 1.00000e+00
 9.99997e-01
 9.99986e-01
 9.99936e-01
 9.99736e-01
 9.99048e-01
 9.97037e-01
 9.92126e-01
 9.82316e-01
 9.66356e-01
 9.44771e-01
 9.19342e-01
 8.91819e-01
 8.63351e-01
 8.34591e-01
 8.05950e-01
 7.77664e-01
 7.49823e-01
 7.22431e-01
 6.95447e-01
 6.69012e-01
 6.44163e-01
 6.20588e-01
 5.97695e-01
 5.75925e-01
 5.55704e-01
 5.35438e-01
 5.16104e-01
 4.98254e-01
 4.81120e-01
 4.65574e-01
 4.49485e-01
 4.37867e-01
 1.00000e+00
 1.00000e+00
 1.00000e+00
 1.00000e+00
 1.00000e+00
 1.00000e+00
 1.00000e+00
 1.00000e+00
 1.00000e+00
 1.00000e+00
 1.00000e+00
 1.00000e+00
 1.00000e+00
 1.00000e+00
 1.00000e+00
 1.00000e+00
 1.00000e+00
 1.00000e+00
 9.99997e-01
 9.99986e-01
 9.99936e-01
 9.99736e-01
 9.99048e-01
 9.97037e-01
 9.92126e-01
 9.82316e-01
 9.66356e-01
 9.44771e-01
 9.19342e-01
 8.91819e-01
 8.63351e-01
 8.34591e-01
 8.05950e-01
 7.77664e-01
 7.49823e-01
 7.22431e-01
 6.95447e-01
 6.69012e-01
 6.44163e-01
 6.20588e-01
 5.97695e-01
 5.75925e-01
 5.55704e-01
 5.35438e-01
 5.16104e-01
 4.98254e-01
 4.81120e-01
 4.65574e-01
 4.49485e-01
 4.37867e-01
 1.00000e+00
 1.00000e+00
 1.00000e+00
 1.00000e+00
 1.00000e+00
 1.00000e+00
 1.00000e+00
 1.00000e+00
 1.00000e+00
 1.00000e+00
 1.00000e+00
 1.00000e+00
 1.00000e+00
 1.00000e+00
 1.00000e+00
 1.00000e+00
 1.00000e+00
 1.00000e+00
 9.99997e-01
 9.99986e-01
 9.99936e-01
 9.99736e-01
 9.99048e-01
 9.97037e-01
 9.92126e-01
 9.82316e-01
 9.66356e-01
 9.44771e-01
 9.19342e-01
 8.91819e-01
 8.63351e-01
 8.34591e-01
 8.05950e-01
 7.77664e-01
 7.49823e-01
 7.22431e-01
 6.95447e-01
 6.69012e-01
 6.44163e-01
 6.20588e-01
 5.97695e-01
 5.75925e-01
 5.55704e-01
 5.35438e-01
 5.16104e-01
 4.98254e-01
 4.81120e-01
 4.65574e-01
 4.49485e-01
 4.37867e-01
 1.00000e+00
 1.00000e+00
 1.00000e+00
 1.00000e+00
 1.00000e+00
 1.00000e+00
 1.00000e+00
 1.00000e+00
 1.00000e+00
 1.00000e+00
 1.00000e+00
 1.00000e+00
 1.00000e+00
 1.00000e+00
 1.00000e+00
 1.00000e+00
 1.00000e+00
 1.00000e+00
 9.99997e-01
 9.99986e-01
 9.99936e-01
 9.99736e-01
 9.99048e-01
 9.97037e-01
 9.92126e-01
 9.82316e-01
 9.66356e-01
 9.44771e-01
 9.19342e-01
 8.91819e-01
 8.63351e-01
 8.34591e-01
 8.05950e-01
 7.77664e-01
 7.49823e-01
 7.22431e-01
 6.95447e-01
 6.69012e-01
 6.44163e-01
 6.20588e-01
 5.97695e-01
 5.75925e-01
 5.55704e-01
 5.35438e-01
 5.16104e-01
 4.98254e-01
 4.81120e-01
 4.65574e-01
 4.49485e-01
 4.37867e-01
 1.00000e+00
 1.00000e+00
 1.00000e+00
 1.00000e+00
 1.00000e+00
 1.00000e+00
 1.00000e+00
 1.00000e+00
 1.00000e+00
 1.00000e+00
 1.00000e+00
 1.00000e+00
 1.00000e+00
 1.00000e+00
 1.00000e+00
 1.00000e+00
 1.00000e+00
 1.00000e+00
 9.99997e-01
 9.99986e-01
 9.99936e-01
 9.99736e-01
 9.99048e-01
 9.97037e-01
 9.92126e-01
 9.82316e-01
 9.66356e-01
 9.44771e-01
 9.19342e-01
 8.91819e-01
 8.63351e-01
 8.34591e-01
 8.05950e-01
 7.77664e-01
 7.49823e-01
 7.22431e-01
 6.95447e-01
 6.69012e-01
 6.44163e-01
 6.20588e-01
 5.97695e-01
 5.75925e-01
 5.55704e-01
 5.35438e-01
 5.16104e-01
 4.98254e-01
 4.81120e-01
 4.65574e-01
 4.49485e-01
 4.37867e-01
 1.00000e+00
 1.00000e+00
 1.00000e+00
 1.00000e+00
 1.00000e+00
 1.00000e+00
 1.00000e+00
 1.00000e+00
 1.00000e+00
 1.00000e+00
 1.00000e+00
 1.00000e+00
 1.00000e+00
 1.00000e+00
 1.00000e+00
 1.00000e+00
 1.00000e+00
 1.00000e+00
 9.99997e-01
 9.99986e-01
 9.99936e-01
 9.99736e-01
 9.99048e-01
 9.97037e-01
 9.92126e-01
 9.82316e-01
 9.66356e-01
 9.44771e-01
 9.19342e-01
 8.91819e-01
 8.63351e-01
 8.34591e-01
 8.05950e-01
 7.77664e-01
 7.49823e-01
 7.22431e-01
 6.95447e-01
 6.69012e-01
 6.44163e-01
 6.20588e-01
 5.97695e-01
 5.75925e-01
 5.55704e-01
 5.35438e-01
 5.16104e-01
 4.98254e-01
 4.81120e-01
 4.65574e-01
 4.49485e-01
 4.37867e-01
 1.00000e+00
 1.00000e+00
 1.00000e+00
 1.00000e+00
 1.00000e+00
 1.00000e+00
 1.00000e+00
 1.00000e+00
 1.00000e+00
 1.00000e+00
 1.00000e+00
 1.00000e+00
 1.00000e+00
 1.00000e+00
 1.00000e+00
 1.00000e+00
 1.00000e+00
 1.00000e+00
 9.99997e-01
 9.99986e-01
 9.99936e-01
 9.99736e-01
 9.99048e-01
 9.97037e-01
 9.92126e-01
 9.82316e-01
 9.66356e-01
 9.44771e-01
 9.19342e-01
 8.91819e-01
 8.63351e-01
 8.34591e-01
 8.05950e-01
 7.77664e-01
 7.49823e-01
 7.22431e-01
 6.95447e-01
 6.69012e-01
 6.44163e-01
 6.20588e-01
 5.97695e-01
 5.75925e-01
 5.55704e-01
 5.35438e-01
 5.16104e-01
 4.98254e-01
 4.81120e-01
 4.65574e-01
 4.49485e-01
 4.37867e-01
 1.00000e+00
 1.00000e+00
 1.00000e+00
 1.00000e+00
 1.00000e+00
 1.00000e+00
 1.00000e+00
 1.00000e+00
 1.00000e+00
 1.00000e+00
 1.00000e+00
 1.00000e+00
 1.00000e+00
 1.00000e+00
 1.00000e+00
 1.00000e+00
 1.00000e+00
 1.00000e+00
 9.99997e-01
 9.99986e-01
 9.99936e-01
 9.99736e-01
 9.99048e-01
 9.97037e-01
 9.92126e-01
 9.82316e-01
 9.66356e-01
 9.44771e-01
 9.19342e-01
 8.91819e-01
 8.63351e-01
 8.34591e-01
 8.05950e-01
 7.77664e-01
 7.49823e-01
 7.22431e-01
 6.95447e-01
 6.69012e-01
 6.44163e-01
 6.20588e-01
 5.97695e-01
 5.75925e-01
 5.55704e-01
 5.35438e-01
 5.16104e-01
 4.98254e-01
 4.81120e-01
 4.65574e-01
 4.49485e-01
 4.37867e-01
 1.00000e+00
 1.00000e+00
 1.00000e+00
 1.00000e+00
 1.00000e+00
 1.00000e+00
 1.00000e+00
 1.00000e+00
 1.00000e+00
 1.00000e+00
 1.00000e+00
 1.00000e+00
 1.00000e+00
 1.00000e+00
 1.00000e+00
 1.00000e+00
 1.00000e+00
 1.00000e+00
 9.99997e-01
 9.99986e-01
 9.99936e-01
 9.99736e-01
 9.99048e-01
 9.97037e-01
 9.92126e-01
 9.82316e-01
 9.66356e-01
 9.44771e-01
 9.19342e-01
 8.91819e-01
 8.63351e-01
 8.34591e-01
 8.05950e-01
 7.77664e-01
 7.49823e-01
 7.22431e-01
 6.95447e-01
 6.69012e-01
 6.44163e-01
 6.20588e-01
 5.97695e-01
 5.75925e-01
 5.55704e-01
 5.35438e-01
 5.16104e-01
 4.98254e-01
 4.81120e-01
 4.65574e-01
 4.49485e-01
 4.37867e-01
 1.00000e+00
 1.00000e+00
 1.00000e+00
 1.00000e+00
 1.00000e+00
 1.00000e+00
 1.00000e+00
 1.00000e+00
 1.00000e+00
 1.00000e+00
 1.00000e+00
 1.00000e+00
 1.00000e+00
 1.00000e+00
 1.00000e+00
 1.00000e+00
 1.00000e+00
 1.00000e+00
 9.99997e-01
 9.99986e-01
 9.99936e-01
 9.99736e-01
 9.99048e-01
 9.97037e-01
 9.92126e-01
 9.82316e-01
 9.66356e-01
 9.44771e-01
 9.19342e-01
 8.91819e-01
 8.63351e-01
 8.34591e-01
 8.05950e-01
 7.77664e-01
 7.49823e-01
 7.22431e-01
 6.95447e-01
 6.69012e-01
 6.44163e-01
 6.20588e-01
 5.97695e-01
 5.75925e-01
 5.55704e-01
 5.35438e-01
 5.16104e-01
 4.98254e-01
 4.81120e-01
 4.65574e-01
 4.49485e-01
 4.37867e-01
 1.00000e+00
 1.00000e+00
 1.00000e+00
 1.00000e+00
 1.00000e+00
 1.00000e+00
 1.00000e+00
 1.00000e+00
 1.00000e+00
 1.00000e+00
 1.00000e+00
 1.00000e+00
 1.00000e+00
 1.00000e+00
 1.00000e+00
 1.00000e+00
 1.00000e+00
 1.00000e+00
 9.99997e-01
 9.99986e-01
 9.99936e-01
 9.99736e-01
 9.99048e-01
 9.97037e-01
 9.92126e-01
 9.82316e-01
 9.66356e-01
 9.44771e-01
 9.19342e-01
 8.91819e-01
 8.63351e-01
 8.34591e-01
 8.05950e-01
 7.77664e-01
 7.49823e-01
 7.22431e-01
 6.95447e-01
 6.69012e-01
 6.44163e-01
 6.20588e-01
 5.97695e-01
 5.75925e-01
 5.55704e-01
 5.35438e-01
 5.16104e-01
 4.98254e-01
 4.81120e-01
 4.65574e-01
 4.49485e-01
 4.37867e-01
 1.00000e+00
 1.00000e+00
 1.00000e+00
 1.00000e+00
 1.00000e+00
 1.00000e+00
 1.00000e+00
 1.00000e+00
 1.00000e+00
 1.00000e+00
 1.00000e+00
 1.00000e+00
 1.00000e+00
 1.00000e+00
 1.00000e+00
 1.00000e+00
 1.00000e+00
 1.00000e+00
 9.99997e-01
 9.99986e-01
 9.99936e-01
 9.99736e-01
 9.99048e-01
 9.97037e-01
 9.92126e-01
 9.82316e-01
 9.66356e-01
 9.44771e-01
 9.19342e-01
 8.91819e-01
 8.63351e-01
 8.34591e-01
 8.05950e-01
 7.77664e-01
 7.49823e-01
 7.22431e-01
 6.95447e-01
 6.69012e-01
 6.44163e-01
 6.20588e-01
 5.97695e-01
 5.75925e-01
 5.55704e-01
 5.35438e-01
 5.16104e-01
 4.98254e-01
 4.81120e-01
 4.65574e-01
 4.49485e-01
 4.37867e-01
 1.00000e+00
 1.00000e+00
 1.00000e+00
 1.00000e+00
 1.00000e+00
 1.00000e+00
 1.00000e+00
 1.00000e+00
 1.00000e+00
 1.00000e+00
 1.00000e+00
 1.00000e+00
 1.00000e+00
 1.00000e+00
 1.00000e+00
 1.00000e+00
 1.00000e+00
 1.00000e+00
 9.99997e-01
 9.99986e-01
 9.99936e-01
 9.99736e-01
 9.99048e-01
 9.97037e-01
 9.92126e-01
 9.82316e-01
 9.66356e-01
 9.44771e-01
 9.19342e-01
 8.91819e-01
 8.63351e-01
 8.34591e-01
 8.05950e-01
 7.77664e-01
 7.49823e-01
 7.22431e-01
 6.95447e-01
 6.69012e-01
 6.44163e-01
 6.20588e-01
 5.97695e-01
 5.75925e-01
 5.55704e-01
 5.35438e-01
 5.16104e-01
 4.98254e-01
 4.81120e-01
 4.65574e-01
 4.49485e-01
 4.37867e-01
 1.00000e+00
 1.00000e+00
 1.00000e+00
 1.00000e+00
 1.00000e+00
 1.00000e+00
 1.00000e+00
 1.00000e+00
 1.00000e+00
 1.00000e+00
 1.00000e+00
 1.00000e+00
 1.00000e+00
 1.00000e+00
 1.00000e+00
 1.00000e+00
 1.00000e+00
 1.00000e+00
 9.99997e-01
 9.99986e-01
 9.99936e-01
 9.99736e-01
 9.99048e-01
 9.97037e-01
 9.92126e-01
 9.82316e-01
 9.66356e-01
 9.44771e-01
 9.19342e-01
 8.91819e-01
 8.63351e-01
 8.34591e-01
 8.05950e-01
 7.77664e-01
 7.49823e-01
 7.22431e-01
 6.95447e-01
 6.69012e-01
 6.44163e-01
 6.20588e-01
 5.97695e-01
 5.75925e-01
 5.55704e-01
 5.35438e-01
 5.16104e-01
 4.98254e-01
 4.81120e-01
 4.65574e-01
 4.49485e-01
 4.37867e-01
 1.00000e+00
 1.00000e+00
 1.00000e+00
 1.00000e+00
 1.00000e+00
 1.00000e+00
 1.00000e+00
 1.00000e+00
 1.00000e+00
 1.00000e+00
 1.00000e+00
 1.00000e+00
 1.00000e+00
 1.00000e+00
 1.00000e+00
 1.00000e+00
 1.00000e+00
 1.00000e+00
 9.99997e-01
 9.99986e-01
 9.99936e-01
 9.99736e-01
 9.99048e-01
 9.97037e-01
 9.92126e-01
 9.82316e-01
 9.66356e-01
 9.44771e-01
 9.19342e-01
 8.91819e-01
 8.63351e-01
 8.34591e-01
 8.05950e-01
 7.77664e-01
 7.49823e-01
 7.22431e-01
 6.95447e-01
 6.69012e-01
 6.44163e-01
 6.20588e-01
 5.97695e-01
 5.75925e-01
 5.55704e-01
 5.35438e-01
 5.16104e-01
 4.98254e-01
 4.81120e-01
 4.65574e-01
 4.49485e-01
 4.37867e-01
part
         4
hexa8
 4.33689e-01
 4.30221e-01
 4.24968e-01
 4.23211e-01
 4.23279e-01
 4.23830e-01
 4.25266e-01
 4.26010e-01
 4.25851e-01
 4.24895e-01
 4.24195e-01
 4.24415e-01
 4.24887e-01
 4.25374e-01
 4.24616e-01
 4.19803e-01
 4.06198e-01
 3.77121e-01
 3.24838e-01
 2.83509e-01
 2.68527e-01
 2.63486e-01
 2.62343e-01
 2.62611e-01
 2.63289e-01
 2.63916e-01
 2.64368e-01
 2.64629e-01
 2.64641e-01
 2.64168e-01
 2.62346e-01
 2.58103e-01
 2.50028e-01
 2.35570e-01
 2.13053e-01
 1.86125e-01
 1.61997e-01
 1.44135e-01
 1.33075e-01
 1.27717e-01
 1.25771e-01
 1.25202e-01
 1.25051e-01
 1.25013e-01
 1.25003e-01
 1.25001e-01
 1.25000e-01
 1.25000e-01
 1.25000e-01
 1.25000e-01
 4.33689e-01
 4.30221e-01
 4.24968e-01
 4.23211e-01
 4.23279e-01
 4.23830e-01
 4.25266e-01
 4.26010e-01
 4.25851e-01
 4.24895e-01
 4.24195e-01
 4.24415e-01
 4.24887e-01
 4.25374e-01
 4.24616e-01
 4.19803e-01
 4.06198e-01
 3.77121e-01
 3.24838e-01
 2.83509e-01
 2.68527e-01
 2.63486e-01
 2.62343e-01
 2.62611e-01
 2.63289e-01
 2.63916e-01
 2.64368e-01
 2.64629e-01
 2.64641e-01
 2.64168e-01
 2.62346e-01
 2.58103e-01
 2.50028e-01
 2.35570e-01
 2.13053e-01
 1.86125e-01
 1.61997e-01
 1.44135e-01
 1.33075e-01
 1.27717e-01
 1.25771e-01
 1.25202e-01
 1.25051e-01
 1.25013e-01
 1.25003e-01
 1.25001e-01
 1.25000e-01
 1.25000e-01
 1.25000e-01
 1.25000e-01
 4.33689e-01
 4.30221e-01
 4.24968e-01
 4.23211e-01
 4.23279e-01
 4.23830e-01
 4.25266e-01
 4.26010e-01
 4.25851e-01
 4.24895e-01
 4.24195e-01
 4.24415e-01
 4.24887e-01
 4.25374e-01
 4.24616e-01
 4.19803e-01
 4.06198e-01
 3.77121e-01
 3.24838e-01
 2.83509e-01
 2.68527e-01
 2.63486e-01
 2.62343e-01
 2.62611e-01
 2.63289e-01
 2.63916e-01
 2.64368e-01
 2.64629e-01
 2.64641e-01
 2.64168e-01
 2.62346e-01
 2.58103e-01
 2.50028e-01
 2.35570e-01
 2.13053e-01
 1.86125e-01
 1.61997e-01
 1.44135e-01
 1.33075e-01
 1.27717e-01
 1.25771e-01
 1.25202e-01
 1.25051e-01
 1.25013e-01
 1.25003e-01
 1.25001e-01
 1.25000e-01
 1.25000e-01
 1.25000e-01
 1.25000e-01
 4.33689e-01
 4.30221e-01
 4.24968e-01
 4.23211e-01
 4.23279e-01
 4.23830e-01
 4.25266e-01
 4.26010e-01
 4.25851e-01
 4.24895e-01
 4.24195e-01
 4.24415e-01
 4.24887e-01
 4.25374e-01
 4.24616e-01
 4.19803e-01
 4.06198e-01
 3.77121e-01
 3.24838e-01
 2.83509e-01
 2.68527e-01
 2.63486e-01
 2.62343e-01
 2.62611e-01
 2.63289e-01
 2.63916e-01
 2.64368e-01
 2.64629e-01
 2.64641e-01
 2.64168e-01
 2.62346e-01
 2.58103e-01
 2.50028e-01
 2.35570e-01
 2.13053e-01
 1.86125e-01
 1.61997e-01
 1.44135e-01
 1.33075e-01
 1.27717e-01
 1.25771e-01
 1.25202e-01
 1.25051e-01
 1.25013e-01
 1.25003e-01
 1.25001e-01
 1.25000e-01
 1.25000e-01
 1.25000e-01
 1.25000e-01
 4.33689e-01
 4.30221e-01
 4.24968e-01
 4.23211e-01
 4.23279e-01
 4.23830e-01
 4.25266e-01
 4.26010e-01
 4.25851e-01
 4.24895e-01
 4.24195e-01
 4.24415e-01
 4.24887e-01
 4.25374e-01
 4.24616e-01
 4.19803e-01
 4.06198e-01
 3.77121e-01
 3.24838e-01
 2.83509e-01
 2.68527e-01
 2.63486e-01
 2.62343e-01
 2.62611e-01
 2.63289e-01
 2.63916e-01
 2.64368e-01
 2.64629e-01
 2.64641e-01
 2.64168e-01
 2.62346e-01
 2.58103e-01
 2.50028e-01
 2.35570e-01
 2.13053e-01
 1.86125e-01
 1.61997e-01
 1.44135e-01
 1.33075e-01
 1.27717e-01
 1.25771e-01
 1.25202e-01
 1.25051e-01
 1.25013e-01
 1.25003e-01
 1.25001e-01
 1.25000e-01
 1.25000e-01
 1.25000e-01
 1.25000e-01
 4.33689e-01
 4.30221e-01
 4.24968e-01
 4.23211e-01
 4.23279e-01
 4.23830e-01
 4.25266e-01
 4.26010e-01
 4.25851e-01
 4.24895e-01
 4.24195e-01
 4.24415e-01
 4.24887e-01
 4.25374e-01
 4.24616e-01
 4.19803e-01
 4.06198e-01
 3.77121e-01
 3.24838e-01
 2.83509e-01
 2.68527e-01
 2.63486e-01
 2.62343e-01
 2.62611e-01
 2.63289e-01
 2.63916e-01
 2.64368e-01
 2.64629e-01
 2.64641e-01
 2.64168e-01
 2.62346e-01
 2.58103e-01
 2.50028e-01
 2.35570e-01
 2.13053e-01
 1.86125e-01
 1.61997e-01
 1.44135e-01
 1.33075e-01
 1.27717e-01
 1.25771e-01
 1.25202e-01
 1.25051e-01
 1.25013e-01
 1.25003e-01
 1.25001e-01
 1.25000e-01
 1.25000e-01
 1.25000e-01
 1.25000e-01
 4.33689e-01
 4.30221e-01
 4.24968e-01
 4.23211e-01
 4.23279e-01
 4.23830e-01
 4.25266e-01
 4.26010e-01
 4.25851e-01
 4.24895e-01
 4.24195e-01
 4.24415e-01
 4.24887e-01
 4.25374e-01
 4.24616e-01
 4.19803e-01
 4.06198e-01
 3.77121e-01
 3.24838e-01
 2.83509e-01
 2.68527e-01
 2.63486e-01
 2.62343e-01
 2.62611e-01
 2.63289e-01
 2.63916e-01
 2.64368e-01
 2.64629e-01
 2.64641e-01
 2.64168e-01
 2.62346e-01
 2.58103e-01
 2.50028e-01
 2.35570e-01
 2.13053e-01
 1.86125e-01
 1.61997e-01
 1.44135e-01
 1.33075e-01
 1.27717e-01
 1.25771e-01
 1.25202e-01
 1.25051e-01
 1.25013e-01
 1.25003e-01
 1.25001e-01
 1.25000e-01
 1.25000e-01
 1.25000e-01
 1.25000e-01
 4.33689e-01
 4.30221e-01
 4.24968e-01
 4.23211e-01
 4.23279e-01
 4.23830e-01
 4.25266e-01
 4.26010e-01
 4.25851e-01
 4.24895e-01
 4.24195e-01
 4.24415e-01
 4.24887e-01
 4.25374e-01
 4.24616e-01
 4.19803e-01
 4.06198e-01
 3.77121e-01
 3.24838e-01
 2.83509e-01
 2.68527e-01
 2.63486e-01
 2.62343e-01
 2.62611e-01
 2.63289e-01
 2.63916e-01
 2.64368e-01
 2.64629e-01
 2.64641e-01
 2.64168e-01
 2.62346e-01
 2.58103e-01
 2.50028e-01
 2.35570e-01
 2.13053e-01
 1.86125e-01
 1.61997e-01
 1.44135e-01
 1.33075e-01
 1.27717e-01
 1.25771e-01
 1.25202e-01
 1.25051e-01
 1.25013e-01
 1.25003e-01
 1.25001e-01
 1.25000e-01
 1.25000e-01
 1.25000e-01
 1.25000e-01
 4.33689e-01
 4.30221e-01
 4.24968e-01
 4.23211e-01
 4.23279e-01
 4.23830e-01
 4.25266e-01
 4.26010e-01
 4.25851e-01
 4.24895e-01
 4.24195e-01
 4.24415e-01
 4.24887e-01
 4.25374e-01
 4.24616e-01
 4.19803e-01
 4.06198e-01
 3.77121e-01
 3.24838e-01
 2.83509e-01
 2.68527e-01
 2.63486e-01
 2.62343e-01
 2.62611e-01
 2.63289e-01
 2.63916e-01
 2.64368e-01
 2.64629e-01
 2.64641e-01
 2.64168e-01
 2.62346e-01
 2.58103e-01
 2.50028e-01
 2.35570e-01
 2.13053e-01
 1.86125e-01
 1.61997e-01
 1.44135e-01
 1.33075e-01
 1.27717e-01
 1.25771e-01
 1.25202e-01
 1.25051e-01
 1.25013e-01
 1.25003e-01
 1.25001e-01
 1.25000e-01
 1.25000e-01
 1.25000e-01
 1.25000e-01
 4.33689e-01
 4.30221e-01
 4.24968e-01
 4.23211e-01
 4.23279e-01
 4.23830e-01
 4.25266e-01
 4.26010e-01
 4.25851e-01
 4.24895e-01
 4.24195e-01
 4.24415e-01
 4.24887e-01
 4.25374e-01
 4.24616e-01
 4.19803e-01
 4.06198e-01
 3.77121e-01
 3.24838e-01
 2.83509e-01
 2.68527e-01
 2.63486e-01
 2.62343e-01
 2.62611e-01
 2.63289e-01
 2.63916e-01
 2.64368e-01
 2.64629e-01
 2.64641e-01
 2.64168e-01
 2.62346e-01
 2.58103e-01
 2.50028e-01
 2.35570e-01
 2.13053e-01
 1.86125e-01
 1.61997e-01
 1.44135e-01
 1.33075e-01
 1.27717e-01
 1.25771e-01
 1.25202e-01
 1.25051e-01
 1.25013e-01
 1.25003e-01
 1.25001e-01
 1.25000e-01
 1.25000e-01
 1.25000e-01
 1.25000e-01
 4.33689e-01
 4.30221e-01
 4.24968e-01
 4.23211e-01
 4.23279e-01
 4.23830e-01
 4.25266e-01
 4.26010e-01
 4.25851e-01
 4.24895e-01
 4.24195e-01
 4.24415e-01
 4.24887e-01
 4.25374e-01
 4.24616e-01
 4.19803e-01
 4.06198e-01
 3.77121e-01
 3.24838e-01
 2.83509e-01
 2.68527e-01
 2.63486e-01
 2.62343e-01
 2.62611e-01
 2.63289e-01
 2.63916e-01
 2.64368e-01
 2.64629e-01
 2.64641e-01
 2.64168e-01
 2.62346e-01
 2.58103e-01
 2.50028e-01
 2.35570e-01
 2.13053e-01
 1.86125e-01
 1.61997e-01
 1.44135e-01
 1.33075e-01
 1.27717e-01
 1.25771e-01
 1.25202e-01
 1.25051e-01
 1.25013e-01
 1.25003e-01
 1.25001e-01
 1.25000e-01
 1.25000e-01
 1.25000e-01
 1.25000e-01
 4.33689e-01
 4.30221e-01
 4.24968e-01
 4.23211e-01
 4.23279e-01
 4.23830e-01
 4.25266e-01
 4.26010e-01
 4.25851e-01
 4.24895e-01
 4.24195e-01
 4.24415e-01
 4.24887e-01
 4.25374e-01
 4.24616e-01
 4.19803e-01
 4.06198e-01
 3.77121e-01
 3.24838e-01
 2.83509e-01
 2.68527e-01
 2.63486e-01
 2.62343e-01
 2.62611e-01
 2.63289e-01
 2.63916e-01
 2.64368e-01
 2.64629e-01
 2.64641e-01
 2.64168e-01
 2.62346e-01
 2.58103e-01
 2.50028e-01
 2.35570e-01
 2.13053e-01
 1.86125e-01
 1.61997e-01
 1.44135e-01
 1.33075e-01
 1.27717e-01
 1.25771e-01
 1.25202e-01
 1.25051e-01
 1.25013e-01
 1.25003e-01
 1.25001e-01
 1.25000e-01
 1.25000e-01
 1.25000e-01
 1.25000e-01
 4.33689e-01
 4.30221e-01
 4.24968e-01
 4.23211e-01
 4.23279e-01
 4.23830e-01
 4.25266e-01
 4.26010e-01
 4.25851e-01
 4.24895e-01
 4.24195e-01
 4.24415e-01
 4.24887e-01
 4.25374e-01
 4.24616e-01
 4.19803e-01
 4.06198e-01
 3.77121e-01
 3.24838e-01
 2.83509e-01
 2.68527e-01
 2.63486e-01
 2.62343e-01
 2.62611e-01
 2.63289e-01
 2.63916e-01
 2.64368e-01
 2.64629e-01
 2.64641e-01
 2.64168e-01
 2.62346e-01
 2.58103e-01
 2.50028e-01
 2.35570e-01
 2.13053e-01
 1.86125e-01
 1.61997e-01
 1.44135e-01
 1.33075e-01
 1.27717e-01
 1.25771e-01
 1.25202e-01
 1.25051e-01
 1.25013e-01
 1.25003e-01
 1.25001e-01
 1.25000e-01
 1.25000e-01
 1.25000e-01
 1.25000e-01
 4.33689e-01
 4.30221e-01
 4.24968e-01
 4.23211e-01
 4.23279e-01
 4.23830e-01
 4.25266e-01
 4.26010e-01
 4.25851e-01
 4.24895e-01
 4.24195e-01
 4.24415e-01
 4.24887e-01
 4.25374e-01
 4.24616e-01
 4.19803e-01
 4.06198e-01
 3.77121e-01
 3.24838e-01
 2.83509e-01
 2.68527e-01
 2.63486e-01
 2.62343e-01
 2.62611e-01
 2.63289e-01
 2.63916e-01
 2.64368e-01
 2.64629e-01
 2.64641e-01
 2.64168e-01
 2.62346e-01
 2.58103e-01
 2.50028e-01
 2.35570e-01
 2.13053e-01
 1.86125e-01
 1.61997e-01
 1.44135e-01
 1.33075e-01
 1.27717e-01
 1.25771e-01
 1.25202e-01
 1.25051e-01
 1.25013e-01
 1.25003e-01
 1.25001e-01
 1.25000e-01
 1.25000e-01
 1.25000e-01
 1.25000e-01
 4.33689e-01
 4.30221e-01
 4.24968e-01
 4.23211e-01
 4.23279e-01
 4.23830e-01
 4.25266e-01
 4.26010e-01
 4.25851e-01
 4.24895e-01
 4.24195e-01
 4.24415e-01
 4.24887e-01
 4.25374e-01
 4.24616e-01
 4.19803e-01
 4.06198e-01
 3.77121e-01
 3.24838e-01
 2.83509e-01
 2.68527e-01
 2.63486e-01
 2.62343e-01
 2.62611e-01
 2.63289e-01
 2.63916e-01
 2.64368e-01
 2.64629e-01
 2.64641e-01
 2.64168e-01
 2.62346e-01
 2.58103e-01
 2.50028e-01
 2.35570e-01
 2.13053e-01
 1.86125e-01
 1.61997e-01
 1.44135e-01
 1.33075e-01
 1.27717e-01
 1.25771e-01
 1.25202e-01
 1.25051e-01
 1.25013e-01
 1.25003e-01
 1.25001e-01
 1.25000e-01
 1.25000e-01
 1.25000e-01
 1.25000e-01
