InternalEnergy
part
         1
hexa8
 2.50000e+00
 2.50000e+00
 2.50000e+00
 2.50000e+00
 2.50000e+00
 2.50000e+00
 2.50000e+00
 2.50000e+00
 2.50000e+00
 2.50000e+00
 2.50000e+00
 2.50000e+00
 2.50000e+00
 2.50000e+00
 2.50000e+00
 2.50000e+00
 2.50000e+00
 2.50000e+00
 2.50000e+00
 2.49998e+00
 2.49992e+00
 2.49970e+00
 2.49896e+00
 2.49684e+00
 2.49179e+00
 2.48179e+00
 2.46550e+00
 2.44326e+00
 2.41663e+00
 2.38728e+00
 2.35632e+00
 2.32432e+00
 2.29184e+00
 2.25912e+00
 2.22625e+00
 2.19326e+00
 2.16013e+00
 2.12682e+00
 2.09529e+00
 2.06382e+00
 2.03367e+00
 2.00346e+00
 1.97273e+00
 1.94456e+00
 1.91713e+00
 1.88943e+00
 1.86009e+00
 1.83567e+00
 1.81793e+00
 1.80122e+00
 1.78306e+00
 1.77146e+00
 1.77541e+00
 1.77740e+00
 1.77641e+00
 1.77485e+00
 1.77212e+00
 1.77336e+00
 1.77694e+00
 1.77900e+00
 1.78028e+00
 1.78041e+00
 1.78035e+00
 1.78273e+00
 1.79349e+00
 1.82321e+00
 1.88839e+00
 2.01330e+00
 2.23374e+00
 2.51345e+00
 2.68343e+00
 2.77459e+00
 2.81621e+00
 2.83265e+00
 2.83800e+00
 2.83878e+00
 2.83789e+00
 2.83665e+00
 2.83566e+00
 2.83476e+00
 2.83362e+00
 2.83086e+00
 2.82089e+00
 2.77694e+00
 2.61590e+00
 2.26130e+00
 2.04679e+00
 2.00554e+00
 2.00060e+00
 2.00006e+00
 2.00001e+00
 2.00000e+00
 2.00000e+00
 2.00000e+00
 2.00000e+00
 2.00000e+00
 2.00000e+00
 2.00000e+00
 2.00000e+00
 2.00000e+00
 2.50000e+00
 2.50000e+00
 2.50000e+00
 2.50000e+00
 2.50000e+00
 2.50000e+00
 2.50000e+00
 2.50000e+00
 2.50000e+00
 2.50000e+00
 2.50000e+00
 2.50000e+00
 2.50000e+00
 2.50000e+00
 2.50000e+00
 2.50000e+00
 2.50000e+00
 2.50000e+00
 2.50000e+00
 2.49998e+00
 2.49992e+00
 2.49970e+00
 2.49896e+00
 2.49684e+00
 2.49179e+00
 2.48179e+00
 2.46550e+00
 2.44326e+00
 2.41663e+00
 2.38728e+00
 2.35632e+00
 2.32432e+00
 2.29184e+00
 2.25912e+00
 2.22625e+00
 2.19326e+00
 2.16013e+00
 2.12682e+00
 2.09529e+00
 2.06382e+00
 2.03367e+00
 2.00346e+00
 1.97273e+00
 1.94456e+00
 1.91713e+00
 1.88943e+00
 1.86009e+00
 1.83567e+00
 1.81793e+00
 1.80122e+00
 1.78306e+00
 1.77146e+00
 1.77541e+00
 1.77740e+00
 1.77641e+00
 1.77485e+00
 1.77212e+00
 1.77336e+00
 1.77694e+00
 1.77900e+00
 1.78028e+00
 1.78041e+00
 1.78035e+00
 1.78273e+00
 1.79349e+00
 1.82321e+00
 1.88839e+00
 2.01330e+00
 2.23374e+00
 2.51345e+00
 2.68343e+00
 2.77459e+00
 2.81621e+00
 2.83265e+00
 2.83800e+00
 2.83878e+00
 2.83789e+00
 2.83665e+00
 2.83566e+00
 2.83476e+00
 2.83362e+00
 2.83086e+00
 2.82089e+00
 2.77694e+00
 2.61590e+00
 2.26130e+00
 2.04679e+00
 2.00554e+00
 2.00060e+00
 2.00006e+00
 2.00001e+00
 2.00000e+00
 2.00000e+00
 2.00000e+00
 2.00000e+00
 2.00000e+00
 2.00000e+00
 2.00000e+00
 2.00000e+00
 2.00000e+00
 2.50000e+00
 2.50000e+00
 2.50000e+00
 2.50000e+00
 2.50000e+00
 2.50000e+00
 2.50000e+00
 2.50000e+00
 2.50000e+00
 2.50000e+00
 2.50000e+00
 2.50000e+00
 2.50000e+00
 2.50000e+00
 2.50000e+00
 2.50000e+00
 2.50000e+00
 2.50000e+00
 2.50000e+00
 2.49998e+00
 2.49992e+00
 2.49970e+00
 2.49896e+00
 2.49684e+00
 2.49179e+00
 2.48179e+00
 2.46550e+00
 2.44326e+00
 2.41663e+00
 2.38728e+00
 2.35632e+00
 2.32432e+00
 2.29184e+00
 2.25912e+00
 2.22625e+00
 2.19326e+00
 2.16013e+00
 2.12682e+00
 2.09529e+00
 2.06382e+00
 2.03367e+00
 2.00346e+00
 1.97273e+00
 1.94456e+00
 1.91713e+00
 1.88943e+00
 1.86009e+00
 1.83567e+00
 1.81793e+00
 1.80122e+00
 1.78306e+00
 1.77146e+00
 1.77541e+00
 1.77740e+00
 1.77641e+00
 1.77485e+00
 1.77212e+00
 1.77336e+00
 1.77694e+00
 1.77900e+00
 1.78028e+00
 1.78041e+00
 1.78035e+00
 1.78273e+00
 1.79349e+00
 1.82321e+00
 1.88839e+00
 2.01330e+00
 2.23374e+00
 2.51345e+00
 2.68343e+00
 2.77459e+00
 2.81621e+00
 2.83265e+00
 2.83800e+00
 2.83878e+00
 2.83789e+00
 2.83665e+00
 2.83566e+00
 2.83476e+00
 2.83362e+00
 2.83086e+00
 2.82089e+00
 2.77694e+00
 2.61590e+00
 2.26130e+00
 2.04679e+00
 2.00554e+00
 2.00060e+00
 2.00006e+00
 2.00001e+00
 2.00000e+00
 2.00000e+00
 2.00000e+00
 2.00000e+00
 2.00000e+00
 2.00000e+00
 2.00000e+00
 2.00000e+00
 2.00000e+00
 2.50000e+00
 2.50000e+00
 2.50000e+00
 2.50000e+00
 2.50000e+00
 2.50000e+00
 2.50000e+00
 2.50000e+00
 2.50000e+00
 2.50000e+00
 2.50000e+00
 2.50000e+00
 2.50000e+00
 2.50000e+00
 2.50000e+00
 2.50000e+00
 2.50000e+00
 2.50000e+00
 2.50000e+00
 2.49998e+00
 2.49992e+00
 2.49970e+00
 2.49896e+00
 2.49684e+00
 2.49179e+00
 2.48179e+00
 2.46550e+00
 2.44326e+00
 2.41663e+00
 2.38728e+00
 2.35632e+00
 2.32432e+00
 2.29184e+00
 2.25912e+00
 2.22625e+00
 2.19326e+00
 2.16013e+00
 2.12682e+00
 2.09529e+00
 2.06382e+00
 2.03367e+00
 2.00346e+00
 1.97273e+00
 1.94456e+00
 1.91713e+00
 1.88943e+00
 1.86009e+00
 1.83567e+00
 1.81793e+00
 1.80122e+00
 1.78306e+00
 1.77146e+00
 1.77541e+00
 1.77740e+00
 1.77641e+00
 1.77485e+00
 1.77212e+00
 1.77336e+00
 1.77694e+00
 1.77900e+00
 1.78028e+00
 1.78041e+00
 1.78035e+00
 1.78273e+00
 1.79349e+00
 1.82321e+00
 1.88839e+00
 2.01330e+00
 2.23374e+00
 2.51345e+00
 2.68343e+00
 2.77459e+00
 2.81621e+00
 2.83265e+00
 2.83800e+00
 2.83878e+00
 2.83789e+00
 2.83665e+00
 2.83566e+00
 2.83476e+00
 2.83362e+00
 2.83086e+00
 2.82089e+00
 2.77694e+00
 2.61590e+00
 2.26130e+00
 2.04679e+00
 2.00554e+00
 2.00060e+00
 2.00006e+00
 2.00001e+00
 2.00000e+00
 2.00000e+00
 2.00000e+00
 2.00000e+00
 2.00000e+00
 2.00000e+00
 2.00000e+00
 2.00000e+00
 2.00000e+00
 2.50000e+00
 2.50000e+00
 2.50000e+00
 2.50000e+00
 2.50000e+00
 2.50000e+00
 2.50000e+00
 2.50000e+00
 2.50000e+00
 2.50000e+00
 2.50000e+00
 2.50000e+00
 2.50000e+00
 2.50000e+00
 2.50000e+00
 2.50000e+00
 2.50000e+00
 2.50000e+00
 2.50000e+00
 2.49998e+00
 2.49992e+00
 2.49970e+00
 2.49896e+00
 2.49684e+00
 2.49179e+00
 2.48179e+00
 2.46550e+00
 2.44326e+00
 2.41663e+00
 2.38728e+00
 2.35632e+00
 2.32432e+00
 2.29184e+00
 2.25912e+00
 2.22625e+00
 2.19326e+00
 2.16013e+00
 2.12682e+00
 2.09529e+00
 2.06382e+00
 2.03367e+00
 2.00346e+00
 1.97273e+00
 1.94456e+00
 1.91713e+00
 1.88943e+00
 1.86009e+00
 1.83567e+00
 1.81793e+00
 1.80122e+00
 1.78306e+00
 1.77146e+00
 1.77541e+00
 1.77740e+00
 1.77641e+00
 1.77485e+00
 1.77212e+00
 1.77336e+00
 1.77694e+00
 1.77900e+00
 1.78028e+00
 1.78041e+00
 1.78035e+00
 1.78273e+00
 1.79349e+00
 1.82321e+00
 1.88839e+00
 2.01330e+00
 2.23374e+00
 2.51345e+00
 2.68343e+00
 2.77459e+00
 2.81621e+00
 2.83265e+00
 2.83800e+00
 2.83878e+00
 2.83789e+00
 2.83665e+00
 2.83566e+00
 2.83476e+00
 2.83362e+00
 2.83086e+00
 2.82089e+00
 2.77694e+00
 2.61590e+00
 2.26130e+00
 2.04679e+00
 2.00554e+00
 2.00060e+00
 2.00006e+00
 2.00001e+00
 2.00000e+00
 2.00000e+00
 2.00000e+00
 2.00000e+00
 2.00000e+00
 2.00000e+00
 2.00000e+00
 2.00000e+00
 2.00000e+00
 2.50000e+00
 2.50000e+00
 2.50000e+00
 2.50000e+00
 2.50000e+00
 2.50000e+00
 2.50000e+00
 2.50000e+00
 2.50000e+00
 2.50000e+00
 2.50000e+00
 2.50000e+00
 2.50000e+00
 2.50000e+00
 2.50000e+00
 2.50000e+00
 2.50000e+00
 2.50000e+00
 2.50000e+00
 2.49998e+00
 2.49992e+00
 2.49970e+00
 2.49896e+00
 2.49684e+00
 2.49179e+00
 2.48179e+00
 2.46550e+00
 2.44326e+00
 2.41663e+00
 2.38728e+00
 2.35632e+00
 2.32432e+00
 2.29184e+00
 2.25912e+00
 2.22625e+00
 2.19326e+00
 2.16013e+00
 2.12682e+00
 2.09529e+00
 2.06382e+00
 2.03367e+00
 2.00346e+00
 1.97273e+00
 1.94456e+00
 1.91713e+00
 1.88943e+00
 1.86009e+00
 1.83567e+00
 1.81793e+00
 1.80122e+00
 1.78306e+00
 1.77146e+00
 1.77541e+00
 1.77740e+00
 1.77641e+00
 1.77485e+00
 1.77212e+00
 1.77336e+00
 1.77694e+00
 1.77900e+00
 1.78028e+00
 1.78041e+00
 1.78035e+00
 1.78273e+00
 1.79349e+00
 1.82321e+00
 1.88839e+00
 2.01330e+00
 2.23374e+00
 2.51345e+00
 2.68343e+00
 2.77459e+00
 2.81621e+00
 2.83265e+00
 2.83800e+00
 2.83878e+00
 2.83789e+00
 2.83665e+00
 2.83566e+00
 2.83476e+00
 2.83362e+00
 2.83086e+00
 2.82089e+00
 2.77694e+00
 2.61590e+00
 2.26130e+00
 2.04679e+00
 2.00554e+00
 2.00060e+00
 2.00006e+00
 2.00001e+00
 2.00000e+00
 2.00000e+00
 2.00000e+00
 2.00000e+00
 2.00000e+00
 2.00000e+00
 2.00000e+00
 2.00000e+00
 2.00000e+00
 2.50000e+00
 2.50000e+00
 2.50000e+00
 2.50000e+00
 2.50000e+00
 2.50000e+00
 2.50000e+00
 2.50000e+00
 2.50000e+00
 2.50000e+00
 2.50000e+00
 2.50000e+00
 2.50000e+00
 2.50000e+00
 2.50000e+00
 2.50000e+00
 2.50000e+00
 2.50000e+00
 2.50000e+00
 2.49998e+00
 2.49992e+00
 2.49970e+00
 2.49896e+00
 2.49684e+00
 2.49179e+00
 2.48179e+00
 2.46550e+00
 2.44326e+00
 2.41663e+00
 2.38728e+00
 2.35632e+00
 2.32432e+00
 2.29184e+00
 2.25912e+00
 2.22625e+00
 2.19326e+00
 2.16013e+00
 2.12682e+00
 2.09529e+00
 2.06382e+00
 2.03367e+00
 2.00346e+00
 1.97273e+00
 1.94456e+00
 1.91713e+00
 1.88943e+00
 1.86009e+00
 1.83567e+00
 1.81793e+00
 1.80122e+00
 1.78306e+00
 1.77146e+00
 1.77541e+00
 1.77740e+00
 1.77641e+00
 1.77485e+00
 1.77212e+00
 1.77336e+00
 1.77694e+00
 1.77900e+00
 1.78028e+00
 1.78041e+00
 1.78035e+00
 1.78273e+00
 1.79349e+00
 1.82321e+00
 1.88839e+00
 2.01330e+00
 2.23374e+00
 2.51345e+00
 2.68343e+00
 2.77459e+00
 2.81621e+00
 2.83265e+00
 2.83800e+00
 2.83878e+00
 2.83789e+00
 2.83665e+00
 2.83566e+00
 2.83476e+00
 2.83362e+00
 2.83086e+00
 2.82089e+00
 2.77694e+00
 2.61590e+00
 2.26130e+00
 2.04679e+00
 2.00554e+00
 2.00060e+00
 2.00006e+00
 2.00001e+00
 2.00000e+00
 2.00000e+00
 2.00000e+00
 2.00000e+00
 2.00000e+00
 2.00000e+00
 2.00000e+00
 2.00000e+00
 2.00000e+00
 2.50000e+00
 2.50000e+00
 2.50000e+00
 2.50000e+00
 2.50000e+00
 2.50000e+00
 2.50000e+00
 2.50000e+00
 2.50000e+00
 2.50000e+00
 2.50000e+00
 2.50000e+00
 2.50000e+00
 2.50000e+00
 2.50000e+00
 2.50000e+00
 2.50000e+00
 2.50000e+00
 2.50000e+00
 2.49998e+00
 2.49992e+00
 2.49970e+00
 2.49896e+00
 2.49684e+00
 2.49179e+00
 2.48179e+00
 2.46550e+00
 2.44326e+00
 2.41663e+00
 2.38728e+00
 2.35632e+00
 2.32432e+00
 2.29184e+00
 2.25912e+00
 2.22625e+00
 2.19326e+00
 2.16013e+00
 2.12682e+00
 2.09529e+00
 2.06382e+00
 2.03367e+00
 2.00346e+00
 1.97273e+00
 1.94456e+00
 1.91713e+00
 1.88943e+00
 1.86009e+00
 1.83567e+00
 1.81793e+00
 1.80122e+00
 1.78306e+00
 1.77146e+00
 1.77541e+00
 1.77740e+00
 1.77641e+00
 1.77485e+00
 1.77212e+00
 1.77336e+00
 1.77694e+00
 1.77900e+00
 1.78028e+00
 1.78041e+00
 1.78035e+00
 1.78273e+00
 1.79349e+00
 1.82321e+00
 1.88839e+00
 2.01330e+00
 2.23374e+00
 2.51345e+00
 2.68343e+00
 2.77459e+00
 2.81621e+00
 2.83265e+00
 2.83800e+00
 2.83878e+00
 2.83789e+00
 2.83665e+00
 2.83566e+00
 2.83476e+00
 2.83362e+00
 2.83086e+00
 2.82089e+00
 2.77694e+00
 2.61590e+00
 2.26130e+00
 2.04679e+00
 2.00554e+00
 2.00060e+00
 2.00006e+00
 2.00001e+00
 2.00000e+00
 2.00000e+00
 2.00000e+00
 2.00000e+00
 2.00000e+00
 2.00000e+00
 2.00000e+00
 2.00000e+00
 2.00000e+00
 2.50000e+00
 2.50000e+00
 2.50000e+00
 2.50000e+00
 2.50000e+00
 2.50000e+00
 2.50000e+00
 2.50000e+00
 2.50000e+00
 2.50000e+00
 2.50000e+00
 2.50000e+00
 2.50000e+00
 2.50000e+00
 2.50000e+00
 2.50000e+00
 2.50000e+00
 2.50000e+00
 2.50000e+00
 2.49998e+00
 2.49992e+00
 2.49970e+00
 2.49896e+00
 2.49684e+00
 2.49179e+00
 2.48179e+00
 2.46550e+00
 2.44326e+00
 2.41663e+00
 2.38728e+00
 2.35632e+00
 2.32432e+00
 2.29184e+00
 2.25912e+00
 2.22625e+00
 2.19326e+00
 2.16013e+00
 2.12682e+00
 2.09529e+00
 2.06382e+00
 2.03367e+00
 2.00346e+00
 1.97273e+00
 1.94456e+00
 1.91713e+00
 1.88943e+00
 1.86009e+00
 1.83567e+00
 1.81793e+00
 1.80122e+00
 1.78306e+00
 1.77146e+00
 1.77541e+00
 1.77740e+00
 1.77641e+00
 1.77485e+00
 1.77212e+00
 1.77336e+00
 1.77694e+00
 1.77900e+00
 1.78028e+00
 1.78041e+00
 1.78035e+00
 1.78273e+00
 1.79349e+00
 1.82321e+00
 1.88839e+00
 2.01330e+00
 2.23374e+00
 2.51345e+00
 2.68343e+00
 2.77459e+00
 2.81621e+00
 2.83265e+00
 2.83800e+00
 2.83878e+00
 2.83789e+00
 2.83665e+00
 2.83566e+00
 2.83476e+00
 2.83362e+00
 2.83086e+00
 2.82089e+00
 2.77694e+00
 2.61590e+00
 2.26130e+00
 2.04679e+00
 2.00554e+00
 2.00060e+00
 2.00006e+00
 2.00001e+00
 2.00000e+00
 2.00000e+00
 2.00000e+00
 2.00000e+00
 2.00000e+00
 2.00000e+00
 2.00000e+00
 2.00000e+00
 2.00000e+00
 2.50000e+00
 2.50000e+00
 2.50000e+00
 2.50000e+00
 2.50000e+00
 2.50000e+00
 2.50000e+00
 2.50000e+00
 2.50000e+00
 2.50000e+00
 2.50000e+00
 2.50000e+00
 2.50000e+00
 2.50000e+00
 2.50000e+00
 2.50000e+00
 2.50000e+00
 2.50000e+00
 2.50000e+00
 2.49998e+00
 2.49992e+00
 2.49970e+00
 2.49896e+00
 2.49684e+00
 2.49179e+00
 2.48179e+00
 2.46550e+00
 2.44326e+00
 2.41663e+00
 2.38728e+00
 2.35632e+00
 2.32432e+00
 2.29184e+00
 2.25912e+00
 2.22625e+00
 2.19326e+00
 2.16013e+00
 2.12682e+00
 2.09529e+00
 2.06382e+00
 2.03367e+00
 2.00346e+00
 1.97273e+00
 1.94456e+00
 1.91713e+00
 1.88943e+00
 1.86009e+00
 1.83567e+00
 1.81793e+00
 1.80122e+00
 1.78306e+00
 1.77146e+00
 1.77541e+00
 1.77740e+00
 1.77641e+00
 1.77485e+00
 1.77212e+00
 1.77336e+00
 1.77694e+00
 1.77900e+00
 1.78028e+00
 1.78041e+00
 1.78035e+00
 1.78273e+00
 1.79349e+00
 1.82321e+00
 1.88839e+00
 2.01330e+00
 2.23374e+00
 2.51345e+00
 2.68343e+00
 2.77459e+00
 2.81621e+00
 2.83265e+00
 2.83800e+00
 2.83878e+00
 2.83789e+00
 2.83665e+00
 2.83566e+00
 2.83476e+00
 2.83362e+00
 2.83086e+00
 2.82089e+00
 2.77694e+00
 2.61590e+00
 2.26130e+00
 2.04679e+00
 2.00554e+00
 2.00060e+00
 2.00006e+00
 2.00001e+00
 2.00000e+00
 2.00000e+00
 2.00000e+00
 2.00000e+00
 2.00000e+00
 2.00000e+00
 2.00000e+00
 2.00000e+00
 2.00000e+00
 2.50000e+00
 2.50000e+00
 2.50000e+00
 2.50000e+00
 2.50000e+00
 2.50000e+00
 2.50000e+00
 2.50000e+00
 2.50000e+00
 2.50000e+00
 2.50000e+00
 2.50000e+00
 2.50000e+00
 2.50000e+00
 2.50000e+00
 2.50000e+00
 2.50000e+00
 2.50000e+00
 2.50000e+00
 2.49998e+00
 2.49992e+00
 2.49970e+00
 2.49896e+00
 2.49684e+00
 2.49179e+00
 2.48179e+00
 2.46550e+00
 2.44326e+00
 2.41663e+00
 2.38728e+00
 2.35632e+00
 2.32432e+00
 2.29184e+00
 2.25912e+00
 2.22625e+00
 2.19326e+00
 2.16013e+00
 2.12682e+00
 2.09529e+00
 2.06382e+00
 2.03367e+00
 2.00346e+00
 1.97273e+00
 1.94456e+00
 1.91713e+00
 1.88943e+00
 1.86009e+00
 1.83567e+00
 1.81793e+00
 1.80122e+00
 1.78306e+00
 1.77146e+00
 1.77541e+00
 1.77740e+00
 1.77641e+00
 1.77485e+00
 1.77212e+00
 1.77336e+00
 1.77694e+00
 1.77900e+00
 1.78028e+00
 1.78041e+00
 1.78035e+00
 1.78273e+00
 1.79349e+00
 1.82321e+00
 1.88839e+00
 2.01330e+00
 2.23374e+00
 2.51345e+00
 2.68343e+00
 2.77459e+00
 2.81621e+00
 2.83265e+00
 2.83800e+00
 2.83878e+00
 2.83789e+00
 2.83665e+00
 2.83566e+00
 2.83476e+00
 2.83362e+00
 2.83086e+00
 2.82089e+00
 2.77694e+00
 2.61590e+00
 2.26130e+00
 2.04679e+00
 2.00554e+00
 2.00060e+00
 2.00006e+00
 2.00001e+00
 2.00000e+00
 2.00000e+00
 2.00000e+00
 2.00000e+00
 2.00000e+00
 2.00000e+00
 2.00000e+00
 2.00000e+00
 2.00000e+00
 2.50000e+00
 2.50000e+00
 2.50000e+00
 2.50000e+00
 2.50000e+00
 2.50000e+00
 2.50000e+00
 2.50000e+00
 2.50000e+00
 2.50000e+00
 2.50000e+00
 2.50000e+00
 2.50000e+00
 2.50000e+00
 2.50000e+00
 2.50000e+00
 2.50000e+00
 2.50000e+00
 2.50000e+00
 2.49998e+00
 2.49992e+00
 2.49970e+00
 2.49896e+00
 2.49684e+00
 2.49179e+00
 2.48179e+00
 2.46550e+00
 2.44326e+00
 2.41663e+00
 2.38728e+00
 2.35632e+00
 2.32432e+00
 2.29184e+00
 2.25912e+00
 2.22625e+00
 2.19326e+00
 2.16013e+00
 2.12682e+00
 2.09529e+00
 2.06382e+00
 2.03367e+00
 2.00346e+00
 1.97273e+00
 1.94456e+00
 1.91713e+00
 1.88943e+00
 1.86009e+00
 1.83567e+00
 1.81793e+00
 1.80122e+00
 1.78306e+00
 1.77146e+00
 1.77541e+00
 1.77740e+00
 1.77641e+00
 1.77485e+00
 1.77212e+00
 1.77336e+00
 1.77694e+00
 1.77900e+00
 1.78028e+00
 1.78041e+00
 1.78035e+00
 1.78273e+00
 1.79349e+00
 1.82321e+00
 1.88839e+00
 2.01330e+00
 2.23374e+00
 2.51345e+00
 2.68343e+00
 2.77459e+00
 2.81621e+00
 2.83265e+00
 2.83800e+00
 2.83878e+00
 2.83789e+00
 2.83665e+00
 2.83566e+00
 2.83476e+00
 2.83362e+00
 2.83086e+00
 2.82089e+00
 2.77694e+00
 2.61590e+00
 2.26130e+00
 2.04679e+00
 2.00554e+00
 2.00060e+00
 2.00006e+00
 2.00001e+00
 2.00000e+00
 2.00000e+00
 2.00000e+00
 2.00000e+00
 2.00000e+00
 2.00000e+00
 2.00000e+00
 2.00000e+00
 2.00000e+00
 2.50000e+00
 2.50000e+00
 2.50000e+00
 2.50000e+00
 2.50000e+00
 2.50000e+00
 2.50000e+00
 2.50000e+00
 2.50000e+00
 2.50000e+00
 2.50000e+00
 2.50000e+00
 2.50000e+00
 2.50000e+00
 2.50000e+00
 2.50000e+00
 2.50000e+00
 2.50000e+00
 2.50000e+00
 2.49998e+00
 2.49992e+00
 2.49970e+00
 2.49896e+00
 2.49684e+00
 2.49179e+00
 2.48179e+00
 2.46550e+00
 2.44326e+00
 2.41663e+00
 2.38728e+00
 2.35632e+00
 2.32432e+00
 2.29184e+00
 2.25912e+00
 2.22625e+00
 2.19326e+00
 2.16013e+00
 2.12682e+00
 2.09529e+00
 2.06382e+00
 2.03367e+00
 2.00346e+00
 1.97273e+00
 1.94456e+00
 1.91713e+00
 1.88943e+00
 1.86009e+00
 1.83567e+00
 1.81793e+00
 1.80122e+00
 1.78306e+00
 1.77146e+00
 1.77541e+00
 1.77740e+00
 1.77641e+00
 1.77485e+00
 1.77212e+00
 1.77336e+00
 1.77694e+00
 1.77900e+00
 1.78028e+00
 1.78041e+00
 1.78035e+00
 1.78273e+00
 1.79349e+00
 1.82321e+00
 1.88839e+00
 2.01330e+00
 2.23374e+00
 2.51345e+00
 2.68343e+00
 2.77459e+00
 2.81621e+00
 2.83265e+00
 2.83800e+00
 2.83878e+00
 2.83789e+00
 2.83665e+00
 2.83566e+00
 2.83476e+00
 2.83362e+00
 2.83086e+00
 2.82089e+00
 2.77694e+00
 2.61590e+00
 2.26130e+00
 2.04679e+00
 2.00554e+00
 2.00060e+00
 2.00006e+00
 2.00001e+00
 2.00000e+00
 2.00000e+00
 2.00000e+00
 2.00000e+00
 2.00000e+00
 2.00000e+00
 2.00000e+00
 2.00000e+00
 2.00000e+00
 2.50000e+00
 2.50000e+00
 2.50000e+00
 2.50000e+00
 2.50000e+00
 2.50000e+00
 2.50000e+00
 2.50000e+00
 2.50000e+00
 2.50000e+00
 2.50000e+00
 2.50000e+00
 2.50000e+00
 2.50000e+00
 2.50000e+00
 2.50000e+00
 2.50000e+00
 2.50000e+00
 2.50000e+00
 2.49998e+00
 2.49992e+00
 2.49970e+00
 2.49896e+00
 2.49684e+00
 2.49179e+00
 2.48179e+00
 2.46550e+00
 2.44326e+00
 2.41663e+00
 2.38728e+00
 2.35632e+00
 2.32432e+00
 2.29184e+00
 2.25912e+00
 2.22625e+00
 2.19326e+00
 2.16013e+00
 2.12682e+00
 2.09529e+00
 2.06382e+00
 2.03367e+00
 2.00346e+00
 1.97273e+00
 1.94456e+00
 1.91713e+00
 1.88943e+00
 1.86009e+00
 1.83567e+00
 1.81793e+00
 1.80122e+00
 1.78306e+00
 1.77146e+00
 1.77541e+00
 1.77740e+00
 1.77641e+00
 1.77485e+00
 1.77212e+00
 1.77336e+00
 1.77694e+00
 1.77900e+00
 1.78028e+00
 1.78041e+00
 1.78035e+00
 1.78273e+00
 1.79349e+00
 1.82321e+00
 1.88839e+00
 2.01330e+00
 2.23374e+00
 2.51345e+00
 2.68343e+00
 2.77459e+00
 2.81621e+00
 2.83265e+00
 2.83800e+00
 2.83878e+00
 2.83789e+00
 2.83665e+00
 2.83566e+00
 2.83476e+00
 2.83362e+00
 2.83086e+00
 2.82089e+00
 2.77694e+00
 2.61590e+00
 2.26130e+00
 2.04679e+00
 2.00554e+00
 2.00060e+00
 2.00006e+00
 2.00001e+00
 2.00000e+00
 2.00000e+00
 2.00000e+00
 2.00000e+00
 2.00000e+00
 2.00000e+00
 2.00000e+00
 2.00000e+00
 2.00000e+00
 2.50000e+00
 2.50000e+00
 2.50000e+00
 2.50000e+00
 2.50000e+00
 2.50000e+00
 2.50000e+00
 2.50000e+00
 2.50000e+00
 2.50000e+00
 2.50000e+00
 2.50000e+00
 2.50000e+00
 2.50000e+00
 2.50000e+00
 2.50000e+00
 2.50000e+00
 2.50000e+00
 2.50000e+00
 2.49998e+00
 2.49992e+00
 2.49970e+00
 2.49896e+00
 2.49684e+00
 2.49179e+00
 2.48179e+00
 2.46550e+00
 2.44326e+00
 2.41663e+00
 2.38728e+00
 2.35632e+00
 2.32432e+00
 2.29184e+00
 2.25912e+00
 2.22625e+00
 2.19326e+00
 2.16013e+00
 2.12682e+00
 2.09529e+00
 2.06382e+00
 2.03367e+00
 2.00346e+00
 1.97273e+00
 1.94456e+00
 1.91713e+00
 1.88943e+00
 1.86009e+00
 1.83567e+00
 1.81793e+00
 1.80122e+00
 1.78306e+00
 1.77146e+00
 1.77541e+00
 1.77740e+00
 1.77641e+00
 1.77485e+00
 1.77212e+00
 1.77336e+00
 1.77694e+00
 1.77900e+00
 1.78028e+00
 1.78041e+00
 1.78035e+00
 1.78273e+00
 1.79349e+00
 1.82321e+00
 1.88839e+00
 2.01330e+00
 2.23374e+00
 2.51345e+00
 2.68343e+00
 2.77459e+00
 2.81621e+00
 2.83265e+00
 2.83800e+00
 2.83878e+00
 2.83789e+00
 2.83665e+00
 2.83566e+00
 2.83476e+00
 2.83362e+00
 2.83086e+00
 2.82089e+00
 2.77694e+00
 2.61590e+00
 2.26130e+00
 2.04679e+00
 2.00554e+00
 2.00060e+00
 2.00006e+00
 2.00001e+00
 2.00000e+00
 2.00000e+00
 2.00000e+00
 2.00000e+00
 2.00000e+00
 2.00000e+00
 2.00000e+00
 2.00000e+00
 2.00000e+00
 2.50000e+00
 2.50000e+00
 2.50000e+00
 2.50000e+00
 2.50000e+00
 2.50000e+00
 2.50000e+00
 2.50000e+00
 2.50000e+00
 2.50000e+00
 2.50000e+00
 2.50000e+00
 2.50000e+00
 2.50000e+00
 2.50000e+00
 2.50000e+00
 2.50000e+00
 2.50000e+00
 2.50000e+00
 2.49998e+00
 2.49992e+00
 2.49970e+00
 2.49896e+00
 2.49684e+00
 2.49179e+00
 2.48179e+00
 2.46550e+00
 2.44326e+00
 2.41663e+00
 2.38728e+00
 2.35632e+00
 2.32432e+00
 2.29184e+00
 2.25912e+00
 2.22625e+00
 2.19326e+00
 2.16013e+00
 2.12682e+00
 2.09529e+00
 2.06382e+00
 2.03367e+00
 2.00346e+00
 1.97273e+00
 1.94456e+00
 1.91713e+00
 1.88943e+00
 1.86009e+00
 1.83567e+00
 1.81793e+00
 1.80122e+00
 1.78306e+00
 1.77146e+00
 1.77541e+00
 1.77740e+00
 1.77641e+00
 1.77485e+00
 1.77212e+00
 1.77336e+00
 1.77694e+00
 1.77900e+00
 1.78028e+00
 1.78041e+00
 1.78035e+00
 1.78273e+00
 1.79349e+00
 1.82321e+00
 1.88839e+00
 2.01330e+00
 2.23374e+00
 2.51345e+00
 2.68343e+00
 2.77459e+00
 2.81621e+00
 2.83265e+00
 2.83800e+00
 2.83878e+00
 2.83789e+00
 2.83665e+00
 2.83566e+00
 2.83476e+00
 2.83362e+00
 2.83086e+00
 2.82089e+00
 2.77694e+00
 2.61590e+00
 2.26130e+00
 2.04679e+00
 2.00554e+00
 2.00060e+00
 2.00006e+00
 2.00001e+00
 2.00000e+00
 2.00000e+00
 2.00000e+00
 2.00000e+00
 2.00000e+00
 2.00000e+00
 2.00000e+00
 2.00000e+00
 2.00000e+00
 2.50000e+00
 2.50000e+00
 2.50000e+00
 2.50000e+00
 2.50000e+00
 2.50000e+00
 2.50000e+00
 2.50000e+00
 2.50000e+00
 2.50000e+00
 2.50000e+00
 2.50000e+00
 2.50000e+00
 2.50000e+00
 2.50000e+00
 2.50000e+00
 2.50000e+00
 2.50000e+00
 2.50000e+00
 2.49998e+00
 2.49992e+00
 2.49970e+00
 2.49896e+00
 2.49684e+00
 2.49179e+00
 2.48179e+00
 2.46550e+00
 2.44326e+00
 2.41663e+00
 2.38728e+00
 2.35632e+00
 2.32432e+00
 2.29184e+00
 2.25912e+00
 2.22625e+00
 2.19326e+00
 2.16013e+00
 2.12682e+00
 2.09529e+00
 2.06382e+00
 2.03367e+00
 2.00346e+00
 1.97273e+00
 1.94456e+00
 1.91713e+00
 1.88943e+00
 1.86009e+00
 1.83567e+00
 1.81793e+00
 1.80122e+00
 1.78306e+00
 1.77146e+00
 1.77541e+00
 1.77740e+00
 1.77641e+00
 1.77485e+00
 1.77212e+00
 1.77336e+00
 1.77694e+00
 1.77900e+00
 1.78028e+00
 1.78041e+00
 1.78035e+00
 1.78273e+00
 1.79349e+00
 1.82321e+00
 1.88839e+00
 2.01330e+00
 2.23374e+00
 2.51345e+00
 2.68343e+00
 2.77459e+00
 2.81621e+00
 2.83265e+00
 2.83800e+00
 2.83878e+00
 2.83789e+00
 2.83665e+00
 2.83566e+00
 2.83476e+00
 2.83362e+00
 2.83086e+00
 2.82089e+00
 2.77694e+00
 2.61590e+00
 2.26130e+00
 2.04679e+00
 2.00554e+00
 2.00060e+00
 2.00006e+00
 2.00001e+00
 2.00000e+00
 2.00000e+00
 2.00000e+00
 2.00000e+00
 2.00000e+00
 2.00000e+00
 2.00000e+00
 2.00000e+00
 2.00000e+00
 2.50000e+00
 2.50000e+00
 2.50000e+00
 2.50000e+00
 2.50000e+00
 2.50000e+00
 2.50000e+00
 2.50000e+00
 2.50000e+00
 2.50000e+00
 2.50000e+00
 2.50000e+00
 2.50000e+00
 2.50000e+00
 2.50000e+00
 2.50000e+00
 2.50000e+00
 2.50000e+00
 2.50000e+00
 2.49998e+00
 2.49992e+00
 2.49970e+00
 2.49896e+00
 2.49684e+00
 2.49179e+00
 2.48179e+00
 2.46550e+00
 2.44326e+00
 2.41663e+00
 2.38728e+00
 2.35632e+00
 2.32432e+00
 2.29184e+00
 2.25912e+00
 2.22625e+00
 2.19326e+00
 2.16013e+00
 2.12682e+00
 2.09529e+00
 2.06382e+00
 2.03367e+00
 2.00346e+00
 1.97273e+00
 1.94456e+00
 1.91713e+00
 1.88943e+00
 1.86009e+00
 1.83567e+00
 1.81793e+00
 1.80122e+00
 1.78306e+00
 1.77146e+00
 1.77541e+00
 1.77740e+00
 1.77641e+00
 1.77485e+00
 1.77212e+00
 1.77336e+00
 1.77694e+00
 1.77900e+00
 1.78028e+00
 1.78041e+00
 1.78035e+00
 1.78273e+00
 1.79349e+00
 1.82321e+00
 1.88839e+00
 2.01330e+00
 2.23374e+00
 2.51345e+00
 2.68343e+00
 2.77459e+00
 2.81621e+00
 2.83265e+00
 2.83800e+00
 2.83878e+00
 2.83789e+00
 2.83665e+00
 2.83566e+00
 2.83476e+00
 2.83362e+00
 2.83086e+00
 2.82089e+00
 2.77694e+00
 2.61590e+00
 2.26130e+00
 2.04679e+00
 2.00554e+00
 2.00060e+00
 2.00006e+00
 2.00001e+00
 2.00000e+00
 2.00000e+00
 2.00000e+00
 2.00000e+00
 2.00000e+00
 2.00000e+00
 2.00000e+00
 2.00000e+00
 2.00000e+00
 2.50000e+00
 2.50000e+00
 2.50000e+00
 2.50000e+00
 2.50000e+00
 2.50000e+00
 2.50000e+00
 2.50000e+00
 2.50000e+00
 2.50000e+00
 2.50000e+00
 2.50000e+00
 2.50000e+00
 2.50000e+00
 2.50000e+00
 2.50000e+00
 2.50000e+00
 2.50000e+00
 2.50000e+00
 2.49998e+00
 2.49992e+00
 2.49970e+00
 2.49896e+00
 2.49684e+00
 2.49179e+00
 2.48179e+00
 2.46550e+00
 2.44326e+00
 2.41663e+00
 2.38728e+00
 2.35632e+00
 2.32432e+00
 2.29184e+00
 2.25912e+00
 2.22625e+00
 2.19326e+00
 2.16013e+00
 2.12682e+00
 2.09529e+00
 2.06382e+00
 2.03367e+00
 2.00346e+00
 1.97273e+00
 1.94456e+00
 1.91713e+00
 1.88943e+00
 1.86009e+00
 1.83567e+00
 1.81793e+00
 1.80122e+00
 1.78306e+00
 1.77146e+00
 1.77541e+00
 1.77740e+00
 1.77641e+00
 1.77485e+00
 1.77212e+00
 1.77336e+00
 1.77694e+00
 1.77900e+00
 1.78028e+00
 1.78041e+00
 1.78035e+00
 1.78273e+00
 1.79349e+00
 1.82321e+00
 1.88839e+00
 2.01330e+00
 2.23374e+00
 2.51345e+00
 2.68343e+00
 2.77459e+00
 2.81621e+00
 2.83265e+00
 2.83800e+00
 2.83878e+00
 2.83789e+00
 2.83665e+00
 2.83566e+00
 2.83476e+00
 2.83362e+00
 2.83086e+00
 2.82089e+00
 2.77694e+00
 2.61590e+00
 2.26130e+00
 2.04679e+00
 2.00554e+00
 2.00060e+00
 2.00006e+00
 2.00001e+00
 2.00000e+00
 2.00000e+00
 2.00000e+00
 2.00000e+00
 2.00000e+00
 2.00000e+00
 2.00000e+00
 2.00000e+00
 2.00000e+00
 2.50000e+00
 2.50000e+00
 2.50000e+00
 2.50000e+00
 2.50000e+00
 2.50000e+00
 2.50000e+00
 2.50000e+00
 2.50000e+00
 2.50000e+00
 2.50000e+00
 2.50000e+00
 2.50000e+00
 2.50000e+00
 2.50000e+00
 2.50000e+00
 2.50000e+00
 2.50000e+00
 2.50000e+00
 2.49998e+00
 2.49992e+00
 2.49970e+00
 2.49896e+00
 2.49684e+00
 2.49179e+00
 2.48179e+00
 2.46550e+00
 2.44326e+00
 2.41663e+00
 2.38728e+00
 2.35632e+00
 2.32432e+00
 2.29184e+00
 2.25912e+00
 2.22625e+00
 2.19326e+00
 2.16013e+00
 2.12682e+00
 2.09529e+00
 2.06382e+00
 2.03367e+00
 2.00346e+00
 1.97273e+00
 1.94456e+00
 1.91713e+00
 1.88943e+00
 1.86009e+00
 1.83567e+00
 1.81793e+00
 1.80122e+00
 1.78306e+00
 1.77146e+00
 1.77541e+00
 1.77740e+00
 1.77641e+00
 1.77485e+00
 1.77212e+00
 1.77336e+00
 1.77694e+00
 1.77900e+00
 1.78028e+00
 1.78041e+00
 1.78035e+00
 1.78273e+00
 1.79349e+00
 1.82321e+00
 1.88839e+00
 2.01330e+00
 2.23374e+00
 2.51345e+00
 2.68343e+00
 2.77459e+00
 2.81621e+00
 2.83265e+00
 2.83800e+00
 2.83878e+00
 2.83789e+00
 2.83665e+00
 2.83566e+00
 2.83476e+00
 2.83362e+00
 2.83086e+00
 2.82089e+00
 2.77694e+00
 2.61590e+00
 2.26130e+00
 2.04679e+00
 2.00554e+00
 2.00060e+00
 2.00006e+00
 2.00001e+00
 2.00000e+00
 2.00000e+00
 2.00000e+00
 2.00000e+00
 2.00000e+00
 2.00000e+00
 2.00000e+00
 2.00000e+00
 2.00000e+00
 2.50000e+00
 2.50000e+00
 2.50000e+00
 2.50000e+00
 2.50000e+00
 2.50000e+00
 2.50000e+00
 2.50000e+00
 2.50000e+00
 2.50000e+00
 2.50000e+00
 2.50000e+00
 2.50000e+00
 2.50000e+00
 2.50000e+00
 2.50000e+00
 2.50000e+00
 2.50000e+00
 2.50000e+00
 2.49998e+00
 2.49992e+00
 2.49970e+00
 2.49896e+00
 2.49684e+00
 2.49179e+00
 2.48179e+00
 2.46550e+00
 2.44326e+00
 2.41663e+00
 2.38728e+00
 2.35632e+00
 2.32432e+00
 2.29184e+00
 2.25912e+00
 2.22625e+00
 2.19326e+00
 2.16013e+00
 2.12682e+00
 2.09529e+00
 2.06382e+00
 2.03367e+00
 2.00346e+00
 1.97273e+00
 1.94456e+00
 1.91713e+00
 1.88943e+00
 1.86009e+00
 1.83567e+00
 1.81793e+00
 1.80122e+00
 1.78306e+00
 1.77146e+00
 1.77541e+00
 1.77740e+00
 1.77641e+00
 1.77485e+00
 1.77212e+00
 1.77336e+00
 1.77694e+00
 1.77900e+00
 1.78028e+00
 1.78041e+00
 1.78035e+00
 1.78273e+00
 1.79349e+00
 1.82321e+00
 1.88839e+00
 2.01330e+00
 2.23374e+00
 2.51345e+00
 2.68343e+00
 2.77459e+00
 2.81621e+00
 2.83265e+00
 2.83800e+00
 2.83878e+00
 2.83789e+00
 2.83665e+00
 2.83566e+00
 2.83476e+00
 2.83362e+00
 2.83086e+00
 2.82089e+00
 2.77694e+00
 2.61590e+00
 2.26130e+00
 2.04679e+00
 2.00554e+00
 2.00060e+00
 2.00006e+00
 2.00001e+00
 2.00000e+00
 2.00000e+00
 2.00000e+00
 2.00000e+00
 2.00000e+00
 2.00000e+00
 2.00000e+00
 2.00000e+00
 2.00000e+00
 2.50000e+00
 2.50000e+00
 2.50000e+00
 2.50000e+00
 2.50000e+00
 2.50000e+00
 2.50000e+00
 2.50000e+00
 2.50000e+00
 2.50000e+00
 2.50000e+00
 2.50000e+00
 2.50000e+00
 2.50000e+00
 2.50000e+00
 2.50000e+00
 2.50000e+00
 2.50000e+00
 2.50000e+00
 2.49998e+00
 2.49992e+00
 2.49970e+00
 2.49896e+00
 2.49684e+00
 2.49179e+00
 2.48179e+00
 2.46550e+00
 2.44326e+00
 2.41663e+00
 2.38728e+00
 2.35632e+00
 2.32432e+00
 2.29184e+00
 2.25912e+00
 2.22625e+00
 2.19326e+00
 2.16013e+00
 2.12682e+00
 2.09529e+00
 2.06382e+00
 2.03367e+00
 2.00346e+00
 1.97273e+00
 1.94456e+00
 1.91713e+00
 1.88943e+00
 1.86009e+00
 1.83567e+00
 1.81793e+00
 1.80122e+00
 1.78306e+00
 1.77146e+00
 1.77541e+00
 1.77740e+00
 1.77641e+00
 1.77485e+00
 1.77212e+00
 1.77336e+00
 1.77694e+00
 1.77900e+00
 1.78028e+00
 1.78041e+00
 1.78035e+00
 1.78273e+00
 1.79349e+00
 1.82321e+00
 1.88839e+00
 2.01330e+00
 2.23374e+00
 2.51345e+00
 2.68343e+00
 2.77459e+00
 2.81621e+00
 2.83265e+00
 2.83800e+00
 2.83878e+00
 2.83789e+00
 2.83665e+00
 2.83566e+00
 2.83476e+00
 2.83362e+00
 2.83086e+00
 2.82089e+00
 2.77694e+00
 2.61590e+00
 2.26130e+00
 2.04679e+00
 2.00554e+00
 2.00060e+00
 2.00006e+00
 2.00001e+00
 2.00000e+00
 2.00000e+00
 2.00000e+00
 2.00000e+00
 2.00000e+00
 2.00000e+00
 2.00000e+00
 2.00000e+00
 2.00000e+00
 2.50000e+00
 2.50000e+00
 2.50000e+00
 2.50000e+00
 2.50000e+00
 2.50000e+00
 2.50000e+00
 2.50000e+00
 2.50000e+00
 2.50000e+00
 2.50000e+00
 2.50000e+00
 2.50000e+00
 2.50000e+00
 2.50000e+00
 2.50000e+00
 2.50000e+00
 2.50000e+00
 2.50000e+00
 2.49998e+00
 2.49992e+00
 2.49970e+00
 2.49896e+00
 2.49684e+00
 2.49179e+00
 2.48179e+00
 2.46550e+00
 2.44326e+00
 2.41663e+00
 2.38728e+00
 2.35632e+00
 2.32432e+00
 2.29184e+00
 2.25912e+00
 2.22625e+00
 2.19326e+00
 2.16013e+00
 2.12682e+00
 2.09529e+00
 2.06382e+00
 2.03367e+00
 2.00346e+00
 1.97273e+00
 1.94456e+00
 1.91713e+00
 1.88943e+00
 1.86009e+00
 1.83567e+00
 1.81793e+00
 1.80122e+00
 1.78306e+00
 1.77146e+00
 1.77541e+00
 1.77740e+00
 1.77641e+00
 1.77485e+00
 1.77212e+00
 1.77336e+00
 1.77694e+00
 1.77900e+00
 1.78028e+00
 1.78041e+00
 1.78035e+00
 1.78273e+00
 1.79349e+00
 1.82321e+00
 1.88839e+00
 2.01330e+00
 2.23374e+00
 2.51345e+00
 2.68343e+00
 2.77459e+00
 2.81621e+00
 2.83265e+00
 2.83800e+00
 2.83878e+00
 2.83789e+00
 2.83665e+00
 2.83566e+00
 2.83476e+00
 2.83362e+00
 2.83086e+00
 2.82089e+00
 2.77694e+00
 2.61590e+00
 2.26130e+00
 2.04679e+00
 2.00554e+00
 2.00060e+00
 2.00006e+00
 2.00001e+00
 2.00000e+00
 2.00000e+00
 2.00000e+00
 2.00000e+00
 2.00000e+00
 2.00000e+00
 2.00000e+00
 2.00000e+00
 2.00000e+00
 2.50000e+00
 2.50000e+00
 2.50000e+00
 2.50000e+00
 2.50000e+00
 2.50000e+00
 2.50000e+00
 2.50000e+00
 2.50000e+00
 2.50000e+00
 2.50000e+00
 2.50000e+00
 2.50000e+00
 2.50000e+00
 2.50000e+00
 2.50000e+00
 2.50000e+00
 2.50000e+00
 2.50000e+00
 2.49998e+00
 2.49992e+00
 2.49970e+00
 2.49896e+00
 2.49684e+00
 2.49179e+00
 2.48179e+00
 2.46550e+00
 2.44326e+00
 2.41663e+00
 2.38728e+00
 2.35632e+00
 2.32432e+00
 2.29184e+00
 2.25912e+00
 2.22625e+00
 2.19326e+00
 2.16013e+00
 2.12682e+00
 2.09529e+00
 2.06382e+00
 2.03367e+00
 2.00346e+00
 1.97273e+00
 1.94456e+00
 1.91713e+00
 1.88943e+00
 1.86009e+00
 1.83567e+00
 1.81793e+00
 1.80122e+00
 1.78306e+00
 1.77146e+00
 1.77541e+00
 1.77740e+00
 1.77641e+00
 1.77485e+00
 1.77212e+00
 1.77336e+00
 1.77694e+00
 1.77900e+00
 1.78028e+00
 1.78041e+00
 1.78035e+00
 1.78273e+00
 1.79349e+00
 1.82321e+00
 1.88839e+00
 2.01330e+00
 2.23374e+00
 2.51345e+00
 2.68343e+00
 2.77459e+00
 2.81621e+00
 2.83265e+00
 2.83800e+00
 2.83878e+00
 2.83789e+00
 2.83665e+00
 2.83566e+00
 2.83476e+00
 2.83362e+00
 2.83086e+00
 2.82089e+00
 2.77694e+00
 2.61590e+00
 2.26130e+00
 2.04679e+00
 2.00554e+00
 2.00060e+00
 2.00006e+00
 2.00001e+00
 2.00000e+00
 2.00000e+00
 2.00000e+00
 2.00000e+00
 2.00000e+00
 2.00000e+00
 2.00000e+00
 2.00000e+00
 2.00000e+00
 2.50000e+00
 2.50000e+00
 2.50000e+00
 2.50000e+00
 2.50000e+00
 2.50000e+00
 2.50000e+00
 2.50000e+00
 2.50000e+00
 2.50000e+00
 2.50000e+00
 2.50000e+00
 2.50000e+00
 2.50000e+00
 2.50000e+00
 2.50000e+00
 2.50000e+00
 2.50000e+00
 2.50000e+00
 2.49998e+00
 2.49992e+00
 2.49970e+00
 2.49896e+00
 2.49684e+00
 2.49179e+00
 2.48179e+00
 2.46550e+00
 2.44326e+00
 2.41663e+00
 2.38728e+00
 2.35632e+00
 2.32432e+00
 2.29184e+00
 2.25912e+00
 2.22625e+00
 2.19326e+00
 2.16013e+00
 2.12682e+00
 2.09529e+00
 2.06382e+00
 2.03367e+00
 2.00346e+00
 1.97273e+00
 1.94456e+00
 1.91713e+00
 1.88943e+00
 1.86009e+00
 1.83567e+00
 1.81793e+00
 1.80122e+00
 1.78306e+00
 1.77146e+00
 1.77541e+00
 1.77740e+00
 1.77641e+00
 1.77485e+00
 1.77212e+00
 1.77336e+00
 1.77694e+00
 1.77900e+00
 1.78028e+00
 1.78041e+00
 1.78035e+00
 1.78273e+00
 1.79349e+00
 1.82321e+00
 1.88839e+00
 2.01330e+00
 2.23374e+00
 2.51345e+00
 2.68343e+00
 2.77459e+00
 2.81621e+00
 2.83265e+00
 2.83800e+00
 2.83878e+00
 2.83789e+00
 2.83665e+00
 2.83566e+00
 2.83476e+00
 2.83362e+00
 2.83086e+00
 2.82089e+00
 2.77694e+00
 2.61590e+00
 2.26130e+00
 2.04679e+00
 2.00554e+00
 2.00060e+00
 2.00006e+00
 2.00001e+00
 2.00000e+00
 2.00000e+00
 2.00000e+00
 2.00000e+00
 2.00000e+00
 2.00000e+00
 2.00000e+00
 2.00000e+00
 2.00000e+00
