InternalEnergy
part
         1
hexa8
 2.50000e+00
 2.50000e+00
 2.50000e+00
 2.50000e+00
 2.50000e+00
 2.50000e+00
 2.50000e+00
 2.50000e+00
 2.50000e+00
 2.50000e+00
 2.50000e+00
 2.50000e+00
 2.50000e+00
 2.50000e+00
 2.50000e+00
 2.50000e+00
 2.50000e+00
 2.50000e+00
 2.50000e+00
 2.50000e+00
 2.50000e+00
 2.50000e+00
 2.50000e+00
 2.50000e+00
 2.50000e+00
 2.50000e+00
 2.50000e+00
 2.50000e+00
 2.50000e+00
 2.50000e+00
 2.50000e+00
 2.50000e+00
 2.50000e+00
 2.50000e+00
 2.50000e+00
 2.50000e+00
 2.50000e+00
 2.50000e+00
 2.50000e+00
 2.50000e+00
 2.50000e+00
 2.50000e+00
 2.50000e+00
 2.50000e+00
 2.50000e+00
 2.50000e+00
 2.50000e+00
 2.50000e+00
 2.50000e+00
 2.50000e+00
 2.50000e+00
 2.50000e+00
 2.50000e+00
 2.50000e+00
 2.50000e+00
 2.50000e+00
 2.50000e+00
 2.50000e+00
 2.50000e+00
 2.50000e+00
 2.50000e+00
 2.50000e+00
 2.50000e+00
 2.50000e+00
 2.50000e+00
 2.50000e+00
 2.50000e+00
 2.50000e+00
 2.50000e+00
 2.50000e+00
 2.50000e+00
 2.50000e+00
 2.50000e+00
 2.50000e+00
 2.50000e+00
 2.50000e+00
 2.50000e+00
 2.50000e+00
 2.50000e+00
 2.50000e+00
 2.50000e+00
 2.50000e+00
 2.50000e+00
 2.50000e+00
 2.50000e+00
 2.50000e+00
 2.50000e+00
 2.50000e+00
 2.50000e+00
 2.50000e+00
 2.50000e+00
 2.50000e+00
 2.50000e+00
 2.50000e+00
 2.50000e+00
 2.49999e+00
 2.49999e+00
 2.49999e+00
 2.49999e+00
 2.49999e+00
 2.49994e+00
 2.49994e+00
 2.49994e+00
 2.49994e+00
 2.49994e+00
 2.49977e+00
 2.49977e+00
 2.49977e+00
 2.49977e+00
 2.49977e+00
 2.49917e+00
 2.49917e+00
 2.49917e+00
 2.49917e+00
 2.49917e+00
 2.49743e+00
 2.49743e+00
 2.49743e+00
 2.49743e+00
 2.49743e+00
 2.49318e+00
 2.49318e+00
 2.49318e+00
 2.49318e+00
 2.49318e+00
 2.50000e+00
 2.50000e+00
 2.50000e+00
 2.50000e+00
 2.50000e+00
 2.50000e+00
 2.50000e+00
 2.50000e+00
 2.50000e+00
 2.50000e+00
 2.50000e+00
 2.50000e+00
 2.50000e+00
 2.50000e+00
 2.50000e+00
 2.50000e+00
 2.50000e+00
 2.50000e+00
 2.50000e+00
 2.50000e+00
 2.50000e+00
 2.50000e+00
 2.50000e+00
 2.50000e+00
 2.50000e+00
 2.50000e+00
 2.50000e+00
 2.50000e+00
 2.50000e+00
 2.50000e+00
 2.50000e+00
 2.50000e+00
 2.50000e+00
 2.50000e+00
 2.50000e+00
 2.50000e+00
 2.50000e+00
 2.50000e+00
 2.50000e+00
 2.50000e+00
 2.50000e+00
 2.50000e+00
 2.50000e+00
 2.50000e+00
 2.50000e+00
 2.50000e+00
 2.50000e+00
 2.50000e+00
 2.50000e+00
 2.50000e+00
 2.50000e+00
 2.50000e+00
 2.50000e+00
 2.50000e+00
 2.50000e+00
 2.50000e+00
 2.50000e+00
 2.50000e+00
 2.50000e+00
 2.50000e+00
 2.50000e+00
 2.50000e+00
 2.50000e+00
 2.50000e+00
 2.50000e+00
 2.50000e+00
 2.50000e+00
 2.50000e+00
 2.50000e+00
 2.50000e+00
 2.50000e+00
 2.50000e+00
 2.50000e+00
 2.50000e+00
 2.50000e+00
 2.50000e+00
 2.50000e+00
 2.50000e+00
 2.50000e+00
 2.50000e+00
 2.50000e+00
 2.50000e+00
 2.50000e+00
 2.50000e+00
 2.50000e+00
 2.50000e+00
 2.50000e+00
 2.50000e+00
 2.50000e+00
 2.50000e+00
 2.50000e+00
 2.50000e+00
 2.50000e+00
 2.50000e+00
 2.50000e+00
 2.49999e+00
 2.49999e+00
 2.49999e+00
 2.49999e+00
 2.49999e+00
 2.49994e+00
 2.49994e+00
 2.49994e+00
 2.49994e+00
 2.49994e+00
 2.49977e+00
 2.49977e+00
 2.49977e+00
 2.49977e+00
 2.49977e+00
 2.49917e+00
 2.49917e+00
 2.49917e+00
 2.49917e+00
 2.49917e+00
 2.49743e+00
 2.49743e+00
 2.49743e+00
 2.49743e+00
 2.49743e+00
 2.49318e+00
 2.49318e+00
 2.49318e+00
 2.49318e+00
 2.49318e+00
 2.50000e+00
 2.50000e+00
 2.50000e+00
 2.50000e+00
 2.50000e+00
 2.50000e+00
 2.50000e+00
 2.50000e+00
 2.50000e+00
 2.50000e+00
 2.50000e+00
 2.50000e+00
 2.50000e+00
 2.50000e+00
 2.50000e+00
 2.50000e+00
 2.50000e+00
 2.50000e+00
 2.50000e+00
 2.50000e+00
 2.50000e+00
 2.50000e+00
 2.50000e+00
 2.50000e+00
 2.50000e+00
 2.50000e+00
 2.50000e+00
 2.50000e+00
 2.50000e+00
 2.50000e+00
 2.50000e+00
 2.50000e+00
 2.50000e+00
 2.50000e+00
 2.50000e+00
 2.50000e+00
 2.50000e+00
 2.50000e+00
 2.50000e+00
 2.50000e+00
 2.50000e+00
 2.50000e+00
 2.50000e+00
 2.50000e+00
 2.50000e+00
 2.50000e+00
 2.50000e+00
 2.50000e+00
 2.50000e+00
 2.50000e+00
 2.50000e+00
 2.50000e+00
 2.50000e+00
 2.50000e+00
 2.50000e+00
 2.50000e+00
 2.50000e+00
 2.50000e+00
 2.50000e+00
 2.50000e+00
 2.50000e+00
 2.50000e+00
 2.50000e+00
 2.50000e+00
 2.50000e+00
 2.50000e+00
 2.50000e+00
 2.50000e+00
 2.50000e+00
 2.50000e+00
 2.50000e+00
 2.50000e+00
 2.50000e+00
 2.50000e+00
 2.50000e+00
 2.50000e+00
 2.50000e+00
 2.50000e+00
 2.50000e+00
 2.50000e+00
 2.50000e+00
 2.50000e+00
 2.50000e+00
 2.50000e+00
 2.50000e+00
 2.50000e+00
 2.50000e+00
 2.50000e+00
 2.50000e+00
 2.50000e+00
 2.50000e+00
 2.50000e+00
 2.50000e+00
 2.50000e+00
 2.50000e+00
 2.49999e+00
 2.49999e+00
 2.49999e+00
 2.49999e+00
 2.49999e+00
 2.49994e+00
 2.49994e+00
 2.49994e+00
 2.49994e+00
 2.49994e+00
 2.49977e+00
 2.49977e+00
 2.49977e+00
 2.49977e+00
 2.49977e+00
 2.49917e+00
 2.49917e+00
 2.49917e+00
 2.49917e+00
 2.49917e+00
 2.49743e+00
 2.49743e+00
 2.49743e+00
 2.49743e+00
 2.49743e+00
 2.49318e+00
 2.49318e+00
 2.49318e+00
 2.49318e+00
 2.49318e+00
 2.50000e+00
 2.50000e+00
 2.50000e+00
 2.50000e+00
 2.50000e+00
 2.50000e+00
 2.50000e+00
 2.50000e+00
 2.50000e+00
 2.50000e+00
 2.50000e+00
 2.50000e+00
 2.50000e+00
 2.50000e+00
 2.50000e+00
 2.50000e+00
 2.50000e+00
 2.50000e+00
 2.50000e+00
 2.50000e+00
 2.50000e+00
 2.50000e+00
 2.50000e+00
 2.50000e+00
 2.50000e+00
 2.50000e+00
 2.50000e+00
 2.50000e+00
 2.50000e+00
 2.50000e+00
 2.50000e+00
 2.50000e+00
 2.50000e+00
 2.50000e+00
 2.50000e+00
 2.50000e+00
 2.50000e+00
 2.50000e+00
 2.50000e+00
 2.50000e+00
 2.50000e+00
 2.50000e+00
 2.50000e+00
 2.50000e+00
 2.50000e+00
 2.50000e+00
 2.50000e+00
 2.50000e+00
 2.50000e+00
 2.50000e+00
 2.50000e+00
 2.50000e+00
 2.50000e+00
 2.50000e+00
 2.50000e+00
 2.50000e+00
 2.50000e+00
 2.50000e+00
 2.50000e+00
 2.50000e+00
 2.50000e+00
 2.50000e+00
 2.50000e+00
 2.50000e+00
 2.50000e+00
 2.50000e+00
 2.50000e+00
 2.50000e+00
 2.50000e+00
 2.50000e+00
 2.50000e+00
 2.50000e+00
 2.50000e+00
 2.50000e+00
 2.50000e+00
 2.50000e+00
 2.50000e+00
 2.50000e+00
 2.50000e+00
 2.50000e+00
 2.50000e+00
 2.50000e+00
 2.50000e+00
 2.50000e+00
 2.50000e+00
 2.50000e+00
 2.50000e+00
 2.50000e+00
 2.50000e+00
 2.50000e+00
 2.50000e+00
 2.50000e+00
 2.50000e+00
 2.50000e+00
 2.50000e+00
 2.49999e+00
 2.49999e+00
 2.49999e+00
 2.49999e+00
 2.49999e+00
 2.49994e+00
 2.49994e+00
 2.49994e+00
 2.49994e+00
 2.49994e+00
 2.49977e+00
 2.49977e+00
 2.49977e+00
 2.49977e+00
 2.49977e+00
 2.49917e+00
 2.49917e+00
 2.49917e+00
 2.49917e+00
 2.49917e+00
 2.49743e+00
 2.49743e+00
 2.49743e+00
 2.49743e+00
 2.49743e+00
 2.49318e+00
 2.49318e+00
 2.49318e+00
 2.49318e+00
 2.49318e+00
 2.50000e+00
 2.50000e+00
 2.50000e+00
 2.50000e+00
 2.50000e+00
 2.50000e+00
 2.50000e+00
 2.50000e+00
 2.50000e+00
 2.50000e+00
 2.50000e+00
 2.50000e+00
 2.50000e+00
 2.50000e+00
 2.50000e+00
 2.50000e+00
 2.50000e+00
 2.50000e+00
 2.50000e+00
 2.50000e+00
 2.50000e+00
 2.50000e+00
 2.50000e+00
 2.50000e+00
 2.50000e+00
 2.50000e+00
 2.50000e+00
 2.50000e+00
 2.50000e+00
 2.50000e+00
 2.50000e+00
 2.50000e+00
 2.50000e+00
 2.50000e+00
 2.50000e+00
 2.50000e+00
 2.50000e+00
 2.50000e+00
 2.50000e+00
 2.50000e+00
 2.50000e+00
 2.50000e+00
 2.50000e+00
 2.50000e+00
 2.50000e+00
 2.50000e+00
 2.50000e+00
 2.50000e+00
 2.50000e+00
 2.50000e+00
 2.50000e+00
 2.50000e+00
 2.50000e+00
 2.50000e+00
 2.50000e+00
 2.50000e+00
 2.50000e+00
 2.50000e+00
 2.50000e+00
 2.50000e+00
 2.50000e+00
 2.50000e+00
 2.50000e+00
 2.50000e+00
 2.50000e+00
 2.50000e+00
 2.50000e+00
 2.50000e+00
 2.50000e+00
 2.50000e+00
 2.50000e+00
 2.50000e+00
 2.50000e+00
 2.50000e+00
 2.50000e+00
 2.50000e+00
 2.50000e+00
 2.50000e+00
 2.50000e+00
 2.50000e+00
 2.50000e+00
 2.50000e+00
 2.50000e+00
 2.50000e+00
 2.50000e+00
 2.50000e+00
 2.50000e+00
 2.50000e+00
 2.50000e+00
 2.50000e+00
 2.50000e+00
 2.50000e+00
 2.50000e+00
 2.50000e+00
 2.50000e+00
 2.49999e+00
 2.49999e+00
 2.49999e+00
 2.49999e+00
 2.49999e+00
 2.49994e+00
 2.49994e+00
 2.49994e+00
 2.49994e+00
 2.49994e+00
 2.49977e+00
 2.49977e+00
 2.49977e+00
 2.49977e+00
 2.49977e+00
 2.49917e+00
 2.49917e+00
 2.49917e+00
 2.49917e+00
 2.49917e+00
 2.49743e+00
 2.49743e+00
 2.49743e+00
 2.49743e+00
 2.49743e+00
 2.49318e+00
 2.49318e+00
 2.49318e+00
 2.49318e+00
 2.49318e+00
part
         2
hexa8
 2.48462e+00
 2.48462e+00
 2.48462e+00
 2.48462e+00
 2.48462e+00
 2.47033e+00
 2.47033e+00
 2.47033e+00
 2.47033e+00
 2.47033e+00
 2.45023e+00
 2.45023e+00
 2.45023e+00
 2.45023e+00
 2.45023e+00
 2.42540e+00
 2.42540e+00
 2.42540e+00
 2.42540e+00
 2.42540e+00
 2.39725e+00
 2.39725e+00
 2.39725e+00
 2.39725e+00
 2.39725e+00
 2.36692e+00
 2.36692e+00
 2.36692e+00
 2.36692e+00
 2.36692e+00
 2.33518e+00
 2.33518e+00
 2.33518e+00
 2.33518e+00
 2.33518e+00
 2.30250e+00
 2.30250e+00
 2.30250e+00
 2.30250e+00
 2.30250e+00
 2.26918e+00
 2.26918e+00
 2.26918e+00
 2.26918e+00
 2.26918e+00
 2.23537e+00
 2.23537e+00
 2.23537e+00
 2.23537e+00
 2.23537e+00
 2.20113e+00
 2.20113e+00
 2.20113e+00
 2.20113e+00
 2.20113e+00
 2.16649e+00
 2.16649e+00
 2.16649e+00
 2.16649e+00
 2.16649e+00
 2.13139e+00
 2.13139e+00
 2.13139e+00
 2.13139e+00
 2.13139e+00
 2.09588e+00
 2.09588e+00
 2.09588e+00
 2.09588e+00
 2.09588e+00
 2.05985e+00
 2.05985e+00
 2.05985e+00
 2.05985e+00
 2.05985e+00
 2.02186e+00
 2.02186e+00
 2.02186e+00
 2.02186e+00
 2.02186e+00
 1.98268e+00
 1.98268e+00
 1.98268e+00
 1.98268e+00
 1.98268e+00
 1.95617e+00
 1.95617e+00
 1.95617e+00
 1.95617e+00
 1.95617e+00
 1.92966e+00
 1.92966e+00
 1.92966e+00
 1.92966e+00
 1.92966e+00
 1.90467e+00
 1.90467e+00
 1.90467e+00
 1.90467e+00
 1.90467e+00
 1.88176e+00
 1.88176e+00
 1.88176e+00
 1.88176e+00
 1.88176e+00
 1.86162e+00
 1.86162e+00
 1.86162e+00
 1.86162e+00
 1.86162e+00
 1.84368e+00
 1.84368e+00
 1.84368e+00
 1.84368e+00
 1.84368e+00
 1.82343e+00
 1.82343e+00
 1.82343e+00
 1.82343e+00
 1.82343e+00
 1.79677e+00
 1.79677e+00
 1.79677e+00
 1.79677e+00
 1.79677e+00
 2.48462e+00
 2.48462e+00
 2.48462e+00
 2.48462e+00
 2.48462e+00
 2.47033e+00
 2.47033e+00
 2.47033e+00
 2.47033e+00
 2.47033e+00
 2.45023e+00
 2.45023e+00
 2.45023e+00
 2.45023e+00
 2.45023e+00
 2.42540e+00
 2.42540e+00
 2.42540e+00
 2.42540e+00
 2.42540e+00
 2.39725e+00
 2.39725e+00
 2.39725e+00
 2.39725e+00
 2.39725e+00
 2.36692e+00
 2.36692e+00
 2.36692e+00
 2.36692e+00
 2.36692e+00
 2.33518e+00
 2.33518e+00
 2.33518e+00
 2.33518e+00
 2.33518e+00
 2.30250e+00
 2.30250e+00
 2.30250e+00
 2.30250e+00
 2.30250e+00
 2.26918e+00
 2.26918e+00
 2.26918e+00
 2.26918e+00
 2.26918e+00
 2.23537e+00
 2.23537e+00
 2.23537e+00
 2.23537e+00
 2.23537e+00
 2.20113e+00
 2.20113e+00
 2.20113e+00
 2.20113e+00
 2.20113e+00
 2.16649e+00
 2.16649e+00
 2.16649e+00
 2.16649e+00
 2.16649e+00
 2.13139e+00
 2.13139e+00
 2.13139e+00
 2.13139e+00
 2.13139e+00
 2.09588e+00
 2.09588e+00
 2.09588e+00
 2.09588e+00
 2.09588e+00
 2.05985e+00
 2.05985e+00
 2.05985e+00
 2.05985e+00
 2.05985e+00
 2.02186e+00
 2.02186e+00
 2.02186e+00
 2.02186e+00
 2.02186e+00
 1.98268e+00
 1.98268e+00
 1.98268e+00
 1.98268e+00
 1.98268e+00
 1.95617e+00
 1.95617e+00
 1.95617e+00
 1.95617e+00
 1.95617e+00
 1.92966e+00
 1.92966e+00
 1.92966e+00
 1.92966e+00
 1.92966e+00
 1.90467e+00
 1.90467e+00
 1.90467e+00
 1.90467e+00
 1.90467e+00
 1.88176e+00
 1.88176e+00
 1.88176e+00
 1.88176e+00
 1.88176e+00
 1.86162e+00
 1.86162e+00
 1.86162e+00
 1.86162e+00
 1.86162e+00
 1.84368e+00
 1.84368e+00
 1.84368e+00
 1.84368e+00
 1.84368e+00
 1.82343e+00
 1.82343e+00
 1.82343e+00
 1.82343e+00
 1.82343e+00
 1.79677e+00
 1.79677e+00
 1.79677e+00
 1.79677e+00
 1.79677e+00
 2.48462e+00
 2.48462e+00
 2.48462e+00
 2.48462e+00
 2.48462e+00
 2.47033e+00
 2.47033e+00
 2.47033e+00
 2.47033e+00
 2.47033e+00
 2.45023e+00
 2.45023e+00
 2.45023e+00
 2.45023e+00
 2.45023e+00
 2.42540e+00
 2.42540e+00
 2.42540e+00
 2.42540e+00
 2.42540e+00
 2.39725e+00
 2.39725e+00
 2.39725e+00
 2.39725e+00
 2.39725e+00
 2.36692e+00
 2.36692e+00
 2.36692e+00
 2.36692e+00
 2.36692e+00
 2.33518e+00
 2.33518e+00
 2.33518e+00
 2.33518e+00
 2.33518e+00
 2.30250e+00
 2.30250e+00
 2.30250e+00
 2.30250e+00
 2.30250e+00
 2.26918e+00
 2.26918e+00
 2.26918e+00
 2.26918e+00
 2.26918e+00
 2.23537e+00
 2.23537e+00
 2.23537e+00
 2.23537e+00
 2.23537e+00
 2.20113e+00
 2.20113e+00
 2.20113e+00
 2.20113e+00
 2.20113e+00
 2.16649e+00
 2.16649e+00
 2.16649e+00
 2.16649e+00
 2.16649e+00
 2.13139e+00
 2.13139e+00
 2.13139e+00
 2.13139e+00
 2.13139e+00
 2.09588e+00
 2.09588e+00
 2.09588e+00
 2.09588e+00
 2.09588e+00
 2.05985e+00
 2.05985e+00
 2.05985e+00
 2.05985e+00
 2.05985e+00
 2.02186e+00
 2.02186e+00
 2.02186e+00
 2.02186e+00
 2.02186e+00
 1.98268e+00
 1.98268e+00
 1.98268e+00
 1.98268e+00
 1.98268e+00
 1.95617e+00
 1.95617e+00
 1.95617e+00
 1.95617e+00
 1.95617e+00
 1.92966e+00
 1.92966e+00
 1.92966e+00
 1.92966e+00
 1.92966e+00
 1.90467e+00
 1.90467e+00
 1.90467e+00
 1.90467e+00
 1.90467e+00
 1.88176e+00
 1.88176e+00
 1.88176e+00
 1.88176e+00
 1.88176e+00
 1.86162e+00
 1.86162e+00
 1.86162e+00
 1.86162e+00
 1.86162e+00
 1.84368e+00
 1.84368e+00
 1.84368e+00
 1.84368e+00
 1.84368e+00
 1.82343e+00
 1.82343e+00
 1.82343e+00
 1.82343e+00
 1.82343e+00
 1.79677e+00
 1.79677e+00
 1.79677e+00
 1.79677e+00
 1.79677e+00
 2.48462e+00
 2.48462e+00
 2.48462e+00
 2.48462e+00
 2.48462e+00
 2.47033e+00
 2.47033e+00
 2.47033e+00
 2.47033e+00
 2.47033e+00
 2.45023e+00
 2.45023e+00
 2.45023e+00
 2.45023e+00
 2.45023e+00
 2.42540e+00
 2.42540e+00
 2.42540e+00
 2.42540e+00
 2.42540e+00
 2.39725e+00
 2.39725e+00
 2.39725e+00
 2.39725e+00
 2.39725e+00
 2.36692e+00
 2.36692e+00
 2.36692e+00
 2.36692e+00
 2.36692e+00
 2.33518e+00
 2.33518e+00
 2.33518e+00
 2.33518e+00
 2.33518e+00
 2.30250e+00
 2.30250e+00
 2.30250e+00
 2.30250e+00
 2.30250e+00
 2.26918e+00
 2.26918e+00
 2.26918e+00
 2.26918e+00
 2.26918e+00
 2.23537e+00
 2.23537e+00
 2.23537e+00
 2.23537e+00
 2.23537e+00
 2.20113e+00
 2.20113e+00
 2.20113e+00
 2.20113e+00
 2.20113e+00
 2.16649e+00
 2.16649e+00
 2.16649e+00
 2.16649e+00
 2.16649e+00
 2.13139e+00
 2.13139e+00
 2.13139e+00
 2.13139e+00
 2.13139e+00
 2.09588e+00
 2.09588e+00
 2.09588e+00
 2.09588e+00
 2.09588e+00
 2.05985e+00
 2.05985e+00
 2.05985e+00
 2.05985e+00
 2.05985e+00
 2.02186e+00
 2.02186e+00
 2.02186e+00
 2.02186e+00
 2.02186e+00
 1.98268e+00
 1.98268e+00
 1.98268e+00
 1.98268e+00
 1.98268e+00
 1.95617e+00
 1.95617e+00
 1.95617e+00
 1.95617e+00
 1.95617e+00
 1.92966e+00
 1.92966e+00
 1.92966e+00
 1.92966e+00
 1.92966e+00
 1.90467e+00
 1.90467e+00
 1.90467e+00
 1.90467e+00
 1.90467e+00
 1.88176e+00
 1.88176e+00
 1.88176e+00
 1.88176e+00
 1.88176e+00
 1.86162e+00
 1.86162e+00
 1.86162e+00
 1.86162e+00
 1.86162e+00
 1.84368e+00
 1.84368e+00
 1.84368e+00
 1.84368e+00
 1.84368e+00
 1.82343e+00
 1.82343e+00
 1.82343e+00
 1.82343e+00
 1.82343e+00
 1.79677e+00
 1.79677e+00
 1.79677e+00
 1.79677e+00
 1.79677e+00
 2.48462e+00
 2.48462e+00
 2.48462e+00
 2.48462e+00
 2.48462e+00
 2.47033e+00
 2.47033e+00
 2.47033e+00
 2.47033e+00
 2.47033e+00
 2.45023e+00
 2.45023e+00
 2.45023e+00
 2.45023e+00
 2.45023e+00
 2.42540e+00
 2.42540e+00
 2.42540e+00
 2.42540e+00
 2.42540e+00
 2.39725e+00
 2.39725e+00
 2.39725e+00
 2.39725e+00
 2.39725e+00
 2.36692e+00
 2.36692e+00
 2.36692e+00
 2.36692e+00
 2.36692e+00
 2.33518e+00
 2.33518e+00
 2.33518e+00
 2.33518e+00
 2.33518e+00
 2.30250e+00
 2.30250e+00
 2.30250e+00
 2.30250e+00
 2.30250e+00
 2.26918e+00
 2.26918e+00
 2.26918e+00
 2.26918e+00
 2.26918e+00
 2.23537e+00
 2.23537e+00
 2.23537e+00
 2.23537e+00
 2.23537e+00
 2.20113e+00
 2.20113e+00
 2.20113e+00
 2.20113e+00
 2.20113e+00
 2.16649e+00
 2.16649e+00
 2.16649e+00
 2.16649e+00
 2.16649e+00
 2.13139e+00
 2.13139e+00
 2.13139e+00
 2.13139e+00
 2.13139e+00
 2.09588e+00
 2.09588e+00
 2.09588e+00
 2.09588e+00
 2.09588e+00
 2.05985e+00
 2.05985e+00
 2.05985e+00
 2.05985e+00
 2.05985e+00
 2.02186e+00
 2.02186e+00
 2.02186e+00
 2.02186e+00
 2.02186e+00
 1.98268e+00
 1.98268e+00
 1.98268e+00
 1.98268e+00
 1.98268e+00
 1.95617e+00
 1.95617e+00
 1.95617e+00
 1.95617e+00
 1.95617e+00
 1.92966e+00
 1.92966e+00
 1.92966e+00
 1.92966e+00
 1.92966e+00
 1.90467e+00
 1.90467e+00
 1.90467e+00
 1.90467e+00
 1.90467e+00
 1.88176e+00
 1.88176e+00
 1.88176e+00
 1.88176e+00
 1.88176e+00
 1.86162e+00
 1.86162e+00
 1.86162e+00
 1.86162e+00
 1.86162e+00
 1.84368e+00
 1.84368e+00
 1.84368e+00
 1.84368e+00
 1.84368e+00
 1.82343e+00
 1.82343e+00
 1.82343e+00
 1.82343e+00
 1.82343e+00
 1.79677e+00
 1.79677e+00
 1.79677e+00
 1.79677e+00
 1.79677e+00
part
         3
hexa8
 1.76897e+00
 1.76897e+00
 1.76897e+00
 1.76897e+00
 1.76897e+00
 1.76803e+00
 1.76803e+00
 1.76803e+00
 1.76803e+00
 1.76803e+00
 1.76761e+00
 1.76761e+00
 1.76761e+00
 1.76761e+00
 1.76761e+00
 1.76408e+00
 1.76408e+00
 1.76408e+00
 1.76408e+00
 1.76408e+00
 1.76338e+00
 1.76338e+00
 1.76338e+00
 1.76338e+00
 1.76338e+00
 1.76534e+00
 1.76534e+00
 1.76534e+00
 1.76534e+00
 1.76534e+00
 1.76812e+00
 1.76812e+00
 1.76812e+00
 1.76812e+00
 1.76812e+00
 1.76995e+00
 1.76995e+00
 1.76995e+00
 1.76995e+00
 1.76995e+00
 1.77167e+00
 1.77167e+00
 1.77167e+00
 1.77167e+00
 1.77167e+00
 1.77328e+00
 1.77328e+00
 1.77328e+00
 1.77328e+00
 1.77328e+00
 1.77337e+00
 1.77337e+00
 1.77337e+00
 1.77337e+00
 1.77337e+00
 1.77312e+00
 1.77312e+00
 1.77312e+00
 1.77312e+00
 1.77312e+00
 1.77446e+00
 1.77446e+00
 1.77446e+00
 1.77446e+00
 1.77446e+00
 1.78051e+00
 1.78051e+00
 1.78051e+00
 1.78051e+00
 1.78051e+00
 1.79676e+00
 1.79676e+00
 1.79676e+00
 1.79676e+00
 1.79676e+00
 1.80678e+00
 1.80678e+00
 1.80678e+00
 1.80678e+00
 1.80678e+00
 1.81170e+00
 1.81170e+00
 1.81170e+00
 1.81170e+00
 1.81170e+00
 1.95061e+00
 1.95061e+00
 1.95061e+00
 1.95061e+00
 1.95061e+00
 2.27884e+00
 2.27884e+00
 2.27884e+00
 2.27884e+00
 2.27884e+00
 2.67667e+00
 2.67667e+00
 2.67667e+00
 2.67667e+00
 2.67667e+00
 2.92136e+00
 2.92136e+00
 2.92136e+00
 2.92136e+00
 2.92136e+00
 2.95061e+00
 2.95061e+00
 2.95061e+00
 2.95061e+00
 2.95061e+00
 2.91944e+00
 2.91944e+00
 2.91944e+00
 2.91944e+00
 2.91944e+00
 2.89491e+00
 2.89491e+00
 2.89491e+00
 2.89491e+00
 2.89491e+00
 2.88382e+00
 2.88382e+00
 2.88382e+00
 2.88382e+00
 2.88382e+00
 1.76897e+00
 1.76897e+00
 1.76897e+00
 1.76897e+00
 1.76897e+00
 1.76803e+00
 1.76803e+00
 1.76803e+00
 1.76803e+00
 1.76803e+00
 1.76761e+00
 1.76761e+00
 1.76761e+00
 1.76761e+00
 1.76761e+00
 1.76408e+00
 1.76408e+00
 1.76408e+00
 1.76408e+00
 1.76408e+00
 1.76338e+00
 1.76338e+00
 1.76338e+00
 1.76338e+00
 1.76338e+00
 1.76534e+00
 1.76534e+00
 1.76534e+00
 1.76534e+00
 1.76534e+00
 1.76812e+00
 1.76812e+00
 1.76812e+00
 1.76812e+00
 1.76812e+00
 1.76995e+00
 1.76995e+00
 1.76995e+00
 1.76995e+00
 1.76995e+00
 1.77167e+00
 1.77167e+00
 1.77167e+00
 1.77167e+00
 1.77167e+00
 1.77328e+00
 1.77328e+00
 1.77328e+00
 1.77328e+00
 1.77328e+00
 1.77337e+00
 1.77337e+00
 1.77337e+00
 1.77337e+00
 1.77337e+00
 1.77312e+00
 1.77312e+00
 1.77312e+00
 1.77312e+00
 1.77312e+00
 1.77446e+00
 1.77446e+00
 1.77446e+00
 1.77446e+00
 1.77446e+00
 1.78051e+00
 1.78051e+00
 1.78051e+00
 1.78051e+00
 1.78051e+00
 1.79676e+00
 1.79676e+00
 1.79676e+00
 1.79676e+00
 1.79676e+00
 1.80678e+00
 1.80678e+00
 1.80678e+00
 1.80678e+00
 1.80678e+00
 1.81170e+00
 1.81170e+00
 1.81170e+00
 1.81170e+00
 1.81170e+00
 1.95061e+00
 1.95061e+00
 1.95061e+00
 1.95061e+00
 1.95061e+00
 2.27884e+00
 2.27884e+00
 2.27884e+00
 2.27884e+00
 2.27884e+00
 2.67667e+00
 2.67667e+00
 2.67667e+00
 2.67667e+00
 2.67667e+00
 2.92136e+00
 2.92136e+00
 2.92136e+00
 2.92136e+00
 2.92136e+00
 2.95061e+00
 2.95061e+00
 2.95061e+00
 2.95061e+00
 2.95061e+00
 2.91944e+00
 2.91944e+00
 2.91944e+00
 2.91944e+00
 2.91944e+00
 2.89491e+00
 2.89491e+00
 2.89491e+00
 2.89491e+00
 2.89491e+00
 2.88382e+00
 2.88382e+00
 2.88382e+00
 2.88382e+00
 2.88382e+00
 1.76897e+00
 1.76897e+00
 1.76897e+00
 1.76897e+00
 1.76897e+00
 1.76803e+00
 1.76803e+00
 1.76803e+00
 1.76803e+00
 1.76803e+00
 1.76761e+00
 1.76761e+00
 1.76761e+00
 1.76761e+00
 1.76761e+00
 1.76408e+00
 1.76408e+00
 1.76408e+00
 1.76408e+00
 1.76408e+00
 1.76338e+00
 1.76338e+00
 1.76338e+00
 1.76338e+00
 1.76338e+00
 1.76534e+00
 1.76534e+00
 1.76534e+00
 1.76534e+00
 1.76534e+00
 1.76812e+00
 1.76812e+00
 1.76812e+00
 1.76812e+00
 1.76812e+00
 1.76995e+00
 1.76995e+00
 1.76995e+00
 1.76995e+00
 1.76995e+00
 1.77167e+00
 1.77167e+00
 1.77167e+00
 1.77167e+00
 1.77167e+00
 1.77328e+00
 1.77328e+00
 1.77328e+00
 1.77328e+00
 1.77328e+00
 1.77337e+00
 1.77337e+00
 1.77337e+00
 1.77337e+00
 1.77337e+00
 1.77312e+00
 1.77312e+00
 1.77312e+00
 1.77312e+00
 1.77312e+00
 1.77446e+00
 1.77446e+00
 1.77446e+00
 1.77446e+00
 1.77446e+00
 1.78051e+00
 1.78051e+00
 1.78051e+00
 1.78051e+00
 1.78051e+00
 1.79676e+00
 1.79676e+00
 1.79676e+00
 1.79676e+00
 1.79676e+00
 1.80678e+00
 1.80678e+00
 1.80678e+00
 1.80678e+00
 1.80678e+00
 1.81170e+00
 1.81170e+00
 1.81170e+00
 1.81170e+00
 1.81170e+00
 1.95061e+00
 1.95061e+00
 1.95061e+00
 1.95061e+00
 1.95061e+00
 2.27884e+00
 2.27884e+00
 2.27884e+00
 2.27884e+00
 2.27884e+00
 2.67667e+00
 2.67667e+00
 2.67667e+00
 2.67667e+00
 2.67667e+00
 2.92136e+00
 2.92136e+00
 2.92136e+00
 2.92136e+00
 2.92136e+00
 2.95061e+00
 2.95061e+00
 2.95061e+00
 2.95061e+00
 2.95061e+00
 2.91944e+00
 2.91944e+00
 2.91944e+00
 2.91944e+00
 2.91944e+00
 2.89491e+00
 2.89491e+00
 2.89491e+00
 2.89491e+00
 2.89491e+00
 2.88382e+00
 2.88382e+00
 2.88382e+00
 2.88382e+00
 2.88382e+00
 1.76897e+00
 1.76897e+00
 1.76897e+00
 1.76897e+00
 1.76897e+00
 1.76803e+00
 1.76803e+00
 1.76803e+00
 1.76803e+00
 1.76803e+00
 1.76761e+00
 1.76761e+00
 1.76761e+00
 1.76761e+00
 1.76761e+00
 1.76408e+00
 1.76408e+00
 1.76408e+00
 1.76408e+00
 1.76408e+00
 1.76338e+00
 1.76338e+00
 1.76338e+00
 1.76338e+00
 1.76338e+00
 1.76534e+00
 1.76534e+00
 1.76534e+00
 1.76534e+00
 1.76534e+00
 1.76812e+00
 1.76812e+00
 1.76812e+00
 1.76812e+00
 1.76812e+00
 1.76995e+00
 1.76995e+00
 1.76995e+00
 1.76995e+00
 1.76995e+00
 1.77167e+00
 1.77167e+00
 1.77167e+00
 1.77167e+00
 1.77167e+00
 1.77328e+00
 1.77328e+00
 1.77328e+00
 1.77328e+00
 1.77328e+00
 1.77337e+00
 1.77337e+00
 1.77337e+00
 1.77337e+00
 1.77337e+00
 1.77312e+00
 1.77312e+00
 1.77312e+00
 1.77312e+00
 1.77312e+00
 1.77446e+00
 1.77446e+00
 1.77446e+00
 1.77446e+00
 1.77446e+00
 1.78051e+00
 1.78051e+00
 1.78051e+00
 1.78051e+00
 1.78051e+00
 1.79676e+00
 1.79676e+00
 1.79676e+00
 1.79676e+00
 1.79676e+00
 1.80678e+00
 1.80678e+00
 1.80678e+00
 1.80678e+00
 1.80678e+00
 1.81170e+00
 1.81170e+00
 1.81170e+00
 1.81170e+00
 1.81170e+00
 1.95061e+00
 1.95061e+00
 1.95061e+00
 1.95061e+00
 1.95061e+00
 2.27884e+00
 2.27884e+00
 2.27884e+00
 2.27884e+00
 2.27884e+00
 2.67667e+00
 2.67667e+00
 2.67667e+00
 2.67667e+00
 2.67667e+00
 2.92136e+00
 2.92136e+00
 2.92136e+00
 2.92136e+00
 2.92136e+00
 2.95061e+00
 2.95061e+00
 2.95061e+00
 2.95061e+00
 2.95061e+00
 2.91944e+00
 2.91944e+00
 2.91944e+00
 2.91944e+00
 2.91944e+00
 2.89491e+00
 2.89491e+00
 2.89491e+00
 2.89491e+00
 2.89491e+00
 2.88382e+00
 2.88382e+00
 2.88382e+00
 2.88382e+00
 2.88382e+00
 1.76897e+00
 1.76897e+00
 1.76897e+00
 1.76897e+00
 1.76897e+00
 1.76803e+00
 1.76803e+00
 1.76803e+00
 1.76803e+00
 1.76803e+00
 1.76761e+00
 1.76761e+00
 1.76761e+00
 1.76761e+00
 1.76761e+00
 1.76408e+00
 1.76408e+00
 1.76408e+00
 1.76408e+00
 1.76408e+00
 1.76338e+00
 1.76338e+00
 1.76338e+00
 1.76338e+00
 1.76338e+00
 1.76534e+00
 1.76534e+00
 1.76534e+00
 1.76534e+00
 1.76534e+00
 1.76812e+00
 1.76812e+00
 1.76812e+00
 1.76812e+00
 1.76812e+00
 1.76995e+00
 1.76995e+00
 1.76995e+00
 1.76995e+00
 1.76995e+00
 1.77167e+00
 1.77167e+00
 1.77167e+00
 1.77167e+00
 1.77167e+00
 1.77328e+00
 1.77328e+00
 1.77328e+00
 1.77328e+00
 1.77328e+00
 1.77337e+00
 1.77337e+00
 1.77337e+00
 1.77337e+00
 1.77337e+00
 1.77312e+00
 1.77312e+00
 1.77312e+00
 1.77312e+00
 1.77312e+00
 1.77446e+00
 1.77446e+00
 1.77446e+00
 1.77446e+00
 1.77446e+00
 1.78051e+00
 1.78051e+00
 1.78051e+00
 1.78051e+00
 1.78051e+00
 1.79676e+00
 1.79676e+00
 1.79676e+00
 1.79676e+00
 1.79676e+00
 1.80678e+00
 1.80678e+00
 1.80678e+00
 1.80678e+00
 1.80678e+00
 1.81170e+00
 1.81170e+00
 1.81170e+00
 1.81170e+00
 1.81170e+00
 1.95061e+00
 1.95061e+00
 1.95061e+00
 1.95061e+00
 1.95061e+00
 2.27884e+00
 2.27884e+00
 2.27884e+00
 2.27884e+00
 2.27884e+00
 2.67667e+00
 2.67667e+00
 2.67667e+00
 2.67667e+00
 2.67667e+00
 2.92136e+00
 2.92136e+00
 2.92136e+00
 2.92136e+00
 2.92136e+00
 2.95061e+00
 2.95061e+00
 2.95061e+00
 2.95061e+00
 2.95061e+00
 2.91944e+00
 2.91944e+00
 2.91944e+00
 2.91944e+00
 2.91944e+00
 2.89491e+00
 2.89491e+00
 2.89491e+00
 2.89491e+00
 2.89491e+00
 2.88382e+00
 2.88382e+00
 2.88382e+00
 2.88382e+00
 2.88382e+00
part
         4
hexa8
 2.88064e+00
 2.88064e+00
 2.88064e+00
 2.88064e+00
 2.88064e+00
 2.87976e+00
 2.87976e+00
 2.87976e+00
 2.87976e+00
 2.87976e+00
 2.87965e+00
 2.87965e+00
 2.87965e+00
 2.87965e+00
 2.87965e+00
 2.87922e+00
 2.87922e+00
 2.87922e+00
 2.87922e+00
 2.87922e+00
 2.87759e+00
 2.87759e+00
 2.87759e+00
 2.87759e+00
 2.87759e+00
 2.87388e+00
 2.87388e+00
 2.87388e+00
 2.87388e+00
 2.87388e+00
 2.86177e+00
 2.86177e+00
 2.86177e+00
 2.86177e+00
 2.86177e+00
 2.83208e+00
 2.83208e+00
 2.83208e+00
 2.83208e+00
 2.83208e+00
 2.75646e+00
 2.75646e+00
 2.75646e+00
 2.75646e+00
 2.75646e+00
 2.62954e+00
 2.62954e+00
 2.62954e+00
 2.62954e+00
 2.62954e+00
 2.44321e+00
 2.44321e+00
 2.44321e+00
 2.44321e+00
 2.44321e+00
 2.25570e+00
 2.25570e+00
 2.25570e+00
 2.25570e+00
 2.25570e+00
 2.11538e+00
 2.11538e+00
 2.11538e+00
 2.11538e+00
 2.11538e+00
 2.04131e+00
 2.04131e+00
 2.04131e+00
 2.04131e+00
 2.04131e+00
 2.01214e+00
 2.01214e+00
 2.01214e+00
 2.01214e+00
 2.01214e+00
 2.00317e+00
 2.00317e+00
 2.00317e+00
 2.00317e+00
 2.00317e+00
 2.00079e+00
 2.00079e+00
 2.00079e+00
 2.00079e+00
 2.00079e+00
 2.00019e+00
 2.00019e+00
 2.00019e+00
 2.00019e+00
 2.00019e+00
 2.00005e+00
 2.00005e+00
 2.00005e+00
 2.00005e+00
 2.00005e+00
 2.00001e+00
 2.00001e+00
 2.00001e+00
 2.00001e+00
 2.00001e+00
 2.00000e+00
 2.00000e+00
 2.00000e+00
 2.00000e+00
 2.00000e+00
 2.00000e+00
 2.00000e+00
 2.00000e+00
 2.00000e+00
 2.00000e+00
 2.00000e+00
 2.00000e+00
 2.00000e+00
 2.00000e+00
 2.00000e+00
 2.00000e+00
 2.00000e+00
 2.00000e+00
 2.00000e+00
 2.00000e+00
 2.00000e+00
 2.00000e+00
 2.00000e+00
 2.00000e+00
 2.00000e+00
 2.88064e+00
 2.88064e+00
 2.88064e+00
 2.88064e+00
 2.88064e+00
 2.87976e+00
 2.87976e+00
 2.87976e+00
 2.87976e+00
 2.87976e+00
 2.87965e+00
 2.87965e+00
 2.87965e+00
 2.87965e+00
 2.87965e+00
 2.87922e+00
 2.87922e+00
 2.87922e+00
 2.87922e+00
 2.87922e+00
 2.87759e+00
 2.87759e+00
 2.87759e+00
 2.87759e+00
 2.87759e+00
 2.87388e+00
 2.87388e+00
 2.87388e+00
 2.87388e+00
 2.87388e+00
 2.86177e+00
 2.86177e+00
 2.86177e+00
 2.86177e+00
 2.86177e+00
 2.83208e+00
 2.83208e+00
 2.83208e+00
 2.83208e+00
 2.83208e+00
 2.75646e+00
 2.75646e+00
 2.75646e+00
 2.75646e+00
 2.75646e+00
 2.62954e+00
 2.62954e+00
 2.62954e+00
 2.62954e+00
 2.62954e+00
 2.44321e+00
 2.44321e+00
 2.44321e+00
 2.44321e+00
 2.44321e+00
 2.25570e+00
 2.25570e+00
 2.25570e+00
 2.25570e+00
 2.25570e+00
 2.11538e+00
 2.11538e+00
 2.11538e+00
 2.11538e+00
 2.11538e+00
 2.04131e+00
 2.04131e+00
 2.04131e+00
 2.04131e+00
 2.04131e+00
 2.01214e+00
 2.01214e+00
 2.01214e+00
 2.01214e+00
 2.01214e+00
 2.00317e+00
 2.00317e+00
 2.00317e+00
 2.00317e+00
 2.00317e+00
 2.00079e+00
 2.00079e+00
 2.00079e+00
 2.00079e+00
 2.00079e+00
 2.00019e+00
 2.00019e+00
 2.00019e+00
 2.00019e+00
 2.00019e+00
 2.00005e+00
 2.00005e+00
 2.00005e+00
 2.00005e+00
 2.00005e+00
 2.00001e+00
 2.00001e+00
 2.00001e+00
 2.00001e+00
 2.00001e+00
 2.00000e+00
 2.00000e+00
 2.00000e+00
 2.00000e+00
 2.00000e+00
 2.00000e+00
 2.00000e+00
 2.00000e+00
 2.00000e+00
 2.00000e+00
 2.00000e+00
 2.00000e+00
 2.00000e+00
 2.00000e+00
 2.00000e+00
 2.00000e+00
 2.00000e+00
 2.00000e+00
 2.00000e+00
 2.00000e+00
 2.00000e+00
 2.00000e+00
 2.00000e+00
 2.00000e+00
 2.00000e+00
 2.88064e+00
 2.88064e+00
 2.88064e+00
 2.88064e+00
 2.88064e+00
 2.87976e+00
 2.87976e+00
 2.87976e+00
 2.87976e+00
 2.87976e+00
 2.87965e+00
 2.87965e+00
 2.87965e+00
 2.87965e+00
 2.87965e+00
 2.87922e+00
 2.87922e+00
 2.87922e+00
 2.87922e+00
 2.87922e+00
 2.87759e+00
 2.87759e+00
 2.87759e+00
 2.87759e+00
 2.87759e+00
 2.87388e+00
 2.87388e+00
 2.87388e+00
 2.87388e+00
 2.87388e+00
 2.86177e+00
 2.86177e+00
 2.86177e+00
 2.86177e+00
 2.86177e+00
 2.83208e+00
 2.83208e+00
 2.83208e+00
 2.83208e+00
 2.83208e+00
 2.75646e+00
 2.75646e+00
 2.75646e+00
 2.75646e+00
 2.75646e+00
 2.62954e+00
 2.62954e+00
 2.62954e+00
 2.62954e+00
 2.62954e+00
 2.44321e+00
 2.44321e+00
 2.44321e+00
 2.44321e+00
 2.44321e+00
 2.25570e+00
 2.25570e+00
 2.25570e+00
 2.25570e+00
 2.25570e+00
 2.11538e+00
 2.11538e+00
 2.11538e+00
 2.11538e+00
 2.11538e+00
 2.04131e+00
 2.04131e+00
 2.04131e+00
 2.04131e+00
 2.04131e+00
 2.01214e+00
 2.01214e+00
 2.01214e+00
 2.01214e+00
 2.01214e+00
 2.00317e+00
 2.00317e+00
 2.00317e+00
 2.00317e+00
 2.00317e+00
 2.00079e+00
 2.00079e+00
 2.00079e+00
 2.00079e+00
 2.00079e+00
 2.00019e+00
 2.00019e+00
 2.00019e+00
 2.00019e+00
 2.00019e+00
 2.00005e+00
 2.00005e+00
 2.00005e+00
 2.00005e+00
 2.00005e+00
 2.00001e+00
 2.00001e+00
 2.00001e+00
 2.00001e+00
 2.00001e+00
 2.00000e+00
 2.00000e+00
 2.00000e+00
 2.00000e+00
 2.00000e+00
 2.00000e+00
 2.00000e+00
 2.00000e+00
 2.00000e+00
 2.00000e+00
 2.00000e+00
 2.00000e+00
 2.00000e+00
 2.00000e+00
 2.00000e+00
 2.00000e+00
 2.00000e+00
 2.00000e+00
 2.00000e+00
 2.00000e+00
 2.00000e+00
 2.00000e+00
 2.00000e+00
 2.00000e+00
 2.00000e+00
 2.88064e+00
 2.88064e+00
 2.88064e+00
 2.88064e+00
 2.88064e+00
 2.87976e+00
 2.87976e+00
 2.87976e+00
 2.87976e+00
 2.87976e+00
 2.87965e+00
 2.87965e+00
 2.87965e+00
 2.87965e+00
 2.87965e+00
 2.87922e+00
 2.87922e+00
 2.87922e+00
 2.87922e+00
 2.87922e+00
 2.87759e+00
 2.87759e+00
 2.87759e+00
 2.87759e+00
 2.87759e+00
 2.87388e+00
 2.87388e+00
 2.87388e+00
 2.87388e+00
 2.87388e+00
 2.86177e+00
 2.86177e+00
 2.86177e+00
 2.86177e+00
 2.86177e+00
 2.83208e+00
 2.83208e+00
 2.83208e+00
 2.83208e+00
 2.83208e+00
 2.75646e+00
 2.75646e+00
 2.75646e+00
 2.75646e+00
 2.75646e+00
 2.62954e+00
 2.62954e+00
 2.62954e+00
 2.62954e+00
 2.62954e+00
 2.44321e+00
 2.44321e+00
 2.44321e+00
 2.44321e+00
 2.44321e+00
 2.25570e+00
 2.25570e+00
 2.25570e+00
 2.25570e+00
 2.25570e+00
 2.11538e+00
 2.11538e+00
 2.11538e+00
 2.11538e+00
 2.11538e+00
 2.04131e+00
 2.04131e+00
 2.04131e+00
 2.04131e+00
 2.04131e+00
 2.01214e+00
 2.01214e+00
 2.01214e+00
 2.01214e+00
 2.01214e+00
 2.00317e+00
 2.00317e+00
 2.00317e+00
 2.00317e+00
 2.00317e+00
 2.00079e+00
 2.00079e+00
 2.00079e+00
 2.00079e+00
 2.00079e+00
 2.00019e+00
 2.00019e+00
 2.00019e+00
 2.00019e+00
 2.00019e+00
 2.00005e+00
 2.00005e+00
 2.00005e+00
 2.00005e+00
 2.00005e+00
 2.00001e+00
 2.00001e+00
 2.00001e+00
 2.00001e+00
 2.00001e+00
 2.00000e+00
 2.00000e+00
 2.00000e+00
 2.00000e+00
 2.00000e+00
 2.00000e+00
 2.00000e+00
 2.00000e+00
 2.00000e+00
 2.00000e+00
 2.00000e+00
 2.00000e+00
 2.00000e+00
 2.00000e+00
 2.00000e+00
 2.00000e+00
 2.00000e+00
 2.00000e+00
 2.00000e+00
 2.00000e+00
 2.00000e+00
 2.00000e+00
 2.00000e+00
 2.00000e+00
 2.00000e+00
 2.88064e+00
 2.88064e+00
 2.88064e+00
 2.88064e+00
 2.88064e+00
 2.87976e+00
 2.87976e+00
 2.87976e+00
 2.87976e+00
 2.87976e+00
 2.87965e+00
 2.87965e+00
 2.87965e+00
 2.87965e+00
 2.87965e+00
 2.87922e+00
 2.87922e+00
 2.87922e+00
 2.87922e+00
 2.87922e+00
 2.87759e+00
 2.87759e+00
 2.87759e+00
 2.87759e+00
 2.87759e+00
 2.87388e+00
 2.87388e+00
 2.87388e+00
 2.87388e+00
 2.87388e+00
 2.86177e+00
 2.86177e+00
 2.86177e+00
 2.86177e+00
 2.86177e+00
 2.83208e+00
 2.83208e+00
 2.83208e+00
 2.83208e+00
 2.83208e+00
 2.75646e+00
 2.75646e+00
 2.75646e+00
 2.75646e+00
 2.75646e+00
 2.62954e+00
 2.62954e+00
 2.62954e+00
 2.62954e+00
 2.62954e+00
 2.44321e+00
 2.44321e+00
 2.44321e+00
 2.44321e+00
 2.44321e+00
 2.25570e+00
 2.25570e+00
 2.25570e+00
 2.25570e+00
 2.25570e+00
 2.11538e+00
 2.11538e+00
 2.11538e+00
 2.11538e+00
 2.11538e+00
 2.04131e+00
 2.04131e+00
 2.04131e+00
 2.04131e+00
 2.04131e+00
 2.01214e+00
 2.01214e+00
 2.01214e+00
 2.01214e+00
 2.01214e+00
 2.00317e+00
 2.00317e+00
 2.00317e+00
 2.00317e+00
 2.00317e+00
 2.00079e+00
 2.00079e+00
 2.00079e+00
 2.00079e+00
 2.00079e+00
 2.00019e+00
 2.00019e+00
 2.00019e+00
 2.00019e+00
 2.00019e+00
 2.00005e+00
 2.00005e+00
 2.00005e+00
 2.00005e+00
 2.00005e+00
 2.00001e+00
 2.00001e+00
 2.00001e+00
 2.00001e+00
 2.00001e+00
 2.00000e+00
 2.00000e+00
 2.00000e+00
 2.00000e+00
 2.00000e+00
 2.00000e+00
 2.00000e+00
 2.00000e+00
 2.00000e+00
 2.00000e+00
 2.00000e+00
 2.00000e+00
 2.00000e+00
 2.00000e+00
 2.00000e+00
 2.00000e+00
 2.00000e+00
 2.00000e+00
 2.00000e+00
 2.00000e+00
 2.00000e+00
 2.00000e+00
 2.00000e+00
 2.00000e+00
 2.00000e+00
