Pressure
part
         1
hexa8
 1.00000e+00
 1.00000e+00
 1.00000e+00
 1.00000e+00
 1.00000e+00
 1.00000e+00
 1.00000e+00
 1.00000e+00
 1.00000e+00
 1.00000e+00
 1.00000e+00
 1.00000e+00
 1.00000e+00
 1.00000e+00
 1.00000e+00
 1.00000e+00
 1.00000e+00
 9.99999e-01
 9.99996e-01
 9.99981e-01
 9.99912e-01
 9.99638e-01
 9.98695e-01
 9.95928e-01
 9.89151e-01
 1.00000e+00
 1.00000e+00
 1.00000e+00
 1.00000e+00
 1.00000e+00
 1.00000e+00
 1.00000e+00
 1.00000e+00
 1.00000e+00
 1.00000e+00
 1.00000e+00
 1.00000e+00
 1.00000e+00
 1.00000e+00
 1.00000e+00
 1.00000e+00
 1.00000e+00
 9.99999e-01
 9.99996e-01
 9.99981e-01
 9.99912e-01
 9.99638e-01
 9.98695e-01
 9.95928e-01
 9.89151e-01
 1.00000e+00
 1.00000e+00
 1.00000e+00
 1.00000e+00
 1.00000e+00
 1.00000e+00
 1.00000e+00
 1.00000e+00
 1.00000e+00
 1.00000e+00
 1.00000e+00
 1.00000e+00
 1.00000e+00
 1.00000e+00
 1.00000e+00
 1.00000e+00
 1.00000e+00
 9.99999e-01
 9.99996e-01
 9.99981e-01
 9.99912e-01
 9.99638e-01
 9.98695e-01
 9.95928e-01
 9.89151e-01
 1.00000e+00
 1.00000e+00
 1.00000e+00
 1.00000e+00
 1.00000e+00
 1.00000e+00
 1.00000e+00
 1.00000e+00
 1.00000e+00
 1.00000e+00
 1.00000e+00
 1.00000e+00
 1.00000e+00
 1.00000e+00
 1.00000e+00
 1.00000e+00
 1.00000e+00
 9.99999e-01
 9.99996e-01
 9.99981e-01
 9.99912e-01
 9.99638e-01
 9.98695e-01
 9.95928e-01
 9.89151e-01
 1.00000e+00
 1.00000e+00
 1.00000e+00
 1.00000e+00
 1.00000e+00
 1.00000e+00
 1.00000e+00
 1.00000e+00
 1.00000e+00
 1.00000e+00
 1.00000e+00
 1.00000e+00
 1.00000e+00
 1.00000e+00
 1.00000e+00
 1.00000e+00
 1.00000e+00
 9.99999e-01
 9.99996e-01
 9.99981e-01
 9.99912e-01
 9.99638e-01
 9.98695e-01
 9.95928e-01
 9.89151e-01
 1.00000e+00
 1.00000e+00
 1.00000e+00
 1.00000e+00
 1.00000e+00
 1.00000e+00
 1.00000e+00
 1.00000e+00
 1.00000e+00
 1.00000e+00
 1.00000e+00
 1.00000e+00
 1.00000e+00
 1.00000e+00
 1.00000e+00
 1.00000e+00
 1.00000e+00
 9.99999e-01
 9.99996e-01
 9.99981e-01
 9.99912e-01
 9.99638e-01
 9.98695e-01
 9.95928e-01
 9.89151e-01
 1.00000e+00
 1.00000e+00
 1.00000e+00
 1.00000e+00
 1.00000e+00
 1.00000e+00
 1.00000e+00
 1.00000e+00
 1.00000e+00
 1.00000e+00
 1.00000e+00
 1.00000e+00
 1.00000e+00
 1.00000e+00
 1.00000e+00
 1.00000e+00
 1.00000e+00
 9.99999e-01
 9.99996e-01
 9.99981e-01
 9.99912e-01
 9.99638e-01
 9.98695e-01
 9.95928e-01
 9.89151e-01
 1.00000e+00
 1.00000e+00
 1.00000e+00
 1.00000e+00
 1.00000e+00
 1.00000e+00
 1.00000e+00
 1.00000e+00
 1.00000e+00
 1.00000e+00
 1.00000e+00
 1.00000e+00
 1.00000e+00
 1.00000e+00
 1.00000e+00
 1.00000e+00
 1.00000e+00
 9.99999e-01
 9.99996e-01
 9.99981e-01
 9.99912e-01
 9.99638e-01
 9.98695e-01
 9.95928e-01
 9.89151e-01
 1.00000e+00
 1.00000e+00
 1.00000e+00
 1.00000e+00
 1.00000e+00
 1.00000e+00
 1.00000e+00
 1.00000e+00
 1.00000e+00
 1.00000e+00
 1.00000e+00
 1.00000e+00
 1.00000e+00
 1.00000e+00
 1.00000e+00
 1.00000e+00
 1.00000e+00
 9.99999e-01
 9.99996e-01
 9.99981e-01
 9.99912e-01
 9.99638e-01
 9.98695e-01
 9.95928e-01
 9.89151e-01
 1.00000e+00
 1.00000e+00
 1.00000e+00
 1.00000e+00
 1.00000e+00
 1.00000e+00
 1.00000e+00
 1.00000e+00
 1.00000e+00
 1.00000e+00
 1.00000e+00
 1.00000e+00
 1.00000e+00
 1.00000e+00
 1.00000e+00
 1.00000e+00
 1.00000e+00
 9.99999e-01
 9.99996e-01
 9.99981e-01
 9.99912e-01
 9.99638e-01
 9.98695e-01
 9.95928e-01
 9.89151e-01
 1.00000e+00
 1.00000e+00
 1.00000e+00
 1.00000e+00
 1.00000e+00
 1.00000e+00
 1.00000e+00
 1.00000e+00
 1.00000e+00
 1.00000e+00
 1.00000e+00
 1.00000e+00
 1.00000e+00
 1.00000e+00
 1.00000e+00
 1.00000e+00
 1.00000e+00
 9.99999e-01
 9.99996e-01
 9.99981e-01
 9.99912e-01
 9.99638e-01
 9.98695e-01
 9.95928e-01
 9.89151e-01
 1.00000e+00
 1.00000e+00
 1.00000e+00
 1.00000e+00
 1.00000e+00
 1.00000e+00
 1.00000e+00
 1.00000e+00
 1.00000e+00
 1.00000e+00
 1.00000e+00
 1.00000e+00
 1.00000e+00
 1.00000e+00
 1.00000e+00
 1.00000e+00
 1.00000e+00
 9.99999e-01
 9.99996e-01
 9.99981e-01
 9.99912e-01
 9.99638e-01
 9.98695e-01
 9.95928e-01
 9.89151e-01
 1.00000e+00
 1.00000e+00
 1.00000e+00
 1.00000e+00
 1.00000e+00
 1.00000e+00
 1.00000e+00
 1.00000e+00
 1.00000e+00
 1.00000e+00
 1.00000e+00
 1.00000e+00
 1.00000e+00
 1.00000e+00
 1.00000e+00
 1.00000e+00
 1.00000e+00
 9.99999e-01
 9.99996e-01
 9.99981e-01
 9.99912e-01
 9.99638e-01
 9.98695e-01
 9.95928e-01
 9.89151e-01
 1.00000e+00
 1.00000e+00
 1.00000e+00
 1.00000e+00
 1.00000e+00
 1.00000e+00
 1.00000e+00
 1.00000e+00
 1.00000e+00
 1.00000e+00
 1.00000e+00
 1.00000e+00
 1.00000e+00
 1.00000e+00
 1.00000e+00
 1.00000e+00
 1.00000e+00
 9.99999e-01
 9.99996e-01
 9.99981e-01
 9.99912e-01
 9.99638e-01
 9.98695e-01
 9.95928e-01
 9.89151e-01
 1.00000e+00
 1.00000e+00
 1.00000e+00
 1.00000e+00
 1.00000e+00
 1.00000e+00
 1.00000e+00
 1.00000e+00
 1.00000e+00
 1.00000e+00
 1.00000e+00
 1.00000e+00
 1.00000e+00
 1.00000e+00
 1.00000e+00
 1.00000e+00
 1.00000e+00
 9.99999e-01
 9.99996e-01
 9.99981e-01
 9.99912e-01
 9.99638e-01
 9.98695e-01
 9.95928e-01
 9.89151e-01
 1.00000e+00
 1.00000e+00
 1.00000e+00
 1.00000e+00
 1.00000e+00
 1.00000e+00
 1.00000e+00
 1.00000e+00
 1.00000e+00
 1.00000e+00
 1.00000e+00
 1.00000e+00
 1.00000e+00
 1.00000e+00
 1.00000e+00
 1.00000e+00
 1.00000e+00
 9.99999e-01
 9.99996e-01
 9.99981e-01
 9.99912e-01
 9.99638e-01
 9.98695e-01
 9.95928e-01
 9.89151e-01
 1.00000e+00
 1.00000e+00
 1.00000e+00
 1.00000e+00
 1.00000e+00
 1.00000e+00
 1.00000e+00
 1.00000e+00
 1.00000e+00
 1.00000e+00
 1.00000e+00
 1.00000e+00
 1.00000e+00
 1.00000e+00
 1.00000e+00
 1.00000e+00
 1.00000e+00
 9.99999e-01
 9.99996e-01
 9.99981e-01
 9.99912e-01
 9.99638e-01
 9.98695e-01
 9.95928e-01
 9.89151e-01
 1.00000e+00
 1.00000e+00
 1.00000e+00
 1.00000e+00
 1.00000e+00
 1.00000e+00
 1.00000e+00
 1.00000e+00
 1.00000e+00
 1.00000e+00
 1.00000e+00
 1.00000e+00
 1.00000e+00
 1.00000e+00
 1.00000e+00
 1.00000e+00
 1.00000e+00
 9.99999e-01
 9.99996e-01
 9.99981e-01
 9.99912e-01
 9.99638e-01
 9.98695e-01
 9.95928e-01
 9.89151e-01
 1.00000e+00
 1.00000e+00
 1.00000e+00
 1.00000e+00
 1.00000e+00
 1.00000e+00
 1.00000e+00
 1.00000e+00
 1.00000e+00
 1.00000e+00
 1.00000e+00
 1.00000e+00
 1.00000e+00
 1.00000e+00
 1.00000e+00
 1.00000e+00
 1.00000e+00
 9.99999e-01
 9.99996e-01
 9.99981e-01
 9.99912e-01
 9.99638e-01
 9.98695e-01
 9.95928e-01
 9.89151e-01
 1.00000e+00
 1.00000e+00
 1.00000e+00
 1.00000e+00
 1.00000e+00
 1.00000e+00
 1.00000e+00
 1.00000e+00
 1.00000e+00
 1.00000e+00
 1.00000e+00
 1.00000e+00
 1.00000e+00
 1.00000e+00
 1.00000e+00
 1.00000e+00
 1.00000e+00
 9.99999e-01
 9.99996e-01
 9.99981e-01
 9.99912e-01
 9.99638e-01
 9.98695e-01
 9.95928e-01
 9.89151e-01
 1.00000e+00
 1.00000e+00
 1.00000e+00
 1.00000e+00
 1.00000e+00
 1.00000e+00
 1.00000e+00
 1.00000e+00
 1.00000e+00
 1.00000e+00
 1.00000e+00
 1.00000e+00
 1.00000e+00
 1.00000e+00
 1.00000e+00
 1.00000e+00
 1.00000e+00
 9.99999e-01
 9.99996e-01
 9.99981e-01
 9.99912e-01
 9.99638e-01
 9.98695e-01
 9.95928e-01
 9.89151e-01
 1.00000e+00
 1.00000e+00
 1.00000e+00
 1.00000e+00
 1.00000e+00
 1.00000e+00
 1.00000e+00
 1.00000e+00
 1.00000e+00
 1.00000e+00
 1.00000e+00
 1.00000e+00
 1.00000e+00
 1.00000e+00
 1.00000e+00
 1.00000e+00
 1.00000e+00
 9.99999e-01
 9.99996e-01
 9.99981e-01
 9.99912e-01
 9.99638e-01
 9.98695e-01
 9.95928e-01
 9.89151e-01
 1.00000e+00
 1.00000e+00
 1.00000e+00
 1.00000e+00
 1.00000e+00
 1.00000e+00
 1.00000e+00
 1.00000e+00
 1.00000e+00
 1.00000e+00
 1.00000e+00
 1.00000e+00
 1.00000e+00
 1.00000e+00
 1.00000e+00
 1.00000e+00
 1.00000e+00
 9.99999e-01
 9.99996e-01
 9.99981e-01
 9.99912e-01
 9.99638e-01
 9.98695e-01
 9.95928e-01
 9.89151e-01
 1.00000e+00
 1.00000e+00
 1.00000e+00
 1.00000e+00
 1.00000e+00
 1.00000e+00
 1.00000e+00
 1.00000e+00
 1.00000e+00
 1.00000e+00
 1.00000e+00
 1.00000e+00
 1.00000e+00
 1.00000e+00
 1.00000e+00
 1.00000e+00
 1.00000e+00
 9.99999e-01
 9.99996e-01
 9.99981e-01
 9.99912e-01
 9.99638e-01
 9.98695e-01
 9.95928e-01
 9.89151e-01
 1.00000e+00
 1.00000e+00
 1.00000e+00
 1.00000e+00
 1.00000e+00
 1.00000e+00
 1.00000e+00
 1.00000e+00
 1.00000e+00
 1.00000e+00
 1.00000e+00
 1.00000e+00
 1.00000e+00
 1.00000e+00
 1.00000e+00
 1.00000e+00
 1.00000e+00
 9.99999e-01
 9.99996e-01
 9.99981e-01
 9.99912e-01
 9.99638e-01
 9.98695e-01
 9.95928e-01
 9.89151e-01
part
         2
hexa8
 9.75564e-01
 9.53424e-01
 9.23529e-01
 8.88523e-01
 8.51014e-01
 8.12734e-01
 7.74647e-01
 7.37257e-01
 7.00876e-01
 6.65612e-01
 6.31478e-01
 5.98414e-01
 5.66667e-01
 5.38093e-01
 5.10879e-01
 4.85831e-01
 4.61928e-01
 4.39771e-01
 4.18800e-01
 3.99377e-01
 3.81360e-01
 3.64104e-01
 3.48558e-01
 3.34890e-01
 3.23078e-01
 9.75564e-01
 9.53424e-01
 9.23529e-01
 8.88523e-01
 8.51014e-01
 8.12734e-01
 7.74647e-01
 7.37257e-01
 7.00876e-01
 6.65612e-01
 6.31478e-01
 5.98414e-01
 5.66667e-01
 5.38093e-01
 5.10879e-01
 4.85831e-01
 4.61928e-01
 4.39771e-01
 4.18800e-01
 3.99377e-01
 3.81360e-01
 3.64104e-01
 3.48558e-01
 3.34890e-01
 3.23078e-01
 9.75564e-01
 9.53424e-01
 9.23529e-01
 8.88523e-01
 8.51014e-01
 8.12734e-01
 7.74647e-01
 7.37257e-01
 7.00876e-01
 6.65612e-01
 6.31478e-01
 5.98414e-01
 5.66667e-01
 5.38093e-01
 5.10879e-01
 4.85831e-01
 4.61928e-01
 4.39771e-01
 4.18800e-01
 3.99377e-01
 3.81360e-01
 3.64104e-01
 3.48558e-01
 3.34890e-01
 3.23078e-01
 9.75564e-01
 9.53424e-01
 9.23529e-01
 8.88523e-01
 8.51014e-01
 8.12734e-01
 7.74647e-01
 7.37257e-01
 7.00876e-01
 6.65612e-01
 6.31478e-01
 5.98414e-01
 5.66667e-01
 5.38093e-01
 5.10879e-01
 4.85831e-01
 4.61928e-01
 4.39771e-01
 4.18800e-01
 3.99377e-01
 3.81360e-01
 3.64104e-01
 3.48558e-01
 3.34890e-01
 3.23078e-01
 9.75564e-01
 9.53424e-01
 9.23529e-01
 8.88523e-01
 8.51014e-01
 8.12734e-01
 7.74647e-01
 7.37257e-01
 7.00876e-01
 6.65612e-01
 6.31478e-01
 5.98414e-01
 5.66667e-01
 5.38093e-01
 5.10879e-01
 4.85831e-01
 4.61928e-01
 4.39771e-01
 4.18800e-01
 3.99377e-01
 3.81360e-01
 3.64104e-01
 3.48558e-01
 3.34890e-01
 3.23078e-01
 9.75564e-01
 9.53424e-01
 9.23529e-01
 8.88523e-01
 8.51014e-01
 8.12734e-01
 7.74647e-01
 7.37257e-01
 7.00876e-01
 6.65612e-01
 6.31478e-01
 5.98414e-01
 5.66667e-01
 5.38093e-01
 5.10879e-01
 4.85831e-01
 4.61928e-01
 4.39771e-01
 4.18800e-01
 3.99377e-01
 3.81360e-01
 3.64104e-01
 3.48558e-01
 3.34890e-01
 3.23078e-01
 9.75564e-01
 9.53424e-01
 9.23529e-01
 8.88523e-01
 8.51014e-01
 8.12734e-01
 7.74647e-01
 7.37257e-01
 7.00876e-01
 6.65612e-01
 6.31478e-01
 5.98414e-01
 5.66667e-01
 5.38093e-01
 5.10879e-01
 4.85831e-01
 4.61928e-01
 4.39771e-01
 4.18800e-01
 3.99377e-01
 3.81360e-01
 3.64104e-01
 3.48558e-01
 3.34890e-01
 3.23078e-01
 9.75564e-01
 9.53424e-01
 9.23529e-01
 8.88523e-01
 8.51014e-01
 8.12734e-01
 7.74647e-01
 7.37257e-01
 7.00876e-01
 6.65612e-01
 6.31478e-01
 5.98414e-01
 5.66667e-01
 5.38093e-01
 5.10879e-01
 4.85831e-01
 4.61928e-01
 4.39771e-01
 4.18800e-01
 3.99377e-01
 3.81360e-01
 3.64104e-01
 3.48558e-01
 3.34890e-01
 3.23078e-01
 9.75564e-01
 9.53424e-01
 9.23529e-01
 8.88523e-01
 8.51014e-01
 8.12734e-01
 7.74647e-01
 7.37257e-01
 7.00876e-01
 6.65612e-01
 6.31478e-01
 5.98414e-01
 5.66667e-01
 5.38093e-01
 5.10879e-01
 4.85831e-01
 4.61928e-01
 4.39771e-01
 4.18800e-01
 3.99377e-01
 3.81360e-01
 3.64104e-01
 3.48558e-01
 3.34890e-01
 3.23078e-01
 9.75564e-01
 9.53424e-01
 9.23529e-01
 8.88523e-01
 8.51014e-01
 8.12734e-01
 7.74647e-01
 7.37257e-01
 7.00876e-01
 6.65612e-01
 6.31478e-01
 5.98414e-01
 5.66667e-01
 5.38093e-01
 5.10879e-01
 4.85831e-01
 4.61928e-01
 4.39771e-01
 4.18800e-01
 3.99377e-01
 3.81360e-01
 3.64104e-01
 3.48558e-01
 3.34890e-01
 3.23078e-01
 9.75564e-01
 9.53424e-01
 9.23529e-01
 8.88523e-01
 8.51014e-01
 8.12734e-01
 7.74647e-01
 7.37257e-01
 7.00876e-01
 6.65612e-01
 6.31478e-01
 5.98414e-01
 5.66667e-01
 5.38093e-01
 5.10879e-01
 4.85831e-01
 4.61928e-01
 4.39771e-01
 4.18800e-01
 3.99377e-01
 3.81360e-01
 3.64104e-01
 3.48558e-01
 3.34890e-01
 3.23078e-01
 9.75564e-01
 9.53424e-01
 9.23529e-01
 8.88523e-01
 8.51014e-01
 8.12734e-01
 7.74647e-01
 7.37257e-01
 7.00876e-01
 6.65612e-01
 6.31478e-01
 5.98414e-01
 5.66667e-01
 5.38093e-01
 5.10879e-01
 4.85831e-01
 4.61928e-01
 4.39771e-01
 4.18800e-01
 3.99377e-01
 3.81360e-01
 3.64104e-01
 3.48558e-01
 3.34890e-01
 3.23078e-01
 9.75564e-01
 9.53424e-01
 9.23529e-01
 8.88523e-01
 8.51014e-01
 8.12734e-01
 7.74647e-01
 7.37257e-01
 7.00876e-01
 6.65612e-01
 6.31478e-01
 5.98414e-01
 5.66667e-01
 5.38093e-01
 5.10879e-01
 4.85831e-01
 4.61928e-01
 4.39771e-01
 4.18800e-01
 3.99377e-01
 3.81360e-01
 3.64104e-01
 3.48558e-01
 3.34890e-01
 3.23078e-01
 9.75564e-01
 9.53424e-01
 9.23529e-01
 8.88523e-01
 8.51014e-01
 8.12734e-01
 7.74647e-01
 7.37257e-01
 7.00876e-01
 6.65612e-01
 6.31478e-01
 5.98414e-01
 5.66667e-01
 5.38093e-01
 5.10879e-01
 4.85831e-01
 4.61928e-01
 4.39771e-01
 4.18800e-01
 3.99377e-01
 3.81360e-01
 3.64104e-01
 3.48558e-01
 3.34890e-01
 3.23078e-01
 9.75564e-01
 9.53424e-01
 9.23529e-01
 8.88523e-01
 8.51014e-01
 8.12734e-01
 7.74647e-01
 7.37257e-01
 7.00876e-01
 6.65612e-01
 6.31478e-01
 5.98414e-01
 5.66667e-01
 5.38093e-01
 5.10879e-01
 4.85831e-01
 4.61928e-01
 4.39771e-01
 4.18800e-01
 3.99377e-01
 3.81360e-01
 3.64104e-01
 3.48558e-01
 3.34890e-01
 3.23078e-01
 9.75564e-01
 9.53424e-01
 9.23529e-01
 8.88523e-01
 8.51014e-01
 8.12734e-01
 7.74647e-01
 7.37257e-01
 7.00876e-01
 6.65612e-01
 6.31478e-01
 5.98414e-01
 5.66667e-01
 5.38093e-01
 5.10879e-01
 4.85831e-01
 4.61928e-01
 4.39771e-01
 4.18800e-01
 3.99377e-01
 3.81360e-01
 3.64104e-01
 3.48558e-01
 3.34890e-01
 3.23078e-01
 9.75564e-01
 9.53424e-01
 9.23529e-01
 8.88523e-01
 8.51014e-01
 8.12734e-01
 7.74647e-01
 7.37257e-01
 7.00876e-01
 6.65612e-01
 6.31478e-01
 5.98414e-01
 5.66667e-01
 5.38093e-01
 5.10879e-01
 4.85831e-01
 4.61928e-01
 4.39771e-01
 4.18800e-01
 3.99377e-01
 3.81360e-01
 3.64104e-01
 3.48558e-01
 3.34890e-01
 3.23078e-01
 9.75564e-01
 9.53424e-01
 9.23529e-01
 8.88523e-01
 8.51014e-01
 8.12734e-01
 7.74647e-01
 7.37257e-01
 7.00876e-01
 6.65612e-01
 6.31478e-01
 5.98414e-01
 5.66667e-01
 5.38093e-01
 5.10879e-01
 4.85831e-01
 4.61928e-01
 4.39771e-01
 4.18800e-01
 3.99377e-01
 3.81360e-01
 3.64104e-01
 3.48558e-01
 3.34890e-01
 3.23078e-01
 9.75564e-01
 9.53424e-01
 9.23529e-01
 8.88523e-01
 8.51014e-01
 8.12734e-01
 7.74647e-01
 7.37257e-01
 7.00876e-01
 6.65612e-01
 6.31478e-01
 5.98414e-01
 5.66667e-01
 5.38093e-01
 5.10879e-01
 4.85831e-01
 4.61928e-01
 4.39771e-01
 4.18800e-01
 3.99377e-01
 3.81360e-01
 3.64104e-01
 3.48558e-01
 3.34890e-01
 3.23078e-01
 9.75564e-01
 9.53424e-01
 9.23529e-01
 8.88523e-01
 8.51014e-01
 8.12734e-01
 7.74647e-01
 7.37257e-01
 7.00876e-01
 6.65612e-01
 6.31478e-01
 5.98414e-01
 5.66667e-01
 5.38093e-01
 5.10879e-01
 4.85831e-01
 4.61928e-01
 4.39771e-01
 4.18800e-01
 3.99377e-01
 3.81360e-01
 3.64104e-01
 3.48558e-01
 3.34890e-01
 3.23078e-01
 9.75564e-01
 9.53424e-01
 9.23529e-01
 8.88523e-01
 8.51014e-01
 8.12734e-01
 7.74647e-01
 7.37257e-01
 7.00876e-01
 6.65612e-01
 6.31478e-01
 5.98414e-01
 5.66667e-01
 5.38093e-01
 5.10879e-01
 4.85831e-01
 4.61928e-01
 4.39771e-01
 4.18800e-01
 3.99377e-01
 3.81360e-01
 3.64104e-01
 3.48558e-01
 3.34890e-01
 3.23078e-01
 9.75564e-01
 9.53424e-01
 9.23529e-01
 8.88523e-01
 8.51014e-01
 8.12734e-01
 7.74647e-01
 7.37257e-01
 7.00876e-01
 6.65612e-01
 6.31478e-01
 5.98414e-01
 5.66667e-01
 5.38093e-01
 5.10879e-01
 4.85831e-01
 4.61928e-01
 4.39771e-01
 4.18800e-01
 3.99377e-01
 3.81360e-01
 3.64104e-01
 3.48558e-01
 3.34890e-01
 3.23078e-01
 9.75564e-01
 9.53424e-01
 9.23529e-01
 8.88523e-01
 8.51014e-01
 8.12734e-01
 7.74647e-01
 7.37257e-01
 7.00876e-01
 6.65612e-01
 6.31478e-01
 5.98414e-01
 5.66667e-01
 5.38093e-01
 5.10879e-01
 4.85831e-01
 4.61928e-01
 4.39771e-01
 4.18800e-01
 3.99377e-01
 3.81360e-01
 3.64104e-01
 3.48558e-01
 3.34890e-01
 3.23078e-01
 9.75564e-01
 9.53424e-01
 9.23529e-01
 8.88523e-01
 8.51014e-01
 8.12734e-01
 7.74647e-01
 7.37257e-01
 7.00876e-01
 6.65612e-01
 6.31478e-01
 5.98414e-01
 5.66667e-01
 5.38093e-01
 5.10879e-01
 4.85831e-01
 4.61928e-01
 4.39771e-01
 4.18800e-01
 3.99377e-01
 3.81360e-01
 3.64104e-01
 3.48558e-01
 3.34890e-01
 3.23078e-01
 9.75564e-01
 9.53424e-01
 9.23529e-01
 8.88523e-01
 8.51014e-01
 8.12734e-01
 7.74647e-01
 7.37257e-01
 7.00876e-01
 6.65612e-01
 6.31478e-01
 5.98414e-01
 5.66667e-01
 5.38093e-01
 5.10879e-01
 4.85831e-01
 4.61928e-01
 4.39771e-01
 4.18800e-01
 3.99377e-01
 3.81360e-01
 3.64104e-01
 3.48558e-01
 3.34890e-01
 3.23078e-01
part
         3
hexa8
 3.14222e-01
 3.08204e-01
 3.04239e-01
 3.02518e-01
 3.02024e-01
 3.01831e-01
 3.01869e-01
 3.02096e-01
 3.02516e-01
 3.02862e-01
 3.02962e-01
 3.02930e-01
 3.02901e-01
 3.02911e-01
 3.02902e-01
 3.02871e-01
 3.02735e-01
 3.03431e-01
 3.02619e-01
 3.02397e-01
 3.02666e-01
 3.02696e-01
 3.02603e-01
 3.02478e-01
 3.02421e-01
 3.14222e-01
 3.08204e-01
 3.04239e-01
 3.02518e-01
 3.02024e-01
 3.01831e-01
 3.01869e-01
 3.02096e-01
 3.02516e-01
 3.02862e-01
 3.02962e-01
 3.02930e-01
 3.02901e-01
 3.02911e-01
 3.02902e-01
 3.02871e-01
 3.02735e-01
 3.03431e-01
 3.02619e-01
 3.02397e-01
 3.02666e-01
 3.02696e-01
 3.02603e-01
 3.02478e-01
 3.02421e-01
 3.14222e-01
 3.08204e-01
 3.04239e-01
 3.02518e-01
 3.02024e-01
 3.01831e-01
 3.01869e-01
 3.02096e-01
 3.02516e-01
 3.02862e-01
 3.02962e-01
 3.02930e-01
 3.02901e-01
 3.02911e-01
 3.02902e-01
 3.02871e-01
 3.02735e-01
 3.03431e-01
 3.02619e-01
 3.02397e-01
 3.02666e-01
 3.02696e-01
 3.02603e-01
 3.02478e-01
 3.02421e-01
 3.14222e-01
 3.08204e-01
 3.04239e-01
 3.02518e-01
 3.02024e-01
 3.01831e-01
 3.01869e-01
 3.02096e-01
 3.02516e-01
 3.02862e-01
 3.02962e-01
 3.02930e-01
 3.02901e-01
 3.02911e-01
 3.02902e-01
 3.02871e-01
 3.02735e-01
 3.03431e-01
 3.02619e-01
 3.02397e-01
 3.02666e-01
 3.02696e-01
 3.02603e-01
 3.02478e-01
 3.02421e-01
 3.14222e-01
 3.08204e-01
 3.04239e-01
 3.02518e-01
 3.02024e-01
 3.01831e-01
 3.01869e-01
 3.02096e-01
 3.02516e-01
 3.02862e-01
 3.02962e-01
 3.02930e-01
 3.02901e-01
 3.02911e-01
 3.02902e-01
 3.02871e-01
 3.02735e-01
 3.03431e-01
 3.02619e-01
 3.02397e-01
 3.02666e-01
 3.02696e-01
 3.02603e-01
 3.02478e-01
 3.02421e-01
 3.14222e-01
 3.08204e-01
 3.04239e-01
 3.02518e-01
 3.02024e-01
 3.01831e-01
 3.01869e-01
 3.02096e-01
 3.02516e-01
 3.02862e-01
 3.02962e-01
 3.02930e-01
 3.02901e-01
 3.02911e-01
 3.02902e-01
 3.02871e-01
 3.02735e-01
 3.03431e-01
 3.02619e-01
 3.02397e-01
 3.02666e-01
 3.02696e-01
 3.02603e-01
 3.02478e-01
 3.02421e-01
 3.14222e-01
 3.08204e-01
 3.04239e-01
 3.02518e-01
 3.02024e-01
 3.01831e-01
 3.01869e-01
 3.02096e-01
 3.02516e-01
 3.02862e-01
 3.02962e-01
 3.02930e-01
 3.02901e-01
 3.02911e-01
 3.02902e-01
 3.02871e-01
 3.02735e-01
 3.03431e-01
 3.02619e-01
 3.02397e-01
 3.02666e-01
 3.02696e-01
 3.02603e-01
 3.02478e-01
 3.02421e-01
 3.14222e-01
 3.08204e-01
 3.04239e-01
 3.02518e-01
 3.02024e-01
 3.01831e-01
 3.01869e-01
 3.02096e-01
 3.02516e-01
 3.02862e-01
 3.02962e-01
 3.02930e-01
 3.02901e-01
 3.02911e-01
 3.02902e-01
 3.02871e-01
 3.02735e-01
 3.03431e-01
 3.02619e-01
 3.02397e-01
 3.02666e-01
 3.02696e-01
 3.02603e-01
 3.02478e-01
 3.02421e-01
 3.14222e-01
 3.08204e-01
 3.04239e-01
 3.02518e-01
 3.02024e-01
 3.01831e-01
 3.01869e-01
 3.02096e-01
 3.02516e-01
 3.02862e-01
 3.02962e-01
 3.02930e-01
 3.02901e-01
 3.02911e-01
 3.02902e-01
 3.02871e-01
 3.02735e-01
 3.03431e-01
 3.02619e-01
 3.02397e-01
 3.02666e-01
 3.02696e-01
 3.02603e-01
 3.02478e-01
 3.02421e-01
 3.14222e-01
 3.08204e-01
 3.04239e-01
 3.02518e-01
 3.02024e-01
 3.01831e-01
 3.01869e-01
 3.02096e-01
 3.02516e-01
 3.02862e-01
 3.02962e-01
 3.02930e-01
 3.02901e-01
 3.02911e-01
 3.02902e-01
 3.02871e-01
 3.02735e-01
 3.03431e-01
 3.02619e-01
 3.02397e-01
 3.02666e-01
 3.02696e-01
 3.02603e-01
 3.02478e-01
 3.02421e-01
 3.14222e-01
 3.08204e-01
 3.04239e-01
 3.02518e-01
 3.02024e-01
 3.01831e-01
 3.01869e-01
 3.02096e-01
 3.02516e-01
 3.02862e-01
 3.02962e-01
 3.02930e-01
 3.02901e-01
 3.02911e-01
 3.02902e-01
 3.02871e-01
 3.02735e-01
 3.03431e-01
 3.02619e-01
 3.02397e-01
 3.02666e-01
 3.02696e-01
 3.02603e-01
 3.02478e-01
 3.02421e-01
 3.14222e-01
 3.08204e-01
 3.04239e-01
 3.02518e-01
 3.02024e-01
 3.01831e-01
 3.01869e-01
 3.02096e-01
 3.02516e-01
 3.02862e-01
 3.02962e-01
 3.02930e-01
 3.02901e-01
 3.02911e-01
 3.02902e-01
 3.02871e-01
 3.02735e-01
 3.03431e-01
 3.02619e-01
 3.02397e-01
 3.02666e-01
 3.02696e-01
 3.02603e-01
 3.02478e-01
 3.02421e-01
 3.14222e-01
 3.08204e-01
 3.04239e-01
 3.02518e-01
 3.02024e-01
 3.01831e-01
 3.01869e-01
 3.02096e-01
 3.02516e-01
 3.02862e-01
 3.02962e-01
 3.02930e-01
 3.02901e-01
 3.02911e-01
 3.02902e-01
 3.02871e-01
 3.02735e-01
 3.03431e-01
 3.02619e-01
 3.02397e-01
 3.02666e-01
 3.02696e-01
 3.02603e-01
 3.02478e-01
 3.02421e-01
 3.14222e-01
 3.08204e-01
 3.04239e-01
 3.02518e-01
 3.02024e-01
 3.01831e-01
 3.01869e-01
 3.02096e-01
 3.02516e-01
 3.02862e-01
 3.02962e-01
 3.02930e-01
 3.02901e-01
 3.02911e-01
 3.02902e-01
 3.02871e-01
 3.02735e-01
 3.03431e-01
 3.02619e-01
 3.02397e-01
 3.02666e-01
 3.02696e-01
 3.02603e-01
 3.02478e-01
 3.02421e-01
 3.14222e-01
 3.08204e-01
 3.04239e-01
 3.02518e-01
 3.02024e-01
 3.01831e-01
 3.01869e-01
 3.02096e-01
 3.02516e-01
 3.02862e-01
 3.02962e-01
 3.02930e-01
 3.02901e-01
 3.02911e-01
 3.02902e-01
 3.02871e-01
 3.02735e-01
 3.03431e-01
 3.02619e-01
 3.02397e-01
 3.02666e-01
 3.02696e-01
 3.02603e-01
 3.02478e-01
 3.02421e-01
 3.14222e-01
 3.08204e-01
 3.04239e-01
 3.02518e-01
 3.02024e-01
 3.01831e-01
 3.01869e-01
 3.02096e-01
 3.02516e-01
 3.02862e-01
 3.02962e-01
 3.02930e-01
 3.02901e-01
 3.02911e-01
 3.02902e-01
 3.02871e-01
 3.02735e-01
 3.03431e-01
 3.02619e-01
 3.02397e-01
 3.02666e-01
 3.02696e-01
 3.02603e-01
 3.02478e-01
 3.02421e-01
 3.14222e-01
 3.08204e-01
 3.04239e-01
 3.02518e-01
 3.02024e-01
 3.01831e-01
 3.01869e-01
 3.02096e-01
 3.02516e-01
 3.02862e-01
 3.02962e-01
 3.02930e-01
 3.02901e-01
 3.02911e-01
 3.02902e-01
 3.02871e-01
 3.02735e-01
 3.03431e-01
 3.02619e-01
 3.02397e-01
 3.02666e-01
 3.02696e-01
 3.02603e-01
 3.02478e-01
 3.02421e-01
 3.14222e-01
 3.08204e-01
 3.04239e-01
 3.02518e-01
 3.02024e-01
 3.01831e-01
 3.01869e-01
 3.02096e-01
 3.02516e-01
 3.02862e-01
 3.02962e-01
 3.02930e-01
 3.02901e-01
 3.02911e-01
 3.02902e-01
 3.02871e-01
 3.02735e-01
 3.03431e-01
 3.02619e-01
 3.02397e-01
 3.02666e-01
 3.02696e-01
 3.02603e-01
 3.02478e-01
 3.02421e-01
 3.14222e-01
 3.08204e-01
 3.04239e-01
 3.02518e-01
 3.02024e-01
 3.01831e-01
 3.01869e-01
 3.02096e-01
 3.02516e-01
 3.02862e-01
 3.02962e-01
 3.02930e-01
 3.02901e-01
 3.02911e-01
 3.02902e-01
 3.02871e-01
 3.02735e-01
 3.03431e-01
 3.02619e-01
 3.02397e-01
 3.02666e-01
 3.02696e-01
 3.02603e-01
 3.02478e-01
 3.02421e-01
 3.14222e-01
 3.08204e-01
 3.04239e-01
 3.02518e-01
 3.02024e-01
 3.01831e-01
 3.01869e-01
 3.02096e-01
 3.02516e-01
 3.02862e-01
 3.02962e-01
 3.02930e-01
 3.02901e-01
 3.02911e-01
 3.02902e-01
 3.02871e-01
 3.02735e-01
 3.03431e-01
 3.02619e-01
 3.02397e-01
 3.02666e-01
 3.02696e-01
 3.02603e-01
 3.02478e-01
 3.02421e-01
 3.14222e-01
 3.08204e-01
 3.04239e-01
 3.02518e-01
 3.02024e-01
 3.01831e-01
 3.01869e-01
 3.02096e-01
 3.02516e-01
 3.02862e-01
 3.02962e-01
 3.02930e-01
 3.02901e-01
 3.02911e-01
 3.02902e-01
 3.02871e-01
 3.02735e-01
 3.03431e-01
 3.02619e-01
 3.02397e-01
 3.02666e-01
 3.02696e-01
 3.02603e-01
 3.02478e-01
 3.02421e-01
 3.14222e-01
 3.08204e-01
 3.04239e-01
 3.02518e-01
 3.02024e-01
 3.01831e-01
 3.01869e-01
 3.02096e-01
 3.02516e-01
 3.02862e-01
 3.02962e-01
 3.02930e-01
 3.02901e-01
 3.02911e-01
 3.02902e-01
 3.02871e-01
 3.02735e-01
 3.03431e-01
 3.02619e-01
 3.02397e-01
 3.02666e-01
 3.02696e-01
 3.02603e-01
 3.02478e-01
 3.02421e-01
 3.14222e-01
 3.08204e-01
 3.04239e-01
 3.02518e-01
 3.02024e-01
 3.01831e-01
 3.01869e-01
 3.02096e-01
 3.02516e-01
 3.02862e-01
 3.02962e-01
 3.02930e-01
 3.02901e-01
 3.02911e-01
 3.02902e-01
 3.02871e-01
 3.02735e-01
 3.03431e-01
 3.02619e-01
 3.02397e-01
 3.02666e-01
 3.02696e-01
 3.02603e-01
 3.02478e-01
 3.02421e-01
 3.14222e-01
 3.08204e-01
 3.04239e-01
 3.02518e-01
 3.02024e-01
 3.01831e-01
 3.01869e-01
 3.02096e-01
 3.02516e-01
 3.02862e-01
 3.02962e-01
 3.02930e-01
 3.02901e-01
 3.02911e-01
 3.02902e-01
 3.02871e-01
 3.02735e-01
 3.03431e-01
 3.02619e-01
 3.02397e-01
 3.02666e-01
 3.02696e-01
 3.02603e-01
 3.02478e-01
 3.02421e-01
 3.14222e-01
 3.08204e-01
 3.04239e-01
 3.02518e-01
 3.02024e-01
 3.01831e-01
 3.01869e-01
 3.02096e-01
 3.02516e-01
 3.02862e-01
 3.02962e-01
 3.02930e-01
 3.02901e-01
 3.02911e-01
 3.02902e-01
 3.02871e-01
 3.02735e-01
 3.03431e-01
 3.02619e-01
 3.02397e-01
 3.02666e-01
 3.02696e-01
 3.02603e-01
 3.02478e-01
 3.02421e-01
part
         4
hexa8
 3.02447e-01
 3.02322e-01
 3.01841e-01
 3.00851e-01
 2.98684e-01
 2.94036e-01
 2.85258e-01
 2.70664e-01
 2.49818e-01
 2.22725e-01
 1.86776e-01
 1.51228e-01
 1.25993e-01
 1.11053e-01
 1.03857e-01
 1.01149e-01
 1.00313e-01
 1.00082e-01
 1.00021e-01
 1.00005e-01
 1.00001e-01
 1.00000e-01
 1.00000e-01
 1.00000e-01
 1.00000e-01
 3.02447e-01
 3.02322e-01
 3.01841e-01
 3.00851e-01
 2.98684e-01
 2.94036e-01
 2.85258e-01
 2.70664e-01
 2.49818e-01
 2.22725e-01
 1.86776e-01
 1.51228e-01
 1.25993e-01
 1.11053e-01
 1.03857e-01
 1.01149e-01
 1.00313e-01
 1.00082e-01
 1.00021e-01
 1.00005e-01
 1.00001e-01
 1.00000e-01
 1.00000e-01
 1.00000e-01
 1.00000e-01
 3.02447e-01
 3.02322e-01
 3.01841e-01
 3.00851e-01
 2.98684e-01
 2.94036e-01
 2.85258e-01
 2.70664e-01
 2.49818e-01
 2.22725e-01
 1.86776e-01
 1.51228e-01
 1.25993e-01
 1.11053e-01
 1.03857e-01
 1.01149e-01
 1.00313e-01
 1.00082e-01
 1.00021e-01
 1.00005e-01
 1.00001e-01
 1.00000e-01
 1.00000e-01
 1.00000e-01
 1.00000e-01
 3.02447e-01
 3.02322e-01
 3.01841e-01
 3.00851e-01
 2.98684e-01
 2.94036e-01
 2.85258e-01
 2.70664e-01
 2.49818e-01
 2.22725e-01
 1.86776e-01
 1.51228e-01
 1.25993e-01
 1.11053e-01
 1.03857e-01
 1.01149e-01
 1.00313e-01
 1.00082e-01
 1.00021e-01
 1.00005e-01
 1.00001e-01
 1.00000e-01
 1.00000e-01
 1.00000e-01
 1.00000e-01
 3.02447e-01
 3.02322e-01
 3.01841e-01
 3.00851e-01
 2.98684e-01
 2.94036e-01
 2.85258e-01
 2.70664e-01
 2.49818e-01
 2.22725e-01
 1.86776e-01
 1.51228e-01
 1.25993e-01
 1.11053e-01
 1.03857e-01
 1.01149e-01
 1.00313e-01
 1.00082e-01
 1.00021e-01
 1.00005e-01
 1.00001e-01
 1.00000e-01
 1.00000e-01
 1.00000e-01
 1.00000e-01
 3.02447e-01
 3.02322e-01
 3.01841e-01
 3.00851e-01
 2.98684e-01
 2.94036e-01
 2.85258e-01
 2.70664e-01
 2.49818e-01
 2.22725e-01
 1.86776e-01
 1.51228e-01
 1.25993e-01
 1.11053e-01
 1.03857e-01
 1.01149e-01
 1.00313e-01
 1.00082e-01
 1.00021e-01
 1.00005e-01
 1.00001e-01
 1.00000e-01
 1.00000e-01
 1.00000e-01
 1.00000e-01
 3.02447e-01
 3.02322e-01
 3.01841e-01
 3.00851e-01
 2.98684e-01
 2.94036e-01
 2.85258e-01
 2.70664e-01
 2.49818e-01
 2.22725e-01
 1.86776e-01
 1.51228e-01
 1.25993e-01
 1.11053e-01
 1.03857e-01
 1.01149e-01
 1.00313e-01
 1.00082e-01
 1.00021e-01
 1.00005e-01
 1.00001e-01
 1.00000e-01
 1.00000e-01
 1.00000e-01
 1.00000e-01
 3.02447e-01
 3.02322e-01
 3.01841e-01
 3.00851e-01
 2.98684e-01
 2.94036e-01
 2.85258e-01
 2.70664e-01
 2.49818e-01
 2.22725e-01
 1.86776e-01
 1.51228e-01
 1.25993e-01
 1.11053e-01
 1.03857e-01
 1.01149e-01
 1.00313e-01
 1.00082e-01
 1.00021e-01
 1.00005e-01
 1.00001e-01
 1.00000e-01
 1.00000e-01
 1.00000e-01
 1.00000e-01
 3.02447e-01
 3.02322e-01
 3.01841e-01
 3.00851e-01
 2.98684e-01
 2.94036e-01
 2.85258e-01
 2.70664e-01
 2.49818e-01
 2.22725e-01
 1.86776e-01
 1.51228e-01
 1.25993e-01
 1.11053e-01
 1.03857e-01
 1.01149e-01
 1.00313e-01
 1.00082e-01
 1.00021e-01
 1.00005e-01
 1.00001e-01
 1.00000e-01
 1.00000e-01
 1.00000e-01
 1.00000e-01
 3.02447e-01
 3.02322e-01
 3.01841e-01
 3.00851e-01
 2.98684e-01
 2.94036e-01
 2.85258e-01
 2.70664e-01
 2.49818e-01
 2.22725e-01
 1.86776e-01
 1.51228e-01
 1.25993e-01
 1.11053e-01
 1.03857e-01
 1.01149e-01
 1.00313e-01
 1.00082e-01
 1.00021e-01
 1.00005e-01
 1.00001e-01
 1.00000e-01
 1.00000e-01
 1.00000e-01
 1.00000e-01
 3.02447e-01
 3.02322e-01
 3.01841e-01
 3.00851e-01
 2.98684e-01
 2.94036e-01
 2.85258e-01
 2.70664e-01
 2.49818e-01
 2.22725e-01
 1.86776e-01
 1.51228e-01
 1.25993e-01
 1.11053e-01
 1.03857e-01
 1.01149e-01
 1.00313e-01
 1.00082e-01
 1.00021e-01
 1.00005e-01
 1.00001e-01
 1.00000e-01
 1.00000e-01
 1.00000e-01
 1.00000e-01
 3.02447e-01
 3.02322e-01
 3.01841e-01
 3.00851e-01
 2.98684e-01
 2.94036e-01
 2.85258e-01
 2.70664e-01
 2.49818e-01
 2.22725e-01
 1.86776e-01
 1.51228e-01
 1.25993e-01
 1.11053e-01
 1.03857e-01
 1.01149e-01
 1.00313e-01
 1.00082e-01
 1.00021e-01
 1.00005e-01
 1.00001e-01
 1.00000e-01
 1.00000e-01
 1.00000e-01
 1.00000e-01
 3.02447e-01
 3.02322e-01
 3.01841e-01
 3.00851e-01
 2.98684e-01
 2.94036e-01
 2.85258e-01
 2.70664e-01
 2.49818e-01
 2.22725e-01
 1.86776e-01
 1.51228e-01
 1.25993e-01
 1.11053e-01
 1.03857e-01
 1.01149e-01
 1.00313e-01
 1.00082e-01
 1.00021e-01
 1.00005e-01
 1.00001e-01
 1.00000e-01
 1.00000e-01
 1.00000e-01
 1.00000e-01
 3.02447e-01
 3.02322e-01
 3.01841e-01
 3.00851e-01
 2.98684e-01
 2.94036e-01
 2.85258e-01
 2.70664e-01
 2.49818e-01
 2.22725e-01
 1.86776e-01
 1.51228e-01
 1.25993e-01
 1.11053e-01
 1.03857e-01
 1.01149e-01
 1.00313e-01
 1.00082e-01
 1.00021e-01
 1.00005e-01
 1.00001e-01
 1.00000e-01
 1.00000e-01
 1.00000e-01
 1.00000e-01
 3.02447e-01
 3.02322e-01
 3.01841e-01
 3.00851e-01
 2.98684e-01
 2.94036e-01
 2.85258e-01
 2.70664e-01
 2.49818e-01
 2.22725e-01
 1.86776e-01
 1.51228e-01
 1.25993e-01
 1.11053e-01
 1.03857e-01
 1.01149e-01
 1.00313e-01
 1.00082e-01
 1.00021e-01
 1.00005e-01
 1.00001e-01
 1.00000e-01
 1.00000e-01
 1.00000e-01
 1.00000e-01
 3.02447e-01
 3.02322e-01
 3.01841e-01
 3.00851e-01
 2.98684e-01
 2.94036e-01
 2.85258e-01
 2.70664e-01
 2.49818e-01
 2.22725e-01
 1.86776e-01
 1.51228e-01
 1.25993e-01
 1.11053e-01
 1.03857e-01
 1.01149e-01
 1.00313e-01
 1.00082e-01
 1.00021e-01
 1.00005e-01
 1.00001e-01
 1.00000e-01
 1.00000e-01
 1.00000e-01
 1.00000e-01
 3.02447e-01
 3.02322e-01
 3.01841e-01
 3.00851e-01
 2.98684e-01
 2.94036e-01
 2.85258e-01
 2.70664e-01
 2.49818e-01
 2.22725e-01
 1.86776e-01
 1.51228e-01
 1.25993e-01
 1.11053e-01
 1.03857e-01
 1.01149e-01
 1.00313e-01
 1.00082e-01
 1.00021e-01
 1.00005e-01
 1.00001e-01
 1.00000e-01
 1.00000e-01
 1.00000e-01
 1.00000e-01
 3.02447e-01
 3.02322e-01
 3.01841e-01
 3.00851e-01
 2.98684e-01
 2.94036e-01
 2.85258e-01
 2.70664e-01
 2.49818e-01
 2.22725e-01
 1.86776e-01
 1.51228e-01
 1.25993e-01
 1.11053e-01
 1.03857e-01
 1.01149e-01
 1.00313e-01
 1.00082e-01
 1.00021e-01
 1.00005e-01
 1.00001e-01
 1.00000e-01
 1.00000e-01
 1.00000e-01
 1.00000e-01
 3.02447e-01
 3.02322e-01
 3.01841e-01
 3.00851e-01
 2.98684e-01
 2.94036e-01
 2.85258e-01
 2.70664e-01
 2.49818e-01
 2.22725e-01
 1.86776e-01
 1.51228e-01
 1.25993e-01
 1.11053e-01
 1.03857e-01
 1.01149e-01
 1.00313e-01
 1.00082e-01
 1.00021e-01
 1.00005e-01
 1.00001e-01
 1.00000e-01
 1.00000e-01
 1.00000e-01
 1.00000e-01
 3.02447e-01
 3.02322e-01
 3.01841e-01
 3.00851e-01
 2.98684e-01
 2.94036e-01
 2.85258e-01
 2.70664e-01
 2.49818e-01
 2.22725e-01
 1.86776e-01
 1.51228e-01
 1.25993e-01
 1.11053e-01
 1.03857e-01
 1.01149e-01
 1.00313e-01
 1.00082e-01
 1.00021e-01
 1.00005e-01
 1.00001e-01
 1.00000e-01
 1.00000e-01
 1.00000e-01
 1.00000e-01
 3.02447e-01
 3.02322e-01
 3.01841e-01
 3.00851e-01
 2.98684e-01
 2.94036e-01
 2.85258e-01
 2.70664e-01
 2.49818e-01
 2.22725e-01
 1.86776e-01
 1.51228e-01
 1.25993e-01
 1.11053e-01
 1.03857e-01
 1.01149e-01
 1.00313e-01
 1.00082e-01
 1.00021e-01
 1.00005e-01
 1.00001e-01
 1.00000e-01
 1.00000e-01
 1.00000e-01
 1.00000e-01
 3.02447e-01
 3.02322e-01
 3.01841e-01
 3.00851e-01
 2.98684e-01
 2.94036e-01
 2.85258e-01
 2.70664e-01
 2.49818e-01
 2.22725e-01
 1.86776e-01
 1.51228e-01
 1.25993e-01
 1.11053e-01
 1.03857e-01
 1.01149e-01
 1.00313e-01
 1.00082e-01
 1.00021e-01
 1.00005e-01
 1.00001e-01
 1.00000e-01
 1.00000e-01
 1.00000e-01
 1.00000e-01
 3.02447e-01
 3.02322e-01
 3.01841e-01
 3.00851e-01
 2.98684e-01
 2.94036e-01
 2.85258e-01
 2.70664e-01
 2.49818e-01
 2.22725e-01
 1.86776e-01
 1.51228e-01
 1.25993e-01
 1.11053e-01
 1.03857e-01
 1.01149e-01
 1.00313e-01
 1.00082e-01
 1.00021e-01
 1.00005e-01
 1.00001e-01
 1.00000e-01
 1.00000e-01
 1.00000e-01
 1.00000e-01
 3.02447e-01
 3.02322e-01
 3.01841e-01
 3.00851e-01
 2.98684e-01
 2.94036e-01
 2.85258e-01
 2.70664e-01
 2.49818e-01
 2.22725e-01
 1.86776e-01
 1.51228e-01
 1.25993e-01
 1.11053e-01
 1.03857e-01
 1.01149e-01
 1.00313e-01
 1.00082e-01
 1.00021e-01
 1.00005e-01
 1.00001e-01
 1.00000e-01
 1.00000e-01
 1.00000e-01
 1.00000e-01
 3.02447e-01
 3.02322e-01
 3.01841e-01
 3.00851e-01
 2.98684e-01
 2.94036e-01
 2.85258e-01
 2.70664e-01
 2.49818e-01
 2.22725e-01
 1.86776e-01
 1.51228e-01
 1.25993e-01
 1.11053e-01
 1.03857e-01
 1.01149e-01
 1.00313e-01
 1.00082e-01
 1.00021e-01
 1.00005e-01
 1.00001e-01
 1.00000e-01
 1.00000e-01
 1.00000e-01
 1.00000e-01
