Pressure
part
         1
hexa8
 1.00000e+00
 1.00000e+00
 1.00000e+00
 1.00000e+00
 1.00000e+00
 1.00000e+00
 1.00000e+00
 1.00000e+00
 1.00000e+00
 1.00000e+00
 1.00000e+00
 1.00000e+00
 1.00000e+00
 1.00000e+00
 1.00000e+00
 1.00000e+00
 1.00000e+00
 1.00000e+00
 1.00000e+00
 1.00000e+00
 1.00000e+00
 1.00000e+00
 1.00000e+00
 1.00000e+00
 1.00000e+00
 1.00000e+00
 1.00000e+00
 1.00000e+00
 1.00000e+00
 1.00000e+00
 1.00000e+00
 1.00000e+00
 1.00000e+00
 1.00000e+00
 1.00000e+00
 1.00000e+00
 1.00000e+00
 1.00000e+00
 1.00000e+00
 1.00000e+00
 1.00000e+00
 1.00000e+00
 1.00000e+00
 1.00000e+00
 1.00000e+00
 1.00000e+00
 1.00000e+00
 1.00000e+00
 1.00000e+00
 1.00000e+00
 1.00000e+00
 1.00000e+00
 1.00000e+00
 1.00000e+00
 1.00000e+00
 1.00000e+00
 1.00000e+00
 1.00000e+00
 1.00000e+00
 1.00000e+00
 1.00000e+00
 1.00000e+00
 1.00000e+00
 1.00000e+00
 1.00000e+00
 1.00000e+00
 1.00000e+00
 1.00000e+00
 1.00000e+00
 1.00000e+00
 1.00000e+00
 1.00000e+00
 1.00000e+00
 1.00000e+00
 1.00000e+00
 1.00000e+00
 1.00000e+00
 1.00000e+00
 1.00000e+00
 1.00000e+00
 1.00000e+00
 1.00000e+00
 1.00000e+00
 1.00000e+00
 1.00000e+00
 1.00000e+00
 1.00000e+00
 1.00000e+00
 1.00000e+00
 1.00000e+00
 9.99997e-01
 9.99997e-01
 9.99997e-01
 9.99997e-01
 9.99997e-01
 9.99986e-01
 9.99986e-01
 9.99986e-01
 9.99986e-01
 9.99986e-01
 9.99934e-01
 9.99934e-01
 9.99934e-01
 9.99934e-01
 9.99934e-01
 9.99719e-01
 9.99719e-01
 9.99719e-01
 9.99719e-01
 9.99719e-01
 9.98945e-01
 9.98945e-01
 9.98945e-01
 9.98945e-01
 9.98945e-01
 9.96566e-01
 9.96566e-01
 9.96566e-01
 9.96566e-01
 9.96566e-01
 9.90436e-01
 9.90436e-01
 9.90436e-01
 9.90436e-01
 9.90436e-01
 1.00000e+00
 1.00000e+00
 1.00000e+00
 1.00000e+00
 1.00000e+00
 1.00000e+00
 1.00000e+00
 1.00000e+00
 1.00000e+00
 1.00000e+00
 1.00000e+00
 1.00000e+00
 1.00000e+00
 1.00000e+00
 1.00000e+00
 1.00000e+00
 1.00000e+00
 1.00000e+00
 1.00000e+00
 1.00000e+00
 1.00000e+00
 1.00000e+00
 1.00000e+00
 1.00000e+00
 1.00000e+00
 1.00000e+00
 1.00000e+00
 1.00000e+00
 1.00000e+00
 1.00000e+00
 1.00000e+00
 1.00000e+00
 1.00000e+00
 1.00000e+00
 1.00000e+00
 1.00000e+00
 1.00000e+00
 1.00000e+00
 1.00000e+00
 1.00000e+00
 1.00000e+00
 1.00000e+00
 1.00000e+00
 1.00000e+00
 1.00000e+00
 1.00000e+00
 1.00000e+00
 1.00000e+00
 1.00000e+00
 1.00000e+00
 1.00000e+00
 1.00000e+00
 1.00000e+00
 1.00000e+00
 1.00000e+00
 1.00000e+00
 1.00000e+00
 1.00000e+00
 1.00000e+00
 1.00000e+00
 1.00000e+00
 1.00000e+00
 1.00000e+00
 1.00000e+00
 1.00000e+00
 1.00000e+00
 1.00000e+00
 1.00000e+00
 1.00000e+00
 1.00000e+00
 1.00000e+00
 1.00000e+00
 1.00000e+00
 1.00000e+00
 1.00000e+00
 1.00000e+00
 1.00000e+00
 1.00000e+00
 1.00000e+00
 1.00000e+00
 1.00000e+00
 1.00000e+00
 1.00000e+00
 1.00000e+00
 1.00000e+00
 1.00000e+00
 1.00000e+00
 1.00000e+00
 1.00000e+00
 1.00000e+00
 9.99997e-01
 9.99997e-01
 9.99997e-01
 9.99997e-01
 9.99997e-01
 9.99986e-01
 9.99986e-01
 9.99986e-01
 9.99986e-01
 9.99986e-01
 9.99934e-01
 9.99934e-01
 9.99934e-01
 9.99934e-01
 9.99934e-01
 9.99719e-01
 9.99719e-01
 9.99719e-01
 9.99719e-01
 9.99719e-01
 9.98945e-01
 9.98945e-01
 9.98945e-01
 9.98945e-01
 9.98945e-01
 9.96566e-01
 9.96566e-01
 9.96566e-01
 9.96566e-01
 9.96566e-01
 9.90436e-01
 9.90436e-01
 9.90436e-01
 9.90436e-01
 9.90436e-01
 1.00000e+00
 1.00000e+00
 1.00000e+00
 1.00000e+00
 1.00000e+00
 1.00000e+00
 1.00000e+00
 1.00000e+00
 1.00000e+00
 1.00000e+00
 1.00000e+00
 1.00000e+00
 1.00000e+00
 1.00000e+00
 1.00000e+00
 1.00000e+00
 1.00000e+00
 1.00000e+00
 1.00000e+00
 1.00000e+00
 1.00000e+00
 1.00000e+00
 1.00000e+00
 1.00000e+00
 1.00000e+00
 1.00000e+00
 1.00000e+00
 1.00000e+00
 1.00000e+00
 1.00000e+00
 1.00000e+00
 1.00000e+00
 1.00000e+00
 1.00000e+00
 1.00000e+00
 1.00000e+00
 1.00000e+00
 1.00000e+00
 1.00000e+00
 1.00000e+00
 1.00000e+00
 1.00000e+00
 1.00000e+00
 1.00000e+00
 1.00000e+00
 1.00000e+00
 1.00000e+00
 1.00000e+00
 1.00000e+00
 1.00000e+00
 1.00000e+00
 1.00000e+00
 1.00000e+00
 1.00000e+00
 1.00000e+00
 1.00000e+00
 1.00000e+00
 1.00000e+00
 1.00000e+00
 1.00000e+00
 1.00000e+00
 1.00000e+00
 1.00000e+00
 1.00000e+00
 1.00000e+00
 1.00000e+00
 1.00000e+00
 1.00000e+00
 1.00000e+00
 1.00000e+00
 1.00000e+00
 1.00000e+00
 1.00000e+00
 1.00000e+00
 1.00000e+00
 1.00000e+00
 1.00000e+00
 1.00000e+00
 1.00000e+00
 1.00000e+00
 1.00000e+00
 1.00000e+00
 1.00000e+00
 1.00000e+00
 1.00000e+00
 1.00000e+00
 1.00000e+00
 1.00000e+00
 1.00000e+00
 1.00000e+00
 9.99997e-01
 9.99997e-01
 9.99997e-01
 9.99997e-01
 9.99997e-01
 9.99986e-01
 9.99986e-01
 9.99986e-01
 9.99986e-01
 9.99986e-01
 9.99934e-01
 9.99934e-01
 9.99934e-01
 9.99934e-01
 9.99934e-01
 9.99719e-01
 9.99719e-01
 9.99719e-01
 9.99719e-01
 9.99719e-01
 9.98945e-01
 9.98945e-01
 9.98945e-01
 9.98945e-01
 9.98945e-01
 9.96566e-01
 9.96566e-01
 9.96566e-01
 9.96566e-01
 9.96566e-01
 9.90436e-01
 9.90436e-01
 9.90436e-01
 9.90436e-01
 9.90436e-01
 1.00000e+00
 1.00000e+00
 1.00000e+00
 1.00000e+00
 1.00000e+00
 1.00000e+00
 1.00000e+00
 1.00000e+00
 1.00000e+00
 1.00000e+00
 1.00000e+00
 1.00000e+00
 1.00000e+00
 1.00000e+00
 1.00000e+00
 1.00000e+00
 1.00000e+00
 1.00000e+00
 1.00000e+00
 1.00000e+00
 1.00000e+00
 1.00000e+00
 1.00000e+00
 1.00000e+00
 1.00000e+00
 1.00000e+00
 1.00000e+00
 1.00000e+00
 1.00000e+00
 1.00000e+00
 1.00000e+00
 1.00000e+00
 1.00000e+00
 1.00000e+00
 1.00000e+00
 1.00000e+00
 1.00000e+00
 1.00000e+00
 1.00000e+00
 1.00000e+00
 1.00000e+00
 1.00000e+00
 1.00000e+00
 1.00000e+00
 1.00000e+00
 1.00000e+00
 1.00000e+00
 1.00000e+00
 1.00000e+00
 1.00000e+00
 1.00000e+00
 1.00000e+00
 1.00000e+00
 1.00000e+00
 1.00000e+00
 1.00000e+00
 1.00000e+00
 1.00000e+00
 1.00000e+00
 1.00000e+00
 1.00000e+00
 1.00000e+00
 1.00000e+00
 1.00000e+00
 1.00000e+00
 1.00000e+00
 1.00000e+00
 1.00000e+00
 1.00000e+00
 1.00000e+00
 1.00000e+00
 1.00000e+00
 1.00000e+00
 1.00000e+00
 1.00000e+00
 1.00000e+00
 1.00000e+00
 1.00000e+00
 1.00000e+00
 1.00000e+00
 1.00000e+00
 1.00000e+00
 1.00000e+00
 1.00000e+00
 1.00000e+00
 1.00000e+00
 1.00000e+00
 1.00000e+00
 1.00000e+00
 1.00000e+00
 9.99997e-01
 9.99997e-01
 9.99997e-01
 9.99997e-01
 9.99997e-01
 9.99986e-01
 9.99986e-01
 9.99986e-01
 9.99986e-01
 9.99986e-01
 9.99934e-01
 9.99934e-01
 9.99934e-01
 9.99934e-01
 9.99934e-01
 9.99719e-01
 9.99719e-01
 9.99719e-01
 9.99719e-01
 9.99719e-01
 9.98945e-01
 9.98945e-01
 9.98945e-01
 9.98945e-01
 9.98945e-01
 9.96566e-01
 9.96566e-01
 9.96566e-01
 9.96566e-01
 9.96566e-01
 9.90436e-01
 9.90436e-01
 9.90436e-01
 9.90436e-01
 9.90436e-01
 1.00000e+00
 1.00000e+00
 1.00000e+00
 1.00000e+00
 1.00000e+00
 1.00000e+00
 1.00000e+00
 1.00000e+00
 1.00000e+00
 1.00000e+00
 1.00000e+00
 1.00000e+00
 1.00000e+00
 1.00000e+00
 1.00000e+00
 1.00000e+00
 1.00000e+00
 1.00000e+00
 1.00000e+00
 1.00000e+00
 1.00000e+00
 1.00000e+00
 1.00000e+00
 1.00000e+00
 1.00000e+00
 1.00000e+00
 1.00000e+00
 1.00000e+00
 1.00000e+00
 1.00000e+00
 1.00000e+00
 1.00000e+00
 1.00000e+00
 1.00000e+00
 1.00000e+00
 1.00000e+00
 1.00000e+00
 1.00000e+00
 1.00000e+00
 1.00000e+00
 1.00000e+00
 1.00000e+00
 1.00000e+00
 1.00000e+00
 1.00000e+00
 1.00000e+00
 1.00000e+00
 1.00000e+00
 1.00000e+00
 1.00000e+00
 1.00000e+00
 1.00000e+00
 1.00000e+00
 1.00000e+00
 1.00000e+00
 1.00000e+00
 1.00000e+00
 1.00000e+00
 1.00000e+00
 1.00000e+00
 1.00000e+00
 1.00000e+00
 1.00000e+00
 1.00000e+00
 1.00000e+00
 1.00000e+00
 1.00000e+00
 1.00000e+00
 1.00000e+00
 1.00000e+00
 1.00000e+00
 1.00000e+00
 1.00000e+00
 1.00000e+00
 1.00000e+00
 1.00000e+00
 1.00000e+00
 1.00000e+00
 1.00000e+00
 1.00000e+00
 1.00000e+00
 1.00000e+00
 1.00000e+00
 1.00000e+00
 1.00000e+00
 1.00000e+00
 1.00000e+00
 1.00000e+00
 1.00000e+00
 1.00000e+00
 9.99997e-01
 9.99997e-01
 9.99997e-01
 9.99997e-01
 9.99997e-01
 9.99986e-01
 9.99986e-01
 9.99986e-01
 9.99986e-01
 9.99986e-01
 9.99934e-01
 9.99934e-01
 9.99934e-01
 9.99934e-01
 9.99934e-01
 9.99719e-01
 9.99719e-01
 9.99719e-01
 9.99719e-01
 9.99719e-01
 9.98945e-01
 9.98945e-01
 9.98945e-01
 9.98945e-01
 9.98945e-01
 9.96566e-01
 9.96566e-01
 9.96566e-01
 9.96566e-01
 9.96566e-01
 9.90436e-01
 9.90436e-01
 9.90436e-01
 9.90436e-01
 9.90436e-01
part
         2
hexa8
 9.77444e-01
 9.77444e-01
 9.77444e-01
 9.77444e-01
 9.77444e-01
 9.54993e-01
 9.54993e-01
 9.54993e-01
 9.54993e-01
 9.54993e-01
 9.23260e-01
 9.23260e-01
 9.23260e-01
 9.23260e-01
 9.23260e-01
 8.85483e-01
 8.85483e-01
 8.85483e-01
 8.85483e-01
 8.85483e-01
 8.45555e-01
 8.45555e-01
 8.45555e-01
 8.45555e-01
 8.45555e-01
 8.05947e-01
 8.05947e-01
 8.05947e-01
 8.05947e-01
 8.05947e-01
 7.67679e-01
 7.67679e-01
 7.67679e-01
 7.67679e-01
 7.67679e-01
 7.31064e-01
 7.31064e-01
 7.31064e-01
 7.31064e-01
 7.31064e-01
 6.96109e-01
 6.96109e-01
 6.96109e-01
 6.96109e-01
 6.96109e-01
 6.62804e-01
 6.62804e-01
 6.62804e-01
 6.62804e-01
 6.62804e-01
 6.31112e-01
 6.31112e-01
 6.31112e-01
 6.31112e-01
 6.31112e-01
 6.00986e-01
 6.00986e-01
 6.00986e-01
 6.00986e-01
 6.00986e-01
 5.72372e-01
 5.72372e-01
 5.72372e-01
 5.72372e-01
 5.72372e-01
 5.45215e-01
 5.45215e-01
 5.45215e-01
 5.45215e-01
 5.45215e-01
 5.19456e-01
 5.19456e-01
 5.19456e-01
 5.19456e-01
 5.19456e-01
 4.95041e-01
 4.95041e-01
 4.95041e-01
 4.95041e-01
 4.95041e-01
 4.71916e-01
 4.71916e-01
 4.71916e-01
 4.71916e-01
 4.71916e-01
 4.50036e-01
 4.50036e-01
 4.50036e-01
 4.50036e-01
 4.50036e-01
 4.29366e-01
 4.29366e-01
 4.29366e-01
 4.29366e-01
 4.29366e-01
 4.09883e-01
 4.09883e-01
 4.09883e-01
 4.09883e-01
 4.09883e-01
 3.91580e-01
 3.91580e-01
 3.91580e-01
 3.91580e-01
 3.91580e-01
 3.74474e-01
 3.74474e-01
 3.74474e-01
 3.74474e-01
 3.74474e-01
 3.58609e-01
 3.58609e-01
 3.58609e-01
 3.58609e-01
 3.58609e-01
 3.44062e-01
 3.44062e-01
 3.44062e-01
 3.44062e-01
 3.44062e-01
 3.30952e-01
 3.30952e-01
 3.30952e-01
 3.30952e-01
 3.30952e-01
 9.77444e-01
 9.77444e-01
 9.77444e-01
 9.77444e-01
 9.77444e-01
 9.54993e-01
 9.54993e-01
 9.54993e-01
 9.54993e-01
 9.54993e-01
 9.23260e-01
 9.23260e-01
 9.23260e-01
 9.23260e-01
 9.23260e-01
 8.85483e-01
 8.85483e-01
 8.85483e-01
 8.85483e-01
 8.85483e-01
 8.45555e-01
 8.45555e-01
 8.45555e-01
 8.45555e-01
 8.45555e-01
 8.05947e-01
 8.05947e-01
 8.05947e-01
 8.05947e-01
 8.05947e-01
 7.67679e-01
 7.67679e-01
 7.67679e-01
 7.67679e-01
 7.67679e-01
 7.31064e-01
 7.31064e-01
 7.31064e-01
 7.31064e-01
 7.31064e-01
 6.96109e-01
 6.96109e-01
 6.96109e-01
 6.96109e-01
 6.96109e-01
 6.62804e-01
 6.62804e-01
 6.62804e-01
 6.62804e-01
 6.62804e-01
 6.31112e-01
 6.31112e-01
 6.31112e-01
 6.31112e-01
 6.31112e-01
 6.00986e-01
 6.00986e-01
 6.00986e-01
 6.00986e-01
 6.00986e-01
 5.72372e-01
 5.72372e-01
 5.72372e-01
 5.72372e-01
 5.72372e-01
 5.45215e-01
 5.45215e-01
 5.45215e-01
 5.45215e-01
 5.45215e-01
 5.19456e-01
 5.19456e-01
 5.19456e-01
 5.19456e-01
 5.19456e-01
 4.95041e-01
 4.95041e-01
 4.95041e-01
 4.95041e-01
 4.95041e-01
 4.71916e-01
 4.71916e-01
 4.71916e-01
 4.71916e-01
 4.71916e-01
 4.50036e-01
 4.50036e-01
 4.50036e-01
 4.50036e-01
 4.50036e-01
 4.29366e-01
 4.29366e-01
 4.29366e-01
 4.29366e-01
 4.29366e-01
 4.09883e-01
 4.09883e-01
 4.09883e-01
 4.09883e-01
 4.09883e-01
 3.91580e-01
 3.91580e-01
 3.91580e-01
 3.91580e-01
 3.91580e-01
 3.74474e-01
 3.74474e-01
 3.74474e-01
 3.74474e-01
 3.74474e-01
 3.58609e-01
 3.58609e-01
 3.58609e-01
 3.58609e-01
 3.58609e-01
 3.44062e-01
 3.44062e-01
 3.44062e-01
 3.44062e-01
 3.44062e-01
 3.30952e-01
 3.30952e-01
 3.30952e-01
 3.30952e-01
 3.30952e-01
 9.77444e-01
 9.77444e-01
 9.77444e-01
 9.77444e-01
 9.77444e-01
 9.54993e-01
 9.54993e-01
 9.54993e-01
 9.54993e-01
 9.54993e-01
 9.23260e-01
 9.23260e-01
 9.23260e-01
 9.23260e-01
 9.23260e-01
 8.85483e-01
 8.85483e-01
 8.85483e-01
 8.85483e-01
 8.85483e-01
 8.45555e-01
 8.45555e-01
 8.45555e-01
 8.45555e-01
 8.45555e-01
 8.05947e-01
 8.05947e-01
 8.05947e-01
 8.05947e-01
 8.05947e-01
 7.67679e-01
 7.67679e-01
 7.67679e-01
 7.67679e-01
 7.67679e-01
 7.31064e-01
 7.31064e-01
 7.31064e-01
 7.31064e-01
 7.31064e-01
 6.96109e-01
 6.96109e-01
 6.96109e-01
 6.96109e-01
 6.96109e-01
 6.62804e-01
 6.62804e-01
 6.62804e-01
 6.62804e-01
 6.62804e-01
 6.31112e-01
 6.31112e-01
 6.31112e-01
 6.31112e-01
 6.31112e-01
 6.00986e-01
 6.00986e-01
 6.00986e-01
 6.00986e-01
 6.00986e-01
 5.72372e-01
 5.72372e-01
 5.72372e-01
 5.72372e-01
 5.72372e-01
 5.45215e-01
 5.45215e-01
 5.45215e-01
 5.45215e-01
 5.45215e-01
 5.19456e-01
 5.19456e-01
 5.19456e-01
 5.19456e-01
 5.19456e-01
 4.95041e-01
 4.95041e-01
 4.95041e-01
 4.95041e-01
 4.95041e-01
 4.71916e-01
 4.71916e-01
 4.71916e-01
 4.71916e-01
 4.71916e-01
 4.50036e-01
 4.50036e-01
 4.50036e-01
 4.50036e-01
 4.50036e-01
 4.29366e-01
 4.29366e-01
 4.29366e-01
 4.29366e-01
 4.29366e-01
 4.09883e-01
 4.09883e-01
 4.09883e-01
 4.09883e-01
 4.09883e-01
 3.91580e-01
 3.91580e-01
 3.91580e-01
 3.91580e-01
 3.91580e-01
 3.74474e-01
 3.74474e-01
 3.74474e-01
 3.74474e-01
 3.74474e-01
 3.58609e-01
 3.58609e-01
 3.58609e-01
 3.58609e-01
 3.58609e-01
 3.44062e-01
 3.44062e-01
 3.44062e-01
 3.44062e-01
 3.44062e-01
 3.30952e-01
 3.30952e-01
 3.30952e-01
 3.30952e-01
 3.30952e-01
 9.77444e-01
 9.77444e-01
 9.77444e-01
 9.77444e-01
 9.77444e-01
 9.54993e-01
 9.54993e-01
 9.54993e-01
 9.54993e-01
 9.54993e-01
 9.23260e-01
 9.23260e-01
 9.23260e-01
 9.23260e-01
 9.23260e-01
 8.85483e-01
 8.85483e-01
 8.85483e-01
 8.85483e-01
 8.85483e-01
 8.45555e-01
 8.45555e-01
 8.45555e-01
 8.45555e-01
 8.45555e-01
 8.05947e-01
 8.05947e-01
 8.05947e-01
 8.05947e-01
 8.05947e-01
 7.67679e-01
 7.67679e-01
 7.67679e-01
 7.67679e-01
 7.67679e-01
 7.31064e-01
 7.31064e-01
 7.31064e-01
 7.31064e-01
 7.31064e-01
 6.96109e-01
 6.96109e-01
 6.96109e-01
 6.96109e-01
 6.96109e-01
 6.62804e-01
 6.62804e-01
 6.62804e-01
 6.62804e-01
 6.62804e-01
 6.31112e-01
 6.31112e-01
 6.31112e-01
 6.31112e-01
 6.31112e-01
 6.00986e-01
 6.00986e-01
 6.00986e-01
 6.00986e-01
 6.00986e-01
 5.72372e-01
 5.72372e-01
 5.72372e-01
 5.72372e-01
 5.72372e-01
 5.45215e-01
 5.45215e-01
 5.45215e-01
 5.45215e-01
 5.45215e-01
 5.19456e-01
 5.19456e-01
 5.19456e-01
 5.19456e-01
 5.19456e-01
 4.95041e-01
 4.95041e-01
 4.95041e-01
 4.95041e-01
 4.95041e-01
 4.71916e-01
 4.71916e-01
 4.71916e-01
 4.71916e-01
 4.71916e-01
 4.50036e-01
 4.50036e-01
 4.50036e-01
 4.50036e-01
 4.50036e-01
 4.29366e-01
 4.29366e-01
 4.29366e-01
 4.29366e-01
 4.29366e-01
 4.09883e-01
 4.09883e-01
 4.09883e-01
 4.09883e-01
 4.09883e-01
 3.91580e-01
 3.91580e-01
 3.91580e-01
 3.91580e-01
 3.91580e-01
 3.74474e-01
 3.74474e-01
 3.74474e-01
 3.74474e-01
 3.74474e-01
 3.58609e-01
 3.58609e-01
 3.58609e-01
 3.58609e-01
 3.58609e-01
 3.44062e-01
 3.44062e-01
 3.44062e-01
 3.44062e-01
 3.44062e-01
 3.30952e-01
 3.30952e-01
 3.30952e-01
 3.30952e-01
 3.30952e-01
 9.77444e-01
 9.77444e-01
 9.77444e-01
 9.77444e-01
 9.77444e-01
 9.54993e-01
 9.54993e-01
 9.54993e-01
 9.54993e-01
 9.54993e-01
 9.23260e-01
 9.23260e-01
 9.23260e-01
 9.23260e-01
 9.23260e-01
 8.85483e-01
 8.85483e-01
 8.85483e-01
 8.85483e-01
 8.85483e-01
 8.45555e-01
 8.45555e-01
 8.45555e-01
 8.45555e-01
 8.45555e-01
 8.05947e-01
 8.05947e-01
 8.05947e-01
 8.05947e-01
 8.05947e-01
 7.67679e-01
 7.67679e-01
 7.67679e-01
 7.67679e-01
 7.67679e-01
 7.31064e-01
 7.31064e-01
 7.31064e-01
 7.31064e-01
 7.31064e-01
 6.96109e-01
 6.96109e-01
 6.96109e-01
 6.96109e-01
 6.96109e-01
 6.62804e-01
 6.62804e-01
 6.62804e-01
 6.62804e-01
 6.62804e-01
 6.31112e-01
 6.31112e-01
 6.31112e-01
 6.31112e-01
 6.31112e-01
 6.00986e-01
 6.00986e-01
 6.00986e-01
 6.00986e-01
 6.00986e-01
 5.72372e-01
 5.72372e-01
 5.72372e-01
 5.72372e-01
 5.72372e-01
 5.45215e-01
 5.45215e-01
 5.45215e-01
 5.45215e-01
 5.45215e-01
 5.19456e-01
 5.19456e-01
 5.19456e-01
 5.19456e-01
 5.19456e-01
 4.95041e-01
 4.95041e-01
 4.95041e-01
 4.95041e-01
 4.95041e-01
 4.71916e-01
 4.71916e-01
 4.71916e-01
 4.71916e-01
 4.71916e-01
 4.50036e-01
 4.50036e-01
 4.50036e-01
 4.50036e-01
 4.50036e-01
 4.29366e-01
 4.29366e-01
 4.29366e-01
 4.29366e-01
 4.29366e-01
 4.09883e-01
 4.09883e-01
 4.09883e-01
 4.09883e-01
 4.09883e-01
 3.91580e-01
 3.91580e-01
 3.91580e-01
 3.91580e-01
 3.91580e-01
 3.74474e-01
 3.74474e-01
 3.74474e-01
 3.74474e-01
 3.74474e-01
 3.58609e-01
 3.58609e-01
 3.58609e-01
 3.58609e-01
 3.58609e-01
 3.44062e-01
 3.44062e-01
 3.44062e-01
 3.44062e-01
 3.44062e-01
 3.30952e-01
 3.30952e-01
 3.30952e-01
 3.30952e-01
 3.30952e-01
part
         3
hexa8
 3.19445e-01
 3.19445e-01
 3.19445e-01
 3.19445e-01
 3.19445e-01
 3.09749e-01
 3.09749e-01
 3.09749e-01
 3.09749e-01
 3.09749e-01
 3.02110e-01
 3.02110e-01
 3.02110e-01
 3.02110e-01
 3.02110e-01
 2.96766e-01
 2.96766e-01
 2.96766e-01
 2.96766e-01
 2.96766e-01
 2.95492e-01
 2.95492e-01
 2.95492e-01
 2.95492e-01
 2.95492e-01
 2.95522e-01
 2.95522e-01
 2.95522e-01
 2.95522e-01
 2.95522e-01
 2.96093e-01
 2.96093e-01
 2.96093e-01
 2.96093e-01
 2.96093e-01
 2.96966e-01
 2.96966e-01
 2.96966e-01
 2.96966e-01
 2.96966e-01
 2.97988e-01
 2.97988e-01
 2.97988e-01
 2.97988e-01
 2.97988e-01
 2.99035e-01
 2.99035e-01
 2.99035e-01
 2.99035e-01
 2.99035e-01
 3.00006e-01
 3.00006e-01
 3.00006e-01
 3.00006e-01
 3.00006e-01
 3.00824e-01
 3.00824e-01
 3.00824e-01
 3.00824e-01
 3.00824e-01
 3.01452e-01
 3.01452e-01
 3.01452e-01
 3.01452e-01
 3.01452e-01
 3.01898e-01
 3.01898e-01
 3.01898e-01
 3.01898e-01
 3.01898e-01
 3.02191e-01
 3.02191e-01
 3.02191e-01
 3.02191e-01
 3.02191e-01
 3.02376e-01
 3.02376e-01
 3.02376e-01
 3.02376e-01
 3.02376e-01
 3.02524e-01
 3.02524e-01
 3.02524e-01
 3.02524e-01
 3.02524e-01
 3.02575e-01
 3.02575e-01
 3.02575e-01
 3.02575e-01
 3.02575e-01
 3.02615e-01
 3.02615e-01
 3.02615e-01
 3.02615e-01
 3.02615e-01
 3.02656e-01
 3.02656e-01
 3.02656e-01
 3.02656e-01
 3.02656e-01
 3.02673e-01
 3.02673e-01
 3.02673e-01
 3.02673e-01
 3.02673e-01
 3.02708e-01
 3.02708e-01
 3.02708e-01
 3.02708e-01
 3.02708e-01
 3.02751e-01
 3.02751e-01
 3.02751e-01
 3.02751e-01
 3.02751e-01
 3.02800e-01
 3.02800e-01
 3.02800e-01
 3.02800e-01
 3.02800e-01
 3.02847e-01
 3.02847e-01
 3.02847e-01
 3.02847e-01
 3.02847e-01
 3.19445e-01
 3.19445e-01
 3.19445e-01
 3.19445e-01
 3.19445e-01
 3.09749e-01
 3.09749e-01
 3.09749e-01
 3.09749e-01
 3.09749e-01
 3.02110e-01
 3.02110e-01
 3.02110e-01
 3.02110e-01
 3.02110e-01
 2.96766e-01
 2.96766e-01
 2.96766e-01
 2.96766e-01
 2.96766e-01
 2.95492e-01
 2.95492e-01
 2.95492e-01
 2.95492e-01
 2.95492e-01
 2.95522e-01
 2.95522e-01
 2.95522e-01
 2.95522e-01
 2.95522e-01
 2.96093e-01
 2.96093e-01
 2.96093e-01
 2.96093e-01
 2.96093e-01
 2.96966e-01
 2.96966e-01
 2.96966e-01
 2.96966e-01
 2.96966e-01
 2.97988e-01
 2.97988e-01
 2.97988e-01
 2.97988e-01
 2.97988e-01
 2.99035e-01
 2.99035e-01
 2.99035e-01
 2.99035e-01
 2.99035e-01
 3.00006e-01
 3.00006e-01
 3.00006e-01
 3.00006e-01
 3.00006e-01
 3.00824e-01
 3.00824e-01
 3.00824e-01
 3.00824e-01
 3.00824e-01
 3.01452e-01
 3.01452e-01
 3.01452e-01
 3.01452e-01
 3.01452e-01
 3.01898e-01
 3.01898e-01
 3.01898e-01
 3.01898e-01
 3.01898e-01
 3.02191e-01
 3.02191e-01
 3.02191e-01
 3.02191e-01
 3.02191e-01
 3.02376e-01
 3.02376e-01
 3.02376e-01
 3.02376e-01
 3.02376e-01
 3.02524e-01
 3.02524e-01
 3.02524e-01
 3.02524e-01
 3.02524e-01
 3.02575e-01
 3.02575e-01
 3.02575e-01
 3.02575e-01
 3.02575e-01
 3.02615e-01
 3.02615e-01
 3.02615e-01
 3.02615e-01
 3.02615e-01
 3.02656e-01
 3.02656e-01
 3.02656e-01
 3.02656e-01
 3.02656e-01
 3.02673e-01
 3.02673e-01
 3.02673e-01
 3.02673e-01
 3.02673e-01
 3.02708e-01
 3.02708e-01
 3.02708e-01
 3.02708e-01
 3.02708e-01
 3.02751e-01
 3.02751e-01
 3.02751e-01
 3.02751e-01
 3.02751e-01
 3.02800e-01
 3.02800e-01
 3.02800e-01
 3.02800e-01
 3.02800e-01
 3.02847e-01
 3.02847e-01
 3.02847e-01
 3.02847e-01
 3.02847e-01
 3.19445e-01
 3.19445e-01
 3.19445e-01
 3.19445e-01
 3.19445e-01
 3.09749e-01
 3.09749e-01
 3.09749e-01
 3.09749e-01
 3.09749e-01
 3.02110e-01
 3.02110e-01
 3.02110e-01
 3.02110e-01
 3.02110e-01
 2.96766e-01
 2.96766e-01
 2.96766e-01
 2.96766e-01
 2.96766e-01
 2.95492e-01
 2.95492e-01
 2.95492e-01
 2.95492e-01
 2.95492e-01
 2.95522e-01
 2.95522e-01
 2.95522e-01
 2.95522e-01
 2.95522e-01
 2.96093e-01
 2.96093e-01
 2.96093e-01
 2.96093e-01
 2.96093e-01
 2.96966e-01
 2.96966e-01
 2.96966e-01
 2.96966e-01
 2.96966e-01
 2.97988e-01
 2.97988e-01
 2.97988e-01
 2.97988e-01
 2.97988e-01
 2.99035e-01
 2.99035e-01
 2.99035e-01
 2.99035e-01
 2.99035e-01
 3.00006e-01
 3.00006e-01
 3.00006e-01
 3.00006e-01
 3.00006e-01
 3.00824e-01
 3.00824e-01
 3.00824e-01
 3.00824e-01
 3.00824e-01
 3.01452e-01
 3.01452e-01
 3.01452e-01
 3.01452e-01
 3.01452e-01
 3.01898e-01
 3.01898e-01
 3.01898e-01
 3.01898e-01
 3.01898e-01
 3.02191e-01
 3.02191e-01
 3.02191e-01
 3.02191e-01
 3.02191e-01
 3.02376e-01
 3.02376e-01
 3.02376e-01
 3.02376e-01
 3.02376e-01
 3.02524e-01
 3.02524e-01
 3.02524e-01
 3.02524e-01
 3.02524e-01
 3.02575e-01
 3.02575e-01
 3.02575e-01
 3.02575e-01
 3.02575e-01
 3.02615e-01
 3.02615e-01
 3.02615e-01
 3.02615e-01
 3.02615e-01
 3.02656e-01
 3.02656e-01
 3.02656e-01
 3.02656e-01
 3.02656e-01
 3.02673e-01
 3.02673e-01
 3.02673e-01
 3.02673e-01
 3.02673e-01
 3.02708e-01
 3.02708e-01
 3.02708e-01
 3.02708e-01
 3.02708e-01
 3.02751e-01
 3.02751e-01
 3.02751e-01
 3.02751e-01
 3.02751e-01
 3.02800e-01
 3.02800e-01
 3.02800e-01
 3.02800e-01
 3.02800e-01
 3.02847e-01
 3.02847e-01
 3.02847e-01
 3.02847e-01
 3.02847e-01
 3.19445e-01
 3.19445e-01
 3.19445e-01
 3.19445e-01
 3.19445e-01
 3.09749e-01
 3.09749e-01
 3.09749e-01
 3.09749e-01
 3.09749e-01
 3.02110e-01
 3.02110e-01
 3.02110e-01
 3.02110e-01
 3.02110e-01
 2.96766e-01
 2.96766e-01
 2.96766e-01
 2.96766e-01
 2.96766e-01
 2.95492e-01
 2.95492e-01
 2.95492e-01
 2.95492e-01
 2.95492e-01
 2.95522e-01
 2.95522e-01
 2.95522e-01
 2.95522e-01
 2.95522e-01
 2.96093e-01
 2.96093e-01
 2.96093e-01
 2.96093e-01
 2.96093e-01
 2.96966e-01
 2.96966e-01
 2.96966e-01
 2.96966e-01
 2.96966e-01
 2.97988e-01
 2.97988e-01
 2.97988e-01
 2.97988e-01
 2.97988e-01
 2.99035e-01
 2.99035e-01
 2.99035e-01
 2.99035e-01
 2.99035e-01
 3.00006e-01
 3.00006e-01
 3.00006e-01
 3.00006e-01
 3.00006e-01
 3.00824e-01
 3.00824e-01
 3.00824e-01
 3.00824e-01
 3.00824e-01
 3.01452e-01
 3.01452e-01
 3.01452e-01
 3.01452e-01
 3.01452e-01
 3.01898e-01
 3.01898e-01
 3.01898e-01
 3.01898e-01
 3.01898e-01
 3.02191e-01
 3.02191e-01
 3.02191e-01
 3.02191e-01
 3.02191e-01
 3.02376e-01
 3.02376e-01
 3.02376e-01
 3.02376e-01
 3.02376e-01
 3.02524e-01
 3.02524e-01
 3.02524e-01
 3.02524e-01
 3.02524e-01
 3.02575e-01
 3.02575e-01
 3.02575e-01
 3.02575e-01
 3.02575e-01
 3.02615e-01
 3.02615e-01
 3.02615e-01
 3.02615e-01
 3.02615e-01
 3.02656e-01
 3.02656e-01
 3.02656e-01
 3.02656e-01
 3.02656e-01
 3.02673e-01
 3.02673e-01
 3.02673e-01
 3.02673e-01
 3.02673e-01
 3.02708e-01
 3.02708e-01
 3.02708e-01
 3.02708e-01
 3.02708e-01
 3.02751e-01
 3.02751e-01
 3.02751e-01
 3.02751e-01
 3.02751e-01
 3.02800e-01
 3.02800e-01
 3.02800e-01
 3.02800e-01
 3.02800e-01
 3.02847e-01
 3.02847e-01
 3.02847e-01
 3.02847e-01
 3.02847e-01
 3.19445e-01
 3.19445e-01
 3.19445e-01
 3.19445e-01
 3.19445e-01
 3.09749e-01
 3.09749e-01
 3.09749e-01
 3.09749e-01
 3.09749e-01
 3.02110e-01
 3.02110e-01
 3.02110e-01
 3.02110e-01
 3.02110e-01
 2.96766e-01
 2.96766e-01
 2.96766e-01
 2.96766e-01
 2.96766e-01
 2.95492e-01
 2.95492e-01
 2.95492e-01
 2.95492e-01
 2.95492e-01
 2.95522e-01
 2.95522e-01
 2.95522e-01
 2.95522e-01
 2.95522e-01
 2.96093e-01
 2.96093e-01
 2.96093e-01
 2.96093e-01
 2.96093e-01
 2.96966e-01
 2.96966e-01
 2.96966e-01
 2.96966e-01
 2.96966e-01
 2.97988e-01
 2.97988e-01
 2.97988e-01
 2.97988e-01
 2.97988e-01
 2.99035e-01
 2.99035e-01
 2.99035e-01
 2.99035e-01
 2.99035e-01
 3.00006e-01
 3.00006e-01
 3.00006e-01
 3.00006e-01
 3.00006e-01
 3.00824e-01
 3.00824e-01
 3.00824e-01
 3.00824e-01
 3.00824e-01
 3.01452e-01
 3.01452e-01
 3.01452e-01
 3.01452e-01
 3.01452e-01
 3.01898e-01
 3.01898e-01
 3.01898e-01
 3.01898e-01
 3.01898e-01
 3.02191e-01
 3.02191e-01
 3.02191e-01
 3.02191e-01
 3.02191e-01
 3.02376e-01
 3.02376e-01
 3.02376e-01
 3.02376e-01
 3.02376e-01
 3.02524e-01
 3.02524e-01
 3.02524e-01
 3.02524e-01
 3.02524e-01
 3.02575e-01
 3.02575e-01
 3.02575e-01
 3.02575e-01
 3.02575e-01
 3.02615e-01
 3.02615e-01
 3.02615e-01
 3.02615e-01
 3.02615e-01
 3.02656e-01
 3.02656e-01
 3.02656e-01
 3.02656e-01
 3.02656e-01
 3.02673e-01
 3.02673e-01
 3.02673e-01
 3.02673e-01
 3.02673e-01
 3.02708e-01
 3.02708e-01
 3.02708e-01
 3.02708e-01
 3.02708e-01
 3.02751e-01
 3.02751e-01
 3.02751e-01
 3.02751e-01
 3.02751e-01
 3.02800e-01
 3.02800e-01
 3.02800e-01
 3.02800e-01
 3.02800e-01
 3.02847e-01
 3.02847e-01
 3.02847e-01
 3.02847e-01
 3.02847e-01
part
         4
hexa8
 3.02875e-01
 3.02875e-01
 3.02875e-01
 3.02875e-01
 3.02875e-01
 3.02845e-01
 3.02845e-01
 3.02845e-01
 3.02845e-01
 3.02845e-01
 3.02660e-01
 3.02660e-01
 3.02660e-01
 3.02660e-01
 3.02660e-01
 3.02085e-01
 3.02085e-01
 3.02085e-01
 3.02085e-01
 3.02085e-01
 3.00595e-01
 3.00595e-01
 3.00595e-01
 3.00595e-01
 3.00595e-01
 2.97103e-01
 2.97103e-01
 2.97103e-01
 2.97103e-01
 2.97103e-01
 2.89625e-01
 2.89625e-01
 2.89625e-01
 2.89625e-01
 2.89625e-01
 2.75340e-01
 2.75340e-01
 2.75340e-01
 2.75340e-01
 2.75340e-01
 2.51933e-01
 2.51933e-01
 2.51933e-01
 2.51933e-01
 2.51933e-01
 2.19440e-01
 2.19440e-01
 2.19440e-01
 2.19440e-01
 2.19440e-01
 1.82664e-01
 1.82664e-01
 1.82664e-01
 1.82664e-01
 1.82664e-01
 1.48873e-01
 1.48873e-01
 1.48873e-01
 1.48873e-01
 1.48873e-01
 1.24056e-01
 1.24056e-01
 1.24056e-01
 1.24056e-01
 1.24056e-01
 1.09400e-01
 1.09400e-01
 1.09400e-01
 1.09400e-01
 1.09400e-01
 1.02893e-01
 1.02893e-01
 1.02893e-01
 1.02893e-01
 1.02893e-01
 1.00758e-01
 1.00758e-01
 1.00758e-01
 1.00758e-01
 1.00758e-01
 1.00186e-01
 1.00186e-01
 1.00186e-01
 1.00186e-01
 1.00186e-01
 1.00044e-01
 1.00044e-01
 1.00044e-01
 1.00044e-01
 1.00044e-01
 1.00010e-01
 1.00010e-01
 1.00010e-01
 1.00010e-01
 1.00010e-01
 1.00002e-01
 1.00002e-01
 1.00002e-01
 1.00002e-01
 1.00002e-01
 1.00001e-01
 1.00001e-01
 1.00001e-01
 1.00001e-01
 1.00001e-01
 1.00000e-01
 1.00000e-01
 1.00000e-01
 1.00000e-01
 1.00000e-01
 1.00000e-01
 1.00000e-01
 1.00000e-01
 1.00000e-01
 1.00000e-01
 1.00000e-01
 1.00000e-01
 1.00000e-01
 1.00000e-01
 1.00000e-01
 1.00000e-01
 1.00000e-01
 1.00000e-01
 1.00000e-01
 1.00000e-01
 3.02875e-01
 3.02875e-01
 3.02875e-01
 3.02875e-01
 3.02875e-01
 3.02845e-01
 3.02845e-01
 3.02845e-01
 3.02845e-01
 3.02845e-01
 3.02660e-01
 3.02660e-01
 3.02660e-01
 3.02660e-01
 3.02660e-01
 3.02085e-01
 3.02085e-01
 3.02085e-01
 3.02085e-01
 3.02085e-01
 3.00595e-01
 3.00595e-01
 3.00595e-01
 3.00595e-01
 3.00595e-01
 2.97103e-01
 2.97103e-01
 2.97103e-01
 2.97103e-01
 2.97103e-01
 2.89625e-01
 2.89625e-01
 2.89625e-01
 2.89625e-01
 2.89625e-01
 2.75340e-01
 2.75340e-01
 2.75340e-01
 2.75340e-01
 2.75340e-01
 2.51933e-01
 2.51933e-01
 2.51933e-01
 2.51933e-01
 2.51933e-01
 2.19440e-01
 2.19440e-01
 2.19440e-01
 2.19440e-01
 2.19440e-01
 1.82664e-01
 1.82664e-01
 1.82664e-01
 1.82664e-01
 1.82664e-01
 1.48873e-01
 1.48873e-01
 1.48873e-01
 1.48873e-01
 1.48873e-01
 1.24056e-01
 1.24056e-01
 1.24056e-01
 1.24056e-01
 1.24056e-01
 1.09400e-01
 1.09400e-01
 1.09400e-01
 1.09400e-01
 1.09400e-01
 1.02893e-01
 1.02893e-01
 1.02893e-01
 1.02893e-01
 1.02893e-01
 1.00758e-01
 1.00758e-01
 1.00758e-01
 1.00758e-01
 1.00758e-01
 1.00186e-01
 1.00186e-01
 1.00186e-01
 1.00186e-01
 1.00186e-01
 1.00044e-01
 1.00044e-01
 1.00044e-01
 1.00044e-01
 1.00044e-01
 1.00010e-01
 1.00010e-01
 1.00010e-01
 1.00010e-01
 1.00010e-01
 1.00002e-01
 1.00002e-01
 1.00002e-01
 1.00002e-01
 1.00002e-01
 1.00001e-01
 1.00001e-01
 1.00001e-01
 1.00001e-01
 1.00001e-01
 1.00000e-01
 1.00000e-01
 1.00000e-01
 1.00000e-01
 1.00000e-01
 1.00000e-01
 1.00000e-01
 1.00000e-01
 1.00000e-01
 1.00000e-01
 1.00000e-01
 1.00000e-01
 1.00000e-01
 1.00000e-01
 1.00000e-01
 1.00000e-01
 1.00000e-01
 1.00000e-01
 1.00000e-01
 1.00000e-01
 3.02875e-01
 3.02875e-01
 3.02875e-01
 3.02875e-01
 3.02875e-01
 3.02845e-01
 3.02845e-01
 3.02845e-01
 3.02845e-01
 3.02845e-01
 3.02660e-01
 3.02660e-01
 3.02660e-01
 3.02660e-01
 3.02660e-01
 3.02085e-01
 3.02085e-01
 3.02085e-01
 3.02085e-01
 3.02085e-01
 3.00595e-01
 3.00595e-01
 3.00595e-01
 3.00595e-01
 3.00595e-01
 2.97103e-01
 2.97103e-01
 2.97103e-01
 2.97103e-01
 2.97103e-01
 2.89625e-01
 2.89625e-01
 2.89625e-01
 2.89625e-01
 2.89625e-01
 2.75340e-01
 2.75340e-01
 2.75340e-01
 2.75340e-01
 2.75340e-01
 2.51933e-01
 2.51933e-01
 2.51933e-01
 2.51933e-01
 2.51933e-01
 2.19440e-01
 2.19440e-01
 2.19440e-01
 2.19440e-01
 2.19440e-01
 1.82664e-01
 1.82664e-01
 1.82664e-01
 1.82664e-01
 1.82664e-01
 1.48873e-01
 1.48873e-01
 1.48873e-01
 1.48873e-01
 1.48873e-01
 1.24056e-01
 1.24056e-01
 1.24056e-01
 1.24056e-01
 1.24056e-01
 1.09400e-01
 1.09400e-01
 1.09400e-01
 1.09400e-01
 1.09400e-01
 1.02893e-01
 1.02893e-01
 1.02893e-01
 1.02893e-01
 1.02893e-01
 1.00758e-01
 1.00758e-01
 1.00758e-01
 1.00758e-01
 1.00758e-01
 1.00186e-01
 1.00186e-01
 1.00186e-01
 1.00186e-01
 1.00186e-01
 1.00044e-01
 1.00044e-01
 1.00044e-01
 1.00044e-01
 1.00044e-01
 1.00010e-01
 1.00010e-01
 1.00010e-01
 1.00010e-01
 1.00010e-01
 1.00002e-01
 1.00002e-01
 1.00002e-01
 1.00002e-01
 1.00002e-01
 1.00001e-01
 1.00001e-01
 1.00001e-01
 1.00001e-01
 1.00001e-01
 1.00000e-01
 1.00000e-01
 1.00000e-01
 1.00000e-01
 1.00000e-01
 1.00000e-01
 1.00000e-01
 1.00000e-01
 1.00000e-01
 1.00000e-01
 1.00000e-01
 1.00000e-01
 1.00000e-01
 1.00000e-01
 1.00000e-01
 1.00000e-01
 1.00000e-01
 1.00000e-01
 1.00000e-01
 1.00000e-01
 3.02875e-01
 3.02875e-01
 3.02875e-01
 3.02875e-01
 3.02875e-01
 3.02845e-01
 3.02845e-01
 3.02845e-01
 3.02845e-01
 3.02845e-01
 3.02660e-01
 3.02660e-01
 3.02660e-01
 3.02660e-01
 3.02660e-01
 3.02085e-01
 3.02085e-01
 3.02085e-01
 3.02085e-01
 3.02085e-01
 3.00595e-01
 3.00595e-01
 3.00595e-01
 3.00595e-01
 3.00595e-01
 2.97103e-01
 2.97103e-01
 2.97103e-01
 2.97103e-01
 2.97103e-01
 2.89625e-01
 2.89625e-01
 2.89625e-01
 2.89625e-01
 2.89625e-01
 2.75340e-01
 2.75340e-01
 2.75340e-01
 2.75340e-01
 2.75340e-01
 2.51933e-01
 2.51933e-01
 2.51933e-01
 2.51933e-01
 2.51933e-01
 2.19440e-01
 2.19440e-01
 2.19440e-01
 2.19440e-01
 2.19440e-01
 1.82664e-01
 1.82664e-01
 1.82664e-01
 1.82664e-01
 1.82664e-01
 1.48873e-01
 1.48873e-01
 1.48873e-01
 1.48873e-01
 1.48873e-01
 1.24056e-01
 1.24056e-01
 1.24056e-01
 1.24056e-01
 1.24056e-01
 1.09400e-01
 1.09400e-01
 1.09400e-01
 1.09400e-01
 1.09400e-01
 1.02893e-01
 1.02893e-01
 1.02893e-01
 1.02893e-01
 1.02893e-01
 1.00758e-01
 1.00758e-01
 1.00758e-01
 1.00758e-01
 1.00758e-01
 1.00186e-01
 1.00186e-01
 1.00186e-01
 1.00186e-01
 1.00186e-01
 1.00044e-01
 1.00044e-01
 1.00044e-01
 1.00044e-01
 1.00044e-01
 1.00010e-01
 1.00010e-01
 1.00010e-01
 1.00010e-01
 1.00010e-01
 1.00002e-01
 1.00002e-01
 1.00002e-01
 1.00002e-01
 1.00002e-01
 1.00001e-01
 1.00001e-01
 1.00001e-01
 1.00001e-01
 1.00001e-01
 1.00000e-01
 1.00000e-01
 1.00000e-01
 1.00000e-01
 1.00000e-01
 1.00000e-01
 1.00000e-01
 1.00000e-01
 1.00000e-01
 1.00000e-01
 1.00000e-01
 1.00000e-01
 1.00000e-01
 1.00000e-01
 1.00000e-01
 1.00000e-01
 1.00000e-01
 1.00000e-01
 1.00000e-01
 1.00000e-01
 3.02875e-01
 3.02875e-01
 3.02875e-01
 3.02875e-01
 3.02875e-01
 3.02845e-01
 3.02845e-01
 3.02845e-01
 3.02845e-01
 3.02845e-01
 3.02660e-01
 3.02660e-01
 3.02660e-01
 3.02660e-01
 3.02660e-01
 3.02085e-01
 3.02085e-01
 3.02085e-01
 3.02085e-01
 3.02085e-01
 3.00595e-01
 3.00595e-01
 3.00595e-01
 3.00595e-01
 3.00595e-01
 2.97103e-01
 2.97103e-01
 2.97103e-01
 2.97103e-01
 2.97103e-01
 2.89625e-01
 2.89625e-01
 2.89625e-01
 2.89625e-01
 2.89625e-01
 2.75340e-01
 2.75340e-01
 2.75340e-01
 2.75340e-01
 2.75340e-01
 2.51933e-01
 2.51933e-01
 2.51933e-01
 2.51933e-01
 2.51933e-01
 2.19440e-01
 2.19440e-01
 2.19440e-01
 2.19440e-01
 2.19440e-01
 1.82664e-01
 1.82664e-01
 1.82664e-01
 1.82664e-01
 1.82664e-01
 1.48873e-01
 1.48873e-01
 1.48873e-01
 1.48873e-01
 1.48873e-01
 1.24056e-01
 1.24056e-01
 1.24056e-01
 1.24056e-01
 1.24056e-01
 1.09400e-01
 1.09400e-01
 1.09400e-01
 1.09400e-01
 1.09400e-01
 1.02893e-01
 1.02893e-01
 1.02893e-01
 1.02893e-01
 1.02893e-01
 1.00758e-01
 1.00758e-01
 1.00758e-01
 1.00758e-01
 1.00758e-01
 1.00186e-01
 1.00186e-01
 1.00186e-01
 1.00186e-01
 1.00186e-01
 1.00044e-01
 1.00044e-01
 1.00044e-01
 1.00044e-01
 1.00044e-01
 1.00010e-01
 1.00010e-01
 1.00010e-01
 1.00010e-01
 1.00010e-01
 1.00002e-01
 1.00002e-01
 1.00002e-01
 1.00002e-01
 1.00002e-01
 1.00001e-01
 1.00001e-01
 1.00001e-01
 1.00001e-01
 1.00001e-01
 1.00000e-01
 1.00000e-01
 1.00000e-01
 1.00000e-01
 1.00000e-01
 1.00000e-01
 1.00000e-01
 1.00000e-01
 1.00000e-01
 1.00000e-01
 1.00000e-01
 1.00000e-01
 1.00000e-01
 1.00000e-01
 1.00000e-01
 1.00000e-01
 1.00000e-01
 1.00000e-01
 1.00000e-01
 1.00000e-01
