CellMass
part
         1
hexa8
 4.00000e-06
 4.00000e-06
 4.00000e-06
 4.00000e-06
 4.00000e-06
 4.00000e-06
 4.00000e-06
 4.00000e-06
 4.00000e-06
 4.00000e-06
 4.00000e-06
 4.00000e-06
 4.00000e-06
 4.00000e-06
 4.00000e-06
 4.00000e-06
 4.00000e-06
 4.00000e-06
 3.99999e-06
 3.99996e-06
 3.99982e-06
 3.99926e-06
 3.99731e-06
 3.99144e-06
 3.97669e-06
 4.00000e-06
 4.00000e-06
 4.00000e-06
 4.00000e-06
 4.00000e-06
 4.00000e-06
 4.00000e-06
 4.00000e-06
 4.00000e-06
 4.00000e-06
 4.00000e-06
 4.00000e-06
 4.00000e-06
 4.00000e-06
 4.00000e-06
 4.00000e-06
 4.00000e-06
 4.00000e-06
 3.99999e-06
 3.99996e-06
 3.99982e-06
 3.99926e-06
 3.99731e-06
 3.99144e-06
 3.97669e-06
 4.00000e-06
 4.00000e-06
 4.00000e-06
 4.00000e-06
 4.00000e-06
 4.00000e-06
 4.00000e-06
 4.00000e-06
 4.00000e-06
 4.00000e-06
 4.00000e-06
 4.00000e-06
 4.00000e-06
 4.00000e-06
 4.00000e-06
 4.00000e-06
 4.00000e-06
 4.00000e-06
 3.99999e-06
 3.99996e-06
 3.99982e-06
 3.99926e-06
 3.99731e-06
 3.99144e-06
 3.97669e-06
 4.00000e-06
 4.00000e-06
 4.00000e-06
 4.00000e-06
 4.00000e-06
 4.00000e-06
 4.00000e-06
 4.00000e-06
 4.00000e-06
 4.00000e-06
 4.00000e-06
 4.00000e-06
 4.00000e-06
 4.00000e-06
 4.00000e-06
 4.00000e-06
 4.00000e-06
 4.00000e-06
 3.99999e-06
 3.99996e-06
 3.99982e-06
 3.99926e-06
 3.99731e-06
 3.99144e-06
 3.97669e-06
 4.00000e-06
 4.00000e-06
 4.00000e-06
 4.00000e-06
 4.00000e-06
 4.00000e-06
 4.00000e-06
 4.00000e-06
 4.00000e-06
 4.00000e-06
 4.00000e-06
 4.00000e-06
 4.00000e-06
 4.00000e-06
 4.00000e-06
 4.00000e-06
 4.00000e-06
 4.00000e-06
 3.99999e-06
 3.99996e-06
 3.99982e-06
 3.99926e-06
 3.99731e-06
 3.99144e-06
 3.97669e-06
 4.00000e-06
 4.00000e-06
 4.00000e-06
 4.00000e-06
 4.00000e-06
 4.00000e-06
 4.00000e-06
 4.00000e-06
 4.00000e-06
 4.00000e-06
 4.00000e-06
 4.00000e-06
 4.00000e-06
 4.00000e-06
 4.00000e-06
 4.00000e-06
 4.00000e-06
 4.00000e-06
 3.99999e-06
 3.99996e-06
 3.99982e-06
 3.99926e-06
 3.99731e-06
 3.99144e-06
 3.97669e-06
 4.00000e-06
 4.00000e-06
 4.00000e-06
 4.00000e-06
 4.00000e-06
 4.00000e-06
 4.00000e-06
 4.00000e-06
 4.00000e-06
 4.00000e-06
 4.00000e-06
 4.00000e-06
 4.00000e-06
 4.00000e-06
 4.00000e-06
 4.00000e-06
 4.00000e-06
 4.00000e-06
 3.99999e-06
 3.99996e-06
 3.99982e-06
 3.99926e-06
 3.99731e-06
 3.99144e-06
 3.97669e-06
 4.00000e-06
 4.00000e-06
 4.00000e-06
 4.00000e-06
 4.00000e-06
 4.00000e-06
 4.00000e-06
 4.00000e-06
 4.00000e-06
 4.00000e-06
 4.00000e-06
 4.00000e-06
 4.00000e-06
 4.00000e-06
 4.00000e-06
 4.00000e-06
 4.00000e-06
 4.00000e-06
 3.99999e-06
 3.99996e-06
 3.99982e-06
 3.99926e-06
 3.99731e-06
 3.99144e-06
 3.97669e-06
 4.00000e-06
 4.00000e-06
 4.00000e-06
 4.00000e-06
 4.00000e-06
 4.00000e-06
 4.00000e-06
 4.00000e-06
 4.00000e-06
 4.00000e-06
 4.00000e-06
 4.00000e-06
 4.00000e-06
 4.00000e-06
 4.00000e-06
 4.00000e-06
 4.00000e-06
 4.00000e-06
 3.99999e-06
 3.99996e-06
 3.99982e-06
 3.99926e-06
 3.99731e-06
 3.99144e-06
 3.97669e-06
 4.00000e-06
 4.00000e-06
 4.00000e-06
 4.00000e-06
 4.00000e-06
 4.00000e-06
 4.00000e-06
 4.00000e-06
 4.00000e-06
 4.00000e-06
 4.00000e-06
 4.00000e-06
 4.00000e-06
 4.00000e-06
 4.00000e-06
 4.00000e-06
 4.00000e-06
 4.00000e-06
 3.99999e-06
 3.99996e-06
 3.99982e-06
 3.99926e-06
 3.99731e-06
 3.99144e-06
 3.97669e-06
 4.00000e-06
 4.00000e-06
 4.00000e-06
 4.00000e-06
 4.00000e-06
 4.00000e-06
 4.00000e-06
 4.00000e-06
 4.00000e-06
 4.00000e-06
 4.00000e-06
 4.00000e-06
 4.00000e-06
 4.00000e-06
 4.00000e-06
 4.00000e-06
 4.00000e-06
 4.00000e-06
 3.99999e-06
 3.99996e-06
 3.99982e-06
 3.99926e-06
 3.99731e-06
 3.99144e-06
 3.97669e-06
 4.00000e-06
 4.00000e-06
 4.00000e-06
 4.00000e-06
 4.00000e-06
 4.00000e-06
 4.00000e-06
 4.00000e-06
 4.00000e-06
 4.00000e-06
 4.00000e-06
 4.00000e-06
 4.00000e-06
 4.00000e-06
 4.00000e-06
 4.00000e-06
 4.00000e-06
 4.00000e-06
 3.99999e-06
 3.99996e-06
 3.99982e-06
 3.99926e-06
 3.99731e-06
 3.99144e-06
 3.97669e-06
 4.00000e-06
 4.00000e-06
 4.00000e-06
 4.00000e-06
 4.00000e-06
 4.00000e-06
 4.00000e-06
 4.00000e-06
 4.00000e-06
 4.00000e-06
 4.00000e-06
 4.00000e-06
 4.00000e-06
 4.00000e-06
 4.00000e-06
 4.00000e-06
 4.00000e-06
 4.00000e-06
 3.99999e-06
 3.99996e-06
 3.99982e-06
 3.99926e-06
 3.99731e-06
 3.99144e-06
 3.97669e-06
 4.00000e-06
 4.00000e-06
 4.00000e-06
 4.00000e-06
 4.00000e-06
 4.00000e-06
 4.00000e-06
 4.00000e-06
 4.00000e-06
 4.00000e-06
 4.00000e-06
 4.00000e-06
 4.00000e-06
 4.00000e-06
 4.00000e-06
 4.00000e-06
 4.00000e-06
 4.00000e-06
 3.99999e-06
 3.99996e-06
 3.99982e-06
 3.99926e-06
 3.99731e-06
 3.99144e-06
 3.97669e-06
 4.00000e-06
 4.00000e-06
 4.00000e-06
 4.00000e-06
 4.00000e-06
 4.00000e-06
 4.00000e-06
 4.00000e-06
 4.00000e-06
 4.00000e-06
 4.00000e-06
 4.00000e-06
 4.00000e-06
 4.00000e-06
 4.00000e-06
 4.00000e-06
 4.00000e-06
 4.00000e-06
 3.99999e-06
 3.99996e-06
 3.99982e-06
 3.99926e-06
 3.99731e-06
 3.99144e-06
 3.97669e-06
 4.00000e-06
 4.00000e-06
 4.00000e-06
 4.00000e-06
 4.00000e-06
 4.00000e-06
 4.00000e-06
 4.00000e-06
 4.00000e-06
 4.00000e-06
 4.00000e-06
 4.00000e-06
 4.00000e-06
 4.00000e-06
 4.00000e-06
 4.00000e-06
 4.00000e-06
 4.00000e-06
 3.99999e-06
 3.99996e-06
 3.99982e-06
 3.99926e-06
 3.99731e-06
 3.99144e-06
 3.97669e-06
 4.00000e-06
 4.00000e-06
 4.00000e-06
 4.00000e-06
 4.00000e-06
 4.00000e-06
 4.00000e-06
 4.00000e-06
 4.00000e-06
 4.00000e-06
 4.00000e-06
 4.00000e-06
 4.00000e-06
 4.00000e-06
 4.00000e-06
 4.00000e-06
 4.00000e-06
 4.00000e-06
 3.99999e-06
 3.99996e-06
 3.99982e-06
 3.99926e-06
 3.99731e-06
 3.99144e-06
 3.97669e-06
 4.00000e-06
 4.00000e-06
 4.00000e-06
 4.00000e-06
 4.00000e-06
 4.00000e-06
 4.00000e-06
 4.00000e-06
 4.00000e-06
 4.00000e-06
 4.00000e-06
 4.00000e-06
 4.00000e-06
 4.00000e-06
 4.00000e-06
 4.00000e-06
 4.00000e-06
 4.00000e-06
 3.99999e-06
 3.99996e-06
 3.99982e-06
 3.99926e-06
 3.99731e-06
 3.99144e-06
 3.97669e-06
 4.00000e-06
 4.00000e-06
 4.00000e-06
 4.00000e-06
 4.00000e-06
 4.00000e-06
 4.00000e-06
 4.00000e-06
 4.00000e-06
 4.00000e-06
 4.00000e-06
 4.00000e-06
 4.00000e-06
 4.00000e-06
 4.00000e-06
 4.00000e-06
 4.00000e-06
 4.00000e-06
 3.99999e-06
 3.99996e-06
 3.99982e-06
 3.99926e-06
 3.99731e-06
 3.99144e-06
 3.97669e-06
 4.00000e-06
 4.00000e-06
 4.00000e-06
 4.00000e-06
 4.00000e-06
 4.00000e-06
 4.00000e-06
 4.00000e-06
 4.00000e-06
 4.00000e-06
 4.00000e-06
 4.00000e-06
 4.00000e-06
 4.00000e-06
 4.00000e-06
 4.00000e-06
 4.00000e-06
 4.00000e-06
 3.99999e-06
 3.99996e-06
 3.99982e-06
 3.99926e-06
 3.99731e-06
 3.99144e-06
 3.97669e-06
 4.00000e-06
 4.00000e-06
 4.00000e-06
 4.00000e-06
 4.00000e-06
 4.00000e-06
 4.00000e-06
 4.00000e-06
 4.00000e-06
 4.00000e-06
 4.00000e-06
 4.00000e-06
 4.00000e-06
 4.00000e-06
 4.00000e-06
 4.00000e-06
 4.00000e-06
 4.00000e-06
 3.99999e-06
 3.99996e-06
 3.99982e-06
 3.99926e-06
 3.99731e-06
 3.99144e-06
 3.97669e-06
 4.00000e-06
 4.00000e-06
 4.00000e-06
 4.00000e-06
 4.00000e-06
 4.00000e-06
 4.00000e-06
 4.00000e-06
 4.00000e-06
 4.00000e-06
 4.00000e-06
 4.00000e-06
 4.00000e-06
 4.00000e-06
 4.00000e-06
 4.00000e-06
 4.00000e-06
 4.00000e-06
 3.99999e-06
 3.99996e-06
 3.99982e-06
 3.99926e-06
 3.99731e-06
 3.99144e-06
 3.97669e-06
 4.00000e-06
 4.00000e-06
 4.00000e-06
 4.00000e-06
 4.00000e-06
 4.00000e-06
 4.00000e-06
 4.00000e-06
 4.00000e-06
 4.00000e-06
 4.00000e-06
 4.00000e-06
 4.00000e-06
 4.00000e-06
 4.00000e-06
 4.00000e-06
 4.00000e-06
 4.00000e-06
 3.99999e-06
 3.99996e-06
 3.99982e-06
 3.99926e-06
 3.99731e-06
 3.99144e-06
 3.97669e-06
 4.00000e-06
 4.00000e-06
 4.00000e-06
 4.00000e-06
 4.00000e-06
 4.00000e-06
 4.00000e-06
 4.00000e-06
 4.00000e-06
 4.00000e-06
 4.00000e-06
 4.00000e-06
 4.00000e-06
 4.00000e-06
 4.00000e-06
 4.00000e-06
 4.00000e-06
 4.00000e-06
 3.99999e-06
 3.99996e-06
 3.99982e-06
 3.99926e-06
 3.99731e-06
 3.99144e-06
 3.97669e-06
 4.00000e-06
 4.00000e-06
 4.00000e-06
 4.00000e-06
 4.00000e-06
 4.00000e-06
 4.00000e-06
 4.00000e-06
 4.00000e-06
 4.00000e-06
 4.00000e-06
 4.00000e-06
 4.00000e-06
 4.00000e-06
 4.00000e-06
 4.00000e-06
 4.00000e-06
 4.00000e-06
 3.99999e-06
 3.99996e-06
 3.99982e-06
 3.99926e-06
 3.99731e-06
 3.99144e-06
 3.97669e-06
part
         2
hexa8
 3.94603e-06
 3.89357e-06
 3.81849e-06
 3.72522e-06
 3.61997e-06
 3.50788e-06
 3.39244e-06
 3.27586e-06
 3.15948e-06
 3.04410e-06
 2.93028e-06
 2.81820e-06
 2.70847e-06
 2.60070e-06
 2.49574e-06
 2.39374e-06
 2.29328e-06
 2.19716e-06
 2.10198e-06
 2.00603e-06
 1.90795e-06
 1.72292e-06
 1.71382e-06
 1.71541e-06
 1.70701e-06
 3.94603e-06
 3.89357e-06
 3.81849e-06
 3.72522e-06
 3.61997e-06
 3.50788e-06
 3.39244e-06
 3.27586e-06
 3.15948e-06
 3.04410e-06
 2.93028e-06
 2.81820e-06
 2.70847e-06
 2.60070e-06
 2.49574e-06
 2.39374e-06
 2.29328e-06
 2.19716e-06
 2.10198e-06
 2.00603e-06
 1.90795e-06
 1.72292e-06
 1.71382e-06
 1.71541e-06
 1.70701e-06
 3.94603e-06
 3.89357e-06
 3.81849e-06
 3.72522e-06
 3.61997e-06
 3.50788e-06
 3.39244e-06
 3.27586e-06
 3.15948e-06
 3.04410e-06
 2.93028e-06
 2.81820e-06
 2.70847e-06
 2.60070e-06
 2.49574e-06
 2.39374e-06
 2.29328e-06
 2.19716e-06
 2.10198e-06
 2.00603e-06
 1.90795e-06
 1.72292e-06
 1.71382e-06
 1.71541e-06
 1.70701e-06
 3.94603e-06
 3.89357e-06
 3.81849e-06
 3.72522e-06
 3.61997e-06
 3.50788e-06
 3.39244e-06
 3.27586e-06
 3.15948e-06
 3.04410e-06
 2.93028e-06
 2.81820e-06
 2.70847e-06
 2.60070e-06
 2.49574e-06
 2.39374e-06
 2.29328e-06
 2.19716e-06
 2.10198e-06
 2.00603e-06
 1.90795e-06
 1.72292e-06
 1.71382e-06
 1.71541e-06
 1.70701e-06
 3.94603e-06
 3.89357e-06
 3.81849e-06
 3.72522e-06
 3.61997e-06
 3.50788e-06
 3.39244e-06
 3.27586e-06
 3.15948e-06
 3.04410e-06
 2.93028e-06
 2.81820e-06
 2.70847e-06
 2.60070e-06
 2.49574e-06
 2.39374e-06
 2.29328e-06
 2.19716e-06
 2.10198e-06
 2.00603e-06
 1.90795e-06
 1.72292e-06
 1.71382e-06
 1.71541e-06
 1.70701e-06
 3.94603e-06
 3.89357e-06
 3.81849e-06
 3.72522e-06
 3.61997e-06
 3.50788e-06
 3.39244e-06
 3.27586e-06
 3.15948e-06
 3.04410e-06
 2.93028e-06
 2.81820e-06
 2.70847e-06
 2.60070e-06
 2.49574e-06
 2.39374e-06
 2.29328e-06
 2.19716e-06
 2.10198e-06
 2.00603e-06
 1.90795e-06
 1.72292e-06
 1.71382e-06
 1.71541e-06
 1.70701e-06
 3.94603e-06
 3.89357e-06
 3.81849e-06
 3.72522e-06
 3.61997e-06
 3.50788e-06
 3.39244e-06
 3.27586e-06
 3.15948e-06
 3.04410e-06
 2.93028e-06
 2.81820e-06
 2.70847e-06
 2.60070e-06
 2.49574e-06
 2.39374e-06
 2.29328e-06
 2.19716e-06
 2.10198e-06
 2.00603e-06
 1.90795e-06
 1.72292e-06
 1.71382e-06
 1.71541e-06
 1.70701e-06
 3.94603e-06
 3.89357e-06
 3.81849e-06
 3.72522e-06
 3.61997e-06
 3.50788e-06
 3.39244e-06
 3.27586e-06
 3.15948e-06
 3.04410e-06
 2.93028e-06
 2.81820e-06
 2.70847e-06
 2.60070e-06
 2.49574e-06
 2.39374e-06
 2.29328e-06
 2.19716e-06
 2.10198e-06
 2.00603e-06
 1.90795e-06
 1.72292e-06
 1.71382e-06
 1.71541e-06
 1.70701e-06
 3.94603e-06
 3.89357e-06
 3.81849e-06
 3.72522e-06
 3.61997e-06
 3.50788e-06
 3.39244e-06
 3.27586e-06
 3.15948e-06
 3.04410e-06
 2.93028e-06
 2.81820e-06
 2.70847e-06
 2.60070e-06
 2.49574e-06
 2.39374e-06
 2.29328e-06
 2.19716e-06
 2.10198e-06
 2.00603e-06
 1.90795e-06
 1.72292e-06
 1.71382e-06
 1.71541e-06
 1.70701e-06
 3.94603e-06
 3.89357e-06
 3.81849e-06
 3.72522e-06
 3.61997e-06
 3.50788e-06
 3.39244e-06
 3.27586e-06
 3.15948e-06
 3.04410e-06
 2.93028e-06
 2.81820e-06
 2.70847e-06
 2.60070e-06
 2.49574e-06
 2.39374e-06
 2.29328e-06
 2.19716e-06
 2.10198e-06
 2.00603e-06
 1.90795e-06
 1.72292e-06
 1.71382e-06
 1.71541e-06
 1.70701e-06
 3.94603e-06
 3.89357e-06
 3.81849e-06
 3.72522e-06
 3.61997e-06
 3.50788e-06
 3.39244e-06
 3.27586e-06
 3.15948e-06
 3.04410e-06
 2.93028e-06
 2.81820e-06
 2.70847e-06
 2.60070e-06
 2.49574e-06
 2.39374e-06
 2.29328e-06
 2.19716e-06
 2.10198e-06
 2.00603e-06
 1.90795e-06
 1.72292e-06
 1.71382e-06
 1.71541e-06
 1.70701e-06
 3.94603e-06
 3.89357e-06
 3.81849e-06
 3.72522e-06
 3.61997e-06
 3.50788e-06
 3.39244e-06
 3.27586e-06
 3.15948e-06
 3.04410e-06
 2.93028e-06
 2.81820e-06
 2.70847e-06
 2.60070e-06
 2.49574e-06
 2.39374e-06
 2.29328e-06
 2.19716e-06
 2.10198e-06
 2.00603e-06
 1.90795e-06
 1.72292e-06
 1.71382e-06
 1.71541e-06
 1.70701e-06
 3.94603e-06
 3.89357e-06
 3.81849e-06
 3.72522e-06
 3.61997e-06
 3.50788e-06
 3.39244e-06
 3.27586e-06
 3.15948e-06
 3.04410e-06
 2.93028e-06
 2.81820e-06
 2.70847e-06
 2.60070e-06
 2.49574e-06
 2.39374e-06
 2.29328e-06
 2.19716e-06
 2.10198e-06
 2.00603e-06
 1.90795e-06
 1.72292e-06
 1.71382e-06
 1.71541e-06
 1.70701e-06
 3.94603e-06
 3.89357e-06
 3.81849e-06
 3.72522e-06
 3.61997e-06
 3.50788e-06
 3.39244e-06
 3.27586e-06
 3.15948e-06
 3.04410e-06
 2.93028e-06
 2.81820e-06
 2.70847e-06
 2.60070e-06
 2.49574e-06
 2.39374e-06
 2.29328e-06
 2.19716e-06
 2.10198e-06
 2.00603e-06
 1.90795e-06
 1.72292e-06
 1.71382e-06
 1.71541e-06
 1.70701e-06
 3.94603e-06
 3.89357e-06
 3.81849e-06
 3.72522e-06
 3.61997e-06
 3.50788e-06
 3.39244e-06
 3.27586e-06
 3.15948e-06
 3.04410e-06
 2.93028e-06
 2.81820e-06
 2.70847e-06
 2.60070e-06
 2.49574e-06
 2.39374e-06
 2.29328e-06
 2.19716e-06
 2.10198e-06
 2.00603e-06
 1.90795e-06
 1.72292e-06
 1.71382e-06
 1.71541e-06
 1.70701e-06
 3.94603e-06
 3.89357e-06
 3.81849e-06
 3.72522e-06
 3.61997e-06
 3.50788e-06
 3.39244e-06
 3.27586e-06
 3.15948e-06
 3.04410e-06
 2.93028e-06
 2.81820e-06
 2.70847e-06
 2.60070e-06
 2.49574e-06
 2.39374e-06
 2.29328e-06
 2.19716e-06
 2.10198e-06
 2.00603e-06
 1.90795e-06
 1.72292e-06
 1.71382e-06
 1.71541e-06
 1.70701e-06
 3.94603e-06
 3.89357e-06
 3.81849e-06
 3.72522e-06
 3.61997e-06
 3.50788e-06
 3.39244e-06
 3.27586e-06
 3.15948e-06
 3.04410e-06
 2.93028e-06
 2.81820e-06
 2.70847e-06
 2.60070e-06
 2.49574e-06
 2.39374e-06
 2.29328e-06
 2.19716e-06
 2.10198e-06
 2.00603e-06
 1.90795e-06
 1.72292e-06
 1.71382e-06
 1.71541e-06
 1.70701e-06
 3.94603e-06
 3.89357e-06
 3.81849e-06
 3.72522e-06
 3.61997e-06
 3.50788e-06
 3.39244e-06
 3.27586e-06
 3.15948e-06
 3.04410e-06
 2.93028e-06
 2.81820e-06
 2.70847e-06
 2.60070e-06
 2.49574e-06
 2.39374e-06
 2.29328e-06
 2.19716e-06
 2.10198e-06
 2.00603e-06
 1.90795e-06
 1.72292e-06
 1.71382e-06
 1.71541e-06
 1.70701e-06
 3.94603e-06
 3.89357e-06
 3.81849e-06
 3.72522e-06
 3.61997e-06
 3.50788e-06
 3.39244e-06
 3.27586e-06
 3.15948e-06
 3.04410e-06
 2.93028e-06
 2.81820e-06
 2.70847e-06
 2.60070e-06
 2.49574e-06
 2.39374e-06
 2.29328e-06
 2.19716e-06
 2.10198e-06
 2.00603e-06
 1.90795e-06
 1.72292e-06
 1.71382e-06
 1.71541e-06
 1.70701e-06
 3.94603e-06
 3.89357e-06
 3.81849e-06
 3.72522e-06
 3.61997e-06
 3.50788e-06
 3.39244e-06
 3.27586e-06
 3.15948e-06
 3.04410e-06
 2.93028e-06
 2.81820e-06
 2.70847e-06
 2.60070e-06
 2.49574e-06
 2.39374e-06
 2.29328e-06
 2.19716e-06
 2.10198e-06
 2.00603e-06
 1.90795e-06
 1.72292e-06
 1.71382e-06
 1.71541e-06
 1.70701e-06
 3.94603e-06
 3.89357e-06
 3.81849e-06
 3.72522e-06
 3.61997e-06
 3.50788e-06
 3.39244e-06
 3.27586e-06
 3.15948e-06
 3.04410e-06
 2.93028e-06
 2.81820e-06
 2.70847e-06
 2.60070e-06
 2.49574e-06
 2.39374e-06
 2.29328e-06
 2.19716e-06
 2.10198e-06
 2.00603e-06
 1.90795e-06
 1.72292e-06
 1.71382e-06
 1.71541e-06
 1.70701e-06
 3.94603e-06
 3.89357e-06
 3.81849e-06
 3.72522e-06
 3.61997e-06
 3.50788e-06
 3.39244e-06
 3.27586e-06
 3.15948e-06
 3.04410e-06
 2.93028e-06
 2.81820e-06
 2.70847e-06
 2.60070e-06
 2.49574e-06
 2.39374e-06
 2.29328e-06
 2.19716e-06
 2.10198e-06
 2.00603e-06
 1.90795e-06
 1.72292e-06
 1.71382e-06
 1.71541e-06
 1.70701e-06
 3.94603e-06
 3.89357e-06
 3.81849e-06
 3.72522e-06
 3.61997e-06
 3.50788e-06
 3.39244e-06
 3.27586e-06
 3.15948e-06
 3.04410e-06
 2.93028e-06
 2.81820e-06
 2.70847e-06
 2.60070e-06
 2.49574e-06
 2.39374e-06
 2.29328e-06
 2.19716e-06
 2.10198e-06
 2.00603e-06
 1.90795e-06
 1.72292e-06
 1.71382e-06
 1.71541e-06
 1.70701e-06
 3.94603e-06
 3.89357e-06
 3.81849e-06
 3.72522e-06
 3.61997e-06
 3.50788e-06
 3.39244e-06
 3.27586e-06
 3.15948e-06
 3.04410e-06
 2.93028e-06
 2.81820e-06
 2.70847e-06
 2.60070e-06
 2.49574e-06
 2.39374e-06
 2.29328e-06
 2.19716e-06
 2.10198e-06
 2.00603e-06
 1.90795e-06
 1.72292e-06
 1.71382e-06
 1.71541e-06
 1.70701e-06
 3.94603e-06
 3.89357e-06
 3.81849e-06
 3.72522e-06
 3.61997e-06
 3.50788e-06
 3.39244e-06
 3.27586e-06
 3.15948e-06
 3.04410e-06
 2.93028e-06
 2.81820e-06
 2.70847e-06
 2.60070e-06
 2.49574e-06
 2.39374e-06
 2.29328e-06
 2.19716e-06
 2.10198e-06
 2.00603e-06
 1.90795e-06
 1.72292e-06
 1.71382e-06
 1.71541e-06
 1.70701e-06
part
         3
hexa8
 1.69013e-06
 1.68319e-06
 1.68748e-06
 1.69353e-06
 1.69448e-06
 1.69261e-06
 1.68889e-06
 1.69030e-06
 1.70176e-06
 1.70998e-06
 1.70982e-06
 1.70217e-06
 1.69817e-06
 1.70774e-06
 1.74218e-06
 1.75967e-06
 1.74058e-06
 1.54844e-06
 1.27744e-06
 1.09134e-06
 1.03462e-06
 1.03359e-06
 1.04120e-06
 1.05032e-06
 1.05560e-06
 1.69013e-06
 1.68319e-06
 1.68748e-06
 1.69353e-06
 1.69448e-06
 1.69261e-06
 1.68889e-06
 1.69030e-06
 1.70176e-06
 1.70998e-06
 1.70982e-06
 1.70217e-06
 1.69817e-06
 1.70774e-06
 1.74218e-06
 1.75967e-06
 1.74058e-06
 1.54844e-06
 1.27744e-06
 1.09134e-06
 1.03462e-06
 1.03359e-06
 1.04120e-06
 1.05032e-06
 1.05560e-06
 1.69013e-06
 1.68319e-06
 1.68748e-06
 1.69353e-06
 1.69448e-06
 1.69261e-06
 1.68889e-06
 1.69030e-06
 1.70176e-06
 1.70998e-06
 1.70982e-06
 1.70217e-06
 1.69817e-06
 1.70774e-06
 1.74218e-06
 1.75967e-06
 1.74058e-06
 1.54844e-06
 1.27744e-06
 1.09134e-06
 1.03462e-06
 1.03359e-06
 1.04120e-06
 1.05032e-06
 1.05560e-06
 1.69013e-06
 1.68319e-06
 1.68748e-06
 1.69353e-06
 1.69448e-06
 1.69261e-06
 1.68889e-06
 1.69030e-06
 1.70176e-06
 1.70998e-06
 1.70982e-06
 1.70217e-06
 1.69817e-06
 1.70774e-06
 1.74218e-06
 1.75967e-06
 1.74058e-06
 1.54844e-06
 1.27744e-06
 1.09134e-06
 1.03462e-06
 1.03359e-06
 1.04120e-06
 1.05032e-06
 1.05560e-06
 1.69013e-06
 1.68319e-06
 1.68748e-06
 1.69353e-06
 1.69448e-06
 1.69261e-06
 1.68889e-06
 1.69030e-06
 1.70176e-06
 1.70998e-06
 1.70982e-06
 1.70217e-06
 1.69817e-06
 1.70774e-06
 1.74218e-06
 1.75967e-06
 1.74058e-06
 1.54844e-06
 1.27744e-06
 1.09134e-06
 1.03462e-06
 1.03359e-06
 1.04120e-06
 1.05032e-06
 1.05560e-06
 1.69013e-06
 1.68319e-06
 1.68748e-06
 1.69353e-06
 1.69448e-06
 1.69261e-06
 1.68889e-06
 1.69030e-06
 1.70176e-06
 1.70998e-06
 1.70982e-06
 1.70217e-06
 1.69817e-06
 1.70774e-06
 1.74218e-06
 1.75967e-06
 1.74058e-06
 1.54844e-06
 1.27744e-06
 1.09134e-06
 1.03462e-06
 1.03359e-06
 1.04120e-06
 1.05032e-06
 1.05560e-06
 1.69013e-06
 1.68319e-06
 1.68748e-06
 1.69353e-06
 1.69448e-06
 1.69261e-06
 1.68889e-06
 1.69030e-06
 1.70176e-06
 1.70998e-06
 1.70982e-06
 1.70217e-06
 1.69817e-06
 1.70774e-06
 1.74218e-06
 1.75967e-06
 1.74058e-06
 1.54844e-06
 1.27744e-06
 1.09134e-06
 1.03462e-06
 1.03359e-06
 1.04120e-06
 1.05032e-06
 1.05560e-06
 1.69013e-06
 1.68319e-06
 1.68748e-06
 1.69353e-06
 1.69448e-06
 1.69261e-06
 1.68889e-06
 1.69030e-06
 1.70176e-06
 1.70998e-06
 1.70982e-06
 1.70217e-06
 1.69817e-06
 1.70774e-06
 1.74218e-06
 1.75967e-06
 1.74058e-06
 1.54844e-06
 1.27744e-06
 1.09134e-06
 1.03462e-06
 1.03359e-06
 1.04120e-06
 1.05032e-06
 1.05560e-06
 1.69013e-06
 1.68319e-06
 1.68748e-06
 1.69353e-06
 1.69448e-06
 1.69261e-06
 1.68889e-06
 1.69030e-06
 1.70176e-06
 1.70998e-06
 1.70982e-06
 1.70217e-06
 1.69817e-06
 1.70774e-06
 1.74218e-06
 1.75967e-06
 1.74058e-06
 1.54844e-06
 1.27744e-06
 1.09134e-06
 1.03462e-06
 1.03359e-06
 1.04120e-06
 1.05032e-06
 1.05560e-06
 1.69013e-06
 1.68319e-06
 1.68748e-06
 1.69353e-06
 1.69448e-06
 1.69261e-06
 1.68889e-06
 1.69030e-06
 1.70176e-06
 1.70998e-06
 1.70982e-06
 1.70217e-06
 1.69817e-06
 1.70774e-06
 1.74218e-06
 1.75967e-06
 1.74058e-06
 1.54844e-06
 1.27744e-06
 1.09134e-06
 1.03462e-06
 1.03359e-06
 1.04120e-06
 1.05032e-06
 1.05560e-06
 1.69013e-06
 1.68319e-06
 1.68748e-06
 1.69353e-06
 1.69448e-06
 1.69261e-06
 1.68889e-06
 1.69030e-06
 1.70176e-06
 1.70998e-06
 1.70982e-06
 1.70217e-06
 1.69817e-06
 1.70774e-06
 1.74218e-06
 1.75967e-06
 1.74058e-06
 1.54844e-06
 1.27744e-06
 1.09134e-06
 1.03462e-06
 1.03359e-06
 1.04120e-06
 1.05032e-06
 1.05560e-06
 1.69013e-06
 1.68319e-06
 1.68748e-06
 1.69353e-06
 1.69448e-06
 1.69261e-06
 1.68889e-06
 1.69030e-06
 1.70176e-06
 1.70998e-06
 1.70982e-06
 1.70217e-06
 1.69817e-06
 1.70774e-06
 1.74218e-06
 1.75967e-06
 1.74058e-06
 1.54844e-06
 1.27744e-06
 1.09134e-06
 1.03462e-06
 1.03359e-06
 1.04120e-06
 1.05032e-06
 1.05560e-06
 1.69013e-06
 1.68319e-06
 1.68748e-06
 1.69353e-06
 1.69448e-06
 1.69261e-06
 1.68889e-06
 1.69030e-06
 1.70176e-06
 1.70998e-06
 1.70982e-06
 1.70217e-06
 1.69817e-06
 1.70774e-06
 1.74218e-06
 1.75967e-06
 1.74058e-06
 1.54844e-06
 1.27744e-06
 1.09134e-06
 1.03462e-06
 1.03359e-06
 1.04120e-06
 1.05032e-06
 1.05560e-06
 1.69013e-06
 1.68319e-06
 1.68748e-06
 1.69353e-06
 1.69448e-06
 1.69261e-06
 1.68889e-06
 1.69030e-06
 1.70176e-06
 1.70998e-06
 1.70982e-06
 1.70217e-06
 1.69817e-06
 1.70774e-06
 1.74218e-06
 1.75967e-06
 1.74058e-06
 1.54844e-06
 1.27744e-06
 1.09134e-06
 1.03462e-06
 1.03359e-06
 1.04120e-06
 1.05032e-06
 1.05560e-06
 1.69013e-06
 1.68319e-06
 1.68748e-06
 1.69353e-06
 1.69448e-06
 1.69261e-06
 1.68889e-06
 1.69030e-06
 1.70176e-06
 1.70998e-06
 1.70982e-06
 1.70217e-06
 1.69817e-06
 1.70774e-06
 1.74218e-06
 1.75967e-06
 1.74058e-06
 1.54844e-06
 1.27744e-06
 1.09134e-06
 1.03462e-06
 1.03359e-06
 1.04120e-06
 1.05032e-06
 1.05560e-06
 1.69013e-06
 1.68319e-06
 1.68748e-06
 1.69353e-06
 1.69448e-06
 1.69261e-06
 1.68889e-06
 1.69030e-06
 1.70176e-06
 1.70998e-06
 1.70982e-06
 1.70217e-06
 1.69817e-06
 1.70774e-06
 1.74218e-06
 1.75967e-06
 1.74058e-06
 1.54844e-06
 1.27744e-06
 1.09134e-06
 1.03462e-06
 1.03359e-06
 1.04120e-06
 1.05032e-06
 1.05560e-06
 1.69013e-06
 1.68319e-06
 1.68748e-06
 1.69353e-06
 1.69448e-06
 1.69261e-06
 1.68889e-06
 1.69030e-06
 1.70176e-06
 1.70998e-06
 1.70982e-06
 1.70217e-06
 1.69817e-06
 1.70774e-06
 1.74218e-06
 1.75967e-06
 1.74058e-06
 1.54844e-06
 1.27744e-06
 1.09134e-06
 1.03462e-06
 1.03359e-06
 1.04120e-06
 1.05032e-06
 1.05560e-06
 1.69013e-06
 1.68319e-06
 1.68748e-06
 1.69353e-06
 1.69448e-06
 1.69261e-06
 1.68889e-06
 1.69030e-06
 1.70176e-06
 1.70998e-06
 1.70982e-06
 1.70217e-06
 1.69817e-06
 1.70774e-06
 1.74218e-06
 1.75967e-06
 1.74058e-06
 1.54844e-06
 1.27744e-06
 1.09134e-06
 1.03462e-06
 1.03359e-06
 1.04120e-06
 1.05032e-06
 1.05560e-06
 1.69013e-06
 1.68319e-06
 1.68748e-06
 1.69353e-06
 1.69448e-06
 1.69261e-06
 1.68889e-06
 1.69030e-06
 1.70176e-06
 1.70998e-06
 1.70982e-06
 1.70217e-06
 1.69817e-06
 1.70774e-06
 1.74218e-06
 1.75967e-06
 1.74058e-06
 1.54844e-06
 1.27744e-06
 1.09134e-06
 1.03462e-06
 1.03359e-06
 1.04120e-06
 1.05032e-06
 1.05560e-06
 1.69013e-06
 1.68319e-06
 1.68748e-06
 1.69353e-06
 1.69448e-06
 1.69261e-06
 1.68889e-06
 1.69030e-06
 1.70176e-06
 1.70998e-06
 1.70982e-06
 1.70217e-06
 1.69817e-06
 1.70774e-06
 1.74218e-06
 1.75967e-06
 1.74058e-06
 1.54844e-06
 1.27744e-06
 1.09134e-06
 1.03462e-06
 1.03359e-06
 1.04120e-06
 1.05032e-06
 1.05560e-06
 1.69013e-06
 1.68319e-06
 1.68748e-06
 1.69353e-06
 1.69448e-06
 1.69261e-06
 1.68889e-06
 1.69030e-06
 1.70176e-06
 1.70998e-06
 1.70982e-06
 1.70217e-06
 1.69817e-06
 1.70774e-06
 1.74218e-06
 1.75967e-06
 1.74058e-06
 1.54844e-06
 1.27744e-06
 1.09134e-06
 1.03462e-06
 1.03359e-06
 1.04120e-06
 1.05032e-06
 1.05560e-06
 1.69013e-06
 1.68319e-06
 1.68748e-06
 1.69353e-06
 1.69448e-06
 1.69261e-06
 1.68889e-06
 1.69030e-06
 1.70176e-06
 1.70998e-06
 1.70982e-06
 1.70217e-06
 1.69817e-06
 1.70774e-06
 1.74218e-06
 1.75967e-06
 1.74058e-06
 1.54844e-06
 1.27744e-06
 1.09134e-06
 1.03462e-06
 1.03359e-06
 1.04120e-06
 1.05032e-06
 1.05560e-06
 1.69013e-06
 1.68319e-06
 1.68748e-06
 1.69353e-06
 1.69448e-06
 1.69261e-06
 1.68889e-06
 1.69030e-06
 1.70176e-06
 1.70998e-06
 1.70982e-06
 1.70217e-06
 1.69817e-06
 1.70774e-06
 1.74218e-06
 1.75967e-06
 1.74058e-06
 1.54844e-06
 1.27744e-06
 1.09134e-06
 1.03462e-06
 1.03359e-06
 1.04120e-06
 1.05032e-06
 1.05560e-06
 1.69013e-06
 1.68319e-06
 1.68748e-06
 1.69353e-06
 1.69448e-06
 1.69261e-06
 1.68889e-06
 1.69030e-06
 1.70176e-06
 1.70998e-06
 1.70982e-06
 1.70217e-06
 1.69817e-06
 1.70774e-06
 1.74218e-06
 1.75967e-06
 1.74058e-06
 1.54844e-06
 1.27744e-06
 1.09134e-06
 1.03462e-06
 1.03359e-06
 1.04120e-06
 1.05032e-06
 1.05560e-06
 1.69013e-06
 1.68319e-06
 1.68748e-06
 1.69353e-06
 1.69448e-06
 1.69261e-06
 1.68889e-06
 1.69030e-06
 1.70176e-06
 1.70998e-06
 1.70982e-06
 1.70217e-06
 1.69817e-06
 1.70774e-06
 1.74218e-06
 1.75967e-06
 1.74058e-06
 1.54844e-06
 1.27744e-06
 1.09134e-06
 1.03462e-06
 1.03359e-06
 1.04120e-06
 1.05032e-06
 1.05560e-06
part
         4
hexa8
 1.05762e-06
 1.05843e-06
 1.05891e-06
 1.05899e-06
 1.05847e-06
 1.05495e-06
 1.04590e-06
 1.01616e-06
 9.59075e-07
 8.58932e-07
 7.46300e-07
 6.39337e-07
 5.66004e-07
 5.25091e-07
 5.07676e-07
 5.02049e-07
 5.00517e-07
 5.00127e-07
 5.00031e-07
 5.00007e-07
 5.00002e-07
 5.00000e-07
 5.00000e-07
 5.00000e-07
 5.00000e-07
 1.05762e-06
 1.05843e-06
 1.05891e-06
 1.05899e-06
 1.05847e-06
 1.05495e-06
 1.04590e-06
 1.01616e-06
 9.59075e-07
 8.58932e-07
 7.46300e-07
 6.39337e-07
 5.66004e-07
 5.25091e-07
 5.07676e-07
 5.02049e-07
 5.00517e-07
 5.00127e-07
 5.00031e-07
 5.00007e-07
 5.00002e-07
 5.00000e-07
 5.00000e-07
 5.00000e-07
 5.00000e-07
 1.05762e-06
 1.05843e-06
 1.05891e-06
 1.05899e-06
 1.05847e-06
 1.05495e-06
 1.04590e-06
 1.01616e-06
 9.59075e-07
 8.58932e-07
 7.46300e-07
 6.39337e-07
 5.66004e-07
 5.25091e-07
 5.07676e-07
 5.02049e-07
 5.00517e-07
 5.00127e-07
 5.00031e-07
 5.00007e-07
 5.00002e-07
 5.00000e-07
 5.00000e-07
 5.00000e-07
 5.00000e-07
 1.05762e-06
 1.05843e-06
 1.05891e-06
 1.05899e-06
 1.05847e-06
 1.05495e-06
 1.04590e-06
 1.01616e-06
 9.59075e-07
 8.58932e-07
 7.46300e-07
 6.39337e-07
 5.66004e-07
 5.25091e-07
 5.07676e-07
 5.02049e-07
 5.00517e-07
 5.00127e-07
 5.00031e-07
 5.00007e-07
 5.00002e-07
 5.00000e-07
 5.00000e-07
 5.00000e-07
 5.00000e-07
 1.05762e-06
 1.05843e-06
 1.05891e-06
 1.05899e-06
 1.05847e-06
 1.05495e-06
 1.04590e-06
 1.01616e-06
 9.59075e-07
 8.58932e-07
 7.46300e-07
 6.39337e-07
 5.66004e-07
 5.25091e-07
 5.07676e-07
 5.02049e-07
 5.00517e-07
 5.00127e-07
 5.00031e-07
 5.00007e-07
 5.00002e-07
 5.00000e-07
 5.00000e-07
 5.00000e-07
 5.00000e-07
 1.05762e-06
 1.05843e-06
 1.05891e-06
 1.05899e-06
 1.05847e-06
 1.05495e-06
 1.04590e-06
 1.01616e-06
 9.59075e-07
 8.58932e-07
 7.46300e-07
 6.39337e-07
 5.66004e-07
 5.25091e-07
 5.07676e-07
 5.02049e-07
 5.00517e-07
 5.00127e-07
 5.00031e-07
 5.00007e-07
 5.00002e-07
 5.00000e-07
 5.00000e-07
 5.00000e-07
 5.00000e-07
 1.05762e-06
 1.05843e-06
 1.05891e-06
 1.05899e-06
 1.05847e-06
 1.05495e-06
 1.04590e-06
 1.01616e-06
 9.59075e-07
 8.58932e-07
 7.46300e-07
 6.39337e-07
 5.66004e-07
 5.25091e-07
 5.07676e-07
 5.02049e-07
 5.00517e-07
 5.00127e-07
 5.00031e-07
 5.00007e-07
 5.00002e-07
 5.00000e-07
 5.00000e-07
 5.00000e-07
 5.00000e-07
 1.05762e-06
 1.05843e-06
 1.05891e-06
 1.05899e-06
 1.05847e-06
 1.05495e-06
 1.04590e-06
 1.01616e-06
 9.59075e-07
 8.58932e-07
 7.46300e-07
 6.39337e-07
 5.66004e-07
 5.25091e-07
 5.07676e-07
 5.02049e-07
 5.00517e-07
 5.00127e-07
 5.00031e-07
 5.00007e-07
 5.00002e-07
 5.00000e-07
 5.00000e-07
 5.00000e-07
 5.00000e-07
 1.05762e-06
 1.05843e-06
 1.05891e-06
 1.05899e-06
 1.05847e-06
 1.05495e-06
 1.04590e-06
 1.01616e-06
 9.59075e-07
 8.58932e-07
 7.46300e-07
 6.39337e-07
 5.66004e-07
 5.25091e-07
 5.07676e-07
 5.02049e-07
 5.00517e-07
 5.00127e-07
 5.00031e-07
 5.00007e-07
 5.00002e-07
 5.00000e-07
 5.00000e-07
 5.00000e-07
 5.00000e-07
 1.05762e-06
 1.05843e-06
 1.05891e-06
 1.05899e-06
 1.05847e-06
 1.05495e-06
 1.04590e-06
 1.01616e-06
 9.59075e-07
 8.58932e-07
 7.46300e-07
 6.39337e-07
 5.66004e-07
 5.25091e-07
 5.07676e-07
 5.02049e-07
 5.00517e-07
 5.00127e-07
 5.00031e-07
 5.00007e-07
 5.00002e-07
 5.00000e-07
 5.00000e-07
 5.00000e-07
 5.00000e-07
 1.05762e-06
 1.05843e-06
 1.05891e-06
 1.05899e-06
 1.05847e-06
 1.05495e-06
 1.04590e-06
 1.01616e-06
 9.59075e-07
 8.58932e-07
 7.46300e-07
 6.39337e-07
 5.66004e-07
 5.25091e-07
 5.07676e-07
 5.02049e-07
 5.00517e-07
 5.00127e-07
 5.00031e-07
 5.00007e-07
 5.00002e-07
 5.00000e-07
 5.00000e-07
 5.00000e-07
 5.00000e-07
 1.05762e-06
 1.05843e-06
 1.05891e-06
 1.05899e-06
 1.05847e-06
 1.05495e-06
 1.04590e-06
 1.01616e-06
 9.59075e-07
 8.58932e-07
 7.46300e-07
 6.39337e-07
 5.66004e-07
 5.25091e-07
 5.07676e-07
 5.02049e-07
 5.00517e-07
 5.00127e-07
 5.00031e-07
 5.00007e-07
 5.00002e-07
 5.00000e-07
 5.00000e-07
 5.00000e-07
 5.00000e-07
 1.05762e-06
 1.05843e-06
 1.05891e-06
 1.05899e-06
 1.05847e-06
 1.05495e-06
 1.04590e-06
 1.01616e-06
 9.59075e-07
 8.58932e-07
 7.46300e-07
 6.39337e-07
 5.66004e-07
 5.25091e-07
 5.07676e-07
 5.02049e-07
 5.00517e-07
 5.00127e-07
 5.00031e-07
 5.00007e-07
 5.00002e-07
 5.00000e-07
 5.00000e-07
 5.00000e-07
 5.00000e-07
 1.05762e-06
 1.05843e-06
 1.05891e-06
 1.05899e-06
 1.05847e-06
 1.05495e-06
 1.04590e-06
 1.01616e-06
 9.59075e-07
 8.58932e-07
 7.46300e-07
 6.39337e-07
 5.66004e-07
 5.25091e-07
 5.07676e-07
 5.02049e-07
 5.00517e-07
 5.00127e-07
 5.00031e-07
 5.00007e-07
 5.00002e-07
 5.00000e-07
 5.00000e-07
 5.00000e-07
 5.00000e-07
 1.05762e-06
 1.05843e-06
 1.05891e-06
 1.05899e-06
 1.05847e-06
 1.05495e-06
 1.04590e-06
 1.01616e-06
 9.59075e-07
 8.58932e-07
 7.46300e-07
 6.39337e-07
 5.66004e-07
 5.25091e-07
 5.07676e-07
 5.02049e-07
 5.00517e-07
 5.00127e-07
 5.00031e-07
 5.00007e-07
 5.00002e-07
 5.00000e-07
 5.00000e-07
 5.00000e-07
 5.00000e-07
 1.05762e-06
 1.05843e-06
 1.05891e-06
 1.05899e-06
 1.05847e-06
 1.05495e-06
 1.04590e-06
 1.01616e-06
 9.59075e-07
 8.58932e-07
 7.46300e-07
 6.39337e-07
 5.66004e-07
 5.25091e-07
 5.07676e-07
 5.02049e-07
 5.00517e-07
 5.00127e-07
 5.00031e-07
 5.00007e-07
 5.00002e-07
 5.00000e-07
 5.00000e-07
 5.00000e-07
 5.00000e-07
 1.05762e-06
 1.05843e-06
 1.05891e-06
 1.05899e-06
 1.05847e-06
 1.05495e-06
 1.04590e-06
 1.01616e-06
 9.59075e-07
 8.58932e-07
 7.46300e-07
 6.39337e-07
 5.66004e-07
 5.25091e-07
 5.07676e-07
 5.02049e-07
 5.00517e-07
 5.00127e-07
 5.00031e-07
 5.00007e-07
 5.00002e-07
 5.00000e-07
 5.00000e-07
 5.00000e-07
 5.00000e-07
 1.05762e-06
 1.05843e-06
 1.05891e-06
 1.05899e-06
 1.05847e-06
 1.05495e-06
 1.04590e-06
 1.01616e-06
 9.59075e-07
 8.58932e-07
 7.46300e-07
 6.39337e-07
 5.66004e-07
 5.25091e-07
 5.07676e-07
 5.02049e-07
 5.00517e-07
 5.00127e-07
 5.00031e-07
 5.00007e-07
 5.00002e-07
 5.00000e-07
 5.00000e-07
 5.00000e-07
 5.00000e-07
 1.05762e-06
 1.05843e-06
 1.05891e-06
 1.05899e-06
 1.05847e-06
 1.05495e-06
 1.04590e-06
 1.01616e-06
 9.59075e-07
 8.58932e-07
 7.46300e-07
 6.39337e-07
 5.66004e-07
 5.25091e-07
 5.07676e-07
 5.02049e-07
 5.00517e-07
 5.00127e-07
 5.00031e-07
 5.00007e-07
 5.00002e-07
 5.00000e-07
 5.00000e-07
 5.00000e-07
 5.00000e-07
 1.05762e-06
 1.05843e-06
 1.05891e-06
 1.05899e-06
 1.05847e-06
 1.05495e-06
 1.04590e-06
 1.01616e-06
 9.59075e-07
 8.58932e-07
 7.46300e-07
 6.39337e-07
 5.66004e-07
 5.25091e-07
 5.07676e-07
 5.02049e-07
 5.00517e-07
 5.00127e-07
 5.00031e-07
 5.00007e-07
 5.00002e-07
 5.00000e-07
 5.00000e-07
 5.00000e-07
 5.00000e-07
 1.05762e-06
 1.05843e-06
 1.05891e-06
 1.05899e-06
 1.05847e-06
 1.05495e-06
 1.04590e-06
 1.01616e-06
 9.59075e-07
 8.58932e-07
 7.46300e-07
 6.39337e-07
 5.66004e-07
 5.25091e-07
 5.07676e-07
 5.02049e-07
 5.00517e-07
 5.00127e-07
 5.00031e-07
 5.00007e-07
 5.00002e-07
 5.00000e-07
 5.00000e-07
 5.00000e-07
 5.00000e-07
 1.05762e-06
 1.05843e-06
 1.05891e-06
 1.05899e-06
 1.05847e-06
 1.05495e-06
 1.04590e-06
 1.01616e-06
 9.59075e-07
 8.58932e-07
 7.46300e-07
 6.39337e-07
 5.66004e-07
 5.25091e-07
 5.07676e-07
 5.02049e-07
 5.00517e-07
 5.00127e-07
 5.00031e-07
 5.00007e-07
 5.00002e-07
 5.00000e-07
 5.00000e-07
 5.00000e-07
 5.00000e-07
 1.05762e-06
 1.05843e-06
 1.05891e-06
 1.05899e-06
 1.05847e-06
 1.05495e-06
 1.04590e-06
 1.01616e-06
 9.59075e-07
 8.58932e-07
 7.46300e-07
 6.39337e-07
 5.66004e-07
 5.25091e-07
 5.07676e-07
 5.02049e-07
 5.00517e-07
 5.00127e-07
 5.00031e-07
 5.00007e-07
 5.00002e-07
 5.00000e-07
 5.00000e-07
 5.00000e-07
 5.00000e-07
 1.05762e-06
 1.05843e-06
 1.05891e-06
 1.05899e-06
 1.05847e-06
 1.05495e-06
 1.04590e-06
 1.01616e-06
 9.59075e-07
 8.58932e-07
 7.46300e-07
 6.39337e-07
 5.66004e-07
 5.25091e-07
 5.07676e-07
 5.02049e-07
 5.00517e-07
 5.00127e-07
 5.00031e-07
 5.00007e-07
 5.00002e-07
 5.00000e-07
 5.00000e-07
 5.00000e-07
 5.00000e-07
 1.05762e-06
 1.05843e-06
 1.05891e-06
 1.05899e-06
 1.05847e-06
 1.05495e-06
 1.04590e-06
 1.01616e-06
 9.59075e-07
 8.58932e-07
 7.46300e-07
 6.39337e-07
 5.66004e-07
 5.25091e-07
 5.07676e-07
 5.02049e-07
 5.00517e-07
 5.00127e-07
 5.00031e-07
 5.00007e-07
 5.00002e-07
 5.00000e-07
 5.00000e-07
 5.00000e-07
 5.00000e-07
