NodeMass
part
         1
coordinates
 5.00000e-07
 1.00000e-06
 1.00000e-06
 1.00000e-06
 1.00000e-06
 1.00000e-06
 1.00000e-06
 1.00000e-06
 1.00000e-06
 1.00000e-06
 1.00000e-06
 1.00000e-06
 1.00000e-06
 1.00000e-06
 1.00000e-06
 1.00000e-06
 1.00000e-06
 1.00000e-06
 9.99999e-07
 9.99992e-07
 9.99963e-07
 9.99839e-07
 9.99389e-07
 9.97983e-07
 9.94274e-07
 9.86181e-07
 9.71771e-07
 9.50735e-07
 1.00000e-06
 2.00000e-06
 2.00000e-06
 2.00000e-06
 2.00000e-06
 2.00000e-06
 2.00000e-06
 2.00000e-06
 2.00000e-06
 2.00000e-06
 2.00000e-06
 2.00000e-06
 2.00000e-06
 2.00000e-06
 2.00000e-06
 2.00000e-06
 2.00000e-06
 2.00000e-06
 2.00000e-06
 1.99998e-06
 1.99993e-06
 1.99968e-06
 1.99878e-06
 1.99597e-06
 1.98855e-06
 1.97236e-06
 1.94354e-06
 1.90147e-06
 1.00000e-06
 2.00000e-06
 2.00000e-06
 2.00000e-06
 2.00000e-06
 2.00000e-06
 2.00000e-06
 2.00000e-06
 2.00000e-06
 2.00000e-06
 2.00000e-06
 2.00000e-06
 2.00000e-06
 2.00000e-06
 2.00000e-06
 2.00000e-06
 2.00000e-06
 2.00000e-06
 2.00000e-06
 1.99998e-06
 1.99993e-06
 1.99968e-06
 1.99878e-06
 1.99597e-06
 1.98855e-06
 1.97236e-06
 1.94354e-06
 1.90147e-06
 1.00000e-06
 2.00000e-06
 2.00000e-06
 2.00000e-06
 2.00000e-06
 2.00000e-06
 2.00000e-06
 2.00000e-06
 2.00000e-06
 2.00000e-06
 2.00000e-06
 2.00000e-06
 2.00000e-06
 2.00000e-06
 2.00000e-06
 2.00000e-06
 2.00000e-06
 2.00000e-06
 2.00000e-06
 1.99998e-06
 1.99993e-06
 1.99968e-06
 1.99878e-06
 1.99597e-06
 1.98855e-06
 1.97236e-06
 1.94354e-06
 1.90147e-06
 1.00000e-06
 2.00000e-06
 2.00000e-06
 2.00000e-06
 2.00000e-06
 2.00000e-06
 2.00000e-06
 2.00000e-06
 2.00000e-06
 2.00000e-06
 2.00000e-06
 2.00000e-06
 2.00000e-06
 2.00000e-06
 2.00000e-06
 2.00000e-06
 2.00000e-06
 2.00000e-06
 2.00000e-06
 1.99998e-06
 1.99993e-06
 1.99968e-06
 1.99878e-06
 1.99597e-06
 1.98855e-06
 1.97236e-06
 1.94354e-06
 1.90147e-06
 5.00000e-07
 1.00000e-06
 1.00000e-06
 1.00000e-06
 1.00000e-06
 1.00000e-06
 1.00000e-06
 1.00000e-06
 1.00000e-06
 1.00000e-06
 1.00000e-06
 1.00000e-06
 1.00000e-06
 1.00000e-06
 1.00000e-06
 1.00000e-06
 1.00000e-06
 1.00000e-06
 9.99999e-07
 9.99992e-07
 9.99963e-07
 9.99839e-07
 9.99389e-07
 9.97983e-07
 9.94274e-07
 9.86181e-07
 9.71771e-07
 9.50735e-07
 1.00000e-06
 2.00000e-06
 2.00000e-06
 2.00000e-06
 2.00000e-06
 2.00000e-06
 2.00000e-06
 2.00000e-06
 2.00000e-06
 2.00000e-06
 2.00000e-06
 2.00000e-06
 2.00000e-06
 2.00000e-06
 2.00000e-06
 2.00000e-06
 2.00000e-06
 2.00000e-06
 2.00000e-06
 1.99998e-06
 1.99993e-06
 1.99968e-06
 1.99878e-06
 1.99597e-06
 1.98855e-06
 1.97236e-06
 1.94354e-06
 1.90147e-06
 2.00000e-06
 4.00000e-06
 4.00000e-06
 4.00000e-06
 4.00000e-06
 4.00000e-06
 4.00000e-06
 4.00000e-06
 4.00000e-06
 4.00000e-06
 4.00000e-06
 4.00000e-06
 4.00000e-06
 4.00000e-06
 4.00000e-06
 4.00000e-06
 4.00000e-06
 4.00000e-06
 3.99999e-06
 3.99997e-06
 3.99985e-06
 3.99936e-06
 3.99756e-06
 3.99193e-06
 3.97709e-06
 3.94472e-06
 3.88708e-06
 3.80294e-06
 2.00000e-06
 4.00000e-06
 4.00000e-06
 4.00000e-06
 4.00000e-06
 4.00000e-06
 4.00000e-06
 4.00000e-06
 4.00000e-06
 4.00000e-06
 4.00000e-06
 4.00000e-06
 4.00000e-06
 4.00000e-06
 4.00000e-06
 4.00000e-06
 4.00000e-06
 4.00000e-06
 3.99999e-06
 3.99997e-06
 3.99985e-06
 3.99936e-06
 3.99756e-06
 3.99193e-06
 3.97709e-06
 3.94472e-06
 3.88708e-06
 3.80294e-06
 2.00000e-06
 4.00000e-06
 4.00000e-06
 4.00000e-06
 4.00000e-06
 4.00000e-06
 4.00000e-06
 4.00000e-06
 4.00000e-06
 4.00000e-06
 4.00000e-06
 4.00000e-06
 4.00000e-06
 4.00000e-06
 4.00000e-06
 4.00000e-06
 4.00000e-06
 4.00000e-06
 3.99999e-06
 3.99997e-06
 3.99985e-06
 3.99936e-06
 3.99756e-06
 3.99193e-06
 3.97709e-06
 3.94472e-06
 3.88708e-06
 3.80294e-06
 2.00000e-06
 4.00000e-06
 4.00000e-06
 4.00000e-06
 4.00000e-06
 4.00000e-06
 4.00000e-06
 4.00000e-06
 4.00000e-06
 4.00000e-06
 4.00000e-06
 4.00000e-06
 4.00000e-06
 4.00000e-06
 4.00000e-06
 4.00000e-06
 4.00000e-06
 4.00000e-06
 3.99999e-06
 3.99997e-06
 3.99985e-06
 3.99936e-06
 3.99756e-06
 3.99193e-06
 3.97709e-06
 3.94472e-06
 3.88708e-06
 3.80294e-06
 1.00000e-06
 2.00000e-06
 2.00000e-06
 2.00000e-06
 2.00000e-06
 2.00000e-06
 2.00000e-06
 2.00000e-06
 2.00000e-06
 2.00000e-06
 2.00000e-06
 2.00000e-06
 2.00000e-06
 2.00000e-06
 2.00000e-06
 2.00000e-06
 2.00000e-06
 2.00000e-06
 2.00000e-06
 1.99998e-06
 1.99993e-06
 1.99968e-06
 1.99878e-06
 1.99597e-06
 1.98855e-06
 1.97236e-06
 1.94354e-06
 1.90147e-06
 1.00000e-06
 2.00000e-06
 2.00000e-06
 2.00000e-06
 2.00000e-06
 2.00000e-06
 2.00000e-06
 2.00000e-06
 2.00000e-06
 2.00000e-06
 2.00000e-06
 2.00000e-06
 2.00000e-06
 2.00000e-06
 2.00000e-06
 2.00000e-06
 2.00000e-06
 2.00000e-06
 2.00000e-06
 1.99998e-06
 1.99993e-06
 1.99968e-06
 1.99878e-06
 1.99597e-06
 1.98855e-06
 1.97236e-06
 1.94354e-06
 1.90147e-06
 2.00000e-06
 4.00000e-06
 4.00000e-06
 4.00000e-06
 4.00000e-06
 4.00000e-06
 4.00000e-06
 4.00000e-06
 4.00000e-06
 4.00000e-06
 4.00000e-06
 4.00000e-06
 4.00000e-06
 4.00000e-06
 4.00000e-06
 4.00000e-06
 4.00000e-06
 4.00000e-06
 3.99999e-06
 3.99997e-06
 3.99985e-06
 3.99936e-06
 3.99756e-06
 3.99193e-06
 3.97709e-06
 3.94472e-06
 3.88708e-06
 3.80294e-06
 2.00000e-06
 4.00000e-06
 4.00000e-06
 4.00000e-06
 4.00000e-06
 4.00000e-06
 4.00000e-06
 4.00000e-06
 4.00000e-06
 4.00000e-06
 4.00000e-06
 4.00000e-06
 4.00000e-06
 4.00000e-06
 4.00000e-06
 4.00000e-06
 4.00000e-06
 4.00000e-06
 3.99999e-06
 3.99997e-06
 3.99985e-06
 3.99936e-06
 3.99756e-06
 3.99193e-06
 3.97709e-06
 3.94472e-06
 3.88708e-06
 3.80294e-06
 2.00000e-06
 4.00000e-06
 4.00000e-06
 4.00000e-06
 4.00000e-06
 4.00000e-06
 4.00000e-06
 4.00000e-06
 4.00000e-06
 4.00000e-06
 4.00000e-06
 4.00000e-06
 4.00000e-06
 4.00000e-06
 4.00000e-06
 4.00000e-06
 4.00000e-06
 4.00000e-06
 3.99999e-06
 3.99997e-06
 3.99985e-06
 3.99936e-06
 3.99756e-06
 3.99193e-06
 3.97709e-06
 3.94472e-06
 3.88708e-06
 3.80294e-06
 2.00000e-06
 4.00000e-06
 4.00000e-06
 4.00000e-06
 4.00000e-06
 4.00000e-06
 4.00000e-06
 4.00000e-06
 4.00000e-06
 4.00000e-06
 4.00000e-06
 4.00000e-06
 4.00000e-06
 4.00000e-06
 4.00000e-06
 4.00000e-06
 4.00000e-06
 4.00000e-06
 3.99999e-06
 3.99997e-06
 3.99985e-06
 3.99936e-06
 3.99756e-06
 3.99193e-06
 3.97709e-06
 3.94472e-06
 3.88708e-06
 3.80294e-06
 1.00000e-06
 2.00000e-06
 2.00000e-06
 2.00000e-06
 2.00000e-06
 2.00000e-06
 2.00000e-06
 2.00000e-06
 2.00000e-06
 2.00000e-06
 2.00000e-06
 2.00000e-06
 2.00000e-06
 2.00000e-06
 2.00000e-06
 2.00000e-06
 2.00000e-06
 2.00000e-06
 2.00000e-06
 1.99998e-06
 1.99993e-06
 1.99968e-06
 1.99878e-06
 1.99597e-06
 1.98855e-06
 1.97236e-06
 1.94354e-06
 1.90147e-06
 1.00000e-06
 2.00000e-06
 2.00000e-06
 2.00000e-06
 2.00000e-06
 2.00000e-06
 2.00000e-06
 2.00000e-06
 2.00000e-06
 2.00000e-06
 2.00000e-06
 2.00000e-06
 2.00000e-06
 2.00000e-06
 2.00000e-06
 2.00000e-06
 2.00000e-06
 2.00000e-06
 2.00000e-06
 1.99998e-06
 1.99993e-06
 1.99968e-06
 1.99878e-06
 1.99597e-06
 1.98855e-06
 1.97236e-06
 1.94354e-06
 1.90147e-06
 2.00000e-06
 4.00000e-06
 4.00000e-06
 4.00000e-06
 4.00000e-06
 4.00000e-06
 4.00000e-06
 4.00000e-06
 4.00000e-06
 4.00000e-06
 4.00000e-06
 4.00000e-06
 4.00000e-06
 4.00000e-06
 4.00000e-06
 4.00000e-06
 4.00000e-06
 4.00000e-06
 3.99999e-06
 3.99997e-06
 3.99985e-06
 3.99936e-06
 3.99756e-06
 3.99193e-06
 3.97709e-06
 3.94472e-06
 3.88708e-06
 3.80294e-06
 2.00000e-06
 4.00000e-06
 4.00000e-06
 4.00000e-06
 4.00000e-06
 4.00000e-06
 4.00000e-06
 4.00000e-06
 4.00000e-06
 4.00000e-06
 4.00000e-06
 4.00000e-06
 4.00000e-06
 4.00000e-06
 4.00000e-06
 4.00000e-06
 4.00000e-06
 4.00000e-06
 3.99999e-06
 3.99997e-06
 3.99985e-06
 3.99936e-06
 3.99756e-06
 3.99193e-06
 3.97709e-06
 3.94472e-06
 3.88708e-06
 3.80294e-06
 2.00000e-06
 4.00000e-06
 4.00000e-06
 4.00000e-06
 4.00000e-06
 4.00000e-06
 4.00000e-06
 4.00000e-06
 4.00000e-06
 4.00000e-06
 4.00000e-06
 4.00000e-06
 4.00000e-06
 4.00000e-06
 4.00000e-06
 4.00000e-06
 4.00000e-06
 4.00000e-06
 3.99999e-06
 3.99997e-06
 3.99985e-06
 3.99936e-06
 3.99756e-06
 3.99193e-06
 3.97709e-06
 3.94472e-06
 3.88708e-06
 3.80294e-06
 2.00000e-06
 4.00000e-06
 4.00000e-06
 4.00000e-06
 4.00000e-06
 4.00000e-06
 4.00000e-06
 4.00000e-06
 4.00000e-06
 4.00000e-06
 4.00000e-06
 4.00000e-06
 4.00000e-06
 4.00000e-06
 4.00000e-06
 4.00000e-06
 4.00000e-06
 4.00000e-06
 3.99999e-06
 3.99997e-06
 3.99985e-06
 3.99936e-06
 3.99756e-06
 3.99193e-06
 3.97709e-06
 3.94472e-06
 3.88708e-06
 3.80294e-06
 1.00000e-06
 2.00000e-06
 2.00000e-06
 2.00000e-06
 2.00000e-06
 2.00000e-06
 2.00000e-06
 2.00000e-06
 2.00000e-06
 2.00000e-06
 2.00000e-06
 2.00000e-06
 2.00000e-06
 2.00000e-06
 2.00000e-06
 2.00000e-06
 2.00000e-06
 2.00000e-06
 2.00000e-06
 1.99998e-06
 1.99993e-06
 1.99968e-06
 1.99878e-06
 1.99597e-06
 1.98855e-06
 1.97236e-06
 1.94354e-06
 1.90147e-06
 1.00000e-06
 2.00000e-06
 2.00000e-06
 2.00000e-06
 2.00000e-06
 2.00000e-06
 2.00000e-06
 2.00000e-06
 2.00000e-06
 2.00000e-06
 2.00000e-06
 2.00000e-06
 2.00000e-06
 2.00000e-06
 2.00000e-06
 2.00000e-06
 2.00000e-06
 2.00000e-06
 2.00000e-06
 1.99998e-06
 1.99993e-06
 1.99968e-06
 1.99878e-06
 1.99597e-06
 1.98855e-06
 1.97236e-06
 1.94354e-06
 1.90147e-06
 2.00000e-06
 4.00000e-06
 4.00000e-06
 4.00000e-06
 4.00000e-06
 4.00000e-06
 4.00000e-06
 4.00000e-06
 4.00000e-06
 4.00000e-06
 4.00000e-06
 4.00000e-06
 4.00000e-06
 4.00000e-06
 4.00000e-06
 4.00000e-06
 4.00000e-06
 4.00000e-06
 3.99999e-06
 3.99997e-06
 3.99985e-06
 3.99936e-06
 3.99756e-06
 3.99193e-06
 3.97709e-06
 3.94472e-06
 3.88708e-06
 3.80294e-06
 2.00000e-06
 4.00000e-06
 4.00000e-06
 4.00000e-06
 4.00000e-06
 4.00000e-06
 4.00000e-06
 4.00000e-06
 4.00000e-06
 4.00000e-06
 4.00000e-06
 4.00000e-06
 4.00000e-06
 4.00000e-06
 4.00000e-06
 4.00000e-06
 4.00000e-06
 4.00000e-06
 3.99999e-06
 3.99997e-06
 3.99985e-06
 3.99936e-06
 3.99756e-06
 3.99193e-06
 3.97709e-06
 3.94472e-06
 3.88708e-06
 3.80294e-06
 2.00000e-06
 4.00000e-06
 4.00000e-06
 4.00000e-06
 4.00000e-06
 4.00000e-06
 4.00000e-06
 4.00000e-06
 4.00000e-06
 4.00000e-06
 4.00000e-06
 4.00000e-06
 4.00000e-06
 4.00000e-06
 4.00000e-06
 4.00000e-06
 4.00000e-06
 4.00000e-06
 3.99999e-06
 3.99997e-06
 3.99985e-06
 3.99936e-06
 3.99756e-06
 3.99193e-06
 3.97709e-06
 3.94472e-06
 3.88708e-06
 3.80294e-06
 2.00000e-06
 4.00000e-06
 4.00000e-06
 4.00000e-06
 4.00000e-06
 4.00000e-06
 4.00000e-06
 4.00000e-06
 4.00000e-06
 4.00000e-06
 4.00000e-06
 4.00000e-06
 4.00000e-06
 4.00000e-06
 4.00000e-06
 4.00000e-06
 4.00000e-06
 4.00000e-06
 3.99999e-06
 3.99997e-06
 3.99985e-06
 3.99936e-06
 3.99756e-06
 3.99193e-06
 3.97709e-06
 3.94472e-06
 3.88708e-06
 3.80294e-06
 1.00000e-06
 2.00000e-06
 2.00000e-06
 2.00000e-06
 2.00000e-06
 2.00000e-06
 2.00000e-06
 2.00000e-06
 2.00000e-06
 2.00000e-06
 2.00000e-06
 2.00000e-06
 2.00000e-06
 2.00000e-06
 2.00000e-06
 2.00000e-06
 2.00000e-06
 2.00000e-06
 2.00000e-06
 1.99998e-06
 1.99993e-06
 1.99968e-06
 1.99878e-06
 1.99597e-06
 1.98855e-06
 1.97236e-06
 1.94354e-06
 1.90147e-06
 5.00000e-07
 1.00000e-06
 1.00000e-06
 1.00000e-06
 1.00000e-06
 1.00000e-06
 1.00000e-06
 1.00000e-06
 1.00000e-06
 1.00000e-06
 1.00000e-06
 1.00000e-06
 1.00000e-06
 1.00000e-06
 1.00000e-06
 1.00000e-06
 1.00000e-06
 1.00000e-06
 9.99999e-07
 9.99992e-07
 9.99963e-07
 9.99839e-07
 9.99389e-07
 9.97983e-07
 9.94274e-07
 9.86181e-07
 9.71771e-07
 9.50735e-07
 1.00000e-06
 2.00000e-06
 2.00000e-06
 2.00000e-06
 2.00000e-06
 2.00000e-06
 2.00000e-06
 2.00000e-06
 2.00000e-06
 2.00000e-06
 2.00000e-06
 2.00000e-06
 2.00000e-06
 2.00000e-06
 2.00000e-06
 2.00000e-06
 2.00000e-06
 2.00000e-06
 2.00000e-06
 1.99998e-06
 1.99993e-06
 1.99968e-06
 1.99878e-06
 1.99597e-06
 1.98855e-06
 1.97236e-06
 1.94354e-06
 1.90147e-06
 1.00000e-06
 2.00000e-06
 2.00000e-06
 2.00000e-06
 2.00000e-06
 2.00000e-06
 2.00000e-06
 2.00000e-06
 2.00000e-06
 2.00000e-06
 2.00000e-06
 2.00000e-06
 2.00000e-06
 2.00000e-06
 2.00000e-06
 2.00000e-06
 2.00000e-06
 2.00000e-06
 2.00000e-06
 1.99998e-06
 1.99993e-06
 1.99968e-06
 1.99878e-06
 1.99597e-06
 1.98855e-06
 1.97236e-06
 1.94354e-06
 1.90147e-06
 1.00000e-06
 2.00000e-06
 2.00000e-06
 2.00000e-06
 2.00000e-06
 2.00000e-06
 2.00000e-06
 2.00000e-06
 2.00000e-06
 2.00000e-06
 2.00000e-06
 2.00000e-06
 2.00000e-06
 2.00000e-06
 2.00000e-06
 2.00000e-06
 2.00000e-06
 2.00000e-06
 2.00000e-06
 1.99998e-06
 1.99993e-06
 1.99968e-06
 1.99878e-06
 1.99597e-06
 1.98855e-06
 1.97236e-06
 1.94354e-06
 1.90147e-06
 1.00000e-06
 2.00000e-06
 2.00000e-06
 2.00000e-06
 2.00000e-06
 2.00000e-06
 2.00000e-06
 2.00000e-06
 2.00000e-06
 2.00000e-06
 2.00000e-06
 2.00000e-06
 2.00000e-06
 2.00000e-06
 2.00000e-06
 2.00000e-06
 2.00000e-06
 2.00000e-06
 2.00000e-06
 1.99998e-06
 1.99993e-06
 1.99968e-06
 1.99878e-06
 1.99597e-06
 1.98855e-06
 1.97236e-06
 1.94354e-06
 1.90147e-06
 5.00000e-07
 1.00000e-06
 1.00000e-06
 1.00000e-06
 1.00000e-06
 1.00000e-06
 1.00000e-06
 1.00000e-06
 1.00000e-06
 1.00000e-06
 1.00000e-06
 1.00000e-06
 1.00000e-06
 1.00000e-06
 1.00000e-06
 1.00000e-06
 1.00000e-06
 1.00000e-06
 9.99999e-07
 9.99992e-07
 9.99963e-07
 9.99839e-07
 9.99389e-07
 9.97983e-07
 9.94274e-07
 9.86181e-07
 9.71771e-07
 9.50735e-07
part
         2
coordinates
 9.97983e-07
 9.94274e-07
 9.86181e-07
 9.71771e-07
 9.50735e-07
 9.24806e-07
 8.96423e-07
 8.67344e-07
 8.38438e-07
 8.10074e-07
 7.82405e-07
 7.55508e-07
 7.29456e-07
 7.04312e-07
 6.80103e-07
 6.56836e-07
 6.34492e-07
 6.13048e-07
 5.92485e-07
 5.72790e-07
 5.53967e-07
 5.36034e-07
 5.19030e-07
 5.03016e-07
 4.88079e-07
 4.74339e-07
 4.61944e-07
 4.51065e-07
 4.41870e-07
 4.34482e-07
 1.99597e-06
 1.98855e-06
 1.97236e-06
 1.94354e-06
 1.90147e-06
 1.84961e-06
 1.79285e-06
 1.73469e-06
 1.67688e-06
 1.62015e-06
 1.56481e-06
 1.51102e-06
 1.45891e-06
 1.40862e-06
 1.36021e-06
 1.31367e-06
 1.26898e-06
 1.22610e-06
 1.18497e-06
 1.14558e-06
 1.10793e-06
 1.07207e-06
 1.03806e-06
 1.00603e-06
 9.76159e-07
 9.48678e-07
 9.23889e-07
 9.02131e-07
 8.83740e-07
 8.68964e-07
 1.99597e-06
 1.98855e-06
 1.97236e-06
 1.94354e-06
 1.90147e-06
 1.84961e-06
 1.79285e-06
 1.73469e-06
 1.67688e-06
 1.62015e-06
 1.56481e-06
 1.51102e-06
 1.45891e-06
 1.40862e-06
 1.36021e-06
 1.31367e-06
 1.26898e-06
 1.22610e-06
 1.18497e-06
 1.14558e-06
 1.10793e-06
 1.07207e-06
 1.03806e-06
 1.00603e-06
 9.76159e-07
 9.48678e-07
 9.23889e-07
 9.02131e-07
 8.83740e-07
 8.68964e-07
 1.99597e-06
 1.98855e-06
 1.97236e-06
 1.94354e-06
 1.90147e-06
 1.84961e-06
 1.79285e-06
 1.73469e-06
 1.67688e-06
 1.62015e-06
 1.56481e-06
 1.51102e-06
 1.45891e-06
 1.40862e-06
 1.36021e-06
 1.31367e-06
 1.26898e-06
 1.22610e-06
 1.18497e-06
 1.14558e-06
 1.10793e-06
 1.07207e-06
 1.03806e-06
 1.00603e-06
 9.76159e-07
 9.48678e-07
 9.23889e-07
 9.02131e-07
 8.83740e-07
 8.68964e-07
 1.99597e-06
 1.98855e-06
 1.97236e-06
 1.94354e-06
 1.90147e-06
 1.84961e-06
 1.79285e-06
 1.73469e-06
 1.67688e-06
 1.62015e-06
 1.56481e-06
 1.51102e-06
 1.45891e-06
 1.40862e-06
 1.36021e-06
 1.31367e-06
 1.26898e-06
 1.22610e-06
 1.18497e-06
 1.14558e-06
 1.10793e-06
 1.07207e-06
 1.03806e-06
 1.00603e-06
 9.76159e-07
 9.48678e-07
 9.23889e-07
 9.02131e-07
 8.83740e-07
 8.68964e-07
 9.97983e-07
 9.94274e-07
 9.86181e-07
 9.71771e-07
 9.50735e-07
 9.24806e-07
 8.96423e-07
 8.67344e-07
 8.38438e-07
 8.10074e-07
 7.82405e-07
 7.55508e-07
 7.29456e-07
 7.04312e-07
 6.80103e-07
 6.56836e-07
 6.34492e-07
 6.13048e-07
 5.92485e-07
 5.72790e-07
 5.53967e-07
 5.36034e-07
 5.19030e-07
 5.03016e-07
 4.88079e-07
 4.74339e-07
 4.61944e-07
 4.51065e-07
 4.41870e-07
 4.34482e-07
 1.99597e-06
 1.98855e-06
 1.97236e-06
 1.94354e-06
 1.90147e-06
 1.84961e-06
 1.79285e-06
 1.73469e-06
 1.67688e-06
 1.62015e-06
 1.56481e-06
 1.51102e-06
 1.45891e-06
 1.40862e-06
 1.36021e-06
 1.31367e-06
 1.26898e-06
 1.22610e-06
 1.18497e-06
 1.14558e-06
 1.10793e-06
 1.07207e-06
 1.03806e-06
 1.00603e-06
 9.76159e-07
 9.48678e-07
 9.23889e-07
 9.02131e-07
 8.83740e-07
 8.68964e-07
 3.99193e-06
 3.97709e-06
 3.94472e-06
 3.88708e-06
 3.80294e-06
 3.69922e-06
 3.58569e-06
 3.46937e-06
 3.35375e-06
 3.24030e-06
 3.12962e-06
 3.02203e-06
 2.91783e-06
 2.81725e-06
 2.72041e-06
 2.62734e-06
 2.53797e-06
 2.45219e-06
 2.36994e-06
 2.29116e-06
 2.21587e-06
 2.14414e-06
 2.07612e-06
 2.01206e-06
 1.95232e-06
 1.89736e-06
 1.84778e-06
 1.80426e-06
 1.76748e-06
 1.73793e-06
 3.99193e-06
 3.97709e-06
 3.94472e-06
 3.88708e-06
 3.80294e-06
 3.69922e-06
 3.58569e-06
 3.46937e-06
 3.35375e-06
 3.24030e-06
 3.12962e-06
 3.02203e-06
 2.91783e-06
 2.81725e-06
 2.72041e-06
 2.62734e-06
 2.53797e-06
 2.45219e-06
 2.36994e-06
 2.29116e-06
 2.21587e-06
 2.14414e-06
 2.07612e-06
 2.01206e-06
 1.95232e-06
 1.89736e-06
 1.84778e-06
 1.80426e-06
 1.76748e-06
 1.73793e-06
 3.99193e-06
 3.97709e-06
 3.94472e-06
 3.88708e-06
 3.80294e-06
 3.69922e-06
 3.58569e-06
 3.46937e-06
 3.35375e-06
 3.24030e-06
 3.12962e-06
 3.02203e-06
 2.91783e-06
 2.81725e-06
 2.72041e-06
 2.62734e-06
 2.53797e-06
 2.45219e-06
 2.36994e-06
 2.29116e-06
 2.21587e-06
 2.14414e-06
 2.07612e-06
 2.01206e-06
 1.95232e-06
 1.89736e-06
 1.84778e-06
 1.80426e-06
 1.76748e-06
 1.73793e-06
 3.99193e-06
 3.97709e-06
 3.94472e-06
 3.88708e-06
 3.80294e-06
 3.69922e-06
 3.58569e-06
 3.46937e-06
 3.35375e-06
 3.24030e-06
 3.12962e-06
 3.02203e-06
 2.91783e-06
 2.81725e-06
 2.72041e-06
 2.62734e-06
 2.53797e-06
 2.45219e-06
 2.36994e-06
 2.29116e-06
 2.21587e-06
 2.14414e-06
 2.07612e-06
 2.01206e-06
 1.95232e-06
 1.89736e-06
 1.84778e-06
 1.80426e-06
 1.76748e-06
 1.73793e-06
 1.99597e-06
 1.98855e-06
 1.97236e-06
 1.94354e-06
 1.90147e-06
 1.84961e-06
 1.79285e-06
 1.73469e-06
 1.67688e-06
 1.62015e-06
 1.56481e-06
 1.51102e-06
 1.45891e-06
 1.40862e-06
 1.36021e-06
 1.31367e-06
 1.26898e-06
 1.22610e-06
 1.18497e-06
 1.14558e-06
 1.10793e-06
 1.07207e-06
 1.03806e-06
 1.00603e-06
 9.76159e-07
 9.48678e-07
 9.23889e-07
 9.02131e-07
 8.83740e-07
 8.68964e-07
 1.99597e-06
 1.98855e-06
 1.97236e-06
 1.94354e-06
 1.90147e-06
 1.84961e-06
 1.79285e-06
 1.73469e-06
 1.67688e-06
 1.62015e-06
 1.56481e-06
 1.51102e-06
 1.45891e-06
 1.40862e-06
 1.36021e-06
 1.31367e-06
 1.26898e-06
 1.22610e-06
 1.18497e-06
 1.14558e-06
 1.10793e-06
 1.07207e-06
 1.03806e-06
 1.00603e-06
 9.76159e-07
 9.48678e-07
 9.23889e-07
 9.02131e-07
 8.83740e-07
 8.68964e-07
 3.99193e-06
 3.97709e-06
 3.94472e-06
 3.88708e-06
 3.80294e-06
 3.69922e-06
 3.58569e-06
 3.46937e-06
 3.35375e-06
 3.24030e-06
 3.12962e-06
 3.02203e-06
 2.91783e-06
 2.81725e-06
 2.72041e-06
 2.62734e-06
 2.53797e-06
 2.45219e-06
 2.36994e-06
 2.29116e-06
 2.21587e-06
 2.14414e-06
 2.07612e-06
 2.01206e-06
 1.95232e-06
 1.89736e-06
 1.84778e-06
 1.80426e-06
 1.76748e-06
 1.73793e-06
 3.99193e-06
 3.97709e-06
 3.94472e-06
 3.88708e-06
 3.80294e-06
 3.69922e-06
 3.58569e-06
 3.46937e-06
 3.35375e-06
 3.24030e-06
 3.12962e-06
 3.02203e-06
 2.91783e-06
 2.81725e-06
 2.72041e-06
 2.62734e-06
 2.53797e-06
 2.45219e-06
 2.36994e-06
 2.29116e-06
 2.21587e-06
 2.14414e-06
 2.07612e-06
 2.01206e-06
 1.95232e-06
 1.89736e-06
 1.84778e-06
 1.80426e-06
 1.76748e-06
 1.73793e-06
 3.99193e-06
 3.97709e-06
 3.94472e-06
 3.88708e-06
 3.80294e-06
 3.69922e-06
 3.58569e-06
 3.46937e-06
 3.35375e-06
 3.24030e-06
 3.12962e-06
 3.02203e-06
 2.91783e-06
 2.81725e-06
 2.72041e-06
 2.62734e-06
 2.53797e-06
 2.45219e-06
 2.36994e-06
 2.29116e-06
 2.21587e-06
 2.14414e-06
 2.07612e-06
 2.01206e-06
 1.95232e-06
 1.89736e-06
 1.84778e-06
 1.80426e-06
 1.76748e-06
 1.73793e-06
 3.99193e-06
 3.97709e-06
 3.94472e-06
 3.88708e-06
 3.80294e-06
 3.69922e-06
 3.58569e-06
 3.46937e-06
 3.35375e-06
 3.24030e-06
 3.12962e-06
 3.02203e-06
 2.91783e-06
 2.81725e-06
 2.72041e-06
 2.62734e-06
 2.53797e-06
 2.45219e-06
 2.36994e-06
 2.29116e-06
 2.21587e-06
 2.14414e-06
 2.07612e-06
 2.01206e-06
 1.95232e-06
 1.89736e-06
 1.84778e-06
 1.80426e-06
 1.76748e-06
 1.73793e-06
 1.99597e-06
 1.98855e-06
 1.97236e-06
 1.94354e-06
 1.90147e-06
 1.84961e-06
 1.79285e-06
 1.73469e-06
 1.67688e-06
 1.62015e-06
 1.56481e-06
 1.51102e-06
 1.45891e-06
 1.40862e-06
 1.36021e-06
 1.31367e-06
 1.26898e-06
 1.22610e-06
 1.18497e-06
 1.14558e-06
 1.10793e-06
 1.07207e-06
 1.03806e-06
 1.00603e-06
 9.76159e-07
 9.48678e-07
 9.23889e-07
 9.02131e-07
 8.83740e-07
 8.68964e-07
 1.99597e-06
 1.98855e-06
 1.97236e-06
 1.94354e-06
 1.90147e-06
 1.84961e-06
 1.79285e-06
 1.73469e-06
 1.67688e-06
 1.62015e-06
 1.56481e-06
 1.51102e-06
 1.45891e-06
 1.40862e-06
 1.36021e-06
 1.31367e-06
 1.26898e-06
 1.22610e-06
 1.18497e-06
 1.14558e-06
 1.10793e-06
 1.07207e-06
 1.03806e-06
 1.00603e-06
 9.76159e-07
 9.48678e-07
 9.23889e-07
 9.02131e-07
 8.83740e-07
 8.68964e-07
 3.99193e-06
 3.97709e-06
 3.94472e-06
 3.88708e-06
 3.80294e-06
 3.69922e-06
 3.58569e-06
 3.46937e-06
 3.35375e-06
 3.24030e-06
 3.12962e-06
 3.02203e-06
 2.91783e-06
 2.81725e-06
 2.72041e-06
 2.62734e-06
 2.53797e-06
 2.45219e-06
 2.36994e-06
 2.29116e-06
 2.21587e-06
 2.14414e-06
 2.07612e-06
 2.01206e-06
 1.95232e-06
 1.89736e-06
 1.84778e-06
 1.80426e-06
 1.76748e-06
 1.73793e-06
 3.99193e-06
 3.97709e-06
 3.94472e-06
 3.88708e-06
 3.80294e-06
 3.69922e-06
 3.58569e-06
 3.46937e-06
 3.35375e-06
 3.24030e-06
 3.12962e-06
 3.02203e-06
 2.91783e-06
 2.81725e-06
 2.72041e-06
 2.62734e-06
 2.53797e-06
 2.45219e-06
 2.36994e-06
 2.29116e-06
 2.21587e-06
 2.14414e-06
 2.07612e-06
 2.01206e-06
 1.95232e-06
 1.89736e-06
 1.84778e-06
 1.80426e-06
 1.76748e-06
 1.73793e-06
 3.99193e-06
 3.97709e-06
 3.94472e-06
 3.88708e-06
 3.80294e-06
 3.69922e-06
 3.58569e-06
 3.46937e-06
 3.35375e-06
 3.24030e-06
 3.12962e-06
 3.02203e-06
 2.91783e-06
 2.81725e-06
 2.72041e-06
 2.62734e-06
 2.53797e-06
 2.45219e-06
 2.36994e-06
 2.29116e-06
 2.21587e-06
 2.14414e-06
 2.07612e-06
 2.01206e-06
 1.95232e-06
 1.89736e-06
 1.84778e-06
 1.80426e-06
 1.76748e-06
 1.73793e-06
 3.99193e-06
 3.97709e-06
 3.94472e-06
 3.88708e-06
 3.80294e-06
 3.69922e-06
 3.58569e-06
 3.46937e-06
 3.35375e-06
 3.24030e-06
 3.12962e-06
 3.02203e-06
 2.91783e-06
 2.81725e-06
 2.72041e-06
 2.62734e-06
 2.53797e-06
 2.45219e-06
 2.36994e-06
 2.29116e-06
 2.21587e-06
 2.14414e-06
 2.07612e-06
 2.01206e-06
 1.95232e-06
 1.89736e-06
 1.84778e-06
 1.80426e-06
 1.76748e-06
 1.73793e-06
 1.99597e-06
 1.98855e-06
 1.97236e-06
 1.94354e-06
 1.90147e-06
 1.84961e-06
 1.79285e-06
 1.73469e-06
 1.67688e-06
 1.62015e-06
 1.56481e-06
 1.51102e-06
 1.45891e-06
 1.40862e-06
 1.36021e-06
 1.31367e-06
 1.26898e-06
 1.22610e-06
 1.18497e-06
 1.14558e-06
 1.10793e-06
 1.07207e-06
 1.03806e-06
 1.00603e-06
 9.76159e-07
 9.48678e-07
 9.23889e-07
 9.02131e-07
 8.83740e-07
 8.68964e-07
 1.99597e-06
 1.98855e-06
 1.97236e-06
 1.94354e-06
 1.90147e-06
 1.84961e-06
 1.79285e-06
 1.73469e-06
 1.67688e-06
 1.62015e-06
 1.56481e-06
 1.51102e-06
 1.45891e-06
 1.40862e-06
 1.36021e-06
 1.31367e-06
 1.26898e-06
 1.22610e-06
 1.18497e-06
 1.14558e-06
 1.10793e-06
 1.07207e-06
 1.03806e-06
 1.00603e-06
 9.76159e-07
 9.48678e-07
 9.23889e-07
 9.02131e-07
 8.83740e-07
 8.68964e-07
 3.99193e-06
 3.97709e-06
 3.94472e-06
 3.88708e-06
 3.80294e-06
 3.69922e-06
 3.58569e-06
 3.46937e-06
 3.35375e-06
 3.24030e-06
 3.12962e-06
 3.02203e-06
 2.91783e-06
 2.81725e-06
 2.72041e-06
 2.62734e-06
 2.53797e-06
 2.45219e-06
 2.36994e-06
 2.29116e-06
 2.21587e-06
 2.14414e-06
 2.07612e-06
 2.01206e-06
 1.95232e-06
 1.89736e-06
 1.84778e-06
 1.80426e-06
 1.76748e-06
 1.73793e-06
 3.99193e-06
 3.97709e-06
 3.94472e-06
 3.88708e-06
 3.80294e-06
 3.69922e-06
 3.58569e-06
 3.46937e-06
 3.35375e-06
 3.24030e-06
 3.12962e-06
 3.02203e-06
 2.91783e-06
 2.81725e-06
 2.72041e-06
 2.62734e-06
 2.53797e-06
 2.45219e-06
 2.36994e-06
 2.29116e-06
 2.21587e-06
 2.14414e-06
 2.07612e-06
 2.01206e-06
 1.95232e-06
 1.89736e-06
 1.84778e-06
 1.80426e-06
 1.76748e-06
 1.73793e-06
 3.99193e-06
 3.97709e-06
 3.94472e-06
 3.88708e-06
 3.80294e-06
 3.69922e-06
 3.58569e-06
 3.46937e-06
 3.35375e-06
 3.24030e-06
 3.12962e-06
 3.02203e-06
 2.91783e-06
 2.81725e-06
 2.72041e-06
 2.62734e-06
 2.53797e-06
 2.45219e-06
 2.36994e-06
 2.29116e-06
 2.21587e-06
 2.14414e-06
 2.07612e-06
 2.01206e-06
 1.95232e-06
 1.89736e-06
 1.84778e-06
 1.80426e-06
 1.76748e-06
 1.73793e-06
 3.99193e-06
 3.97709e-06
 3.94472e-06
 3.88708e-06
 3.80294e-06
 3.69922e-06
 3.58569e-06
 3.46937e-06
 3.35375e-06
 3.24030e-06
 3.12962e-06
 3.02203e-06
 2.91783e-06
 2.81725e-06
 2.72041e-06
 2.62734e-06
 2.53797e-06
 2.45219e-06
 2.36994e-06
 2.29116e-06
 2.21587e-06
 2.14414e-06
 2.07612e-06
 2.01206e-06
 1.95232e-06
 1.89736e-06
 1.84778e-06
 1.80426e-06
 1.76748e-06
 1.73793e-06
 1.99597e-06
 1.98855e-06
 1.97236e-06
 1.94354e-06
 1.90147e-06
 1.84961e-06
 1.79285e-06
 1.73469e-06
 1.67688e-06
 1.62015e-06
 1.56481e-06
 1.51102e-06
 1.45891e-06
 1.40862e-06
 1.36021e-06
 1.31367e-06
 1.26898e-06
 1.22610e-06
 1.18497e-06
 1.14558e-06
 1.10793e-06
 1.07207e-06
 1.03806e-06
 1.00603e-06
 9.76159e-07
 9.48678e-07
 9.23889e-07
 9.02131e-07
 8.83740e-07
 8.68964e-07
 9.97983e-07
 9.94274e-07
 9.86181e-07
 9.71771e-07
 9.50735e-07
 9.24806e-07
 8.96423e-07
 8.67344e-07
 8.38438e-07
 8.10074e-07
 7.82405e-07
 7.55508e-07
 7.29456e-07
 7.04312e-07
 6.80103e-07
 6.56836e-07
 6.34492e-07
 6.13048e-07
 5.92485e-07
 5.72790e-07
 5.53967e-07
 5.36034e-07
 5.19030e-07
 5.03016e-07
 4.88079e-07
 4.74339e-07
 4.61944e-07
 4.51065e-07
 4.41870e-07
 4.34482e-07
 1.99597e-06
 1.98855e-06
 1.97236e-06
 1.94354e-06
 1.90147e-06
 1.84961e-06
 1.79285e-06
 1.73469e-06
 1.67688e-06
 1.62015e-06
 1.56481e-06
 1.51102e-06
 1.45891e-06
 1.40862e-06
 1.36021e-06
 1.31367e-06
 1.26898e-06
 1.22610e-06
 1.18497e-06
 1.14558e-06
 1.10793e-06
 1.07207e-06
 1.03806e-06
 1.00603e-06
 9.76159e-07
 9.48678e-07
 9.23889e-07
 9.02131e-07
 8.83740e-07
 8.68964e-07
 1.99597e-06
 1.98855e-06
 1.97236e-06
 1.94354e-06
 1.90147e-06
 1.84961e-06
 1.79285e-06
 1.73469e-06
 1.67688e-06
 1.62015e-06
 1.56481e-06
 1.51102e-06
 1.45891e-06
 1.40862e-06
 1.36021e-06
 1.31367e-06
 1.26898e-06
 1.22610e-06
 1.18497e-06
 1.14558e-06
 1.10793e-06
 1.07207e-06
 1.03806e-06
 1.00603e-06
 9.76159e-07
 9.48678e-07
 9.23889e-07
 9.02131e-07
 8.83740e-07
 8.68964e-07
 1.99597e-06
 1.98855e-06
 1.97236e-06
 1.94354e-06
 1.90147e-06
 1.84961e-06
 1.79285e-06
 1.73469e-06
 1.67688e-06
 1.62015e-06
 1.56481e-06
 1.51102e-06
 1.45891e-06
 1.40862e-06
 1.36021e-06
 1.31367e-06
 1.26898e-06
 1.22610e-06
 1.18497e-06
 1.14558e-06
 1.10793e-06
 1.07207e-06
 1.03806e-06
 1.00603e-06
 9.76159e-07
 9.48678e-07
 9.23889e-07
 9.02131e-07
 8.83740e-07
 8.68964e-07
 1.99597e-06
 1.98855e-06
 1.97236e-06
 1.94354e-06
 1.90147e-06
 1.84961e-06
 1.79285e-06
 1.73469e-06
 1.67688e-06
 1.62015e-06
 1.56481e-06
 1.51102e-06
 1.45891e-06
 1.40862e-06
 1.36021e-06
 1.31367e-06
 1.26898e-06
 1.22610e-06
 1.18497e-06
 1.14558e-06
 1.10793e-06
 1.07207e-06
 1.03806e-06
 1.00603e-06
 9.76159e-07
 9.48678e-07
 9.23889e-07
 9.02131e-07
 8.83740e-07
 8.68964e-07
 9.97983e-07
 9.94274e-07
 9.86181e-07
 9.71771e-07
 9.50735e-07
 9.24806e-07
 8.96423e-07
 8.67344e-07
 8.38438e-07
 8.10074e-07
 7.82405e-07
 7.55508e-07
 7.29456e-07
 7.04312e-07
 6.80103e-07
 6.56836e-07
 6.34492e-07
 6.13048e-07
 5.92485e-07
 5.72790e-07
 5.53967e-07
 5.36034e-07
 5.19030e-07
 5.03016e-07
 4.88079e-07
 4.74339e-07
 4.61944e-07
 4.51065e-07
 4.41870e-07
 4.34482e-07
part
         3
coordinates
 4.74339e-07
 4.61944e-07
 4.51065e-07
 4.41870e-07
 4.34482e-07
 4.28929e-07
 4.25098e-07
 4.22737e-07
 4.21495e-07
 4.20972e-07
 4.20812e-07
 4.20791e-07
 4.20740e-07
 4.20418e-07
 4.19538e-07
 4.17679e-07
 4.14030e-07
 4.07296e-07
 3.95692e-07
 3.77181e-07
 3.49709e-07
 3.16658e-07
 2.89652e-07
 2.74206e-07
 2.66675e-07
 2.63657e-07
 2.62850e-07
 2.62950e-07
 2.63302e-07
 2.63579e-07
 9.48678e-07
 9.23889e-07
 9.02131e-07
 8.83740e-07
 8.68964e-07
 8.57858e-07
 8.50197e-07
 8.45475e-07
 8.42990e-07
 8.41944e-07
 8.41624e-07
 8.41581e-07
 8.41480e-07
 8.40837e-07
 8.39076e-07
 8.35358e-07
 8.28060e-07
 8.14592e-07
 7.91384e-07
 7.54361e-07
 6.99418e-07
 6.33317e-07
 5.79304e-07
 5.48412e-07
 5.33349e-07
 5.27315e-07
 5.25701e-07
 5.25901e-07
 5.26605e-07
 5.27157e-07
 9.48678e-07
 9.23889e-07
 9.02131e-07
 8.83740e-07
 8.68964e-07
 8.57858e-07
 8.50197e-07
 8.45475e-07
 8.42990e-07
 8.41944e-07
 8.41624e-07
 8.41581e-07
 8.41480e-07
 8.40837e-07
 8.39076e-07
 8.35358e-07
 8.28060e-07
 8.14592e-07
 7.91384e-07
 7.54361e-07
 6.99418e-07
 6.33317e-07
 5.79304e-07
 5.48412e-07
 5.33349e-07
 5.27315e-07
 5.25701e-07
 5.25901e-07
 5.26605e-07
 5.27157e-07
 9.48678e-07
 9.23889e-07
 9.02131e-07
 8.83740e-07
 8.68964e-07
 8.57858e-07
 8.50197e-07
 8.45475e-07
 8.42990e-07
 8.41944e-07
 8.41624e-07
 8.41581e-07
 8.41480e-07
 8.40837e-07
 8.39076e-07
 8.35358e-07
 8.28060e-07
 8.14592e-07
 7.91384e-07
 7.54361e-07
 6.99418e-07
 6.33317e-07
 5.79304e-07
 5.48412e-07
 5.33349e-07
 5.27315e-07
 5.25701e-07
 5.25901e-07
 5.26605e-07
 5.27157e-07
 9.48678e-07
 9.23889e-07
 9.02131e-07
 8.83740e-07
 8.68964e-07
 8.57858e-07
 8.50197e-07
 8.45475e-07
 8.42990e-07
 8.41944e-07
 8.41624e-07
 8.41581e-07
 8.41480e-07
 8.40837e-07
 8.39076e-07
 8.35358e-07
 8.28060e-07
 8.14592e-07
 7.91384e-07
 7.54361e-07
 6.99418e-07
 6.33317e-07
 5.79304e-07
 5.48412e-07
 5.33349e-07
 5.27315e-07
 5.25701e-07
 5.25901e-07
 5.26605e-07
 5.27157e-07
 4.74339e-07
 4.61944e-07
 4.51065e-07
 4.41870e-07
 4.34482e-07
 4.28929e-07
 4.25098e-07
 4.22737e-07
 4.21495e-07
 4.20972e-07
 4.20812e-07
 4.20791e-07
 4.20740e-07
 4.20418e-07
 4.19538e-07
 4.17679e-07
 4.14030e-07
 4.07296e-07
 3.95692e-07
 3.77181e-07
 3.49709e-07
 3.16658e-07
 2.89652e-07
 2.74206e-07
 2.66675e-07
 2.63657e-07
 2.62850e-07
 2.62950e-07
 2.63302e-07
 2.63579e-07
 9.48678e-07
 9.23889e-07
 9.02131e-07
 8.83740e-07
 8.68964e-07
 8.57858e-07
 8.50197e-07
 8.45475e-07
 8.42990e-07
 8.41944e-07
 8.41624e-07
 8.41581e-07
 8.41480e-07
 8.40837e-07
 8.39076e-07
 8.35358e-07
 8.28060e-07
 8.14592e-07
 7.91384e-07
 7.54361e-07
 6.99418e-07
 6.33317e-07
 5.79304e-07
 5.48412e-07
 5.33349e-07
 5.27315e-07
 5.25701e-07
 5.25901e-07
 5.26605e-07
 5.27157e-07
 1.89736e-06
 1.84778e-06
 1.80426e-06
 1.76748e-06
 1.73793e-06
 1.71572e-06
 1.70039e-06
 1.69095e-06
 1.68598e-06
 1.68389e-06
 1.68325e-06
 1.68316e-06
 1.68296e-06
 1.68167e-06
 1.67815e-06
 1.67072e-06
 1.65612e-06
 1.62918e-06
 1.58277e-06
 1.50872e-06
 1.39884e-06
 1.26663e-06
 1.15861e-06
 1.09682e-06
 1.06670e-06
 1.05463e-06
 1.05140e-06
 1.05180e-06
 1.05321e-06
 1.05431e-06
 1.89736e-06
 1.84778e-06
 1.80426e-06
 1.76748e-06
 1.73793e-06
 1.71572e-06
 1.70039e-06
 1.69095e-06
 1.68598e-06
 1.68389e-06
 1.68325e-06
 1.68316e-06
 1.68296e-06
 1.68167e-06
 1.67815e-06
 1.67072e-06
 1.65612e-06
 1.62918e-06
 1.58277e-06
 1.50872e-06
 1.39884e-06
 1.26663e-06
 1.15861e-06
 1.09682e-06
 1.06670e-06
 1.05463e-06
 1.05140e-06
 1.05180e-06
 1.05321e-06
 1.05431e-06
 1.89736e-06
 1.84778e-06
 1.80426e-06
 1.76748e-06
 1.73793e-06
 1.71572e-06
 1.70039e-06
 1.69095e-06
 1.68598e-06
 1.68389e-06
 1.68325e-06
 1.68316e-06
 1.68296e-06
 1.68167e-06
 1.67815e-06
 1.67072e-06
 1.65612e-06
 1.62918e-06
 1.58277e-06
 1.50872e-06
 1.39884e-06
 1.26663e-06
 1.15861e-06
 1.09682e-06
 1.06670e-06
 1.05463e-06
 1.05140e-06
 1.05180e-06
 1.05321e-06
 1.05431e-06
 1.89736e-06
 1.84778e-06
 1.80426e-06
 1.76748e-06
 1.73793e-06
 1.71572e-06
 1.70039e-06
 1.69095e-06
 1.68598e-06
 1.68389e-06
 1.68325e-06
 1.68316e-06
 1.68296e-06
 1.68167e-06
 1.67815e-06
 1.67072e-06
 1.65612e-06
 1.62918e-06
 1.58277e-06
 1.50872e-06
 1.39884e-06
 1.26663e-06
 1.15861e-06
 1.09682e-06
 1.06670e-06
 1.05463e-06
 1.05140e-06
 1.05180e-06
 1.05321e-06
 1.05431e-06
 9.48678e-07
 9.23889e-07
 9.02131e-07
 8.83740e-07
 8.68964e-07
 8.57858e-07
 8.50197e-07
 8.45475e-07
 8.42990e-07
 8.41944e-07
 8.41624e-07
 8.41581e-07
 8.41480e-07
 8.40837e-07
 8.39076e-07
 8.35358e-07
 8.28060e-07
 8.14592e-07
 7.91384e-07
 7.54361e-07
 6.99418e-07
 6.33317e-07
 5.79304e-07
 5.48412e-07
 5.33349e-07
 5.27315e-07
 5.25701e-07
 5.25901e-07
 5.26605e-07
 5.27157e-07
 9.48678e-07
 9.23889e-07
 9.02131e-07
 8.83740e-07
 8.68964e-07
 8.57858e-07
 8.50197e-07
 8.45475e-07
 8.42990e-07
 8.41944e-07
 8.41624e-07
 8.41581e-07
 8.41480e-07
 8.40837e-07
 8.39076e-07
 8.35358e-07
 8.28060e-07
 8.14592e-07
 7.91384e-07
 7.54361e-07
 6.99418e-07
 6.33317e-07
 5.79304e-07
 5.48412e-07
 5.33349e-07
 5.27315e-07
 5.25701e-07
 5.25901e-07
 5.26605e-07
 5.27157e-07
 1.89736e-06
 1.84778e-06
 1.80426e-06
 1.76748e-06
 1.73793e-06
 1.71572e-06
 1.70039e-06
 1.69095e-06
 1.68598e-06
 1.68389e-06
 1.68325e-06
 1.68316e-06
 1.68296e-06
 1.68167e-06
 1.67815e-06
 1.67072e-06
 1.65612e-06
 1.62918e-06
 1.58277e-06
 1.50872e-06
 1.39884e-06
 1.26663e-06
 1.15861e-06
 1.09682e-06
 1.06670e-06
 1.05463e-06
 1.05140e-06
 1.05180e-06
 1.05321e-06
 1.05431e-06
 1.89736e-06
 1.84778e-06
 1.80426e-06
 1.76748e-06
 1.73793e-06
 1.71572e-06
 1.70039e-06
 1.69095e-06
 1.68598e-06
 1.68389e-06
 1.68325e-06
 1.68316e-06
 1.68296e-06
 1.68167e-06
 1.67815e-06
 1.67072e-06
 1.65612e-06
 1.62918e-06
 1.58277e-06
 1.50872e-06
 1.39884e-06
 1.26663e-06
 1.15861e-06
 1.09682e-06
 1.06670e-06
 1.05463e-06
 1.05140e-06
 1.05180e-06
 1.05321e-06
 1.05431e-06
 1.89736e-06
 1.84778e-06
 1.80426e-06
 1.76748e-06
 1.73793e-06
 1.71572e-06
 1.70039e-06
 1.69095e-06
 1.68598e-06
 1.68389e-06
 1.68325e-06
 1.68316e-06
 1.68296e-06
 1.68167e-06
 1.67815e-06
 1.67072e-06
 1.65612e-06
 1.62918e-06
 1.58277e-06
 1.50872e-06
 1.39884e-06
 1.26663e-06
 1.15861e-06
 1.09682e-06
 1.06670e-06
 1.05463e-06
 1.05140e-06
 1.05180e-06
 1.05321e-06
 1.05431e-06
 1.89736e-06
 1.84778e-06
 1.80426e-06
 1.76748e-06
 1.73793e-06
 1.71572e-06
 1.70039e-06
 1.69095e-06
 1.68598e-06
 1.68389e-06
 1.68325e-06
 1.68316e-06
 1.68296e-06
 1.68167e-06
 1.67815e-06
 1.67072e-06
 1.65612e-06
 1.62918e-06
 1.58277e-06
 1.50872e-06
 1.39884e-06
 1.26663e-06
 1.15861e-06
 1.09682e-06
 1.06670e-06
 1.05463e-06
 1.05140e-06
 1.05180e-06
 1.05321e-06
 1.05431e-06
 9.48678e-07
 9.23889e-07
 9.02131e-07
 8.83740e-07
 8.68964e-07
 8.57858e-07
 8.50197e-07
 8.45475e-07
 8.42990e-07
 8.41944e-07
 8.41624e-07
 8.41581e-07
 8.41480e-07
 8.40837e-07
 8.39076e-07
 8.35358e-07
 8.28060e-07
 8.14592e-07
 7.91384e-07
 7.54361e-07
 6.99418e-07
 6.33317e-07
 5.79304e-07
 5.48412e-07
 5.33349e-07
 5.27315e-07
 5.25701e-07
 5.25901e-07
 5.26605e-07
 5.27157e-07
 9.48678e-07
 9.23889e-07
 9.02131e-07
 8.83740e-07
 8.68964e-07
 8.57858e-07
 8.50197e-07
 8.45475e-07
 8.42990e-07
 8.41944e-07
 8.41624e-07
 8.41581e-07
 8.41480e-07
 8.40837e-07
 8.39076e-07
 8.35358e-07
 8.28060e-07
 8.14592e-07
 7.91384e-07
 7.54361e-07
 6.99418e-07
 6.33317e-07
 5.79304e-07
 5.48412e-07
 5.33349e-07
 5.27315e-07
 5.25701e-07
 5.25901e-07
 5.26605e-07
 5.27157e-07
 1.89736e-06
 1.84778e-06
 1.80426e-06
 1.76748e-06
 1.73793e-06
 1.71572e-06
 1.70039e-06
 1.69095e-06
 1.68598e-06
 1.68389e-06
 1.68325e-06
 1.68316e-06
 1.68296e-06
 1.68167e-06
 1.67815e-06
 1.67072e-06
 1.65612e-06
 1.62918e-06
 1.58277e-06
 1.50872e-06
 1.39884e-06
 1.26663e-06
 1.15861e-06
 1.09682e-06
 1.06670e-06
 1.05463e-06
 1.05140e-06
 1.05180e-06
 1.05321e-06
 1.05431e-06
 1.89736e-06
 1.84778e-06
 1.80426e-06
 1.76748e-06
 1.73793e-06
 1.71572e-06
 1.70039e-06
 1.69095e-06
 1.68598e-06
 1.68389e-06
 1.68325e-06
 1.68316e-06
 1.68296e-06
 1.68167e-06
 1.67815e-06
 1.67072e-06
 1.65612e-06
 1.62918e-06
 1.58277e-06
 1.50872e-06
 1.39884e-06
 1.26663e-06
 1.15861e-06
 1.09682e-06
 1.06670e-06
 1.05463e-06
 1.05140e-06
 1.05180e-06
 1.05321e-06
 1.05431e-06
 1.89736e-06
 1.84778e-06
 1.80426e-06
 1.76748e-06
 1.73793e-06
 1.71572e-06
 1.70039e-06
 1.69095e-06
 1.68598e-06
 1.68389e-06
 1.68325e-06
 1.68316e-06
 1.68296e-06
 1.68167e-06
 1.67815e-06
 1.67072e-06
 1.65612e-06
 1.62918e-06
 1.58277e-06
 1.50872e-06
 1.39884e-06
 1.26663e-06
 1.15861e-06
 1.09682e-06
 1.06670e-06
 1.05463e-06
 1.05140e-06
 1.05180e-06
 1.05321e-06
 1.05431e-06
 1.89736e-06
 1.84778e-06
 1.80426e-06
 1.76748e-06
 1.73793e-06
 1.71572e-06
 1.70039e-06
 1.69095e-06
 1.68598e-06
 1.68389e-06
 1.68325e-06
 1.68316e-06
 1.68296e-06
 1.68167e-06
 1.67815e-06
 1.67072e-06
 1.65612e-06
 1.62918e-06
 1.58277e-06
 1.50872e-06
 1.39884e-06
 1.26663e-06
 1.15861e-06
 1.09682e-06
 1.06670e-06
 1.05463e-06
 1.05140e-06
 1.05180e-06
 1.05321e-06
 1.05431e-06
 9.48678e-07
 9.23889e-07
 9.02131e-07
 8.83740e-07
 8.68964e-07
 8.57858e-07
 8.50197e-07
 8.45475e-07
 8.42990e-07
 8.41944e-07
 8.41624e-07
 8.41581e-07
 8.41480e-07
 8.40837e-07
 8.39076e-07
 8.35358e-07
 8.28060e-07
 8.14592e-07
 7.91384e-07
 7.54361e-07
 6.99418e-07
 6.33317e-07
 5.79304e-07
 5.48412e-07
 5.33349e-07
 5.27315e-07
 5.25701e-07
 5.25901e-07
 5.26605e-07
 5.27157e-07
 9.48678e-07
 9.23889e-07
 9.02131e-07
 8.83740e-07
 8.68964e-07
 8.57858e-07
 8.50197e-07
 8.45475e-07
 8.42990e-07
 8.41944e-07
 8.41624e-07
 8.41581e-07
 8.41480e-07
 8.40837e-07
 8.39076e-07
 8.35358e-07
 8.28060e-07
 8.14592e-07
 7.91384e-07
 7.54361e-07
 6.99418e-07
 6.33317e-07
 5.79304e-07
 5.48412e-07
 5.33349e-07
 5.27315e-07
 5.25701e-07
 5.25901e-07
 5.26605e-07
 5.27157e-07
 1.89736e-06
 1.84778e-06
 1.80426e-06
 1.76748e-06
 1.73793e-06
 1.71572e-06
 1.70039e-06
 1.69095e-06
 1.68598e-06
 1.68389e-06
 1.68325e-06
 1.68316e-06
 1.68296e-06
 1.68167e-06
 1.67815e-06
 1.67072e-06
 1.65612e-06
 1.62918e-06
 1.58277e-06
 1.50872e-06
 1.39884e-06
 1.26663e-06
 1.15861e-06
 1.09682e-06
 1.06670e-06
 1.05463e-06
 1.05140e-06
 1.05180e-06
 1.05321e-06
 1.05431e-06
 1.89736e-06
 1.84778e-06
 1.80426e-06
 1.76748e-06
 1.73793e-06
 1.71572e-06
 1.70039e-06
 1.69095e-06
 1.68598e-06
 1.68389e-06
 1.68325e-06
 1.68316e-06
 1.68296e-06
 1.68167e-06
 1.67815e-06
 1.67072e-06
 1.65612e-06
 1.62918e-06
 1.58277e-06
 1.50872e-06
 1.39884e-06
 1.26663e-06
 1.15861e-06
 1.09682e-06
 1.06670e-06
 1.05463e-06
 1.05140e-06
 1.05180e-06
 1.05321e-06
 1.05431e-06
 1.89736e-06
 1.84778e-06
 1.80426e-06
 1.76748e-06
 1.73793e-06
 1.71572e-06
 1.70039e-06
 1.69095e-06
 1.68598e-06
 1.68389e-06
 1.68325e-06
 1.68316e-06
 1.68296e-06
 1.68167e-06
 1.67815e-06
 1.67072e-06
 1.65612e-06
 1.62918e-06
 1.58277e-06
 1.50872e-06
 1.39884e-06
 1.26663e-06
 1.15861e-06
 1.09682e-06
 1.06670e-06
 1.05463e-06
 1.05140e-06
 1.05180e-06
 1.05321e-06
 1.05431e-06
 1.89736e-06
 1.84778e-06
 1.80426e-06
 1.76748e-06
 1.73793e-06
 1.71572e-06
 1.70039e-06
 1.69095e-06
 1.68598e-06
 1.68389e-06
 1.68325e-06
 1.68316e-06
 1.68296e-06
 1.68167e-06
 1.67815e-06
 1.67072e-06
 1.65612e-06
 1.62918e-06
 1.58277e-06
 1.50872e-06
 1.39884e-06
 1.26663e-06
 1.15861e-06
 1.09682e-06
 1.06670e-06
 1.05463e-06
 1.05140e-06
 1.05180e-06
 1.05321e-06
 1.05431e-06
 9.48678e-07
 9.23889e-07
 9.02131e-07
 8.83740e-07
 8.68964e-07
 8.57858e-07
 8.50197e-07
 8.45475e-07
 8.42990e-07
 8.41944e-07
 8.41624e-07
 8.41581e-07
 8.41480e-07
 8.40837e-07
 8.39076e-07
 8.35358e-07
 8.28060e-07
 8.14592e-07
 7.91384e-07
 7.54361e-07
 6.99418e-07
 6.33317e-07
 5.79304e-07
 5.48412e-07
 5.33349e-07
 5.27315e-07
 5.25701e-07
 5.25901e-07
 5.26605e-07
 5.27157e-07
 4.74339e-07
 4.61944e-07
 4.51065e-07
 4.41870e-07
 4.34482e-07
 4.28929e-07
 4.25098e-07
 4.22737e-07
 4.21495e-07
 4.20972e-07
 4.20812e-07
 4.20791e-07
 4.20740e-07
 4.20418e-07
 4.19538e-07
 4.17679e-07
 4.14030e-07
 4.07296e-07
 3.95692e-07
 3.77181e-07
 3.49709e-07
 3.16658e-07
 2.89652e-07
 2.74206e-07
 2.66675e-07
 2.63657e-07
 2.62850e-07
 2.62950e-07
 2.63302e-07
 2.63579e-07
 9.48678e-07
 9.23889e-07
 9.02131e-07
 8.83740e-07
 8.68964e-07
 8.57858e-07
 8.50197e-07
 8.45475e-07
 8.42990e-07
 8.41944e-07
 8.41624e-07
 8.41581e-07
 8.41480e-07
 8.40837e-07
 8.39076e-07
 8.35358e-07
 8.28060e-07
 8.14592e-07
 7.91384e-07
 7.54361e-07
 6.99418e-07
 6.33317e-07
 5.79304e-07
 5.48412e-07
 5.33349e-07
 5.27315e-07
 5.25701e-07
 5.25901e-07
 5.26605e-07
 5.27157e-07
 9.48678e-07
 9.23889e-07
 9.02131e-07
 8.83740e-07
 8.68964e-07
 8.57858e-07
 8.50197e-07
 8.45475e-07
 8.42990e-07
 8.41944e-07
 8.41624e-07
 8.41581e-07
 8.41480e-07
 8.40837e-07
 8.39076e-07
 8.35358e-07
 8.28060e-07
 8.14592e-07
 7.91384e-07
 7.54361e-07
 6.99418e-07
 6.33317e-07
 5.79304e-07
 5.48412e-07
 5.33349e-07
 5.27315e-07
 5.25701e-07
 5.25901e-07
 5.26605e-07
 5.27157e-07
 9.48678e-07
 9.23889e-07
 9.02131e-07
 8.83740e-07
 8.68964e-07
 8.57858e-07
 8.50197e-07
 8.45475e-07
 8.42990e-07
 8.41944e-07
 8.41624e-07
 8.41581e-07
 8.41480e-07
 8.40837e-07
 8.39076e-07
 8.35358e-07
 8.28060e-07
 8.14592e-07
 7.91384e-07
 7.54361e-07
 6.99418e-07
 6.33317e-07
 5.79304e-07
 5.48412e-07
 5.33349e-07
 5.27315e-07
 5.25701e-07
 5.25901e-07
 5.26605e-07
 5.27157e-07
 9.48678e-07
 9.23889e-07
 9.02131e-07
 8.83740e-07
 8.68964e-07
 8.57858e-07
 8.50197e-07
 8.45475e-07
 8.42990e-07
 8.41944e-07
 8.41624e-07
 8.41581e-07
 8.41480e-07
 8.40837e-07
 8.39076e-07
 8.35358e-07
 8.28060e-07
 8.14592e-07
 7.91384e-07
 7.54361e-07
 6.99418e-07
 6.33317e-07
 5.79304e-07
 5.48412e-07
 5.33349e-07
 5.27315e-07
 5.25701e-07
 5.25901e-07
 5.26605e-07
 5.27157e-07
 4.74339e-07
 4.61944e-07
 4.51065e-07
 4.41870e-07
 4.34482e-07
 4.28929e-07
 4.25098e-07
 4.22737e-07
 4.21495e-07
 4.20972e-07
 4.20812e-07
 4.20791e-07
 4.20740e-07
 4.20418e-07
 4.19538e-07
 4.17679e-07
 4.14030e-07
 4.07296e-07
 3.95692e-07
 3.77181e-07
 3.49709e-07
 3.16658e-07
 2.89652e-07
 2.74206e-07
 2.66675e-07
 2.63657e-07
 2.62850e-07
 2.62950e-07
 2.63302e-07
 2.63579e-07
part
         4
coordinates
 2.63657e-07
 2.62850e-07
 2.62950e-07
 2.63302e-07
 2.63579e-07
 2.63548e-07
 2.62918e-07
 2.61193e-07
 2.57549e-07
 2.50773e-07
 2.39456e-07
 2.22703e-07
 2.01214e-07
 1.77770e-07
 1.56458e-07
 1.40670e-07
 1.31330e-07
 1.27051e-07
 1.25562e-07
 1.25142e-07
 1.25035e-07
 1.25008e-07
 1.25002e-07
 1.25000e-07
 1.25000e-07
 1.25000e-07
 1.25000e-07
 6.25000e-08
 5.27315e-07
 5.25701e-07
 5.25901e-07
 5.26605e-07
 5.27157e-07
 5.27097e-07
 5.25836e-07
 5.22385e-07
 5.15097e-07
 5.01545e-07
 4.78912e-07
 4.45406e-07
 4.02428e-07
 3.55540e-07
 3.12917e-07
 2.81339e-07
 2.62660e-07
 2.54102e-07
 2.51124e-07
 2.50283e-07
 2.50069e-07
 2.50017e-07
 2.50004e-07
 2.50001e-07
 2.50000e-07
 2.50000e-07
 2.50000e-07
 1.25000e-07
 5.27315e-07
 5.25701e-07
 5.25901e-07
 5.26605e-07
 5.27157e-07
 5.27097e-07
 5.25836e-07
 5.22385e-07
 5.15097e-07
 5.01545e-07
 4.78912e-07
 4.45406e-07
 4.02428e-07
 3.55540e-07
 3.12917e-07
 2.81339e-07
 2.62660e-07
 2.54102e-07
 2.51124e-07
 2.50283e-07
 2.50069e-07
 2.50017e-07
 2.50004e-07
 2.50001e-07
 2.50000e-07
 2.50000e-07
 2.50000e-07
 1.25000e-07
 5.27315e-07
 5.25701e-07
 5.25901e-07
 5.26605e-07
 5.27157e-07
 5.27097e-07
 5.25836e-07
 5.22385e-07
 5.15097e-07
 5.01545e-07
 4.78912e-07
 4.45406e-07
 4.02428e-07
 3.55540e-07
 3.12917e-07
 2.81339e-07
 2.62660e-07
 2.54102e-07
 2.51124e-07
 2.50283e-07
 2.50069e-07
 2.50017e-07
 2.50004e-07
 2.50001e-07
 2.50000e-07
 2.50000e-07
 2.50000e-07
 1.25000e-07
 5.27315e-07
 5.25701e-07
 5.25901e-07
 5.26605e-07
 5.27157e-07
 5.27097e-07
 5.25836e-07
 5.22385e-07
 5.15097e-07
 5.01545e-07
 4.78912e-07
 4.45406e-07
 4.02428e-07
 3.55540e-07
 3.12917e-07
 2.81339e-07
 2.62660e-07
 2.54102e-07
 2.51124e-07
 2.50283e-07
 2.50069e-07
 2.50017e-07
 2.50004e-07
 2.50001e-07
 2.50000e-07
 2.50000e-07
 2.50000e-07
 1.25000e-07
 2.63657e-07
 2.62850e-07
 2.62950e-07
 2.63302e-07
 2.63579e-07
 2.63548e-07
 2.62918e-07
 2.61193e-07
 2.57549e-07
 2.50773e-07
 2.39456e-07
 2.22703e-07
 2.01214e-07
 1.77770e-07
 1.56458e-07
 1.40670e-07
 1.31330e-07
 1.27051e-07
 1.25562e-07
 1.25142e-07
 1.25035e-07
 1.25008e-07
 1.25002e-07
 1.25000e-07
 1.25000e-07
 1.25000e-07
 1.25000e-07
 6.25000e-08
 5.27315e-07
 5.25701e-07
 5.25901e-07
 5.26605e-07
 5.27157e-07
 5.27097e-07
 5.25836e-07
 5.22385e-07
 5.15097e-07
 5.01545e-07
 4.78912e-07
 4.45406e-07
 4.02428e-07
 3.55540e-07
 3.12917e-07
 2.81339e-07
 2.62660e-07
 2.54102e-07
 2.51124e-07
 2.50283e-07
 2.50069e-07
 2.50017e-07
 2.50004e-07
 2.50001e-07
 2.50000e-07
 2.50000e-07
 2.50000e-07
 1.25000e-07
 1.05463e-06
 1.05140e-06
 1.05180e-06
 1.05321e-06
 1.05431e-06
 1.05419e-06
 1.05167e-06
 1.04477e-06
 1.03019e-06
 1.00309e-06
 9.57824e-07
 8.90812e-07
 8.04856e-07
 7.11080e-07
 6.25833e-07
 5.62679e-07
 5.25321e-07
 5.08204e-07
 5.02249e-07
 5.00567e-07
 5.00138e-07
 5.00033e-07
 5.00008e-07
 5.00002e-07
 5.00000e-07
 5.00000e-07
 5.00000e-07
 2.50000e-07
 1.05463e-06
 1.05140e-06
 1.05180e-06
 1.05321e-06
 1.05431e-06
 1.05419e-06
 1.05167e-06
 1.04477e-06
 1.03019e-06
 1.00309e-06
 9.57824e-07
 8.90812e-07
 8.04856e-07
 7.11080e-07
 6.25833e-07
 5.62679e-07
 5.25321e-07
 5.08204e-07
 5.02249e-07
 5.00567e-07
 5.00138e-07
 5.00033e-07
 5.00008e-07
 5.00002e-07
 5.00000e-07
 5.00000e-07
 5.00000e-07
 2.50000e-07
 1.05463e-06
 1.05140e-06
 1.05180e-06
 1.05321e-06
 1.05431e-06
 1.05419e-06
 1.05167e-06
 1.04477e-06
 1.03019e-06
 1.00309e-06
 9.57824e-07
 8.90812e-07
 8.04856e-07
 7.11080e-07
 6.25833e-07
 5.62679e-07
 5.25321e-07
 5.08204e-07
 5.02249e-07
 5.00567e-07
 5.00138e-07
 5.00033e-07
 5.00008e-07
 5.00002e-07
 5.00000e-07
 5.00000e-07
 5.00000e-07
 2.50000e-07
 1.05463e-06
 1.05140e-06
 1.05180e-06
 1.05321e-06
 1.05431e-06
 1.05419e-06
 1.05167e-06
 1.04477e-06
 1.03019e-06
 1.00309e-06
 9.57824e-07
 8.90812e-07
 8.04856e-07
 7.11080e-07
 6.25833e-07
 5.62679e-07
 5.25321e-07
 5.08204e-07
 5.02249e-07
 5.00567e-07
 5.00138e-07
 5.00033e-07
 5.00008e-07
 5.00002e-07
 5.00000e-07
 5.00000e-07
 5.00000e-07
 2.50000e-07
 5.27315e-07
 5.25701e-07
 5.25901e-07
 5.26605e-07
 5.27157e-07
 5.27097e-07
 5.25836e-07
 5.22385e-07
 5.15097e-07
 5.01545e-07
 4.78912e-07
 4.45406e-07
 4.02428e-07
 3.55540e-07
 3.12917e-07
 2.81339e-07
 2.62660e-07
 2.54102e-07
 2.51124e-07
 2.50283e-07
 2.50069e-07
 2.50017e-07
 2.50004e-07
 2.50001e-07
 2.50000e-07
 2.50000e-07
 2.50000e-07
 1.25000e-07
 5.27315e-07
 5.25701e-07
 5.25901e-07
 5.26605e-07
 5.27157e-07
 5.27097e-07
 5.25836e-07
 5.22385e-07
 5.15097e-07
 5.01545e-07
 4.78912e-07
 4.45406e-07
 4.02428e-07
 3.55540e-07
 3.12917e-07
 2.81339e-07
 2.62660e-07
 2.54102e-07
 2.51124e-07
 2.50283e-07
 2.50069e-07
 2.50017e-07
 2.50004e-07
 2.50001e-07
 2.50000e-07
 2.50000e-07
 2.50000e-07
 1.25000e-07
 1.05463e-06
 1.05140e-06
 1.05180e-06
 1.05321e-06
 1.05431e-06
 1.05419e-06
 1.05167e-06
 1.04477e-06
 1.03019e-06
 1.00309e-06
 9.57824e-07
 8.90812e-07
 8.04856e-07
 7.11080e-07
 6.25833e-07
 5.62679e-07
 5.25321e-07
 5.08204e-07
 5.02249e-07
 5.00567e-07
 5.00138e-07
 5.00033e-07
 5.00008e-07
 5.00002e-07
 5.00000e-07
 5.00000e-07
 5.00000e-07
 2.50000e-07
 1.05463e-06
 1.05140e-06
 1.05180e-06
 1.05321e-06
 1.05431e-06
 1.05419e-06
 1.05167e-06
 1.04477e-06
 1.03019e-06
 1.00309e-06
 9.57824e-07
 8.90812e-07
 8.04856e-07
 7.11080e-07
 6.25833e-07
 5.62679e-07
 5.25321e-07
 5.08204e-07
 5.02249e-07
 5.00567e-07
 5.00138e-07
 5.00033e-07
 5.00008e-07
 5.00002e-07
 5.00000e-07
 5.00000e-07
 5.00000e-07
 2.50000e-07
 1.05463e-06
 1.05140e-06
 1.05180e-06
 1.05321e-06
 1.05431e-06
 1.05419e-06
 1.05167e-06
 1.04477e-06
 1.03019e-06
 1.00309e-06
 9.57824e-07
 8.90812e-07
 8.04856e-07
 7.11080e-07
 6.25833e-07
 5.62679e-07
 5.25321e-07
 5.08204e-07
 5.02249e-07
 5.00567e-07
 5.00138e-07
 5.00033e-07
 5.00008e-07
 5.00002e-07
 5.00000e-07
 5.00000e-07
 5.00000e-07
 2.50000e-07
 1.05463e-06
 1.05140e-06
 1.05180e-06
 1.05321e-06
 1.05431e-06
 1.05419e-06
 1.05167e-06
 1.04477e-06
 1.03019e-06
 1.00309e-06
 9.57824e-07
 8.90812e-07
 8.04856e-07
 7.11080e-07
 6.25833e-07
 5.62679e-07
 5.25321e-07
 5.08204e-07
 5.02249e-07
 5.00567e-07
 5.00138e-07
 5.00033e-07
 5.00008e-07
 5.00002e-07
 5.00000e-07
 5.00000e-07
 5.00000e-07
 2.50000e-07
 5.27315e-07
 5.25701e-07
 5.25901e-07
 5.26605e-07
 5.27157e-07
 5.27097e-07
 5.25836e-07
 5.22385e-07
 5.15097e-07
 5.01545e-07
 4.78912e-07
 4.45406e-07
 4.02428e-07
 3.55540e-07
 3.12917e-07
 2.81339e-07
 2.62660e-07
 2.54102e-07
 2.51124e-07
 2.50283e-07
 2.50069e-07
 2.50017e-07
 2.50004e-07
 2.50001e-07
 2.50000e-07
 2.50000e-07
 2.50000e-07
 1.25000e-07
 5.27315e-07
 5.25701e-07
 5.25901e-07
 5.26605e-07
 5.27157e-07
 5.27097e-07
 5.25836e-07
 5.22385e-07
 5.15097e-07
 5.01545e-07
 4.78912e-07
 4.45406e-07
 4.02428e-07
 3.55540e-07
 3.12917e-07
 2.81339e-07
 2.62660e-07
 2.54102e-07
 2.51124e-07
 2.50283e-07
 2.50069e-07
 2.50017e-07
 2.50004e-07
 2.50001e-07
 2.50000e-07
 2.50000e-07
 2.50000e-07
 1.25000e-07
 1.05463e-06
 1.05140e-06
 1.05180e-06
 1.05321e-06
 1.05431e-06
 1.05419e-06
 1.05167e-06
 1.04477e-06
 1.03019e-06
 1.00309e-06
 9.57824e-07
 8.90812e-07
 8.04856e-07
 7.11080e-07
 6.25833e-07
 5.62679e-07
 5.25321e-07
 5.08204e-07
 5.02249e-07
 5.00567e-07
 5.00138e-07
 5.00033e-07
 5.00008e-07
 5.00002e-07
 5.00000e-07
 5.00000e-07
 5.00000e-07
 2.50000e-07
 1.05463e-06
 1.05140e-06
 1.05180e-06
 1.05321e-06
 1.05431e-06
 1.05419e-06
 1.05167e-06
 1.04477e-06
 1.03019e-06
 1.00309e-06
 9.57824e-07
 8.90812e-07
 8.04856e-07
 7.11080e-07
 6.25833e-07
 5.62679e-07
 5.25321e-07
 5.08204e-07
 5.02249e-07
 5.00567e-07
 5.00138e-07
 5.00033e-07
 5.00008e-07
 5.00002e-07
 5.00000e-07
 5.00000e-07
 5.00000e-07
 2.50000e-07
 1.05463e-06
 1.05140e-06
 1.05180e-06
 1.05321e-06
 1.05431e-06
 1.05419e-06
 1.05167e-06
 1.04477e-06
 1.03019e-06
 1.00309e-06
 9.57824e-07
 8.90812e-07
 8.04856e-07
 7.11080e-07
 6.25833e-07
 5.62679e-07
 5.25321e-07
 5.08204e-07
 5.02249e-07
 5.00567e-07
 5.00138e-07
 5.00033e-07
 5.00008e-07
 5.00002e-07
 5.00000e-07
 5.00000e-07
 5.00000e-07
 2.50000e-07
 1.05463e-06
 1.05140e-06
 1.05180e-06
 1.05321e-06
 1.05431e-06
 1.05419e-06
 1.05167e-06
 1.04477e-06
 1.03019e-06
 1.00309e-06
 9.57824e-07
 8.90812e-07
 8.04856e-07
 7.11080e-07
 6.25833e-07
 5.62679e-07
 5.25321e-07
 5.08204e-07
 5.02249e-07
 5.00567e-07
 5.00138e-07
 5.00033e-07
 5.00008e-07
 5.00002e-07
 5.00000e-07
 5.00000e-07
 5.00000e-07
 2.50000e-07
 5.27315e-07
 5.25701e-07
 5.25901e-07
 5.26605e-07
 5.27157e-07
 5.27097e-07
 5.25836e-07
 5.22385e-07
 5.15097e-07
 5.01545e-07
 4.78912e-07
 4.45406e-07
 4.02428e-07
 3.55540e-07
 3.12917e-07
 2.81339e-07
 2.62660e-07
 2.54102e-07
 2.51124e-07
 2.50283e-07
 2.50069e-07
 2.50017e-07
 2.50004e-07
 2.50001e-07
 2.50000e-07
 2.50000e-07
 2.50000e-07
 1.25000e-07
 5.27315e-07
 5.25701e-07
 5.25901e-07
 5.26605e-07
 5.27157e-07
 5.27097e-07
 5.25836e-07
 5.22385e-07
 5.15097e-07
 5.01545e-07
 4.78912e-07
 4.45406e-07
 4.02428e-07
 3.55540e-07
 3.12917e-07
 2.81339e-07
 2.62660e-07
 2.54102e-07
 2.51124e-07
 2.50283e-07
 2.50069e-07
 2.50017e-07
 2.50004e-07
 2.50001e-07
 2.50000e-07
 2.50000e-07
 2.50000e-07
 1.25000e-07
 1.05463e-06
 1.05140e-06
 1.05180e-06
 1.05321e-06
 1.05431e-06
 1.05419e-06
 1.05167e-06
 1.04477e-06
 1.03019e-06
 1.00309e-06
 9.57824e-07
 8.90812e-07
 8.04856e-07
 7.11080e-07
 6.25833e-07
 5.62679e-07
 5.25321e-07
 5.08204e-07
 5.02249e-07
 5.00567e-07
 5.00138e-07
 5.00033e-07
 5.00008e-07
 5.00002e-07
 5.00000e-07
 5.00000e-07
 5.00000e-07
 2.50000e-07
 1.05463e-06
 1.05140e-06
 1.05180e-06
 1.05321e-06
 1.05431e-06
 1.05419e-06
 1.05167e-06
 1.04477e-06
 1.03019e-06
 1.00309e-06
 9.57824e-07
 8.90812e-07
 8.04856e-07
 7.11080e-07
 6.25833e-07
 5.62679e-07
 5.25321e-07
 5.08204e-07
 5.02249e-07
 5.00567e-07
 5.00138e-07
 5.00033e-07
 5.00008e-07
 5.00002e-07
 5.00000e-07
 5.00000e-07
 5.00000e-07
 2.50000e-07
 1.05463e-06
 1.05140e-06
 1.05180e-06
 1.05321e-06
 1.05431e-06
 1.05419e-06
 1.05167e-06
 1.04477e-06
 1.03019e-06
 1.00309e-06
 9.57824e-07
 8.90812e-07
 8.04856e-07
 7.11080e-07
 6.25833e-07
 5.62679e-07
 5.25321e-07
 5.08204e-07
 5.02249e-07
 5.00567e-07
 5.00138e-07
 5.00033e-07
 5.00008e-07
 5.00002e-07
 5.00000e-07
 5.00000e-07
 5.00000e-07
 2.50000e-07
 1.05463e-06
 1.05140e-06
 1.05180e-06
 1.05321e-06
 1.05431e-06
 1.05419e-06
 1.05167e-06
 1.04477e-06
 1.03019e-06
 1.00309e-06
 9.57824e-07
 8.90812e-07
 8.04856e-07
 7.11080e-07
 6.25833e-07
 5.62679e-07
 5.25321e-07
 5.08204e-07
 5.02249e-07
 5.00567e-07
 5.00138e-07
 5.00033e-07
 5.00008e-07
 5.00002e-07
 5.00000e-07
 5.00000e-07
 5.00000e-07
 2.50000e-07
 5.27315e-07
 5.25701e-07
 5.25901e-07
 5.26605e-07
 5.27157e-07
 5.27097e-07
 5.25836e-07
 5.22385e-07
 5.15097e-07
 5.01545e-07
 4.78912e-07
 4.45406e-07
 4.02428e-07
 3.55540e-07
 3.12917e-07
 2.81339e-07
 2.62660e-07
 2.54102e-07
 2.51124e-07
 2.50283e-07
 2.50069e-07
 2.50017e-07
 2.50004e-07
 2.50001e-07
 2.50000e-07
 2.50000e-07
 2.50000e-07
 1.25000e-07
 2.63657e-07
 2.62850e-07
 2.62950e-07
 2.63302e-07
 2.63579e-07
 2.63548e-07
 2.62918e-07
 2.61193e-07
 2.57549e-07
 2.50773e-07
 2.39456e-07
 2.22703e-07
 2.01214e-07
 1.77770e-07
 1.56458e-07
 1.40670e-07
 1.31330e-07
 1.27051e-07
 1.25562e-07
 1.25142e-07
 1.25035e-07
 1.25008e-07
 1.25002e-07
 1.25000e-07
 1.25000e-07
 1.25000e-07
 1.25000e-07
 6.25000e-08
 5.27315e-07
 5.25701e-07
 5.25901e-07
 5.26605e-07
 5.27157e-07
 5.27097e-07
 5.25836e-07
 5.22385e-07
 5.15097e-07
 5.01545e-07
 4.78912e-07
 4.45406e-07
 4.02428e-07
 3.55540e-07
 3.12917e-07
 2.81339e-07
 2.62660e-07
 2.54102e-07
 2.51124e-07
 2.50283e-07
 2.50069e-07
 2.50017e-07
 2.50004e-07
 2.50001e-07
 2.50000e-07
 2.50000e-07
 2.50000e-07
 1.25000e-07
 5.27315e-07
 5.25701e-07
 5.25901e-07
 5.26605e-07
 5.27157e-07
 5.27097e-07
 5.25836e-07
 5.22385e-07
 5.15097e-07
 5.01545e-07
 4.78912e-07
 4.45406e-07
 4.02428e-07
 3.55540e-07
 3.12917e-07
 2.81339e-07
 2.62660e-07
 2.54102e-07
 2.51124e-07
 2.50283e-07
 2.50069e-07
 2.50017e-07
 2.50004e-07
 2.50001e-07
 2.50000e-07
 2.50000e-07
 2.50000e-07
 1.25000e-07
 5.27315e-07
 5.25701e-07
 5.25901e-07
 5.26605e-07
 5.27157e-07
 5.27097e-07
 5.25836e-07
 5.22385e-07
 5.15097e-07
 5.01545e-07
 4.78912e-07
 4.45406e-07
 4.02428e-07
 3.55540e-07
 3.12917e-07
 2.81339e-07
 2.62660e-07
 2.54102e-07
 2.51124e-07
 2.50283e-07
 2.50069e-07
 2.50017e-07
 2.50004e-07
 2.50001e-07
 2.50000e-07
 2.50000e-07
 2.50000e-07
 1.25000e-07
 5.27315e-07
 5.25701e-07
 5.25901e-07
 5.26605e-07
 5.27157e-07
 5.27097e-07
 5.25836e-07
 5.22385e-07
 5.15097e-07
 5.01545e-07
 4.78912e-07
 4.45406e-07
 4.02428e-07
 3.55540e-07
 3.12917e-07
 2.81339e-07
 2.62660e-07
 2.54102e-07
 2.51124e-07
 2.50283e-07
 2.50069e-07
 2.50017e-07
 2.50004e-07
 2.50001e-07
 2.50000e-07
 2.50000e-07
 2.50000e-07
 1.25000e-07
 2.63657e-07
 2.62850e-07
 2.62950e-07
 2.63302e-07
 2.63579e-07
 2.63548e-07
 2.62918e-07
 2.61193e-07
 2.57549e-07
 2.50773e-07
 2.39456e-07
 2.22703e-07
 2.01214e-07
 1.77770e-07
 1.56458e-07
 1.40670e-07
 1.31330e-07
 1.27051e-07
 1.25562e-07
 1.25142e-07
 1.25035e-07
 1.25008e-07
 1.25002e-07
 1.25000e-07
 1.25000e-07
 1.25000e-07
 1.25000e-07
 6.25000e-08
