Pressure
part
         1
hexa8
 1.00000e+00
 1.00000e+00
 1.00000e+00
 1.00000e+00
 1.00000e+00
 1.00000e+00
 1.00000e+00
 1.00000e+00
 1.00000e+00
 1.00000e+00
 1.00000e+00
 1.00000e+00
 1.00000e+00
 1.00000e+00
 1.00000e+00
 1.00000e+00
 1.00000e+00
 1.00000e+00
 1.00000e+00
 1.00000e+00
 1.00000e+00
 1.00000e+00
 1.00000e+00
 1.00000e+00
 1.00000e+00
 1.00000e+00
 1.00000e+00
 1.00000e+00
 1.00000e+00
 1.00000e+00
 1.00000e+00
 1.00000e+00
 1.00000e+00
 1.00000e+00
 1.00000e+00
 1.00000e+00
 1.00000e+00
 1.00000e+00
 1.00000e+00
 1.00000e+00
 1.00000e+00
 1.00000e+00
 1.00000e+00
 1.00000e+00
 1.00000e+00
 1.00000e+00
 1.00000e+00
 1.00000e+00
 1.00000e+00
 1.00000e+00
 1.00000e+00
 1.00000e+00
 1.00000e+00
 1.00000e+00
 1.00000e+00
 1.00000e+00
 1.00000e+00
 1.00000e+00
 1.00000e+00
 1.00000e+00
 1.00000e+00
 1.00000e+00
 1.00000e+00
 1.00000e+00
 1.00000e+00
 1.00000e+00
 1.00000e+00
 1.00000e+00
 1.00000e+00
 1.00000e+00
 1.00000e+00
 1.00000e+00
 1.00000e+00
 1.00000e+00
 1.00000e+00
 1.00000e+00
 1.00000e+00
 1.00000e+00
 1.00000e+00
 1.00000e+00
 1.00000e+00
 1.00000e+00
 1.00000e+00
 1.00000e+00
 1.00000e+00
 9.99999e-01
 9.99999e-01
 9.99999e-01
 9.99999e-01
 9.99999e-01
 9.99997e-01
 9.99997e-01
 9.99997e-01
 9.99997e-01
 9.99997e-01
 9.99982e-01
 9.99982e-01
 9.99982e-01
 9.99982e-01
 9.99982e-01
 9.99913e-01
 9.99913e-01
 9.99913e-01
 9.99913e-01
 9.99913e-01
 9.99636e-01
 9.99636e-01
 9.99636e-01
 9.99636e-01
 9.99636e-01
 9.98655e-01
 9.98655e-01
 9.98655e-01
 9.98655e-01
 9.98655e-01
 9.95701e-01
 9.95701e-01
 9.95701e-01
 9.95701e-01
 9.95701e-01
 9.88287e-01
 9.88287e-01
 9.88287e-01
 9.88287e-01
 9.88287e-01
 1.00000e+00
 1.00000e+00
 1.00000e+00
 1.00000e+00
 1.00000e+00
 1.00000e+00
 1.00000e+00
 1.00000e+00
 1.00000e+00
 1.00000e+00
 1.00000e+00
 1.00000e+00
 1.00000e+00
 1.00000e+00
 1.00000e+00
 1.00000e+00
 1.00000e+00
 1.00000e+00
 1.00000e+00
 1.00000e+00
 1.00000e+00
 1.00000e+00
 1.00000e+00
 1.00000e+00
 1.00000e+00
 1.00000e+00
 1.00000e+00
 1.00000e+00
 1.00000e+00
 1.00000e+00
 1.00000e+00
 1.00000e+00
 1.00000e+00
 1.00000e+00
 1.00000e+00
 1.00000e+00
 1.00000e+00
 1.00000e+00
 1.00000e+00
 1.00000e+00
 1.00000e+00
 1.00000e+00
 1.00000e+00
 1.00000e+00
 1.00000e+00
 1.00000e+00
 1.00000e+00
 1.00000e+00
 1.00000e+00
 1.00000e+00
 1.00000e+00
 1.00000e+00
 1.00000e+00
 1.00000e+00
 1.00000e+00
 1.00000e+00
 1.00000e+00
 1.00000e+00
 1.00000e+00
 1.00000e+00
 1.00000e+00
 1.00000e+00
 1.00000e+00
 1.00000e+00
 1.00000e+00
 1.00000e+00
 1.00000e+00
 1.00000e+00
 1.00000e+00
 1.00000e+00
 1.00000e+00
 1.00000e+00
 1.00000e+00
 1.00000e+00
 1.00000e+00
 1.00000e+00
 1.00000e+00
 1.00000e+00
 1.00000e+00
 1.00000e+00
 1.00000e+00
 1.00000e+00
 1.00000e+00
 1.00000e+00
 1.00000e+00
 9.99999e-01
 9.99999e-01
 9.99999e-01
 9.99999e-01
 9.99999e-01
 9.99997e-01
 9.99997e-01
 9.99997e-01
 9.99997e-01
 9.99997e-01
 9.99982e-01
 9.99982e-01
 9.99982e-01
 9.99982e-01
 9.99982e-01
 9.99913e-01
 9.99913e-01
 9.99913e-01
 9.99913e-01
 9.99913e-01
 9.99636e-01
 9.99636e-01
 9.99636e-01
 9.99636e-01
 9.99636e-01
 9.98655e-01
 9.98655e-01
 9.98655e-01
 9.98655e-01
 9.98655e-01
 9.95701e-01
 9.95701e-01
 9.95701e-01
 9.95701e-01
 9.95701e-01
 9.88287e-01
 9.88287e-01
 9.88287e-01
 9.88287e-01
 9.88287e-01
 1.00000e+00
 1.00000e+00
 1.00000e+00
 1.00000e+00
 1.00000e+00
 1.00000e+00
 1.00000e+00
 1.00000e+00
 1.00000e+00
 1.00000e+00
 1.00000e+00
 1.00000e+00
 1.00000e+00
 1.00000e+00
 1.00000e+00
 1.00000e+00
 1.00000e+00
 1.00000e+00
 1.00000e+00
 1.00000e+00
 1.00000e+00
 1.00000e+00
 1.00000e+00
 1.00000e+00
 1.00000e+00
 1.00000e+00
 1.00000e+00
 1.00000e+00
 1.00000e+00
 1.00000e+00
 1.00000e+00
 1.00000e+00
 1.00000e+00
 1.00000e+00
 1.00000e+00
 1.00000e+00
 1.00000e+00
 1.00000e+00
 1.00000e+00
 1.00000e+00
 1.00000e+00
 1.00000e+00
 1.00000e+00
 1.00000e+00
 1.00000e+00
 1.00000e+00
 1.00000e+00
 1.00000e+00
 1.00000e+00
 1.00000e+00
 1.00000e+00
 1.00000e+00
 1.00000e+00
 1.00000e+00
 1.00000e+00
 1.00000e+00
 1.00000e+00
 1.00000e+00
 1.00000e+00
 1.00000e+00
 1.00000e+00
 1.00000e+00
 1.00000e+00
 1.00000e+00
 1.00000e+00
 1.00000e+00
 1.00000e+00
 1.00000e+00
 1.00000e+00
 1.00000e+00
 1.00000e+00
 1.00000e+00
 1.00000e+00
 1.00000e+00
 1.00000e+00
 1.00000e+00
 1.00000e+00
 1.00000e+00
 1.00000e+00
 1.00000e+00
 1.00000e+00
 1.00000e+00
 1.00000e+00
 1.00000e+00
 1.00000e+00
 9.99999e-01
 9.99999e-01
 9.99999e-01
 9.99999e-01
 9.99999e-01
 9.99997e-01
 9.99997e-01
 9.99997e-01
 9.99997e-01
 9.99997e-01
 9.99982e-01
 9.99982e-01
 9.99982e-01
 9.99982e-01
 9.99982e-01
 9.99913e-01
 9.99913e-01
 9.99913e-01
 9.99913e-01
 9.99913e-01
 9.99636e-01
 9.99636e-01
 9.99636e-01
 9.99636e-01
 9.99636e-01
 9.98655e-01
 9.98655e-01
 9.98655e-01
 9.98655e-01
 9.98655e-01
 9.95701e-01
 9.95701e-01
 9.95701e-01
 9.95701e-01
 9.95701e-01
 9.88287e-01
 9.88287e-01
 9.88287e-01
 9.88287e-01
 9.88287e-01
 1.00000e+00
 1.00000e+00
 1.00000e+00
 1.00000e+00
 1.00000e+00
 1.00000e+00
 1.00000e+00
 1.00000e+00
 1.00000e+00
 1.00000e+00
 1.00000e+00
 1.00000e+00
 1.00000e+00
 1.00000e+00
 1.00000e+00
 1.00000e+00
 1.00000e+00
 1.00000e+00
 1.00000e+00
 1.00000e+00
 1.00000e+00
 1.00000e+00
 1.00000e+00
 1.00000e+00
 1.00000e+00
 1.00000e+00
 1.00000e+00
 1.00000e+00
 1.00000e+00
 1.00000e+00
 1.00000e+00
 1.00000e+00
 1.00000e+00
 1.00000e+00
 1.00000e+00
 1.00000e+00
 1.00000e+00
 1.00000e+00
 1.00000e+00
 1.00000e+00
 1.00000e+00
 1.00000e+00
 1.00000e+00
 1.00000e+00
 1.00000e+00
 1.00000e+00
 1.00000e+00
 1.00000e+00
 1.00000e+00
 1.00000e+00
 1.00000e+00
 1.00000e+00
 1.00000e+00
 1.00000e+00
 1.00000e+00
 1.00000e+00
 1.00000e+00
 1.00000e+00
 1.00000e+00
 1.00000e+00
 1.00000e+00
 1.00000e+00
 1.00000e+00
 1.00000e+00
 1.00000e+00
 1.00000e+00
 1.00000e+00
 1.00000e+00
 1.00000e+00
 1.00000e+00
 1.00000e+00
 1.00000e+00
 1.00000e+00
 1.00000e+00
 1.00000e+00
 1.00000e+00
 1.00000e+00
 1.00000e+00
 1.00000e+00
 1.00000e+00
 1.00000e+00
 1.00000e+00
 1.00000e+00
 1.00000e+00
 1.00000e+00
 9.99999e-01
 9.99999e-01
 9.99999e-01
 9.99999e-01
 9.99999e-01
 9.99997e-01
 9.99997e-01
 9.99997e-01
 9.99997e-01
 9.99997e-01
 9.99982e-01
 9.99982e-01
 9.99982e-01
 9.99982e-01
 9.99982e-01
 9.99913e-01
 9.99913e-01
 9.99913e-01
 9.99913e-01
 9.99913e-01
 9.99636e-01
 9.99636e-01
 9.99636e-01
 9.99636e-01
 9.99636e-01
 9.98655e-01
 9.98655e-01
 9.98655e-01
 9.98655e-01
 9.98655e-01
 9.95701e-01
 9.95701e-01
 9.95701e-01
 9.95701e-01
 9.95701e-01
 9.88287e-01
 9.88287e-01
 9.88287e-01
 9.88287e-01
 9.88287e-01
 1.00000e+00
 1.00000e+00
 1.00000e+00
 1.00000e+00
 1.00000e+00
 1.00000e+00
 1.00000e+00
 1.00000e+00
 1.00000e+00
 1.00000e+00
 1.00000e+00
 1.00000e+00
 1.00000e+00
 1.00000e+00
 1.00000e+00
 1.00000e+00
 1.00000e+00
 1.00000e+00
 1.00000e+00
 1.00000e+00
 1.00000e+00
 1.00000e+00
 1.00000e+00
 1.00000e+00
 1.00000e+00
 1.00000e+00
 1.00000e+00
 1.00000e+00
 1.00000e+00
 1.00000e+00
 1.00000e+00
 1.00000e+00
 1.00000e+00
 1.00000e+00
 1.00000e+00
 1.00000e+00
 1.00000e+00
 1.00000e+00
 1.00000e+00
 1.00000e+00
 1.00000e+00
 1.00000e+00
 1.00000e+00
 1.00000e+00
 1.00000e+00
 1.00000e+00
 1.00000e+00
 1.00000e+00
 1.00000e+00
 1.00000e+00
 1.00000e+00
 1.00000e+00
 1.00000e+00
 1.00000e+00
 1.00000e+00
 1.00000e+00
 1.00000e+00
 1.00000e+00
 1.00000e+00
 1.00000e+00
 1.00000e+00
 1.00000e+00
 1.00000e+00
 1.00000e+00
 1.00000e+00
 1.00000e+00
 1.00000e+00
 1.00000e+00
 1.00000e+00
 1.00000e+00
 1.00000e+00
 1.00000e+00
 1.00000e+00
 1.00000e+00
 1.00000e+00
 1.00000e+00
 1.00000e+00
 1.00000e+00
 1.00000e+00
 1.00000e+00
 1.00000e+00
 1.00000e+00
 1.00000e+00
 1.00000e+00
 1.00000e+00
 9.99999e-01
 9.99999e-01
 9.99999e-01
 9.99999e-01
 9.99999e-01
 9.99997e-01
 9.99997e-01
 9.99997e-01
 9.99997e-01
 9.99997e-01
 9.99982e-01
 9.99982e-01
 9.99982e-01
 9.99982e-01
 9.99982e-01
 9.99913e-01
 9.99913e-01
 9.99913e-01
 9.99913e-01
 9.99913e-01
 9.99636e-01
 9.99636e-01
 9.99636e-01
 9.99636e-01
 9.99636e-01
 9.98655e-01
 9.98655e-01
 9.98655e-01
 9.98655e-01
 9.98655e-01
 9.95701e-01
 9.95701e-01
 9.95701e-01
 9.95701e-01
 9.95701e-01
 9.88287e-01
 9.88287e-01
 9.88287e-01
 9.88287e-01
 9.88287e-01
part
         2
hexa8
 9.73142e-01
 9.73142e-01
 9.73142e-01
 9.73142e-01
 9.73142e-01
 9.48311e-01
 9.48311e-01
 9.48311e-01
 9.48311e-01
 9.48311e-01
 9.15211e-01
 9.15211e-01
 9.15211e-01
 9.15211e-01
 9.15211e-01
 8.77599e-01
 8.77599e-01
 8.77599e-01
 8.77599e-01
 8.77599e-01
 8.38712e-01
 8.38712e-01
 8.38712e-01
 8.38712e-01
 8.38712e-01
 8.00228e-01
 8.00228e-01
 8.00228e-01
 8.00228e-01
 8.00228e-01
 7.62838e-01
 7.62838e-01
 7.62838e-01
 7.62838e-01
 7.62838e-01
 7.26803e-01
 7.26803e-01
 7.26803e-01
 7.26803e-01
 7.26803e-01
 6.92211e-01
 6.92211e-01
 6.92211e-01
 6.92211e-01
 6.92211e-01
 6.59114e-01
 6.59114e-01
 6.59114e-01
 6.59114e-01
 6.59114e-01
 6.27576e-01
 6.27576e-01
 6.27576e-01
 6.27576e-01
 6.27576e-01
 5.97611e-01
 5.97611e-01
 5.97611e-01
 5.97611e-01
 5.97611e-01
 5.69200e-01
 5.69200e-01
 5.69200e-01
 5.69200e-01
 5.69200e-01
 5.42292e-01
 5.42292e-01
 5.42292e-01
 5.42292e-01
 5.42292e-01
 5.16821e-01
 5.16821e-01
 5.16821e-01
 5.16821e-01
 5.16821e-01
 4.92723e-01
 4.92723e-01
 4.92723e-01
 4.92723e-01
 4.92723e-01
 4.69941e-01
 4.69941e-01
 4.69941e-01
 4.69941e-01
 4.69941e-01
 4.48438e-01
 4.48438e-01
 4.48438e-01
 4.48438e-01
 4.48438e-01
 4.28189e-01
 4.28189e-01
 4.28189e-01
 4.28189e-01
 4.28189e-01
 4.09191e-01
 4.09191e-01
 4.09191e-01
 4.09191e-01
 4.09191e-01
 3.91462e-01
 3.91462e-01
 3.91462e-01
 3.91462e-01
 3.91462e-01
 3.75043e-01
 3.75043e-01
 3.75043e-01
 3.75043e-01
 3.75043e-01
 3.60004e-01
 3.60004e-01
 3.60004e-01
 3.60004e-01
 3.60004e-01
 3.46445e-01
 3.46445e-01
 3.46445e-01
 3.46445e-01
 3.46445e-01
 3.34493e-01
 3.34493e-01
 3.34493e-01
 3.34493e-01
 3.34493e-01
 9.73142e-01
 9.73142e-01
 9.73142e-01
 9.73142e-01
 9.73142e-01
 9.48311e-01
 9.48311e-01
 9.48311e-01
 9.48311e-01
 9.48311e-01
 9.15211e-01
 9.15211e-01
 9.15211e-01
 9.15211e-01
 9.15211e-01
 8.77599e-01
 8.77599e-01
 8.77599e-01
 8.77599e-01
 8.77599e-01
 8.38712e-01
 8.38712e-01
 8.38712e-01
 8.38712e-01
 8.38712e-01
 8.00228e-01
 8.00228e-01
 8.00228e-01
 8.00228e-01
 8.00228e-01
 7.62838e-01
 7.62838e-01
 7.62838e-01
 7.62838e-01
 7.62838e-01
 7.26803e-01
 7.26803e-01
 7.26803e-01
 7.26803e-01
 7.26803e-01
 6.92211e-01
 6.92211e-01
 6.92211e-01
 6.92211e-01
 6.92211e-01
 6.59114e-01
 6.59114e-01
 6.59114e-01
 6.59114e-01
 6.59114e-01
 6.27576e-01
 6.27576e-01
 6.27576e-01
 6.27576e-01
 6.27576e-01
 5.97611e-01
 5.97611e-01
 5.97611e-01
 5.97611e-01
 5.97611e-01
 5.69200e-01
 5.69200e-01
 5.69200e-01
 5.69200e-01
 5.69200e-01
 5.42292e-01
 5.42292e-01
 5.42292e-01
 5.42292e-01
 5.42292e-01
 5.16821e-01
 5.16821e-01
 5.16821e-01
 5.16821e-01
 5.16821e-01
 4.92723e-01
 4.92723e-01
 4.92723e-01
 4.92723e-01
 4.92723e-01
 4.69941e-01
 4.69941e-01
 4.69941e-01
 4.69941e-01
 4.69941e-01
 4.48438e-01
 4.48438e-01
 4.48438e-01
 4.48438e-01
 4.48438e-01
 4.28189e-01
 4.28189e-01
 4.28189e-01
 4.28189e-01
 4.28189e-01
 4.09191e-01
 4.09191e-01
 4.09191e-01
 4.09191e-01
 4.09191e-01
 3.91462e-01
 3.91462e-01
 3.91462e-01
 3.91462e-01
 3.91462e-01
 3.75043e-01
 3.75043e-01
 3.75043e-01
 3.75043e-01
 3.75043e-01
 3.60004e-01
 3.60004e-01
 3.60004e-01
 3.60004e-01
 3.60004e-01
 3.46445e-01
 3.46445e-01
 3.46445e-01
 3.46445e-01
 3.46445e-01
 3.34493e-01
 3.34493e-01
 3.34493e-01
 3.34493e-01
 3.34493e-01
 9.73142e-01
 9.73142e-01
 9.73142e-01
 9.73142e-01
 9.73142e-01
 9.48311e-01
 9.48311e-01
 9.48311e-01
 9.48311e-01
 9.48311e-01
 9.15211e-01
 9.15211e-01
 9.15211e-01
 9.15211e-01
 9.15211e-01
 8.77599e-01
 8.77599e-01
 8.77599e-01
 8.77599e-01
 8.77599e-01
 8.38712e-01
 8.38712e-01
 8.38712e-01
 8.38712e-01
 8.38712e-01
 8.00228e-01
 8.00228e-01
 8.00228e-01
 8.00228e-01
 8.00228e-01
 7.62838e-01
 7.62838e-01
 7.62838e-01
 7.62838e-01
 7.62838e-01
 7.26803e-01
 7.26803e-01
 7.26803e-01
 7.26803e-01
 7.26803e-01
 6.92211e-01
 6.92211e-01
 6.92211e-01
 6.92211e-01
 6.92211e-01
 6.59114e-01
 6.59114e-01
 6.59114e-01
 6.59114e-01
 6.59114e-01
 6.27576e-01
 6.27576e-01
 6.27576e-01
 6.27576e-01
 6.27576e-01
 5.97611e-01
 5.97611e-01
 5.97611e-01
 5.97611e-01
 5.97611e-01
 5.69200e-01
 5.69200e-01
 5.69200e-01
 5.69200e-01
 5.69200e-01
 5.42292e-01
 5.42292e-01
 5.42292e-01
 5.42292e-01
 5.42292e-01
 5.16821e-01
 5.16821e-01
 5.16821e-01
 5.16821e-01
 5.16821e-01
 4.92723e-01
 4.92723e-01
 4.92723e-01
 4.92723e-01
 4.92723e-01
 4.69941e-01
 4.69941e-01
 4.69941e-01
 4.69941e-01
 4.69941e-01
 4.48438e-01
 4.48438e-01
 4.48438e-01
 4.48438e-01
 4.48438e-01
 4.28189e-01
 4.28189e-01
 4.28189e-01
 4.28189e-01
 4.28189e-01
 4.09191e-01
 4.09191e-01
 4.09191e-01
 4.09191e-01
 4.09191e-01
 3.91462e-01
 3.91462e-01
 3.91462e-01
 3.91462e-01
 3.91462e-01
 3.75043e-01
 3.75043e-01
 3.75043e-01
 3.75043e-01
 3.75043e-01
 3.60004e-01
 3.60004e-01
 3.60004e-01
 3.60004e-01
 3.60004e-01
 3.46445e-01
 3.46445e-01
 3.46445e-01
 3.46445e-01
 3.46445e-01
 3.34493e-01
 3.34493e-01
 3.34493e-01
 3.34493e-01
 3.34493e-01
 9.73142e-01
 9.73142e-01
 9.73142e-01
 9.73142e-01
 9.73142e-01
 9.48311e-01
 9.48311e-01
 9.48311e-01
 9.48311e-01
 9.48311e-01
 9.15211e-01
 9.15211e-01
 9.15211e-01
 9.15211e-01
 9.15211e-01
 8.77599e-01
 8.77599e-01
 8.77599e-01
 8.77599e-01
 8.77599e-01
 8.38712e-01
 8.38712e-01
 8.38712e-01
 8.38712e-01
 8.38712e-01
 8.00228e-01
 8.00228e-01
 8.00228e-01
 8.00228e-01
 8.00228e-01
 7.62838e-01
 7.62838e-01
 7.62838e-01
 7.62838e-01
 7.62838e-01
 7.26803e-01
 7.26803e-01
 7.26803e-01
 7.26803e-01
 7.26803e-01
 6.92211e-01
 6.92211e-01
 6.92211e-01
 6.92211e-01
 6.92211e-01
 6.59114e-01
 6.59114e-01
 6.59114e-01
 6.59114e-01
 6.59114e-01
 6.27576e-01
 6.27576e-01
 6.27576e-01
 6.27576e-01
 6.27576e-01
 5.97611e-01
 5.97611e-01
 5.97611e-01
 5.97611e-01
 5.97611e-01
 5.69200e-01
 5.69200e-01
 5.69200e-01
 5.69200e-01
 5.69200e-01
 5.42292e-01
 5.42292e-01
 5.42292e-01
 5.42292e-01
 5.42292e-01
 5.16821e-01
 5.16821e-01
 5.16821e-01
 5.16821e-01
 5.16821e-01
 4.92723e-01
 4.92723e-01
 4.92723e-01
 4.92723e-01
 4.92723e-01
 4.69941e-01
 4.69941e-01
 4.69941e-01
 4.69941e-01
 4.69941e-01
 4.48438e-01
 4.48438e-01
 4.48438e-01
 4.48438e-01
 4.48438e-01
 4.28189e-01
 4.28189e-01
 4.28189e-01
 4.28189e-01
 4.28189e-01
 4.09191e-01
 4.09191e-01
 4.09191e-01
 4.09191e-01
 4.09191e-01
 3.91462e-01
 3.91462e-01
 3.91462e-01
 3.91462e-01
 3.91462e-01
 3.75043e-01
 3.75043e-01
 3.75043e-01
 3.75043e-01
 3.75043e-01
 3.60004e-01
 3.60004e-01
 3.60004e-01
 3.60004e-01
 3.60004e-01
 3.46445e-01
 3.46445e-01
 3.46445e-01
 3.46445e-01
 3.46445e-01
 3.34493e-01
 3.34493e-01
 3.34493e-01
 3.34493e-01
 3.34493e-01
 9.73142e-01
 9.73142e-01
 9.73142e-01
 9.73142e-01
 9.73142e-01
 9.48311e-01
 9.48311e-01
 9.48311e-01
 9.48311e-01
 9.48311e-01
 9.15211e-01
 9.15211e-01
 9.15211e-01
 9.15211e-01
 9.15211e-01
 8.77599e-01
 8.77599e-01
 8.77599e-01
 8.77599e-01
 8.77599e-01
 8.38712e-01
 8.38712e-01
 8.38712e-01
 8.38712e-01
 8.38712e-01
 8.00228e-01
 8.00228e-01
 8.00228e-01
 8.00228e-01
 8.00228e-01
 7.62838e-01
 7.62838e-01
 7.62838e-01
 7.62838e-01
 7.62838e-01
 7.26803e-01
 7.26803e-01
 7.26803e-01
 7.26803e-01
 7.26803e-01
 6.92211e-01
 6.92211e-01
 6.92211e-01
 6.92211e-01
 6.92211e-01
 6.59114e-01
 6.59114e-01
 6.59114e-01
 6.59114e-01
 6.59114e-01
 6.27576e-01
 6.27576e-01
 6.27576e-01
 6.27576e-01
 6.27576e-01
 5.97611e-01
 5.97611e-01
 5.97611e-01
 5.97611e-01
 5.97611e-01
 5.69200e-01
 5.69200e-01
 5.69200e-01
 5.69200e-01
 5.69200e-01
 5.42292e-01
 5.42292e-01
 5.42292e-01
 5.42292e-01
 5.42292e-01
 5.16821e-01
 5.16821e-01
 5.16821e-01
 5.16821e-01
 5.16821e-01
 4.92723e-01
 4.92723e-01
 4.92723e-01
 4.92723e-01
 4.92723e-01
 4.69941e-01
 4.69941e-01
 4.69941e-01
 4.69941e-01
 4.69941e-01
 4.48438e-01
 4.48438e-01
 4.48438e-01
 4.48438e-01
 4.48438e-01
 4.28189e-01
 4.28189e-01
 4.28189e-01
 4.28189e-01
 4.28189e-01
 4.09191e-01
 4.09191e-01
 4.09191e-01
 4.09191e-01
 4.09191e-01
 3.91462e-01
 3.91462e-01
 3.91462e-01
 3.91462e-01
 3.91462e-01
 3.75043e-01
 3.75043e-01
 3.75043e-01
 3.75043e-01
 3.75043e-01
 3.60004e-01
 3.60004e-01
 3.60004e-01
 3.60004e-01
 3.60004e-01
 3.46445e-01
 3.46445e-01
 3.46445e-01
 3.46445e-01
 3.46445e-01
 3.34493e-01
 3.34493e-01
 3.34493e-01
 3.34493e-01
 3.34493e-01
part
         3
hexa8
 3.24285e-01
 3.24285e-01
 3.24285e-01
 3.24285e-01
 3.24285e-01
 3.15942e-01
 3.15942e-01
 3.15942e-01
 3.15942e-01
 3.15942e-01
 3.09518e-01
 3.09518e-01
 3.09518e-01
 3.09518e-01
 3.09518e-01
 3.04950e-01
 3.04950e-01
 3.04950e-01
 3.04950e-01
 3.04950e-01
 3.02034e-01
 3.02034e-01
 3.02034e-01
 3.02034e-01
 3.02034e-01
 3.00446e-01
 3.00446e-01
 3.00446e-01
 3.00446e-01
 3.00446e-01
 2.99805e-01
 2.99805e-01
 2.99805e-01
 2.99805e-01
 2.99805e-01
 2.99705e-01
 2.99705e-01
 2.99705e-01
 2.99705e-01
 2.99705e-01
 2.99868e-01
 2.99868e-01
 2.99868e-01
 2.99868e-01
 2.99868e-01
 3.00184e-01
 3.00184e-01
 3.00184e-01
 3.00184e-01
 3.00184e-01
 3.00549e-01
 3.00549e-01
 3.00549e-01
 3.00549e-01
 3.00549e-01
 3.00836e-01
 3.00836e-01
 3.00836e-01
 3.00836e-01
 3.00836e-01
 3.01090e-01
 3.01090e-01
 3.01090e-01
 3.01090e-01
 3.01090e-01
 3.01352e-01
 3.01352e-01
 3.01352e-01
 3.01352e-01
 3.01352e-01
 3.01573e-01
 3.01573e-01
 3.01573e-01
 3.01573e-01
 3.01573e-01
 3.01769e-01
 3.01769e-01
 3.01769e-01
 3.01769e-01
 3.01769e-01
 3.01939e-01
 3.01939e-01
 3.01939e-01
 3.01939e-01
 3.01939e-01
 3.02319e-01
 3.02319e-01
 3.02319e-01
 3.02319e-01
 3.02319e-01
 3.02489e-01
 3.02489e-01
 3.02489e-01
 3.02489e-01
 3.02489e-01
 3.01858e-01
 3.01858e-01
 3.01858e-01
 3.01858e-01
 3.01858e-01
 3.02118e-01
 3.02118e-01
 3.02118e-01
 3.02118e-01
 3.02118e-01
 3.02445e-01
 3.02445e-01
 3.02445e-01
 3.02445e-01
 3.02445e-01
 3.02715e-01
 3.02715e-01
 3.02715e-01
 3.02715e-01
 3.02715e-01
 3.02910e-01
 3.02910e-01
 3.02910e-01
 3.02910e-01
 3.02910e-01
 3.03030e-01
 3.03030e-01
 3.03030e-01
 3.03030e-01
 3.03030e-01
 3.24285e-01
 3.24285e-01
 3.24285e-01
 3.24285e-01
 3.24285e-01
 3.15942e-01
 3.15942e-01
 3.15942e-01
 3.15942e-01
 3.15942e-01
 3.09518e-01
 3.09518e-01
 3.09518e-01
 3.09518e-01
 3.09518e-01
 3.04950e-01
 3.04950e-01
 3.04950e-01
 3.04950e-01
 3.04950e-01
 3.02034e-01
 3.02034e-01
 3.02034e-01
 3.02034e-01
 3.02034e-01
 3.00446e-01
 3.00446e-01
 3.00446e-01
 3.00446e-01
 3.00446e-01
 2.99805e-01
 2.99805e-01
 2.99805e-01
 2.99805e-01
 2.99805e-01
 2.99705e-01
 2.99705e-01
 2.99705e-01
 2.99705e-01
 2.99705e-01
 2.99868e-01
 2.99868e-01
 2.99868e-01
 2.99868e-01
 2.99868e-01
 3.00184e-01
 3.00184e-01
 3.00184e-01
 3.00184e-01
 3.00184e-01
 3.00549e-01
 3.00549e-01
 3.00549e-01
 3.00549e-01
 3.00549e-01
 3.00836e-01
 3.00836e-01
 3.00836e-01
 3.00836e-01
 3.00836e-01
 3.01090e-01
 3.01090e-01
 3.01090e-01
 3.01090e-01
 3.01090e-01
 3.01352e-01
 3.01352e-01
 3.01352e-01
 3.01352e-01
 3.01352e-01
 3.01573e-01
 3.01573e-01
 3.01573e-01
 3.01573e-01
 3.01573e-01
 3.01769e-01
 3.01769e-01
 3.01769e-01
 3.01769e-01
 3.01769e-01
 3.01939e-01
 3.01939e-01
 3.01939e-01
 3.01939e-01
 3.01939e-01
 3.02319e-01
 3.02319e-01
 3.02319e-01
 3.02319e-01
 3.02319e-01
 3.02489e-01
 3.02489e-01
 3.02489e-01
 3.02489e-01
 3.02489e-01
 3.01858e-01
 3.01858e-01
 3.01858e-01
 3.01858e-01
 3.01858e-01
 3.02118e-01
 3.02118e-01
 3.02118e-01
 3.02118e-01
 3.02118e-01
 3.02445e-01
 3.02445e-01
 3.02445e-01
 3.02445e-01
 3.02445e-01
 3.02715e-01
 3.02715e-01
 3.02715e-01
 3.02715e-01
 3.02715e-01
 3.02910e-01
 3.02910e-01
 3.02910e-01
 3.02910e-01
 3.02910e-01
 3.03030e-01
 3.03030e-01
 3.03030e-01
 3.03030e-01
 3.03030e-01
 3.24285e-01
 3.24285e-01
 3.24285e-01
 3.24285e-01
 3.24285e-01
 3.15942e-01
 3.15942e-01
 3.15942e-01
 3.15942e-01
 3.15942e-01
 3.09518e-01
 3.09518e-01
 3.09518e-01
 3.09518e-01
 3.09518e-01
 3.04950e-01
 3.04950e-01
 3.04950e-01
 3.04950e-01
 3.04950e-01
 3.02034e-01
 3.02034e-01
 3.02034e-01
 3.02034e-01
 3.02034e-01
 3.00446e-01
 3.00446e-01
 3.00446e-01
 3.00446e-01
 3.00446e-01
 2.99805e-01
 2.99805e-01
 2.99805e-01
 2.99805e-01
 2.99805e-01
 2.99705e-01
 2.99705e-01
 2.99705e-01
 2.99705e-01
 2.99705e-01
 2.99868e-01
 2.99868e-01
 2.99868e-01
 2.99868e-01
 2.99868e-01
 3.00184e-01
 3.00184e-01
 3.00184e-01
 3.00184e-01
 3.00184e-01
 3.00549e-01
 3.00549e-01
 3.00549e-01
 3.00549e-01
 3.00549e-01
 3.00836e-01
 3.00836e-01
 3.00836e-01
 3.00836e-01
 3.00836e-01
 3.01090e-01
 3.01090e-01
 3.01090e-01
 3.01090e-01
 3.01090e-01
 3.01352e-01
 3.01352e-01
 3.01352e-01
 3.01352e-01
 3.01352e-01
 3.01573e-01
 3.01573e-01
 3.01573e-01
 3.01573e-01
 3.01573e-01
 3.01769e-01
 3.01769e-01
 3.01769e-01
 3.01769e-01
 3.01769e-01
 3.01939e-01
 3.01939e-01
 3.01939e-01
 3.01939e-01
 3.01939e-01
 3.02319e-01
 3.02319e-01
 3.02319e-01
 3.02319e-01
 3.02319e-01
 3.02489e-01
 3.02489e-01
 3.02489e-01
 3.02489e-01
 3.02489e-01
 3.01858e-01
 3.01858e-01
 3.01858e-01
 3.01858e-01
 3.01858e-01
 3.02118e-01
 3.02118e-01
 3.02118e-01
 3.02118e-01
 3.02118e-01
 3.02445e-01
 3.02445e-01
 3.02445e-01
 3.02445e-01
 3.02445e-01
 3.02715e-01
 3.02715e-01
 3.02715e-01
 3.02715e-01
 3.02715e-01
 3.02910e-01
 3.02910e-01
 3.02910e-01
 3.02910e-01
 3.02910e-01
 3.03030e-01
 3.03030e-01
 3.03030e-01
 3.03030e-01
 3.03030e-01
 3.24285e-01
 3.24285e-01
 3.24285e-01
 3.24285e-01
 3.24285e-01
 3.15942e-01
 3.15942e-01
 3.15942e-01
 3.15942e-01
 3.15942e-01
 3.09518e-01
 3.09518e-01
 3.09518e-01
 3.09518e-01
 3.09518e-01
 3.04950e-01
 3.04950e-01
 3.04950e-01
 3.04950e-01
 3.04950e-01
 3.02034e-01
 3.02034e-01
 3.02034e-01
 3.02034e-01
 3.02034e-01
 3.00446e-01
 3.00446e-01
 3.00446e-01
 3.00446e-01
 3.00446e-01
 2.99805e-01
 2.99805e-01
 2.99805e-01
 2.99805e-01
 2.99805e-01
 2.99705e-01
 2.99705e-01
 2.99705e-01
 2.99705e-01
 2.99705e-01
 2.99868e-01
 2.99868e-01
 2.99868e-01
 2.99868e-01
 2.99868e-01
 3.00184e-01
 3.00184e-01
 3.00184e-01
 3.00184e-01
 3.00184e-01
 3.00549e-01
 3.00549e-01
 3.00549e-01
 3.00549e-01
 3.00549e-01
 3.00836e-01
 3.00836e-01
 3.00836e-01
 3.00836e-01
 3.00836e-01
 3.01090e-01
 3.01090e-01
 3.01090e-01
 3.01090e-01
 3.01090e-01
 3.01352e-01
 3.01352e-01
 3.01352e-01
 3.01352e-01
 3.01352e-01
 3.01573e-01
 3.01573e-01
 3.01573e-01
 3.01573e-01
 3.01573e-01
 3.01769e-01
 3.01769e-01
 3.01769e-01
 3.01769e-01
 3.01769e-01
 3.01939e-01
 3.01939e-01
 3.01939e-01
 3.01939e-01
 3.01939e-01
 3.02319e-01
 3.02319e-01
 3.02319e-01
 3.02319e-01
 3.02319e-01
 3.02489e-01
 3.02489e-01
 3.02489e-01
 3.02489e-01
 3.02489e-01
 3.01858e-01
 3.01858e-01
 3.01858e-01
 3.01858e-01
 3.01858e-01
 3.02118e-01
 3.02118e-01
 3.02118e-01
 3.02118e-01
 3.02118e-01
 3.02445e-01
 3.02445e-01
 3.02445e-01
 3.02445e-01
 3.02445e-01
 3.02715e-01
 3.02715e-01
 3.02715e-01
 3.02715e-01
 3.02715e-01
 3.02910e-01
 3.02910e-01
 3.02910e-01
 3.02910e-01
 3.02910e-01
 3.03030e-01
 3.03030e-01
 3.03030e-01
 3.03030e-01
 3.03030e-01
 3.24285e-01
 3.24285e-01
 3.24285e-01
 3.24285e-01
 3.24285e-01
 3.15942e-01
 3.15942e-01
 3.15942e-01
 3.15942e-01
 3.15942e-01
 3.09518e-01
 3.09518e-01
 3.09518e-01
 3.09518e-01
 3.09518e-01
 3.04950e-01
 3.04950e-01
 3.04950e-01
 3.04950e-01
 3.04950e-01
 3.02034e-01
 3.02034e-01
 3.02034e-01
 3.02034e-01
 3.02034e-01
 3.00446e-01
 3.00446e-01
 3.00446e-01
 3.00446e-01
 3.00446e-01
 2.99805e-01
 2.99805e-01
 2.99805e-01
 2.99805e-01
 2.99805e-01
 2.99705e-01
 2.99705e-01
 2.99705e-01
 2.99705e-01
 2.99705e-01
 2.99868e-01
 2.99868e-01
 2.99868e-01
 2.99868e-01
 2.99868e-01
 3.00184e-01
 3.00184e-01
 3.00184e-01
 3.00184e-01
 3.00184e-01
 3.00549e-01
 3.00549e-01
 3.00549e-01
 3.00549e-01
 3.00549e-01
 3.00836e-01
 3.00836e-01
 3.00836e-01
 3.00836e-01
 3.00836e-01
 3.01090e-01
 3.01090e-01
 3.01090e-01
 3.01090e-01
 3.01090e-01
 3.01352e-01
 3.01352e-01
 3.01352e-01
 3.01352e-01
 3.01352e-01
 3.01573e-01
 3.01573e-01
 3.01573e-01
 3.01573e-01
 3.01573e-01
 3.01769e-01
 3.01769e-01
 3.01769e-01
 3.01769e-01
 3.01769e-01
 3.01939e-01
 3.01939e-01
 3.01939e-01
 3.01939e-01
 3.01939e-01
 3.02319e-01
 3.02319e-01
 3.02319e-01
 3.02319e-01
 3.02319e-01
 3.02489e-01
 3.02489e-01
 3.02489e-01
 3.02489e-01
 3.02489e-01
 3.01858e-01
 3.01858e-01
 3.01858e-01
 3.01858e-01
 3.01858e-01
 3.02118e-01
 3.02118e-01
 3.02118e-01
 3.02118e-01
 3.02118e-01
 3.02445e-01
 3.02445e-01
 3.02445e-01
 3.02445e-01
 3.02445e-01
 3.02715e-01
 3.02715e-01
 3.02715e-01
 3.02715e-01
 3.02715e-01
 3.02910e-01
 3.02910e-01
 3.02910e-01
 3.02910e-01
 3.02910e-01
 3.03030e-01
 3.03030e-01
 3.03030e-01
 3.03030e-01
 3.03030e-01
part
         4
hexa8
 3.03058e-01
 3.03058e-01
 3.03058e-01
 3.03058e-01
 3.03058e-01
 3.02945e-01
 3.02945e-01
 3.02945e-01
 3.02945e-01
 3.02945e-01
 3.02556e-01
 3.02556e-01
 3.02556e-01
 3.02556e-01
 3.02556e-01
 3.01598e-01
 3.01598e-01
 3.01598e-01
 3.01598e-01
 3.01598e-01
 2.99504e-01
 2.99504e-01
 2.99504e-01
 2.99504e-01
 2.99504e-01
 2.95263e-01
 2.95263e-01
 2.95263e-01
 2.95263e-01
 2.95263e-01
 2.87255e-01
 2.87255e-01
 2.87255e-01
 2.87255e-01
 2.87255e-01
 2.73301e-01
 2.73301e-01
 2.73301e-01
 2.73301e-01
 2.73301e-01
 2.51334e-01
 2.51334e-01
 2.51334e-01
 2.51334e-01
 2.51334e-01
 2.21152e-01
 2.21152e-01
 2.21152e-01
 2.21152e-01
 2.21152e-01
 1.86110e-01
 1.86110e-01
 1.86110e-01
 1.86110e-01
 1.86110e-01
 1.52487e-01
 1.52487e-01
 1.52487e-01
 1.52487e-01
 1.52487e-01
 1.26668e-01
 1.26668e-01
 1.26668e-01
 1.26668e-01
 1.26668e-01
 1.11042e-01
 1.11042e-01
 1.11042e-01
 1.11042e-01
 1.11042e-01
 1.03646e-01
 1.03646e-01
 1.03646e-01
 1.03646e-01
 1.03646e-01
 1.01009e-01
 1.01009e-01
 1.01009e-01
 1.01009e-01
 1.01009e-01
 1.00256e-01
 1.00256e-01
 1.00256e-01
 1.00256e-01
 1.00256e-01
 1.00062e-01
 1.00062e-01
 1.00062e-01
 1.00062e-01
 1.00062e-01
 1.00015e-01
 1.00015e-01
 1.00015e-01
 1.00015e-01
 1.00015e-01
 1.00004e-01
 1.00004e-01
 1.00004e-01
 1.00004e-01
 1.00004e-01
 1.00001e-01
 1.00001e-01
 1.00001e-01
 1.00001e-01
 1.00001e-01
 1.00000e-01
 1.00000e-01
 1.00000e-01
 1.00000e-01
 1.00000e-01
 1.00000e-01
 1.00000e-01
 1.00000e-01
 1.00000e-01
 1.00000e-01
 1.00000e-01
 1.00000e-01
 1.00000e-01
 1.00000e-01
 1.00000e-01
 1.00000e-01
 1.00000e-01
 1.00000e-01
 1.00000e-01
 1.00000e-01
 3.03058e-01
 3.03058e-01
 3.03058e-01
 3.03058e-01
 3.03058e-01
 3.02945e-01
 3.02945e-01
 3.02945e-01
 3.02945e-01
 3.02945e-01
 3.02556e-01
 3.02556e-01
 3.02556e-01
 3.02556e-01
 3.02556e-01
 3.01598e-01
 3.01598e-01
 3.01598e-01
 3.01598e-01
 3.01598e-01
 2.99504e-01
 2.99504e-01
 2.99504e-01
 2.99504e-01
 2.99504e-01
 2.95263e-01
 2.95263e-01
 2.95263e-01
 2.95263e-01
 2.95263e-01
 2.87255e-01
 2.87255e-01
 2.87255e-01
 2.87255e-01
 2.87255e-01
 2.73301e-01
 2.73301e-01
 2.73301e-01
 2.73301e-01
 2.73301e-01
 2.51334e-01
 2.51334e-01
 2.51334e-01
 2.51334e-01
 2.51334e-01
 2.21152e-01
 2.21152e-01
 2.21152e-01
 2.21152e-01
 2.21152e-01
 1.86110e-01
 1.86110e-01
 1.86110e-01
 1.86110e-01
 1.86110e-01
 1.52487e-01
 1.52487e-01
 1.52487e-01
 1.52487e-01
 1.52487e-01
 1.26668e-01
 1.26668e-01
 1.26668e-01
 1.26668e-01
 1.26668e-01
 1.11042e-01
 1.11042e-01
 1.11042e-01
 1.11042e-01
 1.11042e-01
 1.03646e-01
 1.03646e-01
 1.03646e-01
 1.03646e-01
 1.03646e-01
 1.01009e-01
 1.01009e-01
 1.01009e-01
 1.01009e-01
 1.01009e-01
 1.00256e-01
 1.00256e-01
 1.00256e-01
 1.00256e-01
 1.00256e-01
 1.00062e-01
 1.00062e-01
 1.00062e-01
 1.00062e-01
 1.00062e-01
 1.00015e-01
 1.00015e-01
 1.00015e-01
 1.00015e-01
 1.00015e-01
 1.00004e-01
 1.00004e-01
 1.00004e-01
 1.00004e-01
 1.00004e-01
 1.00001e-01
 1.00001e-01
 1.00001e-01
 1.00001e-01
 1.00001e-01
 1.00000e-01
 1.00000e-01
 1.00000e-01
 1.00000e-01
 1.00000e-01
 1.00000e-01
 1.00000e-01
 1.00000e-01
 1.00000e-01
 1.00000e-01
 1.00000e-01
 1.00000e-01
 1.00000e-01
 1.00000e-01
 1.00000e-01
 1.00000e-01
 1.00000e-01
 1.00000e-01
 1.00000e-01
 1.00000e-01
 3.03058e-01
 3.03058e-01
 3.03058e-01
 3.03058e-01
 3.03058e-01
 3.02945e-01
 3.02945e-01
 3.02945e-01
 3.02945e-01
 3.02945e-01
 3.02556e-01
 3.02556e-01
 3.02556e-01
 3.02556e-01
 3.02556e-01
 3.01598e-01
 3.01598e-01
 3.01598e-01
 3.01598e-01
 3.01598e-01
 2.99504e-01
 2.99504e-01
 2.99504e-01
 2.99504e-01
 2.99504e-01
 2.95263e-01
 2.95263e-01
 2.95263e-01
 2.95263e-01
 2.95263e-01
 2.87255e-01
 2.87255e-01
 2.87255e-01
 2.87255e-01
 2.87255e-01
 2.73301e-01
 2.73301e-01
 2.73301e-01
 2.73301e-01
 2.73301e-01
 2.51334e-01
 2.51334e-01
 2.51334e-01
 2.51334e-01
 2.51334e-01
 2.21152e-01
 2.21152e-01
 2.21152e-01
 2.21152e-01
 2.21152e-01
 1.86110e-01
 1.86110e-01
 1.86110e-01
 1.86110e-01
 1.86110e-01
 1.52487e-01
 1.52487e-01
 1.52487e-01
 1.52487e-01
 1.52487e-01
 1.26668e-01
 1.26668e-01
 1.26668e-01
 1.26668e-01
 1.26668e-01
 1.11042e-01
 1.11042e-01
 1.11042e-01
 1.11042e-01
 1.11042e-01
 1.03646e-01
 1.03646e-01
 1.03646e-01
 1.03646e-01
 1.03646e-01
 1.01009e-01
 1.01009e-01
 1.01009e-01
 1.01009e-01
 1.01009e-01
 1.00256e-01
 1.00256e-01
 1.00256e-01
 1.00256e-01
 1.00256e-01
 1.00062e-01
 1.00062e-01
 1.00062e-01
 1.00062e-01
 1.00062e-01
 1.00015e-01
 1.00015e-01
 1.00015e-01
 1.00015e-01
 1.00015e-01
 1.00004e-01
 1.00004e-01
 1.00004e-01
 1.00004e-01
 1.00004e-01
 1.00001e-01
 1.00001e-01
 1.00001e-01
 1.00001e-01
 1.00001e-01
 1.00000e-01
 1.00000e-01
 1.00000e-01
 1.00000e-01
 1.00000e-01
 1.00000e-01
 1.00000e-01
 1.00000e-01
 1.00000e-01
 1.00000e-01
 1.00000e-01
 1.00000e-01
 1.00000e-01
 1.00000e-01
 1.00000e-01
 1.00000e-01
 1.00000e-01
 1.00000e-01
 1.00000e-01
 1.00000e-01
 3.03058e-01
 3.03058e-01
 3.03058e-01
 3.03058e-01
 3.03058e-01
 3.02945e-01
 3.02945e-01
 3.02945e-01
 3.02945e-01
 3.02945e-01
 3.02556e-01
 3.02556e-01
 3.02556e-01
 3.02556e-01
 3.02556e-01
 3.01598e-01
 3.01598e-01
 3.01598e-01
 3.01598e-01
 3.01598e-01
 2.99504e-01
 2.99504e-01
 2.99504e-01
 2.99504e-01
 2.99504e-01
 2.95263e-01
 2.95263e-01
 2.95263e-01
 2.95263e-01
 2.95263e-01
 2.87255e-01
 2.87255e-01
 2.87255e-01
 2.87255e-01
 2.87255e-01
 2.73301e-01
 2.73301e-01
 2.73301e-01
 2.73301e-01
 2.73301e-01
 2.51334e-01
 2.51334e-01
 2.51334e-01
 2.51334e-01
 2.51334e-01
 2.21152e-01
 2.21152e-01
 2.21152e-01
 2.21152e-01
 2.21152e-01
 1.86110e-01
 1.86110e-01
 1.86110e-01
 1.86110e-01
 1.86110e-01
 1.52487e-01
 1.52487e-01
 1.52487e-01
 1.52487e-01
 1.52487e-01
 1.26668e-01
 1.26668e-01
 1.26668e-01
 1.26668e-01
 1.26668e-01
 1.11042e-01
 1.11042e-01
 1.11042e-01
 1.11042e-01
 1.11042e-01
 1.03646e-01
 1.03646e-01
 1.03646e-01
 1.03646e-01
 1.03646e-01
 1.01009e-01
 1.01009e-01
 1.01009e-01
 1.01009e-01
 1.01009e-01
 1.00256e-01
 1.00256e-01
 1.00256e-01
 1.00256e-01
 1.00256e-01
 1.00062e-01
 1.00062e-01
 1.00062e-01
 1.00062e-01
 1.00062e-01
 1.00015e-01
 1.00015e-01
 1.00015e-01
 1.00015e-01
 1.00015e-01
 1.00004e-01
 1.00004e-01
 1.00004e-01
 1.00004e-01
 1.00004e-01
 1.00001e-01
 1.00001e-01
 1.00001e-01
 1.00001e-01
 1.00001e-01
 1.00000e-01
 1.00000e-01
 1.00000e-01
 1.00000e-01
 1.00000e-01
 1.00000e-01
 1.00000e-01
 1.00000e-01
 1.00000e-01
 1.00000e-01
 1.00000e-01
 1.00000e-01
 1.00000e-01
 1.00000e-01
 1.00000e-01
 1.00000e-01
 1.00000e-01
 1.00000e-01
 1.00000e-01
 1.00000e-01
 3.03058e-01
 3.03058e-01
 3.03058e-01
 3.03058e-01
 3.03058e-01
 3.02945e-01
 3.02945e-01
 3.02945e-01
 3.02945e-01
 3.02945e-01
 3.02556e-01
 3.02556e-01
 3.02556e-01
 3.02556e-01
 3.02556e-01
 3.01598e-01
 3.01598e-01
 3.01598e-01
 3.01598e-01
 3.01598e-01
 2.99504e-01
 2.99504e-01
 2.99504e-01
 2.99504e-01
 2.99504e-01
 2.95263e-01
 2.95263e-01
 2.95263e-01
 2.95263e-01
 2.95263e-01
 2.87255e-01
 2.87255e-01
 2.87255e-01
 2.87255e-01
 2.87255e-01
 2.73301e-01
 2.73301e-01
 2.73301e-01
 2.73301e-01
 2.73301e-01
 2.51334e-01
 2.51334e-01
 2.51334e-01
 2.51334e-01
 2.51334e-01
 2.21152e-01
 2.21152e-01
 2.21152e-01
 2.21152e-01
 2.21152e-01
 1.86110e-01
 1.86110e-01
 1.86110e-01
 1.86110e-01
 1.86110e-01
 1.52487e-01
 1.52487e-01
 1.52487e-01
 1.52487e-01
 1.52487e-01
 1.26668e-01
 1.26668e-01
 1.26668e-01
 1.26668e-01
 1.26668e-01
 1.11042e-01
 1.11042e-01
 1.11042e-01
 1.11042e-01
 1.11042e-01
 1.03646e-01
 1.03646e-01
 1.03646e-01
 1.03646e-01
 1.03646e-01
 1.01009e-01
 1.01009e-01
 1.01009e-01
 1.01009e-01
 1.01009e-01
 1.00256e-01
 1.00256e-01
 1.00256e-01
 1.00256e-01
 1.00256e-01
 1.00062e-01
 1.00062e-01
 1.00062e-01
 1.00062e-01
 1.00062e-01
 1.00015e-01
 1.00015e-01
 1.00015e-01
 1.00015e-01
 1.00015e-01
 1.00004e-01
 1.00004e-01
 1.00004e-01
 1.00004e-01
 1.00004e-01
 1.00001e-01
 1.00001e-01
 1.00001e-01
 1.00001e-01
 1.00001e-01
 1.00000e-01
 1.00000e-01
 1.00000e-01
 1.00000e-01
 1.00000e-01
 1.00000e-01
 1.00000e-01
 1.00000e-01
 1.00000e-01
 1.00000e-01
 1.00000e-01
 1.00000e-01
 1.00000e-01
 1.00000e-01
 1.00000e-01
 1.00000e-01
 1.00000e-01
 1.00000e-01
 1.00000e-01
 1.00000e-01
