PseudoViscosity
part
         1
hexa8
 9.87282e-16
 7.16439e-34
 0.00000e+00
 1.90804e-31
 9.87282e-16
 9.87282e-16
 1.20371e-31
 1.97456e-15
 9.87282e-16
 2.68433e-31
 1.97456e-15
 0.00000e+00
 1.99344e-31
 9.87282e-16
 1.97456e-15
 2.28339e-31
 1.04140e-47
 9.87282e-16
 9.87282e-16
 9.14353e-31
 0.00000e+00
 2.23608e-47
 2.72303e-32
 7.05230e-31
 5.90179e-48
 0.00000e+00
 6.93702e-32
 9.87282e-16
 1.97456e-15
 0.00000e+00
 3.33507e-48
 1.28754e-47
 0.00000e+00
 0.00000e+00
 0.00000e+00
 0.00000e+00
 1.74849e-31
 4.07432e-47
 0.00000e+00
 0.00000e+00
 0.00000e+00
 0.00000e+00
 1.14799e-64
 0.00000e+00
 0.00000e+00
 0.00000e+00
 0.00000e+00
 0.00000e+00
 0.00000e+00
 0.00000e+00
 0.00000e+00
 0.00000e+00
 0.00000e+00
 0.00000e+00
 0.00000e+00
 0.00000e+00
 0.00000e+00
 0.00000e+00
 0.00000e+00
 0.00000e+00
 0.00000e+00
 0.00000e+00
 0.00000e+00
 0.00000e+00
 0.00000e+00
 0.00000e+00
 0.00000e+00
 0.00000e+00
 0.00000e+00
 0.00000e+00
 0.00000e+00
 0.00000e+00
 0.00000e+00
 0.00000e+00
 0.00000e+00
 0.00000e+00
 0.00000e+00
 0.00000e+00
 0.00000e+00
 0.00000e+00
 0.00000e+00
 0.00000e+00
 0.00000e+00
 0.00000e+00
 0.00000e+00
 0.00000e+00
 0.00000e+00
 0.00000e+00
 0.00000e+00
 0.00000e+00
 0.00000e+00
 0.00000e+00
 0.00000e+00
 0.00000e+00
 0.00000e+00
 0.00000e+00
 0.00000e+00
 0.00000e+00
 0.00000e+00
 0.00000e+00
 0.00000e+00
 0.00000e+00
 0.00000e+00
 0.00000e+00
 0.00000e+00
 0.00000e+00
 0.00000e+00
 0.00000e+00
 0.00000e+00
 0.00000e+00
 0.00000e+00
 0.00000e+00
 0.00000e+00
 0.00000e+00
 0.00000e+00
 0.00000e+00
 0.00000e+00
 0.00000e+00
 0.00000e+00
 0.00000e+00
 0.00000e+00
 0.00000e+00
 0.00000e+00
 0.00000e+00
 0.00000e+00
 0.00000e+00
 0.00000e+00
 0.00000e+00
 0.00000e+00
 0.00000e+00
 0.00000e+00
 0.00000e+00
 0.00000e+00
 0.00000e+00
 0.00000e+00
 0.00000e+00
 0.00000e+00
 0.00000e+00
 0.00000e+00
 0.00000e+00
 0.00000e+00
 0.00000e+00
 0.00000e+00
 0.00000e+00
 0.00000e+00
 0.00000e+00
 0.00000e+00
 0.00000e+00
 0.00000e+00
 0.00000e+00
 0.00000e+00
 0.00000e+00
 0.00000e+00
 0.00000e+00
 0.00000e+00
 0.00000e+00
 0.00000e+00
 0.00000e+00
 0.00000e+00
 0.00000e+00
 0.00000e+00
 0.00000e+00
 0.00000e+00
 0.00000e+00
 0.00000e+00
 0.00000e+00
 0.00000e+00
 0.00000e+00
 0.00000e+00
 0.00000e+00
 0.00000e+00
 0.00000e+00
 0.00000e+00
 0.00000e+00
 0.00000e+00
 0.00000e+00
 0.00000e+00
 0.00000e+00
 0.00000e+00
 0.00000e+00
 0.00000e+00
 0.00000e+00
 0.00000e+00
 0.00000e+00
 0.00000e+00
 0.00000e+00
 0.00000e+00
 0.00000e+00
 0.00000e+00
 0.00000e+00
 0.00000e+00
 0.00000e+00
 0.00000e+00
 0.00000e+00
 0.00000e+00
 0.00000e+00
 0.00000e+00
 0.00000e+00
 0.00000e+00
 0.00000e+00
 0.00000e+00
 0.00000e+00
 0.00000e+00
 0.00000e+00
 0.00000e+00
 0.00000e+00
 0.00000e+00
 0.00000e+00
 0.00000e+00
 0.00000e+00
 0.00000e+00
 0.00000e+00
 0.00000e+00
 0.00000e+00
 0.00000e+00
 0.00000e+00
 0.00000e+00
 0.00000e+00
 0.00000e+00
 0.00000e+00
 0.00000e+00
 0.00000e+00
 0.00000e+00
 0.00000e+00
 0.00000e+00
 0.00000e+00
 0.00000e+00
 0.00000e+00
 0.00000e+00
 0.00000e+00
 0.00000e+00
 0.00000e+00
 0.00000e+00
 0.00000e+00
 0.00000e+00
 0.00000e+00
 0.00000e+00
 0.00000e+00
 0.00000e+00
 0.00000e+00
 0.00000e+00
 0.00000e+00
 0.00000e+00
 0.00000e+00
 0.00000e+00
 0.00000e+00
 0.00000e+00
 0.00000e+00
 0.00000e+00
 0.00000e+00
 0.00000e+00
 0.00000e+00
 0.00000e+00
 0.00000e+00
 0.00000e+00
 0.00000e+00
 0.00000e+00
 0.00000e+00
 0.00000e+00
 0.00000e+00
 0.00000e+00
 0.00000e+00
 0.00000e+00
 0.00000e+00
 0.00000e+00
 0.00000e+00
 0.00000e+00
 0.00000e+00
 0.00000e+00
 0.00000e+00
 3.63259e-13
 3.63259e-13
 3.63259e-13
 3.63259e-13
 3.63259e-13
 6.84371e-12
 6.84371e-12
 6.84371e-12
 6.84371e-12
 6.84371e-12
 5.18161e-11
 5.18161e-11
 5.18161e-11
 5.18161e-11
 5.18161e-11
 1.39649e-10
 1.39649e-10
 1.39649e-10
 1.39649e-10
 1.39649e-10
 4.39621e-10
 4.39621e-10
 4.39621e-10
 4.39621e-10
 4.39621e-10
 6.97260e-09
 6.97260e-09
 6.97260e-09
 6.97260e-09
 6.97260e-09
 2.07922e-08
 2.07922e-08
 2.07922e-08
 2.07922e-08
 2.07922e-08
 1.83055e-08
 1.83055e-08
 1.83055e-08
 1.83055e-08
 1.83055e-08
 2.68261e-09
 2.68261e-09
 2.68261e-09
 2.68261e-09
 2.68261e-09
 0.00000e+00
 0.00000e+00
 0.00000e+00
 0.00000e+00
 0.00000e+00
 1.11620e-06
 1.11620e-06
 1.11620e-06
 1.11620e-06
 1.11620e-06
 4.88113e-06
 4.88113e-06
 4.88113e-06
 4.88113e-06
 4.88113e-06
 4.96447e-06
 4.96447e-06
 4.96447e-06
 4.96447e-06
 4.96447e-06
 8.56443e-07
 8.56443e-07
 8.56443e-07
 8.56443e-07
 8.56443e-07
 0.00000e+00
 0.00000e+00
 0.00000e+00
 0.00000e+00
 0.00000e+00
 7.07436e-06
 7.07436e-06
 7.07436e-06
 7.07436e-06
 7.07436e-06
 4.70801e-05
 4.70801e-05
 4.70801e-05
 4.70801e-05
 4.70801e-05
 7.96370e-05
 7.96370e-05
 7.96370e-05
 7.96370e-05
 7.96370e-05
 4.30573e-05
 4.30573e-05
 4.30573e-05
 4.30573e-05
 4.30573e-05
 2.93116e-06
 2.93116e-06
 2.93116e-06
 2.93116e-06
 2.93116e-06
 0.00000e+00
 0.00000e+00
 0.00000e+00
 0.00000e+00
 0.00000e+00
 2.06246e-05
 2.06246e-05
 2.06246e-05
 2.06246e-05
 2.06246e-05
 8.14279e-05
 8.14279e-05
 8.14279e-05
 8.14279e-05
 8.14279e-05
 2.00705e-04
 2.00705e-04
 2.00705e-04
 2.00705e-04
 2.00705e-04
 4.99286e-04
 4.99286e-04
 4.99286e-04
 4.99286e-04
 4.99286e-04
 1.22409e-03
 1.22409e-03
 1.22409e-03
 1.22409e-03
 1.22409e-03
 2.83302e-03
 2.83302e-03
 2.83302e-03
 2.83302e-03
 2.83302e-03
 6.15275e-03
 6.15275e-03
 6.15275e-03
 6.15275e-03
 6.15275e-03
 1.29059e-02
 1.29059e-02
 1.29059e-02
 1.29059e-02
 1.29059e-02
 2.27286e-02
 2.27286e-02
 2.27286e-02
 2.27286e-02
 2.27286e-02
 3.52642e-02
 3.52642e-02
 3.52642e-02
 3.52642e-02
 3.52642e-02
 4.36195e-02
 4.36195e-02
 4.36195e-02
 4.36195e-02
 4.36195e-02
 3.92088e-02
 3.92088e-02
 3.92088e-02
 3.92088e-02
 3.92088e-02
 2.61075e-02
 2.61075e-02
 2.61075e-02
 2.61075e-02
 2.61075e-02
 1.24891e-02
 1.24891e-02
 1.24891e-02
 1.24891e-02
 1.24891e-02
 4.33653e-03
 4.33653e-03
 4.33653e-03
 4.33653e-03
 4.33653e-03
 1.23116e-03
 1.23116e-03
 1.23116e-03
 1.23116e-03
 1.23116e-03
 3.22644e-04
 3.22644e-04
 3.22644e-04
 3.22644e-04
 3.22644e-04
 8.21332e-05
 8.21332e-05
 8.21332e-05
 8.21332e-05
 8.21332e-05
 2.05901e-05
 2.05901e-05
 2.05901e-05
 2.05901e-05
 2.05901e-05
 5.09241e-06
 5.09241e-06
 5.09241e-06
 5.09241e-06
 5.09241e-06
 1.24079e-06
 1.24079e-06
 1.24079e-06
 1.24079e-06
 1.24079e-06
 2.97210e-07
 2.97210e-07
 2.97210e-07
 2.97210e-07
 2.97210e-07
 6.98683e-08
 6.98683e-08
 6.98683e-08
 6.98683e-08
 6.98683e-08
 1.62347e-08
 1.62347e-08
 1.62347e-08
 1.62347e-08
 1.62347e-08
 4.40520e-09
 4.40520e-09
 4.40520e-09
 4.40520e-09
 4.40520e-09
 9.87282e-16
 2.42731e-50
 1.71453e-48
 1.56722e-47
 3.82177e-47
 9.87282e-16
 2.02824e-47
 5.55608e-32
 8.70409e-32
 2.20898e-47
 1.06508e-32
 1.23342e-31
 9.87282e-16
 8.20299e-31
 1.97456e-15
 1.97456e-15
 2.58979e-31
 5.96346e-32
 1.97456e-15
 9.15562e-31
 3.36772e-31
 2.41844e-31
 1.29864e-31
 1.09470e-31
 9.87282e-16
 1.97456e-15
 9.87282e-16
 9.87282e-16
 3.66082e-31
 3.09129e-31
 1.94816e-31
 3.56707e-31
 0.00000e+00
 0.00000e+00
 0.00000e+00
 1.83623e-46
 9.87282e-16
 1.76592e-31
 0.00000e+00
 0.00000e+00
 8.31250e-32
 8.09525e-32
 9.69361e-48
 0.00000e+00
 2.25838e-31
 0.00000e+00
 0.00000e+00
 0.00000e+00
 0.00000e+00
 2.72846e-46
 0.00000e+00
 0.00000e+00
 0.00000e+00
 0.00000e+00
 0.00000e+00
 0.00000e+00
 0.00000e+00
 0.00000e+00
 0.00000e+00
 0.00000e+00
 0.00000e+00
 0.00000e+00
 0.00000e+00
 0.00000e+00
 0.00000e+00
 0.00000e+00
 0.00000e+00
 0.00000e+00
 0.00000e+00
 0.00000e+00
 0.00000e+00
 0.00000e+00
 0.00000e+00
 0.00000e+00
 0.00000e+00
 0.00000e+00
 0.00000e+00
 0.00000e+00
 0.00000e+00
 0.00000e+00
 0.00000e+00
 0.00000e+00
 0.00000e+00
 0.00000e+00
 0.00000e+00
 0.00000e+00
 0.00000e+00
 0.00000e+00
 0.00000e+00
 0.00000e+00
 0.00000e+00
 0.00000e+00
 0.00000e+00
 0.00000e+00
 0.00000e+00
 0.00000e+00
 0.00000e+00
 0.00000e+00
 0.00000e+00
 0.00000e+00
 0.00000e+00
 0.00000e+00
 0.00000e+00
 0.00000e+00
 0.00000e+00
 0.00000e+00
 0.00000e+00
 0.00000e+00
 0.00000e+00
 0.00000e+00
 0.00000e+00
 0.00000e+00
 0.00000e+00
 0.00000e+00
 0.00000e+00
 0.00000e+00
 0.00000e+00
 0.00000e+00
 0.00000e+00
 0.00000e+00
 0.00000e+00
 0.00000e+00
 0.00000e+00
 0.00000e+00
 0.00000e+00
 0.00000e+00
 0.00000e+00
 0.00000e+00
 0.00000e+00
 0.00000e+00
 0.00000e+00
 0.00000e+00
 0.00000e+00
 0.00000e+00
 0.00000e+00
 0.00000e+00
 0.00000e+00
 0.00000e+00
 0.00000e+00
 0.00000e+00
 0.00000e+00
 0.00000e+00
 0.00000e+00
 0.00000e+00
 0.00000e+00
 0.00000e+00
 0.00000e+00
 0.00000e+00
 0.00000e+00
 0.00000e+00
 0.00000e+00
 0.00000e+00
 0.00000e+00
 0.00000e+00
 0.00000e+00
 0.00000e+00
 0.00000e+00
 0.00000e+00
 0.00000e+00
 0.00000e+00
 0.00000e+00
 0.00000e+00
 0.00000e+00
 0.00000e+00
 0.00000e+00
 0.00000e+00
 0.00000e+00
 0.00000e+00
 0.00000e+00
 0.00000e+00
 0.00000e+00
 0.00000e+00
 0.00000e+00
 0.00000e+00
 0.00000e+00
 0.00000e+00
 0.00000e+00
 0.00000e+00
 0.00000e+00
 0.00000e+00
 0.00000e+00
 0.00000e+00
 0.00000e+00
 0.00000e+00
 0.00000e+00
 0.00000e+00
 0.00000e+00
 0.00000e+00
 0.00000e+00
 0.00000e+00
 0.00000e+00
 0.00000e+00
 0.00000e+00
 0.00000e+00
 0.00000e+00
 0.00000e+00
 0.00000e+00
 0.00000e+00
 0.00000e+00
 0.00000e+00
 0.00000e+00
 0.00000e+00
 0.00000e+00
 0.00000e+00
 0.00000e+00
 0.00000e+00
 0.00000e+00
 0.00000e+00
 0.00000e+00
 0.00000e+00
 0.00000e+00
 0.00000e+00
 0.00000e+00
 0.00000e+00
 0.00000e+00
 0.00000e+00
 0.00000e+00
 0.00000e+00
 0.00000e+00
 0.00000e+00
 0.00000e+00
 0.00000e+00
 0.00000e+00
 0.00000e+00
 0.00000e+00
 0.00000e+00
 0.00000e+00
 0.00000e+00
 0.00000e+00
 0.00000e+00
 0.00000e+00
 0.00000e+00
 0.00000e+00
 0.00000e+00
 0.00000e+00
 0.00000e+00
 0.00000e+00
 0.00000e+00
 0.00000e+00
 0.00000e+00
 0.00000e+00
 0.00000e+00
 0.00000e+00
 0.00000e+00
 0.00000e+00
 0.00000e+00
 0.00000e+00
 0.00000e+00
 0.00000e+00
 0.00000e+00
 0.00000e+00
 0.00000e+00
 0.00000e+00
 0.00000e+00
 0.00000e+00
 0.00000e+00
 0.00000e+00
 0.00000e+00
 0.00000e+00
 0.00000e+00
 0.00000e+00
 0.00000e+00
 0.00000e+00
 0.00000e+00
 0.00000e+00
 0.00000e+00
 0.00000e+00
 0.00000e+00
 0.00000e+00
 0.00000e+00
 3.63259e-13
 3.63259e-13
 3.63259e-13
 3.63259e-13
 3.63259e-13
 6.84371e-12
 6.84371e-12
 6.84371e-12
 6.84371e-12
 6.84371e-12
 5.18161e-11
 5.18161e-11
 5.18161e-11
 5.18161e-11
 5.18161e-11
 1.39649e-10
 1.39649e-10
 1.39649e-10
 1.39649e-10
 1.39649e-10
 4.39621e-10
 4.39621e-10
 4.39621e-10
 4.39621e-10
 4.39621e-10
 6.97260e-09
 6.97260e-09
 6.97260e-09
 6.97260e-09
 6.97260e-09
 2.07922e-08
 2.07922e-08
 2.07922e-08
 2.07922e-08
 2.07922e-08
 1.83055e-08
 1.83055e-08
 1.83055e-08
 1.83055e-08
 1.83055e-08
 2.68261e-09
 2.68261e-09
 2.68261e-09
 2.68261e-09
 2.68261e-09
 0.00000e+00
 0.00000e+00
 0.00000e+00
 0.00000e+00
 0.00000e+00
 1.11620e-06
 1.11620e-06
 1.11620e-06
 1.11620e-06
 1.11620e-06
 4.88113e-06
 4.88113e-06
 4.88113e-06
 4.88113e-06
 4.88113e-06
 4.96447e-06
 4.96447e-06
 4.96447e-06
 4.96447e-06
 4.96447e-06
 8.56443e-07
 8.56443e-07
 8.56443e-07
 8.56443e-07
 8.56443e-07
 0.00000e+00
 0.00000e+00
 0.00000e+00
 0.00000e+00
 0.00000e+00
 7.07436e-06
 7.07436e-06
 7.07436e-06
 7.07436e-06
 7.07436e-06
 4.70801e-05
 4.70801e-05
 4.70801e-05
 4.70801e-05
 4.70801e-05
 7.96370e-05
 7.96370e-05
 7.96370e-05
 7.96370e-05
 7.96370e-05
 4.30573e-05
 4.30573e-05
 4.30573e-05
 4.30573e-05
 4.30573e-05
 2.93116e-06
 2.93116e-06
 2.93116e-06
 2.93116e-06
 2.93116e-06
 0.00000e+00
 0.00000e+00
 0.00000e+00
 0.00000e+00
 0.00000e+00
 2.06246e-05
 2.06246e-05
 2.06246e-05
 2.06246e-05
 2.06246e-05
 8.14279e-05
 8.14279e-05
 8.14279e-05
 8.14279e-05
 8.14279e-05
 2.00705e-04
 2.00705e-04
 2.00705e-04
 2.00705e-04
 2.00705e-04
 4.99286e-04
 4.99286e-04
 4.99286e-04
 4.99286e-04
 4.99286e-04
 1.22409e-03
 1.22409e-03
 1.22409e-03
 1.22409e-03
 1.22409e-03
 2.83302e-03
 2.83302e-03
 2.83302e-03
 2.83302e-03
 2.83302e-03
 6.15275e-03
 6.15275e-03
 6.15275e-03
 6.15275e-03
 6.15275e-03
 1.29059e-02
 1.29059e-02
 1.29059e-02
 1.29059e-02
 1.29059e-02
 2.27286e-02
 2.27286e-02
 2.27286e-02
 2.27286e-02
 2.27286e-02
 3.52642e-02
 3.52642e-02
 3.52642e-02
 3.52642e-02
 3.52642e-02
 4.36195e-02
 4.36195e-02
 4.36195e-02
 4.36195e-02
 4.36195e-02
 3.92088e-02
 3.92088e-02
 3.92088e-02
 3.92088e-02
 3.92088e-02
 2.61075e-02
 2.61075e-02
 2.61075e-02
 2.61075e-02
 2.61075e-02
 1.24891e-02
 1.24891e-02
 1.24891e-02
 1.24891e-02
 1.24891e-02
 4.33653e-03
 4.33653e-03
 4.33653e-03
 4.33653e-03
 4.33653e-03
 1.23116e-03
 1.23116e-03
 1.23116e-03
 1.23116e-03
 1.23116e-03
 3.22644e-04
 3.22644e-04
 3.22644e-04
 3.22644e-04
 3.22644e-04
 8.21332e-05
 8.21332e-05
 8.21332e-05
 8.21332e-05
 8.21332e-05
 2.05901e-05
 2.05901e-05
 2.05901e-05
 2.05901e-05
 2.05901e-05
 5.09241e-06
 5.09241e-06
 5.09241e-06
 5.09241e-06
 5.09241e-06
 1.24079e-06
 1.24079e-06
 1.24079e-06
 1.24079e-06
 1.24079e-06
 2.97210e-07
 2.97210e-07
 2.97210e-07
 2.97210e-07
 2.97210e-07
 6.98683e-08
 6.98683e-08
 6.98683e-08
 6.98683e-08
 6.98683e-08
 1.62347e-08
 1.62347e-08
 1.62347e-08
 1.62347e-08
 1.62347e-08
 4.40520e-09
 4.40520e-09
 4.40520e-09
 4.40520e-09
 4.40520e-09
 1.97456e-15
 6.85537e-32
 1.73483e-31
 1.97456e-15
 8.46774e-31
 1.97456e-15
 1.90067e-31
 1.97456e-15
 1.97456e-15
 2.73640e-31
 0.00000e+00
 2.18695e-31
 1.68883e-31
 9.87282e-16
 7.67201e-32
 1.02424e-47
 9.87282e-16
 3.52428e-31
 3.94913e-15
 1.07891e-30
 2.25878e-31
 9.87282e-16
 2.30230e-31
 4.49816e-31
 3.01603e-46
 9.87282e-16
 9.87282e-16
 9.87282e-16
 9.87282e-16
 0.00000e+00
 9.87282e-16
 2.48808e-31
 5.68376e-48
 0.00000e+00
 1.68508e-32
 8.13875e-31
 3.04880e-31
 1.89488e-47
 0.00000e+00
 3.57448e-47
 1.97456e-15
 0.00000e+00
 5.66909e-65
 0.00000e+00
 9.87282e-16
 9.97083e-31
 0.00000e+00
 0.00000e+00
 0.00000e+00
 1.71552e-30
 0.00000e+00
 0.00000e+00
 0.00000e+00
 0.00000e+00
 0.00000e+00
 0.00000e+00
 0.00000e+00
 0.00000e+00
 0.00000e+00
 0.00000e+00
 0.00000e+00
 0.00000e+00
 0.00000e+00
 0.00000e+00
 0.00000e+00
 0.00000e+00
 0.00000e+00
 0.00000e+00
 0.00000e+00
 0.00000e+00
 0.00000e+00
 0.00000e+00
 0.00000e+00
 0.00000e+00
 0.00000e+00
 0.00000e+00
 0.00000e+00
 0.00000e+00
 0.00000e+00
 0.00000e+00
 0.00000e+00
 0.00000e+00
 0.00000e+00
 0.00000e+00
 0.00000e+00
 0.00000e+00
 0.00000e+00
 0.00000e+00
 0.00000e+00
 0.00000e+00
 0.00000e+00
 0.00000e+00
 0.00000e+00
 0.00000e+00
 0.00000e+00
 0.00000e+00
 0.00000e+00
 0.00000e+00
 0.00000e+00
 0.00000e+00
 0.00000e+00
 0.00000e+00
 0.00000e+00
 0.00000e+00
 0.00000e+00
 0.00000e+00
 0.00000e+00
 0.00000e+00
 0.00000e+00
 0.00000e+00
 0.00000e+00
 0.00000e+00
 0.00000e+00
 0.00000e+00
 0.00000e+00
 0.00000e+00
 0.00000e+00
 0.00000e+00
 0.00000e+00
 0.00000e+00
 0.00000e+00
 0.00000e+00
 0.00000e+00
 0.00000e+00
 0.00000e+00
 0.00000e+00
 0.00000e+00
 0.00000e+00
 0.00000e+00
 0.00000e+00
 0.00000e+00
 0.00000e+00
 0.00000e+00
 0.00000e+00
 0.00000e+00
 0.00000e+00
 0.00000e+00
 0.00000e+00
 0.00000e+00
 0.00000e+00
 0.00000e+00
 0.00000e+00
 0.00000e+00
 0.00000e+00
 0.00000e+00
 0.00000e+00
 0.00000e+00
 0.00000e+00
 0.00000e+00
 0.00000e+00
 0.00000e+00
 0.00000e+00
 0.00000e+00
 0.00000e+00
 0.00000e+00
 0.00000e+00
 0.00000e+00
 0.00000e+00
 0.00000e+00
 0.00000e+00
 0.00000e+00
 0.00000e+00
 0.00000e+00
 0.00000e+00
 0.00000e+00
 0.00000e+00
 0.00000e+00
 0.00000e+00
 0.00000e+00
 0.00000e+00
 0.00000e+00
 0.00000e+00
 0.00000e+00
 0.00000e+00
 0.00000e+00
 0.00000e+00
 0.00000e+00
 0.00000e+00
 0.00000e+00
 0.00000e+00
 0.00000e+00
 0.00000e+00
 0.00000e+00
 0.00000e+00
 0.00000e+00
 0.00000e+00
 0.00000e+00
 0.00000e+00
 0.00000e+00
 0.00000e+00
 0.00000e+00
 0.00000e+00
 0.00000e+00
 0.00000e+00
 0.00000e+00
 0.00000e+00
 0.00000e+00
 0.00000e+00
 0.00000e+00
 0.00000e+00
 0.00000e+00
 0.00000e+00
 0.00000e+00
 0.00000e+00
 0.00000e+00
 0.00000e+00
 0.00000e+00
 0.00000e+00
 0.00000e+00
 0.00000e+00
 0.00000e+00
 0.00000e+00
 0.00000e+00
 0.00000e+00
 0.00000e+00
 0.00000e+00
 0.00000e+00
 0.00000e+00
 0.00000e+00
 0.00000e+00
 0.00000e+00
 0.00000e+00
 0.00000e+00
 0.00000e+00
 0.00000e+00
 0.00000e+00
 0.00000e+00
 0.00000e+00
 0.00000e+00
 0.00000e+00
 0.00000e+00
 0.00000e+00
 0.00000e+00
 0.00000e+00
 0.00000e+00
 0.00000e+00
 0.00000e+00
 0.00000e+00
 0.00000e+00
 0.00000e+00
 0.00000e+00
 0.00000e+00
 0.00000e+00
 0.00000e+00
 0.00000e+00
 0.00000e+00
 0.00000e+00
 0.00000e+00
 0.00000e+00
 0.00000e+00
 0.00000e+00
 0.00000e+00
 0.00000e+00
 0.00000e+00
 0.00000e+00
 0.00000e+00
 0.00000e+00
 0.00000e+00
 0.00000e+00
 0.00000e+00
 0.00000e+00
 0.00000e+00
 0.00000e+00
 0.00000e+00
 0.00000e+00
 0.00000e+00
 0.00000e+00
 0.00000e+00
 0.00000e+00
 0.00000e+00
 3.63259e-13
 3.63259e-13
 3.63259e-13
 3.63259e-13
 3.63259e-13
 6.84371e-12
 6.84371e-12
 6.84371e-12
 6.84371e-12
 6.84371e-12
 5.18161e-11
 5.18161e-11
 5.18161e-11
 5.18161e-11
 5.18161e-11
 1.39649e-10
 1.39649e-10
 1.39649e-10
 1.39649e-10
 1.39649e-10
 4.39621e-10
 4.39621e-10
 4.39621e-10
 4.39621e-10
 4.39621e-10
 6.97260e-09
 6.97260e-09
 6.97260e-09
 6.97260e-09
 6.97260e-09
 2.07922e-08
 2.07922e-08
 2.07922e-08
 2.07922e-08
 2.07922e-08
 1.83055e-08
 1.83055e-08
 1.83055e-08
 1.83055e-08
 1.83055e-08
 2.68261e-09
 2.68261e-09
 2.68261e-09
 2.68261e-09
 2.68261e-09
 0.00000e+00
 0.00000e+00
 0.00000e+00
 0.00000e+00
 0.00000e+00
 1.11620e-06
 1.11620e-06
 1.11620e-06
 1.11620e-06
 1.11620e-06
 4.88113e-06
 4.88113e-06
 4.88113e-06
 4.88113e-06
 4.88113e-06
 4.96447e-06
 4.96447e-06
 4.96447e-06
 4.96447e-06
 4.96447e-06
 8.56443e-07
 8.56443e-07
 8.56443e-07
 8.56443e-07
 8.56443e-07
 0.00000e+00
 0.00000e+00
 0.00000e+00
 0.00000e+00
 0.00000e+00
 7.07436e-06
 7.07436e-06
 7.07436e-06
 7.07436e-06
 7.07436e-06
 4.70801e-05
 4.70801e-05
 4.70801e-05
 4.70801e-05
 4.70801e-05
 7.96370e-05
 7.96370e-05
 7.96370e-05
 7.96370e-05
 7.96370e-05
 4.30573e-05
 4.30573e-05
 4.30573e-05
 4.30573e-05
 4.30573e-05
 2.93116e-06
 2.93116e-06
 2.93116e-06
 2.93116e-06
 2.93116e-06
 0.00000e+00
 0.00000e+00
 0.00000e+00
 0.00000e+00
 0.00000e+00
 2.06246e-05
 2.06246e-05
 2.06246e-05
 2.06246e-05
 2.06246e-05
 8.14279e-05
 8.14279e-05
 8.14279e-05
 8.14279e-05
 8.14279e-05
 2.00705e-04
 2.00705e-04
 2.00705e-04
 2.00705e-04
 2.00705e-04
 4.99286e-04
 4.99286e-04
 4.99286e-04
 4.99286e-04
 4.99286e-04
 1.22409e-03
 1.22409e-03
 1.22409e-03
 1.22409e-03
 1.22409e-03
 2.83302e-03
 2.83302e-03
 2.83302e-03
 2.83302e-03
 2.83302e-03
 6.15275e-03
 6.15275e-03
 6.15275e-03
 6.15275e-03
 6.15275e-03
 1.29059e-02
 1.29059e-02
 1.29059e-02
 1.29059e-02
 1.29059e-02
 2.27286e-02
 2.27286e-02
 2.27286e-02
 2.27286e-02
 2.27286e-02
 3.52642e-02
 3.52642e-02
 3.52642e-02
 3.52642e-02
 3.52642e-02
 4.36195e-02
 4.36195e-02
 4.36195e-02
 4.36195e-02
 4.36195e-02
 3.92088e-02
 3.92088e-02
 3.92088e-02
 3.92088e-02
 3.92088e-02
 2.61075e-02
 2.61075e-02
 2.61075e-02
 2.61075e-02
 2.61075e-02
 1.24891e-02
 1.24891e-02
 1.24891e-02
 1.24891e-02
 1.24891e-02
 4.33653e-03
 4.33653e-03
 4.33653e-03
 4.33653e-03
 4.33653e-03
 1.23116e-03
 1.23116e-03
 1.23116e-03
 1.23116e-03
 1.23116e-03
 3.22644e-04
 3.22644e-04
 3.22644e-04
 3.22644e-04
 3.22644e-04
 8.21332e-05
 8.21332e-05
 8.21332e-05
 8.21332e-05
 8.21332e-05
 2.05901e-05
 2.05901e-05
 2.05901e-05
 2.05901e-05
 2.05901e-05
 5.09241e-06
 5.09241e-06
 5.09241e-06
 5.09241e-06
 5.09241e-06
 1.24079e-06
 1.24079e-06
 1.24079e-06
 1.24079e-06
 1.24079e-06
 2.97210e-07
 2.97210e-07
 2.97210e-07
 2.97210e-07
 2.97210e-07
 6.98683e-08
 6.98683e-08
 6.98683e-08
 6.98683e-08
 6.98683e-08
 1.62347e-08
 1.62347e-08
 1.62347e-08
 1.62347e-08
 1.62347e-08
 4.40520e-09
 4.40520e-09
 4.40520e-09
 4.40520e-09
 4.40520e-09
 2.21855e-31
 9.35244e-32
 9.87282e-16
 1.63496e-32
 1.97456e-15
 2.91091e-31
 8.75120e-31
 1.97456e-15
 3.86038e-31
 5.32023e-31
 9.87282e-16
 1.97456e-15
 2.87527e-31
 9.87282e-16
 1.08985e-31
 4.12361e-47
 6.13332e-47
 1.97456e-15
 1.97456e-15
 3.94913e-15
 1.91783e-47
 1.25219e-31
 1.20434e-47
 7.02218e-47
 1.33987e-30
 5.36165e-32
 3.68835e-31
 6.40810e-32
 1.60616e-30
 2.16462e-47
 1.14064e-31
 9.87282e-16
 3.06330e-31
 2.96185e-15
 9.87282e-16
 1.76262e-46
 9.87282e-16
 1.32506e-31
 0.00000e+00
 2.77905e-31
 1.06081e-31
 0.00000e+00
 3.64955e-48
 0.00000e+00
 0.00000e+00
 7.51117e-47
 0.00000e+00
 0.00000e+00
 0.00000e+00
 0.00000e+00
 0.00000e+00
 0.00000e+00
 0.00000e+00
 0.00000e+00
 0.00000e+00
 0.00000e+00
 0.00000e+00
 0.00000e+00
 0.00000e+00
 0.00000e+00
 0.00000e+00
 0.00000e+00
 0.00000e+00
 0.00000e+00
 0.00000e+00
 0.00000e+00
 0.00000e+00
 0.00000e+00
 0.00000e+00
 0.00000e+00
 0.00000e+00
 0.00000e+00
 0.00000e+00
 0.00000e+00
 0.00000e+00
 0.00000e+00
 0.00000e+00
 0.00000e+00
 0.00000e+00
 0.00000e+00
 0.00000e+00
 0.00000e+00
 0.00000e+00
 0.00000e+00
 0.00000e+00
 0.00000e+00
 0.00000e+00
 0.00000e+00
 0.00000e+00
 0.00000e+00
 0.00000e+00
 0.00000e+00
 0.00000e+00
 0.00000e+00
 0.00000e+00
 0.00000e+00
 0.00000e+00
 0.00000e+00
 0.00000e+00
 0.00000e+00
 0.00000e+00
 0.00000e+00
 0.00000e+00
 0.00000e+00
 0.00000e+00
 0.00000e+00
 0.00000e+00
 0.00000e+00
 0.00000e+00
 0.00000e+00
 0.00000e+00
 0.00000e+00
 0.00000e+00
 0.00000e+00
 0.00000e+00
 0.00000e+00
 0.00000e+00
 0.00000e+00
 0.00000e+00
 0.00000e+00
 0.00000e+00
 0.00000e+00
 0.00000e+00
 0.00000e+00
 0.00000e+00
 0.00000e+00
 0.00000e+00
 0.00000e+00
 0.00000e+00
 0.00000e+00
 0.00000e+00
 0.00000e+00
 0.00000e+00
 0.00000e+00
 0.00000e+00
 0.00000e+00
 0.00000e+00
 0.00000e+00
 0.00000e+00
 0.00000e+00
 0.00000e+00
 0.00000e+00
 0.00000e+00
 0.00000e+00
 0.00000e+00
 0.00000e+00
 0.00000e+00
 0.00000e+00
 0.00000e+00
 0.00000e+00
 0.00000e+00
 0.00000e+00
 0.00000e+00
 0.00000e+00
 0.00000e+00
 0.00000e+00
 0.00000e+00
 0.00000e+00
 0.00000e+00
 0.00000e+00
 0.00000e+00
 0.00000e+00
 0.00000e+00
 0.00000e+00
 0.00000e+00
 0.00000e+00
 0.00000e+00
 0.00000e+00
 0.00000e+00
 0.00000e+00
 0.00000e+00
 0.00000e+00
 0.00000e+00
 0.00000e+00
 0.00000e+00
 0.00000e+00
 0.00000e+00
 0.00000e+00
 0.00000e+00
 0.00000e+00
 0.00000e+00
 0.00000e+00
 0.00000e+00
 0.00000e+00
 0.00000e+00
 0.00000e+00
 0.00000e+00
 0.00000e+00
 0.00000e+00
 0.00000e+00
 0.00000e+00
 0.00000e+00
 0.00000e+00
 0.00000e+00
 0.00000e+00
 0.00000e+00
 0.00000e+00
 0.00000e+00
 0.00000e+00
 0.00000e+00
 0.00000e+00
 0.00000e+00
 0.00000e+00
 0.00000e+00
 0.00000e+00
 0.00000e+00
 0.00000e+00
 0.00000e+00
 0.00000e+00
 0.00000e+00
 0.00000e+00
 0.00000e+00
 0.00000e+00
 0.00000e+00
 0.00000e+00
 0.00000e+00
 0.00000e+00
 0.00000e+00
 0.00000e+00
 0.00000e+00
 0.00000e+00
 0.00000e+00
 0.00000e+00
 0.00000e+00
 0.00000e+00
 0.00000e+00
 0.00000e+00
 0.00000e+00
 0.00000e+00
 0.00000e+00
 0.00000e+00
 0.00000e+00
 0.00000e+00
 0.00000e+00
 0.00000e+00
 0.00000e+00
 0.00000e+00
 0.00000e+00
 0.00000e+00
 0.00000e+00
 0.00000e+00
 0.00000e+00
 0.00000e+00
 0.00000e+00
 0.00000e+00
 0.00000e+00
 0.00000e+00
 0.00000e+00
 0.00000e+00
 0.00000e+00
 0.00000e+00
 0.00000e+00
 0.00000e+00
 0.00000e+00
 0.00000e+00
 0.00000e+00
 0.00000e+00
 0.00000e+00
 0.00000e+00
 0.00000e+00
 0.00000e+00
 0.00000e+00
 0.00000e+00
 0.00000e+00
 0.00000e+00
 0.00000e+00
 0.00000e+00
 0.00000e+00
 0.00000e+00
 0.00000e+00
 3.63259e-13
 3.63259e-13
 3.63259e-13
 3.63259e-13
 3.63259e-13
 6.84371e-12
 6.84371e-12
 6.84371e-12
 6.84371e-12
 6.84371e-12
 5.18161e-11
 5.18161e-11
 5.18161e-11
 5.18161e-11
 5.18161e-11
 1.39649e-10
 1.39649e-10
 1.39649e-10
 1.39649e-10
 1.39649e-10
 4.39621e-10
 4.39621e-10
 4.39621e-10
 4.39621e-10
 4.39621e-10
 6.97260e-09
 6.97260e-09
 6.97260e-09
 6.97260e-09
 6.97260e-09
 2.07922e-08
 2.07922e-08
 2.07922e-08
 2.07922e-08
 2.07922e-08
 1.83055e-08
 1.83055e-08
 1.83055e-08
 1.83055e-08
 1.83055e-08
 2.68261e-09
 2.68261e-09
 2.68261e-09
 2.68261e-09
 2.68261e-09
 0.00000e+00
 0.00000e+00
 0.00000e+00
 0.00000e+00
 0.00000e+00
 1.11620e-06
 1.11620e-06
 1.11620e-06
 1.11620e-06
 1.11620e-06
 4.88113e-06
 4.88113e-06
 4.88113e-06
 4.88113e-06
 4.88113e-06
 4.96447e-06
 4.96447e-06
 4.96447e-06
 4.96447e-06
 4.96447e-06
 8.56443e-07
 8.56443e-07
 8.56443e-07
 8.56443e-07
 8.56443e-07
 0.00000e+00
 0.00000e+00
 0.00000e+00
 0.00000e+00
 0.00000e+00
 7.07436e-06
 7.07436e-06
 7.07436e-06
 7.07436e-06
 7.07436e-06
 4.70801e-05
 4.70801e-05
 4.70801e-05
 4.70801e-05
 4.70801e-05
 7.96370e-05
 7.96370e-05
 7.96370e-05
 7.96370e-05
 7.96370e-05
 4.30573e-05
 4.30573e-05
 4.30573e-05
 4.30573e-05
 4.30573e-05
 2.93116e-06
 2.93116e-06
 2.93116e-06
 2.93116e-06
 2.93116e-06
 0.00000e+00
 0.00000e+00
 0.00000e+00
 0.00000e+00
 0.00000e+00
 2.06246e-05
 2.06246e-05
 2.06246e-05
 2.06246e-05
 2.06246e-05
 8.14279e-05
 8.14279e-05
 8.14279e-05
 8.14279e-05
 8.14279e-05
 2.00705e-04
 2.00705e-04
 2.00705e-04
 2.00705e-04
 2.00705e-04
 4.99286e-04
 4.99286e-04
 4.99286e-04
 4.99286e-04
 4.99286e-04
 1.22409e-03
 1.22409e-03
 1.22409e-03
 1.22409e-03
 1.22409e-03
 2.83302e-03
 2.83302e-03
 2.83302e-03
 2.83302e-03
 2.83302e-03
 6.15275e-03
 6.15275e-03
 6.15275e-03
 6.15275e-03
 6.15275e-03
 1.29059e-02
 1.29059e-02
 1.29059e-02
 1.29059e-02
 1.29059e-02
 2.27286e-02
 2.27286e-02
 2.27286e-02
 2.27286e-02
 2.27286e-02
 3.52642e-02
 3.52642e-02
 3.52642e-02
 3.52642e-02
 3.52642e-02
 4.36195e-02
 4.36195e-02
 4.36195e-02
 4.36195e-02
 4.36195e-02
 3.92088e-02
 3.92088e-02
 3.92088e-02
 3.92088e-02
 3.92088e-02
 2.61075e-02
 2.61075e-02
 2.61075e-02
 2.61075e-02
 2.61075e-02
 1.24891e-02
 1.24891e-02
 1.24891e-02
 1.24891e-02
 1.24891e-02
 4.33653e-03
 4.33653e-03
 4.33653e-03
 4.33653e-03
 4.33653e-03
 1.23116e-03
 1.23116e-03
 1.23116e-03
 1.23116e-03
 1.23116e-03
 3.22644e-04
 3.22644e-04
 3.22644e-04
 3.22644e-04
 3.22644e-04
 8.21332e-05
 8.21332e-05
 8.21332e-05
 8.21332e-05
 8.21332e-05
 2.05901e-05
 2.05901e-05
 2.05901e-05
 2.05901e-05
 2.05901e-05
 5.09241e-06
 5.09241e-06
 5.09241e-06
 5.09241e-06
 5.09241e-06
 1.24079e-06
 1.24079e-06
 1.24079e-06
 1.24079e-06
 1.24079e-06
 2.97210e-07
 2.97210e-07
 2.97210e-07
 2.97210e-07
 2.97210e-07
 6.98683e-08
 6.98683e-08
 6.98683e-08
 6.98683e-08
 6.98683e-08
 1.62347e-08
 1.62347e-08
 1.62347e-08
 1.62347e-08
 1.62347e-08
 4.40520e-09
 4.40520e-09
 4.40520e-09
 4.40520e-09
 4.40520e-09
 0.00000e+00
 9.87282e-16
 9.87282e-16
 7.08647e-32
 0.00000e+00
 1.97456e-15
 9.87282e-16
 7.44068e-32
 1.42578e-46
 0.00000e+00
 1.28847e-31
 2.07871e-31
 1.97456e-15
 3.76447e-31
 9.87282e-16
 4.53023e-31
 5.73078e-31
 2.50434e-32
 0.00000e+00
 9.87282e-16
 1.97456e-15
 1.97456e-15
 1.87034e-32
 4.91027e-31
 6.51748e-32
 1.97456e-15
 1.97456e-15
 7.64213e-32
 9.87282e-16
 1.27244e-31
 2.96185e-15
 5.98920e-31
 1.97456e-15
 9.87282e-16
 2.96185e-15
 1.30724e-30
 5.22538e-47
 6.22948e-31
 0.00000e+00
 1.20052e-30
 0.00000e+00
 0.00000e+00
 0.00000e+00
 0.00000e+00
 0.00000e+00
 0.00000e+00
 0.00000e+00
 0.00000e+00
 0.00000e+00
 0.00000e+00
 0.00000e+00
 0.00000e+00
 0.00000e+00
 0.00000e+00
 0.00000e+00
 0.00000e+00
 0.00000e+00
 0.00000e+00
 0.00000e+00
 0.00000e+00
 0.00000e+00
 0.00000e+00
 0.00000e+00
 0.00000e+00
 0.00000e+00
 0.00000e+00
 0.00000e+00
 0.00000e+00
 0.00000e+00
 0.00000e+00
 0.00000e+00
 0.00000e+00
 0.00000e+00
 0.00000e+00
 0.00000e+00
 0.00000e+00
 0.00000e+00
 0.00000e+00
 0.00000e+00
 0.00000e+00
 0.00000e+00
 0.00000e+00
 0.00000e+00
 0.00000e+00
 0.00000e+00
 0.00000e+00
 0.00000e+00
 0.00000e+00
 0.00000e+00
 0.00000e+00
 0.00000e+00
 0.00000e+00
 0.00000e+00
 0.00000e+00
 0.00000e+00
 0.00000e+00
 0.00000e+00
 0.00000e+00
 0.00000e+00
 0.00000e+00
 0.00000e+00
 0.00000e+00
 0.00000e+00
 0.00000e+00
 0.00000e+00
 0.00000e+00
 0.00000e+00
 0.00000e+00
 0.00000e+00
 0.00000e+00
 0.00000e+00
 0.00000e+00
 0.00000e+00
 0.00000e+00
 0.00000e+00
 0.00000e+00
 0.00000e+00
 0.00000e+00
 0.00000e+00
 0.00000e+00
 0.00000e+00
 0.00000e+00
 0.00000e+00
 0.00000e+00
 0.00000e+00
 0.00000e+00
 0.00000e+00
 0.00000e+00
 0.00000e+00
 0.00000e+00
 0.00000e+00
 0.00000e+00
 0.00000e+00
 0.00000e+00
 0.00000e+00
 0.00000e+00
 0.00000e+00
 0.00000e+00
 0.00000e+00
 0.00000e+00
 0.00000e+00
 0.00000e+00
 0.00000e+00
 0.00000e+00
 0.00000e+00
 0.00000e+00
 0.00000e+00
 0.00000e+00
 0.00000e+00
 0.00000e+00
 0.00000e+00
 0.00000e+00
 0.00000e+00
 0.00000e+00
 0.00000e+00
 0.00000e+00
 0.00000e+00
 0.00000e+00
 0.00000e+00
 0.00000e+00
 0.00000e+00
 0.00000e+00
 0.00000e+00
 0.00000e+00
 0.00000e+00
 0.00000e+00
 0.00000e+00
 0.00000e+00
 0.00000e+00
 0.00000e+00
 0.00000e+00
 0.00000e+00
 0.00000e+00
 0.00000e+00
 0.00000e+00
 0.00000e+00
 0.00000e+00
 0.00000e+00
 0.00000e+00
 0.00000e+00
 0.00000e+00
 0.00000e+00
 0.00000e+00
 0.00000e+00
 0.00000e+00
 0.00000e+00
 0.00000e+00
 0.00000e+00
 0.00000e+00
 0.00000e+00
 0.00000e+00
 0.00000e+00
 0.00000e+00
 0.00000e+00
 0.00000e+00
 0.00000e+00
 0.00000e+00
 0.00000e+00
 0.00000e+00
 0.00000e+00
 0.00000e+00
 0.00000e+00
 0.00000e+00
 0.00000e+00
 0.00000e+00
 0.00000e+00
 0.00000e+00
 0.00000e+00
 0.00000e+00
 0.00000e+00
 0.00000e+00
 0.00000e+00
 0.00000e+00
 0.00000e+00
 0.00000e+00
 0.00000e+00
 0.00000e+00
 0.00000e+00
 0.00000e+00
 0.00000e+00
 0.00000e+00
 0.00000e+00
 0.00000e+00
 0.00000e+00
 0.00000e+00
 0.00000e+00
 0.00000e+00
 0.00000e+00
 0.00000e+00
 0.00000e+00
 0.00000e+00
 0.00000e+00
 0.00000e+00
 0.00000e+00
 0.00000e+00
 0.00000e+00
 0.00000e+00
 0.00000e+00
 0.00000e+00
 0.00000e+00
 0.00000e+00
 0.00000e+00
 0.00000e+00
 0.00000e+00
 0.00000e+00
 0.00000e+00
 0.00000e+00
 0.00000e+00
 0.00000e+00
 0.00000e+00
 0.00000e+00
 0.00000e+00
 0.00000e+00
 0.00000e+00
 0.00000e+00
 0.00000e+00
 0.00000e+00
 0.00000e+00
 0.00000e+00
 0.00000e+00
 0.00000e+00
 0.00000e+00
 0.00000e+00
 0.00000e+00
 0.00000e+00
 0.00000e+00
 0.00000e+00
 0.00000e+00
 0.00000e+00
 0.00000e+00
 3.63259e-13
 3.63259e-13
 3.63259e-13
 3.63259e-13
 3.63259e-13
 6.84371e-12
 6.84371e-12
 6.84371e-12
 6.84371e-12
 6.84371e-12
 5.18161e-11
 5.18161e-11
 5.18161e-11
 5.18161e-11
 5.18161e-11
 1.39649e-10
 1.39649e-10
 1.39649e-10
 1.39649e-10
 1.39649e-10
 4.39621e-10
 4.39621e-10
 4.39621e-10
 4.39621e-10
 4.39621e-10
 6.97260e-09
 6.97260e-09
 6.97260e-09
 6.97260e-09
 6.97260e-09
 2.07922e-08
 2.07922e-08
 2.07922e-08
 2.07922e-08
 2.07922e-08
 1.83055e-08
 1.83055e-08
 1.83055e-08
 1.83055e-08
 1.83055e-08
 2.68261e-09
 2.68261e-09
 2.68261e-09
 2.68261e-09
 2.68261e-09
 0.00000e+00
 0.00000e+00
 0.00000e+00
 0.00000e+00
 0.00000e+00
 1.11620e-06
 1.11620e-06
 1.11620e-06
 1.11620e-06
 1.11620e-06
 4.88113e-06
 4.88113e-06
 4.88113e-06
 4.88113e-06
 4.88113e-06
 4.96447e-06
 4.96447e-06
 4.96447e-06
 4.96447e-06
 4.96447e-06
 8.56443e-07
 8.56443e-07
 8.56443e-07
 8.56443e-07
 8.56443e-07
 0.00000e+00
 0.00000e+00
 0.00000e+00
 0.00000e+00
 0.00000e+00
 7.07436e-06
 7.07436e-06
 7.07436e-06
 7.07436e-06
 7.07436e-06
 4.70801e-05
 4.70801e-05
 4.70801e-05
 4.70801e-05
 4.70801e-05
 7.96370e-05
 7.96370e-05
 7.96370e-05
 7.96370e-05
 7.96370e-05
 4.30573e-05
 4.30573e-05
 4.30573e-05
 4.30573e-05
 4.30573e-05
 2.93116e-06
 2.93116e-06
 2.93116e-06
 2.93116e-06
 2.93116e-06
 0.00000e+00
 0.00000e+00
 0.00000e+00
 0.00000e+00
 0.00000e+00
 2.06246e-05
 2.06246e-05
 2.06246e-05
 2.06246e-05
 2.06246e-05
 8.14279e-05
 8.14279e-05
 8.14279e-05
 8.14279e-05
 8.14279e-05
 2.00705e-04
 2.00705e-04
 2.00705e-04
 2.00705e-04
 2.00705e-04
 4.99286e-04
 4.99286e-04
 4.99286e-04
 4.99286e-04
 4.99286e-04
 1.22409e-03
 1.22409e-03
 1.22409e-03
 1.22409e-03
 1.22409e-03
 2.83302e-03
 2.83302e-03
 2.83302e-03
 2.83302e-03
 2.83302e-03
 6.15275e-03
 6.15275e-03
 6.15275e-03
 6.15275e-03
 6.15275e-03
 1.29059e-02
 1.29059e-02
 1.29059e-02
 1.29059e-02
 1.29059e-02
 2.27286e-02
 2.27286e-02
 2.27286e-02
 2.27286e-02
 2.27286e-02
 3.52642e-02
 3.52642e-02
 3.52642e-02
 3.52642e-02
 3.52642e-02
 4.36195e-02
 4.36195e-02
 4.36195e-02
 4.36195e-02
 4.36195e-02
 3.92088e-02
 3.92088e-02
 3.92088e-02
 3.92088e-02
 3.92088e-02
 2.61075e-02
 2.61075e-02
 2.61075e-02
 2.61075e-02
 2.61075e-02
 1.24891e-02
 1.24891e-02
 1.24891e-02
 1.24891e-02
 1.24891e-02
 4.33653e-03
 4.33653e-03
 4.33653e-03
 4.33653e-03
 4.33653e-03
 1.23116e-03
 1.23116e-03
 1.23116e-03
 1.23116e-03
 1.23116e-03
 3.22644e-04
 3.22644e-04
 3.22644e-04
 3.22644e-04
 3.22644e-04
 8.21332e-05
 8.21332e-05
 8.21332e-05
 8.21332e-05
 8.21332e-05
 2.05901e-05
 2.05901e-05
 2.05901e-05
 2.05901e-05
 2.05901e-05
 5.09241e-06
 5.09241e-06
 5.09241e-06
 5.09241e-06
 5.09241e-06
 1.24079e-06
 1.24079e-06
 1.24079e-06
 1.24079e-06
 1.24079e-06
 2.97210e-07
 2.97210e-07
 2.97210e-07
 2.97210e-07
 2.97210e-07
 6.98683e-08
 6.98683e-08
 6.98683e-08
 6.98683e-08
 6.98683e-08
 1.62347e-08
 1.62347e-08
 1.62347e-08
 1.62347e-08
 1.62347e-08
 4.40520e-09
 4.40520e-09
 4.40520e-09
 4.40520e-09
 4.40520e-09
