InternalEnergy
part
         1
hexa8
 2.50000e+00
 2.50000e+00
 2.50000e+00
 2.50000e+00
 2.50000e+00
 2.50000e+00
 2.50000e+00
 2.50000e+00
 2.50000e+00
 2.50000e+00
 2.50000e+00
 2.50000e+00
 2.50000e+00
 2.50000e+00
 2.50000e+00
 2.50000e+00
 2.50000e+00
 2.50000e+00
 2.50000e+00
 2.49999e+00
 2.49994e+00
 2.49973e+00
 2.49905e+00
 2.49703e+00
 2.49209e+00
 2.48219e+00
 2.46597e+00
 2.44378e+00
 2.41727e+00
 2.38807e+00
 2.35730e+00
 2.32547e+00
 2.29318e+00
 2.26062e+00
 2.22785e+00
 2.19489e+00
 2.16169e+00
 2.12828e+00
 2.09666e+00
 2.06453e+00
 2.03529e+00
 2.00434e+00
 1.97432e+00
 1.94711e+00
 1.91988e+00
 1.89192e+00
 1.86146e+00
 1.83567e+00
 1.82314e+00
 1.80558e+00
 2.50000e+00
 2.50000e+00
 2.50000e+00
 2.50000e+00
 2.50000e+00
 2.50000e+00
 2.50000e+00
 2.50000e+00
 2.50000e+00
 2.50000e+00
 2.50000e+00
 2.50000e+00
 2.50000e+00
 2.50000e+00
 2.50000e+00
 2.50000e+00
 2.50000e+00
 2.50000e+00
 2.50000e+00
 2.49999e+00
 2.49994e+00
 2.49973e+00
 2.49905e+00
 2.49703e+00
 2.49209e+00
 2.48219e+00
 2.46597e+00
 2.44378e+00
 2.41727e+00
 2.38807e+00
 2.35730e+00
 2.32547e+00
 2.29318e+00
 2.26062e+00
 2.22785e+00
 2.19489e+00
 2.16169e+00
 2.12828e+00
 2.09666e+00
 2.06453e+00
 2.03529e+00
 2.00434e+00
 1.97432e+00
 1.94711e+00
 1.91988e+00
 1.89192e+00
 1.86146e+00
 1.83567e+00
 1.82314e+00
 1.80558e+00
 2.50000e+00
 2.50000e+00
 2.50000e+00
 2.50000e+00
 2.50000e+00
 2.50000e+00
 2.50000e+00
 2.50000e+00
 2.50000e+00
 2.50000e+00
 2.50000e+00
 2.50000e+00
 2.50000e+00
 2.50000e+00
 2.50000e+00
 2.50000e+00
 2.50000e+00
 2.50000e+00
 2.50000e+00
 2.49999e+00
 2.49994e+00
 2.49973e+00
 2.49905e+00
 2.49703e+00
 2.49209e+00
 2.48219e+00
 2.46597e+00
 2.44378e+00
 2.41727e+00
 2.38807e+00
 2.35730e+00
 2.32547e+00
 2.29318e+00
 2.26062e+00
 2.22785e+00
 2.19489e+00
 2.16169e+00
 2.12828e+00
 2.09666e+00
 2.06453e+00
 2.03529e+00
 2.00434e+00
 1.97432e+00
 1.94711e+00
 1.91988e+00
 1.89192e+00
 1.86146e+00
 1.83567e+00
 1.82314e+00
 1.80558e+00
 2.50000e+00
 2.50000e+00
 2.50000e+00
 2.50000e+00
 2.50000e+00
 2.50000e+00
 2.50000e+00
 2.50000e+00
 2.50000e+00
 2.50000e+00
 2.50000e+00
 2.50000e+00
 2.50000e+00
 2.50000e+00
 2.50000e+00
 2.50000e+00
 2.50000e+00
 2.50000e+00
 2.50000e+00
 2.49999e+00
 2.49994e+00
 2.49973e+00
 2.49905e+00
 2.49703e+00
 2.49209e+00
 2.48219e+00
 2.46597e+00
 2.44378e+00
 2.41727e+00
 2.38807e+00
 2.35730e+00
 2.32547e+00
 2.29318e+00
 2.26062e+00
 2.22785e+00
 2.19489e+00
 2.16169e+00
 2.12828e+00
 2.09666e+00
 2.06453e+00
 2.03529e+00
 2.00434e+00
 1.97432e+00
 1.94711e+00
 1.91988e+00
 1.89192e+00
 1.86146e+00
 1.83567e+00
 1.82314e+00
 1.80558e+00
 2.50000e+00
 2.50000e+00
 2.50000e+00
 2.50000e+00
 2.50000e+00
 2.50000e+00
 2.50000e+00
 2.50000e+00
 2.50000e+00
 2.50000e+00
 2.50000e+00
 2.50000e+00
 2.50000e+00
 2.50000e+00
 2.50000e+00
 2.50000e+00
 2.50000e+00
 2.50000e+00
 2.50000e+00
 2.49999e+00
 2.49994e+00
 2.49973e+00
 2.49905e+00
 2.49703e+00
 2.49209e+00
 2.48219e+00
 2.46597e+00
 2.44378e+00
 2.41727e+00
 2.38807e+00
 2.35730e+00
 2.32547e+00
 2.29318e+00
 2.26062e+00
 2.22785e+00
 2.19489e+00
 2.16169e+00
 2.12828e+00
 2.09666e+00
 2.06453e+00
 2.03529e+00
 2.00434e+00
 1.97432e+00
 1.94711e+00
 1.91988e+00
 1.89192e+00
 1.86146e+00
 1.83567e+00
 1.82314e+00
 1.80558e+00
 2.50000e+00
 2.50000e+00
 2.50000e+00
 2.50000e+00
 2.50000e+00
 2.50000e+00
 2.50000e+00
 2.50000e+00
 2.50000e+00
 2.50000e+00
 2.50000e+00
 2.50000e+00
 2.50000e+00
 2.50000e+00
 2.50000e+00
 2.50000e+00
 2.50000e+00
 2.50000e+00
 2.50000e+00
 2.49999e+00
 2.49994e+00
 2.49973e+00
 2.49905e+00
 2.49703e+00
 2.49209e+00
 2.48219e+00
 2.46597e+00
 2.44378e+00
 2.41727e+00
 2.38807e+00
 2.35730e+00
 2.32547e+00
 2.29318e+00
 2.26062e+00
 2.22785e+00
 2.19489e+00
 2.16169e+00
 2.12828e+00
 2.09666e+00
 2.06453e+00
 2.03529e+00
 2.00434e+00
 1.97432e+00
 1.94711e+00
 1.91988e+00
 1.89192e+00
 1.86146e+00
 1.83567e+00
 1.82314e+00
 1.80558e+00
 2.50000e+00
 2.50000e+00
 2.50000e+00
 2.50000e+00
 2.50000e+00
 2.50000e+00
 2.50000e+00
 2.50000e+00
 2.50000e+00
 2.50000e+00
 2.50000e+00
 2.50000e+00
 2.50000e+00
 2.50000e+00
 2.50000e+00
 2.50000e+00
 2.50000e+00
 2.50000e+00
 2.50000e+00
 2.49999e+00
 2.49994e+00
 2.49973e+00
 2.49905e+00
 2.49703e+00
 2.49209e+00
 2.48219e+00
 2.46597e+00
 2.44378e+00
 2.41727e+00
 2.38807e+00
 2.35730e+00
 2.32547e+00
 2.29318e+00
 2.26062e+00
 2.22785e+00
 2.19489e+00
 2.16169e+00
 2.12828e+00
 2.09666e+00
 2.06453e+00
 2.03529e+00
 2.00434e+00
 1.97432e+00
 1.94711e+00
 1.91988e+00
 1.89192e+00
 1.86146e+00
 1.83567e+00
 1.82314e+00
 1.80558e+00
 2.50000e+00
 2.50000e+00
 2.50000e+00
 2.50000e+00
 2.50000e+00
 2.50000e+00
 2.50000e+00
 2.50000e+00
 2.50000e+00
 2.50000e+00
 2.50000e+00
 2.50000e+00
 2.50000e+00
 2.50000e+00
 2.50000e+00
 2.50000e+00
 2.50000e+00
 2.50000e+00
 2.50000e+00
 2.49999e+00
 2.49994e+00
 2.49973e+00
 2.49905e+00
 2.49703e+00
 2.49209e+00
 2.48219e+00
 2.46597e+00
 2.44378e+00
 2.41727e+00
 2.38807e+00
 2.35730e+00
 2.32547e+00
 2.29318e+00
 2.26062e+00
 2.22785e+00
 2.19489e+00
 2.16169e+00
 2.12828e+00
 2.09666e+00
 2.06453e+00
 2.03529e+00
 2.00434e+00
 1.97432e+00
 1.94711e+00
 1.91988e+00
 1.89192e+00
 1.86146e+00
 1.83567e+00
 1.82314e+00
 1.80558e+00
 2.50000e+00
 2.50000e+00
 2.50000e+00
 2.50000e+00
 2.50000e+00
 2.50000e+00
 2.50000e+00
 2.50000e+00
 2.50000e+00
 2.50000e+00
 2.50000e+00
 2.50000e+00
 2.50000e+00
 2.50000e+00
 2.50000e+00
 2.50000e+00
 2.50000e+00
 2.50000e+00
 2.50000e+00
 2.49999e+00
 2.49994e+00
 2.49973e+00
 2.49905e+00
 2.49703e+00
 2.49209e+00
 2.48219e+00
 2.46597e+00
 2.44378e+00
 2.41727e+00
 2.38807e+00
 2.35730e+00
 2.32547e+00
 2.29318e+00
 2.26062e+00
 2.22785e+00
 2.19489e+00
 2.16169e+00
 2.12828e+00
 2.09666e+00
 2.06453e+00
 2.03529e+00
 2.00434e+00
 1.97432e+00
 1.94711e+00
 1.91988e+00
 1.89192e+00
 1.86146e+00
 1.83567e+00
 1.82314e+00
 1.80558e+00
 2.50000e+00
 2.50000e+00
 2.50000e+00
 2.50000e+00
 2.50000e+00
 2.50000e+00
 2.50000e+00
 2.50000e+00
 2.50000e+00
 2.50000e+00
 2.50000e+00
 2.50000e+00
 2.50000e+00
 2.50000e+00
 2.50000e+00
 2.50000e+00
 2.50000e+00
 2.50000e+00
 2.50000e+00
 2.49999e+00
 2.49994e+00
 2.49973e+00
 2.49905e+00
 2.49703e+00
 2.49209e+00
 2.48219e+00
 2.46597e+00
 2.44378e+00
 2.41727e+00
 2.38807e+00
 2.35730e+00
 2.32547e+00
 2.29318e+00
 2.26062e+00
 2.22785e+00
 2.19489e+00
 2.16169e+00
 2.12828e+00
 2.09666e+00
 2.06453e+00
 2.03529e+00
 2.00434e+00
 1.97432e+00
 1.94711e+00
 1.91988e+00
 1.89192e+00
 1.86146e+00
 1.83567e+00
 1.82314e+00
 1.80558e+00
part
         2
hexa8
 1.78314e+00
 1.76940e+00
 1.77520e+00
 1.78055e+00
 1.77917e+00
 1.77616e+00
 1.77077e+00
 1.76959e+00
 1.77373e+00
 1.77901e+00
 1.78186e+00
 1.78086e+00
 1.77948e+00
 1.77825e+00
 1.78172e+00
 1.80171e+00
 1.86137e+00
 2.00479e+00
 2.32800e+00
 2.66876e+00
 2.81753e+00
 2.87111e+00
 2.88330e+00
 2.88083e+00
 2.87474e+00
 2.86839e+00
 2.86302e+00
 2.85874e+00
 2.85385e+00
 2.84686e+00
 2.83788e+00
 2.82046e+00
 2.78349e+00
 2.71181e+00
 2.59085e+00
 2.42961e+00
 2.26613e+00
 2.13514e+00
 2.05480e+00
 2.01785e+00
 2.00500e+00
 2.00130e+00
 2.00033e+00
 2.00008e+00
 2.00002e+00
 2.00000e+00
 2.00000e+00
 2.00000e+00
 2.00000e+00
 2.00000e+00
 1.78314e+00
 1.76940e+00
 1.77520e+00
 1.78055e+00
 1.77917e+00
 1.77616e+00
 1.77077e+00
 1.76959e+00
 1.77373e+00
 1.77901e+00
 1.78186e+00
 1.78086e+00
 1.77948e+00
 1.77825e+00
 1.78172e+00
 1.80171e+00
 1.86137e+00
 2.00479e+00
 2.32800e+00
 2.66876e+00
 2.81753e+00
 2.87111e+00
 2.88330e+00
 2.88083e+00
 2.87474e+00
 2.86839e+00
 2.86302e+00
 2.85874e+00
 2.85385e+00
 2.84686e+00
 2.83788e+00
 2.82046e+00
 2.78349e+00
 2.71181e+00
 2.59085e+00
 2.42961e+00
 2.26613e+00
 2.13514e+00
 2.05480e+00
 2.01785e+00
 2.00500e+00
 2.00130e+00
 2.00033e+00
 2.00008e+00
 2.00002e+00
 2.00000e+00
 2.00000e+00
 2.00000e+00
 2.00000e+00
 2.00000e+00
 1.78314e+00
 1.76940e+00
 1.77520e+00
 1.78055e+00
 1.77917e+00
 1.77616e+00
 1.77077e+00
 1.76959e+00
 1.77373e+00
 1.77901e+00
 1.78186e+00
 1.78086e+00
 1.77948e+00
 1.77825e+00
 1.78172e+00
 1.80171e+00
 1.86137e+00
 2.00479e+00
 2.32800e+00
 2.66876e+00
 2.81753e+00
 2.87111e+00
 2.88330e+00
 2.88083e+00
 2.87474e+00
 2.86839e+00
 2.86302e+00
 2.85874e+00
 2.85385e+00
 2.84686e+00
 2.83788e+00
 2.82046e+00
 2.78349e+00
 2.71181e+00
 2.59085e+00
 2.42961e+00
 2.26613e+00
 2.13514e+00
 2.05480e+00
 2.01785e+00
 2.00500e+00
 2.00130e+00
 2.00033e+00
 2.00008e+00
 2.00002e+00
 2.00000e+00
 2.00000e+00
 2.00000e+00
 2.00000e+00
 2.00000e+00
 1.78314e+00
 1.76940e+00
 1.77520e+00
 1.78055e+00
 1.77917e+00
 1.77616e+00
 1.77077e+00
 1.76959e+00
 1.77373e+00
 1.77901e+00
 1.78186e+00
 1.78086e+00
 1.77948e+00
 1.77825e+00
 1.78172e+00
 1.80171e+00
 1.86137e+00
 2.00479e+00
 2.32800e+00
 2.66876e+00
 2.81753e+00
 2.87111e+00
 2.88330e+00
 2.88083e+00
 2.87474e+00
 2.86839e+00
 2.86302e+00
 2.85874e+00
 2.85385e+00
 2.84686e+00
 2.83788e+00
 2.82046e+00
 2.78349e+00
 2.71181e+00
 2.59085e+00
 2.42961e+00
 2.26613e+00
 2.13514e+00
 2.05480e+00
 2.01785e+00
 2.00500e+00
 2.00130e+00
 2.00033e+00
 2.00008e+00
 2.00002e+00
 2.00000e+00
 2.00000e+00
 2.00000e+00
 2.00000e+00
 2.00000e+00
 1.78314e+00
 1.76940e+00
 1.77520e+00
 1.78055e+00
 1.77917e+00
 1.77616e+00
 1.77077e+00
 1.76959e+00
 1.77373e+00
 1.77901e+00
 1.78186e+00
 1.78086e+00
 1.77948e+00
 1.77825e+00
 1.78172e+00
 1.80171e+00
 1.86137e+00
 2.00479e+00
 2.32800e+00
 2.66876e+00
 2.81753e+00
 2.87111e+00
 2.88330e+00
 2.88083e+00
 2.87474e+00
 2.86839e+00
 2.86302e+00
 2.85874e+00
 2.85385e+00
 2.84686e+00
 2.83788e+00
 2.82046e+00
 2.78349e+00
 2.71181e+00
 2.59085e+00
 2.42961e+00
 2.26613e+00
 2.13514e+00
 2.05480e+00
 2.01785e+00
 2.00500e+00
 2.00130e+00
 2.00033e+00
 2.00008e+00
 2.00002e+00
 2.00000e+00
 2.00000e+00
 2.00000e+00
 2.00000e+00
 2.00000e+00
 1.78314e+00
 1.76940e+00
 1.77520e+00
 1.78055e+00
 1.77917e+00
 1.77616e+00
 1.77077e+00
 1.76959e+00
 1.77373e+00
 1.77901e+00
 1.78186e+00
 1.78086e+00
 1.77948e+00
 1.77825e+00
 1.78172e+00
 1.80171e+00
 1.86137e+00
 2.00479e+00
 2.32800e+00
 2.66876e+00
 2.81753e+00
 2.87111e+00
 2.88330e+00
 2.88083e+00
 2.87474e+00
 2.86839e+00
 2.86302e+00
 2.85874e+00
 2.85385e+00
 2.84686e+00
 2.83788e+00
 2.82046e+00
 2.78349e+00
 2.71181e+00
 2.59085e+00
 2.42961e+00
 2.26613e+00
 2.13514e+00
 2.05480e+00
 2.01785e+00
 2.00500e+00
 2.00130e+00
 2.00033e+00
 2.00008e+00
 2.00002e+00
 2.00000e+00
 2.00000e+00
 2.00000e+00
 2.00000e+00
 2.00000e+00
 1.78314e+00
 1.76940e+00
 1.77520e+00
 1.78055e+00
 1.77917e+00
 1.77616e+00
 1.77077e+00
 1.76959e+00
 1.77373e+00
 1.77901e+00
 1.78186e+00
 1.78086e+00
 1.77948e+00
 1.77825e+00
 1.78172e+00
 1.80171e+00
 1.86137e+00
 2.00479e+00
 2.32800e+00
 2.66876e+00
 2.81753e+00
 2.87111e+00
 2.88330e+00
 2.88083e+00
 2.87474e+00
 2.86839e+00
 2.86302e+00
 2.85874e+00
 2.85385e+00
 2.84686e+00
 2.83788e+00
 2.82046e+00
 2.78349e+00
 2.71181e+00
 2.59085e+00
 2.42961e+00
 2.26613e+00
 2.13514e+00
 2.05480e+00
 2.01785e+00
 2.00500e+00
 2.00130e+00
 2.00033e+00
 2.00008e+00
 2.00002e+00
 2.00000e+00
 2.00000e+00
 2.00000e+00
 2.00000e+00
 2.00000e+00
 1.78314e+00
 1.76940e+00
 1.77520e+00
 1.78055e+00
 1.77917e+00
 1.77616e+00
 1.77077e+00
 1.76959e+00
 1.77373e+00
 1.77901e+00
 1.78186e+00
 1.78086e+00
 1.77948e+00
 1.77825e+00
 1.78172e+00
 1.80171e+00
 1.86137e+00
 2.00479e+00
 2.32800e+00
 2.66876e+00
 2.81753e+00
 2.87111e+00
 2.88330e+00
 2.88083e+00
 2.87474e+00
 2.86839e+00
 2.86302e+00
 2.85874e+00
 2.85385e+00
 2.84686e+00
 2.83788e+00
 2.82046e+00
 2.78349e+00
 2.71181e+00
 2.59085e+00
 2.42961e+00
 2.26613e+00
 2.13514e+00
 2.05480e+00
 2.01785e+00
 2.00500e+00
 2.00130e+00
 2.00033e+00
 2.00008e+00
 2.00002e+00
 2.00000e+00
 2.00000e+00
 2.00000e+00
 2.00000e+00
 2.00000e+00
 1.78314e+00
 1.76940e+00
 1.77520e+00
 1.78055e+00
 1.77917e+00
 1.77616e+00
 1.77077e+00
 1.76959e+00
 1.77373e+00
 1.77901e+00
 1.78186e+00
 1.78086e+00
 1.77948e+00
 1.77825e+00
 1.78172e+00
 1.80171e+00
 1.86137e+00
 2.00479e+00
 2.32800e+00
 2.66876e+00
 2.81753e+00
 2.87111e+00
 2.88330e+00
 2.88083e+00
 2.87474e+00
 2.86839e+00
 2.86302e+00
 2.85874e+00
 2.85385e+00
 2.84686e+00
 2.83788e+00
 2.82046e+00
 2.78349e+00
 2.71181e+00
 2.59085e+00
 2.42961e+00
 2.26613e+00
 2.13514e+00
 2.05480e+00
 2.01785e+00
 2.00500e+00
 2.00130e+00
 2.00033e+00
 2.00008e+00
 2.00002e+00
 2.00000e+00
 2.00000e+00
 2.00000e+00
 2.00000e+00
 2.00000e+00
 1.78314e+00
 1.76940e+00
 1.77520e+00
 1.78055e+00
 1.77917e+00
 1.77616e+00
 1.77077e+00
 1.76959e+00
 1.77373e+00
 1.77901e+00
 1.78186e+00
 1.78086e+00
 1.77948e+00
 1.77825e+00
 1.78172e+00
 1.80171e+00
 1.86137e+00
 2.00479e+00
 2.32800e+00
 2.66876e+00
 2.81753e+00
 2.87111e+00
 2.88330e+00
 2.88083e+00
 2.87474e+00
 2.86839e+00
 2.86302e+00
 2.85874e+00
 2.85385e+00
 2.84686e+00
 2.83788e+00
 2.82046e+00
 2.78349e+00
 2.71181e+00
 2.59085e+00
 2.42961e+00
 2.26613e+00
 2.13514e+00
 2.05480e+00
 2.01785e+00
 2.00500e+00
 2.00130e+00
 2.00033e+00
 2.00008e+00
 2.00002e+00
 2.00000e+00
 2.00000e+00
 2.00000e+00
 2.00000e+00
 2.00000e+00
part
         3
hexa8
 2.50000e+00
 2.50000e+00
 2.50000e+00
 2.50000e+00
 2.50000e+00
 2.50000e+00
 2.50000e+00
 2.50000e+00
 2.50000e+00
 2.50000e+00
 2.50000e+00
 2.50000e+00
 2.50000e+00
 2.50000e+00
 2.50000e+00
 2.50000e+00
 2.50000e+00
 2.50000e+00
 2.50000e+00
 2.49999e+00
 2.49994e+00
 2.49973e+00
 2.49905e+00
 2.49703e+00
 2.49209e+00
 2.48219e+00
 2.46597e+00
 2.44378e+00
 2.41727e+00
 2.38807e+00
 2.35730e+00
 2.32547e+00
 2.29318e+00
 2.26062e+00
 2.22785e+00
 2.19489e+00
 2.16169e+00
 2.12828e+00
 2.09666e+00
 2.06453e+00
 2.03529e+00
 2.00434e+00
 1.97432e+00
 1.94711e+00
 1.91988e+00
 1.89192e+00
 1.86146e+00
 1.83567e+00
 1.82314e+00
 1.80558e+00
 2.50000e+00
 2.50000e+00
 2.50000e+00
 2.50000e+00
 2.50000e+00
 2.50000e+00
 2.50000e+00
 2.50000e+00
 2.50000e+00
 2.50000e+00
 2.50000e+00
 2.50000e+00
 2.50000e+00
 2.50000e+00
 2.50000e+00
 2.50000e+00
 2.50000e+00
 2.50000e+00
 2.50000e+00
 2.49999e+00
 2.49994e+00
 2.49973e+00
 2.49905e+00
 2.49703e+00
 2.49209e+00
 2.48219e+00
 2.46597e+00
 2.44378e+00
 2.41727e+00
 2.38807e+00
 2.35730e+00
 2.32547e+00
 2.29318e+00
 2.26062e+00
 2.22785e+00
 2.19489e+00
 2.16169e+00
 2.12828e+00
 2.09666e+00
 2.06453e+00
 2.03529e+00
 2.00434e+00
 1.97432e+00
 1.94711e+00
 1.91988e+00
 1.89192e+00
 1.86146e+00
 1.83567e+00
 1.82314e+00
 1.80558e+00
 2.50000e+00
 2.50000e+00
 2.50000e+00
 2.50000e+00
 2.50000e+00
 2.50000e+00
 2.50000e+00
 2.50000e+00
 2.50000e+00
 2.50000e+00
 2.50000e+00
 2.50000e+00
 2.50000e+00
 2.50000e+00
 2.50000e+00
 2.50000e+00
 2.50000e+00
 2.50000e+00
 2.50000e+00
 2.49999e+00
 2.49994e+00
 2.49973e+00
 2.49905e+00
 2.49703e+00
 2.49209e+00
 2.48219e+00
 2.46597e+00
 2.44378e+00
 2.41727e+00
 2.38807e+00
 2.35730e+00
 2.32547e+00
 2.29318e+00
 2.26062e+00
 2.22785e+00
 2.19489e+00
 2.16169e+00
 2.12828e+00
 2.09666e+00
 2.06453e+00
 2.03529e+00
 2.00434e+00
 1.97432e+00
 1.94711e+00
 1.91988e+00
 1.89192e+00
 1.86146e+00
 1.83567e+00
 1.82314e+00
 1.80558e+00
 2.50000e+00
 2.50000e+00
 2.50000e+00
 2.50000e+00
 2.50000e+00
 2.50000e+00
 2.50000e+00
 2.50000e+00
 2.50000e+00
 2.50000e+00
 2.50000e+00
 2.50000e+00
 2.50000e+00
 2.50000e+00
 2.50000e+00
 2.50000e+00
 2.50000e+00
 2.50000e+00
 2.50000e+00
 2.49999e+00
 2.49994e+00
 2.49973e+00
 2.49905e+00
 2.49703e+00
 2.49209e+00
 2.48219e+00
 2.46597e+00
 2.44378e+00
 2.41727e+00
 2.38807e+00
 2.35730e+00
 2.32547e+00
 2.29318e+00
 2.26062e+00
 2.22785e+00
 2.19489e+00
 2.16169e+00
 2.12828e+00
 2.09666e+00
 2.06453e+00
 2.03529e+00
 2.00434e+00
 1.97432e+00
 1.94711e+00
 1.91988e+00
 1.89192e+00
 1.86146e+00
 1.83567e+00
 1.82314e+00
 1.80558e+00
 2.50000e+00
 2.50000e+00
 2.50000e+00
 2.50000e+00
 2.50000e+00
 2.50000e+00
 2.50000e+00
 2.50000e+00
 2.50000e+00
 2.50000e+00
 2.50000e+00
 2.50000e+00
 2.50000e+00
 2.50000e+00
 2.50000e+00
 2.50000e+00
 2.50000e+00
 2.50000e+00
 2.50000e+00
 2.49999e+00
 2.49994e+00
 2.49973e+00
 2.49905e+00
 2.49703e+00
 2.49209e+00
 2.48219e+00
 2.46597e+00
 2.44378e+00
 2.41727e+00
 2.38807e+00
 2.35730e+00
 2.32547e+00
 2.29318e+00
 2.26062e+00
 2.22785e+00
 2.19489e+00
 2.16169e+00
 2.12828e+00
 2.09666e+00
 2.06453e+00
 2.03529e+00
 2.00434e+00
 1.97432e+00
 1.94711e+00
 1.91988e+00
 1.89192e+00
 1.86146e+00
 1.83567e+00
 1.82314e+00
 1.80558e+00
 2.50000e+00
 2.50000e+00
 2.50000e+00
 2.50000e+00
 2.50000e+00
 2.50000e+00
 2.50000e+00
 2.50000e+00
 2.50000e+00
 2.50000e+00
 2.50000e+00
 2.50000e+00
 2.50000e+00
 2.50000e+00
 2.50000e+00
 2.50000e+00
 2.50000e+00
 2.50000e+00
 2.50000e+00
 2.49999e+00
 2.49994e+00
 2.49973e+00
 2.49905e+00
 2.49703e+00
 2.49209e+00
 2.48219e+00
 2.46597e+00
 2.44378e+00
 2.41727e+00
 2.38807e+00
 2.35730e+00
 2.32547e+00
 2.29318e+00
 2.26062e+00
 2.22785e+00
 2.19489e+00
 2.16169e+00
 2.12828e+00
 2.09666e+00
 2.06453e+00
 2.03529e+00
 2.00434e+00
 1.97432e+00
 1.94711e+00
 1.91988e+00
 1.89192e+00
 1.86146e+00
 1.83567e+00
 1.82314e+00
 1.80558e+00
 2.50000e+00
 2.50000e+00
 2.50000e+00
 2.50000e+00
 2.50000e+00
 2.50000e+00
 2.50000e+00
 2.50000e+00
 2.50000e+00
 2.50000e+00
 2.50000e+00
 2.50000e+00
 2.50000e+00
 2.50000e+00
 2.50000e+00
 2.50000e+00
 2.50000e+00
 2.50000e+00
 2.50000e+00
 2.49999e+00
 2.49994e+00
 2.49973e+00
 2.49905e+00
 2.49703e+00
 2.49209e+00
 2.48219e+00
 2.46597e+00
 2.44378e+00
 2.41727e+00
 2.38807e+00
 2.35730e+00
 2.32547e+00
 2.29318e+00
 2.26062e+00
 2.22785e+00
 2.19489e+00
 2.16169e+00
 2.12828e+00
 2.09666e+00
 2.06453e+00
 2.03529e+00
 2.00434e+00
 1.97432e+00
 1.94711e+00
 1.91988e+00
 1.89192e+00
 1.86146e+00
 1.83567e+00
 1.82314e+00
 1.80558e+00
 2.50000e+00
 2.50000e+00
 2.50000e+00
 2.50000e+00
 2.50000e+00
 2.50000e+00
 2.50000e+00
 2.50000e+00
 2.50000e+00
 2.50000e+00
 2.50000e+00
 2.50000e+00
 2.50000e+00
 2.50000e+00
 2.50000e+00
 2.50000e+00
 2.50000e+00
 2.50000e+00
 2.50000e+00
 2.49999e+00
 2.49994e+00
 2.49973e+00
 2.49905e+00
 2.49703e+00
 2.49209e+00
 2.48219e+00
 2.46597e+00
 2.44378e+00
 2.41727e+00
 2.38807e+00
 2.35730e+00
 2.32547e+00
 2.29318e+00
 2.26062e+00
 2.22785e+00
 2.19489e+00
 2.16169e+00
 2.12828e+00
 2.09666e+00
 2.06453e+00
 2.03529e+00
 2.00434e+00
 1.97432e+00
 1.94711e+00
 1.91988e+00
 1.89192e+00
 1.86146e+00
 1.83567e+00
 1.82314e+00
 1.80558e+00
 2.50000e+00
 2.50000e+00
 2.50000e+00
 2.50000e+00
 2.50000e+00
 2.50000e+00
 2.50000e+00
 2.50000e+00
 2.50000e+00
 2.50000e+00
 2.50000e+00
 2.50000e+00
 2.50000e+00
 2.50000e+00
 2.50000e+00
 2.50000e+00
 2.50000e+00
 2.50000e+00
 2.50000e+00
 2.49999e+00
 2.49994e+00
 2.49973e+00
 2.49905e+00
 2.49703e+00
 2.49209e+00
 2.48219e+00
 2.46597e+00
 2.44378e+00
 2.41727e+00
 2.38807e+00
 2.35730e+00
 2.32547e+00
 2.29318e+00
 2.26062e+00
 2.22785e+00
 2.19489e+00
 2.16169e+00
 2.12828e+00
 2.09666e+00
 2.06453e+00
 2.03529e+00
 2.00434e+00
 1.97432e+00
 1.94711e+00
 1.91988e+00
 1.89192e+00
 1.86146e+00
 1.83567e+00
 1.82314e+00
 1.80558e+00
 2.50000e+00
 2.50000e+00
 2.50000e+00
 2.50000e+00
 2.50000e+00
 2.50000e+00
 2.50000e+00
 2.50000e+00
 2.50000e+00
 2.50000e+00
 2.50000e+00
 2.50000e+00
 2.50000e+00
 2.50000e+00
 2.50000e+00
 2.50000e+00
 2.50000e+00
 2.50000e+00
 2.50000e+00
 2.49999e+00
 2.49994e+00
 2.49973e+00
 2.49905e+00
 2.49703e+00
 2.49209e+00
 2.48219e+00
 2.46597e+00
 2.44378e+00
 2.41727e+00
 2.38807e+00
 2.35730e+00
 2.32547e+00
 2.29318e+00
 2.26062e+00
 2.22785e+00
 2.19489e+00
 2.16169e+00
 2.12828e+00
 2.09666e+00
 2.06453e+00
 2.03529e+00
 2.00434e+00
 1.97432e+00
 1.94711e+00
 1.91988e+00
 1.89192e+00
 1.86146e+00
 1.83567e+00
 1.82314e+00
 1.80558e+00
 2.50000e+00
 2.50000e+00
 2.50000e+00
 2.50000e+00
 2.50000e+00
 2.50000e+00
 2.50000e+00
 2.50000e+00
 2.50000e+00
 2.50000e+00
 2.50000e+00
 2.50000e+00
 2.50000e+00
 2.50000e+00
 2.50000e+00
 2.50000e+00
 2.50000e+00
 2.50000e+00
 2.50000e+00
 2.49999e+00
 2.49994e+00
 2.49973e+00
 2.49905e+00
 2.49703e+00
 2.49209e+00
 2.48219e+00
 2.46597e+00
 2.44378e+00
 2.41727e+00
 2.38807e+00
 2.35730e+00
 2.32547e+00
 2.29318e+00
 2.26062e+00
 2.22785e+00
 2.19489e+00
 2.16169e+00
 2.12828e+00
 2.09666e+00
 2.06453e+00
 2.03529e+00
 2.00434e+00
 1.97432e+00
 1.94711e+00
 1.91988e+00
 1.89192e+00
 1.86146e+00
 1.83567e+00
 1.82314e+00
 1.80558e+00
 2.50000e+00
 2.50000e+00
 2.50000e+00
 2.50000e+00
 2.50000e+00
 2.50000e+00
 2.50000e+00
 2.50000e+00
 2.50000e+00
 2.50000e+00
 2.50000e+00
 2.50000e+00
 2.50000e+00
 2.50000e+00
 2.50000e+00
 2.50000e+00
 2.50000e+00
 2.50000e+00
 2.50000e+00
 2.49999e+00
 2.49994e+00
 2.49973e+00
 2.49905e+00
 2.49703e+00
 2.49209e+00
 2.48219e+00
 2.46597e+00
 2.44378e+00
 2.41727e+00
 2.38807e+00
 2.35730e+00
 2.32547e+00
 2.29318e+00
 2.26062e+00
 2.22785e+00
 2.19489e+00
 2.16169e+00
 2.12828e+00
 2.09666e+00
 2.06453e+00
 2.03529e+00
 2.00434e+00
 1.97432e+00
 1.94711e+00
 1.91988e+00
 1.89192e+00
 1.86146e+00
 1.83567e+00
 1.82314e+00
 1.80558e+00
 2.50000e+00
 2.50000e+00
 2.50000e+00
 2.50000e+00
 2.50000e+00
 2.50000e+00
 2.50000e+00
 2.50000e+00
 2.50000e+00
 2.50000e+00
 2.50000e+00
 2.50000e+00
 2.50000e+00
 2.50000e+00
 2.50000e+00
 2.50000e+00
 2.50000e+00
 2.50000e+00
 2.50000e+00
 2.49999e+00
 2.49994e+00
 2.49973e+00
 2.49905e+00
 2.49703e+00
 2.49209e+00
 2.48219e+00
 2.46597e+00
 2.44378e+00
 2.41727e+00
 2.38807e+00
 2.35730e+00
 2.32547e+00
 2.29318e+00
 2.26062e+00
 2.22785e+00
 2.19489e+00
 2.16169e+00
 2.12828e+00
 2.09666e+00
 2.06453e+00
 2.03529e+00
 2.00434e+00
 1.97432e+00
 1.94711e+00
 1.91988e+00
 1.89192e+00
 1.86146e+00
 1.83567e+00
 1.82314e+00
 1.80558e+00
 2.50000e+00
 2.50000e+00
 2.50000e+00
 2.50000e+00
 2.50000e+00
 2.50000e+00
 2.50000e+00
 2.50000e+00
 2.50000e+00
 2.50000e+00
 2.50000e+00
 2.50000e+00
 2.50000e+00
 2.50000e+00
 2.50000e+00
 2.50000e+00
 2.50000e+00
 2.50000e+00
 2.50000e+00
 2.49999e+00
 2.49994e+00
 2.49973e+00
 2.49905e+00
 2.49703e+00
 2.49209e+00
 2.48219e+00
 2.46597e+00
 2.44378e+00
 2.41727e+00
 2.38807e+00
 2.35730e+00
 2.32547e+00
 2.29318e+00
 2.26062e+00
 2.22785e+00
 2.19489e+00
 2.16169e+00
 2.12828e+00
 2.09666e+00
 2.06453e+00
 2.03529e+00
 2.00434e+00
 1.97432e+00
 1.94711e+00
 1.91988e+00
 1.89192e+00
 1.86146e+00
 1.83567e+00
 1.82314e+00
 1.80558e+00
 2.50000e+00
 2.50000e+00
 2.50000e+00
 2.50000e+00
 2.50000e+00
 2.50000e+00
 2.50000e+00
 2.50000e+00
 2.50000e+00
 2.50000e+00
 2.50000e+00
 2.50000e+00
 2.50000e+00
 2.50000e+00
 2.50000e+00
 2.50000e+00
 2.50000e+00
 2.50000e+00
 2.50000e+00
 2.49999e+00
 2.49994e+00
 2.49973e+00
 2.49905e+00
 2.49703e+00
 2.49209e+00
 2.48219e+00
 2.46597e+00
 2.44378e+00
 2.41727e+00
 2.38807e+00
 2.35730e+00
 2.32547e+00
 2.29318e+00
 2.26062e+00
 2.22785e+00
 2.19489e+00
 2.16169e+00
 2.12828e+00
 2.09666e+00
 2.06453e+00
 2.03529e+00
 2.00434e+00
 1.97432e+00
 1.94711e+00
 1.91988e+00
 1.89192e+00
 1.86146e+00
 1.83567e+00
 1.82314e+00
 1.80558e+00
part
         4
hexa8
 1.78314e+00
 1.76940e+00
 1.77520e+00
 1.78055e+00
 1.77917e+00
 1.77616e+00
 1.77077e+00
 1.76959e+00
 1.77373e+00
 1.77901e+00
 1.78186e+00
 1.78086e+00
 1.77948e+00
 1.77825e+00
 1.78172e+00
 1.80171e+00
 1.86137e+00
 2.00479e+00
 2.32800e+00
 2.66876e+00
 2.81753e+00
 2.87111e+00
 2.88330e+00
 2.88083e+00
 2.87474e+00
 2.86839e+00
 2.86302e+00
 2.85874e+00
 2.85385e+00
 2.84686e+00
 2.83788e+00
 2.82046e+00
 2.78349e+00
 2.71181e+00
 2.59085e+00
 2.42961e+00
 2.26613e+00
 2.13514e+00
 2.05480e+00
 2.01785e+00
 2.00500e+00
 2.00130e+00
 2.00033e+00
 2.00008e+00
 2.00002e+00
 2.00000e+00
 2.00000e+00
 2.00000e+00
 2.00000e+00
 2.00000e+00
 1.78314e+00
 1.76940e+00
 1.77520e+00
 1.78055e+00
 1.77917e+00
 1.77616e+00
 1.77077e+00
 1.76959e+00
 1.77373e+00
 1.77901e+00
 1.78186e+00
 1.78086e+00
 1.77948e+00
 1.77825e+00
 1.78172e+00
 1.80171e+00
 1.86137e+00
 2.00479e+00
 2.32800e+00
 2.66876e+00
 2.81753e+00
 2.87111e+00
 2.88330e+00
 2.88083e+00
 2.87474e+00
 2.86839e+00
 2.86302e+00
 2.85874e+00
 2.85385e+00
 2.84686e+00
 2.83788e+00
 2.82046e+00
 2.78349e+00
 2.71181e+00
 2.59085e+00
 2.42961e+00
 2.26613e+00
 2.13514e+00
 2.05480e+00
 2.01785e+00
 2.00500e+00
 2.00130e+00
 2.00033e+00
 2.00008e+00
 2.00002e+00
 2.00000e+00
 2.00000e+00
 2.00000e+00
 2.00000e+00
 2.00000e+00
 1.78314e+00
 1.76940e+00
 1.77520e+00
 1.78055e+00
 1.77917e+00
 1.77616e+00
 1.77077e+00
 1.76959e+00
 1.77373e+00
 1.77901e+00
 1.78186e+00
 1.78086e+00
 1.77948e+00
 1.77825e+00
 1.78172e+00
 1.80171e+00
 1.86137e+00
 2.00479e+00
 2.32800e+00
 2.66876e+00
 2.81753e+00
 2.87111e+00
 2.88330e+00
 2.88083e+00
 2.87474e+00
 2.86839e+00
 2.86302e+00
 2.85874e+00
 2.85385e+00
 2.84686e+00
 2.83788e+00
 2.82046e+00
 2.78349e+00
 2.71181e+00
 2.59085e+00
 2.42961e+00
 2.26613e+00
 2.13514e+00
 2.05480e+00
 2.01785e+00
 2.00500e+00
 2.00130e+00
 2.00033e+00
 2.00008e+00
 2.00002e+00
 2.00000e+00
 2.00000e+00
 2.00000e+00
 2.00000e+00
 2.00000e+00
 1.78314e+00
 1.76940e+00
 1.77520e+00
 1.78055e+00
 1.77917e+00
 1.77616e+00
 1.77077e+00
 1.76959e+00
 1.77373e+00
 1.77901e+00
 1.78186e+00
 1.78086e+00
 1.77948e+00
 1.77825e+00
 1.78172e+00
 1.80171e+00
 1.86137e+00
 2.00479e+00
 2.32800e+00
 2.66876e+00
 2.81753e+00
 2.87111e+00
 2.88330e+00
 2.88083e+00
 2.87474e+00
 2.86839e+00
 2.86302e+00
 2.85874e+00
 2.85385e+00
 2.84686e+00
 2.83788e+00
 2.82046e+00
 2.78349e+00
 2.71181e+00
 2.59085e+00
 2.42961e+00
 2.26613e+00
 2.13514e+00
 2.05480e+00
 2.01785e+00
 2.00500e+00
 2.00130e+00
 2.00033e+00
 2.00008e+00
 2.00002e+00
 2.00000e+00
 2.00000e+00
 2.00000e+00
 2.00000e+00
 2.00000e+00
 1.78314e+00
 1.76940e+00
 1.77520e+00
 1.78055e+00
 1.77917e+00
 1.77616e+00
 1.77077e+00
 1.76959e+00
 1.77373e+00
 1.77901e+00
 1.78186e+00
 1.78086e+00
 1.77948e+00
 1.77825e+00
 1.78172e+00
 1.80171e+00
 1.86137e+00
 2.00479e+00
 2.32800e+00
 2.66876e+00
 2.81753e+00
 2.87111e+00
 2.88330e+00
 2.88083e+00
 2.87474e+00
 2.86839e+00
 2.86302e+00
 2.85874e+00
 2.85385e+00
 2.84686e+00
 2.83788e+00
 2.82046e+00
 2.78349e+00
 2.71181e+00
 2.59085e+00
 2.42961e+00
 2.26613e+00
 2.13514e+00
 2.05480e+00
 2.01785e+00
 2.00500e+00
 2.00130e+00
 2.00033e+00
 2.00008e+00
 2.00002e+00
 2.00000e+00
 2.00000e+00
 2.00000e+00
 2.00000e+00
 2.00000e+00
 1.78314e+00
 1.76940e+00
 1.77520e+00
 1.78055e+00
 1.77917e+00
 1.77616e+00
 1.77077e+00
 1.76959e+00
 1.77373e+00
 1.77901e+00
 1.78186e+00
 1.78086e+00
 1.77948e+00
 1.77825e+00
 1.78172e+00
 1.80171e+00
 1.86137e+00
 2.00479e+00
 2.32800e+00
 2.66876e+00
 2.81753e+00
 2.87111e+00
 2.88330e+00
 2.88083e+00
 2.87474e+00
 2.86839e+00
 2.86302e+00
 2.85874e+00
 2.85385e+00
 2.84686e+00
 2.83788e+00
 2.82046e+00
 2.78349e+00
 2.71181e+00
 2.59085e+00
 2.42961e+00
 2.26613e+00
 2.13514e+00
 2.05480e+00
 2.01785e+00
 2.00500e+00
 2.00130e+00
 2.00033e+00
 2.00008e+00
 2.00002e+00
 2.00000e+00
 2.00000e+00
 2.00000e+00
 2.00000e+00
 2.00000e+00
 1.78314e+00
 1.76940e+00
 1.77520e+00
 1.78055e+00
 1.77917e+00
 1.77616e+00
 1.77077e+00
 1.76959e+00
 1.77373e+00
 1.77901e+00
 1.78186e+00
 1.78086e+00
 1.77948e+00
 1.77825e+00
 1.78172e+00
 1.80171e+00
 1.86137e+00
 2.00479e+00
 2.32800e+00
 2.66876e+00
 2.81753e+00
 2.87111e+00
 2.88330e+00
 2.88083e+00
 2.87474e+00
 2.86839e+00
 2.86302e+00
 2.85874e+00
 2.85385e+00
 2.84686e+00
 2.83788e+00
 2.82046e+00
 2.78349e+00
 2.71181e+00
 2.59085e+00
 2.42961e+00
 2.26613e+00
 2.13514e+00
 2.05480e+00
 2.01785e+00
 2.00500e+00
 2.00130e+00
 2.00033e+00
 2.00008e+00
 2.00002e+00
 2.00000e+00
 2.00000e+00
 2.00000e+00
 2.00000e+00
 2.00000e+00
 1.78314e+00
 1.76940e+00
 1.77520e+00
 1.78055e+00
 1.77917e+00
 1.77616e+00
 1.77077e+00
 1.76959e+00
 1.77373e+00
 1.77901e+00
 1.78186e+00
 1.78086e+00
 1.77948e+00
 1.77825e+00
 1.78172e+00
 1.80171e+00
 1.86137e+00
 2.00479e+00
 2.32800e+00
 2.66876e+00
 2.81753e+00
 2.87111e+00
 2.88330e+00
 2.88083e+00
 2.87474e+00
 2.86839e+00
 2.86302e+00
 2.85874e+00
 2.85385e+00
 2.84686e+00
 2.83788e+00
 2.82046e+00
 2.78349e+00
 2.71181e+00
 2.59085e+00
 2.42961e+00
 2.26613e+00
 2.13514e+00
 2.05480e+00
 2.01785e+00
 2.00500e+00
 2.00130e+00
 2.00033e+00
 2.00008e+00
 2.00002e+00
 2.00000e+00
 2.00000e+00
 2.00000e+00
 2.00000e+00
 2.00000e+00
 1.78314e+00
 1.76940e+00
 1.77520e+00
 1.78055e+00
 1.77917e+00
 1.77616e+00
 1.77077e+00
 1.76959e+00
 1.77373e+00
 1.77901e+00
 1.78186e+00
 1.78086e+00
 1.77948e+00
 1.77825e+00
 1.78172e+00
 1.80171e+00
 1.86137e+00
 2.00479e+00
 2.32800e+00
 2.66876e+00
 2.81753e+00
 2.87111e+00
 2.88330e+00
 2.88083e+00
 2.87474e+00
 2.86839e+00
 2.86302e+00
 2.85874e+00
 2.85385e+00
 2.84686e+00
 2.83788e+00
 2.82046e+00
 2.78349e+00
 2.71181e+00
 2.59085e+00
 2.42961e+00
 2.26613e+00
 2.13514e+00
 2.05480e+00
 2.01785e+00
 2.00500e+00
 2.00130e+00
 2.00033e+00
 2.00008e+00
 2.00002e+00
 2.00000e+00
 2.00000e+00
 2.00000e+00
 2.00000e+00
 2.00000e+00
 1.78314e+00
 1.76940e+00
 1.77520e+00
 1.78055e+00
 1.77917e+00
 1.77616e+00
 1.77077e+00
 1.76959e+00
 1.77373e+00
 1.77901e+00
 1.78186e+00
 1.78086e+00
 1.77948e+00
 1.77825e+00
 1.78172e+00
 1.80171e+00
 1.86137e+00
 2.00479e+00
 2.32800e+00
 2.66876e+00
 2.81753e+00
 2.87111e+00
 2.88330e+00
 2.88083e+00
 2.87474e+00
 2.86839e+00
 2.86302e+00
 2.85874e+00
 2.85385e+00
 2.84686e+00
 2.83788e+00
 2.82046e+00
 2.78349e+00
 2.71181e+00
 2.59085e+00
 2.42961e+00
 2.26613e+00
 2.13514e+00
 2.05480e+00
 2.01785e+00
 2.00500e+00
 2.00130e+00
 2.00033e+00
 2.00008e+00
 2.00002e+00
 2.00000e+00
 2.00000e+00
 2.00000e+00
 2.00000e+00
 2.00000e+00
 1.78314e+00
 1.76940e+00
 1.77520e+00
 1.78055e+00
 1.77917e+00
 1.77616e+00
 1.77077e+00
 1.76959e+00
 1.77373e+00
 1.77901e+00
 1.78186e+00
 1.78086e+00
 1.77948e+00
 1.77825e+00
 1.78172e+00
 1.80171e+00
 1.86137e+00
 2.00479e+00
 2.32800e+00
 2.66876e+00
 2.81753e+00
 2.87111e+00
 2.88330e+00
 2.88083e+00
 2.87474e+00
 2.86839e+00
 2.86302e+00
 2.85874e+00
 2.85385e+00
 2.84686e+00
 2.83788e+00
 2.82046e+00
 2.78349e+00
 2.71181e+00
 2.59085e+00
 2.42961e+00
 2.26613e+00
 2.13514e+00
 2.05480e+00
 2.01785e+00
 2.00500e+00
 2.00130e+00
 2.00033e+00
 2.00008e+00
 2.00002e+00
 2.00000e+00
 2.00000e+00
 2.00000e+00
 2.00000e+00
 2.00000e+00
 1.78314e+00
 1.76940e+00
 1.77520e+00
 1.78055e+00
 1.77917e+00
 1.77616e+00
 1.77077e+00
 1.76959e+00
 1.77373e+00
 1.77901e+00
 1.78186e+00
 1.78086e+00
 1.77948e+00
 1.77825e+00
 1.78172e+00
 1.80171e+00
 1.86137e+00
 2.00479e+00
 2.32800e+00
 2.66876e+00
 2.81753e+00
 2.87111e+00
 2.88330e+00
 2.88083e+00
 2.87474e+00
 2.86839e+00
 2.86302e+00
 2.85874e+00
 2.85385e+00
 2.84686e+00
 2.83788e+00
 2.82046e+00
 2.78349e+00
 2.71181e+00
 2.59085e+00
 2.42961e+00
 2.26613e+00
 2.13514e+00
 2.05480e+00
 2.01785e+00
 2.00500e+00
 2.00130e+00
 2.00033e+00
 2.00008e+00
 2.00002e+00
 2.00000e+00
 2.00000e+00
 2.00000e+00
 2.00000e+00
 2.00000e+00
 1.78314e+00
 1.76940e+00
 1.77520e+00
 1.78055e+00
 1.77917e+00
 1.77616e+00
 1.77077e+00
 1.76959e+00
 1.77373e+00
 1.77901e+00
 1.78186e+00
 1.78086e+00
 1.77948e+00
 1.77825e+00
 1.78172e+00
 1.80171e+00
 1.86137e+00
 2.00479e+00
 2.32800e+00
 2.66876e+00
 2.81753e+00
 2.87111e+00
 2.88330e+00
 2.88083e+00
 2.87474e+00
 2.86839e+00
 2.86302e+00
 2.85874e+00
 2.85385e+00
 2.84686e+00
 2.83788e+00
 2.82046e+00
 2.78349e+00
 2.71181e+00
 2.59085e+00
 2.42961e+00
 2.26613e+00
 2.13514e+00
 2.05480e+00
 2.01785e+00
 2.00500e+00
 2.00130e+00
 2.00033e+00
 2.00008e+00
 2.00002e+00
 2.00000e+00
 2.00000e+00
 2.00000e+00
 2.00000e+00
 2.00000e+00
 1.78314e+00
 1.76940e+00
 1.77520e+00
 1.78055e+00
 1.77917e+00
 1.77616e+00
 1.77077e+00
 1.76959e+00
 1.77373e+00
 1.77901e+00
 1.78186e+00
 1.78086e+00
 1.77948e+00
 1.77825e+00
 1.78172e+00
 1.80171e+00
 1.86137e+00
 2.00479e+00
 2.32800e+00
 2.66876e+00
 2.81753e+00
 2.87111e+00
 2.88330e+00
 2.88083e+00
 2.87474e+00
 2.86839e+00
 2.86302e+00
 2.85874e+00
 2.85385e+00
 2.84686e+00
 2.83788e+00
 2.82046e+00
 2.78349e+00
 2.71181e+00
 2.59085e+00
 2.42961e+00
 2.26613e+00
 2.13514e+00
 2.05480e+00
 2.01785e+00
 2.00500e+00
 2.00130e+00
 2.00033e+00
 2.00008e+00
 2.00002e+00
 2.00000e+00
 2.00000e+00
 2.00000e+00
 2.00000e+00
 2.00000e+00
 1.78314e+00
 1.76940e+00
 1.77520e+00
 1.78055e+00
 1.77917e+00
 1.77616e+00
 1.77077e+00
 1.76959e+00
 1.77373e+00
 1.77901e+00
 1.78186e+00
 1.78086e+00
 1.77948e+00
 1.77825e+00
 1.78172e+00
 1.80171e+00
 1.86137e+00
 2.00479e+00
 2.32800e+00
 2.66876e+00
 2.81753e+00
 2.87111e+00
 2.88330e+00
 2.88083e+00
 2.87474e+00
 2.86839e+00
 2.86302e+00
 2.85874e+00
 2.85385e+00
 2.84686e+00
 2.83788e+00
 2.82046e+00
 2.78349e+00
 2.71181e+00
 2.59085e+00
 2.42961e+00
 2.26613e+00
 2.13514e+00
 2.05480e+00
 2.01785e+00
 2.00500e+00
 2.00130e+00
 2.00033e+00
 2.00008e+00
 2.00002e+00
 2.00000e+00
 2.00000e+00
 2.00000e+00
 2.00000e+00
 2.00000e+00
