InternalEnergy
part
         1
quad4
 5.55157e+01
 5.02951e+01
 3.85467e+01
 3.19004e+01
 2.81333e+01
 2.54891e+01
 2.31569e+01
 2.10542e+01
 1.91058e+01
 1.72762e+01
 1.55298e+01
 1.38557e+01
 1.22671e+01
 1.07847e+01
 9.42615e+00
 8.20158e+00
 7.11277e+00
 6.15463e+00
 5.31748e+00
 4.58936e+00
 3.95791e+00
 3.41147e+00
 2.93944e+00
 2.53226e+00
 2.18133e+00
 1.87892e+00
 1.61826e+00
 1.39351e+00
 1.19969e+00
 1.03260e+00
 8.88635e-01
 7.64695e-01
 6.58099e-01
 5.66504e-01
 4.87867e-01
 4.20411e-01
 3.62594e-01
 3.13079e-01
 2.70703e-01
 2.34448e-01
 2.03421e-01
 1.76852e-01
 1.54045e-01
 1.34484e-01
 1.18703e-01
 1.03997e-01
 9.18027e-02
 7.71209e-02
 4.49612e-02
 1.28524e-02
 4.00293e-04
 2.59072e-06
 2.44816e-06
 2.44816e-06
 2.44816e-06
 2.44816e-06
 2.44816e-06
 2.44816e-06
 2.44816e-06
 2.44577e-06
 5.44834e+01
 5.30033e+01
 4.76846e+01
 4.22456e+01
 4.00975e+01
 3.77360e+01
 3.44382e+01
 3.05436e+01
 2.64700e+01
 2.25492e+01
 1.90810e+01
 1.61723e+01
 1.37726e+01
 1.17808e+01
 1.01043e+01
 8.67477e+00
 7.44529e+00
 6.38375e+00
 5.46697e+00
 4.67880e+00
 4.00474e+00
 3.42998e+00
 2.94028e+00
 2.52260e+00
 2.16551e+00
 1.85971e+00
 1.59760e+00
 1.37279e+00
 1.17990e+00
 1.01433e+00
 8.72203e-01
 7.50216e-01
 6.45538e-01
 5.55751e-01
 4.78767e-01
 4.12789e-01
 3.56269e-01
 3.07877e-01
 2.66463e-01
 2.31027e-01
 2.00699e-01
 1.74714e-01
 1.52383e-01
 1.33219e-01
 1.17798e-01
 1.03302e-01
 9.14002e-02
 7.64874e-02
 4.41828e-02
 1.23957e-02
 3.63179e-04
 2.56540e-06
 2.44816e-06
 2.44816e-06
 2.44816e-06
 2.44816e-06
 2.44816e-06
 2.44816e-06
 2.44816e-06
 2.44577e-06
 4.57102e+01
 5.03389e+01
 4.98643e+01
 4.84419e+01
 4.66582e+01
 4.42357e+01
 4.07479e+01
 3.62803e+01
 3.13525e+01
 2.65011e+01
 2.20985e+01
 1.83247e+01
 1.52058e+01
 1.26717e+01
 1.06178e+01
 8.94195e+00
 7.56018e+00
 6.41122e+00
 5.45359e+00
 4.65009e+00
 3.97093e+00
 3.39442e+00
 2.90397e+00
 2.48627e+00
 2.13044e+00
 1.82705e+00
 1.56804e+00
 1.34662e+00
 1.15712e+00
 9.94807e-01
 8.55660e-01
 7.36340e-01
 6.34028e-01
 5.46306e-01
 4.71098e-01
 4.06627e-01
 3.51374e-01
 3.04037e-01
 2.63496e-01
 2.28772e-01
 1.99010e-01
 1.73465e-01
 1.51469e-01
 1.32559e-01
 1.17366e-01
 1.02817e-01
 9.11369e-02
 7.57005e-02
 4.29261e-02
 1.15339e-02
 2.97556e-04
 2.52671e-06
 2.44816e-06
 2.44816e-06
 2.44816e-06
 2.44816e-06
 2.44816e-06
 2.44816e-06
 2.44816e-06
 2.44577e-06
 3.47314e+01
 4.35609e+01
 4.84537e+01
 4.82881e+01
 4.71818e+01
 4.49242e+01
 4.14648e+01
 3.70818e+01
 3.22555e+01
 2.74428e+01
 2.29883e+01
 1.90790e+01
 1.57722e+01
 1.30435e+01
 1.08226e+01
 9.02310e+00
 7.56603e+00
 6.38163e+00
 5.40559e+00
 4.59253e+00
 3.91040e+00
 3.33525e+00
 2.84876e+00
 2.43649e+00
 2.08660e+00
 1.78914e+00
 1.53575e+00
 1.31946e+00
 1.13452e+00
 9.76168e-01
 8.40451e-01
 7.24056e-01
 6.24188e-01
 5.38478e-01
 4.64911e-01
 4.01768e-01
 3.47583e-01
 3.01102e-01
 2.61239e-01
 2.27045e-01
 1.97692e-01
 1.72455e-01
 1.50675e-01
 1.31920e-01
 1.16893e-01
 1.02105e-01
 9.07121e-02
 7.43813e-02
 4.08965e-02
 1.02248e-02
 2.16349e-04
 2.49000e-06
 2.44816e-06
 2.44816e-06
 2.44816e-06
 2.44816e-06
 2.44816e-06
 2.44816e-06
 2.44816e-06
 2.44577e-06
 2.92860e+01
 3.87621e+01
 4.61534e+01
 4.70259e+01
 4.63012e+01
 4.42766e+01
 4.09331e+01
 3.66544e+01
 3.19574e+01
 2.72732e+01
 2.29167e+01
 1.90682e+01
 1.57924e+01
 1.30660e+01
 1.08292e+01
 9.01113e+00
 7.53490e+00
 6.32942e+00
 5.33871e+00
 4.51890e+00
 3.83637e+00
 3.26524e+00
 2.78535e+00
 2.38071e+00
 2.03846e+00
 1.74813e+00
 1.50117e+00
 1.29058e+00
 1.11061e+00
 9.56522e-01
 8.24431e-01
 7.11086e-01
 6.13764e-01
 5.30158e-01
 4.58312e-01
 3.96564e-01
 3.43496e-01
 2.97899e-01
 2.58723e-01
 2.25052e-01
 1.96085e-01
 1.71121e-01
 1.49520e-01
 1.30909e-01
 1.16094e-01
 1.01017e-01
 9.00054e-02
 7.23923e-02
 3.80691e-02
 8.53759e-03
 1.37269e-04
 2.46542e-06
 2.44816e-06
 2.44816e-06
 2.44816e-06
 2.44816e-06
 2.44816e-06
 2.44816e-06
 2.44816e-06
 2.44577e-06
 2.59302e+01
 3.60919e+01
 4.34530e+01
 4.46036e+01
 4.41011e+01
 4.23473e+01
 3.92635e+01
 3.52836e+01
 3.09301e+01
 2.65758e+01
 2.24857e+01
 1.88241e+01
 1.56579e+01
 1.29878e+01
 1.07747e+01
 8.95800e+00
 7.47217e+00
 6.25592e+00
 5.25773e+00
 4.43548e+00
 3.75516e+00
 3.18959e+00
 2.71711e+00
 2.32052e+00
 1.98617e+00
 1.70319e+00
 1.46289e+00
 1.25825e+00
 1.08353e+00
 9.34028e-01
 8.05889e-01
 6.95914e-01
 6.01432e-01
 5.20194e-01
 4.50301e-01
 3.90143e-01
 3.38353e-01
 2.93765e-01
 2.55371e-01
 2.22296e-01
 1.93774e-01
 1.69138e-01
 1.47772e-01
 1.29393e-01
 1.14888e-01
 9.95598e-02
 8.89632e-02
 6.96420e-02
 3.44866e-02
 6.61123e-03
 7.46968e-05
 2.45354e-06
 2.44816e-06
 2.44816e-06
 2.44816e-06
 2.44816e-06
 2.44816e-06
 2.44816e-06
 2.44816e-06
 2.44577e-06
 2.33504e+01
 3.30352e+01
 3.99201e+01
 4.10426e+01
 4.06313e+01
 3.91216e+01
 3.64224e+01
 3.29328e+01
 2.91172e+01
 2.52716e+01
 2.16041e+01
 1.82584e+01
 1.53066e+01
 1.27672e+01
 1.06241e+01
 8.83993e+00
 7.36669e+00
 6.15515e+00
 5.15996e+00
 4.34164e+00
 3.66691e+00
 3.10835e+00
 2.64376e+00
 2.25533e+00
 1.92896e+00
 1.65352e+00
 1.42016e+00
 1.22179e+00
 1.05267e+00
 9.08123e-01
 7.84301e-01
 6.78044e-01
 5.86728e-01
 5.08156e-01
 4.40483e-01
 3.82148e-01
 3.31835e-01
 2.88423e-01
 2.50955e-01
 2.18600e-01
 1.90637e-01
 1.66433e-01
 1.45405e-01
 1.27393e-01
 1.13185e-01
 9.78719e-02
 8.75191e-02
 6.60183e-02
 3.01966e-02
 4.65994e-03
 3.44094e-05
 2.44941e-06
 2.44816e-06
 2.44816e-06
 2.44816e-06
 2.44816e-06
 2.44816e-06
 2.44816e-06
 2.44816e-06
 2.44577e-06
 2.11330e+01
 2.94077e+01
 3.54885e+01
 3.66248e+01
 3.62974e+01
 3.50655e+01
 3.28451e+01
 2.99559e+01
 2.67669e+01
 2.35034e+01
 2.03287e+01
 1.73702e+01
 1.47038e+01
 1.23599e+01
 1.03404e+01
 8.62972e+00
 7.19943e+00
 6.01401e+00
 5.03624e+00
 4.23096e+00
 3.56711e+00
 3.01843e+00
 2.56322e+00
 2.18383e+00
 1.86609e+00
 1.59873e+00
 1.37281e+00
 1.18119e+00
 1.01810e+00
 8.78894e-01
 7.59747e-01
 6.57537e-01
 5.69688e-01
 4.94056e-01
 4.28847e-01
 3.72557e-01
 3.23917e-01
 2.81858e-01
 2.45473e-01
 2.13981e-01
 1.86710e-01
 1.63060e-01
 1.42484e-01
 1.24991e-01
 1.10922e-01
 9.60991e-02
 8.55578e-02
 6.13776e-02
 2.53630e-02
 2.91522e-03
 1.36714e-05
 2.44839e-06
 2.44816e-06
 2.44816e-06
 2.44816e-06
 2.44816e-06
 2.44816e-06
 2.44816e-06
 2.44816e-06
 2.44577e-06
 1.91172e+01
 2.55677e+01
 3.06464e+01
 3.18252e+01
 3.16099e+01
 3.06987e+01
 2.89986e+01
 2.67271e+01
 2.41587e+01
 2.14665e+01
 1.87833e+01
 1.62249e+01
 1.38708e+01
 1.17602e+01
 9.90624e+00
 8.30789e+00
 6.95238e+00
 5.81708e+00
 4.87387e+00
 4.09340e+00
 3.44825e+00
 2.91451e+00
 2.47198e+00
 2.10383e+00
 1.79628e+00
 1.53817e+00
 1.32060e+00
 1.13644e+00
 9.79965e-01
 8.46563e-01
 7.32472e-01
 6.34629e-01
 5.50522e-01
 4.78072e-01
 4.15547e-01
 3.61499e-01
 3.14715e-01
 2.74176e-01
 2.39029e-01
 2.08543e-01
 1.82093e-01
 1.59113e-01
 1.39099e-01
 1.22288e-01
 1.08202e-01
 9.42989e-02
 8.28897e-02
 5.55440e-02
 2.03483e-02
 1.56523e-03
 5.42579e-06
 2.44820e-06
 2.44816e-06
 2.44816e-06
 2.44816e-06
 2.44816e-06
 2.44816e-06
 2.44816e-06
 2.44816e-06
 2.44577e-06
 1.72450e+01
 2.18827e+01
 2.59197e+01
 2.70824e+01
 2.69800e+01
 2.63754e+01
 2.51613e+01
 2.34566e+01
 2.14532e+01
 1.92863e+01
 1.70649e+01
 1.48943e+01
 1.28554e+01
 1.09938e+01
 9.33027e+00
 7.87247e+00
 6.61812e+00
 5.55498e+00
 4.66351e+00
 3.92076e+00
 3.30378e+00
 2.79180e+00
 2.36678e+00
 2.01330e+00
 1.71839e+00
 1.47131e+00
 1.26338e+00
 1.08763e+00
 9.38473e-01
 8.11405e-01
 7.02775e-01
 6.09618e-01
 5.29513e-01
 4.60466e-01
 4.00816e-01
 3.49181e-01
 3.04410e-01
 2.65540e-01
 2.31768e-01
 2.02416e-01
 1.76904e-01
 1.54693e-01
 1.35344e-01
 1.19377e-01
 1.05168e-01
 9.24540e-02
 7.92179e-02
 4.85899e-02
 1.53155e-02
 6.89006e-04
 3.01126e-06
 2.44817e-06
 2.44816e-06
 2.44816e-06
 2.44816e-06
 2.44816e-06
 2.44816e-06
 2.44816e-06
 2.44816e-06
 2.44577e-06
 1.54742e+01
 1.86279e+01
 2.16547e+01
 2.27084e+01
 2.26912e+01
 2.23315e+01
 2.15173e+01
 2.02893e+01
 1.87692e+01
 1.70615e+01
 1.52562e+01
 1.34469e+01
 1.17121e+01
 1.01011e+01
 8.63888e+00
 7.33817e+00
 6.20321e+00
 5.22933e+00
 4.40427e+00
 3.71119e+00
 3.13182e+00
 2.64880e+00
 2.24664e+00
 1.91173e+00
 1.63225e+00
 1.39821e+00
 1.20137e+00
 1.03507e+00
 8.93986e-01
 7.73797e-01
 6.71028e-01
 5.82860e-01
 5.06994e-01
 4.41539e-01
 3.84923e-01
 3.35842e-01
 2.93212e-01
 2.56130e-01
 2.23847e-01
 1.95734e-01
 1.71252e-01
 1.49886e-01
 1.31307e-01
 1.16332e-01
 1.01819e-01
 9.05083e-02
 7.42781e-02
 4.08505e-02
 1.02107e-02
 2.37046e-04
 2.51959e-06
 2.44816e-06
 2.44816e-06
 2.44816e-06
 2.44816e-06
 2.44816e-06
 2.44816e-06
 2.44816e-06
 2.44816e-06
 2.44577e-06
 1.37913e+01
 1.58790e+01
 1.80079e+01
 1.88690e+01
 1.89125e+01
 1.87119e+01
 1.81939e+01
 1.73404e+01
 1.62138e+01
 1.48912e+01
 1.34464e+01
 1.19601e+01
 1.05059e+01
 9.13376e+00
 7.87095e+00
 6.73247e+00
 5.72604e+00
 4.85199e+00
 4.10362e+00
 3.46937e+00
 2.93532e+00
 2.48751e+00
 2.11304e+00
 1.80028e+00
 1.53885e+00
 1.31971e+00
 1.13529e+00
 9.79402e-01
 8.47056e-01
 7.34230e-01
 6.37673e-01
 5.54751e-01
 4.83318e-01
 4.21606e-01
 3.68147e-01
 3.21724e-01
 2.81329e-01
 2.46124e-01
 2.15413e-01
 1.88618e-01
 1.65234e-01
 1.44767e-01
 1.27078e-01
 1.13146e-01
 9.83178e-02
 8.80746e-02
 6.78810e-02
 3.24999e-02
 5.71355e-03
 6.14364e-05
 2.45401e-06
 2.44816e-06
 2.44816e-06
 2.44816e-06
 2.44816e-06
 2.44816e-06
 2.44816e-06
 2.44816e-06
 2.44816e-06
 2.44577e-06
 1.22043e+01
 1.35861e+01
 1.49909e+01
 1.56204e+01
 1.56896e+01
 1.55802e+01
 1.52605e+01
 1.46824e+01
 1.38630e+01
 1.28533e+01
 1.17117e+01
 1.05059e+01
 9.30151e+00
 8.14710e+00
 7.07119e+00
 6.08973e+00
 5.21203e+00
 4.44126e+00
 3.77455e+00
 3.20443e+00
 2.72070e+00
 2.31246e+00
 1.96924e+00
 1.68137e+00
 1.44000e+00
 1.23722e+00
 1.06624e+00
 9.21479e-01
 7.98387e-01
 6.93286e-01
 6.03198e-01
 5.25709e-01
 4.58844e-01
 4.00977e-01
 3.50756e-01
 3.07059e-01
 2.68960e-01
 2.35689e-01
 2.06605e-01
 1.81179e-01
 1.58934e-01
 1.39408e-01
 1.22761e-01
 1.09285e-01
 9.51907e-02
 8.46574e-02
 5.97030e-02
 2.39240e-02
 2.54179e-03
 1.25783e-05
 2.44852e-06
 2.44816e-06
 2.44816e-06
 2.44816e-06
 2.44816e-06
 2.44816e-06
 2.44816e-06
 2.44816e-06
 2.44816e-06
 2.44577e-06
 1.07288e+01
 1.16619e+01
 1.25317e+01
 1.29388e+01
 1.29981e+01
 1.29355e+01
 1.27355e+01
 1.23455e+01
 1.17554e+01
 1.09928e+01
 1.01009e+01
 9.13361e+00
 8.14693e+00
 7.18579e+00
 6.27880e+00
 5.44256e+00
 4.68703e+00
 4.01696e+00
 3.43192e+00
 2.92735e+00
 2.49597e+00
 2.12943e+00
 1.81941e+00
 1.55804e+00
 1.33796e+00
 1.15241e+00
 9.95497e-01
 8.62297e-01
 7.48757e-01
 6.51587e-01
 5.68110e-01
 4.96150e-01
 4.33922e-01
 3.79947e-01
 3.33000e-01
 2.92059e-01
 2.56284e-01
 2.24973e-01
 1.97545e-01
 1.73514e-01
 1.52423e-01
 1.33884e-01
 1.18465e-01
 1.04903e-01
 9.24213e-02
 7.96447e-02
 4.95712e-02
 1.60838e-02
 8.36372e-04
 3.52276e-06
 2.44819e-06
 2.44816e-06
 2.44816e-06
 2.44816e-06
 2.44816e-06
 2.44816e-06
 2.44816e-06
 2.44816e-06
 2.44816e-06
 2.44577e-06
 9.37922e+00
 1.00276e+01
 1.05293e+01
 1.07542e+01
 1.07831e+01
 1.07396e+01
 1.06034e+01
 1.03315e+01
 9.90382e+00
 9.33007e+00
 8.63887e+00
 7.87064e+00
 7.07074e+00
 6.27848e+00
 5.52122e+00
 4.81573e+00
 4.17230e+00
 3.59652e+00
 3.08949e+00
 2.64870e+00
 2.26908e+00
 1.94432e+00
 1.66789e+00
 1.43348e+00
 1.23508e+00
 1.06706e+00
 9.24412e-01
 8.02892e-01
 6.98972e-01
 6.09766e-01
 5.32913e-01
 4.66482e-01
 4.08883e-01
 3.58792e-01
 3.15109e-01
 2.76918e-01
 2.43463e-01
 2.14112e-01
 1.88342e-01
 1.65710e-01
 1.45765e-01
 1.28293e-01
 1.14269e-01
 1.00274e-01
 8.96530e-02
 7.24714e-02
 3.84886e-02
 8.87349e-03
 1.87500e-04
 2.51236e-06
 2.44816e-06
 2.44816e-06
 2.44816e-06
 2.44816e-06
 2.44816e-06
 2.44816e-06
 2.44816e-06
 2.44816e-06
 2.44816e-06
 2.44577e-06
 8.16373e+00
 8.62454e+00
 8.88756e+00
 8.98077e+00
 8.97854e+00
 8.93498e+00
 8.82686e+00
 8.62455e+00
 8.30694e+00
 7.87267e+00
 7.33814e+00
 6.73195e+00
 6.08898e+00
 5.44191e+00
 4.81538e+00
 4.22562e+00
 3.68285e+00
 3.19302e+00
 2.75822e+00
 2.37733e+00
 2.04694e+00
 1.76240e+00
 1.51863e+00
 1.31065e+00
 1.13359e+00
 9.82849e-01
 8.54269e-01
 7.44256e-01
 6.49805e-01
 5.68431e-01
 4.98088e-01
 4.37089e-01
 3.84037e-01
 3.37763e-01
 2.97289e-01
 2.61806e-01
 2.30638e-01
 2.03221e-01
 1.79093e-01
 1.57838e-01
 1.39025e-01
 1.22773e-01
 1.09863e-01
 9.58800e-02
 8.58873e-02
 6.28410e-02
 2.70817e-02
 3.61809e-03
 2.79074e-05
 2.45038e-06
 2.44816e-06
 2.44816e-06
 2.44816e-06
 2.44816e-06
 2.44816e-06
 2.44816e-06
 2.44816e-06
 2.44816e-06
 2.44816e-06
 2.44577e-06
 7.08314e+00
 7.41212e+00
 7.52771e+00
 7.53961e+00
 7.51333e+00
 7.45730e+00
 7.35862e+00
 7.19654e+00
 6.95210e+00
 6.61836e+00
 6.20303e+00
 5.72533e+00
 5.21106e+00
 4.68614e+00
 4.17169e+00
 3.68257e+00
 3.22852e+00
 2.81544e+00
 2.44592e+00
 2.11981e+00
 1.83494e+00
 1.58793e+00
 1.37494e+00
 1.19205e+00
 1.03539e+00
 9.01234e-01
 7.86181e-01
 6.87253e-01
 6.01932e-01
 5.28115e-01
 4.64059e-01
 4.08310e-01
 3.59657e-01
 3.17079e-01
 2.79721e-01
 2.46869e-01
 2.17928e-01
 1.92401e-01
 1.69878e-01
 1.49953e-01
 1.32279e-01
 1.17477e-01
 1.04542e-01
 9.23582e-02
 7.99706e-02
 5.03791e-02
 1.67716e-02
 9.93589e-04
 4.36759e-06
 2.44826e-06
 2.44816e-06
 2.44816e-06
 2.44816e-06
 2.44816e-06
 2.44816e-06
 2.44816e-06
 2.44816e-06
 2.44816e-06
 2.44816e-06
 2.44577e-06
 6.13196e+00
 6.36191e+00
 6.39194e+00
 6.36516e+00
 6.31609e+00
 6.24670e+00
 6.15024e+00
 6.01235e+00
 5.81696e+00
 5.55504e+00
 5.22896e+00
 4.85115e+00
 4.44019e+00
 4.01594e+00
 3.59574e+00
 3.19255e+00
 2.81523e+00
 2.46935e+00
 2.15765e+00
 1.88057e+00
 1.63681e+00
 1.42399e+00
 1.23926e+00
 1.07960e+00
 9.41953e-01
 8.23347e-01
 7.21028e-01
 6.32568e-01
 5.55890e-01
 4.89245e-01
 4.31166e-01
 3.80419e-01
 3.35964e-01
 2.96922e-01
 2.62550e-01
 2.32228e-01
 2.05433e-01
 1.81734e-01
 1.60760e-01
 1.42103e-01
 1.25654e-01
 1.12504e-01
 9.90049e-02
 8.89469e-02
 7.09803e-02
 3.66736e-02
 7.95651e-03
 1.64328e-04
 2.51771e-06
 2.44817e-06
 2.44816e-06
 2.44816e-06
 2.44816e-06
 2.44816e-06
 2.44816e-06
 2.44816e-06
 2.44816e-06
 2.44816e-06
 2.44816e-06
 2.44577e-06
 5.30047e+00
 5.45283e+00
 5.44181e+00
 5.39574e+00
 5.33090e+00
 5.25231e+00
 5.15703e+00
 5.03522e+00
 4.87372e+00
 4.66337e+00
 4.40377e+00
 4.10276e+00
 3.77350e+00
 3.43090e+00
 3.08866e+00
 2.75764e+00
 2.44558e+00
 2.15751e+00
 1.89609e+00
 1.66207e+00
 1.45473e+00
 1.27246e+00
 1.11317e+00
 9.74574e-01
 8.54292e-01
 7.49976e-01
 6.59426e-01
 5.80685e-01
 5.12065e-01
 4.52129e-01
 3.99658e-01
 3.53617e-01
 3.13124e-01
 2.77428e-01
 2.45893e-01
 2.17978e-01
 1.93233e-01
 1.71287e-01
 1.51781e-01
 1.34342e-01
 1.19344e-01
 1.07095e-01
 9.41652e-02
 8.38495e-02
 5.84574e-02
 2.31284e-02
 2.47577e-03
 1.65051e-05
 2.44955e-06
 2.44816e-06
 2.44816e-06
 2.44816e-06
 2.44816e-06
 2.44816e-06
 2.44816e-06
 2.44816e-06
 2.44816e-06
 2.44816e-06
 2.44816e-06
 2.44577e-06
 4.57683e+00
 4.66973e+00
 4.64283e+00
 4.58683e+00
 4.51454e+00
 4.43245e+00
 4.33992e+00
 4.23028e+00
 4.09318e+00
 3.92050e+00
 3.71067e+00
 3.46857e+00
 3.20349e+00
 2.92641e+00
 2.64790e+00
 2.37672e+00
 2.11940e+00
 1.88033e+00
 1.66196e+00
 1.46517e+00
 1.28962e+00
 1.13422e+00
 9.97463e-01
 8.77655e-01
 7.72974e-01
 6.81584e-01
 6.01747e-01
 5.31904e-01
 4.70700e-01
 4.16966e-01
 3.69700e-01
 3.28043e-01
 2.91255e-01
 2.58698e-01
 2.29831e-01
 2.04189e-01
 1.81389e-01
 1.61106e-01
 1.42965e-01
 1.26777e-01
 1.13531e-01
 1.00860e-01
 9.03124e-02
 7.52592e-02
 4.28245e-02
 1.17453e-02
 4.42439e-04
 2.99694e-06
 2.44822e-06
 2.44816e-06
 2.44816e-06
 2.44816e-06
 2.44816e-06
 2.44816e-06
 2.44816e-06
 2.44816e-06
 2.44816e-06
 2.44816e-06
 2.44816e-06
 2.44577e-06
 3.94884e+00
 3.99890e+00
 3.96647e+00
 3.90718e+00
 3.83403e+00
 3.75352e+00
 3.66590e+00
 3.56661e+00
 3.44798e+00
 3.30348e+00
 3.13134e+00
 2.93465e+00
 2.71992e+00
 2.49517e+00
 2.26836e+00
 2.04636e+00
 1.83451e+00
 1.63652e+00
 1.45456e+00
 1.28954e+00
 1.14137e+00
 1.00930e+00
 8.92274e-01
 7.89030e-01
 6.98194e-01
 6.18353e-01
 5.48153e-01
 4.86368e-01
 4.31918e-01
 3.83862e-01
 3.41385e-01
 3.03779e-01
 2.70427e-01
 2.40795e-01
 2.14421e-01
 1.90911e-01
 1.69948e-01
 1.51213e-01
 1.34341e-01
 1.19631e-01
 1.07887e-01
 9.49844e-02
 8.54077e-02
 6.23235e-02
 2.69348e-02
 3.78205e-03
 4.12528e-05
 2.45710e-06
 2.44816e-06
 2.44816e-06
 2.44816e-06
 2.44816e-06
 2.44816e-06
 2.44816e-06
 2.44816e-06
 2.44816e-06
 2.44816e-06
 2.44816e-06
 2.44816e-06
 2.44577e-06
 3.40502e+00
 3.42616e+00
 3.39172e+00
 3.33347e+00
 3.26401e+00
 3.18871e+00
 3.10773e+00
 3.01802e+00
 2.91420e+00
 2.79147e+00
 2.64836e+00
 2.48695e+00
 2.31182e+00
 2.12877e+00
 1.94370e+00
 1.76186e+00
 1.58750e+00
 1.42367e+00
 1.27225e+00
 1.13409e+00
 1.00924e+00
 8.97239e-01
 7.97307e-01
 7.08526e-01
 6.29866e-01
 5.60252e-01
 4.98647e-01
 4.44096e-01
 3.95747e-01
 3.52851e-01
 3.14750e-01
 2.80863e-01
 2.50679e-01
 2.23754e-01
 1.99694e-01
 1.78179e-01
 1.58934e-01
 1.41604e-01
 1.26016e-01
 1.13161e-01
 1.01064e-01
 9.05933e-02
 7.65353e-02
 4.50376e-02
 1.33809e-02
 6.56188e-04
 3.88308e-06
 2.44833e-06
 2.44816e-06
 2.44816e-06
 2.44816e-06
 2.44816e-06
 2.44816e-06
 2.44816e-06
 2.44816e-06
 2.44816e-06
 2.44816e-06
 2.44816e-06
 2.44816e-06
 2.44577e-06
 2.93495e+00
 2.93770e+00
 2.90237e+00
 2.84778e+00
 2.78469e+00
 2.71662e+00
 2.64334e+00
 2.56285e+00
 2.47162e+00
 2.36640e+00
 2.24621e+00
 2.11255e+00
 1.96870e+00
 1.81885e+00
 1.66735e+00
 1.51815e+00
 1.37453e+00
 1.23894e+00
 1.11293e+00
 9.97301e-01
 8.92178e-01
 7.97265e-01
 7.12018e-01
 6.35761e-01
 5.67727e-01
 5.07108e-01
 4.53117e-01
 4.05019e-01
 3.62149e-01
 3.23916e-01
 2.89790e-01
 2.59298e-01
 2.32022e-01
 2.07586e-01
 1.85669e-01
 1.66016e-01
 1.48339e-01
 1.32291e-01
 1.18267e-01
 1.07031e-01
 9.46107e-02
 8.52652e-02
 6.23425e-02
 2.72016e-02
 4.01888e-03
 5.36200e-05
 2.46727e-06
 2.44817e-06
 2.44816e-06
 2.44816e-06
 2.44816e-06
 2.44816e-06
 2.44816e-06
 2.44816e-06
 2.44816e-06
 2.44816e-06
 2.44816e-06
 2.44816e-06
 2.44816e-06
 2.44577e-06
 2.52919e+00
 2.52085e+00
 2.48532e+00
 2.43593e+00
 2.38034e+00
 2.32022e+00
 2.25501e+00
 2.18348e+00
 2.10345e+00
 2.01289e+00
 1.91129e+00
 1.79982e+00
 1.68089e+00
 1.55755e+00
 1.43300e+00
 1.31020e+00
 1.19166e+00
 1.07928e+00
 9.74322e-01
 8.77472e-01
 7.88908e-01
 7.08454e-01
 6.35731e-01
 5.70241e-01
 5.11418e-01
 4.58665e-01
 4.11384e-01
 3.69012e-01
 3.31040e-01
 2.97000e-01
 2.66469e-01
 2.39065e-01
 2.14441e-01
 1.92287e-01
 1.72356e-01
 1.54420e-01
 1.38127e-01
 1.23419e-01
 1.11410e-01
 9.96205e-02
 8.98807e-02
 7.50510e-02
 4.30297e-02
 1.22966e-02
 5.91458e-04
 3.95539e-06
 2.44841e-06
 2.44816e-06
 2.44816e-06
 2.44816e-06
 2.44816e-06
 2.44816e-06
 2.44816e-06
 2.44816e-06
 2.44816e-06
 2.44816e-06
 2.44816e-06
 2.44816e-06
 2.44816e-06
 2.44577e-06
 2.17927e+00
 2.16436e+00
 2.12985e+00
 2.08626e+00
 2.03822e+00
 1.98595e+00
 1.92870e+00
 1.86575e+00
 1.79589e+00
 1.71797e+00
 1.63182e+00
 1.53841e+00
 1.43955e+00
 1.33751e+00
 1.23464e+00
 1.13318e+00
 1.03502e+00
 9.41643e-01
 8.54041e-01
 7.72782e-01
 6.98056e-01
 6.29776e-01
 5.67675e-01
 5.11397e-01
 4.60528e-01
 4.14619e-01
 3.73222e-01
 3.35916e-01
 3.02306e-01
 2.72024e-01
 2.44733e-01
 2.20123e-01
 1.97908e-01
 1.77850e-01
 1.59757e-01
 1.43339e-01
 1.28321e-01
 1.15376e-01
 1.04573e-01
 9.30940e-02
 8.33098e-02
 5.83165e-02
 2.37791e-02
 3.02964e-03
 3.72453e-05
 2.46243e-06
 2.44817e-06
 2.44816e-06
 2.44816e-06
 2.44816e-06
 2.44816e-06
 2.44816e-06
 2.44816e-06
 2.44816e-06
 2.44816e-06
 2.44816e-06
 2.44816e-06
 2.44816e-06
 2.44816e-06
 2.44577e-06
 1.87757e+00
 1.85897e+00
 1.82667e+00
 1.78891e+00
 1.74795e+00
 1.70301e+00
 1.65329e+00
 1.59842e+00
 1.53781e+00
 1.47091e+00
 1.39780e+00
 1.31930e+00
 1.23680e+00
 1.15199e+00
 1.06666e+00
 9.82474e-01
 9.00896e-01
 8.23055e-01
 7.49734e-01
 6.81393e-01
 6.18211e-01
 5.60153e-01
 5.07044e-01
 4.58630e-01
 4.14604e-01
 3.74634e-01
 3.38390e-01
 3.05553e-01
 2.75816e-01
 2.48891e-01
 2.24510e-01
 2.02418e-01
 1.82393e-01
 1.64268e-01
 1.47820e-01
 1.32715e-01
 1.19197e-01
 1.08441e-01
 9.66480e-02
 8.80275e-02
 7.02490e-02
 3.67353e-02
 8.78690e-03
 3.20640e-04
 3.11116e-06
 2.44834e-06
 2.44816e-06
 2.44816e-06
 2.44816e-06
 2.44816e-06
 2.44816e-06
 2.44816e-06
 2.44816e-06
 2.44816e-06
 2.44816e-06
 2.44816e-06
 2.44816e-06
 2.44816e-06
 2.44816e-06
 2.44577e-06
 1.61740e+00
 1.59713e+00
 1.56778e+00
 1.53558e+00
 1.50102e+00
 1.46274e+00
 1.41995e+00
 1.37253e+00
 1.32027e+00
 1.26301e+00
 1.20099e+00
 1.13491e+00
 1.06586e+00
 9.95122e-01
 9.24051e-01
 8.53930e-01
 7.85875e-01
 7.20760e-01
 6.59201e-01
 6.01566e-01
 5.48014e-01
 4.98546e-01
 4.53048e-01
 4.11341e-01
 3.73198e-01
 3.38381e-01
 3.06642e-01
 2.77738e-01
 2.51431e-01
 2.27497e-01
 2.05718e-01
 1.85893e-01
 1.67875e-01
 1.51498e-01
 1.36445e-01
 1.22682e-01
 1.11267e-01
 1.00498e-01
 9.07203e-02
 7.85313e-02
 4.94424e-02
 1.73278e-02
 1.50448e-03
 1.40672e-05
 2.45216e-06
 2.44817e-06
 2.44816e-06
 2.44816e-06
 2.44816e-06
 2.44816e-06
 2.44816e-06
 2.44816e-06
 2.44816e-06
 2.44816e-06
 2.44816e-06
 2.44816e-06
 2.44816e-06
 2.44816e-06
 2.44816e-06
 2.44577e-06
 1.39296e+00
 1.37249e+00
 1.34644e+00
 1.31933e+00
 1.29045e+00
 1.25810e+00
 1.22160e+00
 1.18094e+00
 1.13615e+00
 1.08731e+00
 1.03474e+00
 9.79064e-01
 9.21139e-01
 8.61963e-01
 8.02571e-01
 7.43956e-01
 6.86982e-01
 6.32329e-01
 5.80483e-01
 5.31739e-01
 4.86239e-01
 4.43999e-01
 4.04951e-01
 3.68966e-01
 3.35888e-01
 3.05538e-01
 2.77732e-01
 2.52283e-01
 2.29009e-01
 2.07729e-01
 1.88272e-01
 1.70509e-01
 1.54315e-01
 1.39418e-01
 1.25646e-01
 1.13778e-01
 1.03747e-01
 9.29391e-02
 8.39344e-02
 6.06570e-02
 2.66280e-02
 4.37150e-03
 9.45103e-05
 2.56033e-06
 2.44823e-06
 2.44816e-06
 2.44816e-06
 2.44816e-06
 2.44816e-06
 2.44816e-06
 2.44816e-06
 2.44816e-06
 2.44816e-06
 2.44816e-06
 2.44816e-06
 2.44816e-06
 2.44816e-06
 2.44816e-06
 2.44816e-06
 2.44577e-06
 1.19935e+00
 1.17970e+00
 1.15700e+00
 1.13441e+00
 1.11048e+00
 1.08339e+00
 1.05250e+00
 1.01789e+00
 9.79715e-01
 9.38199e-01
 8.93697e-01
 8.46761e-01
 7.98091e-01
 7.48466e-01
 6.98693e-01
 6.49545e-01
 6.01696e-01
 5.55683e-01
 5.11888e-01
 4.70554e-01
 4.31802e-01
 3.95659e-01
 3.62085e-01
 3.30995e-01
 3.02277e-01
 2.75799e-01
 2.51422e-01
 2.29006e-01
 2.08404e-01
 1.89475e-01
 1.72112e-01
 1.56223e-01
 1.41579e-01
 1.27954e-01
 1.15885e-01
 1.06221e-01
 9.50790e-02
 8.71492e-02
 6.89890e-02
 3.60094e-02
 9.01974e-03
 4.16448e-04
 4.03991e-06
 2.44874e-06
 2.44816e-06
 2.44816e-06
 2.44816e-06
 2.44816e-06
 2.44816e-06
 2.44816e-06
 2.44816e-06
 2.44816e-06
 2.44816e-06
 2.44816e-06
 2.44816e-06
 2.44816e-06
 2.44816e-06
 2.44816e-06
 2.44816e-06
 2.44577e-06
 1.03239e+00
 1.01420e+00
 9.94708e-01
 9.76069e-01
 9.56410e-01
 9.33897e-01
 9.07967e-01
 8.78708e-01
 8.46350e-01
 8.11172e-01
 7.73551e-01
 7.33977e-01
 6.93032e-01
 6.51338e-01
 6.09528e-01
 5.68210e-01
 5.27916e-01
 4.89070e-01
 4.51979e-01
 4.16842e-01
 3.83762e-01
 3.52774e-01
 3.23859e-01
 2.96960e-01
 2.71997e-01
 2.48874e-01
 2.27488e-01
 2.07725e-01
 1.89473e-01
 1.72650e-01
 1.57185e-01
 1.42889e-01
 1.29528e-01
 1.17476e-01
 1.07775e-01
 9.71143e-02
 8.90364e-02
 7.48428e-02
 4.45263e-02
 1.47087e-02
 1.22453e-03
 1.39387e-05
 2.45486e-06
 2.44818e-06
 2.44816e-06
 2.44816e-06
 2.44816e-06
 2.44816e-06
 2.44816e-06
 2.44816e-06
 2.44816e-06
 2.44816e-06
 2.44816e-06
 2.44816e-06
 2.44816e-06
 2.44816e-06
 2.44816e-06
 2.44816e-06
 2.44816e-06
 2.44577e-06
 8.88489e-01
 8.72105e-01
 8.55578e-01
 8.40360e-01
 8.24326e-01
 8.05770e-01
 7.84163e-01
 7.59589e-01
 7.32293e-01
 7.02580e-01
 6.70821e-01
 6.37459e-01
 6.02984e-01
 5.67901e-01
 5.32714e-01
 4.97904e-01
 4.63893e-01
 4.31020e-01
 3.99534e-01
 3.69598e-01
 3.41303e-01
 3.14686e-01
 2.89742e-01
 2.66435e-01
 2.44710e-01
 2.24496e-01
 2.05709e-01
 1.88267e-01
 1.72110e-01
 1.57184e-01
 1.43327e-01
 1.30325e-01
 1.18468e-01
 1.08760e-01
 9.87450e-02
 9.01813e-02
 7.87747e-02
 5.16396e-02
 2.03213e-02
 2.63218e-03
 5.12484e-05
 2.51592e-06
 2.44824e-06
 2.44816e-06
 2.44816e-06
 2.44816e-06
 2.44816e-06
 2.44816e-06
 2.44816e-06
 2.44816e-06
 2.44816e-06
 2.44816e-06
 2.44816e-06
 2.44816e-06
 2.44816e-06
 2.44816e-06
 2.44816e-06
 2.44816e-06
 2.44816e-06
 2.44577e-06
 7.64590e-01
 7.50138e-01
 7.36269e-01
 7.23973e-01
 7.10991e-01
 6.95808e-01
 6.77925e-01
 6.57405e-01
 6.34481e-01
 6.09456e-01
 5.82688e-01
 5.54574e-01
 5.25531e-01
 4.95977e-01
 4.66319e-01
 4.36939e-01
 4.08176e-01
 3.80302e-01
 3.53518e-01
 3.27962e-01
 3.03714e-01
 2.80813e-01
 2.59261e-01
 2.39039e-01
 2.20106e-01
 2.02407e-01
 1.85886e-01
 1.70505e-01
 1.56221e-01
 1.42888e-01
 1.30325e-01
 1.18803e-01
 1.09263e-01
 9.97221e-02
 9.09271e-02
 8.12499e-02
 5.70435e-02
 2.50404e-02
 4.46876e-03
 1.41318e-04
 2.86726e-06
 2.44846e-06
 2.44816e-06
 2.44816e-06
 2.44816e-06
 2.44816e-06
 2.44816e-06
 2.44816e-06
 2.44816e-06
 2.44816e-06
 2.44816e-06
 2.44816e-06
 2.44816e-06
 2.44816e-06
 2.44816e-06
 2.44816e-06
 2.44816e-06
 2.44816e-06
 2.44816e-06
 2.44577e-06
 6.58018e-01
 6.45474e-01
 6.33964e-01
 6.24113e-01
 6.13679e-01
 6.01339e-01
 5.86626e-01
 5.69577e-01
 5.50400e-01
 5.29381e-01
 5.06853e-01
 4.83173e-01
 4.58699e-01
 4.33781e-01
 4.08751e-01
 3.83917e-01
 3.59551e-01
 3.35872e-01
 3.13047e-01
 2.91192e-01
 2.70378e-01
 2.50642e-01
 2.31994e-01
 2.14422e-01
 1.97896e-01
 1.82385e-01
 1.67871e-01
 1.54313e-01
 1.41578e-01
 1.29529e-01
 1.18467e-01
 1.09261e-01
 1.00045e-01
 9.13092e-02
 8.25939e-02
 6.04957e-02
 2.86503e-02
 6.35135e-03
 2.93023e-04
 4.05019e-06
 2.44925e-06
 2.44817e-06
 2.44816e-06
 2.44816e-06
 2.44816e-06
 2.44816e-06
 2.44816e-06
 2.44816e-06
 2.44816e-06
 2.44816e-06
 2.44816e-06
 2.44816e-06
 2.44816e-06
 2.44816e-06
 2.44816e-06
 2.44816e-06
 2.44816e-06
 2.44816e-06
 2.44816e-06
 2.44577e-06
 5.66436e-01
 5.55694e-01
 5.46248e-01
 5.38411e-01
 5.30082e-01
 5.20113e-01
 5.08070e-01
 4.93963e-01
 4.77972e-01
 4.60358e-01
 4.41425e-01
 4.21488e-01
 4.00860e-01
 3.79835e-01
 3.58687e-01
 3.37668e-01
 3.16996e-01
 2.96851e-01
 2.77370e-01
 2.58652e-01
 2.40759e-01
 2.23727e-01
 2.07567e-01
 1.92274e-01
 1.77842e-01
 1.64263e-01
 1.51496e-01
 1.39418e-01
 1.27955e-01
 1.17479e-01
 1.08759e-01
 9.97215e-02
 9.13087e-02
 8.30134e-02
 6.21560e-02
 3.09686e-02
 7.86929e-03
 4.76503e-04
 6.52108e-06
 2.45175e-06
 2.44818e-06
 2.44816e-06
 2.44816e-06
 2.44816e-06
 2.44816e-06
 2.44816e-06
 2.44816e-06
 2.44816e-06
 2.44816e-06
 2.44816e-06
 2.44816e-06
 2.44816e-06
 2.44816e-06
 2.44816e-06
 2.44816e-06
 2.44816e-06
 2.44816e-06
 2.44816e-06
 2.44816e-06
 2.44577e-06
 4.87807e-01
 4.78715e-01
 4.71045e-01
 4.64851e-01
 4.58246e-01
 4.50231e-01
 4.40410e-01
 4.28770e-01
 4.15465e-01
 4.00728e-01
 3.84831e-01
 3.68053e-01
 3.50663e-01
 3.32911e-01
 3.15027e-01
 2.97217e-01
 2.79658e-01
 2.62498e-01
 2.45850e-01
 2.29798e-01
 2.14396e-01
 1.99676e-01
 1.85657e-01
 1.72349e-01
 1.59752e-01
 1.47818e-01
 1.36445e-01
 1.25646e-01
 1.15886e-01
 1.07777e-01
 9.87457e-02
 9.09275e-02
 8.25950e-02
 6.21547e-02
 3.17622e-02
 8.70969e-03
 6.28903e-04
 9.77910e-06
 2.45719e-06
 2.44820e-06
 2.44816e-06
 2.44816e-06
 2.44816e-06
 2.44816e-06
 2.44816e-06
 2.44816e-06
 2.44816e-06
 2.44816e-06
 2.44816e-06
 2.44816e-06
 2.44816e-06
 2.44816e-06
 2.44816e-06
 2.44816e-06
 2.44816e-06
 2.44816e-06
 2.44816e-06
 2.44816e-06
 2.44816e-06
 2.44577e-06
 4.20357e-01
 4.12741e-01
 4.06579e-01
 4.01715e-01
 3.96506e-01
 3.90084e-01
 3.82087e-01
 3.72493e-01
 3.61432e-01
 3.49110e-01
 3.35768e-01
 3.21650e-01
 3.06986e-01
 2.91991e-01
 2.76856e-01
 2.61751e-01
 2.46823e-01
 2.32190e-01
 2.17948e-01
 2.04166e-01
 1.90894e-01
 1.78167e-01
 1.66009e-01
 1.54416e-01
 1.43337e-01
 1.32715e-01
 1.22684e-01
 1.13780e-01
 1.06224e-01
 9.71157e-02
 9.01842e-02
 8.12508e-02
 6.04979e-02
 3.09632e-02
 8.70952e-03
 6.88229e-04
 1.21839e-05
 2.46407e-06
 2.44822e-06
 2.44816e-06
 2.44816e-06
 2.44816e-06
 2.44816e-06
 2.44816e-06
 2.44816e-06
 2.44816e-06
 2.44816e-06
 2.44816e-06
 2.44816e-06
 2.44816e-06
 2.44816e-06
 2.44816e-06
 2.44816e-06
 2.44816e-06
 2.44816e-06
 2.44816e-06
 2.44816e-06
 2.44816e-06
 2.44816e-06
 2.44577e-06
 3.62546e-01
 3.56225e-01
 3.51331e-01
 3.47537e-01
 3.43447e-01
 3.38303e-01
 3.31783e-01
 3.23864e-01
 3.14660e-01
 3.04353e-01
 2.93153e-01
 2.81271e-01
 2.68903e-01
 2.56231e-01
 2.43416e-01
 2.30597e-01
 2.17894e-01
 2.05406e-01
 1.93212e-01
 1.81374e-01
 1.69937e-01
 1.58927e-01
 1.48336e-01
 1.38126e-01
 1.28321e-01
 1.19197e-01
 1.11269e-01
 1.03747e-01
 9.50830e-02
 8.90377e-02
 7.87760e-02
 5.70410e-02
 2.86502e-02
 7.86898e-03
 6.28912e-04
 1.21842e-05
 2.46739e-06
 2.44823e-06
 2.44816e-06
 2.44816e-06
 2.44816e-06
 2.44816e-06
 2.44816e-06
 2.44816e-06
 2.44816e-06
 2.44816e-06
 2.44816e-06
 2.44816e-06
 2.44816e-06
 2.44816e-06
 2.44816e-06
 2.44816e-06
 2.44816e-06
 2.44816e-06
 2.44816e-06
 2.44816e-06
 2.44816e-06
 2.44816e-06
 2.44816e-06
 2.44577e-06
 3.13036e-01
 3.07838e-01
 3.03999e-01
 3.01061e-01
 2.97857e-01
 2.93722e-01
 2.88380e-01
 2.81814e-01
 2.74132e-01
 2.65494e-01
 2.56084e-01
 2.46079e-01
 2.35645e-01
 2.24933e-01
 2.14077e-01
 2.03191e-01
 1.92376e-01
 1.81715e-01
 1.71273e-01
 1.61097e-01
 1.51208e-01
 1.41601e-01
 1.32291e-01
 1.23421e-01
 1.15377e-01
 1.08443e-01
 1.00501e-01
 9.29421e-02
 8.71502e-02
 7.48416e-02
 5.16415e-02
 2.50470e-02
 6.35131e-03
 4.76491e-04
 9.77892e-06
 2.46407e-06
 2.44823e-06
 2.44816e-06
 2.44816e-06
 2.44816e-06
 2.44816e-06
 2.44816e-06
 2.44816e-06
 2.44816e-06
 2.44816e-06
 2.44816e-06
 2.44816e-06
 2.44816e-06
 2.44816e-06
 2.44816e-06
 2.44816e-06
 2.44816e-06
 2.44816e-06
 2.44816e-06
 2.44816e-06
 2.44816e-06
 2.44816e-06
 2.44816e-06
 2.44816e-06
 2.44577e-06
 2.70666e-01
 2.66429e-01
 2.63462e-01
 2.61204e-01
 2.58687e-01
 2.55335e-01
 2.50919e-01
 2.45437e-01
 2.38992e-01
 2.31731e-01
 2.23810e-01
 2.15378e-01
 2.06572e-01
 1.97515e-01
 1.88316e-01
 1.79072e-01
 1.69861e-01
 1.60747e-01
 1.51772e-01
 1.42959e-01
 1.34338e-01
 1.26016e-01
 1.18269e-01
 1.11412e-01
 1.04576e-01
 9.66503e-02
 9.07216e-02
 8.39363e-02
 6.89902e-02
 4.45263e-02
 2.03211e-02
 4.46861e-03
 2.92998e-04
 6.52093e-06
 2.45719e-06
 2.44822e-06
 2.44816e-06
 2.44816e-06
 2.44816e-06
 2.44816e-06
 2.44816e-06
 2.44816e-06
 2.44816e-06
 2.44816e-06
 2.44816e-06
 2.44816e-06
 2.44816e-06
 2.44816e-06
 2.44816e-06
 2.44816e-06
 2.44816e-06
 2.44816e-06
 2.44816e-06
 2.44816e-06
 2.44816e-06
 2.44816e-06
 2.44816e-06
 2.44816e-06
 2.44816e-06
 2.44577e-06
 2.34415e-01
 2.30996e-01
 2.28741e-01
 2.27014e-01
 2.25021e-01
 2.22265e-01
 2.18569e-01
 2.13951e-01
 2.08513e-01
 2.02387e-01
 1.95705e-01
 1.88590e-01
 1.81153e-01
 1.73492e-01
 1.65691e-01
 1.57822e-01
 1.49942e-01
 1.42095e-01
 1.34336e-01
 1.26774e-01
 1.19630e-01
 1.13161e-01
 1.07034e-01
 9.96212e-02
 9.30986e-02
 8.80300e-02
 7.85310e-02
 6.06532e-02
 3.60088e-02
 1.47071e-02
 2.63181e-03
 1.41298e-04
 4.04999e-06
 2.45175e-06
 2.44820e-06
 2.44816e-06
 2.44816e-06
 2.44816e-06
 2.44816e-06
 2.44816e-06
 2.44816e-06
 2.44816e-06
 2.44816e-06
 2.44816e-06
 2.44816e-06
 2.44816e-06
 2.44816e-06
 2.44816e-06
 2.44816e-06
 2.44816e-06
 2.44816e-06
 2.44816e-06
 2.44816e-06
 2.44816e-06
 2.44816e-06
 2.44816e-06
 2.44816e-06
 2.44816e-06
 2.44816e-06
 2.44577e-06
 2.03392e-01
 2.00671e-01
 1.98983e-01
 1.97665e-01
 1.96058e-01
 1.93748e-01
 1.90611e-01
 1.86684e-01
 1.82068e-01
 1.76880e-01
 1.71229e-01
 1.65213e-01
 1.58914e-01
 1.52406e-01
 1.45752e-01
 1.39014e-01
 1.32272e-01
 1.25650e-01
 1.19341e-01
 1.13532e-01
 1.07885e-01
 1.01063e-01
 9.46125e-02
 8.98847e-02
 8.33123e-02
 7.02489e-02
 4.94391e-02
 2.66297e-02
 9.01832e-03
 1.22423e-03
 5.12335e-05
 2.86710e-06
 2.44925e-06
 2.44818e-06
 2.44816e-06
 2.44816e-06
 2.44816e-06
 2.44816e-06
 2.44816e-06
 2.44816e-06
 2.44816e-06
 2.44816e-06
 2.44816e-06
 2.44816e-06
 2.44816e-06
 2.44816e-06
 2.44816e-06
 2.44816e-06
 2.44816e-06
 2.44816e-06
 2.44816e-06
 2.44816e-06
 2.44816e-06
 2.44816e-06
 2.44816e-06
 2.44816e-06
 2.44816e-06
 2.44816e-06
 2.44816e-06
 2.44577e-06
 1.76826e-01
 1.74689e-01
 1.73441e-01
 1.72431e-01
 1.71098e-01
 1.69115e-01
 1.66411e-01
 1.63038e-01
 1.59093e-01
 1.54673e-01
 1.49867e-01
 1.44751e-01
 1.39393e-01
 1.33871e-01
 1.28284e-01
 1.22766e-01
 1.17474e-01
 1.12503e-01
 1.07093e-01
 1.00858e-01
 9.49849e-02
 9.05956e-02
 8.52654e-02
 7.50485e-02
 5.83115e-02
 3.67306e-02
 1.73245e-02
 4.37012e-03
 4.16249e-04
 1.39326e-05
 2.51588e-06
 2.44846e-06
 2.44817e-06
 2.44816e-06
 2.44816e-06
 2.44816e-06
 2.44816e-06
 2.44816e-06
 2.44816e-06
 2.44816e-06
 2.44816e-06
 2.44816e-06
 2.44816e-06
 2.44816e-06
 2.44816e-06
 2.44816e-06
 2.44816e-06
 2.44816e-06
 2.44816e-06
 2.44816e-06
 2.44816e-06
 2.44816e-06
 2.44816e-06
 2.44816e-06
 2.44816e-06
 2.44816e-06
 2.44816e-06
 2.44816e-06
 2.44816e-06
 2.44577e-06
 1.54023e-01
 1.52361e-01
 1.51448e-01
 1.50655e-01
 1.49500e-01
 1.47752e-01
 1.45386e-01
 1.42465e-01
 1.39082e-01
 1.35329e-01
 1.31292e-01
 1.27065e-01
 1.22751e-01
 1.18458e-01
 1.14264e-01
 1.09857e-01
 1.04537e-01
 9.90010e-02
 9.41644e-02
 9.03128e-02
 8.54064e-02
 7.65293e-02
 6.23346e-02
 4.30192e-02
 2.37731e-02
 8.78338e-03
 1.50362e-03
 9.44406e-05
 4.03847e-06
 2.45485e-06
 2.44824e-06
 2.44816e-06
 2.44816e-06
 2.44816e-06
 2.44816e-06
 2.44816e-06
 2.44816e-06
 2.44816e-06
 2.44816e-06
 2.44816e-06
 2.44816e-06
 2.44816e-06
 2.44816e-06
 2.44816e-06
 2.44816e-06
 2.44816e-06
 2.44816e-06
 2.44816e-06
 2.44816e-06
 2.44816e-06
 2.44816e-06
 2.44816e-06
 2.44816e-06
 2.44816e-06
 2.44816e-06
 2.44816e-06
 2.44816e-06
 2.44816e-06
 2.44816e-06
 2.44577e-06
 1.34466e-01
 1.33201e-01
 1.32542e-01
 1.31902e-01
 1.30892e-01
 1.29376e-01
 1.27377e-01
 1.24976e-01
 1.22275e-01
 1.19366e-01
 1.16323e-01
 1.13137e-01
 1.09275e-01
 1.04894e-01
 1.00268e-01
 9.58766e-02
 9.23576e-02
 8.89455e-02
 8.38456e-02
 7.52512e-02
 6.23116e-02
 4.50260e-02
 2.71947e-02
 1.22899e-02
 3.02731e-03
 3.20329e-04
 1.40534e-05
 2.56018e-06
 2.44874e-06
 2.44818e-06
 2.44816e-06
 2.44816e-06
 2.44816e-06
 2.44816e-06
 2.44816e-06
 2.44816e-06
 2.44816e-06
 2.44816e-06
 2.44816e-06
 2.44816e-06
 2.44816e-06
 2.44816e-06
 2.44816e-06
 2.44816e-06
 2.44816e-06
 2.44816e-06
 2.44816e-06
 2.44816e-06
 2.44816e-06
 2.44816e-06
 2.44816e-06
 2.44816e-06
 2.44816e-06
 2.44816e-06
 2.44816e-06
 2.44816e-06
 2.44816e-06
 2.44816e-06
 2.44816e-06
 2.44577e-06
 1.18690e-01
 1.17785e-01
 1.17354e-01
 1.16881e-01
 1.16081e-01
 1.14876e-01
 1.13172e-01
 1.10908e-01
 1.08189e-01
 1.05156e-01
 1.01807e-01
 9.83092e-02
 9.51855e-02
 9.24180e-02
 8.96500e-02
 8.58823e-02
 7.99613e-02
 7.09677e-02
 5.84420e-02
 4.28082e-02
 2.69241e-02
 1.33719e-02
 4.01504e-03
 5.90677e-04
 3.71883e-05
 3.10991e-06
 2.45216e-06
 2.44823e-06
 2.44816e-06
 2.44816e-06
 2.44816e-06
 2.44816e-06
 2.44816e-06
 2.44816e-06
 2.44816e-06
 2.44816e-06
 2.44816e-06
 2.44816e-06
 2.44816e-06
 2.44816e-06
 2.44816e-06
 2.44816e-06
 2.44816e-06
 2.44816e-06
 2.44816e-06
 2.44816e-06
 2.44816e-06
 2.44816e-06
 2.44816e-06
 2.44816e-06
 2.44816e-06
 2.44816e-06
 2.44816e-06
 2.44816e-06
 2.44816e-06
 2.44816e-06
 2.44816e-06
 2.44816e-06
 2.44816e-06
 2.44577e-06
 1.03982e-01
 1.03287e-01
 1.02801e-01
 1.02090e-01
 1.01003e-01
 9.95464e-02
 9.78603e-02
 9.60902e-02
 9.42915e-02
 9.24483e-02
 9.05028e-02
 8.80675e-02
 8.46478e-02
 7.96317e-02
 7.24553e-02
 6.28222e-02
 5.03579e-02
 3.66541e-02
 2.31153e-02
 1.17343e-02
 3.77714e-03
 6.55050e-04
 5.35114e-05
 3.95157e-06
 2.46239e-06
 2.44834e-06
 2.44817e-06
 2.44816e-06
 2.44816e-06
 2.44816e-06
 2.44816e-06
 2.44816e-06
 2.44816e-06
 2.44816e-06
 2.44816e-06
 2.44816e-06
 2.44816e-06
 2.44816e-06
 2.44816e-06
 2.44816e-06
 2.44816e-06
 2.44816e-06
 2.44816e-06
 2.44816e-06
 2.44816e-06
 2.44816e-06
 2.44816e-06
 2.44816e-06
 2.44816e-06
 2.44816e-06
 2.44816e-06
 2.44816e-06
 2.44816e-06
 2.44816e-06
 2.44816e-06
 2.44816e-06
 2.44816e-06
 2.44816e-06
 2.44816e-06
 2.44577e-06
 9.17945e-02
 9.13920e-02
 9.11288e-02
 9.07039e-02
 8.99966e-02
 8.89536e-02
 8.75085e-02
 8.55455e-02
 8.28749e-02
 7.92002e-02
 7.42576e-02
 6.78580e-02
 5.96769e-02
 4.95443e-02
 3.84643e-02
 2.70603e-02
 1.67554e-02
 7.94550e-03
 2.47128e-03
 4.41411e-04
 4.11432e-05
 3.87822e-06
 2.46720e-06
 2.44841e-06
 2.44817e-06
 2.44816e-06
 2.44816e-06
 2.44816e-06
 2.44816e-06
 2.44816e-06
 2.44816e-06
 2.44816e-06
 2.44816e-06
 2.44816e-06
 2.44816e-06
 2.44816e-06
 2.44816e-06
 2.44816e-06
 2.44816e-06
 2.44816e-06
 2.44816e-06
 2.44816e-06
 2.44816e-06
 2.44816e-06
 2.44816e-06
 2.44816e-06
 2.44816e-06
 2.44816e-06
 2.44816e-06
 2.44816e-06
 2.44816e-06
 2.44816e-06
 2.44816e-06
 2.44816e-06
 2.44816e-06
 2.44816e-06
 2.44816e-06
 2.44816e-06
 2.44816e-06
 2.44577e-06
 7.70964e-02
 7.64625e-02
 7.56751e-02
 7.43552e-02
 7.23652e-02
 6.96137e-02
 6.59883e-02
 6.13455e-02
 5.55099e-02
 4.85569e-02
 4.08189e-02
 3.24712e-02
 2.39001e-02
 1.60640e-02
 8.85885e-03
 3.61030e-03
 9.90906e-04
 1.63795e-04
 1.64507e-05
 2.99446e-06
 2.45706e-06
 2.44833e-06
 2.44817e-06
 2.44816e-06
 2.44816e-06
 2.44816e-06
 2.44816e-06
 2.44816e-06
 2.44816e-06
 2.44816e-06
 2.44816e-06
 2.44816e-06
 2.44816e-06
 2.44816e-06
 2.44816e-06
 2.44816e-06
 2.44816e-06
 2.44816e-06
 2.44816e-06
 2.44816e-06
 2.44816e-06
 2.44816e-06
 2.44816e-06
 2.44816e-06
 2.44816e-06
 2.44816e-06
 2.44816e-06
 2.44816e-06
 2.44816e-06
 2.44816e-06
 2.44816e-06
 2.44816e-06
 2.44816e-06
 2.44816e-06
 2.44816e-06
 2.44816e-06
 2.44816e-06
 2.44816e-06
 2.44816e-06
 2.44577e-06
 4.49210e-02
 4.41430e-02
 4.28867e-02
 4.08575e-02
 3.80309e-02
 3.44498e-02
 3.01617e-02
 2.53316e-02
 2.03219e-02
 1.52917e-02
 1.01909e-02
 5.69995e-03
 2.53447e-03
 8.33468e-04
 1.86742e-04
 2.77865e-05
 4.35705e-06
 2.51729e-06
 2.44954e-06
 2.44822e-06
 2.44816e-06
 2.44816e-06
 2.44816e-06
 2.44816e-06
 2.44816e-06
 2.44816e-06
 2.44816e-06
 2.44816e-06
 2.44816e-06
 2.44816e-06
 2.44816e-06
 2.44816e-06
 2.44816e-06
 2.44816e-06
 2.44816e-06
 2.44816e-06
 2.44816e-06
 2.44816e-06
 2.44816e-06
 2.44816e-06
 2.44816e-06
 2.44816e-06
 2.44816e-06
 2.44816e-06
 2.44816e-06
 2.44816e-06
 2.44816e-06
 2.44816e-06
 2.44816e-06
 2.44816e-06
 2.44816e-06
 2.44816e-06
 2.44816e-06
 2.44816e-06
 2.44816e-06
 2.44816e-06
 2.44816e-06
 2.44816e-06
 2.44816e-06
 2.44577e-06
 1.28254e-02
 1.23692e-02
 1.15083e-02
 1.02007e-02
 8.51577e-03
 6.59265e-03
 4.64546e-03
 2.90512e-03
 1.55911e-03
 6.85950e-04
 2.35869e-04
 6.11050e-05
 1.25144e-05
 3.51515e-06
 2.51186e-06
 2.45036e-06
 2.44826e-06
 2.44817e-06
 2.44816e-06
 2.44816e-06
 2.44816e-06
 2.44816e-06
 2.44816e-06
 2.44816e-06
 2.44816e-06
 2.44816e-06
 2.44816e-06
 2.44816e-06
 2.44816e-06
 2.44816e-06
 2.44816e-06
 2.44816e-06
 2.44816e-06
 2.44816e-06
 2.44816e-06
 2.44816e-06
 2.44816e-06
 2.44816e-06
 2.44816e-06
 2.44816e-06
 2.44816e-06
 2.44816e-06
 2.44816e-06
 2.44816e-06
 2.44816e-06
 2.44816e-06
 2.44816e-06
 2.44816e-06
 2.44816e-06
 2.44816e-06
 2.44816e-06
 2.44816e-06
 2.44816e-06
 2.44816e-06
 2.44816e-06
 2.44816e-06
 2.44816e-06
 2.44816e-06
 2.44816e-06
 2.44577e-06
 3.97956e-04
 3.61037e-04
 2.95765e-04
 2.15009e-04
 1.36389e-04
 7.42008e-05
 3.41766e-05
 1.35838e-05
 5.40069e-06
 3.00613e-06
 2.51888e-06
 2.45395e-06
 2.44852e-06
 2.44819e-06
 2.44816e-06
 2.44816e-06
 2.44816e-06
 2.44816e-06
 2.44816e-06
 2.44816e-06
 2.44816e-06
 2.44816e-06
 2.44816e-06
 2.44816e-06
 2.44816e-06
 2.44816e-06
 2.44816e-06
 2.44816e-06
 2.44816e-06
 2.44816e-06
 2.44816e-06
 2.44816e-06
 2.44816e-06
 2.44816e-06
 2.44816e-06
 2.44816e-06
 2.44816e-06
 2.44816e-06
 2.44816e-06
 2.44816e-06
 2.44816e-06
 2.44816e-06
 2.44816e-06
 2.44816e-06
 2.44816e-06
 2.44816e-06
 2.44816e-06
 2.44816e-06
 2.44816e-06
 2.44816e-06
 2.44816e-06
 2.44816e-06
 2.44816e-06
 2.44816e-06
 2.44816e-06
 2.44816e-06
 2.44816e-06
 2.44816e-06
 2.44816e-06
 2.44577e-06
 2.58901e-06
 2.56398e-06
 2.52575e-06
 2.48947e-06
 2.46520e-06
 2.45346e-06
 2.44939e-06
 2.44838e-06
 2.44820e-06
 2.44817e-06
 2.44816e-06
 2.44816e-06
 2.44816e-06
 2.44816e-06
 2.44816e-06
 2.44816e-06
 2.44816e-06
 2.44816e-06
 2.44816e-06
 2.44816e-06
 2.44816e-06
 2.44816e-06
 2.44816e-06
 2.44816e-06
 2.44816e-06
 2.44816e-06
 2.44816e-06
 2.44816e-06
 2.44816e-06
 2.44816e-06
 2.44816e-06
 2.44816e-06
 2.44816e-06
 2.44816e-06
 2.44816e-06
 2.44816e-06
 2.44816e-06
 2.44816e-06
 2.44816e-06
 2.44816e-06
 2.44816e-06
 2.44816e-06
 2.44816e-06
 2.44816e-06
 2.44816e-06
 2.44816e-06
 2.44816e-06
 2.44816e-06
 2.44816e-06
 2.44816e-06
 2.44816e-06
 2.44816e-06
 2.44816e-06
 2.44816e-06
 2.44816e-06
 2.44816e-06
 2.44816e-06
 2.44816e-06
 2.44816e-06
 2.44577e-06
 2.44816e-06
 2.44816e-06
 2.44816e-06
 2.44816e-06
 2.44816e-06
 2.44816e-06
 2.44816e-06
 2.44816e-06
 2.44816e-06
 2.44816e-06
 2.44816e-06
 2.44816e-06
 2.44816e-06
 2.44816e-06
 2.44816e-06
 2.44816e-06
 2.44816e-06
 2.44816e-06
 2.44816e-06
 2.44816e-06
 2.44816e-06
 2.44816e-06
 2.44816e-06
 2.44816e-06
 2.44816e-06
 2.44816e-06
 2.44816e-06
 2.44816e-06
 2.44816e-06
 2.44816e-06
 2.44816e-06
 2.44816e-06
 2.44816e-06
 2.44816e-06
 2.44816e-06
 2.44816e-06
 2.44816e-06
 2.44816e-06
 2.44816e-06
 2.44816e-06
 2.44816e-06
 2.44816e-06
 2.44816e-06
 2.44816e-06
 2.44816e-06
 2.44816e-06
 2.44816e-06
 2.44816e-06
 2.44816e-06
 2.44816e-06
 2.44816e-06
 2.44816e-06
 2.44816e-06
 2.44816e-06
 2.44816e-06
 2.44816e-06
 2.44816e-06
 2.44816e-06
 2.44816e-06
 2.44577e-06
 2.44816e-06
 2.44816e-06
 2.44816e-06
 2.44816e-06
 2.44816e-06
 2.44816e-06
 2.44816e-06
 2.44816e-06
 2.44816e-06
 2.44816e-06
 2.44816e-06
 2.44816e-06
 2.44816e-06
 2.44816e-06
 2.44816e-06
 2.44816e-06
 2.44816e-06
 2.44816e-06
 2.44816e-06
 2.44816e-06
 2.44816e-06
 2.44816e-06
 2.44816e-06
 2.44816e-06
 2.44816e-06
 2.44816e-06
 2.44816e-06
 2.44816e-06
 2.44816e-06
 2.44816e-06
 2.44816e-06
 2.44816e-06
 2.44816e-06
 2.44816e-06
 2.44816e-06
 2.44816e-06
 2.44816e-06
 2.44816e-06
 2.44816e-06
 2.44816e-06
 2.44816e-06
 2.44816e-06
 2.44816e-06
 2.44816e-06
 2.44816e-06
 2.44816e-06
 2.44816e-06
 2.44816e-06
 2.44816e-06
 2.44816e-06
 2.44816e-06
 2.44816e-06
 2.44816e-06
 2.44816e-06
 2.44816e-06
 2.44816e-06
 2.44816e-06
 2.44816e-06
 2.44816e-06
 2.44577e-06
 2.44816e-06
 2.44816e-06
 2.44816e-06
 2.44816e-06
 2.44816e-06
 2.44816e-06
 2.44816e-06
 2.44816e-06
 2.44816e-06
 2.44816e-06
 2.44816e-06
 2.44816e-06
 2.44816e-06
 2.44816e-06
 2.44816e-06
 2.44816e-06
 2.44816e-06
 2.44816e-06
 2.44816e-06
 2.44816e-06
 2.44816e-06
 2.44816e-06
 2.44816e-06
 2.44816e-06
 2.44816e-06
 2.44816e-06
 2.44816e-06
 2.44816e-06
 2.44816e-06
 2.44816e-06
 2.44816e-06
 2.44816e-06
 2.44816e-06
 2.44816e-06
 2.44816e-06
 2.44816e-06
 2.44816e-06
 2.44816e-06
 2.44816e-06
 2.44816e-06
 2.44816e-06
 2.44816e-06
 2.44816e-06
 2.44816e-06
 2.44816e-06
 2.44816e-06
 2.44816e-06
 2.44816e-06
 2.44816e-06
 2.44816e-06
 2.44816e-06
 2.44816e-06
 2.44816e-06
 2.44816e-06
 2.44816e-06
 2.44816e-06
 2.44816e-06
 2.44816e-06
 2.44816e-06
 2.44577e-06
 2.44816e-06
 2.44816e-06
 2.44816e-06
 2.44816e-06
 2.44816e-06
 2.44816e-06
 2.44816e-06
 2.44816e-06
 2.44816e-06
 2.44816e-06
 2.44816e-06
 2.44816e-06
 2.44816e-06
 2.44816e-06
 2.44816e-06
 2.44816e-06
 2.44816e-06
 2.44816e-06
 2.44816e-06
 2.44816e-06
 2.44816e-06
 2.44816e-06
 2.44816e-06
 2.44816e-06
 2.44816e-06
 2.44816e-06
 2.44816e-06
 2.44816e-06
 2.44816e-06
 2.44816e-06
 2.44816e-06
 2.44816e-06
 2.44816e-06
 2.44816e-06
 2.44816e-06
 2.44816e-06
 2.44816e-06
 2.44816e-06
 2.44816e-06
 2.44816e-06
 2.44816e-06
 2.44816e-06
 2.44816e-06
 2.44816e-06
 2.44816e-06
 2.44816e-06
 2.44816e-06
 2.44816e-06
 2.44816e-06
 2.44816e-06
 2.44816e-06
 2.44816e-06
 2.44816e-06
 2.44816e-06
 2.44816e-06
 2.44816e-06
 2.44816e-06
 2.44816e-06
 2.44816e-06
 2.44577e-06
 2.44816e-06
 2.44816e-06
 2.44816e-06
 2.44816e-06
 2.44816e-06
 2.44816e-06
 2.44816e-06
 2.44816e-06
 2.44816e-06
 2.44816e-06
 2.44816e-06
 2.44816e-06
 2.44816e-06
 2.44816e-06
 2.44816e-06
 2.44816e-06
 2.44816e-06
 2.44816e-06
 2.44816e-06
 2.44816e-06
 2.44816e-06
 2.44816e-06
 2.44816e-06
 2.44816e-06
 2.44816e-06
 2.44816e-06
 2.44816e-06
 2.44816e-06
 2.44816e-06
 2.44816e-06
 2.44816e-06
 2.44816e-06
 2.44816e-06
 2.44816e-06
 2.44816e-06
 2.44816e-06
 2.44816e-06
 2.44816e-06
 2.44816e-06
 2.44816e-06
 2.44816e-06
 2.44816e-06
 2.44816e-06
 2.44816e-06
 2.44816e-06
 2.44816e-06
 2.44816e-06
 2.44816e-06
 2.44816e-06
 2.44816e-06
 2.44816e-06
 2.44816e-06
 2.44816e-06
 2.44816e-06
 2.44816e-06
 2.44816e-06
 2.44816e-06
 2.44816e-06
 2.44816e-06
 2.44577e-06
 2.44816e-06
 2.44816e-06
 2.44816e-06
 2.44816e-06
 2.44816e-06
 2.44816e-06
 2.44816e-06
 2.44816e-06
 2.44816e-06
 2.44816e-06
 2.44816e-06
 2.44816e-06
 2.44816e-06
 2.44816e-06
 2.44816e-06
 2.44816e-06
 2.44816e-06
 2.44816e-06
 2.44816e-06
 2.44816e-06
 2.44816e-06
 2.44816e-06
 2.44816e-06
 2.44816e-06
 2.44816e-06
 2.44816e-06
 2.44816e-06
 2.44816e-06
 2.44816e-06
 2.44816e-06
 2.44816e-06
 2.44816e-06
 2.44816e-06
 2.44816e-06
 2.44816e-06
 2.44816e-06
 2.44816e-06
 2.44816e-06
 2.44816e-06
 2.44816e-06
 2.44816e-06
 2.44816e-06
 2.44816e-06
 2.44816e-06
 2.44816e-06
 2.44816e-06
 2.44816e-06
 2.44816e-06
 2.44816e-06
 2.44816e-06
 2.44816e-06
 2.44816e-06
 2.44816e-06
 2.44816e-06
 2.44816e-06
 2.44816e-06
 2.44816e-06
 2.44816e-06
 2.44816e-06
 2.44577e-06
 2.44816e-06
 2.44816e-06
 2.44816e-06
 2.44816e-06
 2.44816e-06
 2.44816e-06
 2.44816e-06
 2.44816e-06
 2.44816e-06
 2.44816e-06
 2.44816e-06
 2.44816e-06
 2.44816e-06
 2.44816e-06
 2.44816e-06
 2.44816e-06
 2.44816e-06
 2.44816e-06
 2.44816e-06
 2.44816e-06
 2.44816e-06
 2.44816e-06
 2.44816e-06
 2.44816e-06
 2.44816e-06
 2.44816e-06
 2.44816e-06
 2.44816e-06
 2.44816e-06
 2.44816e-06
 2.44816e-06
 2.44816e-06
 2.44816e-06
 2.44816e-06
 2.44816e-06
 2.44816e-06
 2.44816e-06
 2.44816e-06
 2.44816e-06
 2.44816e-06
 2.44816e-06
 2.44816e-06
 2.44816e-06
 2.44816e-06
 2.44816e-06
 2.44816e-06
 2.44816e-06
 2.44816e-06
 2.44816e-06
 2.44816e-06
 2.44816e-06
 2.44816e-06
 2.44816e-06
 2.44816e-06
 2.44816e-06
 2.44816e-06
 2.44816e-06
 2.44816e-06
 2.44816e-06
 2.44577e-06
 2.44577e-06
 2.44577e-06
 2.44577e-06
 2.44577e-06
 2.44577e-06
 2.44577e-06
 2.44577e-06
 2.44577e-06
 2.44577e-06
 2.44577e-06
 2.44577e-06
 2.44577e-06
 2.44577e-06
 2.44577e-06
 2.44577e-06
 2.44577e-06
 2.44577e-06
 2.44577e-06
 2.44577e-06
 2.44577e-06
 2.44577e-06
 2.44577e-06
 2.44577e-06
 2.44577e-06
 2.44577e-06
 2.44577e-06
 2.44577e-06
 2.44577e-06
 2.44577e-06
 2.44577e-06
 2.44577e-06
 2.44577e-06
 2.44577e-06
 2.44577e-06
 2.44577e-06
 2.44577e-06
 2.44577e-06
 2.44577e-06
 2.44577e-06
 2.44577e-06
 2.44577e-06
 2.44577e-06
 2.44577e-06
 2.44577e-06
 2.44577e-06
 2.44577e-06
 2.44577e-06
 2.44577e-06
 2.44577e-06
 2.44577e-06
 2.44577e-06
 2.44577e-06
 2.44577e-06
 2.44577e-06
 2.44577e-06
 2.44577e-06
 2.44577e-06
 2.44577e-06
 2.44577e-06
 2.44338e-06
