Density
part
         1
quad4
 2.86473e-03
 3.16175e-03
 4.12560e-03
 4.98429e-03
 5.65235e-03
 6.23888e-03
 6.86781e-03
 7.55416e-03
 8.32517e-03
 9.20728e-03
 1.02437e-02
 1.14826e-02
 1.29713e-02
 1.47569e-02
 1.68876e-02
 1.94148e-02
 2.23953e-02
 2.58943e-02
 2.99893e-02
 3.47739e-02
 4.03607e-02
 4.68817e-02
 5.44909e-02
 6.33690e-02
 7.37303e-02
 8.58341e-02
 9.99963e-02
 1.16602e-01
 1.36117e-01
 1.59102e-01
 1.86234e-01
 2.18339e-01
 2.56422e-01
 3.01729e-01
 3.55816e-01
 4.20645e-01
 4.98717e-01
 5.93266e-01
 7.08549e-01
 8.50270e-01
 1.02627e+00
 1.24760e+00
 1.52953e+00
 1.89756e+00
 2.44465e+00
 3.25661e+00
 3.72299e+00
 3.67344e+00
 2.81865e+00
 1.54179e+00
 1.06581e+00
 1.00132e+00
 1.00000e+00
 1.00000e+00
 1.00000e+00
 1.00000e+00
 1.00000e+00
 1.00000e+00
 1.00000e+00
 1.00000e+00
 2.91871e-03
 3.00065e-03
 3.33553e-03
 3.76450e-03
 3.96657e-03
 4.21457e-03
 4.61841e-03
 5.20721e-03
 6.00925e-03
 7.05428e-03
 8.33734e-03
 9.83780e-03
 1.15535e-02
 1.35093e-02
 1.57543e-02
 1.83561e-02
 2.13954e-02
 2.49655e-02
 2.91699e-02
 3.41101e-02
 3.98900e-02
 4.66304e-02
 5.44779e-02
 6.36152e-02
 7.42739e-02
 8.67278e-02
 1.01300e-01
 1.18376e-01
 1.38421e-01
 1.61998e-01
 1.89785e-01
 2.22612e-01
 2.61493e-01
 3.07683e-01
 3.62741e-01
 4.28637e-01
 5.07883e-01
 6.03722e-01
 7.20411e-01
 8.63671e-01
 1.04137e+00
 1.26451e+00
 1.54820e+00
 1.91839e+00
 2.47066e+00
 3.28251e+00
 3.73384e+00
 3.67171e+00
 2.79383e+00
 1.52548e+00
 1.06261e+00
 1.00121e+00
 1.00000e+00
 1.00000e+00
 1.00000e+00
 1.00000e+00
 1.00000e+00
 1.00000e+00
 1.00000e+00
 1.00000e+00
 3.47890e-03
 3.15935e-03
 3.18874e-03
 3.28212e-03
 3.40801e-03
 3.59459e-03
 3.90309e-03
 4.38360e-03
 5.07332e-03
 6.00224e-03
 7.19895e-03
 8.68240e-03
 1.04648e-02
 1.25599e-02
 1.49930e-02
 1.78083e-02
 2.10712e-02
 2.48597e-02
 2.92432e-02
 3.43231e-02
 4.02329e-02
 4.71235e-02
 5.51654e-02
 6.45536e-02
 7.55087e-02
 8.82953e-02
 1.03235e-01
 1.20713e-01
 1.41196e-01
 1.65247e-01
 1.93553e-01
 2.26946e-01
 2.66436e-01
 3.13274e-01
 3.69024e-01
 4.35658e-01
 5.15686e-01
 6.12354e-01
 7.29932e-01
 8.74150e-01
 1.05291e+00
 1.27734e+00
 1.56270e+00
 1.93555e+00
 2.49529e+00
 3.30586e+00
 3.73656e+00
 3.65633e+00
 2.74441e+00
 1.49459e+00
 1.05652e+00
 1.00101e+00
 1.00000e+00
 1.00000e+00
 1.00000e+00
 1.00000e+00
 1.00000e+00
 1.00000e+00
 1.00000e+00
 1.00000e+00
 4.57866e-03
 3.65106e-03
 3.28167e-03
 3.29342e-03
 3.37107e-03
 3.54019e-03
 3.83616e-03
 4.28924e-03
 4.93174e-03
 5.79673e-03
 6.92068e-03
 8.33946e-03
 1.00894e-02
 1.22024e-02
 1.47101e-02
 1.76492e-02
 2.10564e-02
 2.49770e-02
 2.95057e-02
 3.47571e-02
 4.08610e-02
 4.79669e-02
 5.62449e-02
 6.58872e-02
 7.71156e-02
 9.01948e-02
 1.05445e-01
 1.23254e-01
 1.44088e-01
 1.68514e-01
 1.97212e-01
 2.31015e-01
 2.70941e-01
 3.18251e-01
 3.74520e-01
 4.41734e-01
 5.22425e-01
 6.19868e-01
 7.38374e-01
 8.83744e-01
 1.06400e+00
 1.29046e+00
 1.57866e+00
 1.95663e+00
 2.53004e+00
 3.33976e+00
 3.74087e+00
 3.63060e+00
 2.66498e+00
 1.44921e+00
 1.04813e+00
 1.00076e+00
 1.00000e+00
 1.00000e+00
 1.00000e+00
 1.00000e+00
 1.00000e+00
 1.00000e+00
 1.00000e+00
 1.00000e+00
 5.42951e-03
 4.10291e-03
 3.44564e-03
 3.38230e-03
 3.43512e-03
 3.59192e-03
 3.88595e-03
 4.33928e-03
 4.97748e-03
 5.83276e-03
 6.94237e-03
 8.34457e-03
 1.00771e-02
 1.21822e-02
 1.47022e-02
 1.76742e-02
 2.11455e-02
 2.51859e-02
 2.98793e-02
 3.53290e-02
 4.16572e-02
 4.90060e-02
 5.75402e-02
 6.74516e-02
 7.89660e-02
 9.23517e-02
 1.07931e-01
 1.26092e-01
 1.47303e-01
 1.72131e-01
 2.01262e-01
 2.35531e-01
 2.75962e-01
 3.23824e-01
 3.80711e-01
 4.48631e-01
 5.30155e-01
 6.28620e-01
 7.48430e-01
 8.95536e-01
 1.07820e+00
 1.30810e+00
 1.60125e+00
 1.98808e+00
 2.58305e+00
 3.38903e+00
 3.74875e+00
 3.59280e+00
 2.55391e+00
 1.39274e+00
 1.03842e+00
 1.00051e+00
 1.00000e+00
 1.00000e+00
 1.00000e+00
 1.00000e+00
 1.00000e+00
 1.00000e+00
 1.00000e+00
 1.00000e+00
 6.13301e-03
 4.40642e-03
 3.65932e-03
 3.56543e-03
 3.60627e-03
 3.75566e-03
 4.05118e-03
 4.50809e-03
 5.14324e-03
 5.98650e-03
 7.07598e-03
 8.45345e-03
 1.01645e-02
 1.22566e-02
 1.47781e-02
 1.77811e-02
 2.13259e-02
 2.54858e-02
 3.03448e-02
 3.60008e-02
 4.25683e-02
 5.01826e-02
 5.90051e-02
 6.92289e-02
 8.10838e-02
 9.48430e-02
 1.10831e-01
 1.29438e-01
 1.51132e-01
 1.76482e-01
 2.06177e-01
 2.41059e-01
 2.82163e-01
 3.30774e-01
 3.88510e-01
 4.57424e-01
 5.40153e-01
 6.40133e-01
 7.61922e-01
 9.11695e-01
 1.09806e+00
 1.33314e+00
 1.63351e+00
 2.03335e+00
 2.65828e+00
 3.45231e+00
 3.75829e+00
 3.53738e+00
 2.41034e+00
 1.33014e+00
 1.02851e+00
 1.00030e+00
 1.00000e+00
 1.00000e+00
 1.00000e+00
 1.00000e+00
 1.00000e+00
 1.00000e+00
 1.00000e+00
 1.00000e+00
 6.81074e-03
 4.81435e-03
 3.98398e-03
 3.87554e-03
 3.91451e-03
 4.06561e-03
 4.36763e-03
 4.83037e-03
 5.46374e-03
 6.29571e-03
 7.36513e-03
 8.71609e-03
 1.03988e-02
 1.24699e-02
 1.49895e-02
 1.80212e-02
 2.16349e-02
 2.59080e-02
 3.09268e-02
 3.67886e-02
 4.36062e-02
 5.15127e-02
 6.06683e-02
 7.12662e-02
 8.35386e-02
 9.77618e-02
 1.14263e-01
 1.33435e-01
 1.55749e-01
 1.81776e-01
 2.12212e-01
 2.47907e-01
 2.89914e-01
 3.39544e-01
 3.98453e-01
 4.68754e-01
 5.53177e-01
 6.55300e-01
 7.79882e-01
 9.33387e-01
 1.12483e+00
 1.36689e+00
 1.67682e+00
 2.09452e+00
 2.75800e+00
 3.52458e+00
 3.76568e+00
 3.45634e+00
 2.23830e+00
 1.26434e+00
 1.01946e+00
 1.00016e+00
 1.00000e+00
 1.00000e+00
 1.00000e+00
 1.00000e+00
 1.00000e+00
 1.00000e+00
 1.00000e+00
 1.00000e+00
 7.52599e-03
 5.40838e-03
 4.48158e-03
 4.34310e-03
 4.38214e-03
 4.53636e-03
 4.84344e-03
 5.31052e-03
 5.94390e-03
 6.76998e-03
 7.82806e-03
 9.16284e-03
 1.08264e-02
 1.28826e-02
 1.54032e-02
 1.84636e-02
 2.21422e-02
 2.65225e-02
 3.16954e-02
 3.77633e-02
 4.48432e-02
 5.30710e-02
 6.26074e-02
 7.36453e-02
 8.64169e-02
 1.01200e-01
 1.18327e-01
 1.38192e-01
 1.61273e-01
 1.88145e-01
 2.19516e-01
 2.56251e-01
 2.99426e-01
 3.50386e-01
 4.10839e-01
 4.82979e-01
 5.69654e-01
 6.74614e-01
 8.02865e-01
 9.61214e-01
 1.15918e+00
 1.41001e+00
 1.73193e+00
 2.17363e+00
 2.88402e+00
 3.59824e+00
 3.76627e+00
 3.33968e+00
 2.04428e+00
 1.19953e+00
 1.01207e+00
 1.00007e+00
 1.00000e+00
 1.00000e+00
 1.00000e+00
 1.00000e+00
 1.00000e+00
 1.00000e+00
 1.00000e+00
 1.00000e+00
 8.32008e-03
 6.22113e-03
 5.19000e-03
 4.99814e-03
 5.03201e-03
 5.18188e-03
 5.48610e-03
 5.95270e-03
 6.58629e-03
 7.41306e-03
 8.47313e-03
 9.81090e-03
 1.14784e-02
 1.35419e-02
 1.60815e-02
 1.91831e-02
 2.29350e-02
 2.74285e-02
 3.27626e-02
 3.90479e-02
 4.64105e-02
 5.49930e-02
 6.49596e-02
 7.65030e-02
 8.98549e-02
 1.05295e-01
 1.23157e-01
 1.43844e-01
 1.67839e-01
 1.95730e-01
 2.28238e-01
 2.66252e-01
 3.10877e-01
 3.63504e-01
 4.25906e-01
 5.00373e-01
 5.89896e-01
 6.98427e-01
 8.31259e-01
 9.95606e-01
 1.20157e+00
 1.46303e+00
 1.79968e+00
 2.27337e+00
 3.03285e+00
 3.66730e+00
 3.75464e+00
 3.17583e+00
 1.83847e+00
 1.14055e+00
 1.00669e+00
 1.00003e+00
 1.00000e+00
 1.00000e+00
 1.00000e+00
 1.00000e+00
 1.00000e+00
 1.00000e+00
 1.00000e+00
 1.00000e+00
 9.22396e-03
 7.26915e-03
 6.13700e-03
 5.87392e-03
 5.89627e-03
 6.03191e-03
 6.32332e-03
 6.78340e-03
 7.41765e-03
 8.25208e-03
 9.32769e-03
 1.06891e-02
 1.23873e-02
 1.44889e-02
 1.70782e-02
 2.02496e-02
 2.41008e-02
 2.87328e-02
 3.42545e-02
 4.07867e-02
 4.84668e-02
 5.74475e-02
 6.78985e-02
 8.00144e-02
 9.40267e-02
 1.10217e-01
 1.28925e-01
 1.50560e-01
 1.75617e-01
 2.04701e-01
 2.38554e-01
 2.78093e-01
 3.24462e-01
 3.79107e-01
 4.43883e-01
 5.21194e-01
 6.14195e-01
 7.27072e-01
 8.65451e-01
 1.03702e+00
 1.25256e+00
 1.52663e+00
 1.88142e+00
 2.39756e+00
 3.19632e+00
 3.72749e+00
 3.72405e+00
 2.95324e+00
 1.63564e+00
 1.09131e+00
 1.00326e+00
 1.00001e+00
 1.00000e+00
 1.00000e+00
 1.00000e+00
 1.00000e+00
 1.00000e+00
 1.00000e+00
 1.00000e+00
 1.00000e+00
 1.02804e-02
 8.54004e-03
 7.34643e-03
 7.00588e-03
 7.01138e-03
 7.12482e-03
 7.39495e-03
 7.84331e-03
 8.47949e-03
 9.32953e-03
 1.04353e-02
 1.18419e-02
 1.35994e-02
 1.57734e-02
 1.84503e-02
 2.17311e-02
 2.57223e-02
 3.05352e-02
 3.62885e-02
 4.31144e-02
 5.11619e-02
 6.05957e-02
 7.15940e-02
 8.43551e-02
 9.91120e-02
 1.16149e-01
 1.35813e-01
 1.58526e-01
 1.84797e-01
 2.15252e-01
 2.50661e-01
 2.91978e-01
 3.40395e-01
 3.97425e-01
 4.65020e-01
 5.45722e-01
 6.42875e-01
 7.60934e-01
 9.05907e-01
 1.08605e+00
 1.31292e+00
 1.60176e+00
 1.97948e+00
 2.55115e+00
 3.36586e+00
 3.77448e+00
 3.65727e+00
 2.66828e+00
 1.45357e+00
 1.05400e+00
 1.00136e+00
 1.00000e+00
 1.00000e+00
 1.00000e+00
 1.00000e+00
 1.00000e+00
 1.00000e+00
 1.00000e+00
 1.00000e+00
 1.00000e+00
 1.15361e-02
 1.00194e-02
 8.83512e-03
 8.43225e-03
 8.41329e-03
 8.50405e-03
 8.74700e-03
 9.17852e-03
 9.81758e-03
 1.06913e-02
 1.18424e-02
 1.33171e-02
 1.51648e-02
 1.74491e-02
 2.02573e-02
 2.36954e-02
 2.78782e-02
 3.29267e-02
 3.89700e-02
 4.61508e-02
 5.46298e-02
 6.45840e-02
 7.62024e-02
 8.96897e-02
 1.05283e-01
 1.23270e-01
 1.44009e-01
 1.67936e-01
 1.95580e-01
 2.27593e-01
 2.64779e-01
 3.08138e-01
 3.58921e-01
 4.18724e-01
 4.89613e-01
 5.74292e-01
 6.76330e-01
 8.00490e-01
 9.53223e-01
 1.14347e+00
 1.38362e+00
 1.68978e+00
 2.09773e+00
 2.73963e+00
 3.52795e+00
 3.80327e+00
 3.52913e+00
 2.33330e+00
 1.30599e+00
 1.02860e+00
 1.00047e+00
 1.00000e+00
 1.00000e+00
 1.00000e+00
 1.00000e+00
 1.00000e+00
 1.00000e+00
 1.00000e+00
 1.00000e+00
 1.00000e+00
 1.30380e-02
 1.17122e-02
 1.06148e-02
 1.01875e-02
 1.01431e-02
 1.02151e-02
 1.04302e-02
 1.08422e-02
 1.14848e-02
 1.23893e-02
 1.35999e-02
 1.51649e-02
 1.71339e-02
 1.95694e-02
 2.25577e-02
 2.62085e-02
 3.06439e-02
 3.59937e-02
 4.23972e-02
 5.00069e-02
 5.89944e-02
 6.95488e-02
 8.18712e-02
 9.61758e-02
 1.12706e-01
 1.31758e-01
 1.53701e-01
 1.78989e-01
 2.08176e-01
 2.41948e-01
 2.81149e-01
 3.26832e-01
 3.80322e-01
 4.43316e-01
 5.18016e-01
 6.07314e-01
 7.15045e-01
 8.46337e-01
 1.00816e+00
 1.21027e+00
 1.46593e+00
 1.79263e+00
 2.24233e+00
 2.96699e+00
 3.66349e+00
 3.80449e+00
 3.31720e+00
 1.98631e+00
 1.18933e+00
 1.01323e+00
 1.00013e+00
 1.00000e+00
 1.00000e+00
 1.00000e+00
 1.00000e+00
 1.00000e+00
 1.00000e+00
 1.00000e+00
 1.00000e+00
 1.00000e+00
 1.48337e-02
 1.36471e-02
 1.27002e-02
 1.23011e-02
 1.22458e-02
 1.23062e-02
 1.25009e-02
 1.28977e-02
 1.35474e-02
 1.44903e-02
 1.57736e-02
 1.74494e-02
 1.95698e-02
 2.21971e-02
 2.54171e-02
 2.93414e-02
 3.40981e-02
 3.98246e-02
 4.66691e-02
 5.47932e-02
 6.43781e-02
 7.56247e-02
 8.87471e-02
 1.03971e-01
 1.21550e-01
 1.41792e-01
 1.65082e-01
 1.91894e-01
 2.22813e-01
 2.58562e-01
 3.00036e-01
 3.48354e-01
 4.04926e-01
 4.71569e-01
 5.50651e-01
 6.45287e-01
 7.59623e-01
 8.99220e-01
 1.07169e+00
 1.28773e+00
 1.56140e+00
 1.91332e+00
 2.42189e+00
 3.21672e+00
 3.76383e+00
 3.76687e+00
 3.00039e+00
 1.66719e+00
 1.10508e+00
 1.00518e+00
 1.00003e+00
 1.00000e+00
 1.00000e+00
 1.00000e+00
 1.00000e+00
 1.00000e+00
 1.00000e+00
 1.00000e+00
 1.00000e+00
 1.00000e+00
 1.69720e-02
 1.58749e-02
 1.51190e-02
 1.48035e-02
 1.47651e-02
 1.48264e-02
 1.50188e-02
 1.54166e-02
 1.60854e-02
 1.70786e-02
 1.84503e-02
 2.02581e-02
 2.25592e-02
 2.54184e-02
 2.89220e-02
 3.31831e-02
 3.83342e-02
 4.45193e-02
 5.18938e-02
 6.06274e-02
 7.09097e-02
 8.29525e-02
 9.69828e-02
 1.13240e-01
 1.31992e-01
 1.53562e-01
 1.78355e-01
 2.06871e-01
 2.39729e-01
 2.77699e-01
 3.21735e-01
 3.73031e-01
 4.33104e-01
 5.03915e-01
 5.88025e-01
 6.88817e-01
 8.10804e-01
 9.60068e-01
 1.14502e+00
 1.37738e+00
 1.67194e+00
 2.05690e+00
 2.64653e+00
 3.45969e+00
 3.82741e+00
 3.65794e+00
 2.58013e+00
 1.41411e+00
 1.05145e+00
 1.00165e+00
 1.00000e+00
 1.00000e+00
 1.00000e+00
 1.00000e+00
 1.00000e+00
 1.00000e+00
 1.00000e+00
 1.00000e+00
 1.00000e+00
 1.00000e+00
 1.95048e-02
 1.84630e-02
 1.79172e-02
 1.77324e-02
 1.77383e-02
 1.78269e-02
 1.80479e-02
 1.84747e-02
 1.91853e-02
 2.02491e-02
 2.17312e-02
 2.36972e-02
 2.62117e-02
 2.93449e-02
 3.31854e-02
 3.78481e-02
 4.34691e-02
 5.01980e-02
 5.81966e-02
 6.76415e-02
 7.87299e-02
 9.16830e-02
 1.06740e-01
 1.24157e-01
 1.44218e-01
 1.67267e-01
 1.93733e-01
 2.24150e-01
 2.59179e-01
 2.99642e-01
 3.46565e-01
 4.01230e-01
 4.65283e-01
 5.40853e-01
 6.30735e-01
 7.38632e-01
 8.69495e-01
 1.03003e+00
 1.22964e+00
 1.48106e+00
 1.80018e+00
 2.23226e+00
 2.92482e+00
 3.66346e+00
 3.84691e+00
 3.42753e+00
 2.11436e+00
 1.23675e+00
 1.02165e+00
 1.00041e+00
 1.00000e+00
 1.00000e+00
 1.00000e+00
 1.00000e+00
 1.00000e+00
 1.00000e+00
 1.00000e+00
 1.00000e+00
 1.00000e+00
 1.00000e+00
 2.24890e-02
 2.14912e-02
 2.11622e-02
 2.11302e-02
 2.12063e-02
 2.13684e-02
 2.16587e-02
 2.21511e-02
 2.29359e-02
 2.40999e-02
 2.57231e-02
 2.78817e-02
 3.06496e-02
 3.41046e-02
 3.83398e-02
 4.34724e-02
 4.96419e-02
 5.70026e-02
 6.57222e-02
 7.59842e-02
 8.79930e-02
 1.01978e-01
 1.18191e-01
 1.36904e-01
 1.58422e-01
 1.83116e-01
 2.11445e-01
 2.43982e-01
 2.81439e-01
 3.24703e-01
 3.74880e-01
 4.33365e-01
 5.01950e-01
 5.82971e-01
 6.79499e-01
 7.95618e-01
 9.36803e-01
 1.11055e+00
 1.32743e+00
 1.60095e+00
 1.95039e+00
 2.45306e+00
 3.24317e+00
 3.80010e+00
 3.80666e+00
 3.04157e+00
 1.69544e+00
 1.11870e+00
 1.00750e+00
 1.00007e+00
 1.00000e+00
 1.00000e+00
 1.00000e+00
 1.00000e+00
 1.00000e+00
 1.00000e+00
 1.00000e+00
 1.00000e+00
 1.00000e+00
 1.00000e+00
 2.59900e-02
 2.50511e-02
 2.49347e-02
 2.50416e-02
 2.52391e-02
 2.55234e-02
 2.59287e-02
 2.65299e-02
 2.74291e-02
 2.87326e-02
 3.05374e-02
 3.29324e-02
 3.60024e-02
 3.98347e-02
 4.45289e-02
 5.02055e-02
 5.70067e-02
 6.50914e-02
 7.46326e-02
 8.58207e-02
 9.88680e-02
 1.14014e-01
 1.31521e-01
 1.51680e-01
 1.74819e-01
 2.01340e-01
 2.31743e-01
 2.66646e-01
 3.06824e-01
 3.53240e-01
 4.07098e-01
 4.69923e-01
 5.43691e-01
 6.30977e-01
 7.35187e-01
 8.60860e-01
 1.01410e+00
 1.20344e+00
 1.44064e+00
 1.73975e+00
 2.13071e+00
 2.73553e+00
 3.54234e+00
 3.87309e+00
 3.65656e+00
 2.50927e+00
 1.38967e+00
 1.05119e+00
 1.00201e+00
 1.00001e+00
 1.00000e+00
 1.00000e+00
 1.00000e+00
 1.00000e+00
 1.00000e+00
 1.00000e+00
 1.00000e+00
 1.00000e+00
 1.00000e+00
 1.00000e+00
 3.00856e-02
 2.92456e-02
 2.93065e-02
 2.95596e-02
 2.99231e-02
 3.03762e-02
 3.09444e-02
 3.17019e-02
 3.27636e-02
 3.42555e-02
 3.62926e-02
 3.89782e-02
 4.24090e-02
 4.66829e-02
 5.19077e-02
 5.82088e-02
 6.57313e-02
 7.46377e-02
 8.51062e-02
 9.73341e-02
 1.11543e-01
 1.27984e-01
 1.46934e-01
 1.68701e-01
 1.93644e-01
 2.22200e-01
 2.54915e-01
 2.92469e-01
 3.35706e-01
 3.85682e-01
 4.43716e-01
 5.11497e-01
 5.91215e-01
 6.85737e-01
 7.98870e-01
 9.35695e-01
 1.10313e+00
 1.31097e+00
 1.57190e+00
 1.90158e+00
 2.35662e+00
 3.08967e+00
 3.76435e+00
 3.87454e+00
 3.32019e+00
 1.95338e+00
 1.19550e+00
 1.01833e+00
 1.00040e+00
 1.00000e+00
 1.00000e+00
 1.00000e+00
 1.00000e+00
 1.00000e+00
 1.00000e+00
 1.00000e+00
 1.00000e+00
 1.00000e+00
 1.00000e+00
 1.00000e+00
 3.48692e-02
 3.41764e-02
 3.43769e-02
 3.48004e-02
 3.53631e-02
 3.60255e-02
 3.68032e-02
 3.77695e-02
 3.90500e-02
 4.07894e-02
 4.31204e-02
 4.61614e-02
 5.00216e-02
 5.48106e-02
 6.06457e-02
 6.76587e-02
 7.59988e-02
 8.58316e-02
 9.73401e-02
 1.10729e-01
 1.26230e-01
 1.44109e-01
 1.64661e-01
 1.88217e-01
 2.15169e-01
 2.45997e-01
 2.81303e-01
 3.21836e-01
 3.68529e-01
 4.22544e-01
 4.85343e-01
 5.58812e-01
 6.45397e-01
 7.48322e-01
 8.71877e-01
 1.02180e+00
 1.20609e+00
 1.43593e+00
 1.72429e+00
 2.09463e+00
 2.65064e+00
 3.46205e+00
 3.88626e+00
 3.77065e+00
 2.76723e+00
 1.51778e+00
 1.08354e+00
 1.00509e+00
 1.00005e+00
 1.00000e+00
 1.00000e+00
 1.00000e+00
 1.00000e+00
 1.00000e+00
 1.00000e+00
 1.00000e+00
 1.00000e+00
 1.00000e+00
 1.00000e+00
 1.00000e+00
 4.04534e-02
 3.99482e-02
 4.02782e-02
 4.08947e-02
 4.16826e-02
 4.25869e-02
 4.36183e-02
 4.48495e-02
 4.64141e-02
 4.84713e-02
 5.11698e-02
 5.46423e-02
 5.90114e-02
 6.43986e-02
 7.09321e-02
 7.87524e-02
 8.80138e-02
 9.88857e-02
 1.11556e-01
 1.26237e-01
 1.43174e-01
 1.62647e-01
 1.84976e-01
 2.10523e-01
 2.39718e-01
 2.73093e-01
 3.11315e-01
 3.55218e-01
 4.05836e-01
 4.64458e-01
 5.32728e-01
 6.12763e-01
 7.07324e-01
 8.20071e-01
 9.55867e-01
 1.12131e+00
 1.32583e+00
 1.58155e+00
 1.90227e+00
 2.33655e+00
 3.03273e+00
 3.75448e+00
 3.91457e+00
 3.45498e+00
 2.10874e+00
 1.25172e+00
 1.02949e+00
 1.00101e+00
 1.00000e+00
 1.00000e+00
 1.00000e+00
 1.00000e+00
 1.00000e+00
 1.00000e+00
 1.00000e+00
 1.00000e+00
 1.00000e+00
 1.00000e+00
 1.00000e+00
 1.00000e+00
 4.69705e-02
 4.66825e-02
 4.71612e-02
 4.79927e-02
 4.90245e-02
 5.01966e-02
 5.15231e-02
 5.30783e-02
 5.49990e-02
 5.74544e-02
 6.06058e-02
 6.45985e-02
 6.95680e-02
 7.56481e-02
 8.29790e-02
 9.17109e-02
 1.02006e-01
 1.14039e-01
 1.28006e-01
 1.44125e-01
 1.62656e-01
 1.83901e-01
 2.08208e-01
 2.35975e-01
 2.67684e-01
 3.03927e-01
 3.45451e-01
 3.93188e-01
 4.48289e-01
 5.12206e-01
 5.86798e-01
 6.74463e-01
 7.78356e-01
 9.02659e-01
 1.05294e+00
 1.23701e+00
 1.46585e+00
 1.75144e+00
 2.11533e+00
 2.65669e+00
 3.46131e+00
 3.91014e+00
 3.82045e+00
 2.86330e+00
 1.57711e+00
 1.10341e+00
 1.00801e+00
 1.00013e+00
 1.00000e+00
 1.00000e+00
 1.00000e+00
 1.00000e+00
 1.00000e+00
 1.00000e+00
 1.00000e+00
 1.00000e+00
 1.00000e+00
 1.00000e+00
 1.00000e+00
 1.00000e+00
 5.45746e-02
 5.45260e-02
 5.51961e-02
 5.62645e-02
 5.75539e-02
 5.90161e-02
 6.06780e-02
 6.26166e-02
 6.49690e-02
 6.79094e-02
 7.16078e-02
 7.62202e-02
 8.18937e-02
 8.87744e-02
 9.70142e-02
 1.06774e-01
 1.18227e-01
 1.31556e-01
 1.46966e-01
 1.64688e-01
 1.84997e-01
 2.08219e-01
 2.34736e-01
 2.64997e-01
 2.99540e-01
 3.39035e-01
 3.84325e-01
 4.36450e-01
 4.96709e-01
 5.66755e-01
 6.48704e-01
 7.45307e-01
 8.60204e-01
 9.98194e-01
 1.16582e+00
 1.37257e+00
 1.63004e+00
 1.95095e+00
 2.38617e+00
 3.08256e+00
 3.79265e+00
 3.94301e+00
 3.47371e+00
 2.12020e+00
 1.26445e+00
 1.03459e+00
 1.00152e+00
 1.00001e+00
 1.00000e+00
 1.00000e+00
 1.00000e+00
 1.00000e+00
 1.00000e+00
 1.00000e+00
 1.00000e+00
 1.00000e+00
 1.00000e+00
 1.00000e+00
 1.00000e+00
 1.00000e+00
 6.34463e-02
 6.36596e-02
 6.45788e-02
 6.59026e-02
 6.74625e-02
 6.92382e-02
 7.12763e-02
 7.36572e-02
 7.65170e-02
 8.00307e-02
 8.43745e-02
 8.97128e-02
 9.62036e-02
 1.04004e-01
 1.13278e-01
 1.24199e-01
 1.36949e-01
 1.51725e-01
 1.68745e-01
 1.88257e-01
 2.10557e-01
 2.35999e-01
 2.65011e-01
 2.98092e-01
 3.35857e-01
 3.79074e-01
 4.28686e-01
 4.85870e-01
 5.52115e-01
 6.29311e-01
 7.19893e-01
 8.27063e-01
 9.55028e-01
 1.10938e+00
 1.29816e+00
 1.53233e+00
 1.82264e+00
 2.19339e+00
 2.75343e+00
 3.55340e+00
 3.95087e+00
 3.81729e+00
 2.79059e+00
 1.54345e+00
 1.10121e+00
 1.00869e+00
 1.00018e+00
 1.00000e+00
 1.00000e+00
 1.00000e+00
 1.00000e+00
 1.00000e+00
 1.00000e+00
 1.00000e+00
 1.00000e+00
 1.00000e+00
 1.00000e+00
 1.00000e+00
 1.00000e+00
 1.00000e+00
 7.38002e-02
 7.43137e-02
 7.55302e-02
 7.71286e-02
 7.89755e-02
 8.10930e-02
 8.35501e-02
 8.64324e-02
 8.98743e-02
 9.40497e-02
 9.91385e-02
 1.05313e-01
 1.12741e-01
 1.21591e-01
 1.32040e-01
 1.44270e-01
 1.58479e-01
 1.74877e-01
 1.93701e-01
 2.15223e-01
 2.39766e-01
 2.67724e-01
 2.99568e-01
 3.35872e-01
 3.77345e-01
 4.24848e-01
 4.79458e-01
 5.42532e-01
 6.15779e-01
 7.01385e-01
 8.02201e-01
 9.21964e-01
 1.06556e+00
 1.23984e+00
 1.45473e+00
 1.72078e+00
 2.05137e+00
 2.51231e+00
 3.24541e+00
 3.87667e+00
 3.95519e+00
 3.36290e+00
 1.97959e+00
 1.22943e+00
 1.03077e+00
 1.00145e+00
 1.00001e+00
 1.00000e+00
 1.00000e+00
 1.00000e+00
 1.00000e+00
 1.00000e+00
 1.00000e+00
 1.00000e+00
 1.00000e+00
 1.00000e+00
 1.00000e+00
 1.00000e+00
 1.00000e+00
 1.00000e+00
 8.58960e-02
 8.67627e-02
 8.83143e-02
 9.02069e-02
 9.23613e-02
 9.48532e-02
 9.77759e-02
 1.01220e-01
 1.05320e-01
 1.10247e-01
 1.16184e-01
 1.23310e-01
 1.31803e-01
 1.41844e-01
 1.53621e-01
 1.67332e-01
 1.83186e-01
 2.01413e-01
 2.22273e-01
 2.46067e-01
 2.73158e-01
 3.03983e-01
 3.39080e-01
 3.79106e-01
 4.24865e-01
 4.77346e-01
 5.37798e-01
 6.07786e-01
 6.89297e-01
 7.84903e-01
 8.97964e-01
 1.03283e+00
 1.19544e+00
 1.39455e+00
 1.64064e+00
 1.94335e+00
 2.33942e+00
 2.95704e+00
 3.72403e+00
 3.99327e+00
 3.72843e+00
 2.52909e+00
 1.43342e+00
 1.07894e+00
 1.00668e+00
 1.00015e+00
 1.00000e+00
 1.00000e+00
 1.00000e+00
 1.00000e+00
 1.00000e+00
 1.00000e+00
 1.00000e+00
 1.00000e+00
 1.00000e+00
 1.00000e+00
 1.00000e+00
 1.00000e+00
 1.00000e+00
 1.00000e+00
 1.00050e-01
 1.01330e-01
 1.03252e-01
 1.05458e-01
 1.07942e-01
 1.10844e-01
 1.14281e-01
 1.18352e-01
 1.23189e-01
 1.28962e-01
 1.35857e-01
 1.44059e-01
 1.53757e-01
 1.65145e-01
 1.78426e-01
 1.93811e-01
 2.11529e-01
 2.31830e-01
 2.55004e-01
 2.81390e-01
 3.11397e-01
 3.45525e-01
 3.84387e-01
 4.28735e-01
 4.79492e-01
 5.37815e-01
 6.05153e-01
 6.83332e-01
 7.74705e-01
 8.82328e-01
 1.01013e+00
 1.16336e+00
 1.34975e+00
 1.57935e+00
 1.86084e+00
 2.21516e+00
 2.73911e+00
 3.51449e+00
 3.97383e+00
 3.91868e+00
 3.06103e+00
 1.72386e+00
 1.16283e+00
 1.02066e+00
 1.00090e+00
 1.00001e+00
 1.00000e+00
 1.00000e+00
 1.00000e+00
 1.00000e+00
 1.00000e+00
 1.00000e+00
 1.00000e+00
 1.00000e+00
 1.00000e+00
 1.00000e+00
 1.00000e+00
 1.00000e+00
 1.00000e+00
 1.00000e+00
 1.16649e-01
 1.18403e-01
 1.20729e-01
 1.23267e-01
 1.26106e-01
 1.29454e-01
 1.33458e-01
 1.38223e-01
 1.43882e-01
 1.50605e-01
 1.58578e-01
 1.67995e-01
 1.79056e-01
 1.91969e-01
 2.06955e-01
 2.24242e-01
 2.44080e-01
 2.66749e-01
 2.92573e-01
 3.21939e-01
 3.55316e-01
 3.93279e-01
 4.36529e-01
 4.85937e-01
 5.42583e-01
 6.07821e-01
 6.83350e-01
 7.71345e-01
 8.74621e-01
 9.96779e-01
 1.14254e+00
 1.31880e+00
 1.53499e+00
 1.79955e+00
 2.12570e+00
 2.58232e+00
 3.29760e+00
 3.91240e+00
 3.99857e+00
 3.46250e+00
 2.09910e+00
 1.28667e+00
 1.04809e+00
 1.00355e+00
 1.00007e+00
 1.00000e+00
 1.00000e+00
 1.00000e+00
 1.00000e+00
 1.00000e+00
 1.00000e+00
 1.00000e+00
 1.00000e+00
 1.00000e+00
 1.00000e+00
 1.00000e+00
 1.00000e+00
 1.00000e+00
 1.00000e+00
 1.00000e+00
 1.36158e-01
 1.38446e-01
 1.41213e-01
 1.44104e-01
 1.47321e-01
 1.51153e-01
 1.55777e-01
 1.61309e-01
 1.67884e-01
 1.75670e-01
 1.84859e-01
 1.95650e-01
 2.08256e-01
 2.22902e-01
 2.39828e-01
 2.59285e-01
 2.81552e-01
 3.06942e-01
 3.35826e-01
 3.68648e-01
 4.05950e-01
 4.48396e-01
 4.96805e-01
 5.52199e-01
 6.15848e-01
 6.89349e-01
 7.74740e-01
 8.74639e-01
 9.92381e-01
 1.13230e+00
 1.30064e+00
 1.50616e+00
 1.75710e+00
 2.06308e+00
 2.47339e+00
 3.11288e+00
 3.82176e+00
 4.02907e+00
 3.72301e+00
 2.50608e+00
 1.44686e+00
 1.09177e+00
 1.00995e+00
 1.00035e+00
 1.00000e+00
 1.00000e+00
 1.00000e+00
 1.00000e+00
 1.00000e+00
 1.00000e+00
 1.00000e+00
 1.00000e+00
 1.00000e+00
 1.00000e+00
 1.00000e+00
 1.00000e+00
 1.00000e+00
 1.00000e+00
 1.00000e+00
 1.00000e+00
 1.59138e-01
 1.62022e-01
 1.65266e-01
 1.68534e-01
 1.72154e-01
 1.76509e-01
 1.81810e-01
 1.88188e-01
 1.95782e-01
 2.04763e-01
 2.15324e-01
 2.27674e-01
 2.42040e-01
 2.58665e-01
 2.77812e-01
 2.99763e-01
 3.24830e-01
 3.53372e-01
 3.85815e-01
 4.22676e-01
 4.64586e-01
 5.12327e-01
 5.66867e-01
 6.29410e-01
 7.01470e-01
 7.84972e-01
 8.82379e-01
 9.96813e-01
 1.13232e+00
 1.29467e+00
 1.49198e+00
 1.73214e+00
 2.02304e+00
 2.40201e+00
 2.98102e+00
 3.72043e+00
 4.03209e+00
 3.87629e+00
 2.87806e+00
 1.63387e+00
 1.15114e+00
 1.02158e+00
 1.00120e+00
 1.00002e+00
 1.00000e+00
 1.00000e+00
 1.00000e+00
 1.00000e+00
 1.00000e+00
 1.00000e+00
 1.00000e+00
 1.00000e+00
 1.00000e+00
 1.00000e+00
 1.00000e+00
 1.00000e+00
 1.00000e+00
 1.00000e+00
 1.00000e+00
 1.00000e+00
 1.86268e-01
 1.89810e-01
 1.93575e-01
 1.97236e-01
 2.01291e-01
 2.06211e-01
 2.12252e-01
 2.19565e-01
 2.28297e-01
 2.38624e-01
 2.50743e-01
 2.64873e-01
 2.81254e-01
 3.00153e-01
 3.21862e-01
 3.46699e-01
 3.75021e-01
 4.07242e-01
 4.43861e-01
 4.85487e-01
 5.32867e-01
 5.86930e-01
 6.48827e-01
 7.20004e-01
 8.02299e-01
 8.98048e-01
 1.01020e+00
 1.14259e+00
 1.30067e+00
 1.49200e+00
 1.72390e+00
 2.00348e+00
 2.36152e+00
 2.89775e+00
 3.63109e+00
 4.02138e+00
 3.96005e+00
 3.16451e+00
 1.83752e+00
 1.22166e+00
 1.03858e+00
 1.00309e+00
 1.00007e+00
 1.00000e+00
 1.00000e+00
 1.00000e+00
 1.00000e+00
 1.00000e+00
 1.00000e+00
 1.00000e+00
 1.00000e+00
 1.00000e+00
 1.00000e+00
 1.00000e+00
 1.00000e+00
 1.00000e+00
 1.00000e+00
 1.00000e+00
 1.00000e+00
 1.00000e+00
 2.18373e-01
 2.22639e-01
 2.26972e-01
 2.31045e-01
 2.35567e-01
 2.41101e-01
 2.47956e-01
 2.56308e-01
 2.66320e-01
 2.78172e-01
 2.92070e-01
 3.08244e-01
 3.26950e-01
 3.48483e-01
 3.73171e-01
 4.01377e-01
 4.33517e-01
 4.70079e-01
 5.11653e-01
 5.58965e-01
 6.12911e-01
 6.74603e-01
 7.45438e-01
 8.27183e-01
 9.22072e-01
 1.03293e+00
 1.16344e+00
 1.31886e+00
 1.50620e+00
 1.73216e+00
 2.00349e+00
 2.34841e+00
 2.85759e+00
 3.57169e+00
 4.00773e+00
 4.00232e+00
 3.36224e+00
 2.03314e+00
 1.29556e+00
 1.05944e+00
 1.00626e+00
 1.00023e+00
 1.00000e+00
 1.00000e+00
 1.00000e+00
 1.00000e+00
 1.00000e+00
 1.00000e+00
 1.00000e+00
 1.00000e+00
 1.00000e+00
 1.00000e+00
 1.00000e+00
 1.00000e+00
 1.00000e+00
 1.00000e+00
 1.00000e+00
 1.00000e+00
 1.00000e+00
 1.00000e+00
 2.56459e-01
 2.61525e-01
 2.66469e-01
 2.70980e-01
 2.76006e-01
 2.82213e-01
 2.89971e-01
 2.99491e-01
 3.10954e-01
 3.24551e-01
 3.40498e-01
 3.59038e-01
 3.80453e-01
 4.05069e-01
 4.33257e-01
 4.65442e-01
 5.02114e-01
 5.43855e-01
 5.91378e-01
 6.45557e-01
 7.07477e-01
 7.78500e-01
 8.60339e-01
 9.55151e-01
 1.06567e+00
 1.19553e+00
 1.34984e+00
 1.53505e+00
 1.75714e+00
 2.02306e+00
 2.36154e+00
 2.85761e+00
 3.55100e+00
 3.99861e+00
 4.02157e+00
 3.48297e+00
 2.19216e+00
 1.36326e+00
 1.08139e+00
 1.01049e+00
 1.00052e+00
 1.00001e+00
 1.00000e+00
 1.00000e+00
 1.00000e+00
 1.00000e+00
 1.00000e+00
 1.00000e+00
 1.00000e+00
 1.00000e+00
 1.00000e+00
 1.00000e+00
 1.00000e+00
 1.00000e+00
 1.00000e+00
 1.00000e+00
 1.00000e+00
 1.00000e+00
 1.00000e+00
 1.00000e+00
 3.01772e-01
 3.07722e-01
 3.13316e-01
 3.18299e-01
 3.23879e-01
 3.30834e-01
 3.39611e-01
 3.50461e-01
 3.63590e-01
 3.79207e-01
 3.97540e-01
 4.18853e-01
 4.43459e-01
 4.71725e-01
 5.04080e-01
 5.41023e-01
 5.83145e-01
 6.31151e-01
 6.85908e-01
 7.48487e-01
 8.20228e-01
 9.02805e-01
 9.98328e-01
 1.10950e+00
 1.23995e+00
 1.39465e+00
 1.57943e+00
 1.79960e+00
 2.06310e+00
 2.40200e+00
 2.89778e+00
 3.57168e+00
 3.99864e+00
 4.02730e+00
 3.53955e+00
 2.29471e+00
 1.41506e+00
 1.10082e+00
 1.01506e+00
 1.00096e+00
 1.00002e+00
 1.00000e+00
 1.00000e+00
 1.00000e+00
 1.00000e+00
 1.00000e+00
 1.00000e+00
 1.00000e+00
 1.00000e+00
 1.00000e+00
 1.00000e+00
 1.00000e+00
 1.00000e+00
 1.00000e+00
 1.00000e+00
 1.00000e+00
 1.00000e+00
 1.00000e+00
 1.00000e+00
 1.00000e+00
 3.55869e-01
 3.62790e-01
 3.69076e-01
 3.74579e-01
 3.80776e-01
 3.88581e-01
 3.98530e-01
 4.10925e-01
 4.26003e-01
 4.43993e-01
 4.65147e-01
 4.89756e-01
 5.18173e-01
 5.50820e-01
 5.88203e-01
 6.30918e-01
 6.79683e-01
 7.35370e-01
 7.99048e-01
 8.72046e-01
 9.56026e-01
 1.05308e+00
 1.16595e+00
 1.29828e+00
 1.45483e+00
 1.64073e+00
 1.86091e+00
 2.12575e+00
 2.47341e+00
 2.98103e+00
 3.63110e+00
 4.00776e+00
 4.02154e+00
 3.53959e+00
 2.32995e+00
 1.44312e+00
 1.11419e+00
 1.01894e+00
 1.00144e+00
 1.00004e+00
 1.00000e+00
 1.00000e+00
 1.00000e+00
 1.00000e+00
 1.00000e+00
 1.00000e+00
 1.00000e+00
 1.00000e+00
 1.00000e+00
 1.00000e+00
 1.00000e+00
 1.00000e+00
 1.00000e+00
 1.00000e+00
 1.00000e+00
 1.00000e+00
 1.00000e+00
 1.00000e+00
 1.00000e+00
 1.00000e+00
 4.20712e-01
 4.28700e-01
 4.35723e-01
 4.41806e-01
 4.48709e-01
 4.57508e-01
 4.68843e-01
 4.83077e-01
 5.00483e-01
 5.21318e-01
 5.45862e-01
 5.74449e-01
 6.07486e-01
 6.45471e-01
 6.89009e-01
 7.38828e-01
 7.95815e-01
 8.61053e-01
 9.35881e-01
 1.02197e+00
 1.12147e+00
 1.23716e+00
 1.37270e+00
 1.53245e+00
 1.72089e+00
 1.94343e+00
 2.21521e+00
 2.58238e+00
 3.11290e+00
 3.72045e+00
 4.02134e+00
 4.00229e+00
 3.48293e+00
 2.29468e+00
 1.44312e+00
 1.11896e+00
 1.02116e+00
 1.00183e+00
 1.00006e+00
 1.00000e+00
 1.00000e+00
 1.00000e+00
 1.00000e+00
 1.00000e+00
 1.00000e+00
 1.00000e+00
 1.00000e+00
 1.00000e+00
 1.00000e+00
 1.00000e+00
 1.00000e+00
 1.00000e+00
 1.00000e+00
 1.00000e+00
 1.00000e+00
 1.00000e+00
 1.00000e+00
 1.00000e+00
 1.00000e+00
 1.00000e+00
 4.98802e-01
 5.07964e-01
 5.15769e-01
 5.22514e-01
 5.30250e-01
 5.40253e-01
 5.53283e-01
 5.69769e-01
 5.90023e-01
 6.14337e-01
 6.43033e-01
 6.76504e-01
 7.15235e-01
 7.59823e-01
 8.11013e-01
 8.69706e-01
 9.37013e-01
 1.01431e+00
 1.10333e+00
 1.20627e+00
 1.32600e+00
 1.46600e+00
 1.63018e+00
 1.82276e+00
 2.05148e+00
 2.33953e+00
 2.73919e+00
 3.29770e+00
 3.82172e+00
 4.03209e+00
 3.96002e+00
 3.36220e+00
 2.19220e+00
 1.41505e+00
 1.11419e+00
 1.02116e+00
 1.00198e+00
 1.00007e+00
 1.00000e+00
 1.00000e+00
 1.00000e+00
 1.00000e+00
 1.00000e+00
 1.00000e+00
 1.00000e+00
 1.00000e+00
 1.00000e+00
 1.00000e+00
 1.00000e+00
 1.00000e+00
 1.00000e+00
 1.00000e+00
 1.00000e+00
 1.00000e+00
 1.00000e+00
 1.00000e+00
 1.00000e+00
 1.00000e+00
 1.00000e+00
 1.00000e+00
 5.93375e-01
 6.03827e-01
 6.12460e-01
 6.19980e-01
 6.28737e-01
 6.40255e-01
 6.55428e-01
 6.74752e-01
 6.98577e-01
 7.27237e-01
 7.61115e-01
 8.00687e-01
 8.46548e-01
 8.99441e-01
 9.60295e-01
 1.03026e+00
 1.11078e+00
 1.20366e+00
 1.31118e+00
 1.43613e+00
 1.58173e+00
 1.75160e+00
 1.95110e+00
 2.19352e+00
 2.51243e+00
 2.95716e+00
 3.51460e+00
 3.91242e+00
 4.02909e+00
 3.87627e+00
 3.16445e+00
 2.03307e+00
 1.36325e+00
 1.10082e+00
 1.01894e+00
 1.00183e+00
 1.00007e+00
 1.00000e+00
 1.00000e+00
 1.00000e+00
 1.00000e+00
 1.00000e+00
 1.00000e+00
 1.00000e+00
 1.00000e+00
 1.00000e+00
 1.00000e+00
 1.00000e+00
 1.00000e+00
 1.00000e+00
 1.00000e+00
 1.00000e+00
 1.00000e+00
 1.00000e+00
 1.00000e+00
 1.00000e+00
 1.00000e+00
 1.00000e+00
 1.00000e+00
 1.00000e+00
 7.08688e-01
 7.20546e-01
 7.30068e-01
 7.38515e-01
 7.48576e-01
 7.62073e-01
 7.80040e-01
 8.03033e-01
 8.31440e-01
 8.65646e-01
 9.06117e-01
 9.53448e-01
 1.00840e+00
 1.07194e+00
 1.14527e+00
 1.22989e+00
 1.32768e+00
 1.44088e+00
 1.57213e+00
 1.72451e+00
 1.90248e+00
 2.11552e+00
 2.38637e+00
 2.75362e+00
 3.24556e+00
 3.72413e+00
 3.97390e+00
 3.99852e+00
 3.72294e+00
 2.87791e+00
 1.83746e+00
 1.29555e+00
 1.08138e+00
 1.01506e+00
 1.00144e+00
 1.00006e+00
 1.00000e+00
 1.00000e+00
 1.00000e+00
 1.00000e+00
 1.00000e+00
 1.00000e+00
 1.00000e+00
 1.00000e+00
 1.00000e+00
 1.00000e+00
 1.00000e+00
 1.00000e+00
 1.00000e+00
 1.00000e+00
 1.00000e+00
 1.00000e+00
 1.00000e+00
 1.00000e+00
 1.00000e+00
 1.00000e+00
 1.00000e+00
 1.00000e+00
 1.00000e+00
 1.00000e+00
 8.50445e-01
 8.63844e-01
 8.74324e-01
 8.83922e-01
 8.95718e-01
 9.11885e-01
 9.33585e-01
 9.61422e-01
 9.95827e-01
 1.03726e+00
 1.08630e+00
 1.14373e+00
 1.21055e+00
 1.28802e+00
 1.37767e+00
 1.48135e+00
 1.60123e+00
 1.74002e+00
 1.90185e+00
 2.09490e+00
 2.33684e+00
 2.65700e+00
 3.08285e+00
 3.55363e+00
 3.87668e+00
 3.99326e+00
 3.91864e+00
 3.46239e+00
 2.50591e+00
 1.63386e+00
 1.22163e+00
 1.05944e+00
 1.01049e+00
 1.00096e+00
 1.00004e+00
 1.00000e+00
 1.00000e+00
 1.00000e+00
 1.00000e+00
 1.00000e+00
 1.00000e+00
 1.00000e+00
 1.00000e+00
 1.00000e+00
 1.00000e+00
 1.00000e+00
 1.00000e+00
 1.00000e+00
 1.00000e+00
 1.00000e+00
 1.00000e+00
 1.00000e+00
 1.00000e+00
 1.00000e+00
 1.00000e+00
 1.00000e+00
 1.00000e+00
 1.00000e+00
 1.00000e+00
 1.00000e+00
 1.02649e+00
 1.04159e+00
 1.05313e+00
 1.06423e+00
 1.07843e+00
 1.09830e+00
 1.12508e+00
 1.15944e+00
 1.20184e+00
 1.25285e+00
 1.31321e+00
 1.38393e+00
 1.46625e+00
 1.56173e+00
 1.67227e+00
 1.80050e+00
 1.95071e+00
 2.13105e+00
 2.35698e+00
 2.65100e+00
 3.03318e+00
 3.46165e+00
 3.79280e+00
 3.95087e+00
 3.95507e+00
 3.72828e+00
 3.06082e+00
 2.09888e+00
 1.44679e+00
 1.15112e+00
 1.03857e+00
 1.00626e+00
 1.00052e+00
 1.00002e+00
 1.00000e+00
 1.00000e+00
 1.00000e+00
 1.00000e+00
 1.00000e+00
 1.00000e+00
 1.00000e+00
 1.00000e+00
 1.00000e+00
 1.00000e+00
 1.00000e+00
 1.00000e+00
 1.00000e+00
 1.00000e+00
 1.00000e+00
 1.00000e+00
 1.00000e+00
 1.00000e+00
 1.00000e+00
 1.00000e+00
 1.00000e+00
 1.00000e+00
 1.00000e+00
 1.00000e+00
 1.00000e+00
 1.00000e+00
 1.24788e+00
 1.26479e+00
 1.27762e+00
 1.29075e+00
 1.30840e+00
 1.33344e+00
 1.36720e+00
 1.41034e+00
 1.46337e+00
 1.52698e+00
 1.60212e+00
 1.69015e+00
 1.79302e+00
 1.91372e+00
 2.05731e+00
 2.23268e+00
 2.45352e+00
 2.73602e+00
 3.09017e+00
 3.46246e+00
 3.75467e+00
 3.91021e+00
 3.94300e+00
 3.81713e+00
 3.36259e+00
 2.52880e+00
 1.72370e+00
 1.28660e+00
 1.09175e+00
 1.02157e+00
 1.00309e+00
 1.00023e+00
 1.00001e+00
 1.00000e+00
 1.00000e+00
 1.00000e+00
 1.00000e+00
 1.00000e+00
 1.00000e+00
 1.00000e+00
 1.00000e+00
 1.00000e+00
 1.00000e+00
 1.00000e+00
 1.00000e+00
 1.00000e+00
 1.00000e+00
 1.00000e+00
 1.00000e+00
 1.00000e+00
 1.00000e+00
 1.00000e+00
 1.00000e+00
 1.00000e+00
 1.00000e+00
 1.00000e+00
 1.00000e+00
 1.00000e+00
 1.00000e+00
 1.00000e+00
 1.52989e+00
 1.54856e+00
 1.56306e+00
 1.57902e+00
 1.60162e+00
 1.63390e+00
 1.67722e+00
 1.73235e+00
 1.80011e+00
 1.88187e+00
 1.97996e+00
 2.09823e+00
 2.24287e+00
 2.42247e+00
 2.64714e+00
 2.92546e+00
 3.24374e+00
 3.54275e+00
 3.76459e+00
 3.88638e+00
 3.91453e+00
 3.82031e+00
 3.47339e+00
 2.79016e+00
 1.97930e+00
 1.43329e+00
 1.16278e+00
 1.04807e+00
 1.00994e+00
 1.00120e+00
 1.00007e+00
 1.00000e+00
 1.00000e+00
 1.00000e+00
 1.00000e+00
 1.00000e+00
 1.00000e+00
 1.00000e+00
 1.00000e+00
 1.00000e+00
 1.00000e+00
 1.00000e+00
 1.00000e+00
 1.00000e+00
 1.00000e+00
 1.00000e+00
 1.00000e+00
 1.00000e+00
 1.00000e+00
 1.00000e+00
 1.00000e+00
 1.00000e+00
 1.00000e+00
 1.00000e+00
 1.00000e+00
 1.00000e+00
 1.00000e+00
 1.00000e+00
 1.00000e+00
 1.00000e+00
 1.89805e+00
 1.91888e+00
 1.93605e+00
 1.95714e+00
 1.98860e+00
 2.03389e+00
 2.09508e+00
 2.17422e+00
 2.27401e+00
 2.39824e+00
 2.55188e+00
 2.74040e+00
 2.96778e+00
 3.21742e+00
 3.46021e+00
 3.66380e+00
 3.80026e+00
 3.87313e+00
 3.87448e+00
 3.77045e+00
 3.45456e+00
 2.86272e+00
 2.11972e+00
 1.54320e+00
 1.22932e+00
 1.07890e+00
 1.02065e+00
 1.00355e+00
 1.00035e+00
 1.00002e+00
 1.00000e+00
 1.00000e+00
 1.00000e+00
 1.00000e+00
 1.00000e+00
 1.00000e+00
 1.00000e+00
 1.00000e+00
 1.00000e+00
 1.00000e+00
 1.00000e+00
 1.00000e+00
 1.00000e+00
 1.00000e+00
 1.00000e+00
 1.00000e+00
 1.00000e+00
 1.00000e+00
 1.00000e+00
 1.00000e+00
 1.00000e+00
 1.00000e+00
 1.00000e+00
 1.00000e+00
 1.00000e+00
 1.00000e+00
 1.00000e+00
 1.00000e+00
 1.00000e+00
 1.00000e+00
 2.44547e+00
 2.47149e+00
 2.49613e+00
 2.53089e+00
 2.58392e+00
 2.65917e+00
 2.75891e+00
 2.88495e+00
 3.03375e+00
 3.19714e+00
 3.36657e+00
 3.52850e+00
 3.66386e+00
 3.76405e+00
 3.82749e+00
 3.84686e+00
 3.80653e+00
 3.65622e+00
 3.31961e+00
 2.76652e+00
 2.10811e+00
 1.57679e+00
 1.26428e+00
 1.10114e+00
 1.03075e+00
 1.00667e+00
 1.00090e+00
 1.00007e+00
 1.00000e+00
 1.00000e+00
 1.00000e+00
 1.00000e+00
 1.00000e+00
 1.00000e+00
 1.00000e+00
 1.00000e+00
 1.00000e+00
 1.00000e+00
 1.00000e+00
 1.00000e+00
 1.00000e+00
 1.00000e+00
 1.00000e+00
 1.00000e+00
 1.00000e+00
 1.00000e+00
 1.00000e+00
 1.00000e+00
 1.00000e+00
 1.00000e+00
 1.00000e+00
 1.00000e+00
 1.00000e+00
 1.00000e+00
 1.00000e+00
 1.00000e+00
 1.00000e+00
 1.00000e+00
 1.00000e+00
 1.00000e+00
 3.25753e+00
 3.28341e+00
 3.30674e+00
 3.34060e+00
 3.38982e+00
 3.45302e+00
 3.52518e+00
 3.59872e+00
 3.66767e+00
 3.72774e+00
 3.77464e+00
 3.80333e+00
 3.80444e+00
 3.76669e+00
 3.65755e+00
 3.42690e+00
 3.04073e+00
 2.50840e+00
 1.95272e+00
 1.51741e+00
 1.25151e+00
 1.10332e+00
 1.03456e+00
 1.00868e+00
 1.00145e+00
 1.00014e+00
 1.00001e+00
 1.00000e+00
 1.00000e+00
 1.00000e+00
 1.00000e+00
 1.00000e+00
 1.00000e+00
 1.00000e+00
 1.00000e+00
 1.00000e+00
 1.00000e+00
 1.00000e+00
 1.00000e+00
 1.00000e+00
 1.00000e+00
 1.00000e+00
 1.00000e+00
 1.00000e+00
 1.00000e+00
 1.00000e+00
 1.00000e+00
 1.00000e+00
 1.00000e+00
 1.00000e+00
 1.00000e+00
 1.00000e+00
 1.00000e+00
 1.00000e+00
 1.00000e+00
 1.00000e+00
 1.00000e+00
 1.00000e+00
 1.00000e+00
 1.00000e+00
 3.72326e+00
 3.73409e+00
 3.73679e+00
 3.74108e+00
 3.74891e+00
 3.75840e+00
 3.76572e+00
 3.76624e+00
 3.75453e+00
 3.72383e+00
 3.65688e+00
 3.52853e+00
 3.31639e+00
 2.99939e+00
 2.57906e+00
 2.11344e+00
 1.69480e+00
 1.38930e+00
 1.19530e+00
 1.08344e+00
 1.02945e+00
 1.00800e+00
 1.00151e+00
 1.00018e+00
 1.00001e+00
 1.00000e+00
 1.00000e+00
 1.00000e+00
 1.00000e+00
 1.00000e+00
 1.00000e+00
 1.00000e+00
 1.00000e+00
 1.00000e+00
 1.00000e+00
 1.00000e+00
 1.00000e+00
 1.00000e+00
 1.00000e+00
 1.00000e+00
 1.00000e+00
 1.00000e+00
 1.00000e+00
 1.00000e+00
 1.00000e+00
 1.00000e+00
 1.00000e+00
 1.00000e+00
 1.00000e+00
 1.00000e+00
 1.00000e+00
 1.00000e+00
 1.00000e+00
 1.00000e+00
 1.00000e+00
 1.00000e+00
 1.00000e+00
 1.00000e+00
 1.00000e+00
 1.00000e+00
 3.67312e+00
 3.67136e+00
 3.65595e+00
 3.63017e+00
 3.59228e+00
 3.53675e+00
 3.45559e+00
 3.33878e+00
 3.17477e+00
 2.95203e+00
 2.66700e+00
 2.33207e+00
 1.98526e+00
 1.66642e+00
 1.41360e+00
 1.23644e+00
 1.11853e+00
 1.05111e+00
 1.01829e+00
 1.00508e+00
 1.00101e+00
 1.00013e+00
 1.00001e+00
 1.00000e+00
 1.00000e+00
 1.00000e+00
 1.00000e+00
 1.00000e+00
 1.00000e+00
 1.00000e+00
 1.00000e+00
 1.00000e+00
 1.00000e+00
 1.00000e+00
 1.00000e+00
 1.00000e+00
 1.00000e+00
 1.00000e+00
 1.00000e+00
 1.00000e+00
 1.00000e+00
 1.00000e+00
 1.00000e+00
 1.00000e+00
 1.00000e+00
 1.00000e+00
 1.00000e+00
 1.00000e+00
 1.00000e+00
 1.00000e+00
 1.00000e+00
 1.00000e+00
 1.00000e+00
 1.00000e+00
 1.00000e+00
 1.00000e+00
 1.00000e+00
 1.00000e+00
 1.00000e+00
 1.00000e+00
 2.81717e+00
 2.79234e+00
 2.74291e+00
 2.66347e+00
 2.55240e+00
 2.40884e+00
 2.23687e+00
 2.04298e+00
 1.83733e+00
 1.63472e+00
 1.45289e+00
 1.30551e+00
 1.18901e+00
 1.10489e+00
 1.05134e+00
 1.02161e+00
 1.00748e+00
 1.00201e+00
 1.00039e+00
 1.00005e+00
 1.00000e+00
 1.00000e+00
 1.00000e+00
 1.00000e+00
 1.00000e+00
 1.00000e+00
 1.00000e+00
 1.00000e+00
 1.00000e+00
 1.00000e+00
 1.00000e+00
 1.00000e+00
 1.00000e+00
 1.00000e+00
 1.00000e+00
 1.00000e+00
 1.00000e+00
 1.00000e+00
 1.00000e+00
 1.00000e+00
 1.00000e+00
 1.00000e+00
 1.00000e+00
 1.00000e+00
 1.00000e+00
 1.00000e+00
 1.00000e+00
 1.00000e+00
 1.00000e+00
 1.00000e+00
 1.00000e+00
 1.00000e+00
 1.00000e+00
 1.00000e+00
 1.00000e+00
 1.00000e+00
 1.00000e+00
 1.00000e+00
 1.00000e+00
 1.00000e+00
 1.54080e+00
 1.52452e+00
 1.49368e+00
 1.44837e+00
 1.39201e+00
 1.32952e+00
 1.26382e+00
 1.19911e+00
 1.14024e+00
 1.09110e+00
 1.05387e+00
 1.02852e+00
 1.01320e+00
 1.00516e+00
 1.00164e+00
 1.00041e+00
 1.00007e+00
 1.00001e+00
 1.00000e+00
 1.00000e+00
 1.00000e+00
 1.00000e+00
 1.00000e+00
 1.00000e+00
 1.00000e+00
 1.00000e+00
 1.00000e+00
 1.00000e+00
 1.00000e+00
 1.00000e+00
 1.00000e+00
 1.00000e+00
 1.00000e+00
 1.00000e+00
 1.00000e+00
 1.00000e+00
 1.00000e+00
 1.00000e+00
 1.00000e+00
 1.00000e+00
 1.00000e+00
 1.00000e+00
 1.00000e+00
 1.00000e+00
 1.00000e+00
 1.00000e+00
 1.00000e+00
 1.00000e+00
 1.00000e+00
 1.00000e+00
 1.00000e+00
 1.00000e+00
 1.00000e+00
 1.00000e+00
 1.00000e+00
 1.00000e+00
 1.00000e+00
 1.00000e+00
 1.00000e+00
 1.00000e+00
 1.06560e+00
 1.06242e+00
 1.05634e+00
 1.04798e+00
 1.03830e+00
 1.02841e+00
 1.01940e+00
 1.01202e+00
 1.00666e+00
 1.00324e+00
 1.00135e+00
 1.00047e+00
 1.00013e+00
 1.00003e+00
 1.00000e+00
 1.00000e+00
 1.00000e+00
 1.00000e+00
 1.00000e+00
 1.00000e+00
 1.00000e+00
 1.00000e+00
 1.00000e+00
 1.00000e+00
 1.00000e+00
 1.00000e+00
 1.00000e+00
 1.00000e+00
 1.00000e+00
 1.00000e+00
 1.00000e+00
 1.00000e+00
 1.00000e+00
 1.00000e+00
 1.00000e+00
 1.00000e+00
 1.00000e+00
 1.00000e+00
 1.00000e+00
 1.00000e+00
 1.00000e+00
 1.00000e+00
 1.00000e+00
 1.00000e+00
 1.00000e+00
 1.00000e+00
 1.00000e+00
 1.00000e+00
 1.00000e+00
 1.00000e+00
 1.00000e+00
 1.00000e+00
 1.00000e+00
 1.00000e+00
 1.00000e+00
 1.00000e+00
 1.00000e+00
 1.00000e+00
 1.00000e+00
 1.00000e+00
 1.00131e+00
 1.00120e+00
 1.00100e+00
 1.00075e+00
 1.00051e+00
 1.00030e+00
 1.00016e+00
 1.00007e+00
 1.00003e+00
 1.00001e+00
 1.00000e+00
 1.00000e+00
 1.00000e+00
 1.00000e+00
 1.00000e+00
 1.00000e+00
 1.00000e+00
 1.00000e+00
 1.00000e+00
 1.00000e+00
 1.00000e+00
 1.00000e+00
 1.00000e+00
 1.00000e+00
 1.00000e+00
 1.00000e+00
 1.00000e+00
 1.00000e+00
 1.00000e+00
 1.00000e+00
 1.00000e+00
 1.00000e+00
 1.00000e+00
 1.00000e+00
 1.00000e+00
 1.00000e+00
 1.00000e+00
 1.00000e+00
 1.00000e+00
 1.00000e+00
 1.00000e+00
 1.00000e+00
 1.00000e+00
 1.00000e+00
 1.00000e+00
 1.00000e+00
 1.00000e+00
 1.00000e+00
 1.00000e+00
 1.00000e+00
 1.00000e+00
 1.00000e+00
 1.00000e+00
 1.00000e+00
 1.00000e+00
 1.00000e+00
 1.00000e+00
 1.00000e+00
 1.00000e+00
 1.00000e+00
 1.00000e+00
 1.00000e+00
 1.00000e+00
 1.00000e+00
 1.00000e+00
 1.00000e+00
 1.00000e+00
 1.00000e+00
 1.00000e+00
 1.00000e+00
 1.00000e+00
 1.00000e+00
 1.00000e+00
 1.00000e+00
 1.00000e+00
 1.00000e+00
 1.00000e+00
 1.00000e+00
 1.00000e+00
 1.00000e+00
 1.00000e+00
 1.00000e+00
 1.00000e+00
 1.00000e+00
 1.00000e+00
 1.00000e+00
 1.00000e+00
 1.00000e+00
 1.00000e+00
 1.00000e+00
 1.00000e+00
 1.00000e+00
 1.00000e+00
 1.00000e+00
 1.00000e+00
 1.00000e+00
 1.00000e+00
 1.00000e+00
 1.00000e+00
 1.00000e+00
 1.00000e+00
 1.00000e+00
 1.00000e+00
 1.00000e+00
 1.00000e+00
 1.00000e+00
 1.00000e+00
 1.00000e+00
 1.00000e+00
 1.00000e+00
 1.00000e+00
 1.00000e+00
 1.00000e+00
 1.00000e+00
 1.00000e+00
 1.00000e+00
 1.00000e+00
 1.00000e+00
 1.00000e+00
 1.00000e+00
 1.00000e+00
 1.00000e+00
 1.00000e+00
 1.00000e+00
 1.00000e+00
 1.00000e+00
 1.00000e+00
 1.00000e+00
 1.00000e+00
 1.00000e+00
 1.00000e+00
 1.00000e+00
 1.00000e+00
 1.00000e+00
 1.00000e+00
 1.00000e+00
 1.00000e+00
 1.00000e+00
 1.00000e+00
 1.00000e+00
 1.00000e+00
 1.00000e+00
 1.00000e+00
 1.00000e+00
 1.00000e+00
 1.00000e+00
 1.00000e+00
 1.00000e+00
 1.00000e+00
 1.00000e+00
 1.00000e+00
 1.00000e+00
 1.00000e+00
 1.00000e+00
 1.00000e+00
 1.00000e+00
 1.00000e+00
 1.00000e+00
 1.00000e+00
 1.00000e+00
 1.00000e+00
 1.00000e+00
 1.00000e+00
 1.00000e+00
 1.00000e+00
 1.00000e+00
 1.00000e+00
 1.00000e+00
 1.00000e+00
 1.00000e+00
 1.00000e+00
 1.00000e+00
 1.00000e+00
 1.00000e+00
 1.00000e+00
 1.00000e+00
 1.00000e+00
 1.00000e+00
 1.00000e+00
 1.00000e+00
 1.00000e+00
 1.00000e+00
 1.00000e+00
 1.00000e+00
 1.00000e+00
 1.00000e+00
 1.00000e+00
 1.00000e+00
 1.00000e+00
 1.00000e+00
 1.00000e+00
 1.00000e+00
 1.00000e+00
 1.00000e+00
 1.00000e+00
 1.00000e+00
 1.00000e+00
 1.00000e+00
 1.00000e+00
 1.00000e+00
 1.00000e+00
 1.00000e+00
 1.00000e+00
 1.00000e+00
 1.00000e+00
 1.00000e+00
 1.00000e+00
 1.00000e+00
 1.00000e+00
 1.00000e+00
 1.00000e+00
 1.00000e+00
 1.00000e+00
 1.00000e+00
 1.00000e+00
 1.00000e+00
 1.00000e+00
 1.00000e+00
 1.00000e+00
 1.00000e+00
 1.00000e+00
 1.00000e+00
 1.00000e+00
 1.00000e+00
 1.00000e+00
 1.00000e+00
 1.00000e+00
 1.00000e+00
 1.00000e+00
 1.00000e+00
 1.00000e+00
 1.00000e+00
 1.00000e+00
 1.00000e+00
 1.00000e+00
 1.00000e+00
 1.00000e+00
 1.00000e+00
 1.00000e+00
 1.00000e+00
 1.00000e+00
 1.00000e+00
 1.00000e+00
 1.00000e+00
 1.00000e+00
 1.00000e+00
 1.00000e+00
 1.00000e+00
 1.00000e+00
 1.00000e+00
 1.00000e+00
 1.00000e+00
 1.00000e+00
 1.00000e+00
 1.00000e+00
 1.00000e+00
 1.00000e+00
 1.00000e+00
 1.00000e+00
 1.00000e+00
 1.00000e+00
 1.00000e+00
 1.00000e+00
 1.00000e+00
 1.00000e+00
 1.00000e+00
 1.00000e+00
 1.00000e+00
 1.00000e+00
 1.00000e+00
 1.00000e+00
 1.00000e+00
 1.00000e+00
 1.00000e+00
 1.00000e+00
 1.00000e+00
 1.00000e+00
 1.00000e+00
 1.00000e+00
 1.00000e+00
 1.00000e+00
 1.00000e+00
 1.00000e+00
 1.00000e+00
 1.00000e+00
 1.00000e+00
 1.00000e+00
 1.00000e+00
 1.00000e+00
 1.00000e+00
 1.00000e+00
 1.00000e+00
 1.00000e+00
 1.00000e+00
 1.00000e+00
 1.00000e+00
 1.00000e+00
 1.00000e+00
 1.00000e+00
 1.00000e+00
 1.00000e+00
 1.00000e+00
 1.00000e+00
 1.00000e+00
 1.00000e+00
 1.00000e+00
 1.00000e+00
 1.00000e+00
 1.00000e+00
 1.00000e+00
 1.00000e+00
 1.00000e+00
 1.00000e+00
 1.00000e+00
 1.00000e+00
 1.00000e+00
 1.00000e+00
 1.00000e+00
 1.00000e+00
 1.00000e+00
 1.00000e+00
 1.00000e+00
 1.00000e+00
 1.00000e+00
 1.00000e+00
 1.00000e+00
 1.00000e+00
 1.00000e+00
 1.00000e+00
 1.00000e+00
 1.00000e+00
 1.00000e+00
 1.00000e+00
 1.00000e+00
 1.00000e+00
 1.00000e+00
 1.00000e+00
 1.00000e+00
 1.00000e+00
 1.00000e+00
 1.00000e+00
 1.00000e+00
 1.00000e+00
 1.00000e+00
 1.00000e+00
 1.00000e+00
 1.00000e+00
 1.00000e+00
 1.00000e+00
 1.00000e+00
 1.00000e+00
 1.00000e+00
 1.00000e+00
 1.00000e+00
 1.00000e+00
 1.00000e+00
 1.00000e+00
 1.00000e+00
 1.00000e+00
 1.00000e+00
 1.00000e+00
 1.00000e+00
 1.00000e+00
 1.00000e+00
 1.00000e+00
 1.00000e+00
 1.00000e+00
 1.00000e+00
 1.00000e+00
 1.00000e+00
 1.00000e+00
 1.00000e+00
 1.00000e+00
 1.00000e+00
 1.00000e+00
 1.00000e+00
 1.00000e+00
 1.00000e+00
 1.00000e+00
 1.00000e+00
 1.00000e+00
 1.00000e+00
 1.00000e+00
 1.00000e+00
 1.00000e+00
 1.00000e+00
 1.00000e+00
 1.00000e+00
 1.00000e+00
 1.00000e+00
 1.00000e+00
 1.00000e+00
 1.00000e+00
 1.00000e+00
 1.00000e+00
 1.00000e+00
 1.00000e+00
 1.00000e+00
 1.00000e+00
 1.00000e+00
 1.00000e+00
 1.00000e+00
 1.00000e+00
 1.00000e+00
 1.00000e+00
 1.00000e+00
 1.00000e+00
 1.00000e+00
 1.00000e+00
 1.00000e+00
 1.00000e+00
 1.00000e+00
 1.00000e+00
 1.00000e+00
 1.00000e+00
 1.00000e+00
 1.00000e+00
 1.00000e+00
 1.00000e+00
 1.00000e+00
 1.00000e+00
 1.00000e+00
 1.00000e+00
 1.00000e+00
 1.00000e+00
 1.00000e+00
 1.00000e+00
 1.00000e+00
 1.00000e+00
 1.00000e+00
 1.00000e+00
 1.00000e+00
 1.00000e+00
 1.00000e+00
 1.00000e+00
 1.00000e+00
 1.00000e+00
 1.00000e+00
 1.00000e+00
 1.00000e+00
 1.00000e+00
 1.00000e+00
 1.00000e+00
 1.00000e+00
 1.00000e+00
 1.00000e+00
 1.00000e+00
 1.00000e+00
 1.00000e+00
 1.00000e+00
 1.00000e+00
 1.00000e+00
 1.00000e+00
 1.00000e+00
 1.00000e+00
 1.00000e+00
 1.00000e+00
 1.00000e+00
 1.00000e+00
 1.00000e+00
 1.00000e+00
 1.00000e+00
 1.00000e+00
 1.00000e+00
 1.00000e+00
 1.00000e+00
 1.00000e+00
 1.00000e+00
 1.00000e+00
 1.00000e+00
 1.00000e+00
 1.00000e+00
 1.00000e+00
 1.00000e+00
 1.00000e+00
 1.00000e+00
 1.00000e+00
 1.00000e+00
 1.00000e+00
 1.00000e+00
 1.00000e+00
 1.00000e+00
 1.00000e+00
 1.00000e+00
 1.00000e+00
 1.00000e+00
 1.00000e+00
 1.00000e+00
 1.00000e+00
 1.00000e+00
 1.00000e+00
 1.00000e+00
 1.00000e+00
 1.00000e+00
 1.00000e+00
 1.00000e+00
 1.00000e+00
 1.00000e+00
 1.00000e+00
 1.00000e+00
 1.00000e+00
 1.00000e+00
 1.00000e+00
 1.00000e+00
 1.00000e+00
 1.00000e+00
 1.00000e+00
 1.00000e+00
 1.00000e+00
 1.00000e+00
 1.00000e+00
 1.00000e+00
 1.00000e+00
 1.00000e+00
 1.00000e+00
 1.00000e+00
 1.00000e+00
 1.00000e+00
 1.00000e+00
 1.00000e+00
 1.00000e+00
 1.00000e+00
 1.00000e+00
 1.00000e+00
 1.00000e+00
 1.00000e+00
 1.00000e+00
 1.00000e+00
 1.00000e+00
 1.00000e+00
 1.00000e+00
 1.00000e+00
 1.00000e+00
 1.00000e+00
 1.00000e+00
 1.00000e+00
 1.00000e+00
 1.00000e+00
 1.00000e+00
 1.00000e+00
