Velocity
part
         1
coordinates
 0.00000e+00
 0.00000e+00
 0.00000e+00
 0.00000e+00
 0.00000e+00
 0.00000e+00
 0.00000e+00
 0.00000e+00
 0.00000e+00
 7.69607e-15
 2.11328e-13
 2.12389e-12
 1.87738e-11
 1.53780e-10
 1.17507e-09
 8.34739e-09
 5.49193e-08
 3.33210e-07
 1.85512e-06
 9.42226e-06
 4.33574e-05
 1.79257e-04
 6.59232e-04
 2.13145e-03
 5.98528e-03
 1.44563e-02
 0.00000e+00
 0.00000e+00
 0.00000e+00
 0.00000e+00
 0.00000e+00
 0.00000e+00
 0.00000e+00
 0.00000e+00
 0.00000e+00
 0.00000e+00
 7.53276e-15
 2.11911e-13
 2.12362e-12
 1.87740e-11
 1.53781e-10
 1.17507e-09
 8.34739e-09
 5.49193e-08
 3.33210e-07
 1.85512e-06
 9.42226e-06
 4.33574e-05
 1.79257e-04
 6.59232e-04
 2.13145e-03
 5.98528e-03
 1.44563e-02
 0.00000e+00
 0.00000e+00
 0.00000e+00
 0.00000e+00
 0.00000e+00
 0.00000e+00
 0.00000e+00
 0.00000e+00
 0.00000e+00
 0.00000e+00
 7.63695e-15
 2.12208e-13
 2.12382e-12
 1.87737e-11
 1.53781e-10
 1.17507e-09
 8.34739e-09
 5.49193e-08
 3.33210e-07
 1.85512e-06
 9.42226e-06
 4.33574e-05
 1.79257e-04
 6.59232e-04
 2.13145e-03
 5.98528e-03
 1.44563e-02
 0.00000e+00
 0.00000e+00
 0.00000e+00
 0.00000e+00
 0.00000e+00
 0.00000e+00
 0.00000e+00
 0.00000e+00
 0.00000e+00
 0.00000e+00
 7.71407e-15
 2.12258e-13
 2.12311e-12
 1.87718e-11
 1.53778e-10
 1.17506e-09
 8.34740e-09
 5.49193e-08
 3.33210e-07
 1.85512e-06
 9.42226e-06
 4.33574e-05
 1.79257e-04
 6.59232e-04
 2.13145e-03
 5.98528e-03
 1.44563e-02
 0.00000e+00
 0.00000e+00
 0.00000e+00
 0.00000e+00
 0.00000e+00
 0.00000e+00
 0.00000e+00
 0.00000e+00
 0.00000e+00
 0.00000e+00
 7.59583e-15
 2.11851e-13
 2.12254e-12
 1.87712e-11
 1.53776e-10
 1.17507e-09
 8.34740e-09
 5.49193e-08
 3.33210e-07
 1.85512e-06
 9.42226e-06
 4.33574e-05
 1.79257e-04
 6.59232e-04
 2.13145e-03
 5.98528e-03
 1.44563e-02
 0.00000e+00
 0.00000e+00
 0.00000e+00
 0.00000e+00
 0.00000e+00
 0.00000e+00
 0.00000e+00
 0.00000e+00
 0.00000e+00
 0.00000e+00
 7.67164e-15
 2.11100e-13
 2.12318e-12
 1.87720e-11
 1.53777e-10
 1.17507e-09
 8.34740e-09
 5.49193e-08
 3.33210e-07
 1.85512e-06
 9.42226e-06
 4.33574e-05
 1.79257e-04
 6.59232e-04
 2.13145e-03
 5.98528e-03
 1.44563e-02
 0.00000e+00
 0.00000e+00
 0.00000e+00
 0.00000e+00
 0.00000e+00
 0.00000e+00
 0.00000e+00
 0.00000e+00
 0.00000e+00
 0.00000e+00
 0.00000e+00
 0.00000e+00
 0.00000e+00
 0.00000e+00
 0.00000e+00
 0.00000e+00
 0.00000e+00
 0.00000e+00
 0.00000e+00
 0.00000e+00
 0.00000e+00
 0.00000e+00
 0.00000e+00
 0.00000e+00
 0.00000e+00
 0.00000e+00
 0.00000e+00
 0.00000e+00
 0.00000e+00
 0.00000e+00
-8.67059e-16
 0.00000e+00
 0.00000e+00
 0.00000e+00
 0.00000e+00
 0.00000e+00
 0.00000e+00
-8.25381e-17
 1.27016e-16
 2.92665e-16
 2.76983e-16
 6.84877e-16
 2.18816e-17
-4.60734e-16
-3.69806e-15
-3.57912e-15
-5.40157e-16
-2.77665e-15
-5.34678e-15
-7.12380e-15
-7.86203e-15
-4.65833e-15
-1.38295e-15
-4.17606e-16
 1.53668e-16
 0.00000e+00
 0.00000e+00
-8.67059e-16
 0.00000e+00
 0.00000e+00
 0.00000e+00
 0.00000e+00
 0.00000e+00
 0.00000e+00
 1.34788e-16
 1.25889e-16
 2.13718e-16
 1.89883e-16
-7.16881e-17
-9.79877e-17
 1.05792e-16
 1.11393e-15
-1.27950e-15
-8.68408e-16
 1.06983e-15
 3.34539e-15
 5.03053e-15
 7.29460e-15
 1.22500e-14
 1.15066e-14
 7.94639e-15
 1.61985e-15
 0.00000e+00
 0.00000e+00
-8.67059e-16
 0.00000e+00
 0.00000e+00
 0.00000e+00
 0.00000e+00
 0.00000e+00
 0.00000e+00
-9.50975e-17
-2.46157e-17
-4.45130e-16
-1.75051e-15
-4.18456e-15
-6.13909e-15
-2.26126e-15
 1.49187e-15
 1.20864e-15
 3.84511e-16
-1.10873e-15
-6.73211e-15
-9.40327e-15
-1.06710e-14
-1.41781e-14
-2.00533e-14
-1.14428e-14
 9.94137e-16
 0.00000e+00
 0.00000e+00
-8.67059e-16
 0.00000e+00
 0.00000e+00
 0.00000e+00
 0.00000e+00
 0.00000e+00
 0.00000e+00
 3.83374e-17
-2.98095e-16
-3.59435e-16
 3.62054e-16
 1.41384e-15
 3.17068e-15
 2.48693e-15
-1.93397e-15
-2.62427e-15
-3.33312e-15
-4.70659e-15
-3.52445e-15
-1.14575e-16
 4.47911e-15
 6.22057e-15
 1.07619e-14
-1.79202e-16
-7.94394e-15
 0.00000e+00
 0.00000e+00
 0.00000e+00
 0.00000e+00
 0.00000e+00
 0.00000e+00
 0.00000e+00
 0.00000e+00
 0.00000e+00
 0.00000e+00
 0.00000e+00
 0.00000e+00
 0.00000e+00
 0.00000e+00
 0.00000e+00
 0.00000e+00
 0.00000e+00
 0.00000e+00
 0.00000e+00
 0.00000e+00
 0.00000e+00
 0.00000e+00
 0.00000e+00
 0.00000e+00
 0.00000e+00
 0.00000e+00
 0.00000e+00
 0.00000e+00
 0.00000e+00
 0.00000e+00
 0.00000e+00
 0.00000e+00
 0.00000e+00
 0.00000e+00
 0.00000e+00
 0.00000e+00
 0.00000e+00
 0.00000e+00
 0.00000e+00
 0.00000e+00
 0.00000e+00
 0.00000e+00
 0.00000e+00
 0.00000e+00
 0.00000e+00
 0.00000e+00
 0.00000e+00
 0.00000e+00
 0.00000e+00
 0.00000e+00
 0.00000e+00
 0.00000e+00
 0.00000e+00
 0.00000e+00
 0.00000e+00
 0.00000e+00
 0.00000e+00
 0.00000e+00
 0.00000e+00
 0.00000e+00
 0.00000e+00
 0.00000e+00
 0.00000e+00
 0.00000e+00
 0.00000e+00
 0.00000e+00
 0.00000e+00
 0.00000e+00
 0.00000e+00
 0.00000e+00
 0.00000e+00
 0.00000e+00
 0.00000e+00
 0.00000e+00
 0.00000e+00
 0.00000e+00
 0.00000e+00
 0.00000e+00
 0.00000e+00
 0.00000e+00
 0.00000e+00
 0.00000e+00
 0.00000e+00
 0.00000e+00
 0.00000e+00
 0.00000e+00
 0.00000e+00
 0.00000e+00
 0.00000e+00
 0.00000e+00
 0.00000e+00
 0.00000e+00
 0.00000e+00
 0.00000e+00
 0.00000e+00
 0.00000e+00
 0.00000e+00
 0.00000e+00
 0.00000e+00
 0.00000e+00
 0.00000e+00
 0.00000e+00
 0.00000e+00
 0.00000e+00
 0.00000e+00
 0.00000e+00
 0.00000e+00
 0.00000e+00
 0.00000e+00
 0.00000e+00
 0.00000e+00
 0.00000e+00
 0.00000e+00
 0.00000e+00
 0.00000e+00
 0.00000e+00
 0.00000e+00
 0.00000e+00
 0.00000e+00
 0.00000e+00
 0.00000e+00
 0.00000e+00
 0.00000e+00
 0.00000e+00
 0.00000e+00
 0.00000e+00
 0.00000e+00
 0.00000e+00
 0.00000e+00
 0.00000e+00
 0.00000e+00
 0.00000e+00
 0.00000e+00
 0.00000e+00
 0.00000e+00
 0.00000e+00
 0.00000e+00
 0.00000e+00
 0.00000e+00
 0.00000e+00
 0.00000e+00
 0.00000e+00
 0.00000e+00
 0.00000e+00
 0.00000e+00
 0.00000e+00
 0.00000e+00
 0.00000e+00
 0.00000e+00
 0.00000e+00
 0.00000e+00
 0.00000e+00
 0.00000e+00
 0.00000e+00
 0.00000e+00
 0.00000e+00
 0.00000e+00
 0.00000e+00
 0.00000e+00
 0.00000e+00
 0.00000e+00
 0.00000e+00
 0.00000e+00
 0.00000e+00
 0.00000e+00
 0.00000e+00
 0.00000e+00
 0.00000e+00
 0.00000e+00
 0.00000e+00
 0.00000e+00
 0.00000e+00
 0.00000e+00
 0.00000e+00
 0.00000e+00
 0.00000e+00
 0.00000e+00
 0.00000e+00
 0.00000e+00
 0.00000e+00
 0.00000e+00
 0.00000e+00
 0.00000e+00
 0.00000e+00
 0.00000e+00
 0.00000e+00
 0.00000e+00
 0.00000e+00
 0.00000e+00
part
         2
coordinates
 5.98528e-03
 1.44563e-02
 2.99624e-02
 5.37821e-02
 8.53386e-02
 1.22908e-01
 1.64828e-01
 2.10066e-01
 2.58162e-01
 3.08991e-01
 3.62605e-01
 4.19155e-01
 4.78850e-01
 5.41940e-01
 6.08675e-01
 6.79227e-01
 7.53465e-01
 8.30304e-01
 9.05547e-01
 9.64599e-01
 9.69816e-01
 9.47171e-01
 9.34108e-01
 9.29990e-01
 9.28570e-01
 9.27651e-01
 9.27160e-01
 0.00000e+00
 5.98528e-03
 1.44563e-02
 2.99624e-02
 5.37821e-02
 8.53386e-02
 1.22908e-01
 1.64828e-01
 2.10066e-01
 2.58162e-01
 3.08991e-01
 3.62605e-01
 4.19155e-01
 4.78850e-01
 5.41940e-01
 6.08675e-01
 6.79227e-01
 7.53465e-01
 8.30304e-01
 9.05547e-01
 9.64599e-01
 9.69816e-01
 9.47171e-01
 9.34108e-01
 9.29990e-01
 9.28570e-01
 9.27651e-01
 9.27160e-01
 0.00000e+00
 5.98528e-03
 1.44563e-02
 2.99624e-02
 5.37821e-02
 8.53386e-02
 1.22908e-01
 1.64828e-01
 2.10066e-01
 2.58162e-01
 3.08991e-01
 3.62605e-01
 4.19155e-01
 4.78850e-01
 5.41940e-01
 6.08675e-01
 6.79227e-01
 7.53465e-01
 8.30304e-01
 9.05547e-01
 9.64599e-01
 9.69816e-01
 9.47171e-01
 9.34108e-01
 9.29990e-01
 9.28570e-01
 9.27651e-01
 9.27160e-01
 0.00000e+00
 5.98528e-03
 1.44563e-02
 2.99624e-02
 5.37821e-02
 8.53386e-02
 1.22908e-01
 1.64828e-01
 2.10066e-01
 2.58162e-01
 3.08991e-01
 3.62605e-01
 4.19155e-01
 4.78850e-01
 5.41940e-01
 6.08675e-01
 6.79227e-01
 7.53465e-01
 8.30304e-01
 9.05547e-01
 9.64599e-01
 9.69816e-01
 9.47171e-01
 9.34108e-01
 9.29990e-01
 9.28570e-01
 9.27651e-01
 9.27160e-01
 0.00000e+00
 5.98528e-03
 1.44563e-02
 2.99624e-02
 5.37821e-02
 8.53386e-02
 1.22908e-01
 1.64828e-01
 2.10066e-01
 2.58162e-01
 3.08991e-01
 3.62605e-01
 4.19155e-01
 4.78850e-01
 5.41940e-01
 6.08675e-01
 6.79227e-01
 7.53465e-01
 8.30304e-01
 9.05547e-01
 9.64599e-01
 9.69816e-01
 9.47171e-01
 9.34108e-01
 9.29990e-01
 9.28570e-01
 9.27651e-01
 9.27160e-01
 0.00000e+00
 5.98528e-03
 1.44563e-02
 2.99624e-02
 5.37821e-02
 8.53386e-02
 1.22908e-01
 1.64828e-01
 2.10066e-01
 2.58162e-01
 3.08991e-01
 3.62605e-01
 4.19155e-01
 4.78850e-01
 5.41940e-01
 6.08675e-01
 6.79227e-01
 7.53465e-01
 8.30304e-01
 9.05547e-01
 9.64599e-01
 9.69816e-01
 9.47171e-01
 9.34108e-01
 9.29990e-01
 9.28570e-01
 9.27651e-01
 9.27160e-01
 0.00000e+00
 0.00000e+00
 0.00000e+00
 0.00000e+00
 0.00000e+00
 0.00000e+00
 0.00000e+00
 0.00000e+00
 0.00000e+00
 0.00000e+00
 0.00000e+00
 0.00000e+00
 0.00000e+00
 0.00000e+00
 0.00000e+00
 0.00000e+00
 0.00000e+00
 0.00000e+00
 0.00000e+00
 0.00000e+00
 0.00000e+00
 0.00000e+00
 0.00000e+00
 0.00000e+00
 0.00000e+00
 0.00000e+00
 0.00000e+00
 0.00000e+00
 0.00000e+00
-1.38295e-15
-4.17606e-16
 1.53668e-16
-2.38592e-15
 1.18123e-15
 7.68752e-15
 5.57349e-15
 2.01057e-15
 1.05846e-14
 8.57261e-15
-1.23026e-15
 3.83201e-15
 9.34468e-15
 5.36350e-15
 4.82101e-15
 5.63306e-17
 3.32734e-15
 1.84543e-14
 1.32051e-14
 8.22995e-15
 1.75428e-14
 1.72278e-14
 1.33654e-15
 1.20905e-15
-5.95930e-15
-5.71469e-15
-1.07048e-15
-1.53934e-15
 1.15066e-14
 7.94639e-15
 1.61985e-15
 2.62296e-16
-5.05877e-15
-7.94618e-15
-1.94307e-15
 3.59652e-15
 1.36164e-14
 1.51464e-14
 1.43798e-14
 1.26265e-14
 1.79782e-15
 2.08751e-15
-4.53746e-15
-7.64864e-15
-4.06157e-15
 1.08993e-14
 2.22793e-14
 2.47030e-14
 1.31210e-14
 1.17241e-15
 9.73842e-15
 2.18155e-14
 2.79968e-14
 1.42183e-14
-1.60659e-15
-2.29243e-14
-2.00533e-14
-1.14428e-14
 9.94137e-16
-8.62259e-16
 8.62828e-15
 1.17103e-14
 3.36990e-15
 2.82162e-15
-6.14514e-15
-1.11173e-14
-6.26026e-15
-1.14592e-14
-1.35969e-14
-4.89540e-15
 9.08065e-16
 2.91337e-15
 1.04972e-15
 6.90849e-16
 1.51893e-15
-1.19673e-14
-9.86615e-15
-7.64957e-15
-1.70715e-14
-2.72045e-14
-3.27570e-14
-1.49260e-14
 1.77213e-15
 2.38026e-14
 1.07619e-14
-1.79202e-16
-7.94394e-15
-1.56836e-15
-9.75424e-16
-2.24667e-15
-2.76978e-15
-1.00096e-14
-9.11677e-15
-7.75783e-16
-5.86833e-15
-1.52605e-14
-9.10136e-15
 2.00590e-15
 1.79869e-15
-3.85441e-15
-6.32080e-15
-5.19311e-15
-8.37986e-15
-1.78377e-15
-8.50011e-15
-1.05702e-14
 8.28833e-15
-4.12494e-16
 1.33182e-15
 2.22521e-15
-7.74503e-15
-2.25282e-14
 0.00000e+00
 0.00000e+00
 0.00000e+00
 0.00000e+00
 0.00000e+00
 0.00000e+00
 0.00000e+00
 0.00000e+00
 0.00000e+00
 0.00000e+00
 0.00000e+00
 0.00000e+00
 0.00000e+00
 0.00000e+00
 0.00000e+00
 0.00000e+00
 0.00000e+00
 0.00000e+00
 0.00000e+00
 0.00000e+00
 0.00000e+00
 0.00000e+00
 0.00000e+00
 0.00000e+00
 0.00000e+00
 0.00000e+00
 0.00000e+00
 0.00000e+00
 0.00000e+00
 0.00000e+00
 0.00000e+00
 0.00000e+00
 0.00000e+00
 0.00000e+00
 0.00000e+00
 0.00000e+00
 0.00000e+00
 0.00000e+00
 0.00000e+00
 0.00000e+00
 0.00000e+00
 0.00000e+00
 0.00000e+00
 0.00000e+00
 0.00000e+00
 0.00000e+00
 0.00000e+00
 0.00000e+00
 0.00000e+00
 0.00000e+00
 0.00000e+00
 0.00000e+00
 0.00000e+00
 0.00000e+00
 0.00000e+00
 0.00000e+00
 0.00000e+00
 0.00000e+00
 0.00000e+00
 0.00000e+00
 0.00000e+00
 0.00000e+00
 0.00000e+00
 0.00000e+00
 0.00000e+00
 0.00000e+00
 0.00000e+00
 0.00000e+00
 0.00000e+00
 0.00000e+00
 0.00000e+00
 0.00000e+00
 0.00000e+00
 0.00000e+00
 0.00000e+00
 0.00000e+00
 0.00000e+00
 0.00000e+00
 0.00000e+00
 0.00000e+00
 0.00000e+00
 0.00000e+00
 0.00000e+00
 0.00000e+00
 0.00000e+00
 0.00000e+00
 0.00000e+00
 0.00000e+00
 0.00000e+00
 0.00000e+00
 0.00000e+00
 0.00000e+00
 0.00000e+00
 0.00000e+00
 0.00000e+00
 0.00000e+00
 0.00000e+00
 0.00000e+00
 0.00000e+00
 0.00000e+00
 0.00000e+00
 0.00000e+00
 0.00000e+00
 0.00000e+00
 0.00000e+00
 0.00000e+00
 0.00000e+00
 0.00000e+00
 0.00000e+00
 0.00000e+00
 0.00000e+00
 0.00000e+00
 0.00000e+00
 0.00000e+00
 0.00000e+00
 0.00000e+00
 0.00000e+00
 0.00000e+00
 0.00000e+00
 0.00000e+00
 0.00000e+00
 0.00000e+00
 0.00000e+00
 0.00000e+00
 0.00000e+00
 0.00000e+00
 0.00000e+00
 0.00000e+00
 0.00000e+00
 0.00000e+00
 0.00000e+00
 0.00000e+00
 0.00000e+00
 0.00000e+00
 0.00000e+00
 0.00000e+00
 0.00000e+00
 0.00000e+00
 0.00000e+00
 0.00000e+00
 0.00000e+00
 0.00000e+00
 0.00000e+00
 0.00000e+00
 0.00000e+00
 0.00000e+00
 0.00000e+00
 0.00000e+00
 0.00000e+00
 0.00000e+00
 0.00000e+00
 0.00000e+00
 0.00000e+00
 0.00000e+00
 0.00000e+00
 0.00000e+00
 0.00000e+00
 0.00000e+00
 0.00000e+00
 0.00000e+00
 0.00000e+00
 0.00000e+00
 0.00000e+00
 0.00000e+00
 0.00000e+00
 0.00000e+00
 0.00000e+00
 0.00000e+00
 0.00000e+00
 0.00000e+00
 0.00000e+00
 0.00000e+00
 0.00000e+00
 0.00000e+00
 0.00000e+00
 0.00000e+00
 0.00000e+00
 0.00000e+00
 0.00000e+00
 0.00000e+00
 0.00000e+00
 0.00000e+00
 0.00000e+00
 0.00000e+00
 0.00000e+00
 0.00000e+00
 0.00000e+00
 0.00000e+00
 0.00000e+00
 0.00000e+00
 0.00000e+00
 0.00000e+00
 0.00000e+00
 0.00000e+00
 0.00000e+00
 0.00000e+00
part
         3
coordinates
 9.27651e-01
 9.27160e-01
 9.27089e-01
 9.27024e-01
 9.26963e-01
 9.26904e-01
 9.26846e-01
 9.26788e-01
 9.26729e-01
 9.26668e-01
 9.26605e-01
 9.26540e-01
 9.26471e-01
 9.26400e-01
 9.26328e-01
 9.26255e-01
 9.26182e-01
 9.26111e-01
 9.26043e-01
 9.25978e-01
 9.25915e-01
 9.25848e-01
 9.25771e-01
 9.25670e-01
 9.25525e-01
 9.25306e-01
 9.24960e-01
 0.00000e+00
 9.27651e-01
 9.27160e-01
 9.27089e-01
 9.27024e-01
 9.26963e-01
 9.26904e-01
 9.26846e-01
 9.26788e-01
 9.26729e-01
 9.26668e-01
 9.26605e-01
 9.26540e-01
 9.26471e-01
 9.26400e-01
 9.26328e-01
 9.26255e-01
 9.26182e-01
 9.26111e-01
 9.26043e-01
 9.25978e-01
 9.25915e-01
 9.25848e-01
 9.25771e-01
 9.25670e-01
 9.25525e-01
 9.25306e-01
 9.24960e-01
 0.00000e+00
 9.27651e-01
 9.27160e-01
 9.27089e-01
 9.27024e-01
 9.26963e-01
 9.26904e-01
 9.26846e-01
 9.26788e-01
 9.26729e-01
 9.26668e-01
 9.26605e-01
 9.26540e-01
 9.26471e-01
 9.26400e-01
 9.26328e-01
 9.26255e-01
 9.26182e-01
 9.26111e-01
 9.26043e-01
 9.25978e-01
 9.25915e-01
 9.25848e-01
 9.25771e-01
 9.25670e-01
 9.25525e-01
 9.25306e-01
 9.24960e-01
 0.00000e+00
 9.27651e-01
 9.27160e-01
 9.27089e-01
 9.27024e-01
 9.26963e-01
 9.26904e-01
 9.26846e-01
 9.26788e-01
 9.26729e-01
 9.26668e-01
 9.26605e-01
 9.26540e-01
 9.26471e-01
 9.26400e-01
 9.26328e-01
 9.26255e-01
 9.26182e-01
 9.26111e-01
 9.26043e-01
 9.25978e-01
 9.25915e-01
 9.25848e-01
 9.25771e-01
 9.25670e-01
 9.25525e-01
 9.25306e-01
 9.24960e-01
 0.00000e+00
 9.27651e-01
 9.27160e-01
 9.27089e-01
 9.27024e-01
 9.26963e-01
 9.26904e-01
 9.26846e-01
 9.26788e-01
 9.26729e-01
 9.26668e-01
 9.26605e-01
 9.26540e-01
 9.26471e-01
 9.26400e-01
 9.26328e-01
 9.26255e-01
 9.26182e-01
 9.26111e-01
 9.26043e-01
 9.25978e-01
 9.25915e-01
 9.25848e-01
 9.25771e-01
 9.25670e-01
 9.25525e-01
 9.25306e-01
 9.24960e-01
 0.00000e+00
 9.27651e-01
 9.27160e-01
 9.27089e-01
 9.27024e-01
 9.26963e-01
 9.26904e-01
 9.26846e-01
 9.26788e-01
 9.26729e-01
 9.26668e-01
 9.26605e-01
 9.26540e-01
 9.26471e-01
 9.26400e-01
 9.26328e-01
 9.26255e-01
 9.26182e-01
 9.26111e-01
 9.26043e-01
 9.25978e-01
 9.25915e-01
 9.25848e-01
 9.25771e-01
 9.25670e-01
 9.25525e-01
 9.25306e-01
 9.24960e-01
 0.00000e+00
 0.00000e+00
 0.00000e+00
 0.00000e+00
 0.00000e+00
 0.00000e+00
 0.00000e+00
 0.00000e+00
 0.00000e+00
 0.00000e+00
 0.00000e+00
 0.00000e+00
 0.00000e+00
 0.00000e+00
 0.00000e+00
 0.00000e+00
 0.00000e+00
 0.00000e+00
 0.00000e+00
 0.00000e+00
 0.00000e+00
 0.00000e+00
 0.00000e+00
 0.00000e+00
 0.00000e+00
 0.00000e+00
 0.00000e+00
 0.00000e+00
 0.00000e+00
-5.71469e-15
-1.07048e-15
-1.53934e-15
-5.77431e-15
-5.05639e-15
 9.47221e-15
 1.28850e-14
 4.25236e-15
-1.59665e-15
-6.90371e-15
-8.35186e-15
-9.26753e-15
-1.19698e-14
-5.08609e-15
 2.50286e-16
-1.96880e-15
-2.49920e-15
-2.96609e-15
-1.13102e-15
 4.24872e-15
 4.89314e-15
 6.23749e-15
 6.77737e-15
 8.05659e-15
 9.13562e-15
 1.03933e-14
 5.80843e-15
 5.42877e-16
 1.42183e-14
-1.60659e-15
-2.29243e-14
-1.59720e-14
-1.70002e-14
-2.47825e-14
-2.31498e-14
-1.39654e-14
-5.97341e-15
 4.81355e-15
 7.40572e-15
 8.26378e-15
 1.18676e-14
 3.04471e-15
-2.86437e-15
-5.71974e-15
-1.35106e-14
-1.21870e-14
-8.51094e-15
-1.18861e-14
-1.05999e-14
-1.27654e-14
-1.79798e-14
-1.51209e-14
-7.54006e-15
-4.83015e-15
 4.23125e-15
 8.91279e-15
-1.49260e-14
 1.77213e-15
 2.38026e-14
 2.26249e-14
 2.23214e-14
 2.03614e-14
 1.38927e-14
 4.85317e-16
-2.41639e-15
-6.72661e-15
-1.17563e-14
-9.77062e-15
-1.21600e-14
-2.46999e-15
 1.05334e-14
 1.23643e-14
 1.60694e-14
 1.77564e-14
 1.43221e-14
 1.26316e-14
 9.74725e-15
 8.40754e-15
 9.89445e-15
 7.86130e-16
-6.23578e-15
-4.24473e-15
-1.05184e-14
-5.79509e-15
 2.22521e-15
-7.74503e-15
-2.25282e-14
-1.74194e-14
-1.38348e-14
-1.61705e-14
-1.46655e-14
-4.99288e-15
 1.91231e-15
 7.76903e-15
 1.28863e-14
 1.44090e-14
 1.40566e-14
 7.82649e-15
-2.15157e-15
-6.28633e-15
-5.29077e-15
-9.52652e-15
-1.18781e-14
-7.26250e-15
-8.83996e-15
-1.16407e-14
-9.25569e-15
-4.05658e-15
-1.18344e-15
-4.50835e-15
-3.13274e-16
-3.23968e-15
 0.00000e+00
 0.00000e+00
 0.00000e+00
 0.00000e+00
 0.00000e+00
 0.00000e+00
 0.00000e+00
 0.00000e+00
 0.00000e+00
 0.00000e+00
 0.00000e+00
 0.00000e+00
 0.00000e+00
 0.00000e+00
 0.00000e+00
 0.00000e+00
 0.00000e+00
 0.00000e+00
 0.00000e+00
 0.00000e+00
 0.00000e+00
 0.00000e+00
 0.00000e+00
 0.00000e+00
 0.00000e+00
 0.00000e+00
 0.00000e+00
 0.00000e+00
 0.00000e+00
 0.00000e+00
 0.00000e+00
 0.00000e+00
 0.00000e+00
 0.00000e+00
 0.00000e+00
 0.00000e+00
 0.00000e+00
 0.00000e+00
 0.00000e+00
 0.00000e+00
 0.00000e+00
 0.00000e+00
 0.00000e+00
 0.00000e+00
 0.00000e+00
 0.00000e+00
 0.00000e+00
 0.00000e+00
 0.00000e+00
 0.00000e+00
 0.00000e+00
 0.00000e+00
 0.00000e+00
 0.00000e+00
 0.00000e+00
 0.00000e+00
 0.00000e+00
 0.00000e+00
 0.00000e+00
 0.00000e+00
 0.00000e+00
 0.00000e+00
 0.00000e+00
 0.00000e+00
 0.00000e+00
 0.00000e+00
 0.00000e+00
 0.00000e+00
 0.00000e+00
 0.00000e+00
 0.00000e+00
 0.00000e+00
 0.00000e+00
 0.00000e+00
 0.00000e+00
 0.00000e+00
 0.00000e+00
 0.00000e+00
 0.00000e+00
 0.00000e+00
 0.00000e+00
 0.00000e+00
 0.00000e+00
 0.00000e+00
 0.00000e+00
 0.00000e+00
 0.00000e+00
 0.00000e+00
 0.00000e+00
 0.00000e+00
 0.00000e+00
 0.00000e+00
 0.00000e+00
 0.00000e+00
 0.00000e+00
 0.00000e+00
 0.00000e+00
 0.00000e+00
 0.00000e+00
 0.00000e+00
 0.00000e+00
 0.00000e+00
 0.00000e+00
 0.00000e+00
 0.00000e+00
 0.00000e+00
 0.00000e+00
 0.00000e+00
 0.00000e+00
 0.00000e+00
 0.00000e+00
 0.00000e+00
 0.00000e+00
 0.00000e+00
 0.00000e+00
 0.00000e+00
 0.00000e+00
 0.00000e+00
 0.00000e+00
 0.00000e+00
 0.00000e+00
 0.00000e+00
 0.00000e+00
 0.00000e+00
 0.00000e+00
 0.00000e+00
 0.00000e+00
 0.00000e+00
 0.00000e+00
 0.00000e+00
 0.00000e+00
 0.00000e+00
 0.00000e+00
 0.00000e+00
 0.00000e+00
 0.00000e+00
 0.00000e+00
 0.00000e+00
 0.00000e+00
 0.00000e+00
 0.00000e+00
 0.00000e+00
 0.00000e+00
 0.00000e+00
 0.00000e+00
 0.00000e+00
 0.00000e+00
 0.00000e+00
 0.00000e+00
 0.00000e+00
 0.00000e+00
 0.00000e+00
 0.00000e+00
 0.00000e+00
 0.00000e+00
 0.00000e+00
 0.00000e+00
 0.00000e+00
 0.00000e+00
 0.00000e+00
 0.00000e+00
 0.00000e+00
 0.00000e+00
 0.00000e+00
 0.00000e+00
 0.00000e+00
 0.00000e+00
 0.00000e+00
 0.00000e+00
 0.00000e+00
 0.00000e+00
 0.00000e+00
 0.00000e+00
 0.00000e+00
 0.00000e+00
 0.00000e+00
 0.00000e+00
 0.00000e+00
 0.00000e+00
 0.00000e+00
 0.00000e+00
 0.00000e+00
 0.00000e+00
 0.00000e+00
 0.00000e+00
 0.00000e+00
 0.00000e+00
 0.00000e+00
 0.00000e+00
 0.00000e+00
 0.00000e+00
 0.00000e+00
 0.00000e+00
 0.00000e+00
 0.00000e+00
 0.00000e+00
part
         4
coordinates
 9.25306e-01
 9.24960e-01
 9.24391e-01
 9.23393e-01
 9.21506e-01
 9.17671e-01
 9.09517e-01
 8.92195e-01
 8.57307e-01
 7.93614e-01
 6.90901e-01
 5.46815e-01
 3.75500e-01
 2.11458e-01
 9.38774e-02
 3.37719e-02
 1.07231e-02
 3.22769e-03
 9.51661e-04
 2.77788e-04
 8.04755e-05
 2.31370e-05
 6.59631e-06
 1.86256e-06
 5.18166e-07
 1.33456e-07
 0.00000e+00
 9.25306e-01
 9.24960e-01
 9.24391e-01
 9.23393e-01
 9.21506e-01
 9.17671e-01
 9.09517e-01
 8.92195e-01
 8.57307e-01
 7.93614e-01
 6.90901e-01
 5.46815e-01
 3.75500e-01
 2.11458e-01
 9.38774e-02
 3.37719e-02
 1.07231e-02
 3.22769e-03
 9.51661e-04
 2.77788e-04
 8.04755e-05
 2.31370e-05
 6.59631e-06
 1.86256e-06
 5.18166e-07
 1.33456e-07
 0.00000e+00
 9.25306e-01
 9.24960e-01
 9.24391e-01
 9.23393e-01
 9.21506e-01
 9.17671e-01
 9.09517e-01
 8.92195e-01
 8.57307e-01
 7.93614e-01
 6.90901e-01
 5.46815e-01
 3.75500e-01
 2.11458e-01
 9.38774e-02
 3.37719e-02
 1.07231e-02
 3.22769e-03
 9.51661e-04
 2.77788e-04
 8.04755e-05
 2.31370e-05
 6.59631e-06
 1.86256e-06
 5.18166e-07
 1.33456e-07
 0.00000e+00
 9.25306e-01
 9.24960e-01
 9.24391e-01
 9.23393e-01
 9.21506e-01
 9.17671e-01
 9.09517e-01
 8.92195e-01
 8.57307e-01
 7.93614e-01
 6.90901e-01
 5.46815e-01
 3.75500e-01
 2.11458e-01
 9.38774e-02
 3.37719e-02
 1.07231e-02
 3.22769e-03
 9.51661e-04
 2.77788e-04
 8.04755e-05
 2.31370e-05
 6.59631e-06
 1.86256e-06
 5.18166e-07
 1.33456e-07
 0.00000e+00
 9.25306e-01
 9.24960e-01
 9.24391e-01
 9.23393e-01
 9.21506e-01
 9.17671e-01
 9.09517e-01
 8.92195e-01
 8.57307e-01
 7.93614e-01
 6.90901e-01
 5.46815e-01
 3.75500e-01
 2.11458e-01
 9.38774e-02
 3.37719e-02
 1.07231e-02
 3.22769e-03
 9.51661e-04
 2.77788e-04
 8.04755e-05
 2.31370e-05
 6.59631e-06
 1.86256e-06
 5.18166e-07
 1.33456e-07
 0.00000e+00
 9.25306e-01
 9.24960e-01
 9.24391e-01
 9.23393e-01
 9.21506e-01
 9.17671e-01
 9.09517e-01
 8.92195e-01
 8.57307e-01
 7.93614e-01
 6.90901e-01
 5.46815e-01
 3.75500e-01
 2.11458e-01
 9.38774e-02
 3.37719e-02
 1.07231e-02
 3.22769e-03
 9.51661e-04
 2.77788e-04
 8.04755e-05
 2.31370e-05
 6.59631e-06
 1.86256e-06
 5.18166e-07
 1.33456e-07
 0.00000e+00
 0.00000e+00
 0.00000e+00
 0.00000e+00
 0.00000e+00
 0.00000e+00
 0.00000e+00
 0.00000e+00
 0.00000e+00
 0.00000e+00
 0.00000e+00
 0.00000e+00
 0.00000e+00
 0.00000e+00
 0.00000e+00
 0.00000e+00
 0.00000e+00
 0.00000e+00
 0.00000e+00
 0.00000e+00
 0.00000e+00
 0.00000e+00
 0.00000e+00
 0.00000e+00
 0.00000e+00
 0.00000e+00
 0.00000e+00
 0.00000e+00
 1.03933e-14
 5.80843e-15
 5.42877e-16
-2.46018e-15
-1.03437e-14
-1.50005e-14
-1.49030e-14
-4.01001e-15
-3.39692e-16
 4.09320e-15
 4.20263e-16
-1.45669e-15
 8.17052e-15
 4.57369e-15
-4.19831e-15
 1.31673e-15
 1.75089e-15
-2.82741e-16
-3.77749e-15
-9.49049e-15
-8.13741e-15
-4.46163e-15
-9.57166e-16
 3.19436e-15
 8.08069e-15
 5.68386e-15
 1.24214e-15
-4.83015e-15
 4.23125e-15
 8.91279e-15
 4.97451e-15
 3.24254e-15
 6.14023e-15
 7.08993e-15
-3.51056e-16
 3.55601e-15
 5.04162e-15
 4.53835e-15
-3.97366e-15
-6.52979e-15
 4.63998e-15
 3.76533e-15
-2.92754e-15
-3.82002e-16
 1.65800e-16
 1.49458e-15
 7.96667e-15
 6.73209e-15
 1.14970e-15
 1.22838e-15
 6.49849e-16
-2.08821e-15
-1.21905e-15
-1.65315e-15
-4.24473e-15
-1.05184e-14
-5.79509e-15
-3.00751e-15
 1.69726e-15
 1.95906e-15
 1.13636e-15
 5.37848e-16
 1.18100e-16
 2.79023e-15
-1.30130e-15
 5.68788e-15
 9.91487e-15
 4.19041e-15
 1.96722e-15
-1.44474e-15
 2.91402e-16
 2.12138e-15
-9.32004e-16
-7.76718e-15
-1.22461e-14
-7.20423e-15
-6.67386e-15
-3.22609e-15
 3.54083e-15
 9.62534e-16
-1.04732e-16
-4.50835e-15
-3.13274e-16
-3.23968e-15
-9.03568e-15
-1.30769e-14
-1.04488e-14
-5.14361e-15
-4.32596e-15
-1.04560e-15
 3.04726e-15
 1.07201e-14
 1.92341e-15
-1.25230e-14
-5.82458e-15
 2.26373e-17
-6.35246e-16
-1.95521e-15
-6.09073e-15
-4.68129e-15
 1.50571e-15
 3.39085e-15
 3.91808e-15
 4.09883e-15
 2.04072e-17
-2.85932e-15
-2.19026e-15
-3.56034e-15
 0.00000e+00
 0.00000e+00
 0.00000e+00
 0.00000e+00
 0.00000e+00
 0.00000e+00
 0.00000e+00
 0.00000e+00
 0.00000e+00
 0.00000e+00
 0.00000e+00
 0.00000e+00
 0.00000e+00
 0.00000e+00
 0.00000e+00
 0.00000e+00
 0.00000e+00
 0.00000e+00
 0.00000e+00
 0.00000e+00
 0.00000e+00
 0.00000e+00
 0.00000e+00
 0.00000e+00
 0.00000e+00
 0.00000e+00
 0.00000e+00
 0.00000e+00
 0.00000e+00
 0.00000e+00
 0.00000e+00
 0.00000e+00
 0.00000e+00
 0.00000e+00
 0.00000e+00
 0.00000e+00
 0.00000e+00
 0.00000e+00
 0.00000e+00
 0.00000e+00
 0.00000e+00
 0.00000e+00
 0.00000e+00
 0.00000e+00
 0.00000e+00
 0.00000e+00
 0.00000e+00
 0.00000e+00
 0.00000e+00
 0.00000e+00
 0.00000e+00
 0.00000e+00
 0.00000e+00
 0.00000e+00
 0.00000e+00
 0.00000e+00
 0.00000e+00
 0.00000e+00
 0.00000e+00
 0.00000e+00
 0.00000e+00
 0.00000e+00
 0.00000e+00
 0.00000e+00
 0.00000e+00
 0.00000e+00
 0.00000e+00
 0.00000e+00
 0.00000e+00
 0.00000e+00
 0.00000e+00
 0.00000e+00
 0.00000e+00
 0.00000e+00
 0.00000e+00
 0.00000e+00
 0.00000e+00
 0.00000e+00
 0.00000e+00
 0.00000e+00
 0.00000e+00
 0.00000e+00
 0.00000e+00
 0.00000e+00
 0.00000e+00
 0.00000e+00
 0.00000e+00
 0.00000e+00
 0.00000e+00
 0.00000e+00
 0.00000e+00
 0.00000e+00
 0.00000e+00
 0.00000e+00
 0.00000e+00
 0.00000e+00
 0.00000e+00
 0.00000e+00
 0.00000e+00
 0.00000e+00
 0.00000e+00
 0.00000e+00
 0.00000e+00
 0.00000e+00
 0.00000e+00
 0.00000e+00
 0.00000e+00
 0.00000e+00
 0.00000e+00
 0.00000e+00
 0.00000e+00
 0.00000e+00
 0.00000e+00
 0.00000e+00
 0.00000e+00
 0.00000e+00
 0.00000e+00
 0.00000e+00
 0.00000e+00
 0.00000e+00
 0.00000e+00
 0.00000e+00
 0.00000e+00
 0.00000e+00
 0.00000e+00
 0.00000e+00
 0.00000e+00
 0.00000e+00
 0.00000e+00
 0.00000e+00
 0.00000e+00
 0.00000e+00
 0.00000e+00
 0.00000e+00
 0.00000e+00
 0.00000e+00
 0.00000e+00
 0.00000e+00
 0.00000e+00
 0.00000e+00
 0.00000e+00
 0.00000e+00
 0.00000e+00
 0.00000e+00
 0.00000e+00
 0.00000e+00
 0.00000e+00
 0.00000e+00
 0.00000e+00
 0.00000e+00
 0.00000e+00
 0.00000e+00
 0.00000e+00
 0.00000e+00
 0.00000e+00
 0.00000e+00
 0.00000e+00
 0.00000e+00
 0.00000e+00
 0.00000e+00
 0.00000e+00
 0.00000e+00
 0.00000e+00
 0.00000e+00
 0.00000e+00
 0.00000e+00
 0.00000e+00
 0.00000e+00
 0.00000e+00
 0.00000e+00
 0.00000e+00
 0.00000e+00
 0.00000e+00
 0.00000e+00
 0.00000e+00
 0.00000e+00
 0.00000e+00
 0.00000e+00
 0.00000e+00
 0.00000e+00
 0.00000e+00
 0.00000e+00
 0.00000e+00
 0.00000e+00
 0.00000e+00
 0.00000e+00
 0.00000e+00
 0.00000e+00
 0.00000e+00
