Density
part
         1
hexa8
 1.00000e+00
 1.00000e+00
 1.00000e+00
 1.00000e+00
 1.00000e+00
 1.00000e+00
 1.00000e+00
 1.00000e+00
 1.00000e+00
 1.00000e+00
 1.00000e+00
 1.00000e+00
 1.00000e+00
 1.00000e+00
 1.00000e+00
 1.00000e+00
 1.00000e+00
 1.00000e+00
 1.00000e+00
 1.00000e+00
 1.00000e+00
 1.00000e+00
 1.00000e+00
 1.00000e+00
 1.00000e+00
 1.00000e+00
 1.00000e+00
 1.00000e+00
 1.00000e+00
 1.00000e+00
 1.00000e+00
 1.00000e+00
 1.00000e+00
 1.00000e+00
 1.00000e+00
 1.00000e+00
 1.00000e+00
 1.00000e+00
 1.00000e+00
 1.00000e+00
 1.00000e+00
 1.00000e+00
 1.00000e+00
 1.00000e+00
 1.00000e+00
 1.00000e+00
 1.00000e+00
 1.00000e+00
 1.00000e+00
 1.00000e+00
 1.00000e+00
 1.00000e+00
 1.00000e+00
 1.00000e+00
 1.00000e+00
 1.00000e+00
 1.00000e+00
 1.00000e+00
 1.00000e+00
 1.00000e+00
 1.00000e+00
 1.00000e+00
 1.00000e+00
 1.00000e+00
 1.00000e+00
 1.00000e+00
 1.00000e+00
 1.00000e+00
 1.00000e+00
 1.00000e+00
 1.00000e+00
 1.00000e+00
 1.00000e+00
 1.00000e+00
 1.00000e+00
 1.00000e+00
 1.00000e+00
 1.00000e+00
 1.00000e+00
 1.00000e+00
 1.00000e+00
 1.00000e+00
 1.00000e+00
 1.00000e+00
 1.00000e+00
 1.00000e+00
 1.00000e+00
 1.00000e+00
 1.00000e+00
 1.00000e+00
 9.99997e-01
 9.99997e-01
 9.99997e-01
 9.99997e-01
 9.99997e-01
 9.99986e-01
 9.99986e-01
 9.99986e-01
 9.99986e-01
 9.99986e-01
 9.99935e-01
 9.99935e-01
 9.99935e-01
 9.99935e-01
 9.99935e-01
 9.99735e-01
 9.99735e-01
 9.99735e-01
 9.99735e-01
 9.99735e-01
 9.99045e-01
 9.99045e-01
 9.99045e-01
 9.99045e-01
 9.99045e-01
 9.97029e-01
 9.97029e-01
 9.97029e-01
 9.97029e-01
 9.97029e-01
 9.92109e-01
 9.92109e-01
 9.92109e-01
 9.92109e-01
 9.92109e-01
 9.82285e-01
 9.82285e-01
 9.82285e-01
 9.82285e-01
 9.82285e-01
 9.66311e-01
 9.66311e-01
 9.66311e-01
 9.66311e-01
 9.66311e-01
 9.44717e-01
 9.44717e-01
 9.44717e-01
 9.44717e-01
 9.44717e-01
 9.19283e-01
 9.19283e-01
 9.19283e-01
 9.19283e-01
 9.19283e-01
 8.91759e-01
 8.91759e-01
 8.91759e-01
 8.91759e-01
 8.91759e-01
 8.63293e-01
 8.63293e-01
 8.63293e-01
 8.63293e-01
 8.63293e-01
 8.34536e-01
 8.34536e-01
 8.34536e-01
 8.34536e-01
 8.34536e-01
 8.05898e-01
 8.05898e-01
 8.05898e-01
 8.05898e-01
 8.05898e-01
 7.77616e-01
 7.77616e-01
 7.77616e-01
 7.77616e-01
 7.77616e-01
 7.49778e-01
 7.49778e-01
 7.49778e-01
 7.49778e-01
 7.49778e-01
 7.22389e-01
 7.22389e-01
 7.22389e-01
 7.22389e-01
 7.22389e-01
 6.95408e-01
 6.95408e-01
 6.95408e-01
 6.95408e-01
 6.95408e-01
 6.68973e-01
 6.68973e-01
 6.68973e-01
 6.68973e-01
 6.68973e-01
 6.44131e-01
 6.44131e-01
 6.44131e-01
 6.44131e-01
 6.44131e-01
 6.20565e-01
 6.20565e-01
 6.20565e-01
 6.20565e-01
 6.20565e-01
 5.97679e-01
 5.97679e-01
 5.97679e-01
 5.97679e-01
 5.97679e-01
 5.75897e-01
 5.75897e-01
 5.75897e-01
 5.75897e-01
 5.75897e-01
 5.55691e-01
 5.55691e-01
 5.55691e-01
 5.55691e-01
 5.55691e-01
 5.35437e-01
 5.35437e-01
 5.35437e-01
 5.35437e-01
 5.35437e-01
 5.16098e-01
 5.16098e-01
 5.16098e-01
 5.16098e-01
 5.16098e-01
 4.98222e-01
 4.98222e-01
 4.98222e-01
 4.98222e-01
 4.98222e-01
 4.81097e-01
 4.81097e-01
 4.81097e-01
 4.81097e-01
 4.81097e-01
 4.65563e-01
 4.65563e-01
 4.65563e-01
 4.65563e-01
 4.65563e-01
 4.49481e-01
 4.49481e-01
 4.49481e-01
 4.49481e-01
 4.49481e-01
 4.37944e-01
 4.37944e-01
 4.37944e-01
 4.37944e-01
 4.37944e-01
 4.33766e-01
 4.33766e-01
 4.33766e-01
 4.33766e-01
 4.33766e-01
 4.30301e-01
 4.30301e-01
 4.30301e-01
 4.30301e-01
 4.30301e-01
 4.24993e-01
 4.24993e-01
 4.24993e-01
 4.24993e-01
 4.24993e-01
 4.23175e-01
 4.23175e-01
 4.23175e-01
 4.23175e-01
 4.23175e-01
 4.23246e-01
 4.23246e-01
 4.23246e-01
 4.23246e-01
 4.23246e-01
 4.23790e-01
 4.23790e-01
 4.23790e-01
 4.23790e-01
 4.23790e-01
 4.25203e-01
 4.25203e-01
 4.25203e-01
 4.25203e-01
 4.25203e-01
 4.25989e-01
 4.25989e-01
 4.25989e-01
 4.25989e-01
 4.25989e-01
 4.25837e-01
 4.25837e-01
 4.25837e-01
 4.25837e-01
 4.25837e-01
 4.24897e-01
 4.24897e-01
 4.24897e-01
 4.24897e-01
 4.24897e-01
 4.24201e-01
 4.24201e-01
 4.24201e-01
 4.24201e-01
 4.24201e-01
 4.24435e-01
 4.24435e-01
 4.24435e-01
 4.24435e-01
 4.24435e-01
 4.24911e-01
 4.24911e-01
 4.24911e-01
 4.24911e-01
 4.24911e-01
 4.25386e-01
 4.25386e-01
 4.25386e-01
 4.25386e-01
 4.25386e-01
 4.24602e-01
 4.24602e-01
 4.24602e-01
 4.24602e-01
 4.24602e-01
 4.19783e-01
 4.19783e-01
 4.19783e-01
 4.19783e-01
 4.19783e-01
 4.06206e-01
 4.06206e-01
 4.06206e-01
 4.06206e-01
 4.06206e-01
 3.77180e-01
 3.77180e-01
 3.77180e-01
 3.77180e-01
 3.77180e-01
 3.24954e-01
 3.24954e-01
 3.24954e-01
 3.24954e-01
 3.24954e-01
 2.83541e-01
 2.83541e-01
 2.83541e-01
 2.83541e-01
 2.83541e-01
 2.68536e-01
 2.68536e-01
 2.68536e-01
 2.68536e-01
 2.68536e-01
 2.63468e-01
 2.63468e-01
 2.63468e-01
 2.63468e-01
 2.63468e-01
 2.62319e-01
 2.62319e-01
 2.62319e-01
 2.62319e-01
 2.62319e-01
 2.62598e-01
 2.62598e-01
 2.62598e-01
 2.62598e-01
 2.62598e-01
 2.63284e-01
 2.63284e-01
 2.63284e-01
 2.63284e-01
 2.63284e-01
 2.63909e-01
 2.63909e-01
 2.63909e-01
 2.63909e-01
 2.63909e-01
 2.64354e-01
 2.64354e-01
 2.64354e-01
 2.64354e-01
 2.64354e-01
 2.64612e-01
 2.64612e-01
 2.64612e-01
 2.64612e-01
 2.64612e-01
 2.64624e-01
 2.64624e-01
 2.64624e-01
 2.64624e-01
 2.64624e-01
 2.64158e-01
 2.64158e-01
 2.64158e-01
 2.64158e-01
 2.64158e-01
 2.62351e-01
 2.62351e-01
 2.62351e-01
 2.62351e-01
 2.62351e-01
 2.58131e-01
 2.58131e-01
 2.58131e-01
 2.58131e-01
 2.58131e-01
 2.50085e-01
 2.50085e-01
 2.50085e-01
 2.50085e-01
 2.50085e-01
 2.35663e-01
 2.35663e-01
 2.35663e-01
 2.35663e-01
 2.35663e-01
 2.13178e-01
 2.13178e-01
 2.13178e-01
 2.13178e-01
 2.13178e-01
 1.86254e-01
 1.86254e-01
 1.86254e-01
 1.86254e-01
 1.86254e-01
 1.62100e-01
 1.62100e-01
 1.62100e-01
 1.62100e-01
 1.62100e-01
 1.44204e-01
 1.44204e-01
 1.44204e-01
 1.44204e-01
 1.44204e-01
 1.33114e-01
 1.33114e-01
 1.33114e-01
 1.33114e-01
 1.33114e-01
 1.27733e-01
 1.27733e-01
 1.27733e-01
 1.27733e-01
 1.27733e-01
 1.25776e-01
 1.25776e-01
 1.25776e-01
 1.25776e-01
 1.25776e-01
 1.25203e-01
 1.25203e-01
 1.25203e-01
 1.25203e-01
 1.25203e-01
 1.25051e-01
 1.25051e-01
 1.25051e-01
 1.25051e-01
 1.25051e-01
 1.25013e-01
 1.25013e-01
 1.25013e-01
 1.25013e-01
 1.25013e-01
 1.25003e-01
 1.25003e-01
 1.25003e-01
 1.25003e-01
 1.25003e-01
 1.25001e-01
 1.25001e-01
 1.25001e-01
 1.25001e-01
 1.25001e-01
 1.25000e-01
 1.25000e-01
 1.25000e-01
 1.25000e-01
 1.25000e-01
 1.25000e-01
 1.25000e-01
 1.25000e-01
 1.25000e-01
 1.25000e-01
 1.25000e-01
 1.25000e-01
 1.25000e-01
 1.25000e-01
 1.25000e-01
 1.25000e-01
 1.25000e-01
 1.25000e-01
 1.25000e-01
 1.25000e-01
 1.00000e+00
 1.00000e+00
 1.00000e+00
 1.00000e+00
 1.00000e+00
 1.00000e+00
 1.00000e+00
 1.00000e+00
 1.00000e+00
 1.00000e+00
 1.00000e+00
 1.00000e+00
 1.00000e+00
 1.00000e+00
 1.00000e+00
 1.00000e+00
 1.00000e+00
 1.00000e+00
 1.00000e+00
 1.00000e+00
 1.00000e+00
 1.00000e+00
 1.00000e+00
 1.00000e+00
 1.00000e+00
 1.00000e+00
 1.00000e+00
 1.00000e+00
 1.00000e+00
 1.00000e+00
 1.00000e+00
 1.00000e+00
 1.00000e+00
 1.00000e+00
 1.00000e+00
 1.00000e+00
 1.00000e+00
 1.00000e+00
 1.00000e+00
 1.00000e+00
 1.00000e+00
 1.00000e+00
 1.00000e+00
 1.00000e+00
 1.00000e+00
 1.00000e+00
 1.00000e+00
 1.00000e+00
 1.00000e+00
 1.00000e+00
 1.00000e+00
 1.00000e+00
 1.00000e+00
 1.00000e+00
 1.00000e+00
 1.00000e+00
 1.00000e+00
 1.00000e+00
 1.00000e+00
 1.00000e+00
 1.00000e+00
 1.00000e+00
 1.00000e+00
 1.00000e+00
 1.00000e+00
 1.00000e+00
 1.00000e+00
 1.00000e+00
 1.00000e+00
 1.00000e+00
 1.00000e+00
 1.00000e+00
 1.00000e+00
 1.00000e+00
 1.00000e+00
 1.00000e+00
 1.00000e+00
 1.00000e+00
 1.00000e+00
 1.00000e+00
 1.00000e+00
 1.00000e+00
 1.00000e+00
 1.00000e+00
 1.00000e+00
 1.00000e+00
 1.00000e+00
 1.00000e+00
 1.00000e+00
 1.00000e+00
 9.99997e-01
 9.99997e-01
 9.99997e-01
 9.99997e-01
 9.99997e-01
 9.99986e-01
 9.99986e-01
 9.99986e-01
 9.99986e-01
 9.99986e-01
 9.99935e-01
 9.99935e-01
 9.99935e-01
 9.99935e-01
 9.99935e-01
 9.99735e-01
 9.99735e-01
 9.99735e-01
 9.99735e-01
 9.99735e-01
 9.99045e-01
 9.99045e-01
 9.99045e-01
 9.99045e-01
 9.99045e-01
 9.97029e-01
 9.97029e-01
 9.97029e-01
 9.97029e-01
 9.97029e-01
 9.92109e-01
 9.92109e-01
 9.92109e-01
 9.92109e-01
 9.92109e-01
 9.82285e-01
 9.82285e-01
 9.82285e-01
 9.82285e-01
 9.82285e-01
 9.66311e-01
 9.66311e-01
 9.66311e-01
 9.66311e-01
 9.66311e-01
 9.44717e-01
 9.44717e-01
 9.44717e-01
 9.44717e-01
 9.44717e-01
 9.19283e-01
 9.19283e-01
 9.19283e-01
 9.19283e-01
 9.19283e-01
 8.91759e-01
 8.91759e-01
 8.91759e-01
 8.91759e-01
 8.91759e-01
 8.63293e-01
 8.63293e-01
 8.63293e-01
 8.63293e-01
 8.63293e-01
 8.34536e-01
 8.34536e-01
 8.34536e-01
 8.34536e-01
 8.34536e-01
 8.05898e-01
 8.05898e-01
 8.05898e-01
 8.05898e-01
 8.05898e-01
 7.77616e-01
 7.77616e-01
 7.77616e-01
 7.77616e-01
 7.77616e-01
 7.49778e-01
 7.49778e-01
 7.49778e-01
 7.49778e-01
 7.49778e-01
 7.22389e-01
 7.22389e-01
 7.22389e-01
 7.22389e-01
 7.22389e-01
 6.95408e-01
 6.95408e-01
 6.95408e-01
 6.95408e-01
 6.95408e-01
 6.68973e-01
 6.68973e-01
 6.68973e-01
 6.68973e-01
 6.68973e-01
 6.44131e-01
 6.44131e-01
 6.44131e-01
 6.44131e-01
 6.44131e-01
 6.20565e-01
 6.20565e-01
 6.20565e-01
 6.20565e-01
 6.20565e-01
 5.97679e-01
 5.97679e-01
 5.97679e-01
 5.97679e-01
 5.97679e-01
 5.75897e-01
 5.75897e-01
 5.75897e-01
 5.75897e-01
 5.75897e-01
 5.55691e-01
 5.55691e-01
 5.55691e-01
 5.55691e-01
 5.55691e-01
 5.35437e-01
 5.35437e-01
 5.35437e-01
 5.35437e-01
 5.35437e-01
 5.16098e-01
 5.16098e-01
 5.16098e-01
 5.16098e-01
 5.16098e-01
 4.98222e-01
 4.98222e-01
 4.98222e-01
 4.98222e-01
 4.98222e-01
 4.81097e-01
 4.81097e-01
 4.81097e-01
 4.81097e-01
 4.81097e-01
 4.65563e-01
 4.65563e-01
 4.65563e-01
 4.65563e-01
 4.65563e-01
 4.49481e-01
 4.49481e-01
 4.49481e-01
 4.49481e-01
 4.49481e-01
 4.37944e-01
 4.37944e-01
 4.37944e-01
 4.37944e-01
 4.37944e-01
 4.33766e-01
 4.33766e-01
 4.33766e-01
 4.33766e-01
 4.33766e-01
 4.30301e-01
 4.30301e-01
 4.30301e-01
 4.30301e-01
 4.30301e-01
 4.24993e-01
 4.24993e-01
 4.24993e-01
 4.24993e-01
 4.24993e-01
 4.23175e-01
 4.23175e-01
 4.23175e-01
 4.23175e-01
 4.23175e-01
 4.23246e-01
 4.23246e-01
 4.23246e-01
 4.23246e-01
 4.23246e-01
 4.23790e-01
 4.23790e-01
 4.23790e-01
 4.23790e-01
 4.23790e-01
 4.25203e-01
 4.25203e-01
 4.25203e-01
 4.25203e-01
 4.25203e-01
 4.25989e-01
 4.25989e-01
 4.25989e-01
 4.25989e-01
 4.25989e-01
 4.25837e-01
 4.25837e-01
 4.25837e-01
 4.25837e-01
 4.25837e-01
 4.24897e-01
 4.24897e-01
 4.24897e-01
 4.24897e-01
 4.24897e-01
 4.24201e-01
 4.24201e-01
 4.24201e-01
 4.24201e-01
 4.24201e-01
 4.24435e-01
 4.24435e-01
 4.24435e-01
 4.24435e-01
 4.24435e-01
 4.24911e-01
 4.24911e-01
 4.24911e-01
 4.24911e-01
 4.24911e-01
 4.25386e-01
 4.25386e-01
 4.25386e-01
 4.25386e-01
 4.25386e-01
 4.24602e-01
 4.24602e-01
 4.24602e-01
 4.24602e-01
 4.24602e-01
 4.19783e-01
 4.19783e-01
 4.19783e-01
 4.19783e-01
 4.19783e-01
 4.06206e-01
 4.06206e-01
 4.06206e-01
 4.06206e-01
 4.06206e-01
 3.77180e-01
 3.77180e-01
 3.77180e-01
 3.77180e-01
 3.77180e-01
 3.24954e-01
 3.24954e-01
 3.24954e-01
 3.24954e-01
 3.24954e-01
 2.83541e-01
 2.83541e-01
 2.83541e-01
 2.83541e-01
 2.83541e-01
 2.68536e-01
 2.68536e-01
 2.68536e-01
 2.68536e-01
 2.68536e-01
 2.63468e-01
 2.63468e-01
 2.63468e-01
 2.63468e-01
 2.63468e-01
 2.62319e-01
 2.62319e-01
 2.62319e-01
 2.62319e-01
 2.62319e-01
 2.62598e-01
 2.62598e-01
 2.62598e-01
 2.62598e-01
 2.62598e-01
 2.63284e-01
 2.63284e-01
 2.63284e-01
 2.63284e-01
 2.63284e-01
 2.63909e-01
 2.63909e-01
 2.63909e-01
 2.63909e-01
 2.63909e-01
 2.64354e-01
 2.64354e-01
 2.64354e-01
 2.64354e-01
 2.64354e-01
 2.64612e-01
 2.64612e-01
 2.64612e-01
 2.64612e-01
 2.64612e-01
 2.64624e-01
 2.64624e-01
 2.64624e-01
 2.64624e-01
 2.64624e-01
 2.64158e-01
 2.64158e-01
 2.64158e-01
 2.64158e-01
 2.64158e-01
 2.62351e-01
 2.62351e-01
 2.62351e-01
 2.62351e-01
 2.62351e-01
 2.58131e-01
 2.58131e-01
 2.58131e-01
 2.58131e-01
 2.58131e-01
 2.50085e-01
 2.50085e-01
 2.50085e-01
 2.50085e-01
 2.50085e-01
 2.35663e-01
 2.35663e-01
 2.35663e-01
 2.35663e-01
 2.35663e-01
 2.13178e-01
 2.13178e-01
 2.13178e-01
 2.13178e-01
 2.13178e-01
 1.86254e-01
 1.86254e-01
 1.86254e-01
 1.86254e-01
 1.86254e-01
 1.62100e-01
 1.62100e-01
 1.62100e-01
 1.62100e-01
 1.62100e-01
 1.44204e-01
 1.44204e-01
 1.44204e-01
 1.44204e-01
 1.44204e-01
 1.33114e-01
 1.33114e-01
 1.33114e-01
 1.33114e-01
 1.33114e-01
 1.27733e-01
 1.27733e-01
 1.27733e-01
 1.27733e-01
 1.27733e-01
 1.25776e-01
 1.25776e-01
 1.25776e-01
 1.25776e-01
 1.25776e-01
 1.25203e-01
 1.25203e-01
 1.25203e-01
 1.25203e-01
 1.25203e-01
 1.25051e-01
 1.25051e-01
 1.25051e-01
 1.25051e-01
 1.25051e-01
 1.25013e-01
 1.25013e-01
 1.25013e-01
 1.25013e-01
 1.25013e-01
 1.25003e-01
 1.25003e-01
 1.25003e-01
 1.25003e-01
 1.25003e-01
 1.25001e-01
 1.25001e-01
 1.25001e-01
 1.25001e-01
 1.25001e-01
 1.25000e-01
 1.25000e-01
 1.25000e-01
 1.25000e-01
 1.25000e-01
 1.25000e-01
 1.25000e-01
 1.25000e-01
 1.25000e-01
 1.25000e-01
 1.25000e-01
 1.25000e-01
 1.25000e-01
 1.25000e-01
 1.25000e-01
 1.25000e-01
 1.25000e-01
 1.25000e-01
 1.25000e-01
 1.25000e-01
 1.00000e+00
 1.00000e+00
 1.00000e+00
 1.00000e+00
 1.00000e+00
 1.00000e+00
 1.00000e+00
 1.00000e+00
 1.00000e+00
 1.00000e+00
 1.00000e+00
 1.00000e+00
 1.00000e+00
 1.00000e+00
 1.00000e+00
 1.00000e+00
 1.00000e+00
 1.00000e+00
 1.00000e+00
 1.00000e+00
 1.00000e+00
 1.00000e+00
 1.00000e+00
 1.00000e+00
 1.00000e+00
 1.00000e+00
 1.00000e+00
 1.00000e+00
 1.00000e+00
 1.00000e+00
 1.00000e+00
 1.00000e+00
 1.00000e+00
 1.00000e+00
 1.00000e+00
 1.00000e+00
 1.00000e+00
 1.00000e+00
 1.00000e+00
 1.00000e+00
 1.00000e+00
 1.00000e+00
 1.00000e+00
 1.00000e+00
 1.00000e+00
 1.00000e+00
 1.00000e+00
 1.00000e+00
 1.00000e+00
 1.00000e+00
 1.00000e+00
 1.00000e+00
 1.00000e+00
 1.00000e+00
 1.00000e+00
 1.00000e+00
 1.00000e+00
 1.00000e+00
 1.00000e+00
 1.00000e+00
 1.00000e+00
 1.00000e+00
 1.00000e+00
 1.00000e+00
 1.00000e+00
 1.00000e+00
 1.00000e+00
 1.00000e+00
 1.00000e+00
 1.00000e+00
 1.00000e+00
 1.00000e+00
 1.00000e+00
 1.00000e+00
 1.00000e+00
 1.00000e+00
 1.00000e+00
 1.00000e+00
 1.00000e+00
 1.00000e+00
 1.00000e+00
 1.00000e+00
 1.00000e+00
 1.00000e+00
 1.00000e+00
 1.00000e+00
 1.00000e+00
 1.00000e+00
 1.00000e+00
 1.00000e+00
 9.99997e-01
 9.99997e-01
 9.99997e-01
 9.99997e-01
 9.99997e-01
 9.99986e-01
 9.99986e-01
 9.99986e-01
 9.99986e-01
 9.99986e-01
 9.99935e-01
 9.99935e-01
 9.99935e-01
 9.99935e-01
 9.99935e-01
 9.99735e-01
 9.99735e-01
 9.99735e-01
 9.99735e-01
 9.99735e-01
 9.99045e-01
 9.99045e-01
 9.99045e-01
 9.99045e-01
 9.99045e-01
 9.97029e-01
 9.97029e-01
 9.97029e-01
 9.97029e-01
 9.97029e-01
 9.92109e-01
 9.92109e-01
 9.92109e-01
 9.92109e-01
 9.92109e-01
 9.82285e-01
 9.82285e-01
 9.82285e-01
 9.82285e-01
 9.82285e-01
 9.66311e-01
 9.66311e-01
 9.66311e-01
 9.66311e-01
 9.66311e-01
 9.44717e-01
 9.44717e-01
 9.44717e-01
 9.44717e-01
 9.44717e-01
 9.19283e-01
 9.19283e-01
 9.19283e-01
 9.19283e-01
 9.19283e-01
 8.91759e-01
 8.91759e-01
 8.91759e-01
 8.91759e-01
 8.91759e-01
 8.63293e-01
 8.63293e-01
 8.63293e-01
 8.63293e-01
 8.63293e-01
 8.34536e-01
 8.34536e-01
 8.34536e-01
 8.34536e-01
 8.34536e-01
 8.05898e-01
 8.05898e-01
 8.05898e-01
 8.05898e-01
 8.05898e-01
 7.77616e-01
 7.77616e-01
 7.77616e-01
 7.77616e-01
 7.77616e-01
 7.49778e-01
 7.49778e-01
 7.49778e-01
 7.49778e-01
 7.49778e-01
 7.22389e-01
 7.22389e-01
 7.22389e-01
 7.22389e-01
 7.22389e-01
 6.95408e-01
 6.95408e-01
 6.95408e-01
 6.95408e-01
 6.95408e-01
 6.68973e-01
 6.68973e-01
 6.68973e-01
 6.68973e-01
 6.68973e-01
 6.44131e-01
 6.44131e-01
 6.44131e-01
 6.44131e-01
 6.44131e-01
 6.20565e-01
 6.20565e-01
 6.20565e-01
 6.20565e-01
 6.20565e-01
 5.97679e-01
 5.97679e-01
 5.97679e-01
 5.97679e-01
 5.97679e-01
 5.75897e-01
 5.75897e-01
 5.75897e-01
 5.75897e-01
 5.75897e-01
 5.55691e-01
 5.55691e-01
 5.55691e-01
 5.55691e-01
 5.55691e-01
 5.35437e-01
 5.35437e-01
 5.35437e-01
 5.35437e-01
 5.35437e-01
 5.16098e-01
 5.16098e-01
 5.16098e-01
 5.16098e-01
 5.16098e-01
 4.98222e-01
 4.98222e-01
 4.98222e-01
 4.98222e-01
 4.98222e-01
 4.81097e-01
 4.81097e-01
 4.81097e-01
 4.81097e-01
 4.81097e-01
 4.65563e-01
 4.65563e-01
 4.65563e-01
 4.65563e-01
 4.65563e-01
 4.49481e-01
 4.49481e-01
 4.49481e-01
 4.49481e-01
 4.49481e-01
 4.37944e-01
 4.37944e-01
 4.37944e-01
 4.37944e-01
 4.37944e-01
 4.33766e-01
 4.33766e-01
 4.33766e-01
 4.33766e-01
 4.33766e-01
 4.30301e-01
 4.30301e-01
 4.30301e-01
 4.30301e-01
 4.30301e-01
 4.24993e-01
 4.24993e-01
 4.24993e-01
 4.24993e-01
 4.24993e-01
 4.23175e-01
 4.23175e-01
 4.23175e-01
 4.23175e-01
 4.23175e-01
 4.23246e-01
 4.23246e-01
 4.23246e-01
 4.23246e-01
 4.23246e-01
 4.23790e-01
 4.23790e-01
 4.23790e-01
 4.23790e-01
 4.23790e-01
 4.25203e-01
 4.25203e-01
 4.25203e-01
 4.25203e-01
 4.25203e-01
 4.25989e-01
 4.25989e-01
 4.25989e-01
 4.25989e-01
 4.25989e-01
 4.25837e-01
 4.25837e-01
 4.25837e-01
 4.25837e-01
 4.25837e-01
 4.24897e-01
 4.24897e-01
 4.24897e-01
 4.24897e-01
 4.24897e-01
 4.24201e-01
 4.24201e-01
 4.24201e-01
 4.24201e-01
 4.24201e-01
 4.24435e-01
 4.24435e-01
 4.24435e-01
 4.24435e-01
 4.24435e-01
 4.24911e-01
 4.24911e-01
 4.24911e-01
 4.24911e-01
 4.24911e-01
 4.25386e-01
 4.25386e-01
 4.25386e-01
 4.25386e-01
 4.25386e-01
 4.24602e-01
 4.24602e-01
 4.24602e-01
 4.24602e-01
 4.24602e-01
 4.19783e-01
 4.19783e-01
 4.19783e-01
 4.19783e-01
 4.19783e-01
 4.06206e-01
 4.06206e-01
 4.06206e-01
 4.06206e-01
 4.06206e-01
 3.77180e-01
 3.77180e-01
 3.77180e-01
 3.77180e-01
 3.77180e-01
 3.24954e-01
 3.24954e-01
 3.24954e-01
 3.24954e-01
 3.24954e-01
 2.83541e-01
 2.83541e-01
 2.83541e-01
 2.83541e-01
 2.83541e-01
 2.68536e-01
 2.68536e-01
 2.68536e-01
 2.68536e-01
 2.68536e-01
 2.63468e-01
 2.63468e-01
 2.63468e-01
 2.63468e-01
 2.63468e-01
 2.62319e-01
 2.62319e-01
 2.62319e-01
 2.62319e-01
 2.62319e-01
 2.62598e-01
 2.62598e-01
 2.62598e-01
 2.62598e-01
 2.62598e-01
 2.63284e-01
 2.63284e-01
 2.63284e-01
 2.63284e-01
 2.63284e-01
 2.63909e-01
 2.63909e-01
 2.63909e-01
 2.63909e-01
 2.63909e-01
 2.64354e-01
 2.64354e-01
 2.64354e-01
 2.64354e-01
 2.64354e-01
 2.64612e-01
 2.64612e-01
 2.64612e-01
 2.64612e-01
 2.64612e-01
 2.64624e-01
 2.64624e-01
 2.64624e-01
 2.64624e-01
 2.64624e-01
 2.64158e-01
 2.64158e-01
 2.64158e-01
 2.64158e-01
 2.64158e-01
 2.62351e-01
 2.62351e-01
 2.62351e-01
 2.62351e-01
 2.62351e-01
 2.58131e-01
 2.58131e-01
 2.58131e-01
 2.58131e-01
 2.58131e-01
 2.50085e-01
 2.50085e-01
 2.50085e-01
 2.50085e-01
 2.50085e-01
 2.35663e-01
 2.35663e-01
 2.35663e-01
 2.35663e-01
 2.35663e-01
 2.13178e-01
 2.13178e-01
 2.13178e-01
 2.13178e-01
 2.13178e-01
 1.86254e-01
 1.86254e-01
 1.86254e-01
 1.86254e-01
 1.86254e-01
 1.62100e-01
 1.62100e-01
 1.62100e-01
 1.62100e-01
 1.62100e-01
 1.44204e-01
 1.44204e-01
 1.44204e-01
 1.44204e-01
 1.44204e-01
 1.33114e-01
 1.33114e-01
 1.33114e-01
 1.33114e-01
 1.33114e-01
 1.27733e-01
 1.27733e-01
 1.27733e-01
 1.27733e-01
 1.27733e-01
 1.25776e-01
 1.25776e-01
 1.25776e-01
 1.25776e-01
 1.25776e-01
 1.25203e-01
 1.25203e-01
 1.25203e-01
 1.25203e-01
 1.25203e-01
 1.25051e-01
 1.25051e-01
 1.25051e-01
 1.25051e-01
 1.25051e-01
 1.25013e-01
 1.25013e-01
 1.25013e-01
 1.25013e-01
 1.25013e-01
 1.25003e-01
 1.25003e-01
 1.25003e-01
 1.25003e-01
 1.25003e-01
 1.25001e-01
 1.25001e-01
 1.25001e-01
 1.25001e-01
 1.25001e-01
 1.25000e-01
 1.25000e-01
 1.25000e-01
 1.25000e-01
 1.25000e-01
 1.25000e-01
 1.25000e-01
 1.25000e-01
 1.25000e-01
 1.25000e-01
 1.25000e-01
 1.25000e-01
 1.25000e-01
 1.25000e-01
 1.25000e-01
 1.25000e-01
 1.25000e-01
 1.25000e-01
 1.25000e-01
 1.25000e-01
 1.00000e+00
 1.00000e+00
 1.00000e+00
 1.00000e+00
 1.00000e+00
 1.00000e+00
 1.00000e+00
 1.00000e+00
 1.00000e+00
 1.00000e+00
 1.00000e+00
 1.00000e+00
 1.00000e+00
 1.00000e+00
 1.00000e+00
 1.00000e+00
 1.00000e+00
 1.00000e+00
 1.00000e+00
 1.00000e+00
 1.00000e+00
 1.00000e+00
 1.00000e+00
 1.00000e+00
 1.00000e+00
 1.00000e+00
 1.00000e+00
 1.00000e+00
 1.00000e+00
 1.00000e+00
 1.00000e+00
 1.00000e+00
 1.00000e+00
 1.00000e+00
 1.00000e+00
 1.00000e+00
 1.00000e+00
 1.00000e+00
 1.00000e+00
 1.00000e+00
 1.00000e+00
 1.00000e+00
 1.00000e+00
 1.00000e+00
 1.00000e+00
 1.00000e+00
 1.00000e+00
 1.00000e+00
 1.00000e+00
 1.00000e+00
 1.00000e+00
 1.00000e+00
 1.00000e+00
 1.00000e+00
 1.00000e+00
 1.00000e+00
 1.00000e+00
 1.00000e+00
 1.00000e+00
 1.00000e+00
 1.00000e+00
 1.00000e+00
 1.00000e+00
 1.00000e+00
 1.00000e+00
 1.00000e+00
 1.00000e+00
 1.00000e+00
 1.00000e+00
 1.00000e+00
 1.00000e+00
 1.00000e+00
 1.00000e+00
 1.00000e+00
 1.00000e+00
 1.00000e+00
 1.00000e+00
 1.00000e+00
 1.00000e+00
 1.00000e+00
 1.00000e+00
 1.00000e+00
 1.00000e+00
 1.00000e+00
 1.00000e+00
 1.00000e+00
 1.00000e+00
 1.00000e+00
 1.00000e+00
 1.00000e+00
 9.99997e-01
 9.99997e-01
 9.99997e-01
 9.99997e-01
 9.99997e-01
 9.99986e-01
 9.99986e-01
 9.99986e-01
 9.99986e-01
 9.99986e-01
 9.99935e-01
 9.99935e-01
 9.99935e-01
 9.99935e-01
 9.99935e-01
 9.99735e-01
 9.99735e-01
 9.99735e-01
 9.99735e-01
 9.99735e-01
 9.99045e-01
 9.99045e-01
 9.99045e-01
 9.99045e-01
 9.99045e-01
 9.97029e-01
 9.97029e-01
 9.97029e-01
 9.97029e-01
 9.97029e-01
 9.92109e-01
 9.92109e-01
 9.92109e-01
 9.92109e-01
 9.92109e-01
 9.82285e-01
 9.82285e-01
 9.82285e-01
 9.82285e-01
 9.82285e-01
 9.66311e-01
 9.66311e-01
 9.66311e-01
 9.66311e-01
 9.66311e-01
 9.44717e-01
 9.44717e-01
 9.44717e-01
 9.44717e-01
 9.44717e-01
 9.19283e-01
 9.19283e-01
 9.19283e-01
 9.19283e-01
 9.19283e-01
 8.91759e-01
 8.91759e-01
 8.91759e-01
 8.91759e-01
 8.91759e-01
 8.63293e-01
 8.63293e-01
 8.63293e-01
 8.63293e-01
 8.63293e-01
 8.34536e-01
 8.34536e-01
 8.34536e-01
 8.34536e-01
 8.34536e-01
 8.05898e-01
 8.05898e-01
 8.05898e-01
 8.05898e-01
 8.05898e-01
 7.77616e-01
 7.77616e-01
 7.77616e-01
 7.77616e-01
 7.77616e-01
 7.49778e-01
 7.49778e-01
 7.49778e-01
 7.49778e-01
 7.49778e-01
 7.22389e-01
 7.22389e-01
 7.22389e-01
 7.22389e-01
 7.22389e-01
 6.95408e-01
 6.95408e-01
 6.95408e-01
 6.95408e-01
 6.95408e-01
 6.68973e-01
 6.68973e-01
 6.68973e-01
 6.68973e-01
 6.68973e-01
 6.44131e-01
 6.44131e-01
 6.44131e-01
 6.44131e-01
 6.44131e-01
 6.20565e-01
 6.20565e-01
 6.20565e-01
 6.20565e-01
 6.20565e-01
 5.97679e-01
 5.97679e-01
 5.97679e-01
 5.97679e-01
 5.97679e-01
 5.75897e-01
 5.75897e-01
 5.75897e-01
 5.75897e-01
 5.75897e-01
 5.55691e-01
 5.55691e-01
 5.55691e-01
 5.55691e-01
 5.55691e-01
 5.35437e-01
 5.35437e-01
 5.35437e-01
 5.35437e-01
 5.35437e-01
 5.16098e-01
 5.16098e-01
 5.16098e-01
 5.16098e-01
 5.16098e-01
 4.98222e-01
 4.98222e-01
 4.98222e-01
 4.98222e-01
 4.98222e-01
 4.81097e-01
 4.81097e-01
 4.81097e-01
 4.81097e-01
 4.81097e-01
 4.65563e-01
 4.65563e-01
 4.65563e-01
 4.65563e-01
 4.65563e-01
 4.49481e-01
 4.49481e-01
 4.49481e-01
 4.49481e-01
 4.49481e-01
 4.37944e-01
 4.37944e-01
 4.37944e-01
 4.37944e-01
 4.37944e-01
 4.33766e-01
 4.33766e-01
 4.33766e-01
 4.33766e-01
 4.33766e-01
 4.30301e-01
 4.30301e-01
 4.30301e-01
 4.30301e-01
 4.30301e-01
 4.24993e-01
 4.24993e-01
 4.24993e-01
 4.24993e-01
 4.24993e-01
 4.23175e-01
 4.23175e-01
 4.23175e-01
 4.23175e-01
 4.23175e-01
 4.23246e-01
 4.23246e-01
 4.23246e-01
 4.23246e-01
 4.23246e-01
 4.23790e-01
 4.23790e-01
 4.23790e-01
 4.23790e-01
 4.23790e-01
 4.25203e-01
 4.25203e-01
 4.25203e-01
 4.25203e-01
 4.25203e-01
 4.25989e-01
 4.25989e-01
 4.25989e-01
 4.25989e-01
 4.25989e-01
 4.25837e-01
 4.25837e-01
 4.25837e-01
 4.25837e-01
 4.25837e-01
 4.24897e-01
 4.24897e-01
 4.24897e-01
 4.24897e-01
 4.24897e-01
 4.24201e-01
 4.24201e-01
 4.24201e-01
 4.24201e-01
 4.24201e-01
 4.24435e-01
 4.24435e-01
 4.24435e-01
 4.24435e-01
 4.24435e-01
 4.24911e-01
 4.24911e-01
 4.24911e-01
 4.24911e-01
 4.24911e-01
 4.25386e-01
 4.25386e-01
 4.25386e-01
 4.25386e-01
 4.25386e-01
 4.24602e-01
 4.24602e-01
 4.24602e-01
 4.24602e-01
 4.24602e-01
 4.19783e-01
 4.19783e-01
 4.19783e-01
 4.19783e-01
 4.19783e-01
 4.06206e-01
 4.06206e-01
 4.06206e-01
 4.06206e-01
 4.06206e-01
 3.77180e-01
 3.77180e-01
 3.77180e-01
 3.77180e-01
 3.77180e-01
 3.24954e-01
 3.24954e-01
 3.24954e-01
 3.24954e-01
 3.24954e-01
 2.83541e-01
 2.83541e-01
 2.83541e-01
 2.83541e-01
 2.83541e-01
 2.68536e-01
 2.68536e-01
 2.68536e-01
 2.68536e-01
 2.68536e-01
 2.63468e-01
 2.63468e-01
 2.63468e-01
 2.63468e-01
 2.63468e-01
 2.62319e-01
 2.62319e-01
 2.62319e-01
 2.62319e-01
 2.62319e-01
 2.62598e-01
 2.62598e-01
 2.62598e-01
 2.62598e-01
 2.62598e-01
 2.63284e-01
 2.63284e-01
 2.63284e-01
 2.63284e-01
 2.63284e-01
 2.63909e-01
 2.63909e-01
 2.63909e-01
 2.63909e-01
 2.63909e-01
 2.64354e-01
 2.64354e-01
 2.64354e-01
 2.64354e-01
 2.64354e-01
 2.64612e-01
 2.64612e-01
 2.64612e-01
 2.64612e-01
 2.64612e-01
 2.64624e-01
 2.64624e-01
 2.64624e-01
 2.64624e-01
 2.64624e-01
 2.64158e-01
 2.64158e-01
 2.64158e-01
 2.64158e-01
 2.64158e-01
 2.62351e-01
 2.62351e-01
 2.62351e-01
 2.62351e-01
 2.62351e-01
 2.58131e-01
 2.58131e-01
 2.58131e-01
 2.58131e-01
 2.58131e-01
 2.50085e-01
 2.50085e-01
 2.50085e-01
 2.50085e-01
 2.50085e-01
 2.35663e-01
 2.35663e-01
 2.35663e-01
 2.35663e-01
 2.35663e-01
 2.13178e-01
 2.13178e-01
 2.13178e-01
 2.13178e-01
 2.13178e-01
 1.86254e-01
 1.86254e-01
 1.86254e-01
 1.86254e-01
 1.86254e-01
 1.62100e-01
 1.62100e-01
 1.62100e-01
 1.62100e-01
 1.62100e-01
 1.44204e-01
 1.44204e-01
 1.44204e-01
 1.44204e-01
 1.44204e-01
 1.33114e-01
 1.33114e-01
 1.33114e-01
 1.33114e-01
 1.33114e-01
 1.27733e-01
 1.27733e-01
 1.27733e-01
 1.27733e-01
 1.27733e-01
 1.25776e-01
 1.25776e-01
 1.25776e-01
 1.25776e-01
 1.25776e-01
 1.25203e-01
 1.25203e-01
 1.25203e-01
 1.25203e-01
 1.25203e-01
 1.25051e-01
 1.25051e-01
 1.25051e-01
 1.25051e-01
 1.25051e-01
 1.25013e-01
 1.25013e-01
 1.25013e-01
 1.25013e-01
 1.25013e-01
 1.25003e-01
 1.25003e-01
 1.25003e-01
 1.25003e-01
 1.25003e-01
 1.25001e-01
 1.25001e-01
 1.25001e-01
 1.25001e-01
 1.25001e-01
 1.25000e-01
 1.25000e-01
 1.25000e-01
 1.25000e-01
 1.25000e-01
 1.25000e-01
 1.25000e-01
 1.25000e-01
 1.25000e-01
 1.25000e-01
 1.25000e-01
 1.25000e-01
 1.25000e-01
 1.25000e-01
 1.25000e-01
 1.25000e-01
 1.25000e-01
 1.25000e-01
 1.25000e-01
 1.25000e-01
 1.00000e+00
 1.00000e+00
 1.00000e+00
 1.00000e+00
 1.00000e+00
 1.00000e+00
 1.00000e+00
 1.00000e+00
 1.00000e+00
 1.00000e+00
 1.00000e+00
 1.00000e+00
 1.00000e+00
 1.00000e+00
 1.00000e+00
 1.00000e+00
 1.00000e+00
 1.00000e+00
 1.00000e+00
 1.00000e+00
 1.00000e+00
 1.00000e+00
 1.00000e+00
 1.00000e+00
 1.00000e+00
 1.00000e+00
 1.00000e+00
 1.00000e+00
 1.00000e+00
 1.00000e+00
 1.00000e+00
 1.00000e+00
 1.00000e+00
 1.00000e+00
 1.00000e+00
 1.00000e+00
 1.00000e+00
 1.00000e+00
 1.00000e+00
 1.00000e+00
 1.00000e+00
 1.00000e+00
 1.00000e+00
 1.00000e+00
 1.00000e+00
 1.00000e+00
 1.00000e+00
 1.00000e+00
 1.00000e+00
 1.00000e+00
 1.00000e+00
 1.00000e+00
 1.00000e+00
 1.00000e+00
 1.00000e+00
 1.00000e+00
 1.00000e+00
 1.00000e+00
 1.00000e+00
 1.00000e+00
 1.00000e+00
 1.00000e+00
 1.00000e+00
 1.00000e+00
 1.00000e+00
 1.00000e+00
 1.00000e+00
 1.00000e+00
 1.00000e+00
 1.00000e+00
 1.00000e+00
 1.00000e+00
 1.00000e+00
 1.00000e+00
 1.00000e+00
 1.00000e+00
 1.00000e+00
 1.00000e+00
 1.00000e+00
 1.00000e+00
 1.00000e+00
 1.00000e+00
 1.00000e+00
 1.00000e+00
 1.00000e+00
 1.00000e+00
 1.00000e+00
 1.00000e+00
 1.00000e+00
 1.00000e+00
 9.99997e-01
 9.99997e-01
 9.99997e-01
 9.99997e-01
 9.99997e-01
 9.99986e-01
 9.99986e-01
 9.99986e-01
 9.99986e-01
 9.99986e-01
 9.99935e-01
 9.99935e-01
 9.99935e-01
 9.99935e-01
 9.99935e-01
 9.99735e-01
 9.99735e-01
 9.99735e-01
 9.99735e-01
 9.99735e-01
 9.99045e-01
 9.99045e-01
 9.99045e-01
 9.99045e-01
 9.99045e-01
 9.97029e-01
 9.97029e-01
 9.97029e-01
 9.97029e-01
 9.97029e-01
 9.92109e-01
 9.92109e-01
 9.92109e-01
 9.92109e-01
 9.92109e-01
 9.82285e-01
 9.82285e-01
 9.82285e-01
 9.82285e-01
 9.82285e-01
 9.66311e-01
 9.66311e-01
 9.66311e-01
 9.66311e-01
 9.66311e-01
 9.44717e-01
 9.44717e-01
 9.44717e-01
 9.44717e-01
 9.44717e-01
 9.19283e-01
 9.19283e-01
 9.19283e-01
 9.19283e-01
 9.19283e-01
 8.91759e-01
 8.91759e-01
 8.91759e-01
 8.91759e-01
 8.91759e-01
 8.63293e-01
 8.63293e-01
 8.63293e-01
 8.63293e-01
 8.63293e-01
 8.34536e-01
 8.34536e-01
 8.34536e-01
 8.34536e-01
 8.34536e-01
 8.05898e-01
 8.05898e-01
 8.05898e-01
 8.05898e-01
 8.05898e-01
 7.77616e-01
 7.77616e-01
 7.77616e-01
 7.77616e-01
 7.77616e-01
 7.49778e-01
 7.49778e-01
 7.49778e-01
 7.49778e-01
 7.49778e-01
 7.22389e-01
 7.22389e-01
 7.22389e-01
 7.22389e-01
 7.22389e-01
 6.95408e-01
 6.95408e-01
 6.95408e-01
 6.95408e-01
 6.95408e-01
 6.68973e-01
 6.68973e-01
 6.68973e-01
 6.68973e-01
 6.68973e-01
 6.44131e-01
 6.44131e-01
 6.44131e-01
 6.44131e-01
 6.44131e-01
 6.20565e-01
 6.20565e-01
 6.20565e-01
 6.20565e-01
 6.20565e-01
 5.97679e-01
 5.97679e-01
 5.97679e-01
 5.97679e-01
 5.97679e-01
 5.75897e-01
 5.75897e-01
 5.75897e-01
 5.75897e-01
 5.75897e-01
 5.55691e-01
 5.55691e-01
 5.55691e-01
 5.55691e-01
 5.55691e-01
 5.35437e-01
 5.35437e-01
 5.35437e-01
 5.35437e-01
 5.35437e-01
 5.16098e-01
 5.16098e-01
 5.16098e-01
 5.16098e-01
 5.16098e-01
 4.98222e-01
 4.98222e-01
 4.98222e-01
 4.98222e-01
 4.98222e-01
 4.81097e-01
 4.81097e-01
 4.81097e-01
 4.81097e-01
 4.81097e-01
 4.65563e-01
 4.65563e-01
 4.65563e-01
 4.65563e-01
 4.65563e-01
 4.49481e-01
 4.49481e-01
 4.49481e-01
 4.49481e-01
 4.49481e-01
 4.37944e-01
 4.37944e-01
 4.37944e-01
 4.37944e-01
 4.37944e-01
 4.33766e-01
 4.33766e-01
 4.33766e-01
 4.33766e-01
 4.33766e-01
 4.30301e-01
 4.30301e-01
 4.30301e-01
 4.30301e-01
 4.30301e-01
 4.24993e-01
 4.24993e-01
 4.24993e-01
 4.24993e-01
 4.24993e-01
 4.23175e-01
 4.23175e-01
 4.23175e-01
 4.23175e-01
 4.23175e-01
 4.23246e-01
 4.23246e-01
 4.23246e-01
 4.23246e-01
 4.23246e-01
 4.23790e-01
 4.23790e-01
 4.23790e-01
 4.23790e-01
 4.23790e-01
 4.25203e-01
 4.25203e-01
 4.25203e-01
 4.25203e-01
 4.25203e-01
 4.25989e-01
 4.25989e-01
 4.25989e-01
 4.25989e-01
 4.25989e-01
 4.25837e-01
 4.25837e-01
 4.25837e-01
 4.25837e-01
 4.25837e-01
 4.24897e-01
 4.24897e-01
 4.24897e-01
 4.24897e-01
 4.24897e-01
 4.24201e-01
 4.24201e-01
 4.24201e-01
 4.24201e-01
 4.24201e-01
 4.24435e-01
 4.24435e-01
 4.24435e-01
 4.24435e-01
 4.24435e-01
 4.24911e-01
 4.24911e-01
 4.24911e-01
 4.24911e-01
 4.24911e-01
 4.25386e-01
 4.25386e-01
 4.25386e-01
 4.25386e-01
 4.25386e-01
 4.24602e-01
 4.24602e-01
 4.24602e-01
 4.24602e-01
 4.24602e-01
 4.19783e-01
 4.19783e-01
 4.19783e-01
 4.19783e-01
 4.19783e-01
 4.06206e-01
 4.06206e-01
 4.06206e-01
 4.06206e-01
 4.06206e-01
 3.77180e-01
 3.77180e-01
 3.77180e-01
 3.77180e-01
 3.77180e-01
 3.24954e-01
 3.24954e-01
 3.24954e-01
 3.24954e-01
 3.24954e-01
 2.83541e-01
 2.83541e-01
 2.83541e-01
 2.83541e-01
 2.83541e-01
 2.68536e-01
 2.68536e-01
 2.68536e-01
 2.68536e-01
 2.68536e-01
 2.63468e-01
 2.63468e-01
 2.63468e-01
 2.63468e-01
 2.63468e-01
 2.62319e-01
 2.62319e-01
 2.62319e-01
 2.62319e-01
 2.62319e-01
 2.62598e-01
 2.62598e-01
 2.62598e-01
 2.62598e-01
 2.62598e-01
 2.63284e-01
 2.63284e-01
 2.63284e-01
 2.63284e-01
 2.63284e-01
 2.63909e-01
 2.63909e-01
 2.63909e-01
 2.63909e-01
 2.63909e-01
 2.64354e-01
 2.64354e-01
 2.64354e-01
 2.64354e-01
 2.64354e-01
 2.64612e-01
 2.64612e-01
 2.64612e-01
 2.64612e-01
 2.64612e-01
 2.64624e-01
 2.64624e-01
 2.64624e-01
 2.64624e-01
 2.64624e-01
 2.64158e-01
 2.64158e-01
 2.64158e-01
 2.64158e-01
 2.64158e-01
 2.62351e-01
 2.62351e-01
 2.62351e-01
 2.62351e-01
 2.62351e-01
 2.58131e-01
 2.58131e-01
 2.58131e-01
 2.58131e-01
 2.58131e-01
 2.50085e-01
 2.50085e-01
 2.50085e-01
 2.50085e-01
 2.50085e-01
 2.35663e-01
 2.35663e-01
 2.35663e-01
 2.35663e-01
 2.35663e-01
 2.13178e-01
 2.13178e-01
 2.13178e-01
 2.13178e-01
 2.13178e-01
 1.86254e-01
 1.86254e-01
 1.86254e-01
 1.86254e-01
 1.86254e-01
 1.62100e-01
 1.62100e-01
 1.62100e-01
 1.62100e-01
 1.62100e-01
 1.44204e-01
 1.44204e-01
 1.44204e-01
 1.44204e-01
 1.44204e-01
 1.33114e-01
 1.33114e-01
 1.33114e-01
 1.33114e-01
 1.33114e-01
 1.27733e-01
 1.27733e-01
 1.27733e-01
 1.27733e-01
 1.27733e-01
 1.25776e-01
 1.25776e-01
 1.25776e-01
 1.25776e-01
 1.25776e-01
 1.25203e-01
 1.25203e-01
 1.25203e-01
 1.25203e-01
 1.25203e-01
 1.25051e-01
 1.25051e-01
 1.25051e-01
 1.25051e-01
 1.25051e-01
 1.25013e-01
 1.25013e-01
 1.25013e-01
 1.25013e-01
 1.25013e-01
 1.25003e-01
 1.25003e-01
 1.25003e-01
 1.25003e-01
 1.25003e-01
 1.25001e-01
 1.25001e-01
 1.25001e-01
 1.25001e-01
 1.25001e-01
 1.25000e-01
 1.25000e-01
 1.25000e-01
 1.25000e-01
 1.25000e-01
 1.25000e-01
 1.25000e-01
 1.25000e-01
 1.25000e-01
 1.25000e-01
 1.25000e-01
 1.25000e-01
 1.25000e-01
 1.25000e-01
 1.25000e-01
 1.25000e-01
 1.25000e-01
 1.25000e-01
 1.25000e-01
 1.25000e-01
