InternalEnergy
part
         1
hexa8
 2.50000e+00
 2.50000e+00
 2.50000e+00
 2.50000e+00
 2.50000e+00
 2.50000e+00
 2.50000e+00
 2.50000e+00
 2.50000e+00
 2.50000e+00
 2.50000e+00
 2.50000e+00
 2.50000e+00
 2.50000e+00
 2.50000e+00
 2.50000e+00
 2.50000e+00
 2.50000e+00
 2.50000e+00
 2.50000e+00
 2.50000e+00
 2.50000e+00
 2.50000e+00
 2.50000e+00
 2.50000e+00
 2.50000e+00
 2.50000e+00
 2.50000e+00
 2.50000e+00
 2.50000e+00
 2.50000e+00
 2.50000e+00
 2.50000e+00
 2.50000e+00
 2.50000e+00
 2.50000e+00
 2.50000e+00
 2.50000e+00
 2.50000e+00
 2.50000e+00
 2.50000e+00
 2.50000e+00
 2.50000e+00
 2.50000e+00
 2.50000e+00
 2.50000e+00
 2.50000e+00
 2.50000e+00
 2.50000e+00
 2.50000e+00
 2.50000e+00
 2.50000e+00
 2.50000e+00
 2.50000e+00
 2.50000e+00
 2.50000e+00
 2.50000e+00
 2.50000e+00
 2.50000e+00
 2.50000e+00
 2.50000e+00
 2.50000e+00
 2.50000e+00
 2.50000e+00
 2.50000e+00
 2.50000e+00
 2.50000e+00
 2.50000e+00
 2.50000e+00
 2.50000e+00
 2.50000e+00
 2.50000e+00
 2.50000e+00
 2.50000e+00
 2.50000e+00
 2.50000e+00
 2.50000e+00
 2.50000e+00
 2.50000e+00
 2.50000e+00
 2.50000e+00
 2.50000e+00
 2.50000e+00
 2.50000e+00
 2.50000e+00
 2.50000e+00
 2.50000e+00
 2.50000e+00
 2.50000e+00
 2.50000e+00
 2.50000e+00
 2.50000e+00
 2.50000e+00
 2.50000e+00
 2.50000e+00
 2.50000e+00
 2.50000e+00
 2.50000e+00
 2.50000e+00
 2.50000e+00
 2.50000e+00
 2.50000e+00
 2.50000e+00
 2.50000e+00
 2.50000e+00
 2.50000e+00
 2.50000e+00
 2.50000e+00
 2.50000e+00
 2.50000e+00
 2.50000e+00
 2.50000e+00
 2.50000e+00
 2.50000e+00
 2.50000e+00
 2.50000e+00
 2.50000e+00
 2.50000e+00
 2.50000e+00
 2.50000e+00
 2.50000e+00
 2.50000e+00
 2.50000e+00
 2.50000e+00
 2.50000e+00
 2.50000e+00
 2.50000e+00
 2.50000e+00
 2.50000e+00
 2.50000e+00
 2.50000e+00
 2.50000e+00
 2.50000e+00
 2.50000e+00
 2.50000e+00
 2.50000e+00
 2.50000e+00
 2.50000e+00
 2.50000e+00
 2.50000e+00
 2.50000e+00
 2.50000e+00
 2.50000e+00
 2.50000e+00
 2.50000e+00
 2.50000e+00
 2.50000e+00
 2.50000e+00
 2.50000e+00
 2.50000e+00
 2.50000e+00
 2.50000e+00
 2.50000e+00
 2.50000e+00
 2.50000e+00
 2.50000e+00
 2.50000e+00
 2.50000e+00
 2.50000e+00
 2.50000e+00
 2.50000e+00
 2.50000e+00
 2.50000e+00
 2.50000e+00
 2.50000e+00
 2.50000e+00
 2.50000e+00
 2.50000e+00
 2.50000e+00
 2.50000e+00
 2.50000e+00
 2.50000e+00
 2.50000e+00
 2.50000e+00
 2.50000e+00
 2.50000e+00
 2.50000e+00
 2.50000e+00
 2.50000e+00
 2.50000e+00
 2.50000e+00
 2.50000e+00
 2.50000e+00
 2.50000e+00
 2.50000e+00
 2.50000e+00
 2.50000e+00
 2.50000e+00
 2.50000e+00
 2.50000e+00
 2.50000e+00
 2.50000e+00
 2.50000e+00
 2.50000e+00
 2.50000e+00
 2.50000e+00
 2.50000e+00
 2.50000e+00
 2.50000e+00
 2.50000e+00
 2.50000e+00
 2.50000e+00
 2.50000e+00
 2.50000e+00
 2.50000e+00
 2.50000e+00
 2.50000e+00
 2.50000e+00
 2.50000e+00
 2.50000e+00
 2.50000e+00
 2.50000e+00
 2.50000e+00
 2.50000e+00
 2.50000e+00
 2.50000e+00
 2.50000e+00
 2.50000e+00
 2.50000e+00
 2.50000e+00
 2.50000e+00
 2.50000e+00
 2.50000e+00
 2.50000e+00
 2.50000e+00
 2.50000e+00
 2.50000e+00
 2.50000e+00
 2.50000e+00
 2.50000e+00
 2.50000e+00
 2.50000e+00
 2.50000e+00
 2.50000e+00
 2.50000e+00
 2.50000e+00
 2.50000e+00
 2.50000e+00
 2.50000e+00
 2.50000e+00
 2.50000e+00
 2.50000e+00
 2.50000e+00
 2.50000e+00
 2.50000e+00
 2.50000e+00
 2.50000e+00
 2.50000e+00
 2.50000e+00
 2.50000e+00
 2.50000e+00
 2.50000e+00
 2.50000e+00
 2.50000e+00
 2.50000e+00
 2.50000e+00
 2.50000e+00
 2.50000e+00
 2.50000e+00
 2.50000e+00
 2.50000e+00
 2.50000e+00
 2.50000e+00
 2.50000e+00
 2.50000e+00
 2.50000e+00
 2.50000e+00
 2.50000e+00
 2.50000e+00
 2.50000e+00
 2.50000e+00
 2.50000e+00
 2.50000e+00
 2.50000e+00
 2.50000e+00
 2.50000e+00
 2.50000e+00
 2.50000e+00
 2.50000e+00
 2.50000e+00
 2.50000e+00
 2.50000e+00
 2.50000e+00
 2.50000e+00
 2.50000e+00
 2.50000e+00
 2.50000e+00
 2.50000e+00
 2.50000e+00
 2.50000e+00
 2.50000e+00
 2.50000e+00
 2.50000e+00
 2.50000e+00
 2.50000e+00
 2.50000e+00
 2.50000e+00
 2.50000e+00
 2.50000e+00
 2.50000e+00
 2.50000e+00
 2.50000e+00
 2.50000e+00
 2.50000e+00
 2.50000e+00
 2.50000e+00
 2.50000e+00
 2.50000e+00
 2.50000e+00
 2.50000e+00
 2.50000e+00
 2.50000e+00
 2.50000e+00
 2.50000e+00
 2.50000e+00
 2.50000e+00
 2.50000e+00
 2.50000e+00
 2.50000e+00
 2.50000e+00
 2.50000e+00
 2.50000e+00
 2.50000e+00
 2.50000e+00
 2.50000e+00
 2.50000e+00
 2.50000e+00
 2.50000e+00
 2.50000e+00
 2.50000e+00
 2.50000e+00
 2.50000e+00
 2.50000e+00
 2.50000e+00
 2.50000e+00
 2.50000e+00
 2.50000e+00
 2.50000e+00
 2.50000e+00
 2.50000e+00
 2.50000e+00
 2.50000e+00
 2.50000e+00
 2.50000e+00
 2.50000e+00
 2.50000e+00
 2.50000e+00
 2.50000e+00
 2.50000e+00
 2.50000e+00
 2.50000e+00
 2.50000e+00
 2.50000e+00
 2.50000e+00
 2.50000e+00
 2.50000e+00
 2.50000e+00
 2.50000e+00
 2.50000e+00
 2.50000e+00
 2.50000e+00
 2.50000e+00
 2.50000e+00
 2.50000e+00
 2.50000e+00
 2.50000e+00
 2.50000e+00
 2.50000e+00
 2.50000e+00
 2.50000e+00
 2.50000e+00
 2.50000e+00
 2.50000e+00
 2.50000e+00
 2.50000e+00
 2.50000e+00
 2.50000e+00
 2.50000e+00
 2.50000e+00
 2.50000e+00
 2.50000e+00
 2.50000e+00
 2.50000e+00
 2.50000e+00
 2.50000e+00
 2.50000e+00
 2.50000e+00
 2.50000e+00
 2.50000e+00
 2.50000e+00
 2.50000e+00
 2.50000e+00
 2.50000e+00
 2.50000e+00
 2.50000e+00
 2.50000e+00
 2.50000e+00
 2.50000e+00
 2.50000e+00
 2.50000e+00
 2.50000e+00
 2.50000e+00
 2.50000e+00
 2.50000e+00
 2.50000e+00
 2.50000e+00
 2.50000e+00
 2.50000e+00
 2.50000e+00
 2.50000e+00
 2.50000e+00
 2.50000e+00
 2.50000e+00
 2.50000e+00
 2.50000e+00
 2.50000e+00
 2.50000e+00
 2.50000e+00
 2.50000e+00
 2.50000e+00
 2.50000e+00
 2.50000e+00
 2.50000e+00
 2.50000e+00
 2.50000e+00
 2.50000e+00
 2.50000e+00
 2.50000e+00
 2.50000e+00
 2.50000e+00
 2.50000e+00
 2.50000e+00
 2.50000e+00
 2.50000e+00
 2.50000e+00
 2.50000e+00
 2.50000e+00
 2.50000e+00
 2.50000e+00
 2.50000e+00
 2.50000e+00
 2.50000e+00
 2.50000e+00
 2.50000e+00
 2.50000e+00
 2.50000e+00
 2.50000e+00
 2.50000e+00
 2.50000e+00
 2.50000e+00
 2.50000e+00
 2.50000e+00
 2.50000e+00
 2.50000e+00
 2.50000e+00
 2.50000e+00
 2.50000e+00
 2.50000e+00
 2.50000e+00
 2.50000e+00
 2.50000e+00
 2.50000e+00
 2.50000e+00
 2.50000e+00
 2.50000e+00
 2.50000e+00
 2.50000e+00
 2.50000e+00
 2.50000e+00
 2.50000e+00
 2.50000e+00
 2.50000e+00
 2.50000e+00
 2.50000e+00
 2.50000e+00
 2.49999e+00
 2.49999e+00
 2.49999e+00
 2.49999e+00
 2.49999e+00
 2.49999e+00
 2.49999e+00
 2.49999e+00
 2.49999e+00
 2.49999e+00
 2.49999e+00
 2.49999e+00
 2.49999e+00
 2.49999e+00
 2.49999e+00
 2.49999e+00
 2.49999e+00
 2.49999e+00
 2.49999e+00
 2.49999e+00
 2.49999e+00
 2.49999e+00
 2.49999e+00
 2.49999e+00
 2.49999e+00
 2.49994e+00
 2.49994e+00
 2.49994e+00
 2.49994e+00
 2.49994e+00
 2.49994e+00
 2.49994e+00
 2.49994e+00
 2.49994e+00
 2.49994e+00
 2.49994e+00
 2.49994e+00
 2.49994e+00
 2.49994e+00
 2.49994e+00
 2.49994e+00
 2.49994e+00
 2.49994e+00
 2.49994e+00
 2.49994e+00
 2.49994e+00
 2.49994e+00
 2.49994e+00
 2.49994e+00
 2.49994e+00
 2.49974e+00
 2.49974e+00
 2.49974e+00
 2.49974e+00
 2.49974e+00
 2.49974e+00
 2.49974e+00
 2.49974e+00
 2.49974e+00
 2.49974e+00
 2.49974e+00
 2.49974e+00
 2.49974e+00
 2.49974e+00
 2.49974e+00
 2.49974e+00
 2.49974e+00
 2.49974e+00
 2.49974e+00
 2.49974e+00
 2.49974e+00
 2.49974e+00
 2.49974e+00
 2.49974e+00
 2.49974e+00
 2.49905e+00
 2.49905e+00
 2.49905e+00
 2.49905e+00
 2.49905e+00
 2.49905e+00
 2.49905e+00
 2.49905e+00
 2.49905e+00
 2.49905e+00
 2.49905e+00
 2.49905e+00
 2.49905e+00
 2.49905e+00
 2.49905e+00
 2.49905e+00
 2.49905e+00
 2.49905e+00
 2.49905e+00
 2.49905e+00
 2.49905e+00
 2.49905e+00
 2.49905e+00
 2.49905e+00
 2.49905e+00
 2.49703e+00
 2.49703e+00
 2.49703e+00
 2.49703e+00
 2.49703e+00
 2.49703e+00
 2.49703e+00
 2.49703e+00
 2.49703e+00
 2.49703e+00
 2.49703e+00
 2.49703e+00
 2.49703e+00
 2.49703e+00
 2.49703e+00
 2.49703e+00
 2.49703e+00
 2.49703e+00
 2.49703e+00
 2.49703e+00
 2.49703e+00
 2.49703e+00
 2.49703e+00
 2.49703e+00
 2.49703e+00
 2.49211e+00
 2.49211e+00
 2.49211e+00
 2.49211e+00
 2.49211e+00
 2.49211e+00
 2.49211e+00
 2.49211e+00
 2.49211e+00
 2.49211e+00
 2.49211e+00
 2.49211e+00
 2.49211e+00
 2.49211e+00
 2.49211e+00
 2.49211e+00
 2.49211e+00
 2.49211e+00
 2.49211e+00
 2.49211e+00
 2.49211e+00
 2.49211e+00
 2.49211e+00
 2.49211e+00
 2.49211e+00
 2.48222e+00
 2.48222e+00
 2.48222e+00
 2.48222e+00
 2.48222e+00
 2.48222e+00
 2.48222e+00
 2.48222e+00
 2.48222e+00
 2.48222e+00
 2.48222e+00
 2.48222e+00
 2.48222e+00
 2.48222e+00
 2.48222e+00
 2.48222e+00
 2.48222e+00
 2.48222e+00
 2.48222e+00
 2.48222e+00
 2.48222e+00
 2.48222e+00
 2.48222e+00
 2.48222e+00
 2.48222e+00
 2.46601e+00
 2.46601e+00
 2.46601e+00
 2.46601e+00
 2.46601e+00
 2.46601e+00
 2.46601e+00
 2.46601e+00
 2.46601e+00
 2.46601e+00
 2.46601e+00
 2.46601e+00
 2.46601e+00
 2.46601e+00
 2.46601e+00
 2.46601e+00
 2.46601e+00
 2.46601e+00
 2.46601e+00
 2.46601e+00
 2.46601e+00
 2.46601e+00
 2.46601e+00
 2.46601e+00
 2.46601e+00
 2.44384e+00
 2.44384e+00
 2.44384e+00
 2.44384e+00
 2.44384e+00
 2.44384e+00
 2.44384e+00
 2.44384e+00
 2.44384e+00
 2.44384e+00
 2.44384e+00
 2.44384e+00
 2.44384e+00
 2.44384e+00
 2.44384e+00
 2.44384e+00
 2.44384e+00
 2.44384e+00
 2.44384e+00
 2.44384e+00
 2.44384e+00
 2.44384e+00
 2.44384e+00
 2.44384e+00
 2.44384e+00
 2.41733e+00
 2.41733e+00
 2.41733e+00
 2.41733e+00
 2.41733e+00
 2.41733e+00
 2.41733e+00
 2.41733e+00
 2.41733e+00
 2.41733e+00
 2.41733e+00
 2.41733e+00
 2.41733e+00
 2.41733e+00
 2.41733e+00
 2.41733e+00
 2.41733e+00
 2.41733e+00
 2.41733e+00
 2.41733e+00
 2.41733e+00
 2.41733e+00
 2.41733e+00
 2.41733e+00
 2.41733e+00
 2.38814e+00
 2.38814e+00
 2.38814e+00
 2.38814e+00
 2.38814e+00
 2.38814e+00
 2.38814e+00
 2.38814e+00
 2.38814e+00
 2.38814e+00
 2.38814e+00
 2.38814e+00
 2.38814e+00
 2.38814e+00
 2.38814e+00
 2.38814e+00
 2.38814e+00
 2.38814e+00
 2.38814e+00
 2.38814e+00
 2.38814e+00
 2.38814e+00
 2.38814e+00
 2.38814e+00
 2.38814e+00
 2.35736e+00
 2.35736e+00
 2.35736e+00
 2.35736e+00
 2.35736e+00
 2.35736e+00
 2.35736e+00
 2.35736e+00
 2.35736e+00
 2.35736e+00
 2.35736e+00
 2.35736e+00
 2.35736e+00
 2.35736e+00
 2.35736e+00
 2.35736e+00
 2.35736e+00
 2.35736e+00
 2.35736e+00
 2.35736e+00
 2.35736e+00
 2.35736e+00
 2.35736e+00
 2.35736e+00
 2.35736e+00
 2.32554e+00
 2.32554e+00
 2.32554e+00
 2.32554e+00
 2.32554e+00
 2.32554e+00
 2.32554e+00
 2.32554e+00
 2.32554e+00
 2.32554e+00
 2.32554e+00
 2.32554e+00
 2.32554e+00
 2.32554e+00
 2.32554e+00
 2.32554e+00
 2.32554e+00
 2.32554e+00
 2.32554e+00
 2.32554e+00
 2.32554e+00
 2.32554e+00
 2.32554e+00
 2.32554e+00
 2.32554e+00
 2.29324e+00
 2.29324e+00
 2.29324e+00
 2.29324e+00
 2.29324e+00
 2.29324e+00
 2.29324e+00
 2.29324e+00
 2.29324e+00
 2.29324e+00
 2.29324e+00
 2.29324e+00
 2.29324e+00
 2.29324e+00
 2.29324e+00
 2.29324e+00
 2.29324e+00
 2.29324e+00
 2.29324e+00
 2.29324e+00
 2.29324e+00
 2.29324e+00
 2.29324e+00
 2.29324e+00
 2.29324e+00
 2.26068e+00
 2.26068e+00
 2.26068e+00
 2.26068e+00
 2.26068e+00
 2.26068e+00
 2.26068e+00
 2.26068e+00
 2.26068e+00
 2.26068e+00
 2.26068e+00
 2.26068e+00
 2.26068e+00
 2.26068e+00
 2.26068e+00
 2.26068e+00
 2.26068e+00
 2.26068e+00
 2.26068e+00
 2.26068e+00
 2.26068e+00
 2.26068e+00
 2.26068e+00
 2.26068e+00
 2.26068e+00
 2.22791e+00
 2.22791e+00
 2.22791e+00
 2.22791e+00
 2.22791e+00
 2.22791e+00
 2.22791e+00
 2.22791e+00
 2.22791e+00
 2.22791e+00
 2.22791e+00
 2.22791e+00
 2.22791e+00
 2.22791e+00
 2.22791e+00
 2.22791e+00
 2.22791e+00
 2.22791e+00
 2.22791e+00
 2.22791e+00
 2.22791e+00
 2.22791e+00
 2.22791e+00
 2.22791e+00
 2.22791e+00
 2.19494e+00
 2.19494e+00
 2.19494e+00
 2.19494e+00
 2.19494e+00
 2.19494e+00
 2.19494e+00
 2.19494e+00
 2.19494e+00
 2.19494e+00
 2.19494e+00
 2.19494e+00
 2.19494e+00
 2.19494e+00
 2.19494e+00
 2.19494e+00
 2.19494e+00
 2.19494e+00
 2.19494e+00
 2.19494e+00
 2.19494e+00
 2.19494e+00
 2.19494e+00
 2.19494e+00
 2.19494e+00
 2.16174e+00
 2.16174e+00
 2.16174e+00
 2.16174e+00
 2.16174e+00
 2.16174e+00
 2.16174e+00
 2.16174e+00
 2.16174e+00
 2.16174e+00
 2.16174e+00
 2.16174e+00
 2.16174e+00
 2.16174e+00
 2.16174e+00
 2.16174e+00
 2.16174e+00
 2.16174e+00
 2.16174e+00
 2.16174e+00
 2.16174e+00
 2.16174e+00
 2.16174e+00
 2.16174e+00
 2.16174e+00
 2.12833e+00
 2.12833e+00
 2.12833e+00
 2.12833e+00
 2.12833e+00
 2.12833e+00
 2.12833e+00
 2.12833e+00
 2.12833e+00
 2.12833e+00
 2.12833e+00
 2.12833e+00
 2.12833e+00
 2.12833e+00
 2.12833e+00
 2.12833e+00
 2.12833e+00
 2.12833e+00
 2.12833e+00
 2.12833e+00
 2.12833e+00
 2.12833e+00
 2.12833e+00
 2.12833e+00
 2.12833e+00
 2.09670e+00
 2.09670e+00
 2.09670e+00
 2.09670e+00
 2.09670e+00
 2.09670e+00
 2.09670e+00
 2.09670e+00
 2.09670e+00
 2.09670e+00
 2.09670e+00
 2.09670e+00
 2.09670e+00
 2.09670e+00
 2.09670e+00
 2.09670e+00
 2.09670e+00
 2.09670e+00
 2.09670e+00
 2.09670e+00
 2.09670e+00
 2.09670e+00
 2.09670e+00
 2.09670e+00
 2.09670e+00
 2.06455e+00
 2.06455e+00
 2.06455e+00
 2.06455e+00
 2.06455e+00
 2.06455e+00
 2.06455e+00
 2.06455e+00
 2.06455e+00
 2.06455e+00
 2.06455e+00
 2.06455e+00
 2.06455e+00
 2.06455e+00
 2.06455e+00
 2.06455e+00
 2.06455e+00
 2.06455e+00
 2.06455e+00
 2.06455e+00
 2.06455e+00
 2.06455e+00
 2.06455e+00
 2.06455e+00
 2.06455e+00
 2.03533e+00
 2.03533e+00
 2.03533e+00
 2.03533e+00
 2.03533e+00
 2.03533e+00
 2.03533e+00
 2.03533e+00
 2.03533e+00
 2.03533e+00
 2.03533e+00
 2.03533e+00
 2.03533e+00
 2.03533e+00
 2.03533e+00
 2.03533e+00
 2.03533e+00
 2.03533e+00
 2.03533e+00
 2.03533e+00
 2.03533e+00
 2.03533e+00
 2.03533e+00
 2.03533e+00
 2.03533e+00
 2.00435e+00
 2.00435e+00
 2.00435e+00
 2.00435e+00
 2.00435e+00
 2.00435e+00
 2.00435e+00
 2.00435e+00
 2.00435e+00
 2.00435e+00
 2.00435e+00
 2.00435e+00
 2.00435e+00
 2.00435e+00
 2.00435e+00
 2.00435e+00
 2.00435e+00
 2.00435e+00
 2.00435e+00
 2.00435e+00
 2.00435e+00
 2.00435e+00
 2.00435e+00
 2.00435e+00
 2.00435e+00
 1.97435e+00
 1.97435e+00
 1.97435e+00
 1.97435e+00
 1.97435e+00
 1.97435e+00
 1.97435e+00
 1.97435e+00
 1.97435e+00
 1.97435e+00
 1.97435e+00
 1.97435e+00
 1.97435e+00
 1.97435e+00
 1.97435e+00
 1.97435e+00
 1.97435e+00
 1.97435e+00
 1.97435e+00
 1.97435e+00
 1.97435e+00
 1.97435e+00
 1.97435e+00
 1.97435e+00
 1.97435e+00
 1.94714e+00
 1.94714e+00
 1.94714e+00
 1.94714e+00
 1.94714e+00
 1.94714e+00
 1.94714e+00
 1.94714e+00
 1.94714e+00
 1.94714e+00
 1.94714e+00
 1.94714e+00
 1.94714e+00
 1.94714e+00
 1.94714e+00
 1.94714e+00
 1.94714e+00
 1.94714e+00
 1.94714e+00
 1.94714e+00
 1.94714e+00
 1.94714e+00
 1.94714e+00
 1.94714e+00
 1.94714e+00
 1.91988e+00
 1.91988e+00
 1.91988e+00
 1.91988e+00
 1.91988e+00
 1.91988e+00
 1.91988e+00
 1.91988e+00
 1.91988e+00
 1.91988e+00
 1.91988e+00
 1.91988e+00
 1.91988e+00
 1.91988e+00
 1.91988e+00
 1.91988e+00
 1.91988e+00
 1.91988e+00
 1.91988e+00
 1.91988e+00
 1.91988e+00
 1.91988e+00
 1.91988e+00
 1.91988e+00
 1.91988e+00
 1.89191e+00
 1.89191e+00
 1.89191e+00
 1.89191e+00
 1.89191e+00
 1.89191e+00
 1.89191e+00
 1.89191e+00
 1.89191e+00
 1.89191e+00
 1.89191e+00
 1.89191e+00
 1.89191e+00
 1.89191e+00
 1.89191e+00
 1.89191e+00
 1.89191e+00
 1.89191e+00
 1.89191e+00
 1.89191e+00
 1.89191e+00
 1.89191e+00
 1.89191e+00
 1.89191e+00
 1.89191e+00
 1.86154e+00
 1.86154e+00
 1.86154e+00
 1.86154e+00
 1.86154e+00
 1.86154e+00
 1.86154e+00
 1.86154e+00
 1.86154e+00
 1.86154e+00
 1.86154e+00
 1.86154e+00
 1.86154e+00
 1.86154e+00
 1.86154e+00
 1.86154e+00
 1.86154e+00
 1.86154e+00
 1.86154e+00
 1.86154e+00
 1.86154e+00
 1.86154e+00
 1.86154e+00
 1.86154e+00
 1.86154e+00
 1.83575e+00
 1.83575e+00
 1.83575e+00
 1.83575e+00
 1.83575e+00
 1.83575e+00
 1.83575e+00
 1.83575e+00
 1.83575e+00
 1.83575e+00
 1.83575e+00
 1.83575e+00
 1.83575e+00
 1.83575e+00
 1.83575e+00
 1.83575e+00
 1.83575e+00
 1.83575e+00
 1.83575e+00
 1.83575e+00
 1.83575e+00
 1.83575e+00
 1.83575e+00
 1.83575e+00
 1.83575e+00
 1.82301e+00
 1.82301e+00
 1.82301e+00
 1.82301e+00
 1.82301e+00
 1.82301e+00
 1.82301e+00
 1.82301e+00
 1.82301e+00
 1.82301e+00
 1.82301e+00
 1.82301e+00
 1.82301e+00
 1.82301e+00
 1.82301e+00
 1.82301e+00
 1.82301e+00
 1.82301e+00
 1.82301e+00
 1.82301e+00
 1.82301e+00
 1.82301e+00
 1.82301e+00
 1.82301e+00
 1.82301e+00
 1.80550e+00
 1.80550e+00
 1.80550e+00
 1.80550e+00
 1.80550e+00
 1.80550e+00
 1.80550e+00
 1.80550e+00
 1.80550e+00
 1.80550e+00
 1.80550e+00
 1.80550e+00
 1.80550e+00
 1.80550e+00
 1.80550e+00
 1.80550e+00
 1.80550e+00
 1.80550e+00
 1.80550e+00
 1.80550e+00
 1.80550e+00
 1.80550e+00
 1.80550e+00
 1.80550e+00
 1.80550e+00
 1.78301e+00
 1.78301e+00
 1.78301e+00
 1.78301e+00
 1.78301e+00
 1.78301e+00
 1.78301e+00
 1.78301e+00
 1.78301e+00
 1.78301e+00
 1.78301e+00
 1.78301e+00
 1.78301e+00
 1.78301e+00
 1.78301e+00
 1.78301e+00
 1.78301e+00
 1.78301e+00
 1.78301e+00
 1.78301e+00
 1.78301e+00
 1.78301e+00
 1.78301e+00
 1.78301e+00
 1.78301e+00
 1.76927e+00
 1.76927e+00
 1.76927e+00
 1.76927e+00
 1.76927e+00
 1.76927e+00
 1.76927e+00
 1.76927e+00
 1.76927e+00
 1.76927e+00
 1.76927e+00
 1.76927e+00
 1.76927e+00
 1.76927e+00
 1.76927e+00
 1.76927e+00
 1.76927e+00
 1.76927e+00
 1.76927e+00
 1.76927e+00
 1.76927e+00
 1.76927e+00
 1.76927e+00
 1.76927e+00
 1.76927e+00
 1.77516e+00
 1.77516e+00
 1.77516e+00
 1.77516e+00
 1.77516e+00
 1.77516e+00
 1.77516e+00
 1.77516e+00
 1.77516e+00
 1.77516e+00
 1.77516e+00
 1.77516e+00
 1.77516e+00
 1.77516e+00
 1.77516e+00
 1.77516e+00
 1.77516e+00
 1.77516e+00
 1.77516e+00
 1.77516e+00
 1.77516e+00
 1.77516e+00
 1.77516e+00
 1.77516e+00
 1.77516e+00
 1.78045e+00
 1.78045e+00
 1.78045e+00
 1.78045e+00
 1.78045e+00
 1.78045e+00
 1.78045e+00
 1.78045e+00
 1.78045e+00
 1.78045e+00
 1.78045e+00
 1.78045e+00
 1.78045e+00
 1.78045e+00
 1.78045e+00
 1.78045e+00
 1.78045e+00
 1.78045e+00
 1.78045e+00
 1.78045e+00
 1.78045e+00
 1.78045e+00
 1.78045e+00
 1.78045e+00
 1.78045e+00
 1.77921e+00
 1.77921e+00
 1.77921e+00
 1.77921e+00
 1.77921e+00
 1.77921e+00
 1.77921e+00
 1.77921e+00
 1.77921e+00
 1.77921e+00
 1.77921e+00
 1.77921e+00
 1.77921e+00
 1.77921e+00
 1.77921e+00
 1.77921e+00
 1.77921e+00
 1.77921e+00
 1.77921e+00
 1.77921e+00
 1.77921e+00
 1.77921e+00
 1.77921e+00
 1.77921e+00
 1.77921e+00
 1.77634e+00
 1.77634e+00
 1.77634e+00
 1.77634e+00
 1.77634e+00
 1.77634e+00
 1.77634e+00
 1.77634e+00
 1.77634e+00
 1.77634e+00
 1.77634e+00
 1.77634e+00
 1.77634e+00
 1.77634e+00
 1.77634e+00
 1.77634e+00
 1.77634e+00
 1.77634e+00
 1.77634e+00
 1.77634e+00
 1.77634e+00
 1.77634e+00
 1.77634e+00
 1.77634e+00
 1.77634e+00
 1.77089e+00
 1.77089e+00
 1.77089e+00
 1.77089e+00
 1.77089e+00
 1.77089e+00
 1.77089e+00
 1.77089e+00
 1.77089e+00
 1.77089e+00
 1.77089e+00
 1.77089e+00
 1.77089e+00
 1.77089e+00
 1.77089e+00
 1.77089e+00
 1.77089e+00
 1.77089e+00
 1.77089e+00
 1.77089e+00
 1.77089e+00
 1.77089e+00
 1.77089e+00
 1.77089e+00
 1.77089e+00
 1.76983e+00
 1.76983e+00
 1.76983e+00
 1.76983e+00
 1.76983e+00
 1.76983e+00
 1.76983e+00
 1.76983e+00
 1.76983e+00
 1.76983e+00
 1.76983e+00
 1.76983e+00
 1.76983e+00
 1.76983e+00
 1.76983e+00
 1.76983e+00
 1.76983e+00
 1.76983e+00
 1.76983e+00
 1.76983e+00
 1.76983e+00
 1.76983e+00
 1.76983e+00
 1.76983e+00
 1.76983e+00
 1.77378e+00
 1.77378e+00
 1.77378e+00
 1.77378e+00
 1.77378e+00
 1.77378e+00
 1.77378e+00
 1.77378e+00
 1.77378e+00
 1.77378e+00
 1.77378e+00
 1.77378e+00
 1.77378e+00
 1.77378e+00
 1.77378e+00
 1.77378e+00
 1.77378e+00
 1.77378e+00
 1.77378e+00
 1.77378e+00
 1.77378e+00
 1.77378e+00
 1.77378e+00
 1.77378e+00
 1.77378e+00
 1.77893e+00
 1.77893e+00
 1.77893e+00
 1.77893e+00
 1.77893e+00
 1.77893e+00
 1.77893e+00
 1.77893e+00
 1.77893e+00
 1.77893e+00
 1.77893e+00
 1.77893e+00
 1.77893e+00
 1.77893e+00
 1.77893e+00
 1.77893e+00
 1.77893e+00
 1.77893e+00
 1.77893e+00
 1.77893e+00
 1.77893e+00
 1.77893e+00
 1.77893e+00
 1.77893e+00
 1.77893e+00
 1.78175e+00
 1.78175e+00
 1.78175e+00
 1.78175e+00
 1.78175e+00
 1.78175e+00
 1.78175e+00
 1.78175e+00
 1.78175e+00
 1.78175e+00
 1.78175e+00
 1.78175e+00
 1.78175e+00
 1.78175e+00
 1.78175e+00
 1.78175e+00
 1.78175e+00
 1.78175e+00
 1.78175e+00
 1.78175e+00
 1.78175e+00
 1.78175e+00
 1.78175e+00
 1.78175e+00
 1.78175e+00
 1.78077e+00
 1.78077e+00
 1.78077e+00
 1.78077e+00
 1.78077e+00
 1.78077e+00
 1.78077e+00
 1.78077e+00
 1.78077e+00
 1.78077e+00
 1.78077e+00
 1.78077e+00
 1.78077e+00
 1.78077e+00
 1.78077e+00
 1.78077e+00
 1.78077e+00
 1.78077e+00
 1.78077e+00
 1.78077e+00
 1.78077e+00
 1.78077e+00
 1.78077e+00
 1.78077e+00
 1.78077e+00
 1.77942e+00
 1.77942e+00
 1.77942e+00
 1.77942e+00
 1.77942e+00
 1.77942e+00
 1.77942e+00
 1.77942e+00
 1.77942e+00
 1.77942e+00
 1.77942e+00
 1.77942e+00
 1.77942e+00
 1.77942e+00
 1.77942e+00
 1.77942e+00
 1.77942e+00
 1.77942e+00
 1.77942e+00
 1.77942e+00
 1.77942e+00
 1.77942e+00
 1.77942e+00
 1.77942e+00
 1.77942e+00
 1.77823e+00
 1.77823e+00
 1.77823e+00
 1.77823e+00
 1.77823e+00
 1.77823e+00
 1.77823e+00
 1.77823e+00
 1.77823e+00
 1.77823e+00
 1.77823e+00
 1.77823e+00
 1.77823e+00
 1.77823e+00
 1.77823e+00
 1.77823e+00
 1.77823e+00
 1.77823e+00
 1.77823e+00
 1.77823e+00
 1.77823e+00
 1.77823e+00
 1.77823e+00
 1.77823e+00
 1.77823e+00
 1.78178e+00
 1.78178e+00
 1.78178e+00
 1.78178e+00
 1.78178e+00
 1.78178e+00
 1.78178e+00
 1.78178e+00
 1.78178e+00
 1.78178e+00
 1.78178e+00
 1.78178e+00
 1.78178e+00
 1.78178e+00
 1.78178e+00
 1.78178e+00
 1.78178e+00
 1.78178e+00
 1.78178e+00
 1.78178e+00
 1.78178e+00
 1.78178e+00
 1.78178e+00
 1.78178e+00
 1.78178e+00
 1.80185e+00
 1.80185e+00
 1.80185e+00
 1.80185e+00
 1.80185e+00
 1.80185e+00
 1.80185e+00
 1.80185e+00
 1.80185e+00
 1.80185e+00
 1.80185e+00
 1.80185e+00
 1.80185e+00
 1.80185e+00
 1.80185e+00
 1.80185e+00
 1.80185e+00
 1.80185e+00
 1.80185e+00
 1.80185e+00
 1.80185e+00
 1.80185e+00
 1.80185e+00
 1.80185e+00
 1.80185e+00
 1.86164e+00
 1.86164e+00
 1.86164e+00
 1.86164e+00
 1.86164e+00
 1.86164e+00
 1.86164e+00
 1.86164e+00
 1.86164e+00
 1.86164e+00
 1.86164e+00
 1.86164e+00
 1.86164e+00
 1.86164e+00
 1.86164e+00
 1.86164e+00
 1.86164e+00
 1.86164e+00
 1.86164e+00
 1.86164e+00
 1.86164e+00
 1.86164e+00
 1.86164e+00
 1.86164e+00
 1.86164e+00
 2.00527e+00
 2.00527e+00
 2.00527e+00
 2.00527e+00
 2.00527e+00
 2.00527e+00
 2.00527e+00
 2.00527e+00
 2.00527e+00
 2.00527e+00
 2.00527e+00
 2.00527e+00
 2.00527e+00
 2.00527e+00
 2.00527e+00
 2.00527e+00
 2.00527e+00
 2.00527e+00
 2.00527e+00
 2.00527e+00
 2.00527e+00
 2.00527e+00
 2.00527e+00
 2.00527e+00
 2.00527e+00
 2.32892e+00
 2.32892e+00
 2.32892e+00
 2.32892e+00
 2.32892e+00
 2.32892e+00
 2.32892e+00
 2.32892e+00
 2.32892e+00
 2.32892e+00
 2.32892e+00
 2.32892e+00
 2.32892e+00
 2.32892e+00
 2.32892e+00
 2.32892e+00
 2.32892e+00
 2.32892e+00
 2.32892e+00
 2.32892e+00
 2.32892e+00
 2.32892e+00
 2.32892e+00
 2.32892e+00
 2.32892e+00
 2.66911e+00
 2.66911e+00
 2.66911e+00
 2.66911e+00
 2.66911e+00
 2.66911e+00
 2.66911e+00
 2.66911e+00
 2.66911e+00
 2.66911e+00
 2.66911e+00
 2.66911e+00
 2.66911e+00
 2.66911e+00
 2.66911e+00
 2.66911e+00
 2.66911e+00
 2.66911e+00
 2.66911e+00
 2.66911e+00
 2.66911e+00
 2.66911e+00
 2.66911e+00
 2.66911e+00
 2.66911e+00
 2.81766e+00
 2.81766e+00
 2.81766e+00
 2.81766e+00
 2.81766e+00
 2.81766e+00
 2.81766e+00
 2.81766e+00
 2.81766e+00
 2.81766e+00
 2.81766e+00
 2.81766e+00
 2.81766e+00
 2.81766e+00
 2.81766e+00
 2.81766e+00
 2.81766e+00
 2.81766e+00
 2.81766e+00
 2.81766e+00
 2.81766e+00
 2.81766e+00
 2.81766e+00
 2.81766e+00
 2.81766e+00
 2.87101e+00
 2.87101e+00
 2.87101e+00
 2.87101e+00
 2.87101e+00
 2.87101e+00
 2.87101e+00
 2.87101e+00
 2.87101e+00
 2.87101e+00
 2.87101e+00
 2.87101e+00
 2.87101e+00
 2.87101e+00
 2.87101e+00
 2.87101e+00
 2.87101e+00
 2.87101e+00
 2.87101e+00
 2.87101e+00
 2.87101e+00
 2.87101e+00
 2.87101e+00
 2.87101e+00
 2.87101e+00
 2.88317e+00
 2.88317e+00
 2.88317e+00
 2.88317e+00
 2.88317e+00
 2.88317e+00
 2.88317e+00
 2.88317e+00
 2.88317e+00
 2.88317e+00
 2.88317e+00
 2.88317e+00
 2.88317e+00
 2.88317e+00
 2.88317e+00
 2.88317e+00
 2.88317e+00
 2.88317e+00
 2.88317e+00
 2.88317e+00
 2.88317e+00
 2.88317e+00
 2.88317e+00
 2.88317e+00
 2.88317e+00
 2.88080e+00
 2.88080e+00
 2.88080e+00
 2.88080e+00
 2.88080e+00
 2.88080e+00
 2.88080e+00
 2.88080e+00
 2.88080e+00
 2.88080e+00
 2.88080e+00
 2.88080e+00
 2.88080e+00
 2.88080e+00
 2.88080e+00
 2.88080e+00
 2.88080e+00
 2.88080e+00
 2.88080e+00
 2.88080e+00
 2.88080e+00
 2.88080e+00
 2.88080e+00
 2.88080e+00
 2.88080e+00
 2.87477e+00
 2.87477e+00
 2.87477e+00
 2.87477e+00
 2.87477e+00
 2.87477e+00
 2.87477e+00
 2.87477e+00
 2.87477e+00
 2.87477e+00
 2.87477e+00
 2.87477e+00
 2.87477e+00
 2.87477e+00
 2.87477e+00
 2.87477e+00
 2.87477e+00
 2.87477e+00
 2.87477e+00
 2.87477e+00
 2.87477e+00
 2.87477e+00
 2.87477e+00
 2.87477e+00
 2.87477e+00
 2.86842e+00
 2.86842e+00
 2.86842e+00
 2.86842e+00
 2.86842e+00
 2.86842e+00
 2.86842e+00
 2.86842e+00
 2.86842e+00
 2.86842e+00
 2.86842e+00
 2.86842e+00
 2.86842e+00
 2.86842e+00
 2.86842e+00
 2.86842e+00
 2.86842e+00
 2.86842e+00
 2.86842e+00
 2.86842e+00
 2.86842e+00
 2.86842e+00
 2.86842e+00
 2.86842e+00
 2.86842e+00
 2.86304e+00
 2.86304e+00
 2.86304e+00
 2.86304e+00
 2.86304e+00
 2.86304e+00
 2.86304e+00
 2.86304e+00
 2.86304e+00
 2.86304e+00
 2.86304e+00
 2.86304e+00
 2.86304e+00
 2.86304e+00
 2.86304e+00
 2.86304e+00
 2.86304e+00
 2.86304e+00
 2.86304e+00
 2.86304e+00
 2.86304e+00
 2.86304e+00
 2.86304e+00
 2.86304e+00
 2.86304e+00
 2.85878e+00
 2.85878e+00
 2.85878e+00
 2.85878e+00
 2.85878e+00
 2.85878e+00
 2.85878e+00
 2.85878e+00
 2.85878e+00
 2.85878e+00
 2.85878e+00
 2.85878e+00
 2.85878e+00
 2.85878e+00
 2.85878e+00
 2.85878e+00
 2.85878e+00
 2.85878e+00
 2.85878e+00
 2.85878e+00
 2.85878e+00
 2.85878e+00
 2.85878e+00
 2.85878e+00
 2.85878e+00
 2.85392e+00
 2.85392e+00
 2.85392e+00
 2.85392e+00
 2.85392e+00
 2.85392e+00
 2.85392e+00
 2.85392e+00
 2.85392e+00
 2.85392e+00
 2.85392e+00
 2.85392e+00
 2.85392e+00
 2.85392e+00
 2.85392e+00
 2.85392e+00
 2.85392e+00
 2.85392e+00
 2.85392e+00
 2.85392e+00
 2.85392e+00
 2.85392e+00
 2.85392e+00
 2.85392e+00
 2.85392e+00
 2.84692e+00
 2.84692e+00
 2.84692e+00
 2.84692e+00
 2.84692e+00
 2.84692e+00
 2.84692e+00
 2.84692e+00
 2.84692e+00
 2.84692e+00
 2.84692e+00
 2.84692e+00
 2.84692e+00
 2.84692e+00
 2.84692e+00
 2.84692e+00
 2.84692e+00
 2.84692e+00
 2.84692e+00
 2.84692e+00
 2.84692e+00
 2.84692e+00
 2.84692e+00
 2.84692e+00
 2.84692e+00
 2.83791e+00
 2.83791e+00
 2.83791e+00
 2.83791e+00
 2.83791e+00
 2.83791e+00
 2.83791e+00
 2.83791e+00
 2.83791e+00
 2.83791e+00
 2.83791e+00
 2.83791e+00
 2.83791e+00
 2.83791e+00
 2.83791e+00
 2.83791e+00
 2.83791e+00
 2.83791e+00
 2.83791e+00
 2.83791e+00
 2.83791e+00
 2.83791e+00
 2.83791e+00
 2.83791e+00
 2.83791e+00
 2.82040e+00
 2.82040e+00
 2.82040e+00
 2.82040e+00
 2.82040e+00
 2.82040e+00
 2.82040e+00
 2.82040e+00
 2.82040e+00
 2.82040e+00
 2.82040e+00
 2.82040e+00
 2.82040e+00
 2.82040e+00
 2.82040e+00
 2.82040e+00
 2.82040e+00
 2.82040e+00
 2.82040e+00
 2.82040e+00
 2.82040e+00
 2.82040e+00
 2.82040e+00
 2.82040e+00
 2.82040e+00
 2.78324e+00
 2.78324e+00
 2.78324e+00
 2.78324e+00
 2.78324e+00
 2.78324e+00
 2.78324e+00
 2.78324e+00
 2.78324e+00
 2.78324e+00
 2.78324e+00
 2.78324e+00
 2.78324e+00
 2.78324e+00
 2.78324e+00
 2.78324e+00
 2.78324e+00
 2.78324e+00
 2.78324e+00
 2.78324e+00
 2.78324e+00
 2.78324e+00
 2.78324e+00
 2.78324e+00
 2.78324e+00
 2.71134e+00
 2.71134e+00
 2.71134e+00
 2.71134e+00
 2.71134e+00
 2.71134e+00
 2.71134e+00
 2.71134e+00
 2.71134e+00
 2.71134e+00
 2.71134e+00
 2.71134e+00
 2.71134e+00
 2.71134e+00
 2.71134e+00
 2.71134e+00
 2.71134e+00
 2.71134e+00
 2.71134e+00
 2.71134e+00
 2.71134e+00
 2.71134e+00
 2.71134e+00
 2.71134e+00
 2.71134e+00
 2.59012e+00
 2.59012e+00
 2.59012e+00
 2.59012e+00
 2.59012e+00
 2.59012e+00
 2.59012e+00
 2.59012e+00
 2.59012e+00
 2.59012e+00
 2.59012e+00
 2.59012e+00
 2.59012e+00
 2.59012e+00
 2.59012e+00
 2.59012e+00
 2.59012e+00
 2.59012e+00
 2.59012e+00
 2.59012e+00
 2.59012e+00
 2.59012e+00
 2.59012e+00
 2.59012e+00
 2.59012e+00
 2.42880e+00
 2.42880e+00
 2.42880e+00
 2.42880e+00
 2.42880e+00
 2.42880e+00
 2.42880e+00
 2.42880e+00
 2.42880e+00
 2.42880e+00
 2.42880e+00
 2.42880e+00
 2.42880e+00
 2.42880e+00
 2.42880e+00
 2.42880e+00
 2.42880e+00
 2.42880e+00
 2.42880e+00
 2.42880e+00
 2.42880e+00
 2.42880e+00
 2.42880e+00
 2.42880e+00
 2.42880e+00
 2.26539e+00
 2.26539e+00
 2.26539e+00
 2.26539e+00
 2.26539e+00
 2.26539e+00
 2.26539e+00
 2.26539e+00
 2.26539e+00
 2.26539e+00
 2.26539e+00
 2.26539e+00
 2.26539e+00
 2.26539e+00
 2.26539e+00
 2.26539e+00
 2.26539e+00
 2.26539e+00
 2.26539e+00
 2.26539e+00
 2.26539e+00
 2.26539e+00
 2.26539e+00
 2.26539e+00
 2.26539e+00
 2.13463e+00
 2.13463e+00
 2.13463e+00
 2.13463e+00
 2.13463e+00
 2.13463e+00
 2.13463e+00
 2.13463e+00
 2.13463e+00
 2.13463e+00
 2.13463e+00
 2.13463e+00
 2.13463e+00
 2.13463e+00
 2.13463e+00
 2.13463e+00
 2.13463e+00
 2.13463e+00
 2.13463e+00
 2.13463e+00
 2.13463e+00
 2.13463e+00
 2.13463e+00
 2.13463e+00
 2.13463e+00
 2.05453e+00
 2.05453e+00
 2.05453e+00
 2.05453e+00
 2.05453e+00
 2.05453e+00
 2.05453e+00
 2.05453e+00
 2.05453e+00
 2.05453e+00
 2.05453e+00
 2.05453e+00
 2.05453e+00
 2.05453e+00
 2.05453e+00
 2.05453e+00
 2.05453e+00
 2.05453e+00
 2.05453e+00
 2.05453e+00
 2.05453e+00
 2.05453e+00
 2.05453e+00
 2.05453e+00
 2.05453e+00
 2.01775e+00
 2.01775e+00
 2.01775e+00
 2.01775e+00
 2.01775e+00
 2.01775e+00
 2.01775e+00
 2.01775e+00
 2.01775e+00
 2.01775e+00
 2.01775e+00
 2.01775e+00
 2.01775e+00
 2.01775e+00
 2.01775e+00
 2.01775e+00
 2.01775e+00
 2.01775e+00
 2.01775e+00
 2.01775e+00
 2.01775e+00
 2.01775e+00
 2.01775e+00
 2.01775e+00
 2.01775e+00
 2.00497e+00
 2.00497e+00
 2.00497e+00
 2.00497e+00
 2.00497e+00
 2.00497e+00
 2.00497e+00
 2.00497e+00
 2.00497e+00
 2.00497e+00
 2.00497e+00
 2.00497e+00
 2.00497e+00
 2.00497e+00
 2.00497e+00
 2.00497e+00
 2.00497e+00
 2.00497e+00
 2.00497e+00
 2.00497e+00
 2.00497e+00
 2.00497e+00
 2.00497e+00
 2.00497e+00
 2.00497e+00
 2.00129e+00
 2.00129e+00
 2.00129e+00
 2.00129e+00
 2.00129e+00
 2.00129e+00
 2.00129e+00
 2.00129e+00
 2.00129e+00
 2.00129e+00
 2.00129e+00
 2.00129e+00
 2.00129e+00
 2.00129e+00
 2.00129e+00
 2.00129e+00
 2.00129e+00
 2.00129e+00
 2.00129e+00
 2.00129e+00
 2.00129e+00
 2.00129e+00
 2.00129e+00
 2.00129e+00
 2.00129e+00
 2.00033e+00
 2.00033e+00
 2.00033e+00
 2.00033e+00
 2.00033e+00
 2.00033e+00
 2.00033e+00
 2.00033e+00
 2.00033e+00
 2.00033e+00
 2.00033e+00
 2.00033e+00
 2.00033e+00
 2.00033e+00
 2.00033e+00
 2.00033e+00
 2.00033e+00
 2.00033e+00
 2.00033e+00
 2.00033e+00
 2.00033e+00
 2.00033e+00
 2.00033e+00
 2.00033e+00
 2.00033e+00
 2.00008e+00
 2.00008e+00
 2.00008e+00
 2.00008e+00
 2.00008e+00
 2.00008e+00
 2.00008e+00
 2.00008e+00
 2.00008e+00
 2.00008e+00
 2.00008e+00
 2.00008e+00
 2.00008e+00
 2.00008e+00
 2.00008e+00
 2.00008e+00
 2.00008e+00
 2.00008e+00
 2.00008e+00
 2.00008e+00
 2.00008e+00
 2.00008e+00
 2.00008e+00
 2.00008e+00
 2.00008e+00
 2.00002e+00
 2.00002e+00
 2.00002e+00
 2.00002e+00
 2.00002e+00
 2.00002e+00
 2.00002e+00
 2.00002e+00
 2.00002e+00
 2.00002e+00
 2.00002e+00
 2.00002e+00
 2.00002e+00
 2.00002e+00
 2.00002e+00
 2.00002e+00
 2.00002e+00
 2.00002e+00
 2.00002e+00
 2.00002e+00
 2.00002e+00
 2.00002e+00
 2.00002e+00
 2.00002e+00
 2.00002e+00
 2.00000e+00
 2.00000e+00
 2.00000e+00
 2.00000e+00
 2.00000e+00
 2.00000e+00
 2.00000e+00
 2.00000e+00
 2.00000e+00
 2.00000e+00
 2.00000e+00
 2.00000e+00
 2.00000e+00
 2.00000e+00
 2.00000e+00
 2.00000e+00
 2.00000e+00
 2.00000e+00
 2.00000e+00
 2.00000e+00
 2.00000e+00
 2.00000e+00
 2.00000e+00
 2.00000e+00
 2.00000e+00
 2.00000e+00
 2.00000e+00
 2.00000e+00
 2.00000e+00
 2.00000e+00
 2.00000e+00
 2.00000e+00
 2.00000e+00
 2.00000e+00
 2.00000e+00
 2.00000e+00
 2.00000e+00
 2.00000e+00
 2.00000e+00
 2.00000e+00
 2.00000e+00
 2.00000e+00
 2.00000e+00
 2.00000e+00
 2.00000e+00
 2.00000e+00
 2.00000e+00
 2.00000e+00
 2.00000e+00
 2.00000e+00
 2.00000e+00
 2.00000e+00
 2.00000e+00
 2.00000e+00
 2.00000e+00
 2.00000e+00
 2.00000e+00
 2.00000e+00
 2.00000e+00
 2.00000e+00
 2.00000e+00
 2.00000e+00
 2.00000e+00
 2.00000e+00
 2.00000e+00
 2.00000e+00
 2.00000e+00
 2.00000e+00
 2.00000e+00
 2.00000e+00
 2.00000e+00
 2.00000e+00
 2.00000e+00
 2.00000e+00
 2.00000e+00
 2.00000e+00
 2.00000e+00
 2.00000e+00
 2.00000e+00
 2.00000e+00
 2.00000e+00
 2.00000e+00
 2.00000e+00
 2.00000e+00
 2.00000e+00
 2.00000e+00
 2.00000e+00
 2.00000e+00
 2.00000e+00
 2.00000e+00
 2.00000e+00
 2.00000e+00
 2.00000e+00
 2.00000e+00
 2.00000e+00
 2.00000e+00
 2.00000e+00
 2.00000e+00
 2.00000e+00
 2.00000e+00
 2.00000e+00
 2.00000e+00
 2.00000e+00
 2.00000e+00
 2.00000e+00
 2.00000e+00
 2.00000e+00
 2.00000e+00
 2.00000e+00
 2.00000e+00
 2.00000e+00
 2.00000e+00
 2.00000e+00
 2.00000e+00
 2.00000e+00
 2.00000e+00
 2.00000e+00
 2.00000e+00
 2.00000e+00
 2.00000e+00
 2.00000e+00
 2.00000e+00
 2.00000e+00
 2.00000e+00
 2.00000e+00
