PseudoViscosity
part
         1
hexa8
 9.64333e-16
 9.64333e-16
 1.92867e-15
 9.64333e-16
 1.92867e-15
 9.64333e-16
 1.20612e-31
 7.90571e-32
 5.86667e-31
 1.92867e-15
 7.90591e-32
 2.48715e-47
 1.94521e-31
 4.81050e-31
 9.64333e-16
 1.92867e-15
 9.64333e-16
 9.64333e-16
 1.92867e-15
 5.64602e-32
 5.32303e-31
 1.75888e-31
 1.94276e-31
 2.10186e-31
 0.00000e+00
 9.64333e-16
 1.92867e-15
 9.64333e-16
 3.77217e-31
 0.00000e+00
 2.70737e-32
 9.68386e-32
 5.45364e-32
 9.64333e-16
 1.92867e-15
 9.64333e-16
 9.64333e-16
 1.92867e-15
 2.07010e-31
 9.64333e-16
 9.51004e-32
 1.07305e-31
 2.15472e-31
 9.64333e-16
 9.13414e-32
 2.49049e-31
 1.92867e-15
 3.98207e-47
 1.38904e-32
 0.00000e+00
 0.00000e+00
 5.24959e-32
 3.73989e-31
 1.34777e-46
 1.26429e-30
 1.34015e-47
 1.21432e-31
 3.78077e-31
 1.88017e-31
 1.92867e-15
 3.64078e-31
 9.64333e-16
 1.92867e-15
 3.63764e-31
 2.89300e-15
 1.58441e-46
 1.15410e-31
 1.20705e-30
 3.03232e-31
 8.59262e-31
 1.92867e-15
 5.97812e-31
 3.16777e-31
 1.92867e-15
 9.64333e-16
 4.23254e-32
 9.64333e-16
 9.64333e-16
 1.92867e-15
 1.92867e-15
 3.10268e-32
 1.59852e-31
 9.64333e-16
 3.99042e-32
 5.63230e-31
 2.89300e-15
 9.64333e-16
 6.85716e-32
 9.64333e-16
 2.89300e-15
 2.80638e-31
 5.13755e-31
 1.92867e-15
 9.64333e-16
 6.88388e-31
 9.49601e-32
 9.64333e-16
 2.33418e-31
 1.24754e-30
 0.00000e+00
 0.00000e+00
 0.00000e+00
 0.00000e+00
 9.64333e-16
 2.88204e-31
 0.00000e+00
 0.00000e+00
 0.00000e+00
 1.92867e-15
 9.64333e-16
 9.64333e-16
 9.88703e-32
 1.02291e-48
 2.00053e-31
 1.77314e-31
 2.00231e-31
 9.64333e-16
 2.89300e-15
 5.88830e-31
 2.06199e-48
 9.64333e-16
 9.64333e-16
 1.92867e-15
 2.89300e-15
 2.89300e-15
 6.20567e-31
 1.01800e-46
 1.17494e-32
 2.89300e-15
 9.64333e-16
 3.36337e-47
 4.05600e-63
 8.77521e-31
 3.21727e-31
 6.75683e-31
 0.00000e+00
 0.00000e+00
 2.50040e-31
 1.46757e-47
 5.94720e-47
 7.01270e-31
 1.30750e-46
 1.60650e-30
 5.79031e-32
 3.31763e-48
 3.16321e-31
 2.44830e-31
 5.84010e-31
 9.64333e-16
 1.92867e-15
 1.92867e-15
 0.00000e+00
 9.00908e-47
 1.08324e-30
 1.92867e-15
 7.26681e-32
 2.39852e-31
 1.92867e-15
 4.39857e-32
 9.64333e-16
 4.94442e-32
 1.62471e-31
 9.64333e-16
 9.64333e-16
 1.34936e-31
 1.92867e-15
 3.38259e-31
 2.89300e-15
 3.54046e-31
 0.00000e+00
 2.89300e-15
 2.89300e-15
 2.82734e-31
 5.22777e-31
 9.64333e-16
 0.00000e+00
 0.00000e+00
 0.00000e+00
 2.38544e-48
 4.80159e-31
 9.22022e-33
 7.15161e-31
 1.92867e-15
 5.34427e-47
 5.11196e-31
 9.64333e-16
 9.64333e-16
 3.35594e-33
 3.61014e-31
 1.63551e-47
 4.31562e-31
 1.05722e-31
 0.00000e+00
 0.00000e+00
 0.00000e+00
 9.98039e-31
 1.82631e-30
 1.63664e-46
 1.65112e-31
 9.64333e-16
 0.00000e+00
 0.00000e+00
 0.00000e+00
 0.00000e+00
 9.64333e-16
 0.00000e+00
 6.10376e-33
 0.00000e+00
 0.00000e+00
 9.64333e-16
 2.94676e-31
 9.64333e-16
 0.00000e+00
 0.00000e+00
 2.03990e-31
 1.92867e-15
 1.45209e-31
 1.21284e-48
 0.00000e+00
 0.00000e+00
 7.74662e-33
 0.00000e+00
 0.00000e+00
 2.37811e-47
 1.43424e-31
 0.00000e+00
 0.00000e+00
 0.00000e+00
 7.46269e-48
 2.37921e-31
 0.00000e+00
 1.35346e-48
 6.37124e-65
 1.21459e-47
 1.39256e-31
 1.02592e-46
 9.14277e-31
 0.00000e+00
 3.79934e-63
 2.53044e-47
 1.28201e-30
 6.41973e-47
 2.94456e-64
 0.00000e+00
 0.00000e+00
 1.12861e-47
 0.00000e+00
 0.00000e+00
 0.00000e+00
 0.00000e+00
 0.00000e+00
 0.00000e+00
 0.00000e+00
 0.00000e+00
 0.00000e+00
 0.00000e+00
 0.00000e+00
 0.00000e+00
 0.00000e+00
 0.00000e+00
 0.00000e+00
 0.00000e+00
 0.00000e+00
 0.00000e+00
 0.00000e+00
 0.00000e+00
 0.00000e+00
 0.00000e+00
 0.00000e+00
 0.00000e+00
 0.00000e+00
 0.00000e+00
 0.00000e+00
 0.00000e+00
 0.00000e+00
 0.00000e+00
 0.00000e+00
 0.00000e+00
 0.00000e+00
 0.00000e+00
 0.00000e+00
 0.00000e+00
 0.00000e+00
 0.00000e+00
 0.00000e+00
 0.00000e+00
 0.00000e+00
 0.00000e+00
 0.00000e+00
 0.00000e+00
 0.00000e+00
 0.00000e+00
 0.00000e+00
 0.00000e+00
 0.00000e+00
 0.00000e+00
 0.00000e+00
 0.00000e+00
 0.00000e+00
 0.00000e+00
 0.00000e+00
 0.00000e+00
 0.00000e+00
 0.00000e+00
 0.00000e+00
 0.00000e+00
 0.00000e+00
 0.00000e+00
 0.00000e+00
 0.00000e+00
 0.00000e+00
 0.00000e+00
 0.00000e+00
 0.00000e+00
 0.00000e+00
 0.00000e+00
 0.00000e+00
 0.00000e+00
 0.00000e+00
 0.00000e+00
 0.00000e+00
 0.00000e+00
 0.00000e+00
 0.00000e+00
 0.00000e+00
 0.00000e+00
 0.00000e+00
 0.00000e+00
 0.00000e+00
 0.00000e+00
 0.00000e+00
 0.00000e+00
 0.00000e+00
 0.00000e+00
 0.00000e+00
 0.00000e+00
 0.00000e+00
 0.00000e+00
 0.00000e+00
 0.00000e+00
 0.00000e+00
 0.00000e+00
 0.00000e+00
 0.00000e+00
 0.00000e+00
 0.00000e+00
 0.00000e+00
 0.00000e+00
 0.00000e+00
 0.00000e+00
 0.00000e+00
 0.00000e+00
 0.00000e+00
 0.00000e+00
 0.00000e+00
 0.00000e+00
 0.00000e+00
 0.00000e+00
 0.00000e+00
 0.00000e+00
 0.00000e+00
 0.00000e+00
 0.00000e+00
 0.00000e+00
 0.00000e+00
 0.00000e+00
 0.00000e+00
 0.00000e+00
 0.00000e+00
 0.00000e+00
 0.00000e+00
 0.00000e+00
 0.00000e+00
 0.00000e+00
 0.00000e+00
 0.00000e+00
 0.00000e+00
 0.00000e+00
 0.00000e+00
 0.00000e+00
 0.00000e+00
 0.00000e+00
 0.00000e+00
 0.00000e+00
 0.00000e+00
 0.00000e+00
 0.00000e+00
 0.00000e+00
 0.00000e+00
 0.00000e+00
 0.00000e+00
 0.00000e+00
 0.00000e+00
 0.00000e+00
 0.00000e+00
 0.00000e+00
 0.00000e+00
 0.00000e+00
 0.00000e+00
 0.00000e+00
 0.00000e+00
 0.00000e+00
 0.00000e+00
 0.00000e+00
 0.00000e+00
 0.00000e+00
 0.00000e+00
 0.00000e+00
 0.00000e+00
 0.00000e+00
 0.00000e+00
 0.00000e+00
 0.00000e+00
 0.00000e+00
 0.00000e+00
 0.00000e+00
 0.00000e+00
 0.00000e+00
 0.00000e+00
 0.00000e+00
 0.00000e+00
 0.00000e+00
 0.00000e+00
 0.00000e+00
 0.00000e+00
 0.00000e+00
 0.00000e+00
 0.00000e+00
 0.00000e+00
 0.00000e+00
 0.00000e+00
 0.00000e+00
 0.00000e+00
 0.00000e+00
 0.00000e+00
 0.00000e+00
 0.00000e+00
 0.00000e+00
 0.00000e+00
 0.00000e+00
 0.00000e+00
 0.00000e+00
 0.00000e+00
 0.00000e+00
 0.00000e+00
 0.00000e+00
 0.00000e+00
 0.00000e+00
 0.00000e+00
 0.00000e+00
 0.00000e+00
 0.00000e+00
 0.00000e+00
 0.00000e+00
 0.00000e+00
 0.00000e+00
 0.00000e+00
 0.00000e+00
 0.00000e+00
 0.00000e+00
 0.00000e+00
 0.00000e+00
 0.00000e+00
 0.00000e+00
 0.00000e+00
 0.00000e+00
 0.00000e+00
 0.00000e+00
 0.00000e+00
 0.00000e+00
 0.00000e+00
 0.00000e+00
 0.00000e+00
 0.00000e+00
 0.00000e+00
 0.00000e+00
 0.00000e+00
 0.00000e+00
 0.00000e+00
 0.00000e+00
 0.00000e+00
 0.00000e+00
 0.00000e+00
 0.00000e+00
 0.00000e+00
 0.00000e+00
 0.00000e+00
 0.00000e+00
 0.00000e+00
 0.00000e+00
 0.00000e+00
 0.00000e+00
 0.00000e+00
 0.00000e+00
 0.00000e+00
 0.00000e+00
 0.00000e+00
 0.00000e+00
 0.00000e+00
 0.00000e+00
 0.00000e+00
 0.00000e+00
 0.00000e+00
 0.00000e+00
 0.00000e+00
 0.00000e+00
 0.00000e+00
 0.00000e+00
 0.00000e+00
 0.00000e+00
 0.00000e+00
 0.00000e+00
 0.00000e+00
 0.00000e+00
 0.00000e+00
 0.00000e+00
 0.00000e+00
 0.00000e+00
 0.00000e+00
 0.00000e+00
 0.00000e+00
 0.00000e+00
 0.00000e+00
 0.00000e+00
 0.00000e+00
 0.00000e+00
 0.00000e+00
 0.00000e+00
 0.00000e+00
 0.00000e+00
 0.00000e+00
 0.00000e+00
 0.00000e+00
 0.00000e+00
 0.00000e+00
 0.00000e+00
 0.00000e+00
 0.00000e+00
 0.00000e+00
 0.00000e+00
 0.00000e+00
 0.00000e+00
 0.00000e+00
 0.00000e+00
 0.00000e+00
 0.00000e+00
 0.00000e+00
 0.00000e+00
 0.00000e+00
 0.00000e+00
 0.00000e+00
 0.00000e+00
 0.00000e+00
 0.00000e+00
 0.00000e+00
 0.00000e+00
 0.00000e+00
 0.00000e+00
 0.00000e+00
 0.00000e+00
 0.00000e+00
 0.00000e+00
 0.00000e+00
 0.00000e+00
 0.00000e+00
 0.00000e+00
 0.00000e+00
 0.00000e+00
 0.00000e+00
 0.00000e+00
 0.00000e+00
 0.00000e+00
 0.00000e+00
 0.00000e+00
 0.00000e+00
 0.00000e+00
 0.00000e+00
 0.00000e+00
 0.00000e+00
 0.00000e+00
 0.00000e+00
 0.00000e+00
 0.00000e+00
 0.00000e+00
 0.00000e+00
 0.00000e+00
 0.00000e+00
 0.00000e+00
 0.00000e+00
 0.00000e+00
 0.00000e+00
 0.00000e+00
 0.00000e+00
 0.00000e+00
 0.00000e+00
 0.00000e+00
 0.00000e+00
 0.00000e+00
 0.00000e+00
 0.00000e+00
 0.00000e+00
 0.00000e+00
 0.00000e+00
 0.00000e+00
 0.00000e+00
 0.00000e+00
 0.00000e+00
 0.00000e+00
 0.00000e+00
 0.00000e+00
 0.00000e+00
 0.00000e+00
 0.00000e+00
 0.00000e+00
 0.00000e+00
 0.00000e+00
 0.00000e+00
 0.00000e+00
 0.00000e+00
 0.00000e+00
 0.00000e+00
 0.00000e+00
 0.00000e+00
 0.00000e+00
 0.00000e+00
part
         2
hexa8
 0.00000e+00
 0.00000e+00
 0.00000e+00
 0.00000e+00
 0.00000e+00
 0.00000e+00
 0.00000e+00
 0.00000e+00
 0.00000e+00
 0.00000e+00
 0.00000e+00
 0.00000e+00
 0.00000e+00
 0.00000e+00
 0.00000e+00
 0.00000e+00
 0.00000e+00
 0.00000e+00
 0.00000e+00
 0.00000e+00
 0.00000e+00
 0.00000e+00
 0.00000e+00
 0.00000e+00
 0.00000e+00
 0.00000e+00
 0.00000e+00
 0.00000e+00
 0.00000e+00
 0.00000e+00
 0.00000e+00
 0.00000e+00
 0.00000e+00
 0.00000e+00
 0.00000e+00
 0.00000e+00
 0.00000e+00
 0.00000e+00
 0.00000e+00
 0.00000e+00
 0.00000e+00
 0.00000e+00
 0.00000e+00
 0.00000e+00
 0.00000e+00
 0.00000e+00
 0.00000e+00
 0.00000e+00
 0.00000e+00
 0.00000e+00
 0.00000e+00
 0.00000e+00
 0.00000e+00
 0.00000e+00
 0.00000e+00
 0.00000e+00
 0.00000e+00
 0.00000e+00
 0.00000e+00
 0.00000e+00
 0.00000e+00
 0.00000e+00
 0.00000e+00
 0.00000e+00
 0.00000e+00
 0.00000e+00
 0.00000e+00
 0.00000e+00
 0.00000e+00
 0.00000e+00
 0.00000e+00
 0.00000e+00
 0.00000e+00
 0.00000e+00
 0.00000e+00
 0.00000e+00
 0.00000e+00
 0.00000e+00
 0.00000e+00
 0.00000e+00
 0.00000e+00
 0.00000e+00
 0.00000e+00
 0.00000e+00
 0.00000e+00
 0.00000e+00
 0.00000e+00
 0.00000e+00
 0.00000e+00
 0.00000e+00
 0.00000e+00
 0.00000e+00
 0.00000e+00
 0.00000e+00
 0.00000e+00
 0.00000e+00
 0.00000e+00
 0.00000e+00
 0.00000e+00
 0.00000e+00
 0.00000e+00
 0.00000e+00
 0.00000e+00
 0.00000e+00
 0.00000e+00
 0.00000e+00
 0.00000e+00
 0.00000e+00
 0.00000e+00
 0.00000e+00
 0.00000e+00
 0.00000e+00
 0.00000e+00
 0.00000e+00
 0.00000e+00
 0.00000e+00
 0.00000e+00
 0.00000e+00
 0.00000e+00
 0.00000e+00
 0.00000e+00
 0.00000e+00
 0.00000e+00
 0.00000e+00
 0.00000e+00
 0.00000e+00
 0.00000e+00
 0.00000e+00
 0.00000e+00
 0.00000e+00
 0.00000e+00
 0.00000e+00
 0.00000e+00
 0.00000e+00
 0.00000e+00
 0.00000e+00
 0.00000e+00
 0.00000e+00
 0.00000e+00
 0.00000e+00
 0.00000e+00
 0.00000e+00
 0.00000e+00
 0.00000e+00
 0.00000e+00
 0.00000e+00
 0.00000e+00
 0.00000e+00
 0.00000e+00
 0.00000e+00
 0.00000e+00
 0.00000e+00
 0.00000e+00
 0.00000e+00
 0.00000e+00
 0.00000e+00
 0.00000e+00
 0.00000e+00
 0.00000e+00
 0.00000e+00
 0.00000e+00
 0.00000e+00
 0.00000e+00
 0.00000e+00
 0.00000e+00
 0.00000e+00
 0.00000e+00
 0.00000e+00
 0.00000e+00
 0.00000e+00
 0.00000e+00
 0.00000e+00
 0.00000e+00
 0.00000e+00
 0.00000e+00
 0.00000e+00
 0.00000e+00
 0.00000e+00
 0.00000e+00
 0.00000e+00
 0.00000e+00
 0.00000e+00
 0.00000e+00
 0.00000e+00
 0.00000e+00
 0.00000e+00
 0.00000e+00
 0.00000e+00
 0.00000e+00
 0.00000e+00
 0.00000e+00
 0.00000e+00
 0.00000e+00
 0.00000e+00
 0.00000e+00
 0.00000e+00
 0.00000e+00
 0.00000e+00
 0.00000e+00
 0.00000e+00
 0.00000e+00
 0.00000e+00
 0.00000e+00
 0.00000e+00
 0.00000e+00
 0.00000e+00
 0.00000e+00
 0.00000e+00
 0.00000e+00
 0.00000e+00
 0.00000e+00
 0.00000e+00
 0.00000e+00
 0.00000e+00
 0.00000e+00
 0.00000e+00
 0.00000e+00
 0.00000e+00
 0.00000e+00
 0.00000e+00
 0.00000e+00
 0.00000e+00
 0.00000e+00
 0.00000e+00
 0.00000e+00
 0.00000e+00
 0.00000e+00
 0.00000e+00
 0.00000e+00
 0.00000e+00
 0.00000e+00
 0.00000e+00
 0.00000e+00
 0.00000e+00
 0.00000e+00
 0.00000e+00
 0.00000e+00
 0.00000e+00
 0.00000e+00
 0.00000e+00
 0.00000e+00
 0.00000e+00
 0.00000e+00
 0.00000e+00
 0.00000e+00
 0.00000e+00
 0.00000e+00
 0.00000e+00
 0.00000e+00
 0.00000e+00
 0.00000e+00
 0.00000e+00
 0.00000e+00
 0.00000e+00
 0.00000e+00
 0.00000e+00
 0.00000e+00
 0.00000e+00
 0.00000e+00
 0.00000e+00
 0.00000e+00
 0.00000e+00
 0.00000e+00
 0.00000e+00
 0.00000e+00
 0.00000e+00
 0.00000e+00
 0.00000e+00
 0.00000e+00
 0.00000e+00
 0.00000e+00
 0.00000e+00
 0.00000e+00
 0.00000e+00
 0.00000e+00
 0.00000e+00
 0.00000e+00
 0.00000e+00
 0.00000e+00
 0.00000e+00
 0.00000e+00
 0.00000e+00
 0.00000e+00
 0.00000e+00
 0.00000e+00
 0.00000e+00
 0.00000e+00
 0.00000e+00
 0.00000e+00
 0.00000e+00
 0.00000e+00
 0.00000e+00
 0.00000e+00
 0.00000e+00
 0.00000e+00
 0.00000e+00
 0.00000e+00
 0.00000e+00
 0.00000e+00
 0.00000e+00
 0.00000e+00
 0.00000e+00
 0.00000e+00
 0.00000e+00
 0.00000e+00
 0.00000e+00
 0.00000e+00
 0.00000e+00
 0.00000e+00
 0.00000e+00
 0.00000e+00
 0.00000e+00
 0.00000e+00
 0.00000e+00
 0.00000e+00
 0.00000e+00
 0.00000e+00
 0.00000e+00
 0.00000e+00
 0.00000e+00
 0.00000e+00
 0.00000e+00
 0.00000e+00
 0.00000e+00
 0.00000e+00
 0.00000e+00
 0.00000e+00
 0.00000e+00
 0.00000e+00
 0.00000e+00
 0.00000e+00
 0.00000e+00
 0.00000e+00
 0.00000e+00
 0.00000e+00
 0.00000e+00
 0.00000e+00
 0.00000e+00
 0.00000e+00
 0.00000e+00
 0.00000e+00
 0.00000e+00
 0.00000e+00
 0.00000e+00
 0.00000e+00
 0.00000e+00
 0.00000e+00
 0.00000e+00
 0.00000e+00
 0.00000e+00
 0.00000e+00
 0.00000e+00
 0.00000e+00
 0.00000e+00
 0.00000e+00
 0.00000e+00
 0.00000e+00
 0.00000e+00
 0.00000e+00
 0.00000e+00
 0.00000e+00
 0.00000e+00
 0.00000e+00
 0.00000e+00
 0.00000e+00
 0.00000e+00
 0.00000e+00
 0.00000e+00
 0.00000e+00
 0.00000e+00
 0.00000e+00
 0.00000e+00
 0.00000e+00
 0.00000e+00
 0.00000e+00
 0.00000e+00
 0.00000e+00
 0.00000e+00
 0.00000e+00
 0.00000e+00
 0.00000e+00
 0.00000e+00
 0.00000e+00
 0.00000e+00
 0.00000e+00
 0.00000e+00
 0.00000e+00
 0.00000e+00
 0.00000e+00
 0.00000e+00
 0.00000e+00
 0.00000e+00
 0.00000e+00
 0.00000e+00
 0.00000e+00
 0.00000e+00
 0.00000e+00
 0.00000e+00
 0.00000e+00
 0.00000e+00
 0.00000e+00
 0.00000e+00
 0.00000e+00
 0.00000e+00
 0.00000e+00
 0.00000e+00
 0.00000e+00
 0.00000e+00
 0.00000e+00
 0.00000e+00
 0.00000e+00
 0.00000e+00
 0.00000e+00
 0.00000e+00
 0.00000e+00
 0.00000e+00
 0.00000e+00
 0.00000e+00
 0.00000e+00
 0.00000e+00
 0.00000e+00
 0.00000e+00
 0.00000e+00
 0.00000e+00
 0.00000e+00
 0.00000e+00
 0.00000e+00
 0.00000e+00
 0.00000e+00
 0.00000e+00
 0.00000e+00
 0.00000e+00
 0.00000e+00
 0.00000e+00
 0.00000e+00
 0.00000e+00
 0.00000e+00
 0.00000e+00
 0.00000e+00
 0.00000e+00
 0.00000e+00
 0.00000e+00
 0.00000e+00
 0.00000e+00
 0.00000e+00
 0.00000e+00
 0.00000e+00
 0.00000e+00
 0.00000e+00
 0.00000e+00
 0.00000e+00
 0.00000e+00
 0.00000e+00
 0.00000e+00
 0.00000e+00
 0.00000e+00
 0.00000e+00
 0.00000e+00
 0.00000e+00
 0.00000e+00
 0.00000e+00
 0.00000e+00
 0.00000e+00
 0.00000e+00
 0.00000e+00
 0.00000e+00
 0.00000e+00
 0.00000e+00
 0.00000e+00
 0.00000e+00
 0.00000e+00
 0.00000e+00
 0.00000e+00
 0.00000e+00
 0.00000e+00
 0.00000e+00
 0.00000e+00
 0.00000e+00
 0.00000e+00
 0.00000e+00
 0.00000e+00
 0.00000e+00
 0.00000e+00
 0.00000e+00
 0.00000e+00
 0.00000e+00
 0.00000e+00
 0.00000e+00
 0.00000e+00
 0.00000e+00
 0.00000e+00
 0.00000e+00
 0.00000e+00
 0.00000e+00
 0.00000e+00
 0.00000e+00
 0.00000e+00
 0.00000e+00
 0.00000e+00
 0.00000e+00
 0.00000e+00
 0.00000e+00
 0.00000e+00
 0.00000e+00
 0.00000e+00
 0.00000e+00
 0.00000e+00
 0.00000e+00
 0.00000e+00
 0.00000e+00
 0.00000e+00
 0.00000e+00
 0.00000e+00
 0.00000e+00
 0.00000e+00
 0.00000e+00
 0.00000e+00
 0.00000e+00
 0.00000e+00
 0.00000e+00
 0.00000e+00
 0.00000e+00
 0.00000e+00
 0.00000e+00
 0.00000e+00
 0.00000e+00
 0.00000e+00
 0.00000e+00
 0.00000e+00
 0.00000e+00
 0.00000e+00
 0.00000e+00
 0.00000e+00
 0.00000e+00
 0.00000e+00
 0.00000e+00
 0.00000e+00
 0.00000e+00
 0.00000e+00
 0.00000e+00
 0.00000e+00
 0.00000e+00
 0.00000e+00
 0.00000e+00
 0.00000e+00
 0.00000e+00
 0.00000e+00
 0.00000e+00
 0.00000e+00
 0.00000e+00
 0.00000e+00
 0.00000e+00
 0.00000e+00
 0.00000e+00
 0.00000e+00
 0.00000e+00
 0.00000e+00
 0.00000e+00
 0.00000e+00
 0.00000e+00
 0.00000e+00
 0.00000e+00
 0.00000e+00
 0.00000e+00
 0.00000e+00
 0.00000e+00
 0.00000e+00
 0.00000e+00
 0.00000e+00
 0.00000e+00
 0.00000e+00
 0.00000e+00
 0.00000e+00
 0.00000e+00
 0.00000e+00
 0.00000e+00
 0.00000e+00
 0.00000e+00
 0.00000e+00
 0.00000e+00
 0.00000e+00
 0.00000e+00
 0.00000e+00
 0.00000e+00
 0.00000e+00
 0.00000e+00
 0.00000e+00
 0.00000e+00
 0.00000e+00
 0.00000e+00
 0.00000e+00
 0.00000e+00
 0.00000e+00
 0.00000e+00
 0.00000e+00
 0.00000e+00
 0.00000e+00
 0.00000e+00
 0.00000e+00
 0.00000e+00
 0.00000e+00
 0.00000e+00
 0.00000e+00
 0.00000e+00
 0.00000e+00
 0.00000e+00
 0.00000e+00
 0.00000e+00
 0.00000e+00
 0.00000e+00
 0.00000e+00
 0.00000e+00
 0.00000e+00
 0.00000e+00
 0.00000e+00
 0.00000e+00
 0.00000e+00
 0.00000e+00
 0.00000e+00
 0.00000e+00
 0.00000e+00
 0.00000e+00
 0.00000e+00
 0.00000e+00
 0.00000e+00
part
         3
hexa8
 0.00000e+00
 0.00000e+00
 0.00000e+00
 0.00000e+00
 0.00000e+00
 0.00000e+00
 0.00000e+00
 0.00000e+00
 0.00000e+00
 0.00000e+00
 0.00000e+00
 0.00000e+00
 0.00000e+00
 0.00000e+00
 0.00000e+00
 0.00000e+00
 0.00000e+00
 0.00000e+00
 0.00000e+00
 0.00000e+00
 0.00000e+00
 0.00000e+00
 0.00000e+00
 0.00000e+00
 0.00000e+00
 0.00000e+00
 0.00000e+00
 0.00000e+00
 0.00000e+00
 0.00000e+00
 0.00000e+00
 0.00000e+00
 0.00000e+00
 0.00000e+00
 0.00000e+00
 0.00000e+00
 0.00000e+00
 0.00000e+00
 0.00000e+00
 0.00000e+00
 0.00000e+00
 0.00000e+00
 0.00000e+00
 0.00000e+00
 0.00000e+00
 0.00000e+00
 0.00000e+00
 0.00000e+00
 0.00000e+00
 0.00000e+00
 0.00000e+00
 0.00000e+00
 0.00000e+00
 0.00000e+00
 0.00000e+00
 0.00000e+00
 0.00000e+00
 0.00000e+00
 0.00000e+00
 0.00000e+00
 0.00000e+00
 0.00000e+00
 0.00000e+00
 0.00000e+00
 0.00000e+00
 0.00000e+00
 0.00000e+00
 0.00000e+00
 0.00000e+00
 0.00000e+00
 0.00000e+00
 0.00000e+00
 0.00000e+00
 0.00000e+00
 0.00000e+00
 0.00000e+00
 0.00000e+00
 0.00000e+00
 0.00000e+00
 0.00000e+00
 0.00000e+00
 0.00000e+00
 0.00000e+00
 0.00000e+00
 0.00000e+00
 0.00000e+00
 0.00000e+00
 0.00000e+00
 0.00000e+00
 0.00000e+00
 0.00000e+00
 0.00000e+00
 0.00000e+00
 0.00000e+00
 0.00000e+00
 0.00000e+00
 0.00000e+00
 0.00000e+00
 0.00000e+00
 0.00000e+00
 2.50090e-05
 2.50090e-05
 2.50090e-05
 2.50090e-05
 2.50090e-05
 2.50090e-05
 2.50090e-05
 2.50090e-05
 2.50090e-05
 2.50090e-05
 2.50090e-05
 2.50090e-05
 2.50090e-05
 2.50090e-05
 2.50090e-05
 2.50090e-05
 2.50090e-05
 2.50090e-05
 2.50090e-05
 2.50090e-05
 2.50090e-05
 2.50090e-05
 2.50090e-05
 2.50090e-05
 2.50090e-05
 1.72808e-04
 1.72808e-04
 1.72808e-04
 1.72808e-04
 1.72808e-04
 1.72808e-04
 1.72808e-04
 1.72808e-04
 1.72808e-04
 1.72808e-04
 1.72808e-04
 1.72808e-04
 1.72808e-04
 1.72808e-04
 1.72808e-04
 1.72808e-04
 1.72808e-04
 1.72808e-04
 1.72808e-04
 1.72808e-04
 1.72808e-04
 1.72808e-04
 1.72808e-04
 1.72808e-04
 1.72808e-04
 1.27312e-04
 1.27312e-04
 1.27312e-04
 1.27312e-04
 1.27312e-04
 1.27312e-04
 1.27312e-04
 1.27312e-04
 1.27312e-04
 1.27312e-04
 1.27312e-04
 1.27312e-04
 1.27312e-04
 1.27312e-04
 1.27312e-04
 1.27312e-04
 1.27312e-04
 1.27312e-04
 1.27312e-04
 1.27312e-04
 1.27312e-04
 1.27312e-04
 1.27312e-04
 1.27312e-04
 1.27312e-04
 6.98895e-05
 6.98895e-05
 6.98895e-05
 6.98895e-05
 6.98895e-05
 6.98895e-05
 6.98895e-05
 6.98895e-05
 6.98895e-05
 6.98895e-05
 6.98895e-05
 6.98895e-05
 6.98895e-05
 6.98895e-05
 6.98895e-05
 6.98895e-05
 6.98895e-05
 6.98895e-05
 6.98895e-05
 6.98895e-05
 6.98895e-05
 6.98895e-05
 6.98895e-05
 6.98895e-05
 6.98895e-05
 8.82711e-05
 8.82711e-05
 8.82711e-05
 8.82711e-05
 8.82711e-05
 8.82711e-05
 8.82711e-05
 8.82711e-05
 8.82711e-05
 8.82711e-05
 8.82711e-05
 8.82711e-05
 8.82711e-05
 8.82711e-05
 8.82711e-05
 8.82711e-05
 8.82711e-05
 8.82711e-05
 8.82711e-05
 8.82711e-05
 8.82711e-05
 8.82711e-05
 8.82711e-05
 8.82711e-05
 8.82711e-05
 1.54441e-04
 1.54441e-04
 1.54441e-04
 1.54441e-04
 1.54441e-04
 1.54441e-04
 1.54441e-04
 1.54441e-04
 1.54441e-04
 1.54441e-04
 1.54441e-04
 1.54441e-04
 1.54441e-04
 1.54441e-04
 1.54441e-04
 1.54441e-04
 1.54441e-04
 1.54441e-04
 1.54441e-04
 1.54441e-04
 1.54441e-04
 1.54441e-04
 1.54441e-04
 1.54441e-04
 1.54441e-04
 2.00322e-04
 2.00322e-04
 2.00322e-04
 2.00322e-04
 2.00322e-04
 2.00322e-04
 2.00322e-04
 2.00322e-04
 2.00322e-04
 2.00322e-04
 2.00322e-04
 2.00322e-04
 2.00322e-04
 2.00322e-04
 2.00322e-04
 2.00322e-04
 2.00322e-04
 2.00322e-04
 2.00322e-04
 2.00322e-04
 2.00322e-04
 2.00322e-04
 2.00322e-04
 2.00322e-04
 2.00322e-04
 1.62711e-04
 1.62711e-04
 1.62711e-04
 1.62711e-04
 1.62711e-04
 1.62711e-04
 1.62711e-04
 1.62711e-04
 1.62711e-04
 1.62711e-04
 1.62711e-04
 1.62711e-04
 1.62711e-04
 1.62711e-04
 1.62711e-04
 1.62711e-04
 1.62711e-04
 1.62711e-04
 1.62711e-04
 1.62711e-04
 1.62711e-04
 1.62711e-04
 1.62711e-04
 1.62711e-04
 1.62711e-04
 9.74382e-05
 9.74382e-05
 9.74382e-05
 9.74382e-05
 9.74382e-05
 9.74382e-05
 9.74382e-05
 9.74382e-05
 9.74382e-05
 9.74382e-05
 9.74382e-05
 9.74382e-05
 9.74382e-05
 9.74382e-05
 9.74382e-05
 9.74382e-05
 9.74382e-05
 9.74382e-05
 9.74382e-05
 9.74382e-05
 9.74382e-05
 9.74382e-05
 9.74382e-05
 9.74382e-05
 9.74382e-05
 7.27719e-05
 7.27719e-05
 7.27719e-05
 7.27719e-05
 7.27719e-05
 7.27719e-05
 7.27719e-05
 7.27719e-05
 7.27719e-05
 7.27719e-05
 7.27719e-05
 7.27719e-05
 7.27719e-05
 7.27719e-05
 7.27719e-05
 7.27719e-05
 7.27719e-05
 7.27719e-05
 7.27719e-05
 7.27719e-05
 7.27719e-05
 7.27719e-05
 7.27719e-05
 7.27719e-05
 7.27719e-05
 7.40947e-05
 7.40947e-05
 7.40947e-05
 7.40947e-05
 7.40947e-05
 7.40947e-05
 7.40947e-05
 7.40947e-05
 7.40947e-05
 7.40947e-05
 7.40947e-05
 7.40947e-05
 7.40947e-05
 7.40947e-05
 7.40947e-05
 7.40947e-05
 7.40947e-05
 7.40947e-05
 7.40947e-05
 7.40947e-05
 7.40947e-05
 7.40947e-05
 7.40947e-05
 7.40947e-05
 7.40947e-05
 6.87469e-05
 6.87469e-05
 6.87469e-05
 6.87469e-05
 6.87469e-05
 6.87469e-05
 6.87469e-05
 6.87469e-05
 6.87469e-05
 6.87469e-05
 6.87469e-05
 6.87469e-05
 6.87469e-05
 6.87469e-05
 6.87469e-05
 6.87469e-05
 6.87469e-05
 6.87469e-05
 6.87469e-05
 6.87469e-05
 6.87469e-05
 6.87469e-05
 6.87469e-05
 6.87469e-05
 6.87469e-05
 5.14737e-05
 5.14737e-05
 5.14737e-05
 5.14737e-05
 5.14737e-05
 5.14737e-05
 5.14737e-05
 5.14737e-05
 5.14737e-05
 5.14737e-05
 5.14737e-05
 5.14737e-05
 5.14737e-05
 5.14737e-05
 5.14737e-05
 5.14737e-05
 5.14737e-05
 5.14737e-05
 5.14737e-05
 5.14737e-05
 5.14737e-05
 5.14737e-05
 5.14737e-05
 5.14737e-05
 5.14737e-05
 3.16928e-05
 3.16928e-05
 3.16928e-05
 3.16928e-05
 3.16928e-05
 3.16928e-05
 3.16928e-05
 3.16928e-05
 3.16928e-05
 3.16928e-05
 3.16928e-05
 3.16928e-05
 3.16928e-05
 3.16928e-05
 3.16928e-05
 3.16928e-05
 3.16928e-05
 3.16928e-05
 3.16928e-05
 3.16928e-05
 3.16928e-05
 3.16928e-05
 3.16928e-05
 3.16928e-05
 3.16928e-05
 2.07935e-05
 2.07935e-05
 2.07935e-05
 2.07935e-05
 2.07935e-05
 2.07935e-05
 2.07935e-05
 2.07935e-05
 2.07935e-05
 2.07935e-05
 2.07935e-05
 2.07935e-05
 2.07935e-05
 2.07935e-05
 2.07935e-05
 2.07935e-05
 2.07935e-05
 2.07935e-05
 2.07935e-05
 2.07935e-05
 2.07935e-05
 2.07935e-05
 2.07935e-05
 2.07935e-05
 2.07935e-05
 1.72203e-05
 1.72203e-05
 1.72203e-05
 1.72203e-05
 1.72203e-05
 1.72203e-05
 1.72203e-05
 1.72203e-05
 1.72203e-05
 1.72203e-05
 1.72203e-05
 1.72203e-05
 1.72203e-05
 1.72203e-05
 1.72203e-05
 1.72203e-05
 1.72203e-05
 1.72203e-05
 1.72203e-05
 1.72203e-05
 1.72203e-05
 1.72203e-05
 1.72203e-05
 1.72203e-05
 1.72203e-05
 1.67127e-05
 1.67127e-05
 1.67127e-05
 1.67127e-05
 1.67127e-05
 1.67127e-05
 1.67127e-05
 1.67127e-05
 1.67127e-05
 1.67127e-05
 1.67127e-05
 1.67127e-05
 1.67127e-05
 1.67127e-05
 1.67127e-05
 1.67127e-05
 1.67127e-05
 1.67127e-05
 1.67127e-05
 1.67127e-05
 1.67127e-05
 1.67127e-05
 1.67127e-05
 1.67127e-05
 1.67127e-05
 1.62593e-05
 1.62593e-05
 1.62593e-05
 1.62593e-05
 1.62593e-05
 1.62593e-05
 1.62593e-05
 1.62593e-05
 1.62593e-05
 1.62593e-05
 1.62593e-05
 1.62593e-05
 1.62593e-05
 1.62593e-05
 1.62593e-05
 1.62593e-05
 1.62593e-05
 1.62593e-05
 1.62593e-05
 1.62593e-05
 1.62593e-05
 1.62593e-05
 1.62593e-05
 1.62593e-05
 1.62593e-05
 1.68355e-05
 1.68355e-05
 1.68355e-05
 1.68355e-05
 1.68355e-05
 1.68355e-05
 1.68355e-05
 1.68355e-05
 1.68355e-05
 1.68355e-05
 1.68355e-05
 1.68355e-05
 1.68355e-05
 1.68355e-05
 1.68355e-05
 1.68355e-05
 1.68355e-05
 1.68355e-05
 1.68355e-05
 1.68355e-05
 1.68355e-05
 1.68355e-05
 1.68355e-05
 1.68355e-05
 1.68355e-05
 1.93679e-05
 1.93679e-05
 1.93679e-05
 1.93679e-05
 1.93679e-05
 1.93679e-05
 1.93679e-05
 1.93679e-05
 1.93679e-05
 1.93679e-05
 1.93679e-05
 1.93679e-05
 1.93679e-05
 1.93679e-05
 1.93679e-05
 1.93679e-05
 1.93679e-05
 1.93679e-05
 1.93679e-05
 1.93679e-05
 1.93679e-05
 1.93679e-05
 1.93679e-05
 1.93679e-05
 1.93679e-05
 2.62993e-05
 2.62993e-05
 2.62993e-05
 2.62993e-05
 2.62993e-05
 2.62993e-05
 2.62993e-05
 2.62993e-05
 2.62993e-05
 2.62993e-05
 2.62993e-05
 2.62993e-05
 2.62993e-05
 2.62993e-05
 2.62993e-05
 2.62993e-05
 2.62993e-05
 2.62993e-05
 2.62993e-05
 2.62993e-05
 2.62993e-05
 2.62993e-05
 2.62993e-05
 2.62993e-05
 2.62993e-05
part
         4
hexa8
 4.74719e-05
 4.74719e-05
 4.74719e-05
 4.74719e-05
 4.74719e-05
 4.74719e-05
 4.74719e-05
 4.74719e-05
 4.74719e-05
 4.74719e-05
 4.74719e-05
 4.74719e-05
 4.74719e-05
 4.74719e-05
 4.74719e-05
 4.74719e-05
 4.74719e-05
 4.74719e-05
 4.74719e-05
 4.74719e-05
 4.74719e-05
 4.74719e-05
 4.74719e-05
 4.74719e-05
 4.74719e-05
 1.03691e-04
 1.03691e-04
 1.03691e-04
 1.03691e-04
 1.03691e-04
 1.03691e-04
 1.03691e-04
 1.03691e-04
 1.03691e-04
 1.03691e-04
 1.03691e-04
 1.03691e-04
 1.03691e-04
 1.03691e-04
 1.03691e-04
 1.03691e-04
 1.03691e-04
 1.03691e-04
 1.03691e-04
 1.03691e-04
 1.03691e-04
 1.03691e-04
 1.03691e-04
 1.03691e-04
 1.03691e-04
 2.40653e-04
 2.40653e-04
 2.40653e-04
 2.40653e-04
 2.40653e-04
 2.40653e-04
 2.40653e-04
 2.40653e-04
 2.40653e-04
 2.40653e-04
 2.40653e-04
 2.40653e-04
 2.40653e-04
 2.40653e-04
 2.40653e-04
 2.40653e-04
 2.40653e-04
 2.40653e-04
 2.40653e-04
 2.40653e-04
 2.40653e-04
 2.40653e-04
 2.40653e-04
 2.40653e-04
 2.40653e-04
 5.68670e-04
 5.68670e-04
 5.68670e-04
 5.68670e-04
 5.68670e-04
 5.68670e-04
 5.68670e-04
 5.68670e-04
 5.68670e-04
 5.68670e-04
 5.68670e-04
 5.68670e-04
 5.68670e-04
 5.68670e-04
 5.68670e-04
 5.68670e-04
 5.68670e-04
 5.68670e-04
 5.68670e-04
 5.68670e-04
 5.68670e-04
 5.68670e-04
 5.68670e-04
 5.68670e-04
 5.68670e-04
 1.34653e-03
 1.34653e-03
 1.34653e-03
 1.34653e-03
 1.34653e-03
 1.34653e-03
 1.34653e-03
 1.34653e-03
 1.34653e-03
 1.34653e-03
 1.34653e-03
 1.34653e-03
 1.34653e-03
 1.34653e-03
 1.34653e-03
 1.34653e-03
 1.34653e-03
 1.34653e-03
 1.34653e-03
 1.34653e-03
 1.34653e-03
 1.34653e-03
 1.34653e-03
 1.34653e-03
 1.34653e-03
 3.14329e-03
 3.14329e-03
 3.14329e-03
 3.14329e-03
 3.14329e-03
 3.14329e-03
 3.14329e-03
 3.14329e-03
 3.14329e-03
 3.14329e-03
 3.14329e-03
 3.14329e-03
 3.14329e-03
 3.14329e-03
 3.14329e-03
 3.14329e-03
 3.14329e-03
 3.14329e-03
 3.14329e-03
 3.14329e-03
 3.14329e-03
 3.14329e-03
 3.14329e-03
 3.14329e-03
 3.14329e-03
 7.08138e-03
 7.08138e-03
 7.08138e-03
 7.08138e-03
 7.08138e-03
 7.08138e-03
 7.08138e-03
 7.08138e-03
 7.08138e-03
 7.08138e-03
 7.08138e-03
 7.08138e-03
 7.08138e-03
 7.08138e-03
 7.08138e-03
 7.08138e-03
 7.08138e-03
 7.08138e-03
 7.08138e-03
 7.08138e-03
 7.08138e-03
 7.08138e-03
 7.08138e-03
 7.08138e-03
 7.08138e-03
 1.47878e-02
 1.47878e-02
 1.47878e-02
 1.47878e-02
 1.47878e-02
 1.47878e-02
 1.47878e-02
 1.47878e-02
 1.47878e-02
 1.47878e-02
 1.47878e-02
 1.47878e-02
 1.47878e-02
 1.47878e-02
 1.47878e-02
 1.47878e-02
 1.47878e-02
 1.47878e-02
 1.47878e-02
 1.47878e-02
 1.47878e-02
 1.47878e-02
 1.47878e-02
 1.47878e-02
 1.47878e-02
 2.68669e-02
 2.68669e-02
 2.68669e-02
 2.68669e-02
 2.68669e-02
 2.68669e-02
 2.68669e-02
 2.68669e-02
 2.68669e-02
 2.68669e-02
 2.68669e-02
 2.68669e-02
 2.68669e-02
 2.68669e-02
 2.68669e-02
 2.68669e-02
 2.68669e-02
 2.68669e-02
 2.68669e-02
 2.68669e-02
 2.68669e-02
 2.68669e-02
 2.68669e-02
 2.68669e-02
 2.68669e-02
 3.98877e-02
 3.98877e-02
 3.98877e-02
 3.98877e-02
 3.98877e-02
 3.98877e-02
 3.98877e-02
 3.98877e-02
 3.98877e-02
 3.98877e-02
 3.98877e-02
 3.98877e-02
 3.98877e-02
 3.98877e-02
 3.98877e-02
 3.98877e-02
 3.98877e-02
 3.98877e-02
 3.98877e-02
 3.98877e-02
 3.98877e-02
 3.98877e-02
 3.98877e-02
 3.98877e-02
 3.98877e-02
 4.40640e-02
 4.40640e-02
 4.40640e-02
 4.40640e-02
 4.40640e-02
 4.40640e-02
 4.40640e-02
 4.40640e-02
 4.40640e-02
 4.40640e-02
 4.40640e-02
 4.40640e-02
 4.40640e-02
 4.40640e-02
 4.40640e-02
 4.40640e-02
 4.40640e-02
 4.40640e-02
 4.40640e-02
 4.40640e-02
 4.40640e-02
 4.40640e-02
 4.40640e-02
 4.40640e-02
 4.40640e-02
 3.56292e-02
 3.56292e-02
 3.56292e-02
 3.56292e-02
 3.56292e-02
 3.56292e-02
 3.56292e-02
 3.56292e-02
 3.56292e-02
 3.56292e-02
 3.56292e-02
 3.56292e-02
 3.56292e-02
 3.56292e-02
 3.56292e-02
 3.56292e-02
 3.56292e-02
 3.56292e-02
 3.56292e-02
 3.56292e-02
 3.56292e-02
 3.56292e-02
 3.56292e-02
 3.56292e-02
 3.56292e-02
 2.11702e-02
 2.11702e-02
 2.11702e-02
 2.11702e-02
 2.11702e-02
 2.11702e-02
 2.11702e-02
 2.11702e-02
 2.11702e-02
 2.11702e-02
 2.11702e-02
 2.11702e-02
 2.11702e-02
 2.11702e-02
 2.11702e-02
 2.11702e-02
 2.11702e-02
 2.11702e-02
 2.11702e-02
 2.11702e-02
 2.11702e-02
 2.11702e-02
 2.11702e-02
 2.11702e-02
 2.11702e-02
 8.90127e-03
 8.90127e-03
 8.90127e-03
 8.90127e-03
 8.90127e-03
 8.90127e-03
 8.90127e-03
 8.90127e-03
 8.90127e-03
 8.90127e-03
 8.90127e-03
 8.90127e-03
 8.90127e-03
 8.90127e-03
 8.90127e-03
 8.90127e-03
 8.90127e-03
 8.90127e-03
 8.90127e-03
 8.90127e-03
 8.90127e-03
 8.90127e-03
 8.90127e-03
 8.90127e-03
 8.90127e-03
 2.78268e-03
 2.78268e-03
 2.78268e-03
 2.78268e-03
 2.78268e-03
 2.78268e-03
 2.78268e-03
 2.78268e-03
 2.78268e-03
 2.78268e-03
 2.78268e-03
 2.78268e-03
 2.78268e-03
 2.78268e-03
 2.78268e-03
 2.78268e-03
 2.78268e-03
 2.78268e-03
 2.78268e-03
 2.78268e-03
 2.78268e-03
 2.78268e-03
 2.78268e-03
 2.78268e-03
 2.78268e-03
 7.45930e-04
 7.45930e-04
 7.45930e-04
 7.45930e-04
 7.45930e-04
 7.45930e-04
 7.45930e-04
 7.45930e-04
 7.45930e-04
 7.45930e-04
 7.45930e-04
 7.45930e-04
 7.45930e-04
 7.45930e-04
 7.45930e-04
 7.45930e-04
 7.45930e-04
 7.45930e-04
 7.45930e-04
 7.45930e-04
 7.45930e-04
 7.45930e-04
 7.45930e-04
 7.45930e-04
 7.45930e-04
 1.89144e-04
 1.89144e-04
 1.89144e-04
 1.89144e-04
 1.89144e-04
 1.89144e-04
 1.89144e-04
 1.89144e-04
 1.89144e-04
 1.89144e-04
 1.89144e-04
 1.89144e-04
 1.89144e-04
 1.89144e-04
 1.89144e-04
 1.89144e-04
 1.89144e-04
 1.89144e-04
 1.89144e-04
 1.89144e-04
 1.89144e-04
 1.89144e-04
 1.89144e-04
 1.89144e-04
 1.89144e-04
 4.69337e-05
 4.69337e-05
 4.69337e-05
 4.69337e-05
 4.69337e-05
 4.69337e-05
 4.69337e-05
 4.69337e-05
 4.69337e-05
 4.69337e-05
 4.69337e-05
 4.69337e-05
 4.69337e-05
 4.69337e-05
 4.69337e-05
 4.69337e-05
 4.69337e-05
 4.69337e-05
 4.69337e-05
 4.69337e-05
 4.69337e-05
 4.69337e-05
 4.69337e-05
 4.69337e-05
 4.69337e-05
 1.14871e-05
 1.14871e-05
 1.14871e-05
 1.14871e-05
 1.14871e-05
 1.14871e-05
 1.14871e-05
 1.14871e-05
 1.14871e-05
 1.14871e-05
 1.14871e-05
 1.14871e-05
 1.14871e-05
 1.14871e-05
 1.14871e-05
 1.14871e-05
 1.14871e-05
 1.14871e-05
 1.14871e-05
 1.14871e-05
 1.14871e-05
 1.14871e-05
 1.14871e-05
 1.14871e-05
 1.14871e-05
 2.77417e-06
 2.77417e-06
 2.77417e-06
 2.77417e-06
 2.77417e-06
 2.77417e-06
 2.77417e-06
 2.77417e-06
 2.77417e-06
 2.77417e-06
 2.77417e-06
 2.77417e-06
 2.77417e-06
 2.77417e-06
 2.77417e-06
 2.77417e-06
 2.77417e-06
 2.77417e-06
 2.77417e-06
 2.77417e-06
 2.77417e-06
 2.77417e-06
 2.77417e-06
 2.77417e-06
 2.77417e-06
 6.60056e-07
 6.60056e-07
 6.60056e-07
 6.60056e-07
 6.60056e-07
 6.60056e-07
 6.60056e-07
 6.60056e-07
 6.60056e-07
 6.60056e-07
 6.60056e-07
 6.60056e-07
 6.60056e-07
 6.60056e-07
 6.60056e-07
 6.60056e-07
 6.60056e-07
 6.60056e-07
 6.60056e-07
 6.60056e-07
 6.60056e-07
 6.60056e-07
 6.60056e-07
 6.60056e-07
 6.60056e-07
 1.54421e-07
 1.54421e-07
 1.54421e-07
 1.54421e-07
 1.54421e-07
 1.54421e-07
 1.54421e-07
 1.54421e-07
 1.54421e-07
 1.54421e-07
 1.54421e-07
 1.54421e-07
 1.54421e-07
 1.54421e-07
 1.54421e-07
 1.54421e-07
 1.54421e-07
 1.54421e-07
 1.54421e-07
 1.54421e-07
 1.54421e-07
 1.54421e-07
 1.54421e-07
 1.54421e-07
 1.54421e-07
 3.54687e-08
 3.54687e-08
 3.54687e-08
 3.54687e-08
 3.54687e-08
 3.54687e-08
 3.54687e-08
 3.54687e-08
 3.54687e-08
 3.54687e-08
 3.54687e-08
 3.54687e-08
 3.54687e-08
 3.54687e-08
 3.54687e-08
 3.54687e-08
 3.54687e-08
 3.54687e-08
 3.54687e-08
 3.54687e-08
 3.54687e-08
 3.54687e-08
 3.54687e-08
 3.54687e-08
 3.54687e-08
 8.05303e-09
 8.05303e-09
 8.05304e-09
 8.05304e-09
 8.05304e-09
 8.05304e-09
 8.05304e-09
 8.05304e-09
 8.05304e-09
 8.05304e-09
 8.05304e-09
 8.05304e-09
 8.05305e-09
 8.05305e-09
 8.05304e-09
 8.05303e-09
 8.05304e-09
 8.05304e-09
 8.05304e-09
 8.05304e-09
 8.05304e-09
 8.05304e-09
 8.05304e-09
 8.05304e-09
 8.05304e-09
 2.13146e-09
 2.13146e-09
 2.13146e-09
 2.13146e-09
 2.13146e-09
 2.13146e-09
 2.13146e-09
 2.13146e-09
 2.13146e-09
 2.13146e-09
 2.13146e-09
 2.13146e-09
 2.13146e-09
 2.13145e-09
 2.13146e-09
 2.13146e-09
 2.13146e-09
 2.13146e-09
 2.13146e-09
 2.13146e-09
 2.13146e-09
 2.13146e-09
 2.13146e-09
 2.13146e-09
 2.13145e-09
