CellMass
part
         1
hexa8
 4.00000e-06
 4.00000e-06
 4.00000e-06
 4.00000e-06
 4.00000e-06
 4.00000e-06
 4.00000e-06
 4.00000e-06
 4.00000e-06
 4.00000e-06
 4.00000e-06
 4.00000e-06
 4.00000e-06
 4.00000e-06
 4.00000e-06
 4.00000e-06
 4.00000e-06
 4.00000e-06
 3.99999e-06
 3.99995e-06
 3.99977e-06
 3.99907e-06
 3.99667e-06
 3.98972e-06
 3.97278e-06
 4.00000e-06
 4.00000e-06
 4.00000e-06
 4.00000e-06
 4.00000e-06
 4.00000e-06
 4.00000e-06
 4.00000e-06
 4.00000e-06
 4.00000e-06
 4.00000e-06
 4.00000e-06
 4.00000e-06
 4.00000e-06
 4.00000e-06
 4.00000e-06
 4.00000e-06
 4.00000e-06
 3.99999e-06
 3.99995e-06
 3.99977e-06
 3.99907e-06
 3.99667e-06
 3.98972e-06
 3.97278e-06
 4.00000e-06
 4.00000e-06
 4.00000e-06
 4.00000e-06
 4.00000e-06
 4.00000e-06
 4.00000e-06
 4.00000e-06
 4.00000e-06
 4.00000e-06
 4.00000e-06
 4.00000e-06
 4.00000e-06
 4.00000e-06
 4.00000e-06
 4.00000e-06
 4.00000e-06
 4.00000e-06
 3.99999e-06
 3.99995e-06
 3.99977e-06
 3.99907e-06
 3.99667e-06
 3.98972e-06
 3.97278e-06
 4.00000e-06
 4.00000e-06
 4.00000e-06
 4.00000e-06
 4.00000e-06
 4.00000e-06
 4.00000e-06
 4.00000e-06
 4.00000e-06
 4.00000e-06
 4.00000e-06
 4.00000e-06
 4.00000e-06
 4.00000e-06
 4.00000e-06
 4.00000e-06
 4.00000e-06
 4.00000e-06
 3.99999e-06
 3.99995e-06
 3.99977e-06
 3.99907e-06
 3.99667e-06
 3.98972e-06
 3.97278e-06
 4.00000e-06
 4.00000e-06
 4.00000e-06
 4.00000e-06
 4.00000e-06
 4.00000e-06
 4.00000e-06
 4.00000e-06
 4.00000e-06
 4.00000e-06
 4.00000e-06
 4.00000e-06
 4.00000e-06
 4.00000e-06
 4.00000e-06
 4.00000e-06
 4.00000e-06
 4.00000e-06
 3.99999e-06
 3.99995e-06
 3.99977e-06
 3.99907e-06
 3.99667e-06
 3.98972e-06
 3.97278e-06
 4.00000e-06
 4.00000e-06
 4.00000e-06
 4.00000e-06
 4.00000e-06
 4.00000e-06
 4.00000e-06
 4.00000e-06
 4.00000e-06
 4.00000e-06
 4.00000e-06
 4.00000e-06
 4.00000e-06
 4.00000e-06
 4.00000e-06
 4.00000e-06
 4.00000e-06
 4.00000e-06
 3.99999e-06
 3.99995e-06
 3.99977e-06
 3.99907e-06
 3.99667e-06
 3.98972e-06
 3.97278e-06
 4.00000e-06
 4.00000e-06
 4.00000e-06
 4.00000e-06
 4.00000e-06
 4.00000e-06
 4.00000e-06
 4.00000e-06
 4.00000e-06
 4.00000e-06
 4.00000e-06
 4.00000e-06
 4.00000e-06
 4.00000e-06
 4.00000e-06
 4.00000e-06
 4.00000e-06
 4.00000e-06
 3.99999e-06
 3.99995e-06
 3.99977e-06
 3.99907e-06
 3.99667e-06
 3.98972e-06
 3.97278e-06
 4.00000e-06
 4.00000e-06
 4.00000e-06
 4.00000e-06
 4.00000e-06
 4.00000e-06
 4.00000e-06
 4.00000e-06
 4.00000e-06
 4.00000e-06
 4.00000e-06
 4.00000e-06
 4.00000e-06
 4.00000e-06
 4.00000e-06
 4.00000e-06
 4.00000e-06
 4.00000e-06
 3.99999e-06
 3.99995e-06
 3.99977e-06
 3.99907e-06
 3.99667e-06
 3.98972e-06
 3.97278e-06
 4.00000e-06
 4.00000e-06
 4.00000e-06
 4.00000e-06
 4.00000e-06
 4.00000e-06
 4.00000e-06
 4.00000e-06
 4.00000e-06
 4.00000e-06
 4.00000e-06
 4.00000e-06
 4.00000e-06
 4.00000e-06
 4.00000e-06
 4.00000e-06
 4.00000e-06
 4.00000e-06
 3.99999e-06
 3.99995e-06
 3.99977e-06
 3.99907e-06
 3.99667e-06
 3.98972e-06
 3.97278e-06
 4.00000e-06
 4.00000e-06
 4.00000e-06
 4.00000e-06
 4.00000e-06
 4.00000e-06
 4.00000e-06
 4.00000e-06
 4.00000e-06
 4.00000e-06
 4.00000e-06
 4.00000e-06
 4.00000e-06
 4.00000e-06
 4.00000e-06
 4.00000e-06
 4.00000e-06
 4.00000e-06
 3.99999e-06
 3.99995e-06
 3.99977e-06
 3.99907e-06
 3.99667e-06
 3.98972e-06
 3.97278e-06
 4.00000e-06
 4.00000e-06
 4.00000e-06
 4.00000e-06
 4.00000e-06
 4.00000e-06
 4.00000e-06
 4.00000e-06
 4.00000e-06
 4.00000e-06
 4.00000e-06
 4.00000e-06
 4.00000e-06
 4.00000e-06
 4.00000e-06
 4.00000e-06
 4.00000e-06
 4.00000e-06
 3.99999e-06
 3.99995e-06
 3.99977e-06
 3.99907e-06
 3.99667e-06
 3.98972e-06
 3.97278e-06
 4.00000e-06
 4.00000e-06
 4.00000e-06
 4.00000e-06
 4.00000e-06
 4.00000e-06
 4.00000e-06
 4.00000e-06
 4.00000e-06
 4.00000e-06
 4.00000e-06
 4.00000e-06
 4.00000e-06
 4.00000e-06
 4.00000e-06
 4.00000e-06
 4.00000e-06
 4.00000e-06
 3.99999e-06
 3.99995e-06
 3.99977e-06
 3.99907e-06
 3.99667e-06
 3.98972e-06
 3.97278e-06
 4.00000e-06
 4.00000e-06
 4.00000e-06
 4.00000e-06
 4.00000e-06
 4.00000e-06
 4.00000e-06
 4.00000e-06
 4.00000e-06
 4.00000e-06
 4.00000e-06
 4.00000e-06
 4.00000e-06
 4.00000e-06
 4.00000e-06
 4.00000e-06
 4.00000e-06
 4.00000e-06
 3.99999e-06
 3.99995e-06
 3.99977e-06
 3.99907e-06
 3.99667e-06
 3.98972e-06
 3.97278e-06
 4.00000e-06
 4.00000e-06
 4.00000e-06
 4.00000e-06
 4.00000e-06
 4.00000e-06
 4.00000e-06
 4.00000e-06
 4.00000e-06
 4.00000e-06
 4.00000e-06
 4.00000e-06
 4.00000e-06
 4.00000e-06
 4.00000e-06
 4.00000e-06
 4.00000e-06
 4.00000e-06
 3.99999e-06
 3.99995e-06
 3.99977e-06
 3.99907e-06
 3.99667e-06
 3.98972e-06
 3.97278e-06
 4.00000e-06
 4.00000e-06
 4.00000e-06
 4.00000e-06
 4.00000e-06
 4.00000e-06
 4.00000e-06
 4.00000e-06
 4.00000e-06
 4.00000e-06
 4.00000e-06
 4.00000e-06
 4.00000e-06
 4.00000e-06
 4.00000e-06
 4.00000e-06
 4.00000e-06
 4.00000e-06
 3.99999e-06
 3.99995e-06
 3.99977e-06
 3.99907e-06
 3.99667e-06
 3.98972e-06
 3.97278e-06
 4.00000e-06
 4.00000e-06
 4.00000e-06
 4.00000e-06
 4.00000e-06
 4.00000e-06
 4.00000e-06
 4.00000e-06
 4.00000e-06
 4.00000e-06
 4.00000e-06
 4.00000e-06
 4.00000e-06
 4.00000e-06
 4.00000e-06
 4.00000e-06
 4.00000e-06
 4.00000e-06
 3.99999e-06
 3.99995e-06
 3.99977e-06
 3.99907e-06
 3.99667e-06
 3.98972e-06
 3.97278e-06
 4.00000e-06
 4.00000e-06
 4.00000e-06
 4.00000e-06
 4.00000e-06
 4.00000e-06
 4.00000e-06
 4.00000e-06
 4.00000e-06
 4.00000e-06
 4.00000e-06
 4.00000e-06
 4.00000e-06
 4.00000e-06
 4.00000e-06
 4.00000e-06
 4.00000e-06
 4.00000e-06
 3.99999e-06
 3.99995e-06
 3.99977e-06
 3.99907e-06
 3.99667e-06
 3.98972e-06
 3.97278e-06
 4.00000e-06
 4.00000e-06
 4.00000e-06
 4.00000e-06
 4.00000e-06
 4.00000e-06
 4.00000e-06
 4.00000e-06
 4.00000e-06
 4.00000e-06
 4.00000e-06
 4.00000e-06
 4.00000e-06
 4.00000e-06
 4.00000e-06
 4.00000e-06
 4.00000e-06
 4.00000e-06
 3.99999e-06
 3.99995e-06
 3.99977e-06
 3.99907e-06
 3.99667e-06
 3.98972e-06
 3.97278e-06
 4.00000e-06
 4.00000e-06
 4.00000e-06
 4.00000e-06
 4.00000e-06
 4.00000e-06
 4.00000e-06
 4.00000e-06
 4.00000e-06
 4.00000e-06
 4.00000e-06
 4.00000e-06
 4.00000e-06
 4.00000e-06
 4.00000e-06
 4.00000e-06
 4.00000e-06
 4.00000e-06
 3.99999e-06
 3.99995e-06
 3.99977e-06
 3.99907e-06
 3.99667e-06
 3.98972e-06
 3.97278e-06
 4.00000e-06
 4.00000e-06
 4.00000e-06
 4.00000e-06
 4.00000e-06
 4.00000e-06
 4.00000e-06
 4.00000e-06
 4.00000e-06
 4.00000e-06
 4.00000e-06
 4.00000e-06
 4.00000e-06
 4.00000e-06
 4.00000e-06
 4.00000e-06
 4.00000e-06
 4.00000e-06
 3.99999e-06
 3.99995e-06
 3.99977e-06
 3.99907e-06
 3.99667e-06
 3.98972e-06
 3.97278e-06
 4.00000e-06
 4.00000e-06
 4.00000e-06
 4.00000e-06
 4.00000e-06
 4.00000e-06
 4.00000e-06
 4.00000e-06
 4.00000e-06
 4.00000e-06
 4.00000e-06
 4.00000e-06
 4.00000e-06
 4.00000e-06
 4.00000e-06
 4.00000e-06
 4.00000e-06
 4.00000e-06
 3.99999e-06
 3.99995e-06
 3.99977e-06
 3.99907e-06
 3.99667e-06
 3.98972e-06
 3.97278e-06
 4.00000e-06
 4.00000e-06
 4.00000e-06
 4.00000e-06
 4.00000e-06
 4.00000e-06
 4.00000e-06
 4.00000e-06
 4.00000e-06
 4.00000e-06
 4.00000e-06
 4.00000e-06
 4.00000e-06
 4.00000e-06
 4.00000e-06
 4.00000e-06
 4.00000e-06
 4.00000e-06
 3.99999e-06
 3.99995e-06
 3.99977e-06
 3.99907e-06
 3.99667e-06
 3.98972e-06
 3.97278e-06
 4.00000e-06
 4.00000e-06
 4.00000e-06
 4.00000e-06
 4.00000e-06
 4.00000e-06
 4.00000e-06
 4.00000e-06
 4.00000e-06
 4.00000e-06
 4.00000e-06
 4.00000e-06
 4.00000e-06
 4.00000e-06
 4.00000e-06
 4.00000e-06
 4.00000e-06
 4.00000e-06
 3.99999e-06
 3.99995e-06
 3.99977e-06
 3.99907e-06
 3.99667e-06
 3.98972e-06
 3.97278e-06
 4.00000e-06
 4.00000e-06
 4.00000e-06
 4.00000e-06
 4.00000e-06
 4.00000e-06
 4.00000e-06
 4.00000e-06
 4.00000e-06
 4.00000e-06
 4.00000e-06
 4.00000e-06
 4.00000e-06
 4.00000e-06
 4.00000e-06
 4.00000e-06
 4.00000e-06
 4.00000e-06
 3.99999e-06
 3.99995e-06
 3.99977e-06
 3.99907e-06
 3.99667e-06
 3.98972e-06
 3.97278e-06
 4.00000e-06
 4.00000e-06
 4.00000e-06
 4.00000e-06
 4.00000e-06
 4.00000e-06
 4.00000e-06
 4.00000e-06
 4.00000e-06
 4.00000e-06
 4.00000e-06
 4.00000e-06
 4.00000e-06
 4.00000e-06
 4.00000e-06
 4.00000e-06
 4.00000e-06
 4.00000e-06
 3.99999e-06
 3.99995e-06
 3.99977e-06
 3.99907e-06
 3.99667e-06
 3.98972e-06
 3.97278e-06
part
         2
hexa8
 3.93875e-06
 3.88239e-06
 3.80389e-06
 3.70826e-06
 3.60162e-06
 3.48879e-06
 3.37302e-06
 3.25628e-06
 3.13977e-06
 3.02414e-06
 2.90973e-06
 2.79660e-06
 2.68478e-06
 2.57435e-06
 2.46517e-06
 2.35349e-06
 2.24060e-06
 2.16685e-06
 2.09410e-06
 2.02721e-06
 1.96662e-06
 1.91457e-06
 1.86864e-06
 1.81849e-06
 1.75241e-06
 3.93875e-06
 3.88239e-06
 3.80389e-06
 3.70826e-06
 3.60162e-06
 3.48879e-06
 3.37302e-06
 3.25628e-06
 3.13977e-06
 3.02414e-06
 2.90973e-06
 2.79660e-06
 2.68478e-06
 2.57435e-06
 2.46517e-06
 2.35349e-06
 2.24060e-06
 2.16685e-06
 2.09410e-06
 2.02721e-06
 1.96662e-06
 1.91457e-06
 1.86864e-06
 1.81849e-06
 1.75241e-06
 3.93875e-06
 3.88239e-06
 3.80389e-06
 3.70826e-06
 3.60162e-06
 3.48879e-06
 3.37302e-06
 3.25628e-06
 3.13977e-06
 3.02414e-06
 2.90973e-06
 2.79660e-06
 2.68478e-06
 2.57435e-06
 2.46517e-06
 2.35349e-06
 2.24060e-06
 2.16685e-06
 2.09410e-06
 2.02721e-06
 1.96662e-06
 1.91457e-06
 1.86864e-06
 1.81849e-06
 1.75241e-06
 3.93875e-06
 3.88239e-06
 3.80389e-06
 3.70826e-06
 3.60162e-06
 3.48879e-06
 3.37302e-06
 3.25628e-06
 3.13977e-06
 3.02414e-06
 2.90973e-06
 2.79660e-06
 2.68478e-06
 2.57435e-06
 2.46517e-06
 2.35349e-06
 2.24060e-06
 2.16685e-06
 2.09410e-06
 2.02721e-06
 1.96662e-06
 1.91457e-06
 1.86864e-06
 1.81849e-06
 1.75241e-06
 3.93875e-06
 3.88239e-06
 3.80389e-06
 3.70826e-06
 3.60162e-06
 3.48879e-06
 3.37302e-06
 3.25628e-06
 3.13977e-06
 3.02414e-06
 2.90973e-06
 2.79660e-06
 2.68478e-06
 2.57435e-06
 2.46517e-06
 2.35349e-06
 2.24060e-06
 2.16685e-06
 2.09410e-06
 2.02721e-06
 1.96662e-06
 1.91457e-06
 1.86864e-06
 1.81849e-06
 1.75241e-06
 3.93875e-06
 3.88239e-06
 3.80389e-06
 3.70826e-06
 3.60162e-06
 3.48879e-06
 3.37302e-06
 3.25628e-06
 3.13977e-06
 3.02414e-06
 2.90973e-06
 2.79660e-06
 2.68478e-06
 2.57435e-06
 2.46517e-06
 2.35349e-06
 2.24060e-06
 2.16685e-06
 2.09410e-06
 2.02721e-06
 1.96662e-06
 1.91457e-06
 1.86864e-06
 1.81849e-06
 1.75241e-06
 3.93875e-06
 3.88239e-06
 3.80389e-06
 3.70826e-06
 3.60162e-06
 3.48879e-06
 3.37302e-06
 3.25628e-06
 3.13977e-06
 3.02414e-06
 2.90973e-06
 2.79660e-06
 2.68478e-06
 2.57435e-06
 2.46517e-06
 2.35349e-06
 2.24060e-06
 2.16685e-06
 2.09410e-06
 2.02721e-06
 1.96662e-06
 1.91457e-06
 1.86864e-06
 1.81849e-06
 1.75241e-06
 3.93875e-06
 3.88239e-06
 3.80389e-06
 3.70826e-06
 3.60162e-06
 3.48879e-06
 3.37302e-06
 3.25628e-06
 3.13977e-06
 3.02414e-06
 2.90973e-06
 2.79660e-06
 2.68478e-06
 2.57435e-06
 2.46517e-06
 2.35349e-06
 2.24060e-06
 2.16685e-06
 2.09410e-06
 2.02721e-06
 1.96662e-06
 1.91457e-06
 1.86864e-06
 1.81849e-06
 1.75241e-06
 3.93875e-06
 3.88239e-06
 3.80389e-06
 3.70826e-06
 3.60162e-06
 3.48879e-06
 3.37302e-06
 3.25628e-06
 3.13977e-06
 3.02414e-06
 2.90973e-06
 2.79660e-06
 2.68478e-06
 2.57435e-06
 2.46517e-06
 2.35349e-06
 2.24060e-06
 2.16685e-06
 2.09410e-06
 2.02721e-06
 1.96662e-06
 1.91457e-06
 1.86864e-06
 1.81849e-06
 1.75241e-06
 3.93875e-06
 3.88239e-06
 3.80389e-06
 3.70826e-06
 3.60162e-06
 3.48879e-06
 3.37302e-06
 3.25628e-06
 3.13977e-06
 3.02414e-06
 2.90973e-06
 2.79660e-06
 2.68478e-06
 2.57435e-06
 2.46517e-06
 2.35349e-06
 2.24060e-06
 2.16685e-06
 2.09410e-06
 2.02721e-06
 1.96662e-06
 1.91457e-06
 1.86864e-06
 1.81849e-06
 1.75241e-06
 3.93875e-06
 3.88239e-06
 3.80389e-06
 3.70826e-06
 3.60162e-06
 3.48879e-06
 3.37302e-06
 3.25628e-06
 3.13977e-06
 3.02414e-06
 2.90973e-06
 2.79660e-06
 2.68478e-06
 2.57435e-06
 2.46517e-06
 2.35349e-06
 2.24060e-06
 2.16685e-06
 2.09410e-06
 2.02721e-06
 1.96662e-06
 1.91457e-06
 1.86864e-06
 1.81849e-06
 1.75241e-06
 3.93875e-06
 3.88239e-06
 3.80389e-06
 3.70826e-06
 3.60162e-06
 3.48879e-06
 3.37302e-06
 3.25628e-06
 3.13977e-06
 3.02414e-06
 2.90973e-06
 2.79660e-06
 2.68478e-06
 2.57435e-06
 2.46517e-06
 2.35349e-06
 2.24060e-06
 2.16685e-06
 2.09410e-06
 2.02721e-06
 1.96662e-06
 1.91457e-06
 1.86864e-06
 1.81849e-06
 1.75241e-06
 3.93875e-06
 3.88239e-06
 3.80389e-06
 3.70826e-06
 3.60162e-06
 3.48879e-06
 3.37302e-06
 3.25628e-06
 3.13977e-06
 3.02414e-06
 2.90973e-06
 2.79660e-06
 2.68478e-06
 2.57435e-06
 2.46517e-06
 2.35349e-06
 2.24060e-06
 2.16685e-06
 2.09410e-06
 2.02721e-06
 1.96662e-06
 1.91457e-06
 1.86864e-06
 1.81849e-06
 1.75241e-06
 3.93875e-06
 3.88239e-06
 3.80389e-06
 3.70826e-06
 3.60162e-06
 3.48879e-06
 3.37302e-06
 3.25628e-06
 3.13977e-06
 3.02414e-06
 2.90973e-06
 2.79660e-06
 2.68478e-06
 2.57435e-06
 2.46517e-06
 2.35349e-06
 2.24060e-06
 2.16685e-06
 2.09410e-06
 2.02721e-06
 1.96662e-06
 1.91457e-06
 1.86864e-06
 1.81849e-06
 1.75241e-06
 3.93875e-06
 3.88239e-06
 3.80389e-06
 3.70826e-06
 3.60162e-06
 3.48879e-06
 3.37302e-06
 3.25628e-06
 3.13977e-06
 3.02414e-06
 2.90973e-06
 2.79660e-06
 2.68478e-06
 2.57435e-06
 2.46517e-06
 2.35349e-06
 2.24060e-06
 2.16685e-06
 2.09410e-06
 2.02721e-06
 1.96662e-06
 1.91457e-06
 1.86864e-06
 1.81849e-06
 1.75241e-06
 3.93875e-06
 3.88239e-06
 3.80389e-06
 3.70826e-06
 3.60162e-06
 3.48879e-06
 3.37302e-06
 3.25628e-06
 3.13977e-06
 3.02414e-06
 2.90973e-06
 2.79660e-06
 2.68478e-06
 2.57435e-06
 2.46517e-06
 2.35349e-06
 2.24060e-06
 2.16685e-06
 2.09410e-06
 2.02721e-06
 1.96662e-06
 1.91457e-06
 1.86864e-06
 1.81849e-06
 1.75241e-06
 3.93875e-06
 3.88239e-06
 3.80389e-06
 3.70826e-06
 3.60162e-06
 3.48879e-06
 3.37302e-06
 3.25628e-06
 3.13977e-06
 3.02414e-06
 2.90973e-06
 2.79660e-06
 2.68478e-06
 2.57435e-06
 2.46517e-06
 2.35349e-06
 2.24060e-06
 2.16685e-06
 2.09410e-06
 2.02721e-06
 1.96662e-06
 1.91457e-06
 1.86864e-06
 1.81849e-06
 1.75241e-06
 3.93875e-06
 3.88239e-06
 3.80389e-06
 3.70826e-06
 3.60162e-06
 3.48879e-06
 3.37302e-06
 3.25628e-06
 3.13977e-06
 3.02414e-06
 2.90973e-06
 2.79660e-06
 2.68478e-06
 2.57435e-06
 2.46517e-06
 2.35349e-06
 2.24060e-06
 2.16685e-06
 2.09410e-06
 2.02721e-06
 1.96662e-06
 1.91457e-06
 1.86864e-06
 1.81849e-06
 1.75241e-06
 3.93875e-06
 3.88239e-06
 3.80389e-06
 3.70826e-06
 3.60162e-06
 3.48879e-06
 3.37302e-06
 3.25628e-06
 3.13977e-06
 3.02414e-06
 2.90973e-06
 2.79660e-06
 2.68478e-06
 2.57435e-06
 2.46517e-06
 2.35349e-06
 2.24060e-06
 2.16685e-06
 2.09410e-06
 2.02721e-06
 1.96662e-06
 1.91457e-06
 1.86864e-06
 1.81849e-06
 1.75241e-06
 3.93875e-06
 3.88239e-06
 3.80389e-06
 3.70826e-06
 3.60162e-06
 3.48879e-06
 3.37302e-06
 3.25628e-06
 3.13977e-06
 3.02414e-06
 2.90973e-06
 2.79660e-06
 2.68478e-06
 2.57435e-06
 2.46517e-06
 2.35349e-06
 2.24060e-06
 2.16685e-06
 2.09410e-06
 2.02721e-06
 1.96662e-06
 1.91457e-06
 1.86864e-06
 1.81849e-06
 1.75241e-06
 3.93875e-06
 3.88239e-06
 3.80389e-06
 3.70826e-06
 3.60162e-06
 3.48879e-06
 3.37302e-06
 3.25628e-06
 3.13977e-06
 3.02414e-06
 2.90973e-06
 2.79660e-06
 2.68478e-06
 2.57435e-06
 2.46517e-06
 2.35349e-06
 2.24060e-06
 2.16685e-06
 2.09410e-06
 2.02721e-06
 1.96662e-06
 1.91457e-06
 1.86864e-06
 1.81849e-06
 1.75241e-06
 3.93875e-06
 3.88239e-06
 3.80389e-06
 3.70826e-06
 3.60162e-06
 3.48879e-06
 3.37302e-06
 3.25628e-06
 3.13977e-06
 3.02414e-06
 2.90973e-06
 2.79660e-06
 2.68478e-06
 2.57435e-06
 2.46517e-06
 2.35349e-06
 2.24060e-06
 2.16685e-06
 2.09410e-06
 2.02721e-06
 1.96662e-06
 1.91457e-06
 1.86864e-06
 1.81849e-06
 1.75241e-06
 3.93875e-06
 3.88239e-06
 3.80389e-06
 3.70826e-06
 3.60162e-06
 3.48879e-06
 3.37302e-06
 3.25628e-06
 3.13977e-06
 3.02414e-06
 2.90973e-06
 2.79660e-06
 2.68478e-06
 2.57435e-06
 2.46517e-06
 2.35349e-06
 2.24060e-06
 2.16685e-06
 2.09410e-06
 2.02721e-06
 1.96662e-06
 1.91457e-06
 1.86864e-06
 1.81849e-06
 1.75241e-06
 3.93875e-06
 3.88239e-06
 3.80389e-06
 3.70826e-06
 3.60162e-06
 3.48879e-06
 3.37302e-06
 3.25628e-06
 3.13977e-06
 3.02414e-06
 2.90973e-06
 2.79660e-06
 2.68478e-06
 2.57435e-06
 2.46517e-06
 2.35349e-06
 2.24060e-06
 2.16685e-06
 2.09410e-06
 2.02721e-06
 1.96662e-06
 1.91457e-06
 1.86864e-06
 1.81849e-06
 1.75241e-06
 3.93875e-06
 3.88239e-06
 3.80389e-06
 3.70826e-06
 3.60162e-06
 3.48879e-06
 3.37302e-06
 3.25628e-06
 3.13977e-06
 3.02414e-06
 2.90973e-06
 2.79660e-06
 2.68478e-06
 2.57435e-06
 2.46517e-06
 2.35349e-06
 2.24060e-06
 2.16685e-06
 2.09410e-06
 2.02721e-06
 1.96662e-06
 1.91457e-06
 1.86864e-06
 1.81849e-06
 1.75241e-06
part
         3
hexa8
 1.68526e-06
 1.68319e-06
 1.68238e-06
 1.67426e-06
 1.67276e-06
 1.67748e-06
 1.68409e-06
 1.68937e-06
 1.69251e-06
 1.69548e-06
 1.70115e-06
 1.70615e-06
 1.70706e-06
 1.70218e-06
 1.68691e-06
 1.68043e-06
 1.67694e-06
 1.55851e-06
 1.33431e-06
 1.13627e-06
 1.04152e-06
 1.03169e-06
 1.04317e-06
 1.05237e-06
 1.05685e-06
 1.68526e-06
 1.68319e-06
 1.68238e-06
 1.67426e-06
 1.67276e-06
 1.67748e-06
 1.68409e-06
 1.68937e-06
 1.69251e-06
 1.69548e-06
 1.70115e-06
 1.70615e-06
 1.70706e-06
 1.70218e-06
 1.68691e-06
 1.68043e-06
 1.67694e-06
 1.55851e-06
 1.33431e-06
 1.13627e-06
 1.04152e-06
 1.03169e-06
 1.04317e-06
 1.05237e-06
 1.05685e-06
 1.68526e-06
 1.68319e-06
 1.68238e-06
 1.67426e-06
 1.67276e-06
 1.67748e-06
 1.68409e-06
 1.68937e-06
 1.69251e-06
 1.69548e-06
 1.70115e-06
 1.70615e-06
 1.70706e-06
 1.70218e-06
 1.68691e-06
 1.68043e-06
 1.67694e-06
 1.55851e-06
 1.33431e-06
 1.13627e-06
 1.04152e-06
 1.03169e-06
 1.04317e-06
 1.05237e-06
 1.05685e-06
 1.68526e-06
 1.68319e-06
 1.68238e-06
 1.67426e-06
 1.67276e-06
 1.67748e-06
 1.68409e-06
 1.68937e-06
 1.69251e-06
 1.69548e-06
 1.70115e-06
 1.70615e-06
 1.70706e-06
 1.70218e-06
 1.68691e-06
 1.68043e-06
 1.67694e-06
 1.55851e-06
 1.33431e-06
 1.13627e-06
 1.04152e-06
 1.03169e-06
 1.04317e-06
 1.05237e-06
 1.05685e-06
 1.68526e-06
 1.68319e-06
 1.68238e-06
 1.67426e-06
 1.67276e-06
 1.67748e-06
 1.68409e-06
 1.68937e-06
 1.69251e-06
 1.69548e-06
 1.70115e-06
 1.70615e-06
 1.70706e-06
 1.70218e-06
 1.68691e-06
 1.68043e-06
 1.67694e-06
 1.55851e-06
 1.33431e-06
 1.13627e-06
 1.04152e-06
 1.03169e-06
 1.04317e-06
 1.05237e-06
 1.05685e-06
 1.68526e-06
 1.68319e-06
 1.68238e-06
 1.67426e-06
 1.67276e-06
 1.67748e-06
 1.68409e-06
 1.68937e-06
 1.69251e-06
 1.69548e-06
 1.70115e-06
 1.70615e-06
 1.70706e-06
 1.70218e-06
 1.68691e-06
 1.68043e-06
 1.67694e-06
 1.55851e-06
 1.33431e-06
 1.13627e-06
 1.04152e-06
 1.03169e-06
 1.04317e-06
 1.05237e-06
 1.05685e-06
 1.68526e-06
 1.68319e-06
 1.68238e-06
 1.67426e-06
 1.67276e-06
 1.67748e-06
 1.68409e-06
 1.68937e-06
 1.69251e-06
 1.69548e-06
 1.70115e-06
 1.70615e-06
 1.70706e-06
 1.70218e-06
 1.68691e-06
 1.68043e-06
 1.67694e-06
 1.55851e-06
 1.33431e-06
 1.13627e-06
 1.04152e-06
 1.03169e-06
 1.04317e-06
 1.05237e-06
 1.05685e-06
 1.68526e-06
 1.68319e-06
 1.68238e-06
 1.67426e-06
 1.67276e-06
 1.67748e-06
 1.68409e-06
 1.68937e-06
 1.69251e-06
 1.69548e-06
 1.70115e-06
 1.70615e-06
 1.70706e-06
 1.70218e-06
 1.68691e-06
 1.68043e-06
 1.67694e-06
 1.55851e-06
 1.33431e-06
 1.13627e-06
 1.04152e-06
 1.03169e-06
 1.04317e-06
 1.05237e-06
 1.05685e-06
 1.68526e-06
 1.68319e-06
 1.68238e-06
 1.67426e-06
 1.67276e-06
 1.67748e-06
 1.68409e-06
 1.68937e-06
 1.69251e-06
 1.69548e-06
 1.70115e-06
 1.70615e-06
 1.70706e-06
 1.70218e-06
 1.68691e-06
 1.68043e-06
 1.67694e-06
 1.55851e-06
 1.33431e-06
 1.13627e-06
 1.04152e-06
 1.03169e-06
 1.04317e-06
 1.05237e-06
 1.05685e-06
 1.68526e-06
 1.68319e-06
 1.68238e-06
 1.67426e-06
 1.67276e-06
 1.67748e-06
 1.68409e-06
 1.68937e-06
 1.69251e-06
 1.69548e-06
 1.70115e-06
 1.70615e-06
 1.70706e-06
 1.70218e-06
 1.68691e-06
 1.68043e-06
 1.67694e-06
 1.55851e-06
 1.33431e-06
 1.13627e-06
 1.04152e-06
 1.03169e-06
 1.04317e-06
 1.05237e-06
 1.05685e-06
 1.68526e-06
 1.68319e-06
 1.68238e-06
 1.67426e-06
 1.67276e-06
 1.67748e-06
 1.68409e-06
 1.68937e-06
 1.69251e-06
 1.69548e-06
 1.70115e-06
 1.70615e-06
 1.70706e-06
 1.70218e-06
 1.68691e-06
 1.68043e-06
 1.67694e-06
 1.55851e-06
 1.33431e-06
 1.13627e-06
 1.04152e-06
 1.03169e-06
 1.04317e-06
 1.05237e-06
 1.05685e-06
 1.68526e-06
 1.68319e-06
 1.68238e-06
 1.67426e-06
 1.67276e-06
 1.67748e-06
 1.68409e-06
 1.68937e-06
 1.69251e-06
 1.69548e-06
 1.70115e-06
 1.70615e-06
 1.70706e-06
 1.70218e-06
 1.68691e-06
 1.68043e-06
 1.67694e-06
 1.55851e-06
 1.33431e-06
 1.13627e-06
 1.04152e-06
 1.03169e-06
 1.04317e-06
 1.05237e-06
 1.05685e-06
 1.68526e-06
 1.68319e-06
 1.68238e-06
 1.67426e-06
 1.67276e-06
 1.67748e-06
 1.68409e-06
 1.68937e-06
 1.69251e-06
 1.69548e-06
 1.70115e-06
 1.70615e-06
 1.70706e-06
 1.70218e-06
 1.68691e-06
 1.68043e-06
 1.67694e-06
 1.55851e-06
 1.33431e-06
 1.13627e-06
 1.04152e-06
 1.03169e-06
 1.04317e-06
 1.05237e-06
 1.05685e-06
 1.68526e-06
 1.68319e-06
 1.68238e-06
 1.67426e-06
 1.67276e-06
 1.67748e-06
 1.68409e-06
 1.68937e-06
 1.69251e-06
 1.69548e-06
 1.70115e-06
 1.70615e-06
 1.70706e-06
 1.70218e-06
 1.68691e-06
 1.68043e-06
 1.67694e-06
 1.55851e-06
 1.33431e-06
 1.13627e-06
 1.04152e-06
 1.03169e-06
 1.04317e-06
 1.05237e-06
 1.05685e-06
 1.68526e-06
 1.68319e-06
 1.68238e-06
 1.67426e-06
 1.67276e-06
 1.67748e-06
 1.68409e-06
 1.68937e-06
 1.69251e-06
 1.69548e-06
 1.70115e-06
 1.70615e-06
 1.70706e-06
 1.70218e-06
 1.68691e-06
 1.68043e-06
 1.67694e-06
 1.55851e-06
 1.33431e-06
 1.13627e-06
 1.04152e-06
 1.03169e-06
 1.04317e-06
 1.05237e-06
 1.05685e-06
 1.68526e-06
 1.68319e-06
 1.68238e-06
 1.67426e-06
 1.67276e-06
 1.67748e-06
 1.68409e-06
 1.68937e-06
 1.69251e-06
 1.69548e-06
 1.70115e-06
 1.70615e-06
 1.70706e-06
 1.70218e-06
 1.68691e-06
 1.68043e-06
 1.67694e-06
 1.55851e-06
 1.33431e-06
 1.13627e-06
 1.04152e-06
 1.03169e-06
 1.04317e-06
 1.05237e-06
 1.05685e-06
 1.68526e-06
 1.68319e-06
 1.68238e-06
 1.67426e-06
 1.67276e-06
 1.67748e-06
 1.68409e-06
 1.68937e-06
 1.69251e-06
 1.69548e-06
 1.70115e-06
 1.70615e-06
 1.70706e-06
 1.70218e-06
 1.68691e-06
 1.68043e-06
 1.67694e-06
 1.55851e-06
 1.33431e-06
 1.13627e-06
 1.04152e-06
 1.03169e-06
 1.04317e-06
 1.05237e-06
 1.05685e-06
 1.68526e-06
 1.68319e-06
 1.68238e-06
 1.67426e-06
 1.67276e-06
 1.67748e-06
 1.68409e-06
 1.68937e-06
 1.69251e-06
 1.69548e-06
 1.70115e-06
 1.70615e-06
 1.70706e-06
 1.70218e-06
 1.68691e-06
 1.68043e-06
 1.67694e-06
 1.55851e-06
 1.33431e-06
 1.13627e-06
 1.04152e-06
 1.03169e-06
 1.04317e-06
 1.05237e-06
 1.05685e-06
 1.68526e-06
 1.68319e-06
 1.68238e-06
 1.67426e-06
 1.67276e-06
 1.67748e-06
 1.68409e-06
 1.68937e-06
 1.69251e-06
 1.69548e-06
 1.70115e-06
 1.70615e-06
 1.70706e-06
 1.70218e-06
 1.68691e-06
 1.68043e-06
 1.67694e-06
 1.55851e-06
 1.33431e-06
 1.13627e-06
 1.04152e-06
 1.03169e-06
 1.04317e-06
 1.05237e-06
 1.05685e-06
 1.68526e-06
 1.68319e-06
 1.68238e-06
 1.67426e-06
 1.67276e-06
 1.67748e-06
 1.68409e-06
 1.68937e-06
 1.69251e-06
 1.69548e-06
 1.70115e-06
 1.70615e-06
 1.70706e-06
 1.70218e-06
 1.68691e-06
 1.68043e-06
 1.67694e-06
 1.55851e-06
 1.33431e-06
 1.13627e-06
 1.04152e-06
 1.03169e-06
 1.04317e-06
 1.05237e-06
 1.05685e-06
 1.68526e-06
 1.68319e-06
 1.68238e-06
 1.67426e-06
 1.67276e-06
 1.67748e-06
 1.68409e-06
 1.68937e-06
 1.69251e-06
 1.69548e-06
 1.70115e-06
 1.70615e-06
 1.70706e-06
 1.70218e-06
 1.68691e-06
 1.68043e-06
 1.67694e-06
 1.55851e-06
 1.33431e-06
 1.13627e-06
 1.04152e-06
 1.03169e-06
 1.04317e-06
 1.05237e-06
 1.05685e-06
 1.68526e-06
 1.68319e-06
 1.68238e-06
 1.67426e-06
 1.67276e-06
 1.67748e-06
 1.68409e-06
 1.68937e-06
 1.69251e-06
 1.69548e-06
 1.70115e-06
 1.70615e-06
 1.70706e-06
 1.70218e-06
 1.68691e-06
 1.68043e-06
 1.67694e-06
 1.55851e-06
 1.33431e-06
 1.13627e-06
 1.04152e-06
 1.03169e-06
 1.04317e-06
 1.05237e-06
 1.05685e-06
 1.68526e-06
 1.68319e-06
 1.68238e-06
 1.67426e-06
 1.67276e-06
 1.67748e-06
 1.68409e-06
 1.68937e-06
 1.69251e-06
 1.69548e-06
 1.70115e-06
 1.70615e-06
 1.70706e-06
 1.70218e-06
 1.68691e-06
 1.68043e-06
 1.67694e-06
 1.55851e-06
 1.33431e-06
 1.13627e-06
 1.04152e-06
 1.03169e-06
 1.04317e-06
 1.05237e-06
 1.05685e-06
 1.68526e-06
 1.68319e-06
 1.68238e-06
 1.67426e-06
 1.67276e-06
 1.67748e-06
 1.68409e-06
 1.68937e-06
 1.69251e-06
 1.69548e-06
 1.70115e-06
 1.70615e-06
 1.70706e-06
 1.70218e-06
 1.68691e-06
 1.68043e-06
 1.67694e-06
 1.55851e-06
 1.33431e-06
 1.13627e-06
 1.04152e-06
 1.03169e-06
 1.04317e-06
 1.05237e-06
 1.05685e-06
 1.68526e-06
 1.68319e-06
 1.68238e-06
 1.67426e-06
 1.67276e-06
 1.67748e-06
 1.68409e-06
 1.68937e-06
 1.69251e-06
 1.69548e-06
 1.70115e-06
 1.70615e-06
 1.70706e-06
 1.70218e-06
 1.68691e-06
 1.68043e-06
 1.67694e-06
 1.55851e-06
 1.33431e-06
 1.13627e-06
 1.04152e-06
 1.03169e-06
 1.04317e-06
 1.05237e-06
 1.05685e-06
part
         4
hexa8
 1.05820e-06
 1.05889e-06
 1.06012e-06
 1.06081e-06
 1.06053e-06
 1.05849e-06
 1.04837e-06
 1.02267e-06
 9.60084e-07
 8.64869e-07
 7.45489e-07
 6.40202e-07
 5.65684e-07
 5.24726e-07
 5.07482e-07
 5.01971e-07
 5.00491e-07
 5.00120e-07
 5.00029e-07
 5.00007e-07
 5.00002e-07
 5.00000e-07
 5.00000e-07
 5.00000e-07
 5.00000e-07
 1.05820e-06
 1.05889e-06
 1.06012e-06
 1.06081e-06
 1.06053e-06
 1.05849e-06
 1.04837e-06
 1.02267e-06
 9.60084e-07
 8.64869e-07
 7.45489e-07
 6.40202e-07
 5.65684e-07
 5.24726e-07
 5.07482e-07
 5.01971e-07
 5.00491e-07
 5.00120e-07
 5.00029e-07
 5.00007e-07
 5.00002e-07
 5.00000e-07
 5.00000e-07
 5.00000e-07
 5.00000e-07
 1.05820e-06
 1.05889e-06
 1.06012e-06
 1.06081e-06
 1.06053e-06
 1.05849e-06
 1.04837e-06
 1.02267e-06
 9.60084e-07
 8.64869e-07
 7.45489e-07
 6.40202e-07
 5.65684e-07
 5.24726e-07
 5.07482e-07
 5.01971e-07
 5.00491e-07
 5.00120e-07
 5.00029e-07
 5.00007e-07
 5.00002e-07
 5.00000e-07
 5.00000e-07
 5.00000e-07
 5.00000e-07
 1.05820e-06
 1.05889e-06
 1.06012e-06
 1.06081e-06
 1.06053e-06
 1.05849e-06
 1.04837e-06
 1.02267e-06
 9.60084e-07
 8.64869e-07
 7.45489e-07
 6.40202e-07
 5.65684e-07
 5.24726e-07
 5.07482e-07
 5.01971e-07
 5.00491e-07
 5.00120e-07
 5.00029e-07
 5.00007e-07
 5.00002e-07
 5.00000e-07
 5.00000e-07
 5.00000e-07
 5.00000e-07
 1.05820e-06
 1.05889e-06
 1.06012e-06
 1.06081e-06
 1.06053e-06
 1.05849e-06
 1.04837e-06
 1.02267e-06
 9.60084e-07
 8.64869e-07
 7.45489e-07
 6.40202e-07
 5.65684e-07
 5.24726e-07
 5.07482e-07
 5.01971e-07
 5.00491e-07
 5.00120e-07
 5.00029e-07
 5.00007e-07
 5.00002e-07
 5.00000e-07
 5.00000e-07
 5.00000e-07
 5.00000e-07
 1.05820e-06
 1.05889e-06
 1.06012e-06
 1.06081e-06
 1.06053e-06
 1.05849e-06
 1.04837e-06
 1.02267e-06
 9.60084e-07
 8.64869e-07
 7.45489e-07
 6.40202e-07
 5.65684e-07
 5.24726e-07
 5.07482e-07
 5.01971e-07
 5.00491e-07
 5.00120e-07
 5.00029e-07
 5.00007e-07
 5.00002e-07
 5.00000e-07
 5.00000e-07
 5.00000e-07
 5.00000e-07
 1.05820e-06
 1.05889e-06
 1.06012e-06
 1.06081e-06
 1.06053e-06
 1.05849e-06
 1.04837e-06
 1.02267e-06
 9.60084e-07
 8.64869e-07
 7.45489e-07
 6.40202e-07
 5.65684e-07
 5.24726e-07
 5.07482e-07
 5.01971e-07
 5.00491e-07
 5.00120e-07
 5.00029e-07
 5.00007e-07
 5.00002e-07
 5.00000e-07
 5.00000e-07
 5.00000e-07
 5.00000e-07
 1.05820e-06
 1.05889e-06
 1.06012e-06
 1.06081e-06
 1.06053e-06
 1.05849e-06
 1.04837e-06
 1.02267e-06
 9.60084e-07
 8.64869e-07
 7.45489e-07
 6.40202e-07
 5.65684e-07
 5.24726e-07
 5.07482e-07
 5.01971e-07
 5.00491e-07
 5.00120e-07
 5.00029e-07
 5.00007e-07
 5.00002e-07
 5.00000e-07
 5.00000e-07
 5.00000e-07
 5.00000e-07
 1.05820e-06
 1.05889e-06
 1.06012e-06
 1.06081e-06
 1.06053e-06
 1.05849e-06
 1.04837e-06
 1.02267e-06
 9.60084e-07
 8.64869e-07
 7.45489e-07
 6.40202e-07
 5.65684e-07
 5.24726e-07
 5.07482e-07
 5.01971e-07
 5.00491e-07
 5.00120e-07
 5.00029e-07
 5.00007e-07
 5.00002e-07
 5.00000e-07
 5.00000e-07
 5.00000e-07
 5.00000e-07
 1.05820e-06
 1.05889e-06
 1.06012e-06
 1.06081e-06
 1.06053e-06
 1.05849e-06
 1.04837e-06
 1.02267e-06
 9.60084e-07
 8.64869e-07
 7.45489e-07
 6.40202e-07
 5.65684e-07
 5.24726e-07
 5.07482e-07
 5.01971e-07
 5.00491e-07
 5.00120e-07
 5.00029e-07
 5.00007e-07
 5.00002e-07
 5.00000e-07
 5.00000e-07
 5.00000e-07
 5.00000e-07
 1.05820e-06
 1.05889e-06
 1.06012e-06
 1.06081e-06
 1.06053e-06
 1.05849e-06
 1.04837e-06
 1.02267e-06
 9.60084e-07
 8.64869e-07
 7.45489e-07
 6.40202e-07
 5.65684e-07
 5.24726e-07
 5.07482e-07
 5.01971e-07
 5.00491e-07
 5.00120e-07
 5.00029e-07
 5.00007e-07
 5.00002e-07
 5.00000e-07
 5.00000e-07
 5.00000e-07
 5.00000e-07
 1.05820e-06
 1.05889e-06
 1.06012e-06
 1.06081e-06
 1.06053e-06
 1.05849e-06
 1.04837e-06
 1.02267e-06
 9.60084e-07
 8.64869e-07
 7.45489e-07
 6.40202e-07
 5.65684e-07
 5.24726e-07
 5.07482e-07
 5.01971e-07
 5.00491e-07
 5.00120e-07
 5.00029e-07
 5.00007e-07
 5.00002e-07
 5.00000e-07
 5.00000e-07
 5.00000e-07
 5.00000e-07
 1.05820e-06
 1.05889e-06
 1.06012e-06
 1.06081e-06
 1.06053e-06
 1.05849e-06
 1.04837e-06
 1.02267e-06
 9.60084e-07
 8.64869e-07
 7.45489e-07
 6.40202e-07
 5.65684e-07
 5.24726e-07
 5.07482e-07
 5.01971e-07
 5.00491e-07
 5.00120e-07
 5.00029e-07
 5.00007e-07
 5.00002e-07
 5.00000e-07
 5.00000e-07
 5.00000e-07
 5.00000e-07
 1.05820e-06
 1.05889e-06
 1.06012e-06
 1.06081e-06
 1.06053e-06
 1.05849e-06
 1.04837e-06
 1.02267e-06
 9.60084e-07
 8.64869e-07
 7.45489e-07
 6.40202e-07
 5.65684e-07
 5.24726e-07
 5.07482e-07
 5.01971e-07
 5.00491e-07
 5.00120e-07
 5.00029e-07
 5.00007e-07
 5.00002e-07
 5.00000e-07
 5.00000e-07
 5.00000e-07
 5.00000e-07
 1.05820e-06
 1.05889e-06
 1.06012e-06
 1.06081e-06
 1.06053e-06
 1.05849e-06
 1.04837e-06
 1.02267e-06
 9.60084e-07
 8.64869e-07
 7.45489e-07
 6.40202e-07
 5.65684e-07
 5.24726e-07
 5.07482e-07
 5.01971e-07
 5.00491e-07
 5.00120e-07
 5.00029e-07
 5.00007e-07
 5.00002e-07
 5.00000e-07
 5.00000e-07
 5.00000e-07
 5.00000e-07
 1.05820e-06
 1.05889e-06
 1.06012e-06
 1.06081e-06
 1.06053e-06
 1.05849e-06
 1.04837e-06
 1.02267e-06
 9.60084e-07
 8.64869e-07
 7.45489e-07
 6.40202e-07
 5.65684e-07
 5.24726e-07
 5.07482e-07
 5.01971e-07
 5.00491e-07
 5.00120e-07
 5.00029e-07
 5.00007e-07
 5.00002e-07
 5.00000e-07
 5.00000e-07
 5.00000e-07
 5.00000e-07
 1.05820e-06
 1.05889e-06
 1.06012e-06
 1.06081e-06
 1.06053e-06
 1.05849e-06
 1.04837e-06
 1.02267e-06
 9.60084e-07
 8.64869e-07
 7.45489e-07
 6.40202e-07
 5.65684e-07
 5.24726e-07
 5.07482e-07
 5.01971e-07
 5.00491e-07
 5.00120e-07
 5.00029e-07
 5.00007e-07
 5.00002e-07
 5.00000e-07
 5.00000e-07
 5.00000e-07
 5.00000e-07
 1.05820e-06
 1.05889e-06
 1.06012e-06
 1.06081e-06
 1.06053e-06
 1.05849e-06
 1.04837e-06
 1.02267e-06
 9.60084e-07
 8.64869e-07
 7.45489e-07
 6.40202e-07
 5.65684e-07
 5.24726e-07
 5.07482e-07
 5.01971e-07
 5.00491e-07
 5.00120e-07
 5.00029e-07
 5.00007e-07
 5.00002e-07
 5.00000e-07
 5.00000e-07
 5.00000e-07
 5.00000e-07
 1.05820e-06
 1.05889e-06
 1.06012e-06
 1.06081e-06
 1.06053e-06
 1.05849e-06
 1.04837e-06
 1.02267e-06
 9.60084e-07
 8.64869e-07
 7.45489e-07
 6.40202e-07
 5.65684e-07
 5.24726e-07
 5.07482e-07
 5.01971e-07
 5.00491e-07
 5.00120e-07
 5.00029e-07
 5.00007e-07
 5.00002e-07
 5.00000e-07
 5.00000e-07
 5.00000e-07
 5.00000e-07
 1.05820e-06
 1.05889e-06
 1.06012e-06
 1.06081e-06
 1.06053e-06
 1.05849e-06
 1.04837e-06
 1.02267e-06
 9.60084e-07
 8.64869e-07
 7.45489e-07
 6.40202e-07
 5.65684e-07
 5.24726e-07
 5.07482e-07
 5.01971e-07
 5.00491e-07
 5.00120e-07
 5.00029e-07
 5.00007e-07
 5.00002e-07
 5.00000e-07
 5.00000e-07
 5.00000e-07
 5.00000e-07
 1.05820e-06
 1.05889e-06
 1.06012e-06
 1.06081e-06
 1.06053e-06
 1.05849e-06
 1.04837e-06
 1.02267e-06
 9.60084e-07
 8.64869e-07
 7.45489e-07
 6.40202e-07
 5.65684e-07
 5.24726e-07
 5.07482e-07
 5.01971e-07
 5.00491e-07
 5.00120e-07
 5.00029e-07
 5.00007e-07
 5.00002e-07
 5.00000e-07
 5.00000e-07
 5.00000e-07
 5.00000e-07
 1.05820e-06
 1.05889e-06
 1.06012e-06
 1.06081e-06
 1.06053e-06
 1.05849e-06
 1.04837e-06
 1.02267e-06
 9.60084e-07
 8.64869e-07
 7.45489e-07
 6.40202e-07
 5.65684e-07
 5.24726e-07
 5.07482e-07
 5.01971e-07
 5.00491e-07
 5.00120e-07
 5.00029e-07
 5.00007e-07
 5.00002e-07
 5.00000e-07
 5.00000e-07
 5.00000e-07
 5.00000e-07
 1.05820e-06
 1.05889e-06
 1.06012e-06
 1.06081e-06
 1.06053e-06
 1.05849e-06
 1.04837e-06
 1.02267e-06
 9.60084e-07
 8.64869e-07
 7.45489e-07
 6.40202e-07
 5.65684e-07
 5.24726e-07
 5.07482e-07
 5.01971e-07
 5.00491e-07
 5.00120e-07
 5.00029e-07
 5.00007e-07
 5.00002e-07
 5.00000e-07
 5.00000e-07
 5.00000e-07
 5.00000e-07
 1.05820e-06
 1.05889e-06
 1.06012e-06
 1.06081e-06
 1.06053e-06
 1.05849e-06
 1.04837e-06
 1.02267e-06
 9.60084e-07
 8.64869e-07
 7.45489e-07
 6.40202e-07
 5.65684e-07
 5.24726e-07
 5.07482e-07
 5.01971e-07
 5.00491e-07
 5.00120e-07
 5.00029e-07
 5.00007e-07
 5.00002e-07
 5.00000e-07
 5.00000e-07
 5.00000e-07
 5.00000e-07
 1.05820e-06
 1.05889e-06
 1.06012e-06
 1.06081e-06
 1.06053e-06
 1.05849e-06
 1.04837e-06
 1.02267e-06
 9.60084e-07
 8.64869e-07
 7.45489e-07
 6.40202e-07
 5.65684e-07
 5.24726e-07
 5.07482e-07
 5.01971e-07
 5.00491e-07
 5.00120e-07
 5.00029e-07
 5.00007e-07
 5.00002e-07
 5.00000e-07
 5.00000e-07
 5.00000e-07
 5.00000e-07
