CellMass
part
         1
hexa8
 0.00000e+00
 0.00000e+00
 0.00000e+00
 0.00000e+00
 0.00000e+00
 0.00000e+00
 0.00000e+00
 0.00000e+00
 0.00000e+00
 0.00000e+00
 0.00000e+00
 0.00000e+00
 0.00000e+00
 0.00000e+00
 0.00000e+00
 0.00000e+00
 0.00000e+00
 0.00000e+00
 0.00000e+00
 0.00000e+00
 0.00000e+00
 0.00000e+00
 0.00000e+00
 0.00000e+00
 0.00000e+00
 0.00000e+00
 0.00000e+00
 0.00000e+00
 0.00000e+00
 0.00000e+00
 0.00000e+00
 0.00000e+00
 0.00000e+00
 0.00000e+00
 0.00000e+00
 0.00000e+00
 0.00000e+00
 0.00000e+00
 0.00000e+00
 0.00000e+00
 0.00000e+00
 0.00000e+00
 0.00000e+00
 0.00000e+00
 0.00000e+00
 0.00000e+00
 0.00000e+00
 0.00000e+00
 0.00000e+00
 0.00000e+00
 0.00000e+00
 0.00000e+00
 0.00000e+00
 0.00000e+00
 0.00000e+00
 0.00000e+00
 0.00000e+00
 0.00000e+00
 0.00000e+00
 0.00000e+00
 0.00000e+00
 0.00000e+00
 0.00000e+00
 0.00000e+00
 0.00000e+00
 0.00000e+00
 0.00000e+00
 0.00000e+00
 0.00000e+00
 0.00000e+00
 0.00000e+00
 0.00000e+00
 0.00000e+00
 0.00000e+00
 0.00000e+00
 0.00000e+00
 0.00000e+00
 0.00000e+00
 0.00000e+00
 0.00000e+00
 0.00000e+00
 0.00000e+00
 0.00000e+00
 0.00000e+00
 0.00000e+00
 0.00000e+00
 0.00000e+00
 0.00000e+00
 0.00000e+00
 0.00000e+00
 0.00000e+00
 0.00000e+00
 0.00000e+00
 0.00000e+00
 0.00000e+00
 0.00000e+00
 0.00000e+00
 0.00000e+00
 0.00000e+00
 0.00000e+00
 0.00000e+00
 0.00000e+00
 0.00000e+00
 0.00000e+00
 0.00000e+00
 0.00000e+00
 0.00000e+00
 1.12721e-39
 6.46809e-38
 1.84335e-36
 3.47732e-35
 4.88287e-34
 5.44210e-33
 5.01279e-32
 3.92340e-31
 2.66232e-30
 1.59026e-29
 8.46093e-29
 4.04738e-28
 1.75394e-27
 6.92814e-27
 2.50714e-26
 8.34683e-26
 2.56537e-25
 7.29972e-25
 1.92754e-24
 4.73209e-24
 1.08162e-23
 2.30417e-23
 4.57748e-23
 8.48156e-23
 1.46522e-22
 2.18927e-22
 2.52161e-22
 2.57899e-22
 2.53038e-22
 2.32847e-22
 1.89832e-22
 1.23109e-22
 6.24623e-23
 2.98904e-23
 1.36402e-23
 5.95217e-24
 2.48912e-24
 9.99543e-25
 3.86093e-25
 1.43738e-25
 5.14692e-26
 1.83147e-26
 5.08840e-27
 0.00000e+00
 0.00000e+00
 0.00000e+00
 0.00000e+00
 0.00000e+00
 1.34564e-39
 7.95787e-38
 2.42277e-36
 5.01032e-35
 7.84031e-34
 9.82558e-33
 1.02159e-31
 9.03175e-31
 6.91601e-30
 4.65398e-29
 2.78465e-28
 1.49581e-27
 7.27119e-27
 3.21990e-26
 1.30613e-25
 4.87563e-25
 1.68122e-24
 5.37190e-24
 1.59459e-23
 4.40642e-23
 1.13539e-22
 2.73128e-22
 6.13952e-22
 1.29027e-21
 2.53559e-21
 4.65842e-21
 7.99569e-21
 1.18953e-20
 1.36937e-20
 1.40151e-20
 1.37702e-20
 1.27288e-20
 1.04921e-20
 7.00488e-21
 3.80000e-21
 2.06050e-21
 1.15767e-21
 6.81496e-22
 4.14570e-22
 2.53461e-22
 1.51486e-22
 8.73560e-23
 4.72227e-23
 2.58779e-23
 1.03839e-23
 0.00000e+00
 0.00000e+00
 0.00000e+00
 0.00000e+00
 2.58358e-38
 1.46634e-36
 4.13721e-35
 7.77496e-34
 1.09919e-32
 1.25041e-31
 1.19392e-30
 9.84193e-30
 7.14204e-29
 4.62590e-28
 2.70131e-27
 1.43308e-26
 6.94874e-26
 3.09478e-25
 1.27133e-24
 4.83436e-24
 1.70688e-23
 5.61010e-23
 1.72021e-22
 4.92940e-22
 1.32194e-21
 3.32108e-21
 7.82183e-21
 1.72771e-20
 3.57938e-20
 6.95384e-20
 1.26613e-19
 2.15838e-19
 3.19577e-19
 3.67639e-19
 3.76516e-19
 3.70432e-19
 3.43922e-19
 2.86524e-19
 1.96564e-19
 1.12905e-19
 6.71023e-20
 4.24883e-20
 2.82505e-20
 1.89880e-20
 1.24516e-20
 7.78263e-21
 4.61234e-21
 2.53263e-21
 1.40153e-21
 5.64297e-22
 0.00000e+00
 0.00000e+00
 0.00000e+00
 8.58144e-39
 1.84595e-36
 8.89216e-35
 2.31776e-33
 4.09970e-32
 5.47070e-31
 5.85764e-30
 5.24012e-29
 4.02931e-28
 2.71915e-27
 1.63588e-26
 8.87933e-26
 4.38878e-25
 1.98971e-24
 8.32177e-24
 3.22575e-23
 1.16323e-22
 3.91434e-22
 1.23224e-21
 3.63617e-21
 1.00735e-20
 2.62306e-20
 6.42479e-20
 1.48087e-19
 3.21236e-19
 6.55673e-19
 1.25856e-18
 2.26988e-18
 3.84172e-18
 5.65887e-18
 6.50409e-18
 6.66526e-18
 6.56600e-18
 6.12225e-18
 5.15380e-18
 3.62778e-18
 2.18897e-18
 1.39557e-18
 9.56621e-19
 6.81865e-19
 4.81819e-19
 3.26178e-19
 2.07729e-19
 1.24402e-19
 6.86679e-20
 3.81023e-20
 1.53322e-20
 0.00000e+00
 0.00000e+00
 0.00000e+00
 4.77612e-37
 6.22886e-35
 2.69301e-33
 6.65772e-32
 1.13570e-30
 1.46954e-29
 1.52700e-28
 1.32375e-27
 9.83885e-27
 6.39941e-26
 3.70051e-25
 1.92632e-24
 9.11752e-24
 3.95552e-23
 1.58328e-22
 5.87848e-22
 2.03347e-21
 6.57721e-21
 1.99503e-20
 5.68825e-20
 1.52726e-19
 3.86650e-19
 9.23774e-19
 2.08370e-18
 4.43747e-18
 8.91880e-18
 1.69056e-17
 3.01877e-17
 5.07050e-17
 7.42760e-17
 8.52786e-17
 8.74413e-17
 8.62462e-17
 8.07529e-17
 6.86712e-17
 4.95448e-17
 3.12121e-17
 2.10225e-17
 1.52568e-17
 1.14024e-17
 8.32725e-18
 5.75357e-18
 3.70666e-18
 2.23294e-18
 1.23559e-18
 6.86195e-19
 2.75710e-19
 0.00000e+00
 0.00000e+00
 9.58560e-39
 1.36932e-35
 1.35882e-33
 5.38949e-32
 1.27454e-30
 2.11128e-29
 2.66937e-28
 2.71650e-27
 2.30688e-26
 1.67804e-25
 1.06645e-24
 6.01410e-24
 3.04707e-23
 1.40111e-22
 5.89612e-22
 2.28656e-21
 8.21958e-21
 2.75227e-20
 8.61971e-20
 2.53362e-19
 7.00910e-19
 1.82905e-18
 4.50992e-18
 1.05195e-17
 2.32267e-17
 4.85522e-17
 9.60543e-17
 1.79710e-16
 3.17567e-16
 5.29150e-16
 7.70563e-16
 8.83610e-16
 9.06514e-16
 8.95192e-16
 8.41569e-16
 7.22687e-16
 5.33848e-16
 3.49807e-16
 2.46025e-16
 1.86274e-16
 1.44330e-16
 1.08180e-16
 7.59580e-17
 4.93617e-17
 2.98550e-17
 1.65412e-17
 9.18744e-18
 3.68496e-18
 0.00000e+00
 0.00000e+00
 5.18155e-37
 2.67974e-34
 2.18381e-32
 8.02970e-31
 1.82273e-29
 2.93933e-28
 3.64152e-27
 3.64229e-26
 3.04354e-25
 2.17849e-24
 1.36141e-23
 7.54077e-23
 3.74725e-22
 1.68744e-21
 6.94383e-21
 2.62961e-20
 9.21986e-20
 3.00844e-19
 9.17644e-19
 2.62650e-18
 7.07717e-18
 1.80007e-17
 4.33113e-17
 9.87392e-17
 2.13503e-16
 4.38071e-16
 8.52825e-16
 1.57418e-15
 2.75158e-15
 4.54640e-15
 6.57926e-15
 7.53401e-15
 7.73316e-15
 7.64547e-15
 7.21596e-15
 6.25563e-15
 4.72470e-15
 3.21106e-15
 2.34229e-15
 1.82738e-15
 1.45751e-15
 1.11858e-15
 7.97129e-16
 5.21876e-16
 3.16557e-16
 1.75482e-16
 9.74448e-17
 3.90139e-17
 0.00000e+00
 0.00000e+00
 1.38838e-35
 3.99417e-33
 2.77504e-31
 9.51480e-30
 2.07621e-28
 3.26193e-27
 3.96377e-26
 3.90231e-25
 3.21511e-24
 2.27047e-23
 1.39976e-22
 7.64428e-22
 3.74196e-21
 1.65805e-20
 6.70527e-20
 2.49235e-19
 8.56667e-19
 2.73726e-18
 8.16825e-18
 2.28566e-17
 6.01877e-17
 1.49606e-16
 3.51934e-16
 7.85126e-16
 1.66356e-15
 3.35080e-15
 6.68855e-15
 1.22715e-14
 2.11384e-14
 3.44578e-14
 4.94186e-14
 5.67641e-14
 5.88954e-14
 5.92259e-14
 5.76755e-14
 5.24439e-14
 4.20804e-14
 3.13648e-14
 2.46831e-14
 1.49386e-14
 1.21386e-14
 9.54420e-15
 6.92047e-15
 4.55823e-15
 2.77000e-15
 1.53545e-15
 8.52286e-16
 3.40663e-16
 0.00000e+00
 0.00000e+00
 2.45803e-34
 4.79677e-32
 2.91147e-30
 9.34796e-29
 1.96220e-27
 3.00376e-26
 3.58077e-25
 3.47156e-24
 2.82260e-23
 1.96914e-22
 1.19970e-21
 6.47368e-21
 3.12961e-20
 1.36847e-19
 5.45625e-19
 1.99742e-18
 6.75418e-18
 2.12078e-17
 6.21253e-17
 1.70493e-16
 4.39984e-16
 1.07130e-15
 2.46834e-15
 5.65775e-15
 1.20167e-14
 2.39150e-14
 4.51176e-14
 8.05397e-14
 1.36422e-13
 2.19376e-13
 3.11672e-13
 3.57491e-13
 3.71637e-13
 3.75515e-13
 3.69410e-13
 3.44156e-13
 2.88148e-13
 2.25808e-13
 1.86732e-13
 1.57607e-13
 1.26395e-13
 9.29520e-14
 6.42301e-14
 3.38072e-14
 2.05595e-14
 1.13901e-14
 6.31983e-15
 2.52254e-15
 0.00000e+00
 0.00000e+00
 3.23398e-33
 4.80074e-31
 2.59492e-29
 7.83229e-28
 1.58246e-26
 2.36002e-25
 2.75951e-24
 2.63466e-23
 2.11460e-22
 1.45822e-21
 8.78773e-21
 4.69122e-20
 2.24323e-19
 9.69760e-19
 3.82008e-18
 1.38050e-17
 4.60378e-17
 1.42420e-16
 4.10605e-16
 1.10790e-15
 2.80847e-15
 7.10682e-15
 1.65238e-14
 3.58989e-14
 7.34355e-14
 1.42326e-13
 2.62181e-13
 4.59670e-13
 7.67415e-13
 1.21982e-12
 1.71858e-12
 1.96862e-12
 2.04999e-12
 2.07769e-12
 2.05762e-12
 1.94504e-12
 1.67174e-12
 1.35248e-12
 1.14863e-12
 9.92326e-13
 8.30416e-13
 6.37038e-13
 4.39055e-13
 2.62471e-13
 1.51970e-13
 7.30882e-14
 4.05444e-14
 1.61666e-14
 0.00000e+00
 0.00000e+00
 3.37183e-32
 4.09600e-30
 2.00412e-28
 5.70972e-27
 1.11131e-25
 1.61451e-24
 1.85118e-23
 1.74021e-22
 1.37872e-21
 9.40003e-21
 5.60576e-20
 2.96261e-19
 1.40254e-18
 6.00151e-18
 2.33896e-17
 8.35724e-17
 2.75347e-16
 8.40785e-16
 2.39038e-15
 6.35378e-15
 1.74566e-14
 4.18012e-14
 9.34065e-14
 1.96737e-13
 3.92879e-13
 7.46081e-13
 1.34967e-12
 2.32829e-12
 3.83246e-12
 6.02069e-12
 8.40966e-12
 9.61868e-12
 1.00312e-11
 1.01943e-11
 1.01574e-11
 9.72447e-12
 8.54123e-12
 7.08823e-12
 6.13581e-12
 5.38111e-12
 4.56988e-12
 3.58465e-12
 2.50458e-12
 1.56826e-12
 9.03391e-13
 4.77867e-13
 2.28559e-13
 9.10846e-14
 0.00000e+00
 0.00000e+00
 2.90116e-31
 3.02932e-29
 1.36088e-27
 3.67546e-26
 6.89947e-25
 9.76541e-24
 1.09772e-22
 1.01577e-21
 7.94278e-21
 5.35400e-20
 3.16014e-19
 1.65399e-18
 7.75649e-18
 3.28763e-17
 1.26882e-16
 4.48740e-16
 1.46249e-15
 4.41415e-15
 1.36076e-14
 3.71156e-14
 9.22031e-14
 2.13540e-13
 4.65619e-13
 9.60751e-13
 1.88214e-12
 3.50911e-12
 6.23789e-12
 1.05871e-11
 1.71738e-11
 2.66464e-11
 3.68826e-11
 4.21136e-11
 4.39812e-11
 4.48096e-11
 4.49031e-11
 4.35014e-11
 3.89829e-11
 3.30962e-11
 2.91137e-11
 2.58435e-11
 2.21985e-11
 1.76975e-11
 1.25647e-11
 8.04056e-12
 4.64381e-12
 2.49009e-12
 1.29826e-12
 4.98695e-13
 0.00000e+00
 0.00000e+00
 2.11815e-30
 1.96756e-28
 8.21547e-27
 2.11283e-25
 3.83097e-24
 5.28448e-23
 5.82308e-22
 5.30284e-21
 4.09166e-20
 2.72650e-19
 1.59279e-18
 8.25723e-18
 3.83698e-17
 1.61168e-16
 6.16333e-16
 2.15919e-15
 6.96717e-15
 2.38999e-14
 6.83791e-14
 1.77927e-13
 4.30432e-13
 9.77230e-13
 2.09272e-12
 4.24196e-12
 8.16251e-12
 1.49479e-11
 2.61094e-11
 4.35793e-11
 6.96182e-11
 1.06593e-10
 1.46113e-10
 1.66528e-10
 1.74146e-10
 1.77848e-10
 1.79183e-10
 1.75541e-10
 1.60339e-10
 1.39017e-10
 1.24050e-10
 1.11306e-10
 9.66262e-11
 7.81957e-11
 5.64478e-11
 3.66626e-11
 2.12526e-11
 1.13908e-11
 6.10977e-12
 2.36656e-12
 0.00000e+00
 0.00000e+00
 1.33916e-29
 1.13430e-27
 4.44840e-26
 1.09421e-24
 1.91983e-23
 2.58246e-22
 2.78973e-21
 2.49980e-20
 1.90293e-19
 1.25331e-18
 7.24603e-18
 3.72079e-17
 1.71345e-16
 7.13422e-16
 2.70441e-15
 1.05547e-14
 3.62053e-14
 1.09510e-13
 3.00614e-13
 7.64699e-13
 1.81874e-12
 4.06425e-12
 8.56417e-12
 1.70707e-11
 3.22813e-11
 5.80754e-11
 9.96551e-11
 1.63495e-10
 2.57014e-10
 3.87921e-10
 5.26200e-10
 5.98543e-10
 6.26752e-10
 6.41512e-10
 6.49628e-10
 6.43190e-10
 5.98350e-10
 5.29117e-10
 4.78295e-10
 4.33429e-10
 3.80145e-10
 3.12130e-10
 2.29259e-10
 1.50843e-10
 8.77748e-11
 4.70333e-11
 2.54440e-11
 9.92809e-12
 0.00000e+00
 0.00000e+00
 7.44534e-29
 5.85594e-27
 2.17617e-25
 5.14172e-24
 8.74670e-23
 1.14827e-21
 1.21633e-20
 1.07242e-19
 8.05274e-19
 5.24131e-18
 2.99857e-17
 1.52505e-16
 6.96014e-16
 2.87301e-15
 1.25419e-14
 4.70138e-14
 1.52144e-13
 4.44009e-13
 1.19527e-12
 2.99593e-12
 7.02665e-12
 1.54774e-11
 3.21204e-11
 6.29974e-11
 1.17119e-10
 2.07008e-10
 3.48885e-10
 5.62291e-10
 8.69034e-10
 1.29114e-09
 1.73196e-09
 1.96599e-09
 2.06137e-09
 2.11436e-09
 2.15146e-09
 2.15155e-09
 2.03731e-09
 1.83562e-09
 1.67915e-09
 1.53584e-09
 1.36072e-09
 1.13320e-09
 8.47464e-10
 5.64355e-10
 3.30301e-10
 1.77044e-10
 9.61560e-11
 3.76726e-11
 0.00000e+00
 0.00000e+00
 3.68415e-28
 2.72776e-26
 9.67747e-25
 2.20511e-23
 3.64450e-22
 4.67407e-21
 4.85681e-20
 4.21371e-19
 3.12082e-18
 2.00707e-17
 1.13609e-16
 5.72240e-16
 2.58820e-15
 1.26825e-14
 5.24045e-14
 1.83207e-13
 5.72298e-13
 1.64011e-12
 4.35715e-12
 1.07866e-11
 2.49773e-11
 5.42729e-11
 1.10999e-10
 2.14315e-10
 3.91829e-10
 6.80452e-10
 1.12605e-09
 1.78167e-09
 2.70420e-09
 3.94793e-09
 5.23367e-09
 5.92791e-09
 6.22387e-09
 6.39655e-09
 6.53869e-09
 6.60110e-09
 6.35899e-09
 5.83335e-09
 5.39560e-09
 4.97914e-09
 4.45607e-09
 3.76288e-09
 2.86695e-09
 1.93142e-09
 1.14015e-09
 6.11442e-10
 3.33227e-10
 1.30936e-10
 0.00000e+00
 0.00000e+00
 1.63822e-27
 1.15386e-25
 3.93275e-24
 8.67394e-23
 1.39571e-21
 1.75062e-20
 1.78535e-19
 1.52446e-18
 1.11364e-17
 7.07611e-17
 3.96247e-16
 1.97641e-15
 1.08433e-14
 5.00209e-14
 1.90872e-13
 6.42510e-13
 1.97130e-12
 5.58058e-12
 1.46609e-11
 3.58834e-11
 8.20929e-11
 1.76076e-10
 3.55086e-10
 6.75235e-10
 1.21438e-09
 2.07209e-09
 3.36589e-09
 5.22451e-09
 7.77498e-09
 1.11340e-08
 1.45744e-08
 1.64706e-08
 1.73177e-08
 1.78319e-08
 1.83078e-08
 1.86484e-08
 1.82680e-08
 1.70531e-08
 1.59399e-08
 1.48372e-08
 1.34139e-08
 1.14829e-08
 8.91742e-09
 6.07861e-09
 3.62696e-09
 1.94760e-09
 1.06551e-09
 4.19892e-10
 0.00000e+00
 0.00000e+00
 6.59763e-27
 4.45703e-25
 1.46716e-23
 3.14267e-22
 4.93334e-21
 6.05886e-20
 6.06837e-19
 5.10115e-18
 3.67576e-17
 2.30746e-16
 1.27815e-15
 6.31238e-15
 4.03817e-14
 1.71568e-13
 6.26854e-13
 2.07075e-12
 6.27904e-12
 1.75941e-11
 4.57503e-11
 1.10780e-10
 2.50544e-10
 5.30745e-10
 1.05595e-09
 1.97853e-09
 3.50124e-09
 5.86998e-09
 9.35648e-09
 1.42362e-08
 2.07291e-08
 2.90581e-08
 3.75211e-08
 4.23065e-08
 4.45549e-08
 4.59614e-08
 4.73846e-08
 4.86741e-08
 4.84686e-08
 4.60267e-08
 4.34630e-08
 4.08019e-08
 3.72712e-08
 3.23357e-08
 2.55934e-08
 1.76806e-08
 1.06772e-08
 5.74725e-09
 3.15851e-09
 1.24874e-09
 0.00000e+00
 0.00000e+00
 2.42210e-26
 1.57965e-24
 5.04461e-23
 1.05261e-21
 1.61520e-20
 1.94476e-19
 1.91430e-18
 1.58479e-17
 1.12659e-16
 6.98701e-16
 3.82813e-15
 2.71719e-14
 1.32294e-13
 5.30051e-13
 1.89651e-12
 6.19131e-12
 1.85933e-11
 5.16136e-11
 1.32923e-10
 3.18598e-10
 7.12728e-10
 1.49205e-09
 2.93028e-09
 5.41240e-09
 9.42715e-09
 1.55302e-08
 2.42827e-08
 3.61874e-08
 5.14152e-08
 7.03852e-08
 8.95424e-08
 1.00735e-07
 1.06296e-07
 1.09865e-07
 1.13703e-07
 1.17726e-07
 1.19121e-07
 1.15059e-07
 1.09755e-07
 1.03923e-07
 9.59333e-08
 8.43291e-08
 6.79728e-08
 4.77348e-08
 2.91967e-08
 1.57740e-08
 8.71444e-09
 3.45797e-09
 0.00000e+00
 0.00000e+00
 8.14908e-26
 5.15801e-24
 1.60418e-22
 3.26960e-21
 4.91353e-20
 5.80722e-19
 5.62237e-18
 4.58609e-17
 3.21700e-16
 1.97125e-15
 1.52040e-14
 8.67909e-14
 3.86939e-13
 1.51022e-12
 5.33627e-12
 1.72584e-11
 5.13796e-11
 1.41378e-10
 3.60788e-10
 8.56452e-10
 1.89624e-09
 3.92533e-09
 7.61445e-09
 1.38722e-08
 2.37915e-08
 3.85169e-08
 5.90601e-08
 8.61099e-08
 1.19016e-07
 1.58673e-07
 1.98526e-07
 2.22851e-07
 2.35751e-07
 2.44224e-07
 2.53630e-07
 2.64545e-07
 2.71891e-07
 2.67148e-07
 2.57478e-07
 2.45963e-07
 2.29472e-07
 2.04315e-07
 1.67580e-07
 1.19934e-07
 7.44071e-08
 4.04073e-08
 2.24566e-08
 8.94709e-09
 0.00000e+00
 0.00000e+00
 2.52397e-25
 1.55722e-23
 4.73218e-22
 9.44444e-21
 1.39250e-19
 1.61754e-18
 1.54164e-17
 1.23965e-16
 8.58322e-16
 5.19713e-15
 4.74971e-14
 2.42463e-13
 1.04198e-12
 4.00876e-12
 1.40319e-11
 4.50070e-11
 1.32903e-10
 3.62674e-10
 9.17562e-10
 2.15838e-09
 4.73251e-09
 9.69381e-09
 1.85871e-08
 3.34238e-08
 5.64767e-08
 8.98776e-08
 1.35125e-07
 1.92388e-07
 2.57975e-07
 3.33881e-07
 4.09700e-07
 4.58867e-07
 4.87099e-07
 5.06164e-07
 5.27254e-07
 5.53706e-07
 5.77592e-07
 5.77352e-07
 5.62804e-07
 5.42673e-07
 5.11604e-07
 4.61119e-07
 3.84530e-07
 2.81033e-07
 1.77243e-07
 9.69114e-08
 5.42162e-08
 2.16941e-08
 0.00000e+00
 0.00000e+00
 7.22339e-25
 4.35985e-23
 1.29829e-21
 2.54293e-20
 3.68481e-19
 4.21222e-18
 3.95555e-17
 3.13750e-16
 2.14507e-15
 2.09691e-14
 1.28937e-13
 6.19866e-13
 2.61564e-12
 9.96284e-12
 3.45922e-11
 1.10105e-10
 3.22646e-10
 8.73562e-10
 2.19214e-09
 5.11259e-09
 1.11084e-08
 2.25320e-08
 4.27413e-08
 7.59354e-08
 1.26527e-07
 1.98045e-07
 2.91920e-07
 4.04759e-07
 5.25243e-07
 6.57966e-07
 7.88471e-07
 8.80712e-07
 9.39171e-07
 9.80138e-07
 1.02393e-06
 1.08235e-06
 1.14498e-06
 1.16385e-06
 1.14919e-06
 1.11909e-06
 1.06550e-06
 9.71553e-07
 8.23176e-07
 6.15350e-07
 3.95597e-07
 2.18201e-07
 1.22957e-07
 4.94208e-08
 0.00000e+00
 0.00000e+00
 1.91615e-24
 1.13489e-22
 3.31998e-21
 6.39492e-20
 9.12189e-19
 1.02746e-17
 9.51573e-17
 7.45033e-16
 5.03202e-15
 5.68546e-14
 3.15485e-13
 1.47548e-12
 6.15462e-12
 2.32523e-11
 8.01427e-11
 2.53258e-10
 7.36763e-10
 1.98001e-09
 4.93062e-09
 1.14073e-08
 2.45766e-08
 4.94039e-08
 9.28069e-08
 1.63104e-07
 2.68362e-07
 4.13605e-07
 5.97867e-07
 8.03779e-07
 1.00727e-06
 1.21858e-06
 1.41936e-06
 1.57720e-06
 1.69251e-06
 1.77647e-06
 1.86016e-06
 1.98130e-06
 2.12717e-06
 2.19611e-06
 2.19546e-06
 2.15895e-06
 2.07581e-06
 1.91466e-06
 1.64779e-06
 1.26128e-06
 8.28246e-07
 4.62770e-07
 2.62543e-07
 1.06003e-07
 0.00000e+00
 0.00000e+00
 4.72342e-24
 2.75239e-22
 7.92756e-21
 1.50448e-19
 2.11582e-18
 2.35119e-17
 2.14970e-16
 1.66264e-15
 1.97622e-14
 1.35302e-13
 7.14776e-13
 3.29246e-12
 1.36150e-11
 5.10688e-11
 1.74816e-10
 5.48700e-10
 1.58534e-09
 4.23072e-09
 1.04593e-08
 2.40168e-08
 5.13388e-08
 1.02359e-07
 1.90629e-07
 3.31903e-07
 5.40291e-07
 8.21687e-07
 1.16532e-06
 1.50993e-06
 1.82105e-06
 2.11645e-06
 2.34706e-06
 2.51926e-06
 2.67267e-06
 2.84476e-06
 3.06515e-06
 3.36061e-06
 3.71860e-06
 3.89832e-06
 3.93237e-06
 3.90091e-06
 3.78815e-06
 3.53570e-06
 3.09071e-06
 2.42337e-06
 1.62738e-06
 9.27248e-07
 5.28906e-07
 2.14455e-07
 0.00000e+00
 0.00000e+00
 1.08421e-23
 6.22977e-22
 1.77013e-20
 3.31548e-19
 4.60381e-18
 5.05354e-17
 4.56605e-16
 3.49145e-15
 4.68970e-14
 2.94038e-13
 1.51539e-12
 6.90948e-12
 2.83657e-11
 1.05700e-10
 3.59523e-10
 1.12127e-09
 3.21882e-09
 8.53338e-09
 2.09530e-08
 4.77741e-08
 1.01379e-07
 2.00618e-07
 3.70795e-07
 6.40630e-07
 1.03433e-06
 1.55743e-06
 2.16491e-06
 2.67348e-06
 3.02311e-06
 3.24391e-06
 3.39857e-06
 3.53950e-06
 3.70852e-06
 3.95768e-06
 4.35096e-06
 4.95147e-06
 5.79951e-06
 6.49231e-06
 6.62791e-06
 6.61882e-06
 6.48938e-06
 6.12967e-06
 5.44181e-06
 4.36631e-06
 3.00713e-06
 1.75535e-06
 1.00703e-06
 4.09829e-07
 0.00000e+00
 0.00000e+00
 2.32105e-23
 1.31763e-21
 3.69992e-20
 6.85027e-19
 9.40508e-18
 1.02102e-16
 9.12623e-16
 1.22716e-14
 1.00248e-13
 5.94151e-13
 3.01881e-12
 1.36582e-11
 5.57133e-11
 2.06352e-10
 6.97704e-10
 2.16307e-09
 6.17214e-09
 1.62619e-08
 3.96748e-08
 8.98608e-08
 1.89380e-07
 3.72142e-07
 6.83123e-07
 1.17292e-06
 1.88351e-06
 2.81203e-06
 3.69391e-06
 4.21627e-06
 4.49063e-06
 4.63245e-06
 4.72348e-06
 4.88293e-06
 5.09288e-06
 5.41281e-06
 5.93050e-06
 6.75784e-06
 7.99917e-06
 9.42454e-06
 1.03947e-05
 1.06036e-05
 1.04646e-05
 9.99795e-06
 9.01098e-06
 7.38699e-06
 5.22526e-06
 3.13892e-06
 1.81464e-06
 7.40660e-07
 0.00000e+00
 0.00000e+00
 4.63931e-23
 2.60645e-21
 7.24421e-20
 1.32770e-18
 1.80470e-17
 1.93992e-16
 1.71714e-15
 2.66070e-14
 1.94885e-13
 1.12486e-12
 5.66081e-12
 2.54466e-11
 1.03199e-10
 3.80097e-10
 1.27809e-09
 3.94061e-09
 1.11814e-08
 2.92909e-08
 7.10351e-08
 1.59882e-07
 3.34743e-07
 6.53333e-07
 1.19117e-06
 2.03385e-06
 3.24009e-06
 4.53154e-06
 5.57083e-06
 6.15839e-06
 6.46365e-06
 6.56626e-06
 6.66777e-06
 6.87523e-06
 7.14127e-06
 7.52788e-06
 8.14057e-06
 9.11288e-06
 1.06130e-05
 1.25346e-05
 1.43390e-05
 1.53145e-05
 1.54503e-05
 1.49609e-05
 1.37689e-05
 1.16172e-05
 8.50692e-06
 5.30230e-06
 3.09690e-06
 1.26652e-06
 0.00000e+00
 0.00000e+00
 8.66372e-23
 4.82419e-21
 1.32894e-19
 2.41422e-18
 3.25278e-17
 3.46597e-16
 3.04129e-15
 5.06606e-14
 3.52066e-13
 2.00047e-12
 9.99556e-12
 4.46794e-11
 1.80243e-10
 6.60447e-10
 2.20953e-09
 6.77799e-09
 1.91340e-08
 4.98593e-08
 1.20248e-07
 2.69052e-07
 5.59567e-07
 1.08291e-06
 1.95257e-06
 3.28205e-06
 4.93903e-06
 6.64310e-06
 8.04926e-06
 8.85443e-06
 9.25625e-06
 9.39765e-06
 9.50048e-06
 9.73734e-06
 1.00472e-05
 1.04782e-05
 1.11549e-05
 1.22333e-05
 1.38950e-05
 1.61765e-05
 1.84780e-05
 2.00125e-05
 2.04460e-05
 1.99626e-05
 1.85852e-05
 1.60311e-05
 1.22011e-05
 8.13196e-06
 4.97535e-06
 2.04831e-06
 0.00000e+00
 0.00000e+00
 1.51185e-22
 8.35419e-21
 2.28379e-19
 4.11706e-18
 5.50440e-17
 5.82014e-16
 9.57069e-15
 8.96196e-14
 5.94370e-13
 3.34368e-12
 1.66029e-11
 7.37749e-11
 2.95787e-10
 1.07674e-09
 3.57681e-09
 1.08878e-08
 3.04749e-08
 7.86599e-08
 1.87679e-07
 4.14759e-07
 8.50527e-07
 1.62173e-06
 2.88024e-06
 4.74750e-06
 6.97771e-06
 9.48095e-06
 1.15039e-05
 1.26286e-05
 1.31856e-05
 1.33661e-05
 1.34545e-05
 1.36981e-05
 1.40158e-05
 1.44370e-05
 1.50936e-05
 1.61592e-05
 1.78538e-05
 2.03548e-05
 2.29180e-05
 2.46813e-05
 2.52948e-05
 2.48528e-05
 2.33241e-05
 2.03718e-05
 1.57541e-05
 1.06391e-05
 6.83686e-06
 3.01483e-06
 0.00000e+00
 0.00000e+00
 2.39814e-22
 1.30943e-20
 3.53448e-19
 6.28621e-18
 8.28437e-17
 8.62514e-16
 1.60644e-14
 1.36725e-13
 8.84801e-13
 4.91295e-12
 2.41312e-11
 1.06132e-10
 4.21329e-10
 1.51926e-09
 5.00164e-09
 1.50975e-08
 4.19321e-08
 1.07478e-07
 2.54862e-07
 5.60287e-07
 1.14393e-06
 2.17218e-06
 3.83991e-06
 6.27066e-06
 9.19617e-06
 1.25380e-05
 1.53923e-05
 1.72200e-05
 1.82257e-05
 1.86117e-05
 1.87701e-05
 1.90290e-05
 1.93117e-05
 1.96223e-05
 2.01089e-05
 2.09314e-05
 2.22518e-05
 2.40822e-05
 2.61751e-05
 2.78750e-05
 2.83843e-05
 2.78365e-05
 2.63114e-05
 2.34925e-05
 1.90083e-05
 1.30375e-05
 8.36734e-06
 3.78389e-06
 0.00000e+00
 0.00000e+00
 2.95759e-22
 1.59520e-20
 4.25386e-19
 7.47559e-18
 9.73660e-17
 1.00216e-15
 1.95070e-14
 1.62432e-13
 1.03894e-12
 5.73179e-12
 2.80079e-11
 1.22605e-10
 4.84647e-10
 1.74089e-09
 5.71210e-09
 1.71934e-08
 4.76457e-08
 1.21921e-07
 2.88802e-07
 6.34563e-07
 1.29542e-06
 2.45983e-06
 4.34695e-06
 7.06584e-06
 1.03134e-05
 1.39961e-05
 1.74448e-05
 2.00745e-05
 2.19327e-05
 2.29888e-05
 2.36423e-05
 2.40791e-05
 2.42994e-05
 2.44137e-05
 2.45831e-05
 2.48744e-05
 2.54130e-05
 2.63614e-05
 2.78907e-05
 2.93698e-05
 2.97088e-05
 2.90379e-05
 2.74974e-05
 2.48531e-05
 2.06950e-05
 1.48107e-05
 9.63895e-06
 4.38939e-06
 0.00000e+00
 0.00000e+00
 3.10907e-22
 1.66995e-20
 4.43533e-19
 7.76415e-18
 1.00743e-16
 1.03315e-15
 2.05500e-14
 1.68970e-13
 1.07618e-12
 5.92704e-12
 2.89259e-11
 1.26490e-10
 4.99564e-10
 1.79322e-09
 5.88089e-09
 1.76967e-08
 4.90386e-08
 1.25506e-07
 2.97404e-07
 6.53835e-07
 1.33578e-06
 2.53886e-06
 4.49061e-06
 7.24228e-06
 1.05057e-05
 1.42509e-05
 1.80143e-05
 2.10703e-05
 2.33930e-05
 2.49766e-05
 2.60561e-05
 2.66402e-05
 2.68441e-05
 2.68937e-05
 2.69196e-05
 2.69037e-05
 2.69258e-05
 2.72250e-05
 2.81594e-05
 2.94165e-05
 2.96578e-05
 2.89117e-05
 2.73618e-05
 2.48707e-05
 2.10098e-05
 1.54191e-05
 1.02301e-05
 4.72344e-06
 0.00000e+00
 0.00000e+00
 3.09313e-22
 1.65970e-20
 4.40353e-19
 7.70041e-18
 9.98095e-17
 1.02246e-15
 2.04734e-14
 1.67704e-13
 1.06710e-12
 5.87520e-12
 2.86661e-11
 1.25326e-10
 4.94853e-10
 1.77591e-09
 5.82280e-09
 1.75177e-08
 4.85306e-08
 1.24180e-07
 2.94220e-07
 6.46823e-07
 1.32174e-06
 2.51399e-06
 4.44945e-06
 7.06803e-06
 1.02232e-05
 1.39449e-05
 1.77853e-05
 2.10451e-05
 2.36488e-05
 2.55182e-05
 2.67794e-05
 2.74428e-05
 2.76592e-05
 2.76972e-05
 2.76788e-05
 2.75562e-05
 2.73650e-05
 2.72693e-05
 2.75577e-05
 2.84334e-05
 2.86698e-05
 2.79378e-05
 2.64127e-05
 2.40108e-05
 2.03601e-05
 1.50838e-05
 1.01726e-05
 4.78903e-06
 0.00000e+00
 0.00000e+00
 2.94157e-22
 1.57619e-20
 4.17596e-19
 7.29158e-18
 9.43646e-17
 9.65123e-16
 1.94432e-14
 1.59060e-13
 1.01203e-12
 5.57334e-12
 2.72012e-11
 1.18960e-10
 4.69882e-10
 1.68696e-09
 5.53359e-09
 1.66560e-08
 4.61701e-08
 1.18219e-07
 2.80317e-07
 6.16840e-07
 1.26196e-06
 2.40420e-06
 4.25339e-06
 6.69944e-06
 9.76700e-06
 1.34650e-05
 1.73892e-05
 2.07834e-05
 2.35069e-05
 2.54620e-05
 2.67611e-05
 2.74483e-05
 2.76772e-05
 2.77163e-05
 2.76925e-05
 2.75425e-05
 2.72781e-05
 2.70227e-05
 2.70031e-05
 2.73364e-05
 2.72178e-05
 2.63735e-05
 2.48214e-05
 2.24940e-05
 1.90804e-05
 1.41680e-05
 9.62286e-06
 4.60122e-06
 0.00000e+00
 0.00000e+00
 2.55458e-22
 1.36704e-20
 3.61691e-19
 6.30658e-18
 8.14993e-17
 8.32290e-16
 1.67590e-14
 1.38107e-13
 8.81288e-13
 4.86313e-12
 2.37820e-11
 1.04219e-10
 4.12538e-10
 1.48439e-09
 4.88048e-09
 1.47263e-08
 4.09271e-08
 1.05082e-07
 2.49894e-07
 5.51588e-07
 1.13207e-06
 2.16300e-06
 3.83366e-06
 6.14576e-06
 9.10767e-06
 1.27203e-05
 1.67231e-05
 2.02673e-05
 2.30473e-05
 2.50010e-05
 2.62752e-05
 2.69779e-05
 2.72491e-05
 2.73053e-05
 2.73091e-05
 2.71973e-05
 2.69499e-05
 2.66523e-05
 2.64717e-05
 2.63665e-05
 2.57446e-05
 2.45738e-05
 2.28705e-05
 2.05349e-05
 1.72931e-05
 1.28036e-05
 8.72679e-06
 4.18402e-06
 0.00000e+00
 0.00000e+00
 1.88296e-22
 1.00743e-20
 2.66493e-19
 4.64584e-18
 6.00305e-17
 6.12976e-16
 1.22343e-14
 1.02907e-13
 6.62534e-13
 3.67892e-12
 1.80999e-11
 7.98061e-11
 3.17886e-10
 1.15118e-09
 3.81018e-09
 1.15771e-08
 3.24111e-08
 8.38664e-08
 2.01103e-07
 4.47871e-07
 9.28048e-07
 1.79153e-06
 3.22309e-06
 5.34134e-06
 8.09020e-06
 1.15232e-05
 1.55267e-05
 1.91663e-05
 2.18750e-05
 2.36936e-05
 2.48583e-05
 2.55473e-05
 2.58995e-05
 2.60474e-05
 2.61115e-05
 2.61074e-05
 2.59843e-05
 2.57598e-05
 2.55142e-05
 2.50608e-05
 2.40427e-05
 2.25520e-05
 2.06592e-05
 1.82944e-05
 1.52517e-05
 1.11997e-05
 7.56344e-06
 3.53389e-06
 0.00000e+00
 0.00000e+00
 1.04974e-22
 5.65735e-21
 1.50812e-19
 2.65058e-18
 3.45386e-17
 3.55847e-16
 6.99245e-15
 6.14538e-14
 4.04830e-13
 2.28439e-12
 1.14098e-11
 5.10698e-11
 2.06519e-10
 7.59423e-10
 2.55295e-09
 7.88062e-09
 2.24230e-08
 5.89960e-08
 1.43925e-07
 3.26304e-07
 6.88770e-07
 1.35546e-06
 2.49088e-06
 4.25760e-06
 6.65550e-06
 9.80567e-06
 1.36862e-05
 1.72407e-05
 1.96733e-05
 2.11935e-05
 2.21370e-05
 2.27587e-05
 2.31927e-05
 2.35408e-05
 2.37864e-05
 2.39313e-05
 2.40043e-05
 2.39492e-05
 2.37373e-05
 2.30689e-05
 2.17733e-05
 1.99956e-05
 1.78866e-05
 1.54847e-05
 1.27322e-05
 9.32270e-06
 6.28021e-06
 2.86434e-06
 0.00000e+00
 0.00000e+00
 5.19696e-23
 2.85703e-21
 7.76858e-20
 1.39251e-18
 1.85037e-17
 1.94366e-16
 4.03508e-15
 3.62137e-14
 2.45720e-13
 1.41983e-12
 7.23668e-12
 3.30080e-11
 1.35904e-10
 5.08486e-10
 1.73837e-09
 5.45530e-09
 1.57761e-08
 4.21789e-08
 1.04544e-07
 2.40763e-07
 5.16128e-07
 1.03134e-06
 1.92214e-06
 3.33919e-06
 5.30167e-06
 7.89253e-06
 1.13246e-05
 1.44210e-05
 1.62690e-05
 1.72911e-05
 1.79171e-05
 1.84301e-05
 1.89301e-05
 1.94931e-05
 2.01135e-05
 2.05165e-05
 2.07757e-05
 2.09589e-05
 2.08854e-05
 2.01698e-05
 1.87779e-05
 1.68447e-05
 1.46025e-05
 1.23465e-05
 9.99027e-06
 7.27541e-06
 4.94636e-06
 2.28317e-06
 0.00000e+00
 0.00000e+00
 2.45734e-23
 1.39138e-21
 3.89054e-20
 7.16047e-19
 9.75549e-18
 1.04917e-16
 9.27566e-16
 2.16060e-14
 1.60678e-13
 9.56073e-13
 4.98701e-12
 2.32254e-11
 9.74875e-11
 3.71403e-10
 1.29162e-09
 4.11998e-09
 1.21021e-08
 3.28467e-08
 8.26015e-08
 1.92900e-07
 4.19093e-07
 8.48302e-07
 1.60145e-06
 2.81660e-06
 4.53540e-06
 6.71948e-06
 9.21626e-06
 1.10829e-05
 1.20907e-05
 1.25577e-05
 1.28812e-05
 1.32628e-05
 1.37389e-05
 1.44150e-05
 1.53564e-05
 1.60681e-05
 1.64962e-05
 1.68515e-05
 1.69332e-05
 1.63828e-05
 1.52281e-05
 1.36794e-05
 1.19358e-05
 1.00420e-05
 7.96493e-06
 5.52305e-06
 3.71195e-06
 1.72466e-06
 0.00000e+00
 0.00000e+00
 1.11052e-23
 6.55762e-22
 1.90293e-20
 3.61938e-19
 5.07749e-18
 5.60523e-17
 5.07306e-16
 1.41316e-14
 1.14687e-13
 7.05983e-13
 3.76501e-12
 1.78695e-11
 7.63006e-11
 2.95295e-10
 1.04206e-09
 3.36967e-09
 1.00262e-08
 2.75441e-08
 7.00620e-08
 1.65378e-07
 3.62892e-07
 7.41243e-07
 1.41083e-06
 2.50581e-06
 4.10492e-06
 6.08603e-06
 7.77040e-06
 8.71436e-06
 9.19643e-06
 9.40680e-06
 9.57559e-06
 9.82962e-06
 1.02156e-05
 1.08365e-05
 1.17798e-05
 1.25851e-05
 1.30297e-05
 1.33320e-05
 1.33733e-05
 1.30334e-05
 1.23374e-05
 1.13085e-05
 9.98130e-06
 8.36587e-06
 6.44436e-06
 4.19431e-06
 2.72169e-06
 1.20211e-06
 0.00000e+00
 0.00000e+00
 4.80802e-24
 3.00610e-22
 9.13394e-21
 1.80397e-19
 2.61113e-18
 2.95932e-17
 2.73887e-16
 1.00137e-14
 8.81261e-14
 5.59990e-13
 3.04227e-12
 1.46596e-11
 6.34514e-11
 2.48646e-10
 8.87622e-10
 2.90127e-09
 8.71952e-09
 2.41798e-08
 6.20440e-08
 1.47642e-07
 3.26373e-07
 6.70988e-07
 1.28371e-06
 2.28552e-06
 3.78236e-06
 5.58457e-06
 6.73729e-06
 7.24930e-06
 7.43426e-06
 7.53052e-06
 7.60695e-06
 7.76024e-06
 8.05335e-06
 8.57666e-06
 9.40397e-06
 1.02806e-05
 1.07842e-05
 1.09842e-05
 1.09487e-05
 1.07367e-05
 1.02886e-05
 9.54426e-06
 8.45852e-06
 7.00251e-06
 5.17546e-06
 3.15257e-06
 1.95380e-06
 8.15765e-07
 0.00000e+00
 0.00000e+00
 1.99823e-24
 1.34611e-22
 4.31447e-21
 8.86816e-20
 1.32377e-18
 1.53731e-17
 1.45105e-16
 7.46207e-15
 7.03051e-14
 4.59303e-13
 2.53504e-12
 1.23713e-11
 5.41634e-11
 2.14521e-10
 7.73487e-10
 2.55204e-09
 7.73781e-09
 2.16355e-08
 5.59462e-08
 1.34091e-07
 2.98377e-07
 6.17033e-07
 1.18618e-06
 2.11820e-06
 3.50434e-06
 5.04965e-06
 5.88103e-06
 6.18151e-06
 6.25024e-06
 6.22876e-06
 6.23910e-06
 6.30030e-06
 6.48908e-06
 6.89380e-06
 7.57704e-06
 8.47511e-06
 9.05112e-06
 9.20760e-06
 9.18523e-06
 9.05865e-06
 8.73655e-06
 8.12845e-06
 7.16095e-06
 5.79648e-06
 4.04433e-06
 2.31415e-06
 1.35981e-06
 5.43265e-07
 0.00000e+00
 0.00000e+00
 7.98591e-25
 5.90790e-23
 2.00696e-21
 4.29102e-20
 6.58909e-19
 7.81548e-18
 7.49810e-17
 5.62263e-15
 5.61086e-14
 3.76717e-13
 2.11390e-12
 1.04538e-11
 4.63231e-11
 1.85537e-10
 6.76015e-10
 2.25234e-09
 6.89169e-09
 1.94342e-08
 5.06528e-08
 1.22298e-07
 2.73983e-07
 5.70096e-07
 1.10199e-06
 1.97711e-06
 3.28252e-06
 4.53011e-06
 5.10628e-06
 5.27486e-06
 5.28612e-06
 5.17743e-06
 5.02600e-06
 5.02835e-06
 5.12496e-06
 5.42079e-06
 5.99573e-06
 6.85506e-06
 7.51709e-06
 7.75010e-06
 7.76171e-06
 7.67660e-06
 7.41260e-06
 6.87168e-06
 5.97545e-06
 4.67022e-06
 2.99876e-06
 1.61831e-06
 9.03905e-07
 3.47431e-07
 0.00000e+00
 0.00000e+00
 3.07372e-25
 2.54603e-23
 9.17986e-22
 2.03574e-20
 3.20350e-19
 3.86651e-18
 3.75767e-17
 3.03960e-16
 4.21633e-14
 3.00272e-13
 1.71833e-12
 8.62805e-12
 3.87478e-11
 1.57107e-10
 5.78931e-10
 1.94912e-09
 6.02170e-09
 1.71329e-08
 4.50239e-08
 1.09539e-07
 2.47142e-07
 5.17652e-07
 1.00693e-06
 1.81811e-06
 3.02332e-06
 3.99850e-06
 4.37320e-06
 4.44724e-06
 4.40458e-06
 4.18430e-06
 3.85748e-06
 3.76985e-06
 3.81378e-06
 4.02200e-06
 4.50262e-06
 5.32184e-06
 6.11994e-06
 6.43028e-06
 6.47129e-06
 6.40766e-06
 6.17838e-06
 5.67592e-06
 4.81047e-06
 3.52449e-06
 2.02608e-06
 1.04986e-06
 5.64361e-07
 2.10397e-07
 0.00000e+00
 0.00000e+00
 1.14144e-25
 1.07943e-23
 4.12477e-22
 9.44795e-21
 1.51744e-19
 1.85717e-18
 1.82302e-17
 1.48567e-16
 2.73940e-14
 2.17178e-13
 1.28648e-12
 6.60003e-12
 3.01629e-11
 1.24191e-10
 4.64013e-10
 1.58200e-09
 4.94391e-09
 1.42146e-08
 3.77154e-08
 9.25704e-08
 2.10564e-07
 4.44405e-07
 8.70800e-07
 1.58433e-06
 2.63165e-06
 3.37247e-06
 3.60272e-06
 3.62428e-06
 3.52853e-06
 3.21346e-06
 2.78619e-06
 2.65305e-06
 2.67273e-06
 2.82916e-06
 3.23148e-06
 3.96847e-06
 4.79576e-06
 5.15328e-06
 5.21240e-06
 5.15821e-06
 4.93843e-06
 4.43937e-06
 3.56988e-06
 2.31083e-06
 1.24477e-06
 6.31626e-07
 3.31081e-07
 1.20600e-07
 0.00000e+00
 0.00000e+00
 4.07988e-26
 4.46341e-24
 1.79744e-22
 4.22874e-21
 6.90159e-20
 8.53647e-19
 8.44172e-18
 6.91681e-17
 1.63593e-14
 1.34382e-13
 7.99796e-13
 4.17510e-12
 1.95202e-11
 8.22532e-11
 3.14195e-10
 1.09369e-09
 3.48466e-09
 1.02000e-08
 2.74983e-08
 6.84550e-08
 1.57692e-07
 3.36624e-07
 6.66465e-07
 1.22432e-06
 2.03571e-06
 2.55747e-06
 2.68653e-06
 2.67734e-06
 2.53705e-06
 2.17466e-06
 1.78750e-06
 1.67862e-06
 1.68915e-06
 1.79954e-06
 2.09506e-06
 2.64458e-06
 3.38424e-06
 3.74730e-06
 3.80593e-06
 3.74840e-06
 3.51786e-06
 3.01847e-06
 2.21788e-06
 1.29476e-06
 6.91502e-07
 3.46920e-07
 1.78638e-07
 6.42735e-08
 0.00000e+00
 0.00000e+00
 1.45266e-26
 1.89180e-24
 8.01476e-23
 1.93124e-21
 3.19564e-20
 3.98788e-19
 3.96795e-18
 3.26580e-17
 2.28197e-16
 6.01226e-14
 4.38847e-13
 2.38442e-12
 1.12674e-11
 4.78028e-11
 1.83927e-10
 6.45395e-10
 2.07413e-09
 6.12628e-09
 1.66939e-08
 4.20526e-08
 9.80627e-08
 2.11874e-07
 4.24210e-07
 7.86967e-07
 1.31991e-06
 1.67192e-06
 1.76333e-06
 1.76004e-06
 1.66814e-06
 1.42805e-06
 1.16783e-06
 1.09508e-06
 1.10422e-06
 1.18689e-06
 1.40409e-06
 1.80327e-06
 2.31432e-06
 2.54660e-06
 2.57501e-06
 2.51971e-06
 2.32492e-06
 1.93174e-06
 1.33211e-06
 7.42514e-07
 3.91207e-07
 1.93587e-07
 9.89536e-08
 3.36627e-08
 0.00000e+00
 0.00000e+00
 3.96076e-27
 6.06698e-25
 2.66890e-23
 6.53646e-22
 1.09117e-20
 1.36901e-19
 1.36697e-18
 1.12780e-17
 7.89409e-17
 1.91842e-14
 1.62516e-13
 9.31688e-13
 4.48106e-12
 1.91318e-11
 7.38525e-11
 2.59820e-10
 8.37116e-10
 2.47892e-09
 6.76632e-09
 1.70634e-08
 3.98238e-08
 8.61278e-08
 1.72816e-07
 3.21415e-07
 5.44958e-07
 7.09900e-07
 7.59399e-07
 7.61544e-07
 7.26970e-07
 6.28596e-07
 5.16072e-07
 4.86433e-07
 4.93435e-07
 5.40938e-07
 6.61332e-07
 8.79236e-07
 1.11121e-06
 1.19274e-06
 1.19439e-06
 1.15363e-06
 1.03531e-06
 8.21970e-07
 5.32808e-07
 2.90375e-07
 1.50958e-07
 7.41839e-08
 3.60244e-08
 1.88384e-08
