PseudoViscosity
part
         1
hexa8
 0.00000e+00
 9.87078e-16
 0.00000e+00
 1.64274e-31
 0.00000e+00
 0.00000e+00
 9.32477e-32
 9.87078e-16
 4.89637e-31
 0.00000e+00
 0.00000e+00
 0.00000e+00
 0.00000e+00
 0.00000e+00
 0.00000e+00
 0.00000e+00
 0.00000e+00
 0.00000e+00
 0.00000e+00
 0.00000e+00
 0.00000e+00
 0.00000e+00
 0.00000e+00
 0.00000e+00
 0.00000e+00
 0.00000e+00
 0.00000e+00
 0.00000e+00
 0.00000e+00
 0.00000e+00
 0.00000e+00
 0.00000e+00
 0.00000e+00
 0.00000e+00
 0.00000e+00
 0.00000e+00
 0.00000e+00
 0.00000e+00
 0.00000e+00
 0.00000e+00
 0.00000e+00
 0.00000e+00
 0.00000e+00
 0.00000e+00
 0.00000e+00
 0.00000e+00
 0.00000e+00
 0.00000e+00
 0.00000e+00
 0.00000e+00
 1.19886e-48
 7.48755e-33
 1.18613e-31
 9.87078e-16
 9.87078e-16
 9.87078e-16
 9.87078e-16
 3.86702e-31
 8.97600e-48
 0.00000e+00
 0.00000e+00
 0.00000e+00
 0.00000e+00
 0.00000e+00
 0.00000e+00
 0.00000e+00
 0.00000e+00
 0.00000e+00
 0.00000e+00
 0.00000e+00
 0.00000e+00
 0.00000e+00
 0.00000e+00
 0.00000e+00
 0.00000e+00
 0.00000e+00
 0.00000e+00
 0.00000e+00
 0.00000e+00
 0.00000e+00
 0.00000e+00
 0.00000e+00
 0.00000e+00
 0.00000e+00
 0.00000e+00
 0.00000e+00
 0.00000e+00
 0.00000e+00
 0.00000e+00
 0.00000e+00
 0.00000e+00
 0.00000e+00
 0.00000e+00
 0.00000e+00
 0.00000e+00
 0.00000e+00
 0.00000e+00
 0.00000e+00
 0.00000e+00
 0.00000e+00
 9.87078e-16
 9.87078e-16
 8.95981e-32
 5.08486e-47
 0.00000e+00
 0.00000e+00
 6.35010e-32
 1.53101e-31
 1.40427e-63
 0.00000e+00
 0.00000e+00
 0.00000e+00
 0.00000e+00
 0.00000e+00
 0.00000e+00
 0.00000e+00
 0.00000e+00
 0.00000e+00
 0.00000e+00
 0.00000e+00
 0.00000e+00
 0.00000e+00
 0.00000e+00
 0.00000e+00
 0.00000e+00
 0.00000e+00
 0.00000e+00
 0.00000e+00
 0.00000e+00
 0.00000e+00
 0.00000e+00
 0.00000e+00
 0.00000e+00
 0.00000e+00
 0.00000e+00
 0.00000e+00
 0.00000e+00
 0.00000e+00
 0.00000e+00
 0.00000e+00
 0.00000e+00
 0.00000e+00
 0.00000e+00
 0.00000e+00
 0.00000e+00
 0.00000e+00
 0.00000e+00
 0.00000e+00
 0.00000e+00
 0.00000e+00
 4.77402e-32
 8.62039e-32
 9.87078e-16
 4.18493e-31
 1.97416e-15
 1.72833e-31
 9.87078e-16
 3.47780e-31
 3.38569e-47
 0.00000e+00
 0.00000e+00
 0.00000e+00
 0.00000e+00
 0.00000e+00
 0.00000e+00
 0.00000e+00
 0.00000e+00
 0.00000e+00
 0.00000e+00
 0.00000e+00
 0.00000e+00
 0.00000e+00
 0.00000e+00
 0.00000e+00
 0.00000e+00
 0.00000e+00
 0.00000e+00
 0.00000e+00
 0.00000e+00
 0.00000e+00
 0.00000e+00
 0.00000e+00
 0.00000e+00
 0.00000e+00
 0.00000e+00
 0.00000e+00
 0.00000e+00
 0.00000e+00
 0.00000e+00
 0.00000e+00
 0.00000e+00
 0.00000e+00
 0.00000e+00
 0.00000e+00
 0.00000e+00
 0.00000e+00
 0.00000e+00
 0.00000e+00
 0.00000e+00
 0.00000e+00
 9.87078e-16
 9.02041e-32
 9.87078e-16
 1.28192e-63
 9.39391e-32
 2.14681e-47
 0.00000e+00
 2.77874e-31
 4.43065e-47
 0.00000e+00
 0.00000e+00
 0.00000e+00
 0.00000e+00
 0.00000e+00
 0.00000e+00
 0.00000e+00
 0.00000e+00
 0.00000e+00
 0.00000e+00
 0.00000e+00
 0.00000e+00
 0.00000e+00
 0.00000e+00
 0.00000e+00
 0.00000e+00
 0.00000e+00
 0.00000e+00
 0.00000e+00
 0.00000e+00
 0.00000e+00
 0.00000e+00
 0.00000e+00
 0.00000e+00
 0.00000e+00
 0.00000e+00
 0.00000e+00
 0.00000e+00
 0.00000e+00
 0.00000e+00
 0.00000e+00
 0.00000e+00
 0.00000e+00
 0.00000e+00
 0.00000e+00
 0.00000e+00
 0.00000e+00
 0.00000e+00
 0.00000e+00
 0.00000e+00
 0.00000e+00
 1.05251e-31
 1.30331e-31
 1.19085e-31
 8.94038e-32
 2.71240e-32
 9.48189e-64
 2.76009e-32
 9.87078e-16
 5.46612e-31
 0.00000e+00
 0.00000e+00
 0.00000e+00
 0.00000e+00
 0.00000e+00
 0.00000e+00
 0.00000e+00
 0.00000e+00
 0.00000e+00
 0.00000e+00
 0.00000e+00
 0.00000e+00
 0.00000e+00
 0.00000e+00
 0.00000e+00
 0.00000e+00
 0.00000e+00
 0.00000e+00
 0.00000e+00
 0.00000e+00
 0.00000e+00
 0.00000e+00
 0.00000e+00
 0.00000e+00
 0.00000e+00
 0.00000e+00
 0.00000e+00
 0.00000e+00
 0.00000e+00
 0.00000e+00
 0.00000e+00
 0.00000e+00
 0.00000e+00
 0.00000e+00
 0.00000e+00
 0.00000e+00
 0.00000e+00
 0.00000e+00
 0.00000e+00
 0.00000e+00
 0.00000e+00
 0.00000e+00
 8.24062e-49
 2.49071e-31
 9.87078e-16
 1.97416e-15
 4.46386e-31
 1.97416e-15
 8.04651e-47
 3.14730e-64
 0.00000e+00
 0.00000e+00
 0.00000e+00
 0.00000e+00
 0.00000e+00
 0.00000e+00
 0.00000e+00
 0.00000e+00
 0.00000e+00
 0.00000e+00
 0.00000e+00
 0.00000e+00
 0.00000e+00
 0.00000e+00
 0.00000e+00
 0.00000e+00
 0.00000e+00
 0.00000e+00
 0.00000e+00
 0.00000e+00
 0.00000e+00
 0.00000e+00
 0.00000e+00
 0.00000e+00
 0.00000e+00
 0.00000e+00
 0.00000e+00
 0.00000e+00
 0.00000e+00
 0.00000e+00
 0.00000e+00
 0.00000e+00
 0.00000e+00
 0.00000e+00
 0.00000e+00
 0.00000e+00
 0.00000e+00
 0.00000e+00
 0.00000e+00
 0.00000e+00
 0.00000e+00
 2.15094e-31
 6.14665e-32
 1.16437e-32
 6.16335e-31
 1.97416e-15
 1.76190e-47
 7.34345e-32
 2.69956e-31
 0.00000e+00
 0.00000e+00
 0.00000e+00
 0.00000e+00
 0.00000e+00
 0.00000e+00
 0.00000e+00
 0.00000e+00
 0.00000e+00
 0.00000e+00
 0.00000e+00
 0.00000e+00
 0.00000e+00
 0.00000e+00
 0.00000e+00
 0.00000e+00
 0.00000e+00
 0.00000e+00
 0.00000e+00
 0.00000e+00
 0.00000e+00
 0.00000e+00
 0.00000e+00
 0.00000e+00
 0.00000e+00
 0.00000e+00
 0.00000e+00
 0.00000e+00
 0.00000e+00
 0.00000e+00
 0.00000e+00
 0.00000e+00
 0.00000e+00
 0.00000e+00
 0.00000e+00
 0.00000e+00
 0.00000e+00
 0.00000e+00
 0.00000e+00
 0.00000e+00
 0.00000e+00
 0.00000e+00
 0.00000e+00
 0.00000e+00
 1.17310e-47
 2.13174e-31
 0.00000e+00
 9.87078e-16
 9.87078e-16
 6.07706e-31
 0.00000e+00
 0.00000e+00
 0.00000e+00
 0.00000e+00
 0.00000e+00
 0.00000e+00
 0.00000e+00
 0.00000e+00
 0.00000e+00
 0.00000e+00
 0.00000e+00
 0.00000e+00
 0.00000e+00
 0.00000e+00
 0.00000e+00
 0.00000e+00
 0.00000e+00
 0.00000e+00
 0.00000e+00
 0.00000e+00
 0.00000e+00
 0.00000e+00
 0.00000e+00
 0.00000e+00
 0.00000e+00
 0.00000e+00
 0.00000e+00
 0.00000e+00
 0.00000e+00
 0.00000e+00
 0.00000e+00
 0.00000e+00
 0.00000e+00
 0.00000e+00
 0.00000e+00
 0.00000e+00
 0.00000e+00
 0.00000e+00
 0.00000e+00
 0.00000e+00
 0.00000e+00
 0.00000e+00
 4.24583e-47
 2.88606e-48
 0.00000e+00
 5.39833e-47
 0.00000e+00
 9.24715e-32
 1.97416e-15
 1.52063e-30
 0.00000e+00
 0.00000e+00
 0.00000e+00
 0.00000e+00
 0.00000e+00
 0.00000e+00
 0.00000e+00
 0.00000e+00
 0.00000e+00
 0.00000e+00
 0.00000e+00
 0.00000e+00
 0.00000e+00
 0.00000e+00
 0.00000e+00
 0.00000e+00
 0.00000e+00
 0.00000e+00
 0.00000e+00
 0.00000e+00
 0.00000e+00
 0.00000e+00
 0.00000e+00
 0.00000e+00
 0.00000e+00
 0.00000e+00
 0.00000e+00
 0.00000e+00
 0.00000e+00
 0.00000e+00
 0.00000e+00
 0.00000e+00
 0.00000e+00
 0.00000e+00
 0.00000e+00
 0.00000e+00
 0.00000e+00
 0.00000e+00
 0.00000e+00
 0.00000e+00
 0.00000e+00
 0.00000e+00
part
         2
hexa8
 0.00000e+00
 0.00000e+00
 0.00000e+00
 3.79892e-49
 3.42301e-13
 6.55088e-12
 4.97163e-11
 1.75709e-10
 5.71225e-10
 7.60328e-09
 2.19869e-08
 1.76287e-08
 2.13415e-09
 6.24419e-10
 8.58344e-07
 4.68820e-06
 5.45050e-06
 1.15354e-06
 1.28793e-06
 9.90954e-06
 4.99928e-05
 8.74358e-05
 3.82068e-05
 1.64122e-05
 1.54058e-05
 3.01347e-05
 8.76959e-05
 2.05378e-04
 4.98953e-04
 1.21561e-03
 2.81299e-03
 6.11846e-03
 1.28503e-02
 2.26637e-02
 3.52059e-02
 4.36093e-02
 3.92586e-02
 2.61783e-02
 1.25433e-02
 4.36110e-03
 1.23891e-03
 3.24756e-04
 8.26822e-05
 2.07300e-05
 5.12749e-06
 1.24942e-06
 2.99287e-07
 7.03564e-08
 1.63474e-08
 4.43546e-09
 0.00000e+00
 0.00000e+00
 0.00000e+00
 3.79892e-49
 3.42301e-13
 6.55088e-12
 4.97163e-11
 1.75709e-10
 5.71225e-10
 7.60328e-09
 2.19869e-08
 1.76287e-08
 2.13415e-09
 6.24419e-10
 8.58344e-07
 4.68820e-06
 5.45050e-06
 1.15354e-06
 1.28793e-06
 9.90954e-06
 4.99928e-05
 8.74358e-05
 3.82068e-05
 1.64122e-05
 1.54058e-05
 3.01347e-05
 8.76959e-05
 2.05378e-04
 4.98953e-04
 1.21561e-03
 2.81299e-03
 6.11846e-03
 1.28503e-02
 2.26637e-02
 3.52059e-02
 4.36093e-02
 3.92586e-02
 2.61783e-02
 1.25433e-02
 4.36110e-03
 1.23891e-03
 3.24756e-04
 8.26822e-05
 2.07300e-05
 5.12749e-06
 1.24942e-06
 2.99287e-07
 7.03564e-08
 1.63474e-08
 4.43546e-09
 0.00000e+00
 0.00000e+00
 0.00000e+00
 3.79892e-49
 3.42301e-13
 6.55088e-12
 4.97163e-11
 1.75709e-10
 5.71225e-10
 7.60328e-09
 2.19869e-08
 1.76287e-08
 2.13415e-09
 6.24419e-10
 8.58344e-07
 4.68820e-06
 5.45050e-06
 1.15354e-06
 1.28793e-06
 9.90954e-06
 4.99928e-05
 8.74358e-05
 3.82068e-05
 1.64122e-05
 1.54058e-05
 3.01347e-05
 8.76959e-05
 2.05378e-04
 4.98953e-04
 1.21561e-03
 2.81299e-03
 6.11846e-03
 1.28503e-02
 2.26637e-02
 3.52059e-02
 4.36093e-02
 3.92586e-02
 2.61783e-02
 1.25433e-02
 4.36110e-03
 1.23891e-03
 3.24756e-04
 8.26822e-05
 2.07300e-05
 5.12749e-06
 1.24942e-06
 2.99287e-07
 7.03564e-08
 1.63474e-08
 4.43546e-09
 0.00000e+00
 0.00000e+00
 0.00000e+00
 3.79892e-49
 3.42301e-13
 6.55088e-12
 4.97163e-11
 1.75709e-10
 5.71225e-10
 7.60328e-09
 2.19869e-08
 1.76287e-08
 2.13415e-09
 6.24419e-10
 8.58344e-07
 4.68820e-06
 5.45050e-06
 1.15354e-06
 1.28793e-06
 9.90954e-06
 4.99928e-05
 8.74358e-05
 3.82068e-05
 1.64122e-05
 1.54058e-05
 3.01347e-05
 8.76959e-05
 2.05378e-04
 4.98953e-04
 1.21561e-03
 2.81299e-03
 6.11846e-03
 1.28503e-02
 2.26637e-02
 3.52059e-02
 4.36093e-02
 3.92586e-02
 2.61783e-02
 1.25433e-02
 4.36110e-03
 1.23891e-03
 3.24756e-04
 8.26822e-05
 2.07300e-05
 5.12749e-06
 1.24942e-06
 2.99287e-07
 7.03564e-08
 1.63474e-08
 4.43546e-09
 0.00000e+00
 0.00000e+00
 0.00000e+00
 3.79892e-49
 3.42301e-13
 6.55088e-12
 4.97163e-11
 1.75709e-10
 5.71225e-10
 7.60328e-09
 2.19869e-08
 1.76287e-08
 2.13415e-09
 6.24419e-10
 8.58344e-07
 4.68820e-06
 5.45050e-06
 1.15354e-06
 1.28793e-06
 9.90954e-06
 4.99928e-05
 8.74358e-05
 3.82068e-05
 1.64122e-05
 1.54058e-05
 3.01347e-05
 8.76959e-05
 2.05378e-04
 4.98953e-04
 1.21561e-03
 2.81299e-03
 6.11846e-03
 1.28503e-02
 2.26637e-02
 3.52059e-02
 4.36093e-02
 3.92586e-02
 2.61783e-02
 1.25433e-02
 4.36110e-03
 1.23891e-03
 3.24756e-04
 8.26822e-05
 2.07300e-05
 5.12749e-06
 1.24942e-06
 2.99287e-07
 7.03564e-08
 1.63474e-08
 4.43546e-09
 0.00000e+00
 0.00000e+00
 0.00000e+00
 3.79892e-49
 3.42301e-13
 6.55088e-12
 4.97163e-11
 1.75709e-10
 5.71225e-10
 7.60328e-09
 2.19869e-08
 1.76287e-08
 2.13415e-09
 6.24419e-10
 8.58344e-07
 4.68820e-06
 5.45050e-06
 1.15354e-06
 1.28793e-06
 9.90954e-06
 4.99928e-05
 8.74358e-05
 3.82068e-05
 1.64122e-05
 1.54058e-05
 3.01347e-05
 8.76959e-05
 2.05378e-04
 4.98953e-04
 1.21561e-03
 2.81299e-03
 6.11846e-03
 1.28503e-02
 2.26637e-02
 3.52059e-02
 4.36093e-02
 3.92586e-02
 2.61783e-02
 1.25433e-02
 4.36110e-03
 1.23891e-03
 3.24756e-04
 8.26822e-05
 2.07300e-05
 5.12749e-06
 1.24942e-06
 2.99287e-07
 7.03564e-08
 1.63474e-08
 4.43545e-09
 0.00000e+00
 0.00000e+00
 0.00000e+00
 3.79892e-49
 3.42301e-13
 6.55088e-12
 4.97163e-11
 1.75709e-10
 5.71225e-10
 7.60328e-09
 2.19869e-08
 1.76287e-08
 2.13415e-09
 6.24419e-10
 8.58344e-07
 4.68820e-06
 5.45050e-06
 1.15354e-06
 1.28793e-06
 9.90954e-06
 4.99928e-05
 8.74358e-05
 3.82068e-05
 1.64122e-05
 1.54058e-05
 3.01347e-05
 8.76959e-05
 2.05378e-04
 4.98953e-04
 1.21561e-03
 2.81299e-03
 6.11846e-03
 1.28503e-02
 2.26637e-02
 3.52059e-02
 4.36093e-02
 3.92586e-02
 2.61783e-02
 1.25433e-02
 4.36110e-03
 1.23891e-03
 3.24756e-04
 8.26822e-05
 2.07300e-05
 5.12749e-06
 1.24942e-06
 2.99287e-07
 7.03564e-08
 1.63474e-08
 4.43546e-09
 0.00000e+00
 0.00000e+00
 0.00000e+00
 3.79892e-49
 3.42301e-13
 6.55088e-12
 4.97163e-11
 1.75709e-10
 5.71225e-10
 7.60328e-09
 2.19869e-08
 1.76287e-08
 2.13415e-09
 6.24419e-10
 8.58344e-07
 4.68820e-06
 5.45050e-06
 1.15354e-06
 1.28793e-06
 9.90954e-06
 4.99928e-05
 8.74358e-05
 3.82068e-05
 1.64122e-05
 1.54058e-05
 3.01347e-05
 8.76959e-05
 2.05378e-04
 4.98953e-04
 1.21561e-03
 2.81299e-03
 6.11846e-03
 1.28503e-02
 2.26637e-02
 3.52059e-02
 4.36093e-02
 3.92586e-02
 2.61783e-02
 1.25433e-02
 4.36110e-03
 1.23891e-03
 3.24756e-04
 8.26822e-05
 2.07300e-05
 5.12749e-06
 1.24942e-06
 2.99287e-07
 7.03564e-08
 1.63474e-08
 4.43546e-09
 0.00000e+00
 0.00000e+00
 0.00000e+00
 3.79892e-49
 3.42301e-13
 6.55088e-12
 4.97163e-11
 1.75709e-10
 5.71225e-10
 7.60328e-09
 2.19869e-08
 1.76287e-08
 2.13415e-09
 6.24419e-10
 8.58344e-07
 4.68820e-06
 5.45050e-06
 1.15354e-06
 1.28793e-06
 9.90954e-06
 4.99928e-05
 8.74358e-05
 3.82068e-05
 1.64122e-05
 1.54058e-05
 3.01347e-05
 8.76959e-05
 2.05378e-04
 4.98953e-04
 1.21561e-03
 2.81299e-03
 6.11846e-03
 1.28503e-02
 2.26637e-02
 3.52059e-02
 4.36093e-02
 3.92586e-02
 2.61783e-02
 1.25433e-02
 4.36110e-03
 1.23891e-03
 3.24756e-04
 8.26822e-05
 2.07300e-05
 5.12749e-06
 1.24942e-06
 2.99287e-07
 7.03564e-08
 1.63474e-08
 4.43546e-09
 0.00000e+00
 0.00000e+00
 0.00000e+00
 3.79892e-49
 3.42301e-13
 6.55088e-12
 4.97163e-11
 1.75709e-10
 5.71225e-10
 7.60328e-09
 2.19869e-08
 1.76287e-08
 2.13415e-09
 6.24419e-10
 8.58344e-07
 4.68820e-06
 5.45050e-06
 1.15354e-06
 1.28793e-06
 9.90954e-06
 4.99928e-05
 8.74358e-05
 3.82068e-05
 1.64122e-05
 1.54058e-05
 3.01347e-05
 8.76959e-05
 2.05378e-04
 4.98953e-04
 1.21561e-03
 2.81299e-03
 6.11846e-03
 1.28503e-02
 2.26637e-02
 3.52059e-02
 4.36093e-02
 3.92586e-02
 2.61783e-02
 1.25433e-02
 4.36110e-03
 1.23891e-03
 3.24756e-04
 8.26822e-05
 2.07300e-05
 5.12749e-06
 1.24942e-06
 2.99287e-07
 7.03564e-08
 1.63474e-08
 4.43546e-09
part
         3
hexa8
 0.00000e+00
 1.47948e-31
 9.87078e-16
 2.18646e-31
 9.87078e-16
 1.70320e-31
 1.72512e-31
 9.87078e-16
 1.33559e-31
 0.00000e+00
 0.00000e+00
 0.00000e+00
 0.00000e+00
 0.00000e+00
 0.00000e+00
 0.00000e+00
 0.00000e+00
 0.00000e+00
 0.00000e+00
 0.00000e+00
 0.00000e+00
 0.00000e+00
 0.00000e+00
 0.00000e+00
 0.00000e+00
 0.00000e+00
 0.00000e+00
 0.00000e+00
 0.00000e+00
 0.00000e+00
 0.00000e+00
 0.00000e+00
 0.00000e+00
 0.00000e+00
 0.00000e+00
 0.00000e+00
 0.00000e+00
 0.00000e+00
 0.00000e+00
 0.00000e+00
 0.00000e+00
 0.00000e+00
 0.00000e+00
 0.00000e+00
 0.00000e+00
 0.00000e+00
 0.00000e+00
 0.00000e+00
 0.00000e+00
 0.00000e+00
 9.87078e-16
 2.99771e-31
 9.87078e-16
 4.87692e-31
 8.83557e-32
 1.97416e-15
 9.23123e-31
 2.96123e-15
 6.42606e-31
 0.00000e+00
 0.00000e+00
 0.00000e+00
 0.00000e+00
 0.00000e+00
 0.00000e+00
 0.00000e+00
 0.00000e+00
 0.00000e+00
 0.00000e+00
 0.00000e+00
 0.00000e+00
 0.00000e+00
 0.00000e+00
 0.00000e+00
 0.00000e+00
 0.00000e+00
 0.00000e+00
 0.00000e+00
 0.00000e+00
 0.00000e+00
 0.00000e+00
 0.00000e+00
 0.00000e+00
 0.00000e+00
 0.00000e+00
 0.00000e+00
 0.00000e+00
 0.00000e+00
 0.00000e+00
 0.00000e+00
 0.00000e+00
 0.00000e+00
 0.00000e+00
 0.00000e+00
 0.00000e+00
 0.00000e+00
 0.00000e+00
 0.00000e+00
 0.00000e+00
 0.00000e+00
 0.00000e+00
 0.00000e+00
 7.94531e-32
 5.71580e-48
 0.00000e+00
 1.28330e-31
 4.74574e-31
 9.87078e-16
 3.17175e-49
 0.00000e+00
 0.00000e+00
 0.00000e+00
 0.00000e+00
 0.00000e+00
 0.00000e+00
 0.00000e+00
 0.00000e+00
 0.00000e+00
 0.00000e+00
 0.00000e+00
 0.00000e+00
 0.00000e+00
 0.00000e+00
 0.00000e+00
 0.00000e+00
 0.00000e+00
 0.00000e+00
 0.00000e+00
 0.00000e+00
 0.00000e+00
 0.00000e+00
 0.00000e+00
 0.00000e+00
 0.00000e+00
 0.00000e+00
 0.00000e+00
 0.00000e+00
 0.00000e+00
 0.00000e+00
 0.00000e+00
 0.00000e+00
 0.00000e+00
 0.00000e+00
 0.00000e+00
 0.00000e+00
 0.00000e+00
 0.00000e+00
 0.00000e+00
 0.00000e+00
 0.00000e+00
 0.00000e+00
 0.00000e+00
 0.00000e+00
 3.28805e-31
 9.87078e-16
 8.37240e-48
 3.62811e-31
 9.87078e-16
 0.00000e+00
 0.00000e+00
 0.00000e+00
 0.00000e+00
 0.00000e+00
 0.00000e+00
 0.00000e+00
 0.00000e+00
 0.00000e+00
 0.00000e+00
 0.00000e+00
 0.00000e+00
 0.00000e+00
 0.00000e+00
 0.00000e+00
 0.00000e+00
 0.00000e+00
 0.00000e+00
 0.00000e+00
 0.00000e+00
 0.00000e+00
 0.00000e+00
 0.00000e+00
 0.00000e+00
 0.00000e+00
 0.00000e+00
 0.00000e+00
 0.00000e+00
 0.00000e+00
 0.00000e+00
 0.00000e+00
 0.00000e+00
 0.00000e+00
 0.00000e+00
 0.00000e+00
 0.00000e+00
 0.00000e+00
 0.00000e+00
 0.00000e+00
 0.00000e+00
 0.00000e+00
 0.00000e+00
 2.38061e-31
 1.45493e-47
 1.69107e-47
 1.49640e-47
 3.94722e-31
 1.97416e-15
 9.87078e-16
 1.02043e-30
 0.00000e+00
 0.00000e+00
 0.00000e+00
 0.00000e+00
 0.00000e+00
 0.00000e+00
 0.00000e+00
 0.00000e+00
 0.00000e+00
 0.00000e+00
 0.00000e+00
 0.00000e+00
 0.00000e+00
 0.00000e+00
 0.00000e+00
 0.00000e+00
 0.00000e+00
 0.00000e+00
 0.00000e+00
 0.00000e+00
 0.00000e+00
 0.00000e+00
 0.00000e+00
 0.00000e+00
 0.00000e+00
 0.00000e+00
 0.00000e+00
 0.00000e+00
 0.00000e+00
 0.00000e+00
 0.00000e+00
 0.00000e+00
 0.00000e+00
 0.00000e+00
 0.00000e+00
 0.00000e+00
 0.00000e+00
 0.00000e+00
 0.00000e+00
 0.00000e+00
 0.00000e+00
 0.00000e+00
 9.87078e-16
 0.00000e+00
 7.90109e-48
 6.69437e-31
 9.87078e-16
 2.59512e-32
 1.09054e-30
 2.96123e-15
 0.00000e+00
 0.00000e+00
 0.00000e+00
 0.00000e+00
 0.00000e+00
 0.00000e+00
 0.00000e+00
 0.00000e+00
 0.00000e+00
 0.00000e+00
 0.00000e+00
 0.00000e+00
 0.00000e+00
 0.00000e+00
 0.00000e+00
 0.00000e+00
 0.00000e+00
 0.00000e+00
 0.00000e+00
 0.00000e+00
 0.00000e+00
 0.00000e+00
 0.00000e+00
 0.00000e+00
 0.00000e+00
 0.00000e+00
 0.00000e+00
 0.00000e+00
 0.00000e+00
 0.00000e+00
 0.00000e+00
 0.00000e+00
 0.00000e+00
 0.00000e+00
 0.00000e+00
 0.00000e+00
 0.00000e+00
 0.00000e+00
 0.00000e+00
 0.00000e+00
 0.00000e+00
 0.00000e+00
 9.87078e-16
 1.97416e-15
 9.87078e-16
 9.87078e-16
 0.00000e+00
 2.45232e-48
 1.54150e-49
 1.29806e-31
 0.00000e+00
 0.00000e+00
 0.00000e+00
 0.00000e+00
 0.00000e+00
 0.00000e+00
 0.00000e+00
 0.00000e+00
 0.00000e+00
 0.00000e+00
 0.00000e+00
 0.00000e+00
 0.00000e+00
 0.00000e+00
 0.00000e+00
 0.00000e+00
 0.00000e+00
 0.00000e+00
 0.00000e+00
 0.00000e+00
 0.00000e+00
 0.00000e+00
 0.00000e+00
 0.00000e+00
 0.00000e+00
 0.00000e+00
 0.00000e+00
 0.00000e+00
 0.00000e+00
 0.00000e+00
 0.00000e+00
 0.00000e+00
 0.00000e+00
 0.00000e+00
 0.00000e+00
 0.00000e+00
 0.00000e+00
 0.00000e+00
 0.00000e+00
 0.00000e+00
 0.00000e+00
 0.00000e+00
 9.87078e-16
 2.89605e-31
 4.53234e-31
 3.61016e-47
 1.97416e-15
 2.86810e-31
 6.52546e-32
 0.00000e+00
 0.00000e+00
 0.00000e+00
 0.00000e+00
 0.00000e+00
 0.00000e+00
 0.00000e+00
 0.00000e+00
 0.00000e+00
 0.00000e+00
 0.00000e+00
 0.00000e+00
 0.00000e+00
 0.00000e+00
 0.00000e+00
 0.00000e+00
 0.00000e+00
 0.00000e+00
 0.00000e+00
 0.00000e+00
 0.00000e+00
 0.00000e+00
 0.00000e+00
 0.00000e+00
 0.00000e+00
 0.00000e+00
 0.00000e+00
 0.00000e+00
 0.00000e+00
 0.00000e+00
 0.00000e+00
 0.00000e+00
 0.00000e+00
 0.00000e+00
 0.00000e+00
 0.00000e+00
 0.00000e+00
 0.00000e+00
 0.00000e+00
 0.00000e+00
 0.00000e+00
 0.00000e+00
 0.00000e+00
 1.97416e-15
 5.59162e-31
 1.97416e-15
 5.24734e-31
 9.87078e-16
 1.20169e-48
 1.44613e-46
 4.61938e-31
 0.00000e+00
 0.00000e+00
 0.00000e+00
 0.00000e+00
 0.00000e+00
 0.00000e+00
 0.00000e+00
 0.00000e+00
 0.00000e+00
 0.00000e+00
 0.00000e+00
 0.00000e+00
 0.00000e+00
 0.00000e+00
 0.00000e+00
 0.00000e+00
 0.00000e+00
 0.00000e+00
 0.00000e+00
 0.00000e+00
 0.00000e+00
 0.00000e+00
 0.00000e+00
 0.00000e+00
 0.00000e+00
 0.00000e+00
 0.00000e+00
 0.00000e+00
 0.00000e+00
 0.00000e+00
 0.00000e+00
 0.00000e+00
 0.00000e+00
 0.00000e+00
 0.00000e+00
 0.00000e+00
 0.00000e+00
 0.00000e+00
 0.00000e+00
 0.00000e+00
 0.00000e+00
 0.00000e+00
 2.96123e-15
 9.87078e-16
 9.87078e-16
 3.15111e-32
 6.60800e-32
 1.88666e-31
 9.87078e-16
 3.10250e-47
 0.00000e+00
 0.00000e+00
 0.00000e+00
 0.00000e+00
 0.00000e+00
 0.00000e+00
 0.00000e+00
 0.00000e+00
 0.00000e+00
 0.00000e+00
 0.00000e+00
 0.00000e+00
 0.00000e+00
 0.00000e+00
 0.00000e+00
 0.00000e+00
 0.00000e+00
 0.00000e+00
 0.00000e+00
 0.00000e+00
 0.00000e+00
 0.00000e+00
 0.00000e+00
 0.00000e+00
 0.00000e+00
 0.00000e+00
 0.00000e+00
 0.00000e+00
 0.00000e+00
 0.00000e+00
 0.00000e+00
 0.00000e+00
 0.00000e+00
 0.00000e+00
 0.00000e+00
 0.00000e+00
 0.00000e+00
 0.00000e+00
 0.00000e+00
 0.00000e+00
 0.00000e+00
 0.00000e+00
 9.87078e-16
 1.45881e-31
 1.97416e-15
 6.40052e-47
 3.30475e-31
 1.48303e-31
 9.87078e-16
 1.60835e-31
 0.00000e+00
 0.00000e+00
 0.00000e+00
 0.00000e+00
 0.00000e+00
 0.00000e+00
 0.00000e+00
 0.00000e+00
 0.00000e+00
 0.00000e+00
 0.00000e+00
 0.00000e+00
 0.00000e+00
 0.00000e+00
 0.00000e+00
 0.00000e+00
 0.00000e+00
 0.00000e+00
 0.00000e+00
 0.00000e+00
 0.00000e+00
 0.00000e+00
 0.00000e+00
 0.00000e+00
 0.00000e+00
 0.00000e+00
 0.00000e+00
 0.00000e+00
 0.00000e+00
 0.00000e+00
 0.00000e+00
 0.00000e+00
 0.00000e+00
 0.00000e+00
 0.00000e+00
 0.00000e+00
 0.00000e+00
 0.00000e+00
 0.00000e+00
 0.00000e+00
 0.00000e+00
 0.00000e+00
 0.00000e+00
 6.33349e-31
 9.87078e-16
 6.52724e-31
 9.87078e-16
 9.87078e-16
 0.00000e+00
 0.00000e+00
 0.00000e+00
 0.00000e+00
 0.00000e+00
 0.00000e+00
 0.00000e+00
 0.00000e+00
 0.00000e+00
 0.00000e+00
 0.00000e+00
 0.00000e+00
 0.00000e+00
 0.00000e+00
 0.00000e+00
 0.00000e+00
 0.00000e+00
 0.00000e+00
 0.00000e+00
 0.00000e+00
 0.00000e+00
 0.00000e+00
 0.00000e+00
 0.00000e+00
 0.00000e+00
 0.00000e+00
 0.00000e+00
 0.00000e+00
 0.00000e+00
 0.00000e+00
 0.00000e+00
 0.00000e+00
 0.00000e+00
 0.00000e+00
 0.00000e+00
 0.00000e+00
 0.00000e+00
 0.00000e+00
 0.00000e+00
 0.00000e+00
 0.00000e+00
 0.00000e+00
 0.00000e+00
 0.00000e+00
 7.35283e-31
 5.24576e-32
 5.62627e-32
 0.00000e+00
 1.78704e-32
 4.66890e-48
 2.01412e-31
 8.01401e-47
 0.00000e+00
 0.00000e+00
 0.00000e+00
 0.00000e+00
 0.00000e+00
 0.00000e+00
 0.00000e+00
 0.00000e+00
 0.00000e+00
 0.00000e+00
 0.00000e+00
 0.00000e+00
 0.00000e+00
 0.00000e+00
 0.00000e+00
 0.00000e+00
 0.00000e+00
 0.00000e+00
 0.00000e+00
 0.00000e+00
 0.00000e+00
 0.00000e+00
 0.00000e+00
 0.00000e+00
 0.00000e+00
 0.00000e+00
 0.00000e+00
 0.00000e+00
 0.00000e+00
 0.00000e+00
 0.00000e+00
 0.00000e+00
 0.00000e+00
 0.00000e+00
 0.00000e+00
 0.00000e+00
 0.00000e+00
 0.00000e+00
 0.00000e+00
 0.00000e+00
 0.00000e+00
 0.00000e+00
 1.97416e-15
 8.94401e-31
 1.55181e-31
 2.46966e-31
 1.97416e-15
 1.35644e-30
 9.87078e-16
 5.72505e-31
 0.00000e+00
 0.00000e+00
 0.00000e+00
 0.00000e+00
 0.00000e+00
 0.00000e+00
 0.00000e+00
 0.00000e+00
 0.00000e+00
 0.00000e+00
 0.00000e+00
 0.00000e+00
 0.00000e+00
 0.00000e+00
 0.00000e+00
 0.00000e+00
 0.00000e+00
 0.00000e+00
 0.00000e+00
 0.00000e+00
 0.00000e+00
 0.00000e+00
 0.00000e+00
 0.00000e+00
 0.00000e+00
 0.00000e+00
 0.00000e+00
 0.00000e+00
 0.00000e+00
 0.00000e+00
 0.00000e+00
 0.00000e+00
 0.00000e+00
 0.00000e+00
 0.00000e+00
 0.00000e+00
 0.00000e+00
 0.00000e+00
 0.00000e+00
 0.00000e+00
 0.00000e+00
 0.00000e+00
 9.87078e-16
 9.87078e-16
 9.87078e-16
 1.97416e-15
 1.97416e-15
 1.97416e-15
 1.97416e-15
 6.70985e-33
 0.00000e+00
 0.00000e+00
 0.00000e+00
 0.00000e+00
 0.00000e+00
 0.00000e+00
 0.00000e+00
 0.00000e+00
 0.00000e+00
 0.00000e+00
 0.00000e+00
 0.00000e+00
 0.00000e+00
 0.00000e+00
 0.00000e+00
 0.00000e+00
 0.00000e+00
 0.00000e+00
 0.00000e+00
 0.00000e+00
 0.00000e+00
 0.00000e+00
 0.00000e+00
 0.00000e+00
 0.00000e+00
 0.00000e+00
 0.00000e+00
 0.00000e+00
 0.00000e+00
 0.00000e+00
 0.00000e+00
 0.00000e+00
 0.00000e+00
 0.00000e+00
 0.00000e+00
 0.00000e+00
 0.00000e+00
 0.00000e+00
 0.00000e+00
 0.00000e+00
 0.00000e+00
 0.00000e+00
part
         4
hexa8
 0.00000e+00
 0.00000e+00
 0.00000e+00
 3.79892e-49
 3.42301e-13
 6.55088e-12
 4.97163e-11
 1.75709e-10
 5.71225e-10
 7.60328e-09
 2.19869e-08
 1.76287e-08
 2.13415e-09
 6.24419e-10
 8.58344e-07
 4.68820e-06
 5.45050e-06
 1.15354e-06
 1.28793e-06
 9.90954e-06
 4.99928e-05
 8.74358e-05
 3.82068e-05
 1.64122e-05
 1.54058e-05
 3.01347e-05
 8.76959e-05
 2.05378e-04
 4.98953e-04
 1.21561e-03
 2.81299e-03
 6.11846e-03
 1.28503e-02
 2.26637e-02
 3.52059e-02
 4.36093e-02
 3.92586e-02
 2.61783e-02
 1.25433e-02
 4.36110e-03
 1.23891e-03
 3.24756e-04
 8.26822e-05
 2.07300e-05
 5.12749e-06
 1.24942e-06
 2.99287e-07
 7.03564e-08
 1.63474e-08
 4.43546e-09
 0.00000e+00
 0.00000e+00
 0.00000e+00
 3.79892e-49
 3.42301e-13
 6.55088e-12
 4.97163e-11
 1.75709e-10
 5.71225e-10
 7.60328e-09
 2.19869e-08
 1.76287e-08
 2.13415e-09
 6.24419e-10
 8.58344e-07
 4.68820e-06
 5.45050e-06
 1.15354e-06
 1.28793e-06
 9.90954e-06
 4.99928e-05
 8.74358e-05
 3.82068e-05
 1.64122e-05
 1.54058e-05
 3.01347e-05
 8.76959e-05
 2.05378e-04
 4.98953e-04
 1.21561e-03
 2.81299e-03
 6.11846e-03
 1.28503e-02
 2.26637e-02
 3.52059e-02
 4.36093e-02
 3.92586e-02
 2.61783e-02
 1.25433e-02
 4.36110e-03
 1.23891e-03
 3.24756e-04
 8.26822e-05
 2.07300e-05
 5.12749e-06
 1.24942e-06
 2.99287e-07
 7.03564e-08
 1.63474e-08
 4.43546e-09
 0.00000e+00
 0.00000e+00
 0.00000e+00
 3.79892e-49
 3.42301e-13
 6.55088e-12
 4.97163e-11
 1.75709e-10
 5.71225e-10
 7.60328e-09
 2.19869e-08
 1.76287e-08
 2.13415e-09
 6.24419e-10
 8.58344e-07
 4.68820e-06
 5.45050e-06
 1.15354e-06
 1.28793e-06
 9.90954e-06
 4.99928e-05
 8.74358e-05
 3.82068e-05
 1.64122e-05
 1.54058e-05
 3.01347e-05
 8.76959e-05
 2.05378e-04
 4.98953e-04
 1.21561e-03
 2.81299e-03
 6.11846e-03
 1.28503e-02
 2.26637e-02
 3.52059e-02
 4.36093e-02
 3.92586e-02
 2.61783e-02
 1.25433e-02
 4.36110e-03
 1.23891e-03
 3.24756e-04
 8.26822e-05
 2.07300e-05
 5.12749e-06
 1.24942e-06
 2.99287e-07
 7.03564e-08
 1.63474e-08
 4.43546e-09
 0.00000e+00
 0.00000e+00
 0.00000e+00
 3.79892e-49
 3.42301e-13
 6.55088e-12
 4.97163e-11
 1.75709e-10
 5.71225e-10
 7.60328e-09
 2.19869e-08
 1.76287e-08
 2.13415e-09
 6.24419e-10
 8.58344e-07
 4.68820e-06
 5.45050e-06
 1.15354e-06
 1.28793e-06
 9.90954e-06
 4.99928e-05
 8.74358e-05
 3.82068e-05
 1.64122e-05
 1.54058e-05
 3.01347e-05
 8.76959e-05
 2.05378e-04
 4.98953e-04
 1.21561e-03
 2.81299e-03
 6.11846e-03
 1.28503e-02
 2.26637e-02
 3.52059e-02
 4.36093e-02
 3.92586e-02
 2.61783e-02
 1.25433e-02
 4.36110e-03
 1.23891e-03
 3.24756e-04
 8.26822e-05
 2.07300e-05
 5.12749e-06
 1.24942e-06
 2.99287e-07
 7.03564e-08
 1.63474e-08
 4.43546e-09
 0.00000e+00
 0.00000e+00
 0.00000e+00
 3.79892e-49
 3.42301e-13
 6.55088e-12
 4.97163e-11
 1.75709e-10
 5.71225e-10
 7.60328e-09
 2.19869e-08
 1.76287e-08
 2.13415e-09
 6.24419e-10
 8.58344e-07
 4.68820e-06
 5.45050e-06
 1.15354e-06
 1.28793e-06
 9.90954e-06
 4.99928e-05
 8.74358e-05
 3.82068e-05
 1.64122e-05
 1.54058e-05
 3.01347e-05
 8.76959e-05
 2.05378e-04
 4.98953e-04
 1.21561e-03
 2.81299e-03
 6.11846e-03
 1.28503e-02
 2.26637e-02
 3.52059e-02
 4.36093e-02
 3.92586e-02
 2.61783e-02
 1.25433e-02
 4.36110e-03
 1.23891e-03
 3.24756e-04
 8.26822e-05
 2.07300e-05
 5.12749e-06
 1.24942e-06
 2.99287e-07
 7.03564e-08
 1.63474e-08
 4.43546e-09
 0.00000e+00
 0.00000e+00
 0.00000e+00
 3.79892e-49
 3.42301e-13
 6.55088e-12
 4.97163e-11
 1.75709e-10
 5.71225e-10
 7.60328e-09
 2.19869e-08
 1.76287e-08
 2.13415e-09
 6.24419e-10
 8.58344e-07
 4.68820e-06
 5.45050e-06
 1.15354e-06
 1.28793e-06
 9.90954e-06
 4.99928e-05
 8.74358e-05
 3.82068e-05
 1.64122e-05
 1.54058e-05
 3.01347e-05
 8.76959e-05
 2.05378e-04
 4.98953e-04
 1.21561e-03
 2.81299e-03
 6.11846e-03
 1.28503e-02
 2.26637e-02
 3.52059e-02
 4.36093e-02
 3.92586e-02
 2.61783e-02
 1.25433e-02
 4.36110e-03
 1.23891e-03
 3.24756e-04
 8.26822e-05
 2.07300e-05
 5.12749e-06
 1.24942e-06
 2.99287e-07
 7.03564e-08
 1.63474e-08
 4.43546e-09
 0.00000e+00
 0.00000e+00
 0.00000e+00
 3.79892e-49
 3.42301e-13
 6.55088e-12
 4.97163e-11
 1.75709e-10
 5.71225e-10
 7.60328e-09
 2.19869e-08
 1.76287e-08
 2.13415e-09
 6.24419e-10
 8.58344e-07
 4.68820e-06
 5.45050e-06
 1.15354e-06
 1.28793e-06
 9.90954e-06
 4.99928e-05
 8.74358e-05
 3.82068e-05
 1.64122e-05
 1.54058e-05
 3.01347e-05
 8.76959e-05
 2.05378e-04
 4.98953e-04
 1.21561e-03
 2.81299e-03
 6.11846e-03
 1.28503e-02
 2.26637e-02
 3.52059e-02
 4.36093e-02
 3.92586e-02
 2.61783e-02
 1.25433e-02
 4.36110e-03
 1.23891e-03
 3.24756e-04
 8.26822e-05
 2.07300e-05
 5.12749e-06
 1.24942e-06
 2.99287e-07
 7.03564e-08
 1.63474e-08
 4.43546e-09
 0.00000e+00
 0.00000e+00
 0.00000e+00
 3.79892e-49
 3.42301e-13
 6.55088e-12
 4.97163e-11
 1.75709e-10
 5.71225e-10
 7.60328e-09
 2.19869e-08
 1.76287e-08
 2.13415e-09
 6.24419e-10
 8.58344e-07
 4.68820e-06
 5.45050e-06
 1.15354e-06
 1.28793e-06
 9.90954e-06
 4.99928e-05
 8.74358e-05
 3.82068e-05
 1.64122e-05
 1.54058e-05
 3.01347e-05
 8.76959e-05
 2.05378e-04
 4.98953e-04
 1.21561e-03
 2.81299e-03
 6.11846e-03
 1.28503e-02
 2.26637e-02
 3.52059e-02
 4.36093e-02
 3.92586e-02
 2.61783e-02
 1.25433e-02
 4.36110e-03
 1.23891e-03
 3.24756e-04
 8.26822e-05
 2.07300e-05
 5.12749e-06
 1.24942e-06
 2.99287e-07
 7.03564e-08
 1.63474e-08
 4.43546e-09
 0.00000e+00
 0.00000e+00
 0.00000e+00
 3.79892e-49
 3.42301e-13
 6.55088e-12
 4.97163e-11
 1.75709e-10
 5.71225e-10
 7.60328e-09
 2.19869e-08
 1.76287e-08
 2.13415e-09
 6.24419e-10
 8.58344e-07
 4.68820e-06
 5.45050e-06
 1.15354e-06
 1.28793e-06
 9.90954e-06
 4.99928e-05
 8.74358e-05
 3.82068e-05
 1.64122e-05
 1.54058e-05
 3.01347e-05
 8.76959e-05
 2.05378e-04
 4.98953e-04
 1.21561e-03
 2.81299e-03
 6.11846e-03
 1.28503e-02
 2.26637e-02
 3.52059e-02
 4.36093e-02
 3.92586e-02
 2.61783e-02
 1.25433e-02
 4.36110e-03
 1.23891e-03
 3.24756e-04
 8.26822e-05
 2.07300e-05
 5.12749e-06
 1.24942e-06
 2.99287e-07
 7.03564e-08
 1.63474e-08
 4.43545e-09
 0.00000e+00
 0.00000e+00
 0.00000e+00
 3.79892e-49
 3.42301e-13
 6.55088e-12
 4.97163e-11
 1.75709e-10
 5.71225e-10
 7.60328e-09
 2.19869e-08
 1.76287e-08
 2.13415e-09
 6.24419e-10
 8.58344e-07
 4.68820e-06
 5.45050e-06
 1.15354e-06
 1.28793e-06
 9.90954e-06
 4.99928e-05
 8.74358e-05
 3.82068e-05
 1.64122e-05
 1.54058e-05
 3.01347e-05
 8.76959e-05
 2.05378e-04
 4.98953e-04
 1.21561e-03
 2.81299e-03
 6.11846e-03
 1.28503e-02
 2.26637e-02
 3.52059e-02
 4.36093e-02
 3.92586e-02
 2.61783e-02
 1.25433e-02
 4.36110e-03
 1.23891e-03
 3.24756e-04
 8.26822e-05
 2.07300e-05
 5.12749e-06
 1.24942e-06
 2.99287e-07
 7.03564e-08
 1.63474e-08
 4.43546e-09
 0.00000e+00
 0.00000e+00
 0.00000e+00
 3.79892e-49
 3.42301e-13
 6.55088e-12
 4.97163e-11
 1.75709e-10
 5.71225e-10
 7.60328e-09
 2.19869e-08
 1.76287e-08
 2.13415e-09
 6.24419e-10
 8.58344e-07
 4.68820e-06
 5.45050e-06
 1.15354e-06
 1.28793e-06
 9.90954e-06
 4.99928e-05
 8.74358e-05
 3.82068e-05
 1.64122e-05
 1.54058e-05
 3.01347e-05
 8.76959e-05
 2.05378e-04
 4.98953e-04
 1.21561e-03
 2.81299e-03
 6.11846e-03
 1.28503e-02
 2.26637e-02
 3.52059e-02
 4.36093e-02
 3.92586e-02
 2.61783e-02
 1.25433e-02
 4.36110e-03
 1.23891e-03
 3.24756e-04
 8.26822e-05
 2.07300e-05
 5.12749e-06
 1.24942e-06
 2.99287e-07
 7.03564e-08
 1.63474e-08
 4.43546e-09
 0.00000e+00
 0.00000e+00
 0.00000e+00
 3.79892e-49
 3.42301e-13
 6.55088e-12
 4.97163e-11
 1.75709e-10
 5.71225e-10
 7.60328e-09
 2.19869e-08
 1.76287e-08
 2.13415e-09
 6.24419e-10
 8.58344e-07
 4.68820e-06
 5.45050e-06
 1.15354e-06
 1.28793e-06
 9.90954e-06
 4.99928e-05
 8.74358e-05
 3.82068e-05
 1.64122e-05
 1.54058e-05
 3.01347e-05
 8.76959e-05
 2.05378e-04
 4.98953e-04
 1.21561e-03
 2.81299e-03
 6.11846e-03
 1.28503e-02
 2.26637e-02
 3.52059e-02
 4.36093e-02
 3.92586e-02
 2.61783e-02
 1.25433e-02
 4.36110e-03
 1.23891e-03
 3.24756e-04
 8.26822e-05
 2.07300e-05
 5.12749e-06
 1.24942e-06
 2.99287e-07
 7.03564e-08
 1.63474e-08
 4.43546e-09
 0.00000e+00
 0.00000e+00
 0.00000e+00
 3.79892e-49
 3.42301e-13
 6.55088e-12
 4.97163e-11
 1.75709e-10
 5.71225e-10
 7.60328e-09
 2.19869e-08
 1.76287e-08
 2.13415e-09
 6.24419e-10
 8.58344e-07
 4.68820e-06
 5.45050e-06
 1.15354e-06
 1.28793e-06
 9.90954e-06
 4.99928e-05
 8.74358e-05
 3.82068e-05
 1.64122e-05
 1.54058e-05
 3.01347e-05
 8.76959e-05
 2.05378e-04
 4.98953e-04
 1.21561e-03
 2.81299e-03
 6.11846e-03
 1.28503e-02
 2.26637e-02
 3.52059e-02
 4.36093e-02
 3.92586e-02
 2.61783e-02
 1.25433e-02
 4.36110e-03
 1.23891e-03
 3.24756e-04
 8.26822e-05
 2.07300e-05
 5.12749e-06
 1.24942e-06
 2.99287e-07
 7.03564e-08
 1.63474e-08
 4.43546e-09
 0.00000e+00
 0.00000e+00
 0.00000e+00
 3.79892e-49
 3.42301e-13
 6.55088e-12
 4.97163e-11
 1.75709e-10
 5.71225e-10
 7.60328e-09
 2.19869e-08
 1.76287e-08
 2.13415e-09
 6.24419e-10
 8.58344e-07
 4.68820e-06
 5.45050e-06
 1.15354e-06
 1.28793e-06
 9.90954e-06
 4.99928e-05
 8.74358e-05
 3.82068e-05
 1.64122e-05
 1.54058e-05
 3.01347e-05
 8.76959e-05
 2.05378e-04
 4.98953e-04
 1.21561e-03
 2.81299e-03
 6.11846e-03
 1.28503e-02
 2.26637e-02
 3.52059e-02
 4.36093e-02
 3.92586e-02
 2.61783e-02
 1.25433e-02
 4.36110e-03
 1.23891e-03
 3.24756e-04
 8.26822e-05
 2.07300e-05
 5.12749e-06
 1.24942e-06
 2.99287e-07
 7.03564e-08
 1.63474e-08
 4.43546e-09
 0.00000e+00
 0.00000e+00
 0.00000e+00
 3.79892e-49
 3.42301e-13
 6.55088e-12
 4.97163e-11
 1.75709e-10
 5.71225e-10
 7.60328e-09
 2.19869e-08
 1.76287e-08
 2.13415e-09
 6.24419e-10
 8.58344e-07
 4.68820e-06
 5.45050e-06
 1.15354e-06
 1.28793e-06
 9.90954e-06
 4.99928e-05
 8.74358e-05
 3.82068e-05
 1.64122e-05
 1.54058e-05
 3.01347e-05
 8.76959e-05
 2.05378e-04
 4.98953e-04
 1.21561e-03
 2.81299e-03
 6.11846e-03
 1.28503e-02
 2.26637e-02
 3.52059e-02
 4.36093e-02
 3.92586e-02
 2.61783e-02
 1.25433e-02
 4.36110e-03
 1.23891e-03
 3.24756e-04
 8.26822e-05
 2.07300e-05
 5.12749e-06
 1.24942e-06
 2.99287e-07
 7.03564e-08
 1.63474e-08
 4.43546e-09
