PseudoViscosity
part
         1
hexa8
 1.93803e-15
 1.93803e-15
 9.69016e-16
 9.69016e-16
 5.57257e-32
 9.69016e-16
 0.00000e+00
 1.52387e-31
 1.93803e-15
 5.57257e-32
 1.65839e-31
 1.09186e-46
 0.00000e+00
 9.69016e-16
 9.69016e-16
 1.93803e-15
 3.85688e-31
 0.00000e+00
 0.00000e+00
 3.76079e-31
 0.00000e+00
 0.00000e+00
 0.00000e+00
 0.00000e+00
 0.00000e+00
 0.00000e+00
 0.00000e+00
 0.00000e+00
 0.00000e+00
 0.00000e+00
 2.32056e-31
 1.23092e-30
 4.17338e-47
 0.00000e+00
 0.00000e+00
 9.69016e-16
 1.93803e-15
 3.06955e-31
 0.00000e+00
 0.00000e+00
 2.53142e-31
 4.77216e-31
 3.37642e-47
 0.00000e+00
 0.00000e+00
 0.00000e+00
 0.00000e+00
 0.00000e+00
 0.00000e+00
 0.00000e+00
 0.00000e+00
 0.00000e+00
 0.00000e+00
 0.00000e+00
 0.00000e+00
 0.00000e+00
 0.00000e+00
 0.00000e+00
 0.00000e+00
 0.00000e+00
 0.00000e+00
 0.00000e+00
 0.00000e+00
 0.00000e+00
 0.00000e+00
 0.00000e+00
 0.00000e+00
 0.00000e+00
 0.00000e+00
 0.00000e+00
 0.00000e+00
 0.00000e+00
 0.00000e+00
 0.00000e+00
 0.00000e+00
 0.00000e+00
 0.00000e+00
 0.00000e+00
 0.00000e+00
 0.00000e+00
 0.00000e+00
 0.00000e+00
 0.00000e+00
 0.00000e+00
 0.00000e+00
 0.00000e+00
 0.00000e+00
 0.00000e+00
 0.00000e+00
 0.00000e+00
 0.00000e+00
 0.00000e+00
 0.00000e+00
 0.00000e+00
 0.00000e+00
 0.00000e+00
 0.00000e+00
 0.00000e+00
 0.00000e+00
 0.00000e+00
 0.00000e+00
 0.00000e+00
 0.00000e+00
 0.00000e+00
 0.00000e+00
 0.00000e+00
 0.00000e+00
 0.00000e+00
 0.00000e+00
 0.00000e+00
 0.00000e+00
 0.00000e+00
 0.00000e+00
 0.00000e+00
 0.00000e+00
 0.00000e+00
 0.00000e+00
 0.00000e+00
 0.00000e+00
 0.00000e+00
 0.00000e+00
 0.00000e+00
 0.00000e+00
 0.00000e+00
 0.00000e+00
 6.87405e-32
 3.78970e-32
 9.69016e-16
-4.88470e-47
 0.00000e+00
 9.69016e-16
 0.00000e+00
 1.46764e-31
 1.74685e-31
 1.37217e-47
 0.00000e+00
 1.89580e-31
 1.49110e-32
 1.00068e-31
 2.22491e-48
 0.00000e+00
 9.69016e-16
 4.37071e-32
 5.95950e-47
 0.00000e+00
 0.00000e+00
 0.00000e+00
 0.00000e+00
 1.59354e-31
 1.93803e-15
 0.00000e+00
 0.00000e+00
 1.44802e-47
 5.24185e-31
 5.69049e-31
 0.00000e+00
 1.37812e-30
 1.56929e-31
 9.69016e-16
 7.46068e-32
 2.54953e-47
 2.90705e-15
 4.62690e-31
 0.00000e+00
 3.72811e-47
 1.77739e-31
 0.00000e+00
 0.00000e+00
 0.00000e+00
 0.00000e+00
 5.39383e-47
 0.00000e+00
 0.00000e+00
 0.00000e+00
 0.00000e+00
 0.00000e+00
 0.00000e+00
 0.00000e+00
 0.00000e+00
 0.00000e+00
 0.00000e+00
 0.00000e+00
 0.00000e+00
 0.00000e+00
 0.00000e+00
 0.00000e+00
 0.00000e+00
 0.00000e+00
 0.00000e+00
 0.00000e+00
 0.00000e+00
 0.00000e+00
 0.00000e+00
 0.00000e+00
 0.00000e+00
 0.00000e+00
 0.00000e+00
 0.00000e+00
 0.00000e+00
 0.00000e+00
 0.00000e+00
 0.00000e+00
 0.00000e+00
 0.00000e+00
 0.00000e+00
 0.00000e+00
 0.00000e+00
 0.00000e+00
 0.00000e+00
 0.00000e+00
 0.00000e+00
 0.00000e+00
 0.00000e+00
 0.00000e+00
 0.00000e+00
 0.00000e+00
 0.00000e+00
 0.00000e+00
 0.00000e+00
 0.00000e+00
 0.00000e+00
 0.00000e+00
 0.00000e+00
 0.00000e+00
 0.00000e+00
 0.00000e+00
 0.00000e+00
 0.00000e+00
 0.00000e+00
 0.00000e+00
 0.00000e+00
 0.00000e+00
 0.00000e+00
 0.00000e+00
 0.00000e+00
 0.00000e+00
 0.00000e+00
 0.00000e+00
 0.00000e+00
 0.00000e+00
 0.00000e+00
 0.00000e+00
 0.00000e+00
 0.00000e+00
 0.00000e+00
 0.00000e+00
 0.00000e+00
 0.00000e+00
 0.00000e+00
 0.00000e+00
 9.69016e-16
 1.97890e-32
 9.69016e-16
 1.00265e-31
 0.00000e+00
 0.00000e+00
 2.87282e-48
 0.00000e+00
 9.69016e-16
 1.89708e-31
 2.54159e-32
 1.11049e-32
 9.69016e-16
 9.69016e-16
 1.30956e-31
 2.10290e-31
 6.94599e-48
 0.00000e+00
 1.93803e-15
 2.43538e-31
 9.69016e-16
 0.00000e+00
 0.00000e+00
 6.09047e-31
 9.69016e-16
 0.00000e+00
 0.00000e+00
 2.09773e-31
 9.69016e-16
 9.69016e-16
 0.00000e+00
 0.00000e+00
 9.69016e-16
 0.00000e+00
 7.90932e-32
 9.53000e-31
 1.99259e-30
-5.22024e-48
 0.00000e+00
 0.00000e+00
 2.90705e-15
 4.84508e-15
-5.22024e-48
 0.00000e+00
 0.00000e+00
 1.01695e-30
 2.12231e-30
-2.73590e-63
 0.00000e+00
 0.00000e+00
 0.00000e+00
 0.00000e+00
 0.00000e+00
 0.00000e+00
 0.00000e+00
 0.00000e+00
 0.00000e+00
 0.00000e+00
 0.00000e+00
 0.00000e+00
 0.00000e+00
 0.00000e+00
 0.00000e+00
 0.00000e+00
 0.00000e+00
 0.00000e+00
 0.00000e+00
 0.00000e+00
 0.00000e+00
 0.00000e+00
 0.00000e+00
 0.00000e+00
 0.00000e+00
 0.00000e+00
 0.00000e+00
 0.00000e+00
 0.00000e+00
 0.00000e+00
 0.00000e+00
 0.00000e+00
 0.00000e+00
 0.00000e+00
 0.00000e+00
 0.00000e+00
 0.00000e+00
 0.00000e+00
 0.00000e+00
 0.00000e+00
 0.00000e+00
 0.00000e+00
 0.00000e+00
 0.00000e+00
 0.00000e+00
 0.00000e+00
 0.00000e+00
 0.00000e+00
 0.00000e+00
 0.00000e+00
 0.00000e+00
 0.00000e+00
 0.00000e+00
 0.00000e+00
 0.00000e+00
 0.00000e+00
 0.00000e+00
 0.00000e+00
 0.00000e+00
 0.00000e+00
 0.00000e+00
 0.00000e+00
 0.00000e+00
 0.00000e+00
 0.00000e+00
 0.00000e+00
 0.00000e+00
 0.00000e+00
 0.00000e+00
 0.00000e+00
 0.00000e+00
 0.00000e+00
 0.00000e+00
 0.00000e+00
 0.00000e+00
 0.00000e+00
 0.00000e+00
 0.00000e+00
 7.65791e-32
 9.69016e-16
 7.80717e-32
 1.69763e-31
 9.04298e-32
 0.00000e+00
 7.67692e-33
 9.69016e-16
 1.93803e-15
 9.69016e-16
 3.73752e-48
 5.06598e-32
 2.90705e-15
 9.69016e-16
 9.69016e-16
 4.61870e-32
 1.34429e-31
 4.26816e-31
 1.93803e-15
-3.13215e-47
 0.00000e+00
 2.03907e-31
 9.69016e-16
 7.37496e-31
 0.00000e+00
 0.00000e+00
 5.44446e-47
 6.70786e-31
 0.00000e+00
 0.00000e+00
 4.37697e-31
 1.83892e-31
 9.69016e-16
 7.44283e-31
 0.00000e+00
 9.69016e-16
 3.19251e-31
 0.00000e+00
 2.08716e-46
 0.00000e+00
 2.11462e-31
 1.93803e-15
 0.00000e+00
 0.00000e+00
 0.00000e+00
 0.00000e+00
 5.28520e-31
 0.00000e+00
 0.00000e+00
 0.00000e+00
 0.00000e+00
 0.00000e+00
 0.00000e+00
 0.00000e+00
 0.00000e+00
 0.00000e+00
 0.00000e+00
 0.00000e+00
 0.00000e+00
 0.00000e+00
 0.00000e+00
 0.00000e+00
 0.00000e+00
 0.00000e+00
 0.00000e+00
 0.00000e+00
 0.00000e+00
 0.00000e+00
 0.00000e+00
 0.00000e+00
 0.00000e+00
 0.00000e+00
 0.00000e+00
 0.00000e+00
 0.00000e+00
 0.00000e+00
 0.00000e+00
 0.00000e+00
 0.00000e+00
 0.00000e+00
 0.00000e+00
 0.00000e+00
 0.00000e+00
 0.00000e+00
 0.00000e+00
 0.00000e+00
 0.00000e+00
 0.00000e+00
 0.00000e+00
 0.00000e+00
 0.00000e+00
 0.00000e+00
 0.00000e+00
 0.00000e+00
 0.00000e+00
 0.00000e+00
 0.00000e+00
 0.00000e+00
 0.00000e+00
 0.00000e+00
 0.00000e+00
 0.00000e+00
 0.00000e+00
 0.00000e+00
 0.00000e+00
 0.00000e+00
 0.00000e+00
 0.00000e+00
 0.00000e+00
 0.00000e+00
 0.00000e+00
 0.00000e+00
 0.00000e+00
 0.00000e+00
 0.00000e+00
 0.00000e+00
 0.00000e+00
 0.00000e+00
 0.00000e+00
 0.00000e+00
 0.00000e+00
 0.00000e+00
 0.00000e+00
 0.00000e+00
 0.00000e+00
 0.00000e+00
 1.93803e-15
 2.86107e-31
 9.69016e-16
 0.00000e+00
 0.00000e+00
 2.90705e-15
 5.11389e-31
 1.93803e-15
 4.51557e-31
 8.74222e-48
 1.93803e-15
 7.17648e-31
 5.64283e-31
 1.93803e-15
 7.23702e-31
 9.69016e-16
 3.24414e-31
 0.00000e+00
 9.69016e-16
 1.93803e-15
 1.93803e-15
 3.66005e-31
 0.00000e+00
 9.69016e-16
 3.74480e-31
 3.57547e-32
 9.69016e-16
-5.22024e-47
 4.96937e-32
 1.93803e-15
 9.69016e-16
 1.93803e-15
 3.87606e-15
 0.00000e+00
 3.14457e-31
 1.83167e-31
 1.41580e-30
 9.70527e-31
 0.00000e+00
 0.00000e+00
 6.26866e-33
 3.87606e-15
 6.02226e-31
 0.00000e+00
 0.00000e+00
 2.74010e-48
 2.34831e-31
 4.03798e-46
 0.00000e+00
 0.00000e+00
 0.00000e+00
 0.00000e+00
 0.00000e+00
 0.00000e+00
 0.00000e+00
 0.00000e+00
 0.00000e+00
 0.00000e+00
 0.00000e+00
 0.00000e+00
 0.00000e+00
 0.00000e+00
 0.00000e+00
 0.00000e+00
 0.00000e+00
 0.00000e+00
 0.00000e+00
 0.00000e+00
 0.00000e+00
 0.00000e+00
 0.00000e+00
 0.00000e+00
 0.00000e+00
 0.00000e+00
 0.00000e+00
 0.00000e+00
 0.00000e+00
 0.00000e+00
 0.00000e+00
 0.00000e+00
 0.00000e+00
 0.00000e+00
 0.00000e+00
 0.00000e+00
 0.00000e+00
 0.00000e+00
 0.00000e+00
 0.00000e+00
 0.00000e+00
 0.00000e+00
 0.00000e+00
 0.00000e+00
 0.00000e+00
 0.00000e+00
 0.00000e+00
 0.00000e+00
 0.00000e+00
 0.00000e+00
 0.00000e+00
 0.00000e+00
 0.00000e+00
 0.00000e+00
 0.00000e+00
 0.00000e+00
 0.00000e+00
 0.00000e+00
 0.00000e+00
 0.00000e+00
 0.00000e+00
 0.00000e+00
 0.00000e+00
 0.00000e+00
 0.00000e+00
 0.00000e+00
 0.00000e+00
 0.00000e+00
 0.00000e+00
 0.00000e+00
 0.00000e+00
 0.00000e+00
 0.00000e+00
 0.00000e+00
 0.00000e+00
part
         2
hexa8
 0.00000e+00
 0.00000e+00
 0.00000e+00
 0.00000e+00
 0.00000e+00
 0.00000e+00
 0.00000e+00
 0.00000e+00
 0.00000e+00
 0.00000e+00
 0.00000e+00
 0.00000e+00
 0.00000e+00
 0.00000e+00
 0.00000e+00
 0.00000e+00
 0.00000e+00
 0.00000e+00
 0.00000e+00
 0.00000e+00
 0.00000e+00
 0.00000e+00
 0.00000e+00
 0.00000e+00
 0.00000e+00
 0.00000e+00
 0.00000e+00
 0.00000e+00
 0.00000e+00
 0.00000e+00
 0.00000e+00
 0.00000e+00
 0.00000e+00
 0.00000e+00
 0.00000e+00
 0.00000e+00
 0.00000e+00
 0.00000e+00
 0.00000e+00
 0.00000e+00
 0.00000e+00
 0.00000e+00
 0.00000e+00
 0.00000e+00
 0.00000e+00
 0.00000e+00
 0.00000e+00
 0.00000e+00
 0.00000e+00
 0.00000e+00
 0.00000e+00
 0.00000e+00
 0.00000e+00
 0.00000e+00
 0.00000e+00
 0.00000e+00
 0.00000e+00
 0.00000e+00
 0.00000e+00
 0.00000e+00
 0.00000e+00
 0.00000e+00
 0.00000e+00
 0.00000e+00
 0.00000e+00
 0.00000e+00
 0.00000e+00
 0.00000e+00
 0.00000e+00
 0.00000e+00
 0.00000e+00
 0.00000e+00
 0.00000e+00
 0.00000e+00
 0.00000e+00
 0.00000e+00
 0.00000e+00
 0.00000e+00
 0.00000e+00
 0.00000e+00
 0.00000e+00
 0.00000e+00
 0.00000e+00
 0.00000e+00
 0.00000e+00
 0.00000e+00
 0.00000e+00
 0.00000e+00
 0.00000e+00
 0.00000e+00
 0.00000e+00
 0.00000e+00
 0.00000e+00
 0.00000e+00
 0.00000e+00
 0.00000e+00
 0.00000e+00
 0.00000e+00
 0.00000e+00
 0.00000e+00
 0.00000e+00
 0.00000e+00
 0.00000e+00
 0.00000e+00
 0.00000e+00
 0.00000e+00
 0.00000e+00
 0.00000e+00
 0.00000e+00
 0.00000e+00
 3.00511e-05
 3.00511e-05
 3.00511e-05
 3.00511e-05
 3.00511e-05
 1.41224e-04
 1.41224e-04
 1.41224e-04
 1.41224e-04
 1.41224e-04
 3.03657e-05
 3.03657e-05
 3.03657e-05
 3.03657e-05
 3.03657e-05
 0.00000e+00
 0.00000e+00
 0.00000e+00
 0.00000e+00
 0.00000e+00
 0.00000e+00
 0.00000e+00
 0.00000e+00
 0.00000e+00
 0.00000e+00
 0.00000e+00
 0.00000e+00
 0.00000e+00
 0.00000e+00
 0.00000e+00
 0.00000e+00
 0.00000e+00
 0.00000e+00
 0.00000e+00
 0.00000e+00
 0.00000e+00
 0.00000e+00
 0.00000e+00
 0.00000e+00
 0.00000e+00
 0.00000e+00
 0.00000e+00
 0.00000e+00
 0.00000e+00
 0.00000e+00
 0.00000e+00
 0.00000e+00
 0.00000e+00
 0.00000e+00
 0.00000e+00
 0.00000e+00
 0.00000e+00
 0.00000e+00
 0.00000e+00
 0.00000e+00
 0.00000e+00
 0.00000e+00
 0.00000e+00
 0.00000e+00
 0.00000e+00
 0.00000e+00
 0.00000e+00
 0.00000e+00
 0.00000e+00
 0.00000e+00
 0.00000e+00
 0.00000e+00
 0.00000e+00
 0.00000e+00
 0.00000e+00
 0.00000e+00
 0.00000e+00
 0.00000e+00
 0.00000e+00
 0.00000e+00
 0.00000e+00
 0.00000e+00
 0.00000e+00
 0.00000e+00
 0.00000e+00
 0.00000e+00
 0.00000e+00
 0.00000e+00
 0.00000e+00
 0.00000e+00
 0.00000e+00
 0.00000e+00
 0.00000e+00
 0.00000e+00
 0.00000e+00
 0.00000e+00
 0.00000e+00
 0.00000e+00
 0.00000e+00
 0.00000e+00
 0.00000e+00
 0.00000e+00
 0.00000e+00
 0.00000e+00
 0.00000e+00
 0.00000e+00
 0.00000e+00
 0.00000e+00
 0.00000e+00
 0.00000e+00
 0.00000e+00
 0.00000e+00
 0.00000e+00
 0.00000e+00
 0.00000e+00
 0.00000e+00
 0.00000e+00
 0.00000e+00
 0.00000e+00
 0.00000e+00
 0.00000e+00
 0.00000e+00
 0.00000e+00
 0.00000e+00
 0.00000e+00
 0.00000e+00
 0.00000e+00
 0.00000e+00
 0.00000e+00
 0.00000e+00
 3.00511e-05
 3.00511e-05
 3.00511e-05
 3.00511e-05
 3.00511e-05
 1.41224e-04
 1.41224e-04
 1.41224e-04
 1.41224e-04
 1.41224e-04
 3.03657e-05
 3.03657e-05
 3.03657e-05
 3.03657e-05
 3.03657e-05
 0.00000e+00
 0.00000e+00
 0.00000e+00
 0.00000e+00
 0.00000e+00
 0.00000e+00
 0.00000e+00
 0.00000e+00
 0.00000e+00
 0.00000e+00
 0.00000e+00
 0.00000e+00
 0.00000e+00
 0.00000e+00
 0.00000e+00
 0.00000e+00
 0.00000e+00
 0.00000e+00
 0.00000e+00
 0.00000e+00
 0.00000e+00
 0.00000e+00
 0.00000e+00
 0.00000e+00
 0.00000e+00
 0.00000e+00
 0.00000e+00
 0.00000e+00
 0.00000e+00
 0.00000e+00
 0.00000e+00
 0.00000e+00
 0.00000e+00
 0.00000e+00
 0.00000e+00
 0.00000e+00
 0.00000e+00
 0.00000e+00
 0.00000e+00
 0.00000e+00
 0.00000e+00
 0.00000e+00
 0.00000e+00
 0.00000e+00
 0.00000e+00
 0.00000e+00
 0.00000e+00
 0.00000e+00
 0.00000e+00
 0.00000e+00
 0.00000e+00
 0.00000e+00
 0.00000e+00
 0.00000e+00
 0.00000e+00
 0.00000e+00
 0.00000e+00
 0.00000e+00
 0.00000e+00
 0.00000e+00
 0.00000e+00
 0.00000e+00
 0.00000e+00
 0.00000e+00
 0.00000e+00
 0.00000e+00
 0.00000e+00
 0.00000e+00
 0.00000e+00
 0.00000e+00
 0.00000e+00
 0.00000e+00
 0.00000e+00
 0.00000e+00
 0.00000e+00
 0.00000e+00
 0.00000e+00
 0.00000e+00
 0.00000e+00
 0.00000e+00
 0.00000e+00
 0.00000e+00
 0.00000e+00
 0.00000e+00
 0.00000e+00
 0.00000e+00
 0.00000e+00
 0.00000e+00
 0.00000e+00
 0.00000e+00
 0.00000e+00
 0.00000e+00
 0.00000e+00
 0.00000e+00
 0.00000e+00
 0.00000e+00
 0.00000e+00
 0.00000e+00
 0.00000e+00
 0.00000e+00
 0.00000e+00
 0.00000e+00
 0.00000e+00
 0.00000e+00
 0.00000e+00
 0.00000e+00
 0.00000e+00
 0.00000e+00
 0.00000e+00
 0.00000e+00
 3.00511e-05
 3.00511e-05
 3.00511e-05
 3.00511e-05
 3.00511e-05
 1.41224e-04
 1.41224e-04
 1.41224e-04
 1.41224e-04
 1.41224e-04
 3.03657e-05
 3.03657e-05
 3.03657e-05
 3.03657e-05
 3.03657e-05
 0.00000e+00
 0.00000e+00
 0.00000e+00
 0.00000e+00
 0.00000e+00
 0.00000e+00
 0.00000e+00
 0.00000e+00
 0.00000e+00
 0.00000e+00
 0.00000e+00
 0.00000e+00
 0.00000e+00
 0.00000e+00
 0.00000e+00
 0.00000e+00
 0.00000e+00
 0.00000e+00
 0.00000e+00
 0.00000e+00
 0.00000e+00
 0.00000e+00
 0.00000e+00
 0.00000e+00
 0.00000e+00
 0.00000e+00
 0.00000e+00
 0.00000e+00
 0.00000e+00
 0.00000e+00
 0.00000e+00
 0.00000e+00
 0.00000e+00
 0.00000e+00
 0.00000e+00
 0.00000e+00
 0.00000e+00
 0.00000e+00
 0.00000e+00
 0.00000e+00
 0.00000e+00
 0.00000e+00
 0.00000e+00
 0.00000e+00
 0.00000e+00
 0.00000e+00
 0.00000e+00
 0.00000e+00
 0.00000e+00
 0.00000e+00
 0.00000e+00
 0.00000e+00
 0.00000e+00
 0.00000e+00
 0.00000e+00
 0.00000e+00
 0.00000e+00
 0.00000e+00
 0.00000e+00
 0.00000e+00
 0.00000e+00
 0.00000e+00
 0.00000e+00
 0.00000e+00
 0.00000e+00
 0.00000e+00
 0.00000e+00
 0.00000e+00
 0.00000e+00
 0.00000e+00
 0.00000e+00
 0.00000e+00
 0.00000e+00
 0.00000e+00
 0.00000e+00
 0.00000e+00
 0.00000e+00
 0.00000e+00
 0.00000e+00
 0.00000e+00
 0.00000e+00
 0.00000e+00
 0.00000e+00
 0.00000e+00
 0.00000e+00
 0.00000e+00
 0.00000e+00
 0.00000e+00
 0.00000e+00
 0.00000e+00
 0.00000e+00
 0.00000e+00
 0.00000e+00
 0.00000e+00
 0.00000e+00
 0.00000e+00
 0.00000e+00
 0.00000e+00
 0.00000e+00
 0.00000e+00
 0.00000e+00
 0.00000e+00
 0.00000e+00
 0.00000e+00
 0.00000e+00
 0.00000e+00
 0.00000e+00
 0.00000e+00
 0.00000e+00
 0.00000e+00
 3.00511e-05
 3.00511e-05
 3.00511e-05
 3.00511e-05
 3.00511e-05
 1.41224e-04
 1.41224e-04
 1.41224e-04
 1.41224e-04
 1.41224e-04
 3.03657e-05
 3.03657e-05
 3.03657e-05
 3.03657e-05
 3.03657e-05
 0.00000e+00
 0.00000e+00
 0.00000e+00
 0.00000e+00
 0.00000e+00
 0.00000e+00
 0.00000e+00
 0.00000e+00
 0.00000e+00
 0.00000e+00
 0.00000e+00
 0.00000e+00
 0.00000e+00
 0.00000e+00
 0.00000e+00
 0.00000e+00
 0.00000e+00
 0.00000e+00
 0.00000e+00
 0.00000e+00
 0.00000e+00
 0.00000e+00
 0.00000e+00
 0.00000e+00
 0.00000e+00
 0.00000e+00
 0.00000e+00
 0.00000e+00
 0.00000e+00
 0.00000e+00
 0.00000e+00
 0.00000e+00
 0.00000e+00
 0.00000e+00
 0.00000e+00
 0.00000e+00
 0.00000e+00
 0.00000e+00
 0.00000e+00
 0.00000e+00
 0.00000e+00
 0.00000e+00
 0.00000e+00
 0.00000e+00
 0.00000e+00
 0.00000e+00
 0.00000e+00
 0.00000e+00
 0.00000e+00
 0.00000e+00
 0.00000e+00
 0.00000e+00
 0.00000e+00
 0.00000e+00
 0.00000e+00
 0.00000e+00
 0.00000e+00
 0.00000e+00
 0.00000e+00
 0.00000e+00
 0.00000e+00
 0.00000e+00
 0.00000e+00
 0.00000e+00
 0.00000e+00
 0.00000e+00
 0.00000e+00
 0.00000e+00
 0.00000e+00
 0.00000e+00
 0.00000e+00
 0.00000e+00
 0.00000e+00
 0.00000e+00
 0.00000e+00
 0.00000e+00
 0.00000e+00
 0.00000e+00
 0.00000e+00
 0.00000e+00
 0.00000e+00
 0.00000e+00
 0.00000e+00
 0.00000e+00
 0.00000e+00
 0.00000e+00
 0.00000e+00
 0.00000e+00
 0.00000e+00
 0.00000e+00
 0.00000e+00
 0.00000e+00
 0.00000e+00
 0.00000e+00
 0.00000e+00
 0.00000e+00
 0.00000e+00
 0.00000e+00
 0.00000e+00
 0.00000e+00
 0.00000e+00
 0.00000e+00
 0.00000e+00
 0.00000e+00
 0.00000e+00
 0.00000e+00
 0.00000e+00
 0.00000e+00
 0.00000e+00
 0.00000e+00
 3.00511e-05
 3.00511e-05
 3.00511e-05
 3.00511e-05
 3.00511e-05
 1.41224e-04
 1.41224e-04
 1.41224e-04
 1.41224e-04
 1.41224e-04
 3.03657e-05
 3.03657e-05
 3.03657e-05
 3.03657e-05
 3.03657e-05
part
         3
hexa8
 0.00000e+00
 0.00000e+00
 0.00000e+00
 0.00000e+00
 0.00000e+00
 0.00000e+00
 0.00000e+00
 0.00000e+00
 0.00000e+00
 0.00000e+00
 0.00000e+00
 0.00000e+00
 0.00000e+00
 0.00000e+00
 0.00000e+00
 1.83425e-04
 1.83425e-04
 1.83425e-04
 1.83425e-04
 1.83425e-04
 6.72821e-04
 6.72821e-04
 6.72821e-04
 6.72821e-04
 6.72821e-04
 1.07399e-03
 1.07399e-03
 1.07399e-03
 1.07399e-03
 1.07399e-03
 6.58367e-04
 6.58367e-04
 6.58367e-04
 6.58367e-04
 6.58367e-04
 1.87510e-04
 1.87510e-04
 1.87510e-04
 1.87510e-04
 1.87510e-04
 8.96529e-05
 8.96529e-05
 8.96529e-05
 8.96529e-05
 8.96529e-05
 1.68373e-04
 1.68373e-04
 1.68373e-04
 1.68373e-04
 1.68373e-04
 4.23192e-04
 4.23192e-04
 4.23192e-04
 4.23192e-04
 4.23192e-04
 3.72585e-04
 3.72585e-04
 3.72585e-04
 3.72585e-04
 3.72585e-04
 1.25701e-04
 1.25701e-04
 1.25701e-04
 1.25701e-04
 1.25701e-04
 5.01247e-06
 5.01247e-06
 5.01247e-06
 5.01247e-06
 5.01247e-06
 0.00000e+00
 0.00000e+00
 0.00000e+00
 0.00000e+00
 0.00000e+00
 3.56143e-05
 3.56143e-05
 3.56143e-05
 3.56143e-05
 3.56143e-05
 1.18502e-04
 1.18502e-04
 1.18502e-04
 1.18502e-04
 1.18502e-04
 7.79751e-05
 7.79751e-05
 7.79751e-05
 7.79751e-05
 7.79751e-05
 5.81136e-06
 5.81136e-06
 5.81136e-06
 5.81136e-06
 5.81136e-06
 0.00000e+00
 0.00000e+00
 0.00000e+00
 0.00000e+00
 0.00000e+00
 0.00000e+00
 0.00000e+00
 0.00000e+00
 0.00000e+00
 0.00000e+00
 0.00000e+00
 0.00000e+00
 0.00000e+00
 0.00000e+00
 0.00000e+00
 2.37431e-06
 2.37431e-06
 2.37431e-06
 2.37431e-06
 2.37431e-06
 9.18188e-06
 9.18188e-06
 9.18188e-06
 9.18188e-06
 9.18188e-06
 1.95535e-06
 1.95535e-06
 1.95535e-06
 1.95535e-06
 1.95535e-06
 0.00000e+00
 0.00000e+00
 0.00000e+00
 0.00000e+00
 0.00000e+00
 0.00000e+00
 0.00000e+00
 0.00000e+00
 0.00000e+00
 0.00000e+00
 0.00000e+00
 0.00000e+00
 0.00000e+00
 0.00000e+00
 0.00000e+00
 1.83425e-04
 1.83425e-04
 1.83425e-04
 1.83425e-04
 1.83425e-04
 6.72821e-04
 6.72821e-04
 6.72821e-04
 6.72821e-04
 6.72821e-04
 1.07399e-03
 1.07399e-03
 1.07399e-03
 1.07399e-03
 1.07399e-03
 6.58367e-04
 6.58367e-04
 6.58367e-04
 6.58367e-04
 6.58367e-04
 1.87510e-04
 1.87510e-04
 1.87510e-04
 1.87510e-04
 1.87510e-04
 8.96529e-05
 8.96529e-05
 8.96529e-05
 8.96529e-05
 8.96529e-05
 1.68373e-04
 1.68373e-04
 1.68373e-04
 1.68373e-04
 1.68373e-04
 4.23192e-04
 4.23192e-04
 4.23192e-04
 4.23192e-04
 4.23192e-04
 3.72585e-04
 3.72585e-04
 3.72585e-04
 3.72585e-04
 3.72585e-04
 1.25701e-04
 1.25701e-04
 1.25701e-04
 1.25701e-04
 1.25701e-04
 5.01247e-06
 5.01247e-06
 5.01247e-06
 5.01247e-06
 5.01247e-06
 0.00000e+00
 0.00000e+00
 0.00000e+00
 0.00000e+00
 0.00000e+00
 3.56143e-05
 3.56143e-05
 3.56143e-05
 3.56143e-05
 3.56143e-05
 1.18502e-04
 1.18502e-04
 1.18502e-04
 1.18502e-04
 1.18502e-04
 7.79751e-05
 7.79751e-05
 7.79751e-05
 7.79751e-05
 7.79751e-05
 5.81136e-06
 5.81136e-06
 5.81136e-06
 5.81136e-06
 5.81136e-06
 0.00000e+00
 0.00000e+00
 0.00000e+00
 0.00000e+00
 0.00000e+00
 0.00000e+00
 0.00000e+00
 0.00000e+00
 0.00000e+00
 0.00000e+00
 0.00000e+00
 0.00000e+00
 0.00000e+00
 0.00000e+00
 0.00000e+00
 2.37431e-06
 2.37431e-06
 2.37431e-06
 2.37431e-06
 2.37431e-06
 9.18188e-06
 9.18188e-06
 9.18188e-06
 9.18188e-06
 9.18188e-06
 1.95535e-06
 1.95535e-06
 1.95535e-06
 1.95535e-06
 1.95535e-06
 0.00000e+00
 0.00000e+00
 0.00000e+00
 0.00000e+00
 0.00000e+00
 0.00000e+00
 0.00000e+00
 0.00000e+00
 0.00000e+00
 0.00000e+00
 0.00000e+00
 0.00000e+00
 0.00000e+00
 0.00000e+00
 0.00000e+00
 1.83425e-04
 1.83425e-04
 1.83425e-04
 1.83425e-04
 1.83425e-04
 6.72821e-04
 6.72821e-04
 6.72821e-04
 6.72821e-04
 6.72821e-04
 1.07399e-03
 1.07399e-03
 1.07399e-03
 1.07399e-03
 1.07399e-03
 6.58367e-04
 6.58367e-04
 6.58367e-04
 6.58367e-04
 6.58367e-04
 1.87510e-04
 1.87510e-04
 1.87510e-04
 1.87510e-04
 1.87510e-04
 8.96529e-05
 8.96529e-05
 8.96529e-05
 8.96529e-05
 8.96529e-05
 1.68373e-04
 1.68373e-04
 1.68373e-04
 1.68373e-04
 1.68373e-04
 4.23192e-04
 4.23192e-04
 4.23192e-04
 4.23192e-04
 4.23192e-04
 3.72585e-04
 3.72585e-04
 3.72585e-04
 3.72585e-04
 3.72585e-04
 1.25701e-04
 1.25701e-04
 1.25701e-04
 1.25701e-04
 1.25701e-04
 5.01247e-06
 5.01247e-06
 5.01247e-06
 5.01247e-06
 5.01247e-06
 0.00000e+00
 0.00000e+00
 0.00000e+00
 0.00000e+00
 0.00000e+00
 3.56143e-05
 3.56143e-05
 3.56143e-05
 3.56143e-05
 3.56143e-05
 1.18502e-04
 1.18502e-04
 1.18502e-04
 1.18502e-04
 1.18502e-04
 7.79751e-05
 7.79751e-05
 7.79751e-05
 7.79751e-05
 7.79751e-05
 5.81136e-06
 5.81136e-06
 5.81136e-06
 5.81136e-06
 5.81136e-06
 0.00000e+00
 0.00000e+00
 0.00000e+00
 0.00000e+00
 0.00000e+00
 0.00000e+00
 0.00000e+00
 0.00000e+00
 0.00000e+00
 0.00000e+00
 0.00000e+00
 0.00000e+00
 0.00000e+00
 0.00000e+00
 0.00000e+00
 2.37431e-06
 2.37431e-06
 2.37431e-06
 2.37431e-06
 2.37431e-06
 9.18188e-06
 9.18188e-06
 9.18188e-06
 9.18188e-06
 9.18188e-06
 1.95535e-06
 1.95535e-06
 1.95535e-06
 1.95535e-06
 1.95535e-06
 0.00000e+00
 0.00000e+00
 0.00000e+00
 0.00000e+00
 0.00000e+00
 0.00000e+00
 0.00000e+00
 0.00000e+00
 0.00000e+00
 0.00000e+00
 0.00000e+00
 0.00000e+00
 0.00000e+00
 0.00000e+00
 0.00000e+00
 1.83425e-04
 1.83425e-04
 1.83425e-04
 1.83425e-04
 1.83425e-04
 6.72821e-04
 6.72821e-04
 6.72821e-04
 6.72821e-04
 6.72821e-04
 1.07399e-03
 1.07399e-03
 1.07399e-03
 1.07399e-03
 1.07399e-03
 6.58367e-04
 6.58367e-04
 6.58367e-04
 6.58367e-04
 6.58367e-04
 1.87510e-04
 1.87510e-04
 1.87510e-04
 1.87510e-04
 1.87510e-04
 8.96529e-05
 8.96529e-05
 8.96529e-05
 8.96529e-05
 8.96529e-05
 1.68373e-04
 1.68373e-04
 1.68373e-04
 1.68373e-04
 1.68373e-04
 4.23192e-04
 4.23192e-04
 4.23192e-04
 4.23192e-04
 4.23192e-04
 3.72585e-04
 3.72585e-04
 3.72585e-04
 3.72585e-04
 3.72585e-04
 1.25701e-04
 1.25701e-04
 1.25701e-04
 1.25701e-04
 1.25701e-04
 5.01247e-06
 5.01247e-06
 5.01247e-06
 5.01247e-06
 5.01247e-06
 0.00000e+00
 0.00000e+00
 0.00000e+00
 0.00000e+00
 0.00000e+00
 3.56143e-05
 3.56143e-05
 3.56143e-05
 3.56143e-05
 3.56143e-05
 1.18502e-04
 1.18502e-04
 1.18502e-04
 1.18502e-04
 1.18502e-04
 7.79751e-05
 7.79751e-05
 7.79751e-05
 7.79751e-05
 7.79751e-05
 5.81136e-06
 5.81136e-06
 5.81136e-06
 5.81136e-06
 5.81136e-06
 0.00000e+00
 0.00000e+00
 0.00000e+00
 0.00000e+00
 0.00000e+00
 0.00000e+00
 0.00000e+00
 0.00000e+00
 0.00000e+00
 0.00000e+00
 0.00000e+00
 0.00000e+00
 0.00000e+00
 0.00000e+00
 0.00000e+00
 2.37431e-06
 2.37431e-06
 2.37431e-06
 2.37431e-06
 2.37431e-06
 9.18188e-06
 9.18188e-06
 9.18188e-06
 9.18188e-06
 9.18188e-06
 1.95535e-06
 1.95535e-06
 1.95535e-06
 1.95535e-06
 1.95535e-06
 0.00000e+00
 0.00000e+00
 0.00000e+00
 0.00000e+00
 0.00000e+00
 0.00000e+00
 0.00000e+00
 0.00000e+00
 0.00000e+00
 0.00000e+00
 0.00000e+00
 0.00000e+00
 0.00000e+00
 0.00000e+00
 0.00000e+00
 1.83425e-04
 1.83425e-04
 1.83425e-04
 1.83425e-04
 1.83425e-04
 6.72821e-04
 6.72821e-04
 6.72821e-04
 6.72821e-04
 6.72821e-04
 1.07399e-03
 1.07399e-03
 1.07399e-03
 1.07399e-03
 1.07399e-03
 6.58367e-04
 6.58367e-04
 6.58367e-04
 6.58367e-04
 6.58367e-04
 1.87510e-04
 1.87510e-04
 1.87510e-04
 1.87510e-04
 1.87510e-04
 8.96529e-05
 8.96529e-05
 8.96529e-05
 8.96529e-05
 8.96529e-05
 1.68373e-04
 1.68373e-04
 1.68373e-04
 1.68373e-04
 1.68373e-04
 4.23192e-04
 4.23192e-04
 4.23192e-04
 4.23192e-04
 4.23192e-04
 3.72585e-04
 3.72585e-04
 3.72585e-04
 3.72585e-04
 3.72585e-04
 1.25701e-04
 1.25701e-04
 1.25701e-04
 1.25701e-04
 1.25701e-04
 5.01247e-06
 5.01247e-06
 5.01247e-06
 5.01247e-06
 5.01247e-06
 0.00000e+00
 0.00000e+00
 0.00000e+00
 0.00000e+00
 0.00000e+00
 3.56143e-05
 3.56143e-05
 3.56143e-05
 3.56143e-05
 3.56143e-05
 1.18502e-04
 1.18502e-04
 1.18502e-04
 1.18502e-04
 1.18502e-04
 7.79751e-05
 7.79751e-05
 7.79751e-05
 7.79751e-05
 7.79751e-05
 5.81136e-06
 5.81136e-06
 5.81136e-06
 5.81136e-06
 5.81136e-06
 0.00000e+00
 0.00000e+00
 0.00000e+00
 0.00000e+00
 0.00000e+00
 0.00000e+00
 0.00000e+00
 0.00000e+00
 0.00000e+00
 0.00000e+00
 0.00000e+00
 0.00000e+00
 0.00000e+00
 0.00000e+00
 0.00000e+00
 2.37431e-06
 2.37431e-06
 2.37431e-06
 2.37431e-06
 2.37431e-06
 9.18188e-06
 9.18188e-06
 9.18188e-06
 9.18188e-06
 9.18188e-06
 1.95535e-06
 1.95535e-06
 1.95535e-06
 1.95535e-06
 1.95535e-06
part
         4
hexa8
 0.00000e+00
 0.00000e+00
 0.00000e+00
 0.00000e+00
 0.00000e+00
 0.00000e+00
 0.00000e+00
 0.00000e+00
 0.00000e+00
 0.00000e+00
 6.00353e-05
 6.00353e-05
 6.00353e-05
 6.00353e-05
 6.00353e-05
 7.50388e-05
 7.50388e-05
 7.50388e-05
 7.50388e-05
 7.50388e-05
 6.88151e-04
 6.88151e-04
 6.88151e-04
 6.88151e-04
 6.88151e-04
 8.08867e-04
 8.08867e-04
 8.08867e-04
 8.08867e-04
 8.08867e-04
 5.67486e-03
 5.67486e-03
 5.67486e-03
 5.67486e-03
 5.67486e-03
 6.73334e-03
 6.73334e-03
 6.73334e-03
 6.73334e-03
 6.73334e-03
 3.08957e-02
 3.08957e-02
 3.08957e-02
 3.08957e-02
 3.08957e-02
 3.41355e-02
 3.41355e-02
 3.41355e-02
 3.41355e-02
 3.41355e-02
 5.28028e-02
 5.28028e-02
 5.28028e-02
 5.28028e-02
 5.28028e-02
 4.24795e-02
 4.24795e-02
 4.24795e-02
 4.24795e-02
 4.24795e-02
 2.52016e-02
 2.52016e-02
 2.52016e-02
 2.52016e-02
 2.52016e-02
 1.03784e-02
 1.03784e-02
 1.03784e-02
 1.03784e-02
 1.03784e-02
 3.14746e-03
 3.14746e-03
 3.14746e-03
 3.14746e-03
 3.14746e-03
 8.30455e-04
 8.30455e-04
 8.30455e-04
 8.30455e-04
 8.30455e-04
 2.09159e-04
 2.09159e-04
 2.09159e-04
 2.09159e-04
 2.09159e-04
 5.18469e-05
 5.18469e-05
 5.18469e-05
 5.18469e-05
 5.18469e-05
 1.27106e-05
 1.27106e-05
 1.27106e-05
 1.27106e-05
 1.27106e-05
 3.08032e-06
 3.08032e-06
 3.08032e-06
 3.08032e-06
 3.08032e-06
 7.36434e-07
 7.36434e-07
 7.36434e-07
 7.36434e-07
 7.36434e-07
 1.73284e-07
 1.73284e-07
 1.73284e-07
 1.73284e-07
 1.73284e-07
 4.00535e-08
 4.00535e-08
 4.00535e-08
 4.00535e-08
 4.00535e-08
 9.15513e-09
 9.15513e-09
 9.15513e-09
 9.15513e-09
 9.15513e-09
 2.44130e-09
 2.44130e-09
 2.44130e-09
 2.44130e-09
 2.44130e-09
 0.00000e+00
 0.00000e+00
 0.00000e+00
 0.00000e+00
 0.00000e+00
 0.00000e+00
 0.00000e+00
 0.00000e+00
 0.00000e+00
 0.00000e+00
 6.00353e-05
 6.00353e-05
 6.00353e-05
 6.00353e-05
 6.00353e-05
 7.50388e-05
 7.50388e-05
 7.50388e-05
 7.50388e-05
 7.50388e-05
 6.88151e-04
 6.88151e-04
 6.88151e-04
 6.88151e-04
 6.88151e-04
 8.08867e-04
 8.08867e-04
 8.08867e-04
 8.08867e-04
 8.08867e-04
 5.67486e-03
 5.67486e-03
 5.67486e-03
 5.67486e-03
 5.67486e-03
 6.73334e-03
 6.73334e-03
 6.73334e-03
 6.73334e-03
 6.73334e-03
 3.08957e-02
 3.08957e-02
 3.08957e-02
 3.08957e-02
 3.08957e-02
 3.41355e-02
 3.41355e-02
 3.41355e-02
 3.41355e-02
 3.41355e-02
 5.28028e-02
 5.28028e-02
 5.28028e-02
 5.28028e-02
 5.28028e-02
 4.24795e-02
 4.24795e-02
 4.24795e-02
 4.24795e-02
 4.24795e-02
 2.52016e-02
 2.52016e-02
 2.52016e-02
 2.52016e-02
 2.52016e-02
 1.03784e-02
 1.03784e-02
 1.03784e-02
 1.03784e-02
 1.03784e-02
 3.14746e-03
 3.14746e-03
 3.14746e-03
 3.14746e-03
 3.14746e-03
 8.30455e-04
 8.30455e-04
 8.30455e-04
 8.30455e-04
 8.30455e-04
 2.09159e-04
 2.09159e-04
 2.09159e-04
 2.09159e-04
 2.09159e-04
 5.18469e-05
 5.18469e-05
 5.18469e-05
 5.18469e-05
 5.18469e-05
 1.27106e-05
 1.27106e-05
 1.27106e-05
 1.27106e-05
 1.27106e-05
 3.08032e-06
 3.08032e-06
 3.08032e-06
 3.08032e-06
 3.08032e-06
 7.36434e-07
 7.36434e-07
 7.36434e-07
 7.36434e-07
 7.36434e-07
 1.73284e-07
 1.73284e-07
 1.73284e-07
 1.73284e-07
 1.73284e-07
 4.00535e-08
 4.00535e-08
 4.00535e-08
 4.00535e-08
 4.00535e-08
 9.15513e-09
 9.15513e-09
 9.15513e-09
 9.15513e-09
 9.15513e-09
 2.44130e-09
 2.44130e-09
 2.44130e-09
 2.44130e-09
 2.44130e-09
 0.00000e+00
 0.00000e+00
 0.00000e+00
 0.00000e+00
 0.00000e+00
 0.00000e+00
 0.00000e+00
 0.00000e+00
 0.00000e+00
 0.00000e+00
 6.00353e-05
 6.00353e-05
 6.00353e-05
 6.00353e-05
 6.00353e-05
 7.50388e-05
 7.50388e-05
 7.50388e-05
 7.50388e-05
 7.50388e-05
 6.88151e-04
 6.88151e-04
 6.88151e-04
 6.88151e-04
 6.88151e-04
 8.08867e-04
 8.08867e-04
 8.08867e-04
 8.08867e-04
 8.08867e-04
 5.67486e-03
 5.67486e-03
 5.67486e-03
 5.67486e-03
 5.67486e-03
 6.73334e-03
 6.73334e-03
 6.73334e-03
 6.73334e-03
 6.73334e-03
 3.08957e-02
 3.08957e-02
 3.08957e-02
 3.08957e-02
 3.08957e-02
 3.41355e-02
 3.41355e-02
 3.41355e-02
 3.41355e-02
 3.41355e-02
 5.28028e-02
 5.28028e-02
 5.28028e-02
 5.28028e-02
 5.28028e-02
 4.24795e-02
 4.24795e-02
 4.24795e-02
 4.24795e-02
 4.24795e-02
 2.52016e-02
 2.52016e-02
 2.52016e-02
 2.52016e-02
 2.52016e-02
 1.03784e-02
 1.03784e-02
 1.03784e-02
 1.03784e-02
 1.03784e-02
 3.14746e-03
 3.14746e-03
 3.14746e-03
 3.14746e-03
 3.14746e-03
 8.30455e-04
 8.30455e-04
 8.30455e-04
 8.30455e-04
 8.30455e-04
 2.09159e-04
 2.09159e-04
 2.09159e-04
 2.09159e-04
 2.09159e-04
 5.18469e-05
 5.18469e-05
 5.18469e-05
 5.18469e-05
 5.18469e-05
 1.27106e-05
 1.27106e-05
 1.27106e-05
 1.27106e-05
 1.27106e-05
 3.08032e-06
 3.08032e-06
 3.08032e-06
 3.08032e-06
 3.08032e-06
 7.36434e-07
 7.36434e-07
 7.36434e-07
 7.36434e-07
 7.36434e-07
 1.73284e-07
 1.73284e-07
 1.73284e-07
 1.73284e-07
 1.73284e-07
 4.00535e-08
 4.00535e-08
 4.00535e-08
 4.00535e-08
 4.00535e-08
 9.15513e-09
 9.15513e-09
 9.15513e-09
 9.15513e-09
 9.15513e-09
 2.44130e-09
 2.44130e-09
 2.44130e-09
 2.44130e-09
 2.44130e-09
 0.00000e+00
 0.00000e+00
 0.00000e+00
 0.00000e+00
 0.00000e+00
 0.00000e+00
 0.00000e+00
 0.00000e+00
 0.00000e+00
 0.00000e+00
 6.00353e-05
 6.00353e-05
 6.00353e-05
 6.00353e-05
 6.00353e-05
 7.50388e-05
 7.50388e-05
 7.50388e-05
 7.50388e-05
 7.50388e-05
 6.88151e-04
 6.88151e-04
 6.88151e-04
 6.88151e-04
 6.88151e-04
 8.08867e-04
 8.08867e-04
 8.08867e-04
 8.08867e-04
 8.08867e-04
 5.67486e-03
 5.67486e-03
 5.67486e-03
 5.67486e-03
 5.67486e-03
 6.73334e-03
 6.73334e-03
 6.73334e-03
 6.73334e-03
 6.73334e-03
 3.08957e-02
 3.08957e-02
 3.08957e-02
 3.08957e-02
 3.08957e-02
 3.41355e-02
 3.41355e-02
 3.41355e-02
 3.41355e-02
 3.41355e-02
 5.28028e-02
 5.28028e-02
 5.28028e-02
 5.28028e-02
 5.28028e-02
 4.24795e-02
 4.24795e-02
 4.24795e-02
 4.24795e-02
 4.24795e-02
 2.52016e-02
 2.52016e-02
 2.52016e-02
 2.52016e-02
 2.52016e-02
 1.03784e-02
 1.03784e-02
 1.03784e-02
 1.03784e-02
 1.03784e-02
 3.14746e-03
 3.14746e-03
 3.14746e-03
 3.14746e-03
 3.14746e-03
 8.30455e-04
 8.30455e-04
 8.30455e-04
 8.30455e-04
 8.30455e-04
 2.09159e-04
 2.09159e-04
 2.09159e-04
 2.09159e-04
 2.09159e-04
 5.18469e-05
 5.18469e-05
 5.18469e-05
 5.18469e-05
 5.18469e-05
 1.27106e-05
 1.27106e-05
 1.27106e-05
 1.27106e-05
 1.27106e-05
 3.08032e-06
 3.08032e-06
 3.08032e-06
 3.08032e-06
 3.08032e-06
 7.36434e-07
 7.36434e-07
 7.36434e-07
 7.36434e-07
 7.36434e-07
 1.73284e-07
 1.73284e-07
 1.73284e-07
 1.73284e-07
 1.73284e-07
 4.00535e-08
 4.00535e-08
 4.00535e-08
 4.00535e-08
 4.00535e-08
 9.15513e-09
 9.15513e-09
 9.15513e-09
 9.15513e-09
 9.15513e-09
 2.44130e-09
 2.44130e-09
 2.44130e-09
 2.44130e-09
 2.44130e-09
 0.00000e+00
 0.00000e+00
 0.00000e+00
 0.00000e+00
 0.00000e+00
 0.00000e+00
 0.00000e+00
 0.00000e+00
 0.00000e+00
 0.00000e+00
 6.00353e-05
 6.00353e-05
 6.00353e-05
 6.00353e-05
 6.00353e-05
 7.50388e-05
 7.50388e-05
 7.50388e-05
 7.50388e-05
 7.50388e-05
 6.88151e-04
 6.88151e-04
 6.88151e-04
 6.88151e-04
 6.88151e-04
 8.08867e-04
 8.08867e-04
 8.08867e-04
 8.08867e-04
 8.08867e-04
 5.67486e-03
 5.67486e-03
 5.67486e-03
 5.67486e-03
 5.67486e-03
 6.73334e-03
 6.73334e-03
 6.73334e-03
 6.73334e-03
 6.73334e-03
 3.08957e-02
 3.08957e-02
 3.08957e-02
 3.08957e-02
 3.08957e-02
 3.41355e-02
 3.41355e-02
 3.41355e-02
 3.41355e-02
 3.41355e-02
 5.28028e-02
 5.28028e-02
 5.28028e-02
 5.28028e-02
 5.28028e-02
 4.24795e-02
 4.24795e-02
 4.24795e-02
 4.24795e-02
 4.24795e-02
 2.52016e-02
 2.52016e-02
 2.52016e-02
 2.52016e-02
 2.52016e-02
 1.03784e-02
 1.03784e-02
 1.03784e-02
 1.03784e-02
 1.03784e-02
 3.14746e-03
 3.14746e-03
 3.14746e-03
 3.14746e-03
 3.14746e-03
 8.30455e-04
 8.30455e-04
 8.30455e-04
 8.30455e-04
 8.30455e-04
 2.09159e-04
 2.09159e-04
 2.09159e-04
 2.09159e-04
 2.09159e-04
 5.18469e-05
 5.18469e-05
 5.18469e-05
 5.18469e-05
 5.18469e-05
 1.27106e-05
 1.27106e-05
 1.27106e-05
 1.27106e-05
 1.27106e-05
 3.08032e-06
 3.08032e-06
 3.08032e-06
 3.08032e-06
 3.08032e-06
 7.36434e-07
 7.36434e-07
 7.36434e-07
 7.36434e-07
 7.36434e-07
 1.73284e-07
 1.73284e-07
 1.73284e-07
 1.73284e-07
 1.73284e-07
 4.00535e-08
 4.00535e-08
 4.00535e-08
 4.00535e-08
 4.00535e-08
 9.15513e-09
 9.15513e-09
 9.15513e-09
 9.15513e-09
 9.15513e-09
 2.44130e-09
 2.44130e-09
 2.44130e-09
 2.44130e-09
 2.44130e-09
