CellMass
part
         1
hexa8
 4.00000e-06
 4.00000e-06
 4.00000e-06
 4.00000e-06
 4.00000e-06
 4.00000e-06
 4.00000e-06
 4.00000e-06
 4.00000e-06
 4.00000e-06
 4.00000e-06
 4.00000e-06
 4.00000e-06
 4.00000e-06
 4.00000e-06
 4.00000e-06
 4.00000e-06
 4.00000e-06
 4.00000e-06
 4.00000e-06
 4.00000e-06
 4.00000e-06
 4.00000e-06
 4.00000e-06
 4.00000e-06
 4.00000e-06
 4.00000e-06
 4.00000e-06
 4.00000e-06
 4.00000e-06
 4.00000e-06
 4.00000e-06
 4.00000e-06
 4.00000e-06
 4.00000e-06
 4.00000e-06
 4.00000e-06
 4.00000e-06
 4.00000e-06
 4.00000e-06
 4.00000e-06
 4.00000e-06
 4.00000e-06
 4.00000e-06
 4.00000e-06
 4.00000e-06
 4.00000e-06
 4.00000e-06
 4.00000e-06
 4.00000e-06
 4.00000e-06
 4.00000e-06
 4.00000e-06
 4.00000e-06
 4.00000e-06
 4.00000e-06
 4.00000e-06
 4.00000e-06
 4.00000e-06
 4.00000e-06
 4.00000e-06
 4.00000e-06
 4.00000e-06
 4.00000e-06
 4.00000e-06
 4.00000e-06
 4.00000e-06
 4.00000e-06
 4.00000e-06
 4.00000e-06
 4.00000e-06
 4.00000e-06
 4.00000e-06
 4.00000e-06
 4.00000e-06
 4.00000e-06
 4.00000e-06
 4.00000e-06
 4.00000e-06
 4.00000e-06
 4.00000e-06
 4.00000e-06
 4.00000e-06
 4.00000e-06
 4.00000e-06
 4.00000e-06
 4.00000e-06
 4.00000e-06
 4.00000e-06
 4.00000e-06
 3.99999e-06
 3.99999e-06
 3.99999e-06
 3.99999e-06
 3.99999e-06
 3.99995e-06
 3.99995e-06
 3.99995e-06
 3.99995e-06
 3.99995e-06
 3.99975e-06
 3.99975e-06
 3.99975e-06
 3.99975e-06
 3.99975e-06
 3.99896e-06
 3.99896e-06
 3.99896e-06
 3.99896e-06
 3.99896e-06
 3.99616e-06
 3.99616e-06
 3.99616e-06
 3.99616e-06
 3.99616e-06
 3.98771e-06
 3.98771e-06
 3.98771e-06
 3.98771e-06
 3.98771e-06
 3.96648e-06
 3.96648e-06
 3.96648e-06
 3.96648e-06
 3.96648e-06
 4.00000e-06
 4.00000e-06
 4.00000e-06
 4.00000e-06
 4.00000e-06
 4.00000e-06
 4.00000e-06
 4.00000e-06
 4.00000e-06
 4.00000e-06
 4.00000e-06
 4.00000e-06
 4.00000e-06
 4.00000e-06
 4.00000e-06
 4.00000e-06
 4.00000e-06
 4.00000e-06
 4.00000e-06
 4.00000e-06
 4.00000e-06
 4.00000e-06
 4.00000e-06
 4.00000e-06
 4.00000e-06
 4.00000e-06
 4.00000e-06
 4.00000e-06
 4.00000e-06
 4.00000e-06
 4.00000e-06
 4.00000e-06
 4.00000e-06
 4.00000e-06
 4.00000e-06
 4.00000e-06
 4.00000e-06
 4.00000e-06
 4.00000e-06
 4.00000e-06
 4.00000e-06
 4.00000e-06
 4.00000e-06
 4.00000e-06
 4.00000e-06
 4.00000e-06
 4.00000e-06
 4.00000e-06
 4.00000e-06
 4.00000e-06
 4.00000e-06
 4.00000e-06
 4.00000e-06
 4.00000e-06
 4.00000e-06
 4.00000e-06
 4.00000e-06
 4.00000e-06
 4.00000e-06
 4.00000e-06
 4.00000e-06
 4.00000e-06
 4.00000e-06
 4.00000e-06
 4.00000e-06
 4.00000e-06
 4.00000e-06
 4.00000e-06
 4.00000e-06
 4.00000e-06
 4.00000e-06
 4.00000e-06
 4.00000e-06
 4.00000e-06
 4.00000e-06
 4.00000e-06
 4.00000e-06
 4.00000e-06
 4.00000e-06
 4.00000e-06
 4.00000e-06
 4.00000e-06
 4.00000e-06
 4.00000e-06
 4.00000e-06
 4.00000e-06
 4.00000e-06
 4.00000e-06
 4.00000e-06
 4.00000e-06
 3.99999e-06
 3.99999e-06
 3.99999e-06
 3.99999e-06
 3.99999e-06
 3.99995e-06
 3.99995e-06
 3.99995e-06
 3.99995e-06
 3.99995e-06
 3.99975e-06
 3.99975e-06
 3.99975e-06
 3.99975e-06
 3.99975e-06
 3.99896e-06
 3.99896e-06
 3.99896e-06
 3.99896e-06
 3.99896e-06
 3.99616e-06
 3.99616e-06
 3.99616e-06
 3.99616e-06
 3.99616e-06
 3.98771e-06
 3.98771e-06
 3.98771e-06
 3.98771e-06
 3.98771e-06
 3.96648e-06
 3.96648e-06
 3.96648e-06
 3.96648e-06
 3.96648e-06
 4.00000e-06
 4.00000e-06
 4.00000e-06
 4.00000e-06
 4.00000e-06
 4.00000e-06
 4.00000e-06
 4.00000e-06
 4.00000e-06
 4.00000e-06
 4.00000e-06
 4.00000e-06
 4.00000e-06
 4.00000e-06
 4.00000e-06
 4.00000e-06
 4.00000e-06
 4.00000e-06
 4.00000e-06
 4.00000e-06
 4.00000e-06
 4.00000e-06
 4.00000e-06
 4.00000e-06
 4.00000e-06
 4.00000e-06
 4.00000e-06
 4.00000e-06
 4.00000e-06
 4.00000e-06
 4.00000e-06
 4.00000e-06
 4.00000e-06
 4.00000e-06
 4.00000e-06
 4.00000e-06
 4.00000e-06
 4.00000e-06
 4.00000e-06
 4.00000e-06
 4.00000e-06
 4.00000e-06
 4.00000e-06
 4.00000e-06
 4.00000e-06
 4.00000e-06
 4.00000e-06
 4.00000e-06
 4.00000e-06
 4.00000e-06
 4.00000e-06
 4.00000e-06
 4.00000e-06
 4.00000e-06
 4.00000e-06
 4.00000e-06
 4.00000e-06
 4.00000e-06
 4.00000e-06
 4.00000e-06
 4.00000e-06
 4.00000e-06
 4.00000e-06
 4.00000e-06
 4.00000e-06
 4.00000e-06
 4.00000e-06
 4.00000e-06
 4.00000e-06
 4.00000e-06
 4.00000e-06
 4.00000e-06
 4.00000e-06
 4.00000e-06
 4.00000e-06
 4.00000e-06
 4.00000e-06
 4.00000e-06
 4.00000e-06
 4.00000e-06
 4.00000e-06
 4.00000e-06
 4.00000e-06
 4.00000e-06
 4.00000e-06
 4.00000e-06
 4.00000e-06
 4.00000e-06
 4.00000e-06
 4.00000e-06
 3.99999e-06
 3.99999e-06
 3.99999e-06
 3.99999e-06
 3.99999e-06
 3.99995e-06
 3.99995e-06
 3.99995e-06
 3.99995e-06
 3.99995e-06
 3.99975e-06
 3.99975e-06
 3.99975e-06
 3.99975e-06
 3.99975e-06
 3.99896e-06
 3.99896e-06
 3.99896e-06
 3.99896e-06
 3.99896e-06
 3.99616e-06
 3.99616e-06
 3.99616e-06
 3.99616e-06
 3.99616e-06
 3.98771e-06
 3.98771e-06
 3.98771e-06
 3.98771e-06
 3.98771e-06
 3.96648e-06
 3.96648e-06
 3.96648e-06
 3.96648e-06
 3.96648e-06
 4.00000e-06
 4.00000e-06
 4.00000e-06
 4.00000e-06
 4.00000e-06
 4.00000e-06
 4.00000e-06
 4.00000e-06
 4.00000e-06
 4.00000e-06
 4.00000e-06
 4.00000e-06
 4.00000e-06
 4.00000e-06
 4.00000e-06
 4.00000e-06
 4.00000e-06
 4.00000e-06
 4.00000e-06
 4.00000e-06
 4.00000e-06
 4.00000e-06
 4.00000e-06
 4.00000e-06
 4.00000e-06
 4.00000e-06
 4.00000e-06
 4.00000e-06
 4.00000e-06
 4.00000e-06
 4.00000e-06
 4.00000e-06
 4.00000e-06
 4.00000e-06
 4.00000e-06
 4.00000e-06
 4.00000e-06
 4.00000e-06
 4.00000e-06
 4.00000e-06
 4.00000e-06
 4.00000e-06
 4.00000e-06
 4.00000e-06
 4.00000e-06
 4.00000e-06
 4.00000e-06
 4.00000e-06
 4.00000e-06
 4.00000e-06
 4.00000e-06
 4.00000e-06
 4.00000e-06
 4.00000e-06
 4.00000e-06
 4.00000e-06
 4.00000e-06
 4.00000e-06
 4.00000e-06
 4.00000e-06
 4.00000e-06
 4.00000e-06
 4.00000e-06
 4.00000e-06
 4.00000e-06
 4.00000e-06
 4.00000e-06
 4.00000e-06
 4.00000e-06
 4.00000e-06
 4.00000e-06
 4.00000e-06
 4.00000e-06
 4.00000e-06
 4.00000e-06
 4.00000e-06
 4.00000e-06
 4.00000e-06
 4.00000e-06
 4.00000e-06
 4.00000e-06
 4.00000e-06
 4.00000e-06
 4.00000e-06
 4.00000e-06
 4.00000e-06
 4.00000e-06
 4.00000e-06
 4.00000e-06
 4.00000e-06
 3.99999e-06
 3.99999e-06
 3.99999e-06
 3.99999e-06
 3.99999e-06
 3.99995e-06
 3.99995e-06
 3.99995e-06
 3.99995e-06
 3.99995e-06
 3.99975e-06
 3.99975e-06
 3.99975e-06
 3.99975e-06
 3.99975e-06
 3.99896e-06
 3.99896e-06
 3.99896e-06
 3.99896e-06
 3.99896e-06
 3.99616e-06
 3.99616e-06
 3.99616e-06
 3.99616e-06
 3.99616e-06
 3.98771e-06
 3.98771e-06
 3.98771e-06
 3.98771e-06
 3.98771e-06
 3.96648e-06
 3.96648e-06
 3.96648e-06
 3.96648e-06
 3.96648e-06
 4.00000e-06
 4.00000e-06
 4.00000e-06
 4.00000e-06
 4.00000e-06
 4.00000e-06
 4.00000e-06
 4.00000e-06
 4.00000e-06
 4.00000e-06
 4.00000e-06
 4.00000e-06
 4.00000e-06
 4.00000e-06
 4.00000e-06
 4.00000e-06
 4.00000e-06
 4.00000e-06
 4.00000e-06
 4.00000e-06
 4.00000e-06
 4.00000e-06
 4.00000e-06
 4.00000e-06
 4.00000e-06
 4.00000e-06
 4.00000e-06
 4.00000e-06
 4.00000e-06
 4.00000e-06
 4.00000e-06
 4.00000e-06
 4.00000e-06
 4.00000e-06
 4.00000e-06
 4.00000e-06
 4.00000e-06
 4.00000e-06
 4.00000e-06
 4.00000e-06
 4.00000e-06
 4.00000e-06
 4.00000e-06
 4.00000e-06
 4.00000e-06
 4.00000e-06
 4.00000e-06
 4.00000e-06
 4.00000e-06
 4.00000e-06
 4.00000e-06
 4.00000e-06
 4.00000e-06
 4.00000e-06
 4.00000e-06
 4.00000e-06
 4.00000e-06
 4.00000e-06
 4.00000e-06
 4.00000e-06
 4.00000e-06
 4.00000e-06
 4.00000e-06
 4.00000e-06
 4.00000e-06
 4.00000e-06
 4.00000e-06
 4.00000e-06
 4.00000e-06
 4.00000e-06
 4.00000e-06
 4.00000e-06
 4.00000e-06
 4.00000e-06
 4.00000e-06
 4.00000e-06
 4.00000e-06
 4.00000e-06
 4.00000e-06
 4.00000e-06
 4.00000e-06
 4.00000e-06
 4.00000e-06
 4.00000e-06
 4.00000e-06
 4.00000e-06
 4.00000e-06
 4.00000e-06
 4.00000e-06
 4.00000e-06
 3.99999e-06
 3.99999e-06
 3.99999e-06
 3.99999e-06
 3.99999e-06
 3.99995e-06
 3.99995e-06
 3.99995e-06
 3.99995e-06
 3.99995e-06
 3.99975e-06
 3.99975e-06
 3.99975e-06
 3.99975e-06
 3.99975e-06
 3.99896e-06
 3.99896e-06
 3.99896e-06
 3.99896e-06
 3.99896e-06
 3.99616e-06
 3.99616e-06
 3.99616e-06
 3.99616e-06
 3.99616e-06
 3.98771e-06
 3.98771e-06
 3.98771e-06
 3.98771e-06
 3.98771e-06
 3.96648e-06
 3.96648e-06
 3.96648e-06
 3.96648e-06
 3.96648e-06
part
         2
hexa8
 3.92297e-06
 3.92297e-06
 3.92297e-06
 3.92297e-06
 3.92297e-06
 3.85120e-06
 3.85120e-06
 3.85120e-06
 3.85120e-06
 3.85120e-06
 3.75468e-06
 3.75468e-06
 3.75468e-06
 3.75468e-06
 3.75468e-06
 3.64376e-06
 3.64376e-06
 3.64376e-06
 3.64376e-06
 3.64376e-06
 3.52762e-06
 3.52762e-06
 3.52762e-06
 3.52762e-06
 3.52762e-06
 3.41113e-06
 3.41113e-06
 3.41113e-06
 3.41113e-06
 3.41113e-06
 3.29637e-06
 3.29637e-06
 3.29637e-06
 3.29637e-06
 3.29637e-06
 3.18422e-06
 3.18422e-06
 3.18422e-06
 3.18422e-06
 3.18422e-06
 3.07502e-06
 3.07502e-06
 3.07502e-06
 3.07502e-06
 3.07502e-06
 2.96904e-06
 2.96904e-06
 2.96904e-06
 2.96904e-06
 2.96904e-06
 2.86661e-06
 2.86661e-06
 2.86661e-06
 2.86661e-06
 2.86661e-06
 2.76789e-06
 2.76789e-06
 2.76789e-06
 2.76789e-06
 2.76789e-06
 2.67294e-06
 2.67294e-06
 2.67294e-06
 2.67294e-06
 2.67294e-06
 2.58175e-06
 2.58175e-06
 2.58175e-06
 2.58175e-06
 2.58175e-06
 2.49420e-06
 2.49420e-06
 2.49420e-06
 2.49420e-06
 2.49420e-06
 2.41021e-06
 2.41021e-06
 2.41021e-06
 2.41021e-06
 2.41021e-06
 2.32970e-06
 2.32970e-06
 2.32970e-06
 2.32970e-06
 2.32970e-06
 2.25266e-06
 2.25266e-06
 2.25266e-06
 2.25266e-06
 2.25266e-06
 2.17913e-06
 2.17913e-06
 2.17913e-06
 2.17913e-06
 2.17913e-06
 2.10921e-06
 2.10921e-06
 2.10921e-06
 2.10921e-06
 2.10921e-06
 2.04310e-06
 2.04310e-06
 2.04310e-06
 2.04310e-06
 2.04310e-06
 1.98110e-06
 1.98110e-06
 1.98110e-06
 1.98110e-06
 1.98110e-06
 1.92361e-06
 1.92361e-06
 1.92361e-06
 1.92361e-06
 1.92361e-06
 1.87117e-06
 1.87117e-06
 1.87117e-06
 1.87117e-06
 1.87117e-06
 1.82443e-06
 1.82443e-06
 1.82443e-06
 1.82443e-06
 1.82443e-06
 3.92297e-06
 3.92297e-06
 3.92297e-06
 3.92297e-06
 3.92297e-06
 3.85120e-06
 3.85120e-06
 3.85120e-06
 3.85120e-06
 3.85120e-06
 3.75468e-06
 3.75468e-06
 3.75468e-06
 3.75468e-06
 3.75468e-06
 3.64376e-06
 3.64376e-06
 3.64376e-06
 3.64376e-06
 3.64376e-06
 3.52762e-06
 3.52762e-06
 3.52762e-06
 3.52762e-06
 3.52762e-06
 3.41113e-06
 3.41113e-06
 3.41113e-06
 3.41113e-06
 3.41113e-06
 3.29637e-06
 3.29637e-06
 3.29637e-06
 3.29637e-06
 3.29637e-06
 3.18422e-06
 3.18422e-06
 3.18422e-06
 3.18422e-06
 3.18422e-06
 3.07502e-06
 3.07502e-06
 3.07502e-06
 3.07502e-06
 3.07502e-06
 2.96904e-06
 2.96904e-06
 2.96904e-06
 2.96904e-06
 2.96904e-06
 2.86661e-06
 2.86661e-06
 2.86661e-06
 2.86661e-06
 2.86661e-06
 2.76789e-06
 2.76789e-06
 2.76789e-06
 2.76789e-06
 2.76789e-06
 2.67294e-06
 2.67294e-06
 2.67294e-06
 2.67294e-06
 2.67294e-06
 2.58175e-06
 2.58175e-06
 2.58175e-06
 2.58175e-06
 2.58175e-06
 2.49420e-06
 2.49420e-06
 2.49420e-06
 2.49420e-06
 2.49420e-06
 2.41021e-06
 2.41021e-06
 2.41021e-06
 2.41021e-06
 2.41021e-06
 2.32970e-06
 2.32970e-06
 2.32970e-06
 2.32970e-06
 2.32970e-06
 2.25266e-06
 2.25266e-06
 2.25266e-06
 2.25266e-06
 2.25266e-06
 2.17913e-06
 2.17913e-06
 2.17913e-06
 2.17913e-06
 2.17913e-06
 2.10921e-06
 2.10921e-06
 2.10921e-06
 2.10921e-06
 2.10921e-06
 2.04310e-06
 2.04310e-06
 2.04310e-06
 2.04310e-06
 2.04310e-06
 1.98110e-06
 1.98110e-06
 1.98110e-06
 1.98110e-06
 1.98110e-06
 1.92361e-06
 1.92361e-06
 1.92361e-06
 1.92361e-06
 1.92361e-06
 1.87117e-06
 1.87117e-06
 1.87117e-06
 1.87117e-06
 1.87117e-06
 1.82443e-06
 1.82443e-06
 1.82443e-06
 1.82443e-06
 1.82443e-06
 3.92297e-06
 3.92297e-06
 3.92297e-06
 3.92297e-06
 3.92297e-06
 3.85120e-06
 3.85120e-06
 3.85120e-06
 3.85120e-06
 3.85120e-06
 3.75468e-06
 3.75468e-06
 3.75468e-06
 3.75468e-06
 3.75468e-06
 3.64376e-06
 3.64376e-06
 3.64376e-06
 3.64376e-06
 3.64376e-06
 3.52762e-06
 3.52762e-06
 3.52762e-06
 3.52762e-06
 3.52762e-06
 3.41113e-06
 3.41113e-06
 3.41113e-06
 3.41113e-06
 3.41113e-06
 3.29637e-06
 3.29637e-06
 3.29637e-06
 3.29637e-06
 3.29637e-06
 3.18422e-06
 3.18422e-06
 3.18422e-06
 3.18422e-06
 3.18422e-06
 3.07502e-06
 3.07502e-06
 3.07502e-06
 3.07502e-06
 3.07502e-06
 2.96904e-06
 2.96904e-06
 2.96904e-06
 2.96904e-06
 2.96904e-06
 2.86661e-06
 2.86661e-06
 2.86661e-06
 2.86661e-06
 2.86661e-06
 2.76789e-06
 2.76789e-06
 2.76789e-06
 2.76789e-06
 2.76789e-06
 2.67294e-06
 2.67294e-06
 2.67294e-06
 2.67294e-06
 2.67294e-06
 2.58175e-06
 2.58175e-06
 2.58175e-06
 2.58175e-06
 2.58175e-06
 2.49420e-06
 2.49420e-06
 2.49420e-06
 2.49420e-06
 2.49420e-06
 2.41021e-06
 2.41021e-06
 2.41021e-06
 2.41021e-06
 2.41021e-06
 2.32970e-06
 2.32970e-06
 2.32970e-06
 2.32970e-06
 2.32970e-06
 2.25266e-06
 2.25266e-06
 2.25266e-06
 2.25266e-06
 2.25266e-06
 2.17913e-06
 2.17913e-06
 2.17913e-06
 2.17913e-06
 2.17913e-06
 2.10921e-06
 2.10921e-06
 2.10921e-06
 2.10921e-06
 2.10921e-06
 2.04310e-06
 2.04310e-06
 2.04310e-06
 2.04310e-06
 2.04310e-06
 1.98110e-06
 1.98110e-06
 1.98110e-06
 1.98110e-06
 1.98110e-06
 1.92361e-06
 1.92361e-06
 1.92361e-06
 1.92361e-06
 1.92361e-06
 1.87117e-06
 1.87117e-06
 1.87117e-06
 1.87117e-06
 1.87117e-06
 1.82443e-06
 1.82443e-06
 1.82443e-06
 1.82443e-06
 1.82443e-06
 3.92297e-06
 3.92297e-06
 3.92297e-06
 3.92297e-06
 3.92297e-06
 3.85120e-06
 3.85120e-06
 3.85120e-06
 3.85120e-06
 3.85120e-06
 3.75468e-06
 3.75468e-06
 3.75468e-06
 3.75468e-06
 3.75468e-06
 3.64376e-06
 3.64376e-06
 3.64376e-06
 3.64376e-06
 3.64376e-06
 3.52762e-06
 3.52762e-06
 3.52762e-06
 3.52762e-06
 3.52762e-06
 3.41113e-06
 3.41113e-06
 3.41113e-06
 3.41113e-06
 3.41113e-06
 3.29637e-06
 3.29637e-06
 3.29637e-06
 3.29637e-06
 3.29637e-06
 3.18422e-06
 3.18422e-06
 3.18422e-06
 3.18422e-06
 3.18422e-06
 3.07502e-06
 3.07502e-06
 3.07502e-06
 3.07502e-06
 3.07502e-06
 2.96904e-06
 2.96904e-06
 2.96904e-06
 2.96904e-06
 2.96904e-06
 2.86661e-06
 2.86661e-06
 2.86661e-06
 2.86661e-06
 2.86661e-06
 2.76789e-06
 2.76789e-06
 2.76789e-06
 2.76789e-06
 2.76789e-06
 2.67294e-06
 2.67294e-06
 2.67294e-06
 2.67294e-06
 2.67294e-06
 2.58175e-06
 2.58175e-06
 2.58175e-06
 2.58175e-06
 2.58175e-06
 2.49420e-06
 2.49420e-06
 2.49420e-06
 2.49420e-06
 2.49420e-06
 2.41021e-06
 2.41021e-06
 2.41021e-06
 2.41021e-06
 2.41021e-06
 2.32970e-06
 2.32970e-06
 2.32970e-06
 2.32970e-06
 2.32970e-06
 2.25266e-06
 2.25266e-06
 2.25266e-06
 2.25266e-06
 2.25266e-06
 2.17913e-06
 2.17913e-06
 2.17913e-06
 2.17913e-06
 2.17913e-06
 2.10921e-06
 2.10921e-06
 2.10921e-06
 2.10921e-06
 2.10921e-06
 2.04310e-06
 2.04310e-06
 2.04310e-06
 2.04310e-06
 2.04310e-06
 1.98110e-06
 1.98110e-06
 1.98110e-06
 1.98110e-06
 1.98110e-06
 1.92361e-06
 1.92361e-06
 1.92361e-06
 1.92361e-06
 1.92361e-06
 1.87117e-06
 1.87117e-06
 1.87117e-06
 1.87117e-06
 1.87117e-06
 1.82443e-06
 1.82443e-06
 1.82443e-06
 1.82443e-06
 1.82443e-06
 3.92297e-06
 3.92297e-06
 3.92297e-06
 3.92297e-06
 3.92297e-06
 3.85120e-06
 3.85120e-06
 3.85120e-06
 3.85120e-06
 3.85120e-06
 3.75468e-06
 3.75468e-06
 3.75468e-06
 3.75468e-06
 3.75468e-06
 3.64376e-06
 3.64376e-06
 3.64376e-06
 3.64376e-06
 3.64376e-06
 3.52762e-06
 3.52762e-06
 3.52762e-06
 3.52762e-06
 3.52762e-06
 3.41113e-06
 3.41113e-06
 3.41113e-06
 3.41113e-06
 3.41113e-06
 3.29637e-06
 3.29637e-06
 3.29637e-06
 3.29637e-06
 3.29637e-06
 3.18422e-06
 3.18422e-06
 3.18422e-06
 3.18422e-06
 3.18422e-06
 3.07502e-06
 3.07502e-06
 3.07502e-06
 3.07502e-06
 3.07502e-06
 2.96904e-06
 2.96904e-06
 2.96904e-06
 2.96904e-06
 2.96904e-06
 2.86661e-06
 2.86661e-06
 2.86661e-06
 2.86661e-06
 2.86661e-06
 2.76789e-06
 2.76789e-06
 2.76789e-06
 2.76789e-06
 2.76789e-06
 2.67294e-06
 2.67294e-06
 2.67294e-06
 2.67294e-06
 2.67294e-06
 2.58175e-06
 2.58175e-06
 2.58175e-06
 2.58175e-06
 2.58175e-06
 2.49420e-06
 2.49420e-06
 2.49420e-06
 2.49420e-06
 2.49420e-06
 2.41021e-06
 2.41021e-06
 2.41021e-06
 2.41021e-06
 2.41021e-06
 2.32970e-06
 2.32970e-06
 2.32970e-06
 2.32970e-06
 2.32970e-06
 2.25266e-06
 2.25266e-06
 2.25266e-06
 2.25266e-06
 2.25266e-06
 2.17913e-06
 2.17913e-06
 2.17913e-06
 2.17913e-06
 2.17913e-06
 2.10921e-06
 2.10921e-06
 2.10921e-06
 2.10921e-06
 2.10921e-06
 2.04310e-06
 2.04310e-06
 2.04310e-06
 2.04310e-06
 2.04310e-06
 1.98110e-06
 1.98110e-06
 1.98110e-06
 1.98110e-06
 1.98110e-06
 1.92361e-06
 1.92361e-06
 1.92361e-06
 1.92361e-06
 1.92361e-06
 1.87117e-06
 1.87117e-06
 1.87117e-06
 1.87117e-06
 1.87117e-06
 1.82443e-06
 1.82443e-06
 1.82443e-06
 1.82443e-06
 1.82443e-06
part
         3
hexa8
 1.78410e-06
 1.78410e-06
 1.78410e-06
 1.78410e-06
 1.78410e-06
 1.75083e-06
 1.75083e-06
 1.75083e-06
 1.75083e-06
 1.75083e-06
 1.72497e-06
 1.72497e-06
 1.72497e-06
 1.72497e-06
 1.72497e-06
 1.70637e-06
 1.70637e-06
 1.70637e-06
 1.70637e-06
 1.70637e-06
 1.69430e-06
 1.69430e-06
 1.69430e-06
 1.69430e-06
 1.69430e-06
 1.68749e-06
 1.68749e-06
 1.68749e-06
 1.68749e-06
 1.68749e-06
 1.68438e-06
 1.68438e-06
 1.68438e-06
 1.68438e-06
 1.68438e-06
 1.68332e-06
 1.68332e-06
 1.68332e-06
 1.68332e-06
 1.68332e-06
 1.68312e-06
 1.68312e-06
 1.68312e-06
 1.68312e-06
 1.68312e-06
 1.68317e-06
 1.68317e-06
 1.68317e-06
 1.68317e-06
 1.68317e-06
 1.68273e-06
 1.68273e-06
 1.68273e-06
 1.68273e-06
 1.68273e-06
 1.68061e-06
 1.68061e-06
 1.68061e-06
 1.68061e-06
 1.68061e-06
 1.67569e-06
 1.67569e-06
 1.67569e-06
 1.67569e-06
 1.67569e-06
 1.66574e-06
 1.66574e-06
 1.66574e-06
 1.66574e-06
 1.66574e-06
 1.64651e-06
 1.64651e-06
 1.64651e-06
 1.64651e-06
 1.64651e-06
 1.61188e-06
 1.61188e-06
 1.61188e-06
 1.61188e-06
 1.61188e-06
 1.55368e-06
 1.55368e-06
 1.55368e-06
 1.55368e-06
 1.55368e-06
 1.46379e-06
 1.46379e-06
 1.46379e-06
 1.46379e-06
 1.46379e-06
 1.33389e-06
 1.33389e-06
 1.33389e-06
 1.33389e-06
 1.33389e-06
 1.19937e-06
 1.19937e-06
 1.19937e-06
 1.19937e-06
 1.19937e-06
 1.11783e-06
 1.11783e-06
 1.11783e-06
 1.11783e-06
 1.11783e-06
 1.07579e-06
 1.07579e-06
 1.07579e-06
 1.07579e-06
 1.07579e-06
 1.05758e-06
 1.05758e-06
 1.05758e-06
 1.05758e-06
 1.05758e-06
 1.05166e-06
 1.05166e-06
 1.05166e-06
 1.05166e-06
 1.05166e-06
 1.05113e-06
 1.05113e-06
 1.05113e-06
 1.05113e-06
 1.05113e-06
 1.78410e-06
 1.78410e-06
 1.78410e-06
 1.78410e-06
 1.78410e-06
 1.75083e-06
 1.75083e-06
 1.75083e-06
 1.75083e-06
 1.75083e-06
 1.72497e-06
 1.72497e-06
 1.72497e-06
 1.72497e-06
 1.72497e-06
 1.70637e-06
 1.70637e-06
 1.70637e-06
 1.70637e-06
 1.70637e-06
 1.69430e-06
 1.69430e-06
 1.69430e-06
 1.69430e-06
 1.69430e-06
 1.68749e-06
 1.68749e-06
 1.68749e-06
 1.68749e-06
 1.68749e-06
 1.68438e-06
 1.68438e-06
 1.68438e-06
 1.68438e-06
 1.68438e-06
 1.68332e-06
 1.68332e-06
 1.68332e-06
 1.68332e-06
 1.68332e-06
 1.68312e-06
 1.68312e-06
 1.68312e-06
 1.68312e-06
 1.68312e-06
 1.68317e-06
 1.68317e-06
 1.68317e-06
 1.68317e-06
 1.68317e-06
 1.68273e-06
 1.68273e-06
 1.68273e-06
 1.68273e-06
 1.68273e-06
 1.68061e-06
 1.68061e-06
 1.68061e-06
 1.68061e-06
 1.68061e-06
 1.67569e-06
 1.67569e-06
 1.67569e-06
 1.67569e-06
 1.67569e-06
 1.66574e-06
 1.66574e-06
 1.66574e-06
 1.66574e-06
 1.66574e-06
 1.64651e-06
 1.64651e-06
 1.64651e-06
 1.64651e-06
 1.64651e-06
 1.61188e-06
 1.61188e-06
 1.61188e-06
 1.61188e-06
 1.61188e-06
 1.55368e-06
 1.55368e-06
 1.55368e-06
 1.55368e-06
 1.55368e-06
 1.46379e-06
 1.46379e-06
 1.46379e-06
 1.46379e-06
 1.46379e-06
 1.33389e-06
 1.33389e-06
 1.33389e-06
 1.33389e-06
 1.33389e-06
 1.19937e-06
 1.19937e-06
 1.19937e-06
 1.19937e-06
 1.19937e-06
 1.11783e-06
 1.11783e-06
 1.11783e-06
 1.11783e-06
 1.11783e-06
 1.07579e-06
 1.07579e-06
 1.07579e-06
 1.07579e-06
 1.07579e-06
 1.05758e-06
 1.05758e-06
 1.05758e-06
 1.05758e-06
 1.05758e-06
 1.05166e-06
 1.05166e-06
 1.05166e-06
 1.05166e-06
 1.05166e-06
 1.05113e-06
 1.05113e-06
 1.05113e-06
 1.05113e-06
 1.05113e-06
 1.78410e-06
 1.78410e-06
 1.78410e-06
 1.78410e-06
 1.78410e-06
 1.75083e-06
 1.75083e-06
 1.75083e-06
 1.75083e-06
 1.75083e-06
 1.72497e-06
 1.72497e-06
 1.72497e-06
 1.72497e-06
 1.72497e-06
 1.70637e-06
 1.70637e-06
 1.70637e-06
 1.70637e-06
 1.70637e-06
 1.69430e-06
 1.69430e-06
 1.69430e-06
 1.69430e-06
 1.69430e-06
 1.68749e-06
 1.68749e-06
 1.68749e-06
 1.68749e-06
 1.68749e-06
 1.68438e-06
 1.68438e-06
 1.68438e-06
 1.68438e-06
 1.68438e-06
 1.68332e-06
 1.68332e-06
 1.68332e-06
 1.68332e-06
 1.68332e-06
 1.68312e-06
 1.68312e-06
 1.68312e-06
 1.68312e-06
 1.68312e-06
 1.68317e-06
 1.68317e-06
 1.68317e-06
 1.68317e-06
 1.68317e-06
 1.68273e-06
 1.68273e-06
 1.68273e-06
 1.68273e-06
 1.68273e-06
 1.68061e-06
 1.68061e-06
 1.68061e-06
 1.68061e-06
 1.68061e-06
 1.67569e-06
 1.67569e-06
 1.67569e-06
 1.67569e-06
 1.67569e-06
 1.66574e-06
 1.66574e-06
 1.66574e-06
 1.66574e-06
 1.66574e-06
 1.64651e-06
 1.64651e-06
 1.64651e-06
 1.64651e-06
 1.64651e-06
 1.61188e-06
 1.61188e-06
 1.61188e-06
 1.61188e-06
 1.61188e-06
 1.55368e-06
 1.55368e-06
 1.55368e-06
 1.55368e-06
 1.55368e-06
 1.46379e-06
 1.46379e-06
 1.46379e-06
 1.46379e-06
 1.46379e-06
 1.33389e-06
 1.33389e-06
 1.33389e-06
 1.33389e-06
 1.33389e-06
 1.19937e-06
 1.19937e-06
 1.19937e-06
 1.19937e-06
 1.19937e-06
 1.11783e-06
 1.11783e-06
 1.11783e-06
 1.11783e-06
 1.11783e-06
 1.07579e-06
 1.07579e-06
 1.07579e-06
 1.07579e-06
 1.07579e-06
 1.05758e-06
 1.05758e-06
 1.05758e-06
 1.05758e-06
 1.05758e-06
 1.05166e-06
 1.05166e-06
 1.05166e-06
 1.05166e-06
 1.05166e-06
 1.05113e-06
 1.05113e-06
 1.05113e-06
 1.05113e-06
 1.05113e-06
 1.78410e-06
 1.78410e-06
 1.78410e-06
 1.78410e-06
 1.78410e-06
 1.75083e-06
 1.75083e-06
 1.75083e-06
 1.75083e-06
 1.75083e-06
 1.72497e-06
 1.72497e-06
 1.72497e-06
 1.72497e-06
 1.72497e-06
 1.70637e-06
 1.70637e-06
 1.70637e-06
 1.70637e-06
 1.70637e-06
 1.69430e-06
 1.69430e-06
 1.69430e-06
 1.69430e-06
 1.69430e-06
 1.68749e-06
 1.68749e-06
 1.68749e-06
 1.68749e-06
 1.68749e-06
 1.68438e-06
 1.68438e-06
 1.68438e-06
 1.68438e-06
 1.68438e-06
 1.68332e-06
 1.68332e-06
 1.68332e-06
 1.68332e-06
 1.68332e-06
 1.68312e-06
 1.68312e-06
 1.68312e-06
 1.68312e-06
 1.68312e-06
 1.68317e-06
 1.68317e-06
 1.68317e-06
 1.68317e-06
 1.68317e-06
 1.68273e-06
 1.68273e-06
 1.68273e-06
 1.68273e-06
 1.68273e-06
 1.68061e-06
 1.68061e-06
 1.68061e-06
 1.68061e-06
 1.68061e-06
 1.67569e-06
 1.67569e-06
 1.67569e-06
 1.67569e-06
 1.67569e-06
 1.66574e-06
 1.66574e-06
 1.66574e-06
 1.66574e-06
 1.66574e-06
 1.64651e-06
 1.64651e-06
 1.64651e-06
 1.64651e-06
 1.64651e-06
 1.61188e-06
 1.61188e-06
 1.61188e-06
 1.61188e-06
 1.61188e-06
 1.55368e-06
 1.55368e-06
 1.55368e-06
 1.55368e-06
 1.55368e-06
 1.46379e-06
 1.46379e-06
 1.46379e-06
 1.46379e-06
 1.46379e-06
 1.33389e-06
 1.33389e-06
 1.33389e-06
 1.33389e-06
 1.33389e-06
 1.19937e-06
 1.19937e-06
 1.19937e-06
 1.19937e-06
 1.19937e-06
 1.11783e-06
 1.11783e-06
 1.11783e-06
 1.11783e-06
 1.11783e-06
 1.07579e-06
 1.07579e-06
 1.07579e-06
 1.07579e-06
 1.07579e-06
 1.05758e-06
 1.05758e-06
 1.05758e-06
 1.05758e-06
 1.05758e-06
 1.05166e-06
 1.05166e-06
 1.05166e-06
 1.05166e-06
 1.05166e-06
 1.05113e-06
 1.05113e-06
 1.05113e-06
 1.05113e-06
 1.05113e-06
 1.78410e-06
 1.78410e-06
 1.78410e-06
 1.78410e-06
 1.78410e-06
 1.75083e-06
 1.75083e-06
 1.75083e-06
 1.75083e-06
 1.75083e-06
 1.72497e-06
 1.72497e-06
 1.72497e-06
 1.72497e-06
 1.72497e-06
 1.70637e-06
 1.70637e-06
 1.70637e-06
 1.70637e-06
 1.70637e-06
 1.69430e-06
 1.69430e-06
 1.69430e-06
 1.69430e-06
 1.69430e-06
 1.68749e-06
 1.68749e-06
 1.68749e-06
 1.68749e-06
 1.68749e-06
 1.68438e-06
 1.68438e-06
 1.68438e-06
 1.68438e-06
 1.68438e-06
 1.68332e-06
 1.68332e-06
 1.68332e-06
 1.68332e-06
 1.68332e-06
 1.68312e-06
 1.68312e-06
 1.68312e-06
 1.68312e-06
 1.68312e-06
 1.68317e-06
 1.68317e-06
 1.68317e-06
 1.68317e-06
 1.68317e-06
 1.68273e-06
 1.68273e-06
 1.68273e-06
 1.68273e-06
 1.68273e-06
 1.68061e-06
 1.68061e-06
 1.68061e-06
 1.68061e-06
 1.68061e-06
 1.67569e-06
 1.67569e-06
 1.67569e-06
 1.67569e-06
 1.67569e-06
 1.66574e-06
 1.66574e-06
 1.66574e-06
 1.66574e-06
 1.66574e-06
 1.64651e-06
 1.64651e-06
 1.64651e-06
 1.64651e-06
 1.64651e-06
 1.61188e-06
 1.61188e-06
 1.61188e-06
 1.61188e-06
 1.61188e-06
 1.55368e-06
 1.55368e-06
 1.55368e-06
 1.55368e-06
 1.55368e-06
 1.46379e-06
 1.46379e-06
 1.46379e-06
 1.46379e-06
 1.46379e-06
 1.33389e-06
 1.33389e-06
 1.33389e-06
 1.33389e-06
 1.33389e-06
 1.19937e-06
 1.19937e-06
 1.19937e-06
 1.19937e-06
 1.19937e-06
 1.11783e-06
 1.11783e-06
 1.11783e-06
 1.11783e-06
 1.11783e-06
 1.07579e-06
 1.07579e-06
 1.07579e-06
 1.07579e-06
 1.07579e-06
 1.05758e-06
 1.05758e-06
 1.05758e-06
 1.05758e-06
 1.05758e-06
 1.05166e-06
 1.05166e-06
 1.05166e-06
 1.05166e-06
 1.05166e-06
 1.05113e-06
 1.05113e-06
 1.05113e-06
 1.05113e-06
 1.05113e-06
part
         4
hexa8
 1.05246e-06
 1.05246e-06
 1.05246e-06
 1.05246e-06
 1.05246e-06
 1.05395e-06
 1.05395e-06
 1.05395e-06
 1.05395e-06
 1.05395e-06
 1.05467e-06
 1.05467e-06
 1.05467e-06
 1.05467e-06
 1.05467e-06
 1.05371e-06
 1.05371e-06
 1.05371e-06
 1.05371e-06
 1.05371e-06
 1.04962e-06
 1.04962e-06
 1.04962e-06
 1.04962e-06
 1.04962e-06
 1.03991e-06
 1.03991e-06
 1.03991e-06
 1.03991e-06
 1.03991e-06
 1.02047e-06
 1.02047e-06
 1.02047e-06
 1.02047e-06
 1.02047e-06
 9.85708e-07
 9.85708e-07
 9.85708e-07
 9.85708e-07
 9.85708e-07
 9.29955e-07
 9.29955e-07
 9.29955e-07
 9.29955e-07
 9.29955e-07
 8.51704e-07
 8.51704e-07
 8.51704e-07
 8.51704e-07
 8.51704e-07
 7.58061e-07
 7.58061e-07
 7.58061e-07
 7.58061e-07
 7.58061e-07
 6.64160e-07
 6.64160e-07
 6.64160e-07
 6.64160e-07
 6.64160e-07
 5.87562e-07
 5.87562e-07
 5.87562e-07
 5.87562e-07
 5.87562e-07
 5.37836e-07
 5.37836e-07
 5.37836e-07
 5.37836e-07
 5.37836e-07
 5.12828e-07
 5.12828e-07
 5.12828e-07
 5.12828e-07
 5.12828e-07
 5.03589e-07
 5.03589e-07
 5.03589e-07
 5.03589e-07
 5.03589e-07
 5.00912e-07
 5.00912e-07
 5.00912e-07
 5.00912e-07
 5.00912e-07
 5.00223e-07
 5.00223e-07
 5.00223e-07
 5.00223e-07
 5.00223e-07
 5.00054e-07
 5.00054e-07
 5.00054e-07
 5.00054e-07
 5.00054e-07
 5.00013e-07
 5.00013e-07
 5.00013e-07
 5.00013e-07
 5.00013e-07
 5.00003e-07
 5.00003e-07
 5.00003e-07
 5.00003e-07
 5.00003e-07
 5.00001e-07
 5.00001e-07
 5.00001e-07
 5.00001e-07
 5.00001e-07
 5.00000e-07
 5.00000e-07
 5.00000e-07
 5.00000e-07
 5.00000e-07
 5.00000e-07
 5.00000e-07
 5.00000e-07
 5.00000e-07
 5.00000e-07
 5.00000e-07
 5.00000e-07
 5.00000e-07
 5.00000e-07
 5.00000e-07
 1.05246e-06
 1.05246e-06
 1.05246e-06
 1.05246e-06
 1.05246e-06
 1.05395e-06
 1.05395e-06
 1.05395e-06
 1.05395e-06
 1.05395e-06
 1.05467e-06
 1.05467e-06
 1.05467e-06
 1.05467e-06
 1.05467e-06
 1.05371e-06
 1.05371e-06
 1.05371e-06
 1.05371e-06
 1.05371e-06
 1.04962e-06
 1.04962e-06
 1.04962e-06
 1.04962e-06
 1.04962e-06
 1.03991e-06
 1.03991e-06
 1.03991e-06
 1.03991e-06
 1.03991e-06
 1.02047e-06
 1.02047e-06
 1.02047e-06
 1.02047e-06
 1.02047e-06
 9.85708e-07
 9.85708e-07
 9.85708e-07
 9.85708e-07
 9.85708e-07
 9.29955e-07
 9.29955e-07
 9.29955e-07
 9.29955e-07
 9.29955e-07
 8.51704e-07
 8.51704e-07
 8.51704e-07
 8.51704e-07
 8.51704e-07
 7.58061e-07
 7.58061e-07
 7.58061e-07
 7.58061e-07
 7.58061e-07
 6.64160e-07
 6.64160e-07
 6.64160e-07
 6.64160e-07
 6.64160e-07
 5.87562e-07
 5.87562e-07
 5.87562e-07
 5.87562e-07
 5.87562e-07
 5.37836e-07
 5.37836e-07
 5.37836e-07
 5.37836e-07
 5.37836e-07
 5.12828e-07
 5.12828e-07
 5.12828e-07
 5.12828e-07
 5.12828e-07
 5.03589e-07
 5.03589e-07
 5.03589e-07
 5.03589e-07
 5.03589e-07
 5.00912e-07
 5.00912e-07
 5.00912e-07
 5.00912e-07
 5.00912e-07
 5.00223e-07
 5.00223e-07
 5.00223e-07
 5.00223e-07
 5.00223e-07
 5.00054e-07
 5.00054e-07
 5.00054e-07
 5.00054e-07
 5.00054e-07
 5.00013e-07
 5.00013e-07
 5.00013e-07
 5.00013e-07
 5.00013e-07
 5.00003e-07
 5.00003e-07
 5.00003e-07
 5.00003e-07
 5.00003e-07
 5.00001e-07
 5.00001e-07
 5.00001e-07
 5.00001e-07
 5.00001e-07
 5.00000e-07
 5.00000e-07
 5.00000e-07
 5.00000e-07
 5.00000e-07
 5.00000e-07
 5.00000e-07
 5.00000e-07
 5.00000e-07
 5.00000e-07
 5.00000e-07
 5.00000e-07
 5.00000e-07
 5.00000e-07
 5.00000e-07
 1.05246e-06
 1.05246e-06
 1.05246e-06
 1.05246e-06
 1.05246e-06
 1.05395e-06
 1.05395e-06
 1.05395e-06
 1.05395e-06
 1.05395e-06
 1.05467e-06
 1.05467e-06
 1.05467e-06
 1.05467e-06
 1.05467e-06
 1.05371e-06
 1.05371e-06
 1.05371e-06
 1.05371e-06
 1.05371e-06
 1.04962e-06
 1.04962e-06
 1.04962e-06
 1.04962e-06
 1.04962e-06
 1.03991e-06
 1.03991e-06
 1.03991e-06
 1.03991e-06
 1.03991e-06
 1.02047e-06
 1.02047e-06
 1.02047e-06
 1.02047e-06
 1.02047e-06
 9.85708e-07
 9.85708e-07
 9.85708e-07
 9.85708e-07
 9.85708e-07
 9.29955e-07
 9.29955e-07
 9.29955e-07
 9.29955e-07
 9.29955e-07
 8.51704e-07
 8.51704e-07
 8.51704e-07
 8.51704e-07
 8.51704e-07
 7.58061e-07
 7.58061e-07
 7.58061e-07
 7.58061e-07
 7.58061e-07
 6.64160e-07
 6.64160e-07
 6.64160e-07
 6.64160e-07
 6.64160e-07
 5.87562e-07
 5.87562e-07
 5.87562e-07
 5.87562e-07
 5.87562e-07
 5.37836e-07
 5.37836e-07
 5.37836e-07
 5.37836e-07
 5.37836e-07
 5.12828e-07
 5.12828e-07
 5.12828e-07
 5.12828e-07
 5.12828e-07
 5.03589e-07
 5.03589e-07
 5.03589e-07
 5.03589e-07
 5.03589e-07
 5.00912e-07
 5.00912e-07
 5.00912e-07
 5.00912e-07
 5.00912e-07
 5.00223e-07
 5.00223e-07
 5.00223e-07
 5.00223e-07
 5.00223e-07
 5.00054e-07
 5.00054e-07
 5.00054e-07
 5.00054e-07
 5.00054e-07
 5.00013e-07
 5.00013e-07
 5.00013e-07
 5.00013e-07
 5.00013e-07
 5.00003e-07
 5.00003e-07
 5.00003e-07
 5.00003e-07
 5.00003e-07
 5.00001e-07
 5.00001e-07
 5.00001e-07
 5.00001e-07
 5.00001e-07
 5.00000e-07
 5.00000e-07
 5.00000e-07
 5.00000e-07
 5.00000e-07
 5.00000e-07
 5.00000e-07
 5.00000e-07
 5.00000e-07
 5.00000e-07
 5.00000e-07
 5.00000e-07
 5.00000e-07
 5.00000e-07
 5.00000e-07
 1.05246e-06
 1.05246e-06
 1.05246e-06
 1.05246e-06
 1.05246e-06
 1.05395e-06
 1.05395e-06
 1.05395e-06
 1.05395e-06
 1.05395e-06
 1.05467e-06
 1.05467e-06
 1.05467e-06
 1.05467e-06
 1.05467e-06
 1.05371e-06
 1.05371e-06
 1.05371e-06
 1.05371e-06
 1.05371e-06
 1.04962e-06
 1.04962e-06
 1.04962e-06
 1.04962e-06
 1.04962e-06
 1.03991e-06
 1.03991e-06
 1.03991e-06
 1.03991e-06
 1.03991e-06
 1.02047e-06
 1.02047e-06
 1.02047e-06
 1.02047e-06
 1.02047e-06
 9.85708e-07
 9.85708e-07
 9.85708e-07
 9.85708e-07
 9.85708e-07
 9.29955e-07
 9.29955e-07
 9.29955e-07
 9.29955e-07
 9.29955e-07
 8.51704e-07
 8.51704e-07
 8.51704e-07
 8.51704e-07
 8.51704e-07
 7.58061e-07
 7.58061e-07
 7.58061e-07
 7.58061e-07
 7.58061e-07
 6.64160e-07
 6.64160e-07
 6.64160e-07
 6.64160e-07
 6.64160e-07
 5.87562e-07
 5.87562e-07
 5.87562e-07
 5.87562e-07
 5.87562e-07
 5.37836e-07
 5.37836e-07
 5.37836e-07
 5.37836e-07
 5.37836e-07
 5.12828e-07
 5.12828e-07
 5.12828e-07
 5.12828e-07
 5.12828e-07
 5.03589e-07
 5.03589e-07
 5.03589e-07
 5.03589e-07
 5.03589e-07
 5.00912e-07
 5.00912e-07
 5.00912e-07
 5.00912e-07
 5.00912e-07
 5.00223e-07
 5.00223e-07
 5.00223e-07
 5.00223e-07
 5.00223e-07
 5.00054e-07
 5.00054e-07
 5.00054e-07
 5.00054e-07
 5.00054e-07
 5.00013e-07
 5.00013e-07
 5.00013e-07
 5.00013e-07
 5.00013e-07
 5.00003e-07
 5.00003e-07
 5.00003e-07
 5.00003e-07
 5.00003e-07
 5.00001e-07
 5.00001e-07
 5.00001e-07
 5.00001e-07
 5.00001e-07
 5.00000e-07
 5.00000e-07
 5.00000e-07
 5.00000e-07
 5.00000e-07
 5.00000e-07
 5.00000e-07
 5.00000e-07
 5.00000e-07
 5.00000e-07
 5.00000e-07
 5.00000e-07
 5.00000e-07
 5.00000e-07
 5.00000e-07
 1.05246e-06
 1.05246e-06
 1.05246e-06
 1.05246e-06
 1.05246e-06
 1.05395e-06
 1.05395e-06
 1.05395e-06
 1.05395e-06
 1.05395e-06
 1.05467e-06
 1.05467e-06
 1.05467e-06
 1.05467e-06
 1.05467e-06
 1.05371e-06
 1.05371e-06
 1.05371e-06
 1.05371e-06
 1.05371e-06
 1.04962e-06
 1.04962e-06
 1.04962e-06
 1.04962e-06
 1.04962e-06
 1.03991e-06
 1.03991e-06
 1.03991e-06
 1.03991e-06
 1.03991e-06
 1.02047e-06
 1.02047e-06
 1.02047e-06
 1.02047e-06
 1.02047e-06
 9.85708e-07
 9.85708e-07
 9.85708e-07
 9.85708e-07
 9.85708e-07
 9.29955e-07
 9.29955e-07
 9.29955e-07
 9.29955e-07
 9.29955e-07
 8.51704e-07
 8.51704e-07
 8.51704e-07
 8.51704e-07
 8.51704e-07
 7.58061e-07
 7.58061e-07
 7.58061e-07
 7.58061e-07
 7.58061e-07
 6.64160e-07
 6.64160e-07
 6.64160e-07
 6.64160e-07
 6.64160e-07
 5.87562e-07
 5.87562e-07
 5.87562e-07
 5.87562e-07
 5.87562e-07
 5.37836e-07
 5.37836e-07
 5.37836e-07
 5.37836e-07
 5.37836e-07
 5.12828e-07
 5.12828e-07
 5.12828e-07
 5.12828e-07
 5.12828e-07
 5.03589e-07
 5.03589e-07
 5.03589e-07
 5.03589e-07
 5.03589e-07
 5.00912e-07
 5.00912e-07
 5.00912e-07
 5.00912e-07
 5.00912e-07
 5.00223e-07
 5.00223e-07
 5.00223e-07
 5.00223e-07
 5.00223e-07
 5.00054e-07
 5.00054e-07
 5.00054e-07
 5.00054e-07
 5.00054e-07
 5.00013e-07
 5.00013e-07
 5.00013e-07
 5.00013e-07
 5.00013e-07
 5.00003e-07
 5.00003e-07
 5.00003e-07
 5.00003e-07
 5.00003e-07
 5.00001e-07
 5.00001e-07
 5.00001e-07
 5.00001e-07
 5.00001e-07
 5.00000e-07
 5.00000e-07
 5.00000e-07
 5.00000e-07
 5.00000e-07
 5.00000e-07
 5.00000e-07
 5.00000e-07
 5.00000e-07
 5.00000e-07
 5.00000e-07
 5.00000e-07
 5.00000e-07
 5.00000e-07
 5.00000e-07
