PseudoViscosity
part
         1
hexa8
 0.00000e+00
 9.64333e-16
 2.62878e-49
 9.64333e-16
 9.64333e-16
 0.00000e+00
 0.00000e+00
 9.64333e-16
 4.34181e-31
 0.00000e+00
 0.00000e+00
 0.00000e+00
 0.00000e+00
 0.00000e+00
 0.00000e+00
 0.00000e+00
 0.00000e+00
 0.00000e+00
 0.00000e+00
 0.00000e+00
 0.00000e+00
 0.00000e+00
 0.00000e+00
 0.00000e+00
 0.00000e+00
 0.00000e+00
 0.00000e+00
 0.00000e+00
 0.00000e+00
 0.00000e+00
 0.00000e+00
 0.00000e+00
 0.00000e+00
 0.00000e+00
 0.00000e+00
 0.00000e+00
 0.00000e+00
 0.00000e+00
 0.00000e+00
 0.00000e+00
 0.00000e+00
 0.00000e+00
 0.00000e+00
 0.00000e+00
 0.00000e+00
 0.00000e+00
 0.00000e+00
 0.00000e+00
 0.00000e+00
 0.00000e+00
 0.00000e+00
 0.00000e+00
 0.00000e+00
 0.00000e+00
 2.50090e-05
 1.72808e-04
 1.27312e-04
 6.98895e-05
 8.82711e-05
 1.54441e-04
 2.00322e-04
 1.62711e-04
 9.74382e-05
 7.27719e-05
 7.40947e-05
 6.87469e-05
 5.14737e-05
 3.16928e-05
 2.07935e-05
 1.72203e-05
 1.67127e-05
 1.62593e-05
 1.68355e-05
 1.93679e-05
 2.62993e-05
 4.74719e-05
 1.03691e-04
 2.40653e-04
 5.68670e-04
 1.34653e-03
 3.14329e-03
 7.08138e-03
 1.47878e-02
 2.68669e-02
 3.98877e-02
 4.40640e-02
 3.56292e-02
 2.11702e-02
 8.90127e-03
 2.78268e-03
 7.45930e-04
 1.89144e-04
 4.69337e-05
 1.14871e-05
 2.77417e-06
 6.60056e-07
 1.54421e-07
 3.54687e-08
 8.05303e-09
 2.13146e-09
 1.88935e-31
 6.07360e-48
 1.01769e-31
 8.58786e-33
 9.64333e-16
 0.00000e+00
 0.00000e+00
 2.71143e-31
 9.77312e-47
 0.00000e+00
 0.00000e+00
 0.00000e+00
 0.00000e+00
 0.00000e+00
 0.00000e+00
 0.00000e+00
 0.00000e+00
 0.00000e+00
 0.00000e+00
 0.00000e+00
 0.00000e+00
 0.00000e+00
 0.00000e+00
 0.00000e+00
 0.00000e+00
 0.00000e+00
 0.00000e+00
 0.00000e+00
 0.00000e+00
 0.00000e+00
 0.00000e+00
 0.00000e+00
 0.00000e+00
 0.00000e+00
 0.00000e+00
 0.00000e+00
 0.00000e+00
 0.00000e+00
 0.00000e+00
 0.00000e+00
 0.00000e+00
 0.00000e+00
 0.00000e+00
 0.00000e+00
 0.00000e+00
 0.00000e+00
 0.00000e+00
 0.00000e+00
 0.00000e+00
 0.00000e+00
 0.00000e+00
 0.00000e+00
 0.00000e+00
 0.00000e+00
 2.50090e-05
 1.72808e-04
 1.27312e-04
 6.98895e-05
 8.82711e-05
 1.54441e-04
 2.00322e-04
 1.62711e-04
 9.74382e-05
 7.27719e-05
 7.40947e-05
 6.87469e-05
 5.14737e-05
 3.16928e-05
 2.07935e-05
 1.72203e-05
 1.67127e-05
 1.62593e-05
 1.68355e-05
 1.93679e-05
 2.62993e-05
 4.74719e-05
 1.03691e-04
 2.40653e-04
 5.68670e-04
 1.34653e-03
 3.14329e-03
 7.08138e-03
 1.47878e-02
 2.68669e-02
 3.98877e-02
 4.40640e-02
 3.56292e-02
 2.11702e-02
 8.90127e-03
 2.78268e-03
 7.45930e-04
 1.89144e-04
 4.69337e-05
 1.14871e-05
 2.77417e-06
 6.60056e-07
 1.54421e-07
 3.54687e-08
 8.05304e-09
 2.13146e-09
 1.92867e-15
 1.35845e-31
 9.64333e-16
 2.62034e-31
 9.64333e-16
 0.00000e+00
 3.81752e-32
 9.64333e-16
 0.00000e+00
 0.00000e+00
 0.00000e+00
 0.00000e+00
 0.00000e+00
 0.00000e+00
 0.00000e+00
 0.00000e+00
 0.00000e+00
 0.00000e+00
 0.00000e+00
 0.00000e+00
 0.00000e+00
 0.00000e+00
 0.00000e+00
 0.00000e+00
 0.00000e+00
 0.00000e+00
 0.00000e+00
 0.00000e+00
 0.00000e+00
 0.00000e+00
 0.00000e+00
 0.00000e+00
 0.00000e+00
 0.00000e+00
 0.00000e+00
 0.00000e+00
 0.00000e+00
 0.00000e+00
 0.00000e+00
 0.00000e+00
 0.00000e+00
 0.00000e+00
 0.00000e+00
 0.00000e+00
 0.00000e+00
 0.00000e+00
 0.00000e+00
 0.00000e+00
 0.00000e+00
 0.00000e+00
 0.00000e+00
 0.00000e+00
 0.00000e+00
 0.00000e+00
 2.50090e-05
 1.72808e-04
 1.27312e-04
 6.98895e-05
 8.82711e-05
 1.54441e-04
 2.00322e-04
 1.62711e-04
 9.74382e-05
 7.27719e-05
 7.40947e-05
 6.87469e-05
 5.14737e-05
 3.16928e-05
 2.07935e-05
 1.72203e-05
 1.67127e-05
 1.62593e-05
 1.68355e-05
 1.93679e-05
 2.62993e-05
 4.74719e-05
 1.03691e-04
 2.40653e-04
 5.68670e-04
 1.34653e-03
 3.14329e-03
 7.08138e-03
 1.47878e-02
 2.68669e-02
 3.98877e-02
 4.40640e-02
 3.56292e-02
 2.11702e-02
 8.90127e-03
 2.78268e-03
 7.45930e-04
 1.89144e-04
 4.69337e-05
 1.14871e-05
 2.77417e-06
 6.60056e-07
 1.54421e-07
 3.54687e-08
 8.05304e-09
 2.13146e-09
 2.89447e-47
 3.94210e-48
 1.92867e-15
 7.05037e-31
 2.38755e-31
 9.64333e-16
 8.40388e-31
 2.29889e-47
 0.00000e+00
 0.00000e+00
 0.00000e+00
 0.00000e+00
 0.00000e+00
 0.00000e+00
 0.00000e+00
 0.00000e+00
 0.00000e+00
 0.00000e+00
 0.00000e+00
 0.00000e+00
 0.00000e+00
 0.00000e+00
 0.00000e+00
 0.00000e+00
 0.00000e+00
 0.00000e+00
 0.00000e+00
 0.00000e+00
 0.00000e+00
 0.00000e+00
 0.00000e+00
 0.00000e+00
 0.00000e+00
 0.00000e+00
 0.00000e+00
 0.00000e+00
 0.00000e+00
 0.00000e+00
 0.00000e+00
 0.00000e+00
 0.00000e+00
 0.00000e+00
 0.00000e+00
 0.00000e+00
 0.00000e+00
 0.00000e+00
 0.00000e+00
 0.00000e+00
 0.00000e+00
 0.00000e+00
 0.00000e+00
 0.00000e+00
 0.00000e+00
 0.00000e+00
 2.50090e-05
 1.72808e-04
 1.27312e-04
 6.98895e-05
 8.82711e-05
 1.54441e-04
 2.00322e-04
 1.62711e-04
 9.74382e-05
 7.27719e-05
 7.40947e-05
 6.87469e-05
 5.14737e-05
 3.16928e-05
 2.07935e-05
 1.72203e-05
 1.67127e-05
 1.62593e-05
 1.68355e-05
 1.93679e-05
 2.62993e-05
 4.74719e-05
 1.03691e-04
 2.40653e-04
 5.68670e-04
 1.34653e-03
 3.14329e-03
 7.08138e-03
 1.47878e-02
 2.68669e-02
 3.98877e-02
 4.40640e-02
 3.56292e-02
 2.11702e-02
 8.90127e-03
 2.78268e-03
 7.45930e-04
 1.89144e-04
 4.69337e-05
 1.14871e-05
 2.77417e-06
 6.60056e-07
 1.54421e-07
 3.54687e-08
 8.05304e-09
 2.13146e-09
 5.73799e-32
 1.31694e-47
 1.27284e-31
 3.43446e-48
 1.54492e-32
 1.13355e-31
 0.00000e+00
 0.00000e+00
 0.00000e+00
 0.00000e+00
 0.00000e+00
 0.00000e+00
 0.00000e+00
 0.00000e+00
 0.00000e+00
 0.00000e+00
 0.00000e+00
 0.00000e+00
 0.00000e+00
 0.00000e+00
 0.00000e+00
 0.00000e+00
 0.00000e+00
 0.00000e+00
 0.00000e+00
 0.00000e+00
 0.00000e+00
 0.00000e+00
 0.00000e+00
 0.00000e+00
 0.00000e+00
 0.00000e+00
 0.00000e+00
 0.00000e+00
 0.00000e+00
 0.00000e+00
 0.00000e+00
 0.00000e+00
 0.00000e+00
 0.00000e+00
 0.00000e+00
 0.00000e+00
 0.00000e+00
 0.00000e+00
 0.00000e+00
 0.00000e+00
 0.00000e+00
 0.00000e+00
 0.00000e+00
 0.00000e+00
 0.00000e+00
 0.00000e+00
 0.00000e+00
 0.00000e+00
 2.50090e-05
 1.72808e-04
 1.27312e-04
 6.98895e-05
 8.82711e-05
 1.54441e-04
 2.00322e-04
 1.62711e-04
 9.74382e-05
 7.27719e-05
 7.40947e-05
 6.87469e-05
 5.14737e-05
 3.16928e-05
 2.07935e-05
 1.72203e-05
 1.67127e-05
 1.62593e-05
 1.68355e-05
 1.93679e-05
 2.62993e-05
 4.74719e-05
 1.03691e-04
 2.40653e-04
 5.68670e-04
 1.34653e-03
 3.14329e-03
 7.08138e-03
 1.47878e-02
 2.68669e-02
 3.98877e-02
 4.40640e-02
 3.56292e-02
 2.11702e-02
 8.90127e-03
 2.78268e-03
 7.45930e-04
 1.89144e-04
 4.69337e-05
 1.14871e-05
 2.77417e-06
 6.60056e-07
 1.54421e-07
 3.54687e-08
 8.05304e-09
 2.13146e-09
 0.00000e+00
 1.46525e-47
 7.23566e-31
 1.92867e-15
 1.20502e-31
 2.13503e-47
 1.87665e-31
 9.64333e-16
 4.33587e-31
 0.00000e+00
 0.00000e+00
 0.00000e+00
 0.00000e+00
 0.00000e+00
 0.00000e+00
 0.00000e+00
 0.00000e+00
 0.00000e+00
 0.00000e+00
 0.00000e+00
 0.00000e+00
 0.00000e+00
 0.00000e+00
 0.00000e+00
 0.00000e+00
 0.00000e+00
 0.00000e+00
 0.00000e+00
 0.00000e+00
 0.00000e+00
 0.00000e+00
 0.00000e+00
 0.00000e+00
 0.00000e+00
 0.00000e+00
 0.00000e+00
 0.00000e+00
 0.00000e+00
 0.00000e+00
 0.00000e+00
 0.00000e+00
 0.00000e+00
 0.00000e+00
 0.00000e+00
 0.00000e+00
 0.00000e+00
 0.00000e+00
 0.00000e+00
 0.00000e+00
 0.00000e+00
 0.00000e+00
 0.00000e+00
 0.00000e+00
 0.00000e+00
 2.50090e-05
 1.72808e-04
 1.27312e-04
 6.98895e-05
 8.82711e-05
 1.54441e-04
 2.00322e-04
 1.62711e-04
 9.74382e-05
 7.27719e-05
 7.40947e-05
 6.87469e-05
 5.14737e-05
 3.16928e-05
 2.07935e-05
 1.72203e-05
 1.67127e-05
 1.62593e-05
 1.68355e-05
 1.93679e-05
 2.62993e-05
 4.74719e-05
 1.03691e-04
 2.40653e-04
 5.68670e-04
 1.34653e-03
 3.14329e-03
 7.08138e-03
 1.47878e-02
 2.68669e-02
 3.98877e-02
 4.40640e-02
 3.56292e-02
 2.11702e-02
 8.90127e-03
 2.78268e-03
 7.45930e-04
 1.89144e-04
 4.69337e-05
 1.14871e-05
 2.77417e-06
 6.60056e-07
 1.54421e-07
 3.54687e-08
 8.05304e-09
 2.13146e-09
 6.75703e-32
 2.45960e-32
 9.64333e-16
 0.00000e+00
 6.53795e-48
 5.10395e-31
 9.64333e-16
 1.17927e-31
 3.07367e-32
 1.80117e-47
 0.00000e+00
 0.00000e+00
 0.00000e+00
 0.00000e+00
 0.00000e+00
 0.00000e+00
 0.00000e+00
 0.00000e+00
 0.00000e+00
 0.00000e+00
 0.00000e+00
 0.00000e+00
 0.00000e+00
 0.00000e+00
 0.00000e+00
 0.00000e+00
 0.00000e+00
 0.00000e+00
 0.00000e+00
 0.00000e+00
 0.00000e+00
 0.00000e+00
 0.00000e+00
 0.00000e+00
 0.00000e+00
 0.00000e+00
 0.00000e+00
 0.00000e+00
 0.00000e+00
 0.00000e+00
 0.00000e+00
 0.00000e+00
 0.00000e+00
 0.00000e+00
 0.00000e+00
 0.00000e+00
 0.00000e+00
 0.00000e+00
 0.00000e+00
 0.00000e+00
 0.00000e+00
 0.00000e+00
 0.00000e+00
 0.00000e+00
 2.50090e-05
 1.72808e-04
 1.27312e-04
 6.98895e-05
 8.82711e-05
 1.54441e-04
 2.00322e-04
 1.62711e-04
 9.74382e-05
 7.27719e-05
 7.40947e-05
 6.87469e-05
 5.14737e-05
 3.16928e-05
 2.07935e-05
 1.72203e-05
 1.67127e-05
 1.62593e-05
 1.68355e-05
 1.93679e-05
 2.62993e-05
 4.74719e-05
 1.03691e-04
 2.40653e-04
 5.68670e-04
 1.34653e-03
 3.14329e-03
 7.08138e-03
 1.47878e-02
 2.68669e-02
 3.98877e-02
 4.40640e-02
 3.56292e-02
 2.11702e-02
 8.90127e-03
 2.78268e-03
 7.45930e-04
 1.89144e-04
 4.69337e-05
 1.14871e-05
 2.77417e-06
 6.60056e-07
 1.54421e-07
 3.54687e-08
 8.05304e-09
 2.13146e-09
 4.08116e-32
 2.49881e-31
 9.64333e-16
 3.43208e-31
 9.64333e-16
 1.81795e-47
 1.26992e-31
 2.28259e-31
 0.00000e+00
 0.00000e+00
 0.00000e+00
 0.00000e+00
 0.00000e+00
 0.00000e+00
 0.00000e+00
 0.00000e+00
 0.00000e+00
 0.00000e+00
 0.00000e+00
 0.00000e+00
 0.00000e+00
 0.00000e+00
 0.00000e+00
 0.00000e+00
 0.00000e+00
 0.00000e+00
 0.00000e+00
 0.00000e+00
 0.00000e+00
 0.00000e+00
 0.00000e+00
 0.00000e+00
 0.00000e+00
 0.00000e+00
 0.00000e+00
 0.00000e+00
 0.00000e+00
 0.00000e+00
 0.00000e+00
 0.00000e+00
 0.00000e+00
 0.00000e+00
 0.00000e+00
 0.00000e+00
 0.00000e+00
 0.00000e+00
 0.00000e+00
 0.00000e+00
 0.00000e+00
 0.00000e+00
 0.00000e+00
 0.00000e+00
 0.00000e+00
 0.00000e+00
 2.50090e-05
 1.72808e-04
 1.27312e-04
 6.98895e-05
 8.82711e-05
 1.54441e-04
 2.00322e-04
 1.62711e-04
 9.74382e-05
 7.27719e-05
 7.40947e-05
 6.87469e-05
 5.14737e-05
 3.16928e-05
 2.07935e-05
 1.72203e-05
 1.67127e-05
 1.62593e-05
 1.68355e-05
 1.93679e-05
 2.62993e-05
 4.74719e-05
 1.03691e-04
 2.40653e-04
 5.68670e-04
 1.34653e-03
 3.14329e-03
 7.08138e-03
 1.47878e-02
 2.68669e-02
 3.98877e-02
 4.40640e-02
 3.56292e-02
 2.11702e-02
 8.90127e-03
 2.78268e-03
 7.45930e-04
 1.89144e-04
 4.69337e-05
 1.14871e-05
 2.77417e-06
 6.60056e-07
 1.54421e-07
 3.54687e-08
 8.05304e-09
 2.13146e-09
 1.69251e-31
 4.47192e-32
 1.92867e-15
 6.21338e-31
 1.92867e-15
 1.90211e-31
 9.64333e-16
 2.95954e-31
 3.34454e-49
 0.00000e+00
 0.00000e+00
 0.00000e+00
 0.00000e+00
 0.00000e+00
 0.00000e+00
 0.00000e+00
 0.00000e+00
 0.00000e+00
 0.00000e+00
 0.00000e+00
 0.00000e+00
 0.00000e+00
 0.00000e+00
 0.00000e+00
 0.00000e+00
 0.00000e+00
 0.00000e+00
 0.00000e+00
 0.00000e+00
 0.00000e+00
 0.00000e+00
 0.00000e+00
 0.00000e+00
 0.00000e+00
 0.00000e+00
 0.00000e+00
 0.00000e+00
 0.00000e+00
 0.00000e+00
 0.00000e+00
 0.00000e+00
 0.00000e+00
 0.00000e+00
 0.00000e+00
 0.00000e+00
 0.00000e+00
 0.00000e+00
 0.00000e+00
 0.00000e+00
 0.00000e+00
 0.00000e+00
 0.00000e+00
 0.00000e+00
 0.00000e+00
 2.50090e-05
 1.72808e-04
 1.27312e-04
 6.98895e-05
 8.82711e-05
 1.54441e-04
 2.00322e-04
 1.62711e-04
 9.74382e-05
 7.27719e-05
 7.40947e-05
 6.87469e-05
 5.14737e-05
 3.16928e-05
 2.07935e-05
 1.72203e-05
 1.67127e-05
 1.62593e-05
 1.68355e-05
 1.93679e-05
 2.62993e-05
 4.74719e-05
 1.03691e-04
 2.40653e-04
 5.68670e-04
 1.34653e-03
 3.14329e-03
 7.08138e-03
 1.47878e-02
 2.68669e-02
 3.98877e-02
 4.40640e-02
 3.56292e-02
 2.11702e-02
 8.90127e-03
 2.78268e-03
 7.45930e-04
 1.89144e-04
 4.69337e-05
 1.14871e-05
 2.77417e-06
 6.60056e-07
 1.54421e-07
 3.54687e-08
 8.05304e-09
 2.13146e-09
 9.64333e-16
 9.64333e-16
 1.36473e-32
 5.27910e-31
 9.64333e-16
 3.40860e-47
 5.17429e-31
 9.64333e-16
 0.00000e+00
 0.00000e+00
 0.00000e+00
 0.00000e+00
 0.00000e+00
 0.00000e+00
 0.00000e+00
 0.00000e+00
 0.00000e+00
 0.00000e+00
 0.00000e+00
 0.00000e+00
 0.00000e+00
 0.00000e+00
 0.00000e+00
 0.00000e+00
 0.00000e+00
 0.00000e+00
 0.00000e+00
 0.00000e+00
 0.00000e+00
 0.00000e+00
 0.00000e+00
 0.00000e+00
 0.00000e+00
 0.00000e+00
 0.00000e+00
 0.00000e+00
 0.00000e+00
 0.00000e+00
 0.00000e+00
 0.00000e+00
 0.00000e+00
 0.00000e+00
 0.00000e+00
 0.00000e+00
 0.00000e+00
 0.00000e+00
 0.00000e+00
 0.00000e+00
 0.00000e+00
 0.00000e+00
 0.00000e+00
 0.00000e+00
 0.00000e+00
 0.00000e+00
 2.50090e-05
 1.72808e-04
 1.27312e-04
 6.98895e-05
 8.82711e-05
 1.54441e-04
 2.00322e-04
 1.62711e-04
 9.74382e-05
 7.27719e-05
 7.40947e-05
 6.87469e-05
 5.14737e-05
 3.16928e-05
 2.07935e-05
 1.72203e-05
 1.67127e-05
 1.62593e-05
 1.68355e-05
 1.93679e-05
 2.62993e-05
 4.74719e-05
 1.03691e-04
 2.40653e-04
 5.68670e-04
 1.34653e-03
 3.14329e-03
 7.08138e-03
 1.47878e-02
 2.68669e-02
 3.98877e-02
 4.40640e-02
 3.56292e-02
 2.11702e-02
 8.90127e-03
 2.78268e-03
 7.45930e-04
 1.89144e-04
 4.69337e-05
 1.14871e-05
 2.77417e-06
 6.60056e-07
 1.54421e-07
 3.54687e-08
 8.05304e-09
 2.13146e-09
 6.14348e-32
 1.15710e-47
 9.64333e-16
 3.36617e-32
 1.92867e-15
 6.63977e-31
 1.92867e-15
 5.53982e-31
 4.64134e-32
 2.36088e-47
 0.00000e+00
 0.00000e+00
 0.00000e+00
 0.00000e+00
 0.00000e+00
 0.00000e+00
 0.00000e+00
 0.00000e+00
 0.00000e+00
 0.00000e+00
 0.00000e+00
 0.00000e+00
 0.00000e+00
 0.00000e+00
 0.00000e+00
 0.00000e+00
 0.00000e+00
 0.00000e+00
 0.00000e+00
 0.00000e+00
 0.00000e+00
 0.00000e+00
 0.00000e+00
 0.00000e+00
 0.00000e+00
 0.00000e+00
 0.00000e+00
 0.00000e+00
 0.00000e+00
 0.00000e+00
 0.00000e+00
 0.00000e+00
 0.00000e+00
 0.00000e+00
 0.00000e+00
 0.00000e+00
 0.00000e+00
 0.00000e+00
 0.00000e+00
 0.00000e+00
 0.00000e+00
 0.00000e+00
 0.00000e+00
 0.00000e+00
 2.50090e-05
 1.72808e-04
 1.27312e-04
 6.98895e-05
 8.82711e-05
 1.54441e-04
 2.00322e-04
 1.62711e-04
 9.74382e-05
 7.27719e-05
 7.40947e-05
 6.87469e-05
 5.14737e-05
 3.16928e-05
 2.07935e-05
 1.72203e-05
 1.67127e-05
 1.62593e-05
 1.68355e-05
 1.93679e-05
 2.62993e-05
 4.74719e-05
 1.03691e-04
 2.40653e-04
 5.68670e-04
 1.34653e-03
 3.14329e-03
 7.08138e-03
 1.47878e-02
 2.68669e-02
 3.98877e-02
 4.40640e-02
 3.56292e-02
 2.11702e-02
 8.90127e-03
 2.78268e-03
 7.45930e-04
 1.89144e-04
 4.69337e-05
 1.14871e-05
 2.77417e-06
 6.60056e-07
 1.54421e-07
 3.54687e-08
 8.05304e-09
 2.13146e-09
 1.92867e-15
 7.11806e-31
 5.28125e-32
 2.23497e-31
 2.12540e-32
 1.92867e-15
 2.89300e-15
 1.17773e-30
 9.64333e-16
 8.63700e-31
 0.00000e+00
 0.00000e+00
 0.00000e+00
 0.00000e+00
 0.00000e+00
 0.00000e+00
 0.00000e+00
 0.00000e+00
 0.00000e+00
 0.00000e+00
 0.00000e+00
 0.00000e+00
 0.00000e+00
 0.00000e+00
 0.00000e+00
 0.00000e+00
 0.00000e+00
 0.00000e+00
 0.00000e+00
 0.00000e+00
 0.00000e+00
 0.00000e+00
 0.00000e+00
 0.00000e+00
 0.00000e+00
 0.00000e+00
 0.00000e+00
 0.00000e+00
 0.00000e+00
 0.00000e+00
 0.00000e+00
 0.00000e+00
 0.00000e+00
 0.00000e+00
 0.00000e+00
 0.00000e+00
 0.00000e+00
 0.00000e+00
 0.00000e+00
 0.00000e+00
 0.00000e+00
 0.00000e+00
 0.00000e+00
 0.00000e+00
 2.50090e-05
 1.72808e-04
 1.27312e-04
 6.98895e-05
 8.82711e-05
 1.54441e-04
 2.00322e-04
 1.62711e-04
 9.74382e-05
 7.27719e-05
 7.40947e-05
 6.87469e-05
 5.14737e-05
 3.16928e-05
 2.07935e-05
 1.72203e-05
 1.67127e-05
 1.62593e-05
 1.68355e-05
 1.93679e-05
 2.62993e-05
 4.74719e-05
 1.03691e-04
 2.40653e-04
 5.68670e-04
 1.34653e-03
 3.14329e-03
 7.08138e-03
 1.47878e-02
 2.68669e-02
 3.98877e-02
 4.40640e-02
 3.56292e-02
 2.11702e-02
 8.90127e-03
 2.78268e-03
 7.45930e-04
 1.89144e-04
 4.69337e-05
 1.14871e-05
 2.77417e-06
 6.60056e-07
 1.54421e-07
 3.54687e-08
 8.05304e-09
 2.13146e-09
 9.57966e-32
 1.79447e-32
 1.19111e-31
 1.92867e-15
 7.71567e-48
 3.73030e-32
 2.49804e-48
 2.83335e-64
 0.00000e+00
 0.00000e+00
 0.00000e+00
 0.00000e+00
 0.00000e+00
 0.00000e+00
 0.00000e+00
 0.00000e+00
 0.00000e+00
 0.00000e+00
 0.00000e+00
 0.00000e+00
 0.00000e+00
 0.00000e+00
 0.00000e+00
 0.00000e+00
 0.00000e+00
 0.00000e+00
 0.00000e+00
 0.00000e+00
 0.00000e+00
 0.00000e+00
 0.00000e+00
 0.00000e+00
 0.00000e+00
 0.00000e+00
 0.00000e+00
 0.00000e+00
 0.00000e+00
 0.00000e+00
 0.00000e+00
 0.00000e+00
 0.00000e+00
 0.00000e+00
 0.00000e+00
 0.00000e+00
 0.00000e+00
 0.00000e+00
 0.00000e+00
 0.00000e+00
 0.00000e+00
 0.00000e+00
 0.00000e+00
 0.00000e+00
 0.00000e+00
 0.00000e+00
 2.50090e-05
 1.72808e-04
 1.27312e-04
 6.98895e-05
 8.82711e-05
 1.54441e-04
 2.00322e-04
 1.62711e-04
 9.74382e-05
 7.27719e-05
 7.40947e-05
 6.87469e-05
 5.14737e-05
 3.16928e-05
 2.07935e-05
 1.72203e-05
 1.67127e-05
 1.62593e-05
 1.68355e-05
 1.93679e-05
 2.62993e-05
 4.74719e-05
 1.03691e-04
 2.40653e-04
 5.68670e-04
 1.34653e-03
 3.14329e-03
 7.08138e-03
 1.47878e-02
 2.68669e-02
 3.98877e-02
 4.40640e-02
 3.56292e-02
 2.11702e-02
 8.90127e-03
 2.78268e-03
 7.45930e-04
 1.89144e-04
 4.69337e-05
 1.14871e-05
 2.77417e-06
 6.60056e-07
 1.54421e-07
 3.54687e-08
 8.05304e-09
 2.13146e-09
 0.00000e+00
 1.42282e-31
 9.36191e-32
 4.99310e-31
 2.89300e-15
 7.27552e-31
 4.77730e-48
 4.35711e-50
 2.07631e-66
 0.00000e+00
 0.00000e+00
 0.00000e+00
 0.00000e+00
 0.00000e+00
 0.00000e+00
 0.00000e+00
 0.00000e+00
 0.00000e+00
 0.00000e+00
 0.00000e+00
 0.00000e+00
 0.00000e+00
 0.00000e+00
 0.00000e+00
 0.00000e+00
 0.00000e+00
 0.00000e+00
 0.00000e+00
 0.00000e+00
 0.00000e+00
 0.00000e+00
 0.00000e+00
 0.00000e+00
 0.00000e+00
 0.00000e+00
 0.00000e+00
 0.00000e+00
 0.00000e+00
 0.00000e+00
 0.00000e+00
 0.00000e+00
 0.00000e+00
 0.00000e+00
 0.00000e+00
 0.00000e+00
 0.00000e+00
 0.00000e+00
 0.00000e+00
 0.00000e+00
 0.00000e+00
 0.00000e+00
 0.00000e+00
 0.00000e+00
 0.00000e+00
 2.50090e-05
 1.72808e-04
 1.27312e-04
 6.98895e-05
 8.82711e-05
 1.54441e-04
 2.00322e-04
 1.62711e-04
 9.74382e-05
 7.27719e-05
 7.40947e-05
 6.87469e-05
 5.14737e-05
 3.16928e-05
 2.07935e-05
 1.72203e-05
 1.67127e-05
 1.62593e-05
 1.68355e-05
 1.93679e-05
 2.62993e-05
 4.74719e-05
 1.03691e-04
 2.40653e-04
 5.68670e-04
 1.34653e-03
 3.14329e-03
 7.08138e-03
 1.47878e-02
 2.68669e-02
 3.98877e-02
 4.40640e-02
 3.56292e-02
 2.11702e-02
 8.90127e-03
 2.78268e-03
 7.45930e-04
 1.89144e-04
 4.69337e-05
 1.14871e-05
 2.77417e-06
 6.60056e-07
 1.54421e-07
 3.54687e-08
 8.05304e-09
 2.13146e-09
 2.72911e-31
 9.64333e-16
 9.64333e-16
 8.30913e-31
 1.92867e-15
 1.53328e-63
 6.77437e-47
 2.06958e-31
 0.00000e+00
 0.00000e+00
 0.00000e+00
 0.00000e+00
 0.00000e+00
 0.00000e+00
 0.00000e+00
 0.00000e+00
 0.00000e+00
 0.00000e+00
 0.00000e+00
 0.00000e+00
 0.00000e+00
 0.00000e+00
 0.00000e+00
 0.00000e+00
 0.00000e+00
 0.00000e+00
 0.00000e+00
 0.00000e+00
 0.00000e+00
 0.00000e+00
 0.00000e+00
 0.00000e+00
 0.00000e+00
 0.00000e+00
 0.00000e+00
 0.00000e+00
 0.00000e+00
 0.00000e+00
 0.00000e+00
 0.00000e+00
 0.00000e+00
 0.00000e+00
 0.00000e+00
 0.00000e+00
 0.00000e+00
 0.00000e+00
 0.00000e+00
 0.00000e+00
 0.00000e+00
 0.00000e+00
 0.00000e+00
 0.00000e+00
 0.00000e+00
 0.00000e+00
 2.50090e-05
 1.72808e-04
 1.27312e-04
 6.98895e-05
 8.82711e-05
 1.54441e-04
 2.00322e-04
 1.62711e-04
 9.74382e-05
 7.27719e-05
 7.40947e-05
 6.87469e-05
 5.14737e-05
 3.16928e-05
 2.07935e-05
 1.72203e-05
 1.67127e-05
 1.62593e-05
 1.68355e-05
 1.93679e-05
 2.62993e-05
 4.74719e-05
 1.03691e-04
 2.40653e-04
 5.68670e-04
 1.34653e-03
 3.14329e-03
 7.08138e-03
 1.47878e-02
 2.68669e-02
 3.98877e-02
 4.40640e-02
 3.56292e-02
 2.11702e-02
 8.90127e-03
 2.78268e-03
 7.45930e-04
 1.89144e-04
 4.69337e-05
 1.14871e-05
 2.77417e-06
 6.60056e-07
 1.54421e-07
 3.54687e-08
 8.05304e-09
 2.13146e-09
 9.64333e-16
 0.00000e+00
 2.87096e-47
 1.79870e-30
 3.85733e-15
 1.92867e-15
 1.92867e-15
 0.00000e+00
 8.06981e-32
 5.05462e-47
 0.00000e+00
 0.00000e+00
 0.00000e+00
 0.00000e+00
 0.00000e+00
 0.00000e+00
 0.00000e+00
 0.00000e+00
 0.00000e+00
 0.00000e+00
 0.00000e+00
 0.00000e+00
 0.00000e+00
 0.00000e+00
 0.00000e+00
 0.00000e+00
 0.00000e+00
 0.00000e+00
 0.00000e+00
 0.00000e+00
 0.00000e+00
 0.00000e+00
 0.00000e+00
 0.00000e+00
 0.00000e+00
 0.00000e+00
 0.00000e+00
 0.00000e+00
 0.00000e+00
 0.00000e+00
 0.00000e+00
 0.00000e+00
 0.00000e+00
 0.00000e+00
 0.00000e+00
 0.00000e+00
 0.00000e+00
 0.00000e+00
 0.00000e+00
 0.00000e+00
 0.00000e+00
 0.00000e+00
 0.00000e+00
 0.00000e+00
 2.50090e-05
 1.72808e-04
 1.27312e-04
 6.98895e-05
 8.82711e-05
 1.54441e-04
 2.00322e-04
 1.62711e-04
 9.74382e-05
 7.27719e-05
 7.40947e-05
 6.87469e-05
 5.14737e-05
 3.16928e-05
 2.07935e-05
 1.72203e-05
 1.67127e-05
 1.62593e-05
 1.68355e-05
 1.93679e-05
 2.62993e-05
 4.74719e-05
 1.03691e-04
 2.40653e-04
 5.68670e-04
 1.34653e-03
 3.14329e-03
 7.08138e-03
 1.47878e-02
 2.68669e-02
 3.98877e-02
 4.40640e-02
 3.56292e-02
 2.11702e-02
 8.90127e-03
 2.78268e-03
 7.45930e-04
 1.89144e-04
 4.69337e-05
 1.14871e-05
 2.77417e-06
 6.60056e-07
 1.54421e-07
 3.54687e-08
 8.05304e-09
 2.13146e-09
 9.64333e-16
 1.37678e-31
 2.73111e-31
 1.92867e-15
 9.64333e-16
 1.02323e-31
 1.54687e-31
 0.00000e+00
 1.92867e-15
 9.41081e-31
 0.00000e+00
 0.00000e+00
 0.00000e+00
 0.00000e+00
 0.00000e+00
 0.00000e+00
 0.00000e+00
 0.00000e+00
 0.00000e+00
 0.00000e+00
 0.00000e+00
 0.00000e+00
 0.00000e+00
 0.00000e+00
 0.00000e+00
 0.00000e+00
 0.00000e+00
 0.00000e+00
 0.00000e+00
 0.00000e+00
 0.00000e+00
 0.00000e+00
 0.00000e+00
 0.00000e+00
 0.00000e+00
 0.00000e+00
 0.00000e+00
 0.00000e+00
 0.00000e+00
 0.00000e+00
 0.00000e+00
 0.00000e+00
 0.00000e+00
 0.00000e+00
 0.00000e+00
 0.00000e+00
 0.00000e+00
 0.00000e+00
 0.00000e+00
 0.00000e+00
 0.00000e+00
 0.00000e+00
 0.00000e+00
 0.00000e+00
 2.50090e-05
 1.72808e-04
 1.27312e-04
 6.98895e-05
 8.82711e-05
 1.54441e-04
 2.00322e-04
 1.62711e-04
 9.74382e-05
 7.27719e-05
 7.40947e-05
 6.87469e-05
 5.14737e-05
 3.16928e-05
 2.07935e-05
 1.72203e-05
 1.67127e-05
 1.62593e-05
 1.68355e-05
 1.93679e-05
 2.62993e-05
 4.74719e-05
 1.03691e-04
 2.40653e-04
 5.68670e-04
 1.34653e-03
 3.14329e-03
 7.08138e-03
 1.47878e-02
 2.68669e-02
 3.98877e-02
 4.40640e-02
 3.56292e-02
 2.11702e-02
 8.90127e-03
 2.78268e-03
 7.45930e-04
 1.89144e-04
 4.69337e-05
 1.14871e-05
 2.77417e-06
 6.60056e-07
 1.54421e-07
 3.54687e-08
 8.05304e-09
 2.13146e-09
 9.64333e-16
 9.64333e-16
 9.64333e-16
 1.92867e-15
 3.36495e-32
 4.10039e-31
 1.92867e-15
 0.00000e+00
 0.00000e+00
 0.00000e+00
 0.00000e+00
 0.00000e+00
 0.00000e+00
 0.00000e+00
 0.00000e+00
 0.00000e+00
 0.00000e+00
 0.00000e+00
 0.00000e+00
 0.00000e+00
 0.00000e+00
 0.00000e+00
 0.00000e+00
 0.00000e+00
 0.00000e+00
 0.00000e+00
 0.00000e+00
 0.00000e+00
 0.00000e+00
 0.00000e+00
 0.00000e+00
 0.00000e+00
 0.00000e+00
 0.00000e+00
 0.00000e+00
 0.00000e+00
 0.00000e+00
 0.00000e+00
 0.00000e+00
 0.00000e+00
 0.00000e+00
 0.00000e+00
 0.00000e+00
 0.00000e+00
 0.00000e+00
 0.00000e+00
 0.00000e+00
 0.00000e+00
 0.00000e+00
 0.00000e+00
 0.00000e+00
 0.00000e+00
 0.00000e+00
 0.00000e+00
 2.50090e-05
 1.72808e-04
 1.27312e-04
 6.98895e-05
 8.82711e-05
 1.54441e-04
 2.00322e-04
 1.62711e-04
 9.74382e-05
 7.27719e-05
 7.40947e-05
 6.87469e-05
 5.14737e-05
 3.16928e-05
 2.07935e-05
 1.72203e-05
 1.67127e-05
 1.62593e-05
 1.68355e-05
 1.93679e-05
 2.62993e-05
 4.74719e-05
 1.03691e-04
 2.40653e-04
 5.68670e-04
 1.34653e-03
 3.14329e-03
 7.08138e-03
 1.47878e-02
 2.68669e-02
 3.98877e-02
 4.40640e-02
 3.56292e-02
 2.11702e-02
 8.90127e-03
 2.78268e-03
 7.45930e-04
 1.89144e-04
 4.69337e-05
 1.14871e-05
 2.77417e-06
 6.60056e-07
 1.54421e-07
 3.54687e-08
 8.05304e-09
 2.13146e-09
 0.00000e+00
 1.61716e-31
 2.22875e-48
 2.89300e-15
 1.02969e-31
 2.39342e-47
 7.85064e-32
 2.99245e-48
 0.00000e+00
 0.00000e+00
 0.00000e+00
 0.00000e+00
 0.00000e+00
 0.00000e+00
 0.00000e+00
 0.00000e+00
 0.00000e+00
 0.00000e+00
 0.00000e+00
 0.00000e+00
 0.00000e+00
 0.00000e+00
 0.00000e+00
 0.00000e+00
 0.00000e+00
 0.00000e+00
 0.00000e+00
 0.00000e+00
 0.00000e+00
 0.00000e+00
 0.00000e+00
 0.00000e+00
 0.00000e+00
 0.00000e+00
 0.00000e+00
 0.00000e+00
 0.00000e+00
 0.00000e+00
 0.00000e+00
 0.00000e+00
 0.00000e+00
 0.00000e+00
 0.00000e+00
 0.00000e+00
 0.00000e+00
 0.00000e+00
 0.00000e+00
 0.00000e+00
 0.00000e+00
 0.00000e+00
 0.00000e+00
 0.00000e+00
 0.00000e+00
 0.00000e+00
 2.50090e-05
 1.72808e-04
 1.27312e-04
 6.98895e-05
 8.82711e-05
 1.54441e-04
 2.00322e-04
 1.62711e-04
 9.74382e-05
 7.27719e-05
 7.40947e-05
 6.87469e-05
 5.14737e-05
 3.16928e-05
 2.07935e-05
 1.72203e-05
 1.67127e-05
 1.62593e-05
 1.68355e-05
 1.93679e-05
 2.62993e-05
 4.74719e-05
 1.03691e-04
 2.40653e-04
 5.68670e-04
 1.34653e-03
 3.14329e-03
 7.08138e-03
 1.47878e-02
 2.68669e-02
 3.98877e-02
 4.40640e-02
 3.56292e-02
 2.11702e-02
 8.90127e-03
 2.78268e-03
 7.45930e-04
 1.89144e-04
 4.69337e-05
 1.14871e-05
 2.77417e-06
 6.60056e-07
 1.54421e-07
 3.54687e-08
 8.05304e-09
 2.13146e-09
 3.04614e-47
 6.57825e-32
 1.18385e-30
 1.92867e-15
 1.04940e-31
 0.00000e+00
 0.00000e+00
 0.00000e+00
 0.00000e+00
 0.00000e+00
 0.00000e+00
 0.00000e+00
 0.00000e+00
 0.00000e+00
 0.00000e+00
 0.00000e+00
 0.00000e+00
 0.00000e+00
 0.00000e+00
 0.00000e+00
 0.00000e+00
 0.00000e+00
 0.00000e+00
 0.00000e+00
 0.00000e+00
 0.00000e+00
 0.00000e+00
 0.00000e+00
 0.00000e+00
 0.00000e+00
 0.00000e+00
 0.00000e+00
 0.00000e+00
 0.00000e+00
 0.00000e+00
 0.00000e+00
 0.00000e+00
 0.00000e+00
 0.00000e+00
 0.00000e+00
 0.00000e+00
 0.00000e+00
 0.00000e+00
 0.00000e+00
 0.00000e+00
 0.00000e+00
 0.00000e+00
 0.00000e+00
 0.00000e+00
 0.00000e+00
 0.00000e+00
 0.00000e+00
 0.00000e+00
 0.00000e+00
 2.50090e-05
 1.72808e-04
 1.27312e-04
 6.98895e-05
 8.82711e-05
 1.54441e-04
 2.00322e-04
 1.62711e-04
 9.74382e-05
 7.27719e-05
 7.40947e-05
 6.87469e-05
 5.14737e-05
 3.16928e-05
 2.07935e-05
 1.72203e-05
 1.67127e-05
 1.62593e-05
 1.68355e-05
 1.93679e-05
 2.62993e-05
 4.74719e-05
 1.03691e-04
 2.40653e-04
 5.68670e-04
 1.34653e-03
 3.14329e-03
 7.08138e-03
 1.47878e-02
 2.68669e-02
 3.98877e-02
 4.40640e-02
 3.56292e-02
 2.11702e-02
 8.90127e-03
 2.78268e-03
 7.45930e-04
 1.89144e-04
 4.69337e-05
 1.14871e-05
 2.77417e-06
 6.60056e-07
 1.54421e-07
 3.54687e-08
 8.05304e-09
 2.13146e-09
 1.96611e-31
 8.52903e-47
 0.00000e+00
 3.40868e-47
 1.63638e-62
 9.64333e-16
 1.73397e-31
 5.20907e-47
 8.66163e-50
 1.38436e-64
 0.00000e+00
 0.00000e+00
 0.00000e+00
 0.00000e+00
 0.00000e+00
 0.00000e+00
 0.00000e+00
 0.00000e+00
 0.00000e+00
 0.00000e+00
 0.00000e+00
 0.00000e+00
 0.00000e+00
 0.00000e+00
 0.00000e+00
 0.00000e+00
 0.00000e+00
 0.00000e+00
 0.00000e+00
 0.00000e+00
 0.00000e+00
 0.00000e+00
 0.00000e+00
 0.00000e+00
 0.00000e+00
 0.00000e+00
 0.00000e+00
 0.00000e+00
 0.00000e+00
 0.00000e+00
 0.00000e+00
 0.00000e+00
 0.00000e+00
 0.00000e+00
 0.00000e+00
 0.00000e+00
 0.00000e+00
 0.00000e+00
 0.00000e+00
 0.00000e+00
 0.00000e+00
 0.00000e+00
 0.00000e+00
 0.00000e+00
 2.50090e-05
 1.72808e-04
 1.27312e-04
 6.98895e-05
 8.82711e-05
 1.54441e-04
 2.00322e-04
 1.62711e-04
 9.74382e-05
 7.27719e-05
 7.40947e-05
 6.87469e-05
 5.14737e-05
 3.16928e-05
 2.07935e-05
 1.72203e-05
 1.67127e-05
 1.62593e-05
 1.68355e-05
 1.93679e-05
 2.62993e-05
 4.74719e-05
 1.03691e-04
 2.40653e-04
 5.68670e-04
 1.34653e-03
 3.14329e-03
 7.08138e-03
 1.47878e-02
 2.68669e-02
 3.98877e-02
 4.40640e-02
 3.56292e-02
 2.11702e-02
 8.90127e-03
 2.78268e-03
 7.45930e-04
 1.89144e-04
 4.69337e-05
 1.14871e-05
 2.77417e-06
 6.60056e-07
 1.54421e-07
 3.54687e-08
 8.05304e-09
 2.13146e-09
 9.64333e-16
 3.80490e-31
 1.51460e-63
 1.05597e-31
 1.92867e-15
 9.64333e-16
 1.97353e-31
 4.90209e-63
 0.00000e+00
 0.00000e+00
 0.00000e+00
 0.00000e+00
 0.00000e+00
 0.00000e+00
 0.00000e+00
 0.00000e+00
 0.00000e+00
 0.00000e+00
 0.00000e+00
 0.00000e+00
 0.00000e+00
 0.00000e+00
 0.00000e+00
 0.00000e+00
 0.00000e+00
 0.00000e+00
 0.00000e+00
 0.00000e+00
 0.00000e+00
 0.00000e+00
 0.00000e+00
 0.00000e+00
 0.00000e+00
 0.00000e+00
 0.00000e+00
 0.00000e+00
 0.00000e+00
 0.00000e+00
 0.00000e+00
 0.00000e+00
 0.00000e+00
 0.00000e+00
 0.00000e+00
 0.00000e+00
 0.00000e+00
 0.00000e+00
 0.00000e+00
 0.00000e+00
 0.00000e+00
 0.00000e+00
 0.00000e+00
 0.00000e+00
 0.00000e+00
 0.00000e+00
 2.50090e-05
 1.72808e-04
 1.27312e-04
 6.98895e-05
 8.82711e-05
 1.54441e-04
 2.00322e-04
 1.62711e-04
 9.74382e-05
 7.27719e-05
 7.40947e-05
 6.87469e-05
 5.14737e-05
 3.16928e-05
 2.07935e-05
 1.72203e-05
 1.67127e-05
 1.62593e-05
 1.68355e-05
 1.93679e-05
 2.62993e-05
 4.74719e-05
 1.03691e-04
 2.40653e-04
 5.68670e-04
 1.34653e-03
 3.14329e-03
 7.08138e-03
 1.47878e-02
 2.68669e-02
 3.98877e-02
 4.40640e-02
 3.56292e-02
 2.11702e-02
 8.90127e-03
 2.78268e-03
 7.45930e-04
 1.89144e-04
 4.69337e-05
 1.14871e-05
 2.77417e-06
 6.60056e-07
 1.54421e-07
 3.54687e-08
 8.05304e-09
 2.13146e-09
 1.58182e-31
 3.12842e-31
 1.17636e-46
 1.60202e-31
 9.64333e-16
 4.09753e-31
 3.06383e-31
 1.02808e-46
 0.00000e+00
 0.00000e+00
 0.00000e+00
 0.00000e+00
 0.00000e+00
 0.00000e+00
 0.00000e+00
 0.00000e+00
 0.00000e+00
 0.00000e+00
 0.00000e+00
 0.00000e+00
 0.00000e+00
 0.00000e+00
 0.00000e+00
 0.00000e+00
 0.00000e+00
 0.00000e+00
 0.00000e+00
 0.00000e+00
 0.00000e+00
 0.00000e+00
 0.00000e+00
 0.00000e+00
 0.00000e+00
 0.00000e+00
 0.00000e+00
 0.00000e+00
 0.00000e+00
 0.00000e+00
 0.00000e+00
 0.00000e+00
 0.00000e+00
 0.00000e+00
 0.00000e+00
 0.00000e+00
 0.00000e+00
 0.00000e+00
 0.00000e+00
 0.00000e+00
 0.00000e+00
 0.00000e+00
 0.00000e+00
 0.00000e+00
 0.00000e+00
 0.00000e+00
 2.50090e-05
 1.72808e-04
 1.27312e-04
 6.98895e-05
 8.82711e-05
 1.54441e-04
 2.00322e-04
 1.62711e-04
 9.74382e-05
 7.27719e-05
 7.40947e-05
 6.87469e-05
 5.14737e-05
 3.16928e-05
 2.07935e-05
 1.72203e-05
 1.67127e-05
 1.62593e-05
 1.68355e-05
 1.93679e-05
 2.62993e-05
 4.74719e-05
 1.03691e-04
 2.40653e-04
 5.68670e-04
 1.34653e-03
 3.14329e-03
 7.08138e-03
 1.47878e-02
 2.68669e-02
 3.98877e-02
 4.40640e-02
 3.56292e-02
 2.11702e-02
 8.90127e-03
 2.78268e-03
 7.45930e-04
 1.89144e-04
 4.69337e-05
 1.14871e-05
 2.77417e-06
 6.60056e-07
 1.54421e-07
 3.54687e-08
 8.05304e-09
 2.13146e-09
 0.00000e+00
 2.89300e-15
 1.79581e-30
 3.86989e-31
 9.64333e-16
 9.39260e-31
 1.40471e-31
 3.73665e-47
 0.00000e+00
 0.00000e+00
 0.00000e+00
 0.00000e+00
 0.00000e+00
 0.00000e+00
 0.00000e+00
 0.00000e+00
 0.00000e+00
 0.00000e+00
 0.00000e+00
 0.00000e+00
 0.00000e+00
 0.00000e+00
 0.00000e+00
 0.00000e+00
 0.00000e+00
 0.00000e+00
 0.00000e+00
 0.00000e+00
 0.00000e+00
 0.00000e+00
 0.00000e+00
 0.00000e+00
 0.00000e+00
 0.00000e+00
 0.00000e+00
 0.00000e+00
 0.00000e+00
 0.00000e+00
 0.00000e+00
 0.00000e+00
 0.00000e+00
 0.00000e+00
 0.00000e+00
 0.00000e+00
 0.00000e+00
 0.00000e+00
 0.00000e+00
 0.00000e+00
 0.00000e+00
 0.00000e+00
 0.00000e+00
 0.00000e+00
 0.00000e+00
 0.00000e+00
 2.50090e-05
 1.72808e-04
 1.27312e-04
 6.98895e-05
 8.82711e-05
 1.54441e-04
 2.00322e-04
 1.62711e-04
 9.74382e-05
 7.27719e-05
 7.40947e-05
 6.87469e-05
 5.14737e-05
 3.16928e-05
 2.07935e-05
 1.72203e-05
 1.67127e-05
 1.62593e-05
 1.68355e-05
 1.93679e-05
 2.62993e-05
 4.74719e-05
 1.03691e-04
 2.40653e-04
 5.68670e-04
 1.34653e-03
 3.14329e-03
 7.08138e-03
 1.47878e-02
 2.68669e-02
 3.98877e-02
 4.40640e-02
 3.56292e-02
 2.11702e-02
 8.90127e-03
 2.78268e-03
 7.45930e-04
 1.89144e-04
 4.69337e-05
 1.14871e-05
 2.77417e-06
 6.60056e-07
 1.54421e-07
 3.54687e-08
 8.05304e-09
 2.13146e-09
 1.40256e-31
 9.64333e-16
 1.06365e-31
 2.89300e-15
 0.00000e+00
 1.92867e-15
 9.64333e-16
 0.00000e+00
 0.00000e+00
 0.00000e+00
 0.00000e+00
 0.00000e+00
 0.00000e+00
 0.00000e+00
 0.00000e+00
 0.00000e+00
 0.00000e+00
 0.00000e+00
 0.00000e+00
 0.00000e+00
 0.00000e+00
 0.00000e+00
 0.00000e+00
 0.00000e+00
 0.00000e+00
 0.00000e+00
 0.00000e+00
 0.00000e+00
 0.00000e+00
 0.00000e+00
 0.00000e+00
 0.00000e+00
 0.00000e+00
 0.00000e+00
 0.00000e+00
 0.00000e+00
 0.00000e+00
 0.00000e+00
 0.00000e+00
 0.00000e+00
 0.00000e+00
 0.00000e+00
 0.00000e+00
 0.00000e+00
 0.00000e+00
 0.00000e+00
 0.00000e+00
 0.00000e+00
 0.00000e+00
 0.00000e+00
 0.00000e+00
 0.00000e+00
 0.00000e+00
 0.00000e+00
 2.50090e-05
 1.72808e-04
 1.27312e-04
 6.98895e-05
 8.82711e-05
 1.54441e-04
 2.00322e-04
 1.62711e-04
 9.74382e-05
 7.27719e-05
 7.40947e-05
 6.87469e-05
 5.14737e-05
 3.16928e-05
 2.07935e-05
 1.72203e-05
 1.67127e-05
 1.62593e-05
 1.68355e-05
 1.93679e-05
 2.62993e-05
 4.74719e-05
 1.03691e-04
 2.40653e-04
 5.68670e-04
 1.34653e-03
 3.14329e-03
 7.08138e-03
 1.47878e-02
 2.68669e-02
 3.98877e-02
 4.40640e-02
 3.56292e-02
 2.11702e-02
 8.90127e-03
 2.78268e-03
 7.45930e-04
 1.89144e-04
 4.69337e-05
 1.14871e-05
 2.77417e-06
 6.60056e-07
 1.54421e-07
 3.54687e-08
 8.05304e-09
 2.13146e-09
