NodeMass
part
         1
coordinates
 5.00000e-07
 1.00000e-06
 1.00000e-06
 1.00000e-06
 1.00000e-06
 5.00000e-07
 1.00000e-06
 2.00000e-06
 2.00000e-06
 2.00000e-06
 2.00000e-06
 1.00000e-06
 1.00000e-06
 2.00000e-06
 2.00000e-06
 2.00000e-06
 2.00000e-06
 1.00000e-06
 1.00000e-06
 2.00000e-06
 2.00000e-06
 2.00000e-06
 2.00000e-06
 1.00000e-06
 1.00000e-06
 2.00000e-06
 2.00000e-06
 2.00000e-06
 2.00000e-06
 1.00000e-06
 5.00000e-07
 1.00000e-06
 1.00000e-06
 1.00000e-06
 1.00000e-06
 5.00000e-07
 1.00000e-06
 2.00000e-06
 2.00000e-06
 2.00000e-06
 2.00000e-06
 1.00000e-06
 2.00000e-06
 4.00000e-06
 4.00000e-06
 4.00000e-06
 4.00000e-06
 2.00000e-06
 2.00000e-06
 4.00000e-06
 4.00000e-06
 4.00000e-06
 4.00000e-06
 2.00000e-06
 2.00000e-06
 4.00000e-06
 4.00000e-06
 4.00000e-06
 4.00000e-06
 2.00000e-06
 2.00000e-06
 4.00000e-06
 4.00000e-06
 4.00000e-06
 4.00000e-06
 2.00000e-06
 1.00000e-06
 2.00000e-06
 2.00000e-06
 2.00000e-06
 2.00000e-06
 1.00000e-06
 1.00000e-06
 2.00000e-06
 2.00000e-06
 2.00000e-06
 2.00000e-06
 1.00000e-06
 2.00000e-06
 4.00000e-06
 4.00000e-06
 4.00000e-06
 4.00000e-06
 2.00000e-06
 2.00000e-06
 4.00000e-06
 4.00000e-06
 4.00000e-06
 4.00000e-06
 2.00000e-06
 2.00000e-06
 4.00000e-06
 4.00000e-06
 4.00000e-06
 4.00000e-06
 2.00000e-06
 2.00000e-06
 4.00000e-06
 4.00000e-06
 4.00000e-06
 4.00000e-06
 2.00000e-06
 1.00000e-06
 2.00000e-06
 2.00000e-06
 2.00000e-06
 2.00000e-06
 1.00000e-06
 1.00000e-06
 2.00000e-06
 2.00000e-06
 2.00000e-06
 2.00000e-06
 1.00000e-06
 2.00000e-06
 4.00000e-06
 4.00000e-06
 4.00000e-06
 4.00000e-06
 2.00000e-06
 2.00000e-06
 4.00000e-06
 4.00000e-06
 4.00000e-06
 4.00000e-06
 2.00000e-06
 2.00000e-06
 4.00000e-06
 4.00000e-06
 4.00000e-06
 4.00000e-06
 2.00000e-06
 2.00000e-06
 4.00000e-06
 4.00000e-06
 4.00000e-06
 4.00000e-06
 2.00000e-06
 1.00000e-06
 2.00000e-06
 2.00000e-06
 2.00000e-06
 2.00000e-06
 1.00000e-06
 1.00000e-06
 2.00000e-06
 2.00000e-06
 2.00000e-06
 2.00000e-06
 1.00000e-06
 2.00000e-06
 4.00000e-06
 4.00000e-06
 4.00000e-06
 4.00000e-06
 2.00000e-06
 2.00000e-06
 4.00000e-06
 4.00000e-06
 4.00000e-06
 4.00000e-06
 2.00000e-06
 2.00000e-06
 4.00000e-06
 4.00000e-06
 4.00000e-06
 4.00000e-06
 2.00000e-06
 2.00000e-06
 4.00000e-06
 4.00000e-06
 4.00000e-06
 4.00000e-06
 2.00000e-06
 1.00000e-06
 2.00000e-06
 2.00000e-06
 2.00000e-06
 2.00000e-06
 1.00000e-06
 1.00000e-06
 2.00000e-06
 2.00000e-06
 2.00000e-06
 2.00000e-06
 1.00000e-06
 2.00000e-06
 4.00000e-06
 4.00000e-06
 4.00000e-06
 4.00000e-06
 2.00000e-06
 2.00000e-06
 4.00000e-06
 4.00000e-06
 4.00000e-06
 4.00000e-06
 2.00000e-06
 2.00000e-06
 4.00000e-06
 4.00000e-06
 4.00000e-06
 4.00000e-06
 2.00000e-06
 2.00000e-06
 4.00000e-06
 4.00000e-06
 4.00000e-06
 4.00000e-06
 2.00000e-06
 1.00000e-06
 2.00000e-06
 2.00000e-06
 2.00000e-06
 2.00000e-06
 1.00000e-06
 1.00000e-06
 2.00000e-06
 2.00000e-06
 2.00000e-06
 2.00000e-06
 1.00000e-06
 2.00000e-06
 4.00000e-06
 4.00000e-06
 4.00000e-06
 4.00000e-06
 2.00000e-06
 2.00000e-06
 4.00000e-06
 4.00000e-06
 4.00000e-06
 4.00000e-06
 2.00000e-06
 2.00000e-06
 4.00000e-06
 4.00000e-06
 4.00000e-06
 4.00000e-06
 2.00000e-06
 2.00000e-06
 4.00000e-06
 4.00000e-06
 4.00000e-06
 4.00000e-06
 2.00000e-06
 1.00000e-06
 2.00000e-06
 2.00000e-06
 2.00000e-06
 2.00000e-06
 1.00000e-06
 1.00000e-06
 2.00000e-06
 2.00000e-06
 2.00000e-06
 2.00000e-06
 1.00000e-06
 2.00000e-06
 4.00000e-06
 4.00000e-06
 4.00000e-06
 4.00000e-06
 2.00000e-06
 2.00000e-06
 4.00000e-06
 4.00000e-06
 4.00000e-06
 4.00000e-06
 2.00000e-06
 2.00000e-06
 4.00000e-06
 4.00000e-06
 4.00000e-06
 4.00000e-06
 2.00000e-06
 2.00000e-06
 4.00000e-06
 4.00000e-06
 4.00000e-06
 4.00000e-06
 2.00000e-06
 1.00000e-06
 2.00000e-06
 2.00000e-06
 2.00000e-06
 2.00000e-06
 1.00000e-06
 1.00000e-06
 2.00000e-06
 2.00000e-06
 2.00000e-06
 2.00000e-06
 1.00000e-06
 2.00000e-06
 4.00000e-06
 4.00000e-06
 4.00000e-06
 4.00000e-06
 2.00000e-06
 2.00000e-06
 4.00000e-06
 4.00000e-06
 4.00000e-06
 4.00000e-06
 2.00000e-06
 2.00000e-06
 4.00000e-06
 4.00000e-06
 4.00000e-06
 4.00000e-06
 2.00000e-06
 2.00000e-06
 4.00000e-06
 4.00000e-06
 4.00000e-06
 4.00000e-06
 2.00000e-06
 1.00000e-06
 2.00000e-06
 2.00000e-06
 2.00000e-06
 2.00000e-06
 1.00000e-06
 1.00000e-06
 2.00000e-06
 2.00000e-06
 2.00000e-06
 2.00000e-06
 1.00000e-06
 2.00000e-06
 4.00000e-06
 4.00000e-06
 4.00000e-06
 4.00000e-06
 2.00000e-06
 2.00000e-06
 4.00000e-06
 4.00000e-06
 4.00000e-06
 4.00000e-06
 2.00000e-06
 2.00000e-06
 4.00000e-06
 4.00000e-06
 4.00000e-06
 4.00000e-06
 2.00000e-06
 2.00000e-06
 4.00000e-06
 4.00000e-06
 4.00000e-06
 4.00000e-06
 2.00000e-06
 1.00000e-06
 2.00000e-06
 2.00000e-06
 2.00000e-06
 2.00000e-06
 1.00000e-06
 1.00000e-06
 2.00000e-06
 2.00000e-06
 2.00000e-06
 2.00000e-06
 1.00000e-06
 2.00000e-06
 4.00000e-06
 4.00000e-06
 4.00000e-06
 4.00000e-06
 2.00000e-06
 2.00000e-06
 4.00000e-06
 4.00000e-06
 4.00000e-06
 4.00000e-06
 2.00000e-06
 2.00000e-06
 4.00000e-06
 4.00000e-06
 4.00000e-06
 4.00000e-06
 2.00000e-06
 2.00000e-06
 4.00000e-06
 4.00000e-06
 4.00000e-06
 4.00000e-06
 2.00000e-06
 1.00000e-06
 2.00000e-06
 2.00000e-06
 2.00000e-06
 2.00000e-06
 1.00000e-06
 1.00000e-06
 2.00000e-06
 2.00000e-06
 2.00000e-06
 2.00000e-06
 1.00000e-06
 2.00000e-06
 4.00000e-06
 4.00000e-06
 4.00000e-06
 4.00000e-06
 2.00000e-06
 2.00000e-06
 4.00000e-06
 4.00000e-06
 4.00000e-06
 4.00000e-06
 2.00000e-06
 2.00000e-06
 4.00000e-06
 4.00000e-06
 4.00000e-06
 4.00000e-06
 2.00000e-06
 2.00000e-06
 4.00000e-06
 4.00000e-06
 4.00000e-06
 4.00000e-06
 2.00000e-06
 1.00000e-06
 2.00000e-06
 2.00000e-06
 2.00000e-06
 2.00000e-06
 1.00000e-06
 1.00000e-06
 2.00000e-06
 2.00000e-06
 2.00000e-06
 2.00000e-06
 1.00000e-06
 2.00000e-06
 4.00000e-06
 4.00000e-06
 4.00000e-06
 4.00000e-06
 2.00000e-06
 2.00000e-06
 4.00000e-06
 4.00000e-06
 4.00000e-06
 4.00000e-06
 2.00000e-06
 2.00000e-06
 4.00000e-06
 4.00000e-06
 4.00000e-06
 4.00000e-06
 2.00000e-06
 2.00000e-06
 4.00000e-06
 4.00000e-06
 4.00000e-06
 4.00000e-06
 2.00000e-06
 1.00000e-06
 2.00000e-06
 2.00000e-06
 2.00000e-06
 2.00000e-06
 1.00000e-06
 1.00000e-06
 2.00000e-06
 2.00000e-06
 2.00000e-06
 2.00000e-06
 1.00000e-06
 2.00000e-06
 4.00000e-06
 4.00000e-06
 4.00000e-06
 4.00000e-06
 2.00000e-06
 2.00000e-06
 4.00000e-06
 4.00000e-06
 4.00000e-06
 4.00000e-06
 2.00000e-06
 2.00000e-06
 4.00000e-06
 4.00000e-06
 4.00000e-06
 4.00000e-06
 2.00000e-06
 2.00000e-06
 4.00000e-06
 4.00000e-06
 4.00000e-06
 4.00000e-06
 2.00000e-06
 1.00000e-06
 2.00000e-06
 2.00000e-06
 2.00000e-06
 2.00000e-06
 1.00000e-06
 1.00000e-06
 2.00000e-06
 2.00000e-06
 2.00000e-06
 2.00000e-06
 1.00000e-06
 2.00000e-06
 4.00000e-06
 4.00000e-06
 4.00000e-06
 4.00000e-06
 2.00000e-06
 2.00000e-06
 4.00000e-06
 4.00000e-06
 4.00000e-06
 4.00000e-06
 2.00000e-06
 2.00000e-06
 4.00000e-06
 4.00000e-06
 4.00000e-06
 4.00000e-06
 2.00000e-06
 2.00000e-06
 4.00000e-06
 4.00000e-06
 4.00000e-06
 4.00000e-06
 2.00000e-06
 1.00000e-06
 2.00000e-06
 2.00000e-06
 2.00000e-06
 2.00000e-06
 1.00000e-06
 1.00000e-06
 2.00000e-06
 2.00000e-06
 2.00000e-06
 2.00000e-06
 1.00000e-06
 2.00000e-06
 4.00000e-06
 4.00000e-06
 4.00000e-06
 4.00000e-06
 2.00000e-06
 2.00000e-06
 4.00000e-06
 4.00000e-06
 4.00000e-06
 4.00000e-06
 2.00000e-06
 2.00000e-06
 4.00000e-06
 4.00000e-06
 4.00000e-06
 4.00000e-06
 2.00000e-06
 2.00000e-06
 4.00000e-06
 4.00000e-06
 4.00000e-06
 4.00000e-06
 2.00000e-06
 1.00000e-06
 2.00000e-06
 2.00000e-06
 2.00000e-06
 2.00000e-06
 1.00000e-06
 1.00000e-06
 2.00000e-06
 2.00000e-06
 2.00000e-06
 2.00000e-06
 1.00000e-06
 2.00000e-06
 4.00000e-06
 4.00000e-06
 4.00000e-06
 4.00000e-06
 2.00000e-06
 2.00000e-06
 4.00000e-06
 4.00000e-06
 4.00000e-06
 4.00000e-06
 2.00000e-06
 2.00000e-06
 4.00000e-06
 4.00000e-06
 4.00000e-06
 4.00000e-06
 2.00000e-06
 2.00000e-06
 4.00000e-06
 4.00000e-06
 4.00000e-06
 4.00000e-06
 2.00000e-06
 1.00000e-06
 2.00000e-06
 2.00000e-06
 2.00000e-06
 2.00000e-06
 1.00000e-06
 1.00000e-06
 2.00000e-06
 2.00000e-06
 2.00000e-06
 2.00000e-06
 1.00000e-06
 2.00000e-06
 4.00000e-06
 4.00000e-06
 4.00000e-06
 4.00000e-06
 2.00000e-06
 2.00000e-06
 4.00000e-06
 4.00000e-06
 4.00000e-06
 4.00000e-06
 2.00000e-06
 2.00000e-06
 4.00000e-06
 4.00000e-06
 4.00000e-06
 4.00000e-06
 2.00000e-06
 2.00000e-06
 4.00000e-06
 4.00000e-06
 4.00000e-06
 4.00000e-06
 2.00000e-06
 1.00000e-06
 2.00000e-06
 2.00000e-06
 2.00000e-06
 2.00000e-06
 1.00000e-06
 9.99999e-07
 2.00000e-06
 2.00000e-06
 2.00000e-06
 2.00000e-06
 9.99999e-07
 2.00000e-06
 4.00000e-06
 4.00000e-06
 4.00000e-06
 4.00000e-06
 2.00000e-06
 2.00000e-06
 4.00000e-06
 4.00000e-06
 4.00000e-06
 4.00000e-06
 2.00000e-06
 2.00000e-06
 4.00000e-06
 4.00000e-06
 4.00000e-06
 4.00000e-06
 2.00000e-06
 2.00000e-06
 4.00000e-06
 4.00000e-06
 4.00000e-06
 4.00000e-06
 2.00000e-06
 9.99999e-07
 2.00000e-06
 2.00000e-06
 2.00000e-06
 2.00000e-06
 9.99999e-07
 9.99994e-07
 1.99999e-06
 1.99999e-06
 1.99999e-06
 1.99999e-06
 9.99994e-07
 1.99999e-06
 3.99998e-06
 3.99998e-06
 3.99998e-06
 3.99998e-06
 1.99999e-06
 1.99999e-06
 3.99998e-06
 3.99998e-06
 3.99998e-06
 3.99998e-06
 1.99999e-06
 1.99999e-06
 3.99998e-06
 3.99998e-06
 3.99998e-06
 3.99998e-06
 1.99999e-06
 1.99999e-06
 3.99998e-06
 3.99998e-06
 3.99998e-06
 3.99998e-06
 1.99999e-06
 9.99994e-07
 1.99999e-06
 1.99999e-06
 1.99999e-06
 1.99999e-06
 9.99994e-07
 9.99972e-07
 1.99994e-06
 1.99994e-06
 1.99994e-06
 1.99994e-06
 9.99972e-07
 1.99994e-06
 3.99989e-06
 3.99989e-06
 3.99989e-06
 3.99989e-06
 1.99994e-06
 1.99994e-06
 3.99989e-06
 3.99989e-06
 3.99989e-06
 3.99989e-06
 1.99994e-06
 1.99994e-06
 3.99989e-06
 3.99989e-06
 3.99989e-06
 3.99989e-06
 1.99994e-06
 1.99994e-06
 3.99989e-06
 3.99989e-06
 3.99989e-06
 3.99989e-06
 1.99994e-06
 9.99972e-07
 1.99994e-06
 1.99994e-06
 1.99994e-06
 1.99994e-06
 9.99972e-07
 9.99878e-07
 1.99976e-06
 1.99976e-06
 1.99976e-06
 1.99976e-06
 9.99878e-07
 1.99976e-06
 3.99951e-06
 3.99951e-06
 3.99951e-06
 3.99951e-06
 1.99976e-06
 1.99976e-06
 3.99951e-06
 3.99951e-06
 3.99951e-06
 3.99951e-06
 1.99976e-06
 1.99976e-06
 3.99951e-06
 3.99951e-06
 3.99951e-06
 3.99951e-06
 1.99976e-06
 1.99976e-06
 3.99951e-06
 3.99951e-06
 3.99951e-06
 3.99951e-06
 1.99976e-06
 9.99878e-07
 1.99976e-06
 1.99976e-06
 1.99976e-06
 1.99976e-06
 9.99878e-07
 9.99533e-07
 1.99907e-06
 1.99907e-06
 1.99907e-06
 1.99907e-06
 9.99533e-07
 1.99907e-06
 3.99813e-06
 3.99813e-06
 3.99813e-06
 3.99813e-06
 1.99907e-06
 1.99907e-06
 3.99813e-06
 3.99813e-06
 3.99813e-06
 3.99813e-06
 1.99907e-06
 1.99907e-06
 3.99813e-06
 3.99813e-06
 3.99813e-06
 3.99813e-06
 1.99907e-06
 1.99907e-06
 3.99813e-06
 3.99813e-06
 3.99813e-06
 3.99813e-06
 1.99907e-06
 9.99533e-07
 1.99907e-06
 1.99907e-06
 1.99907e-06
 1.99907e-06
 9.99533e-07
 9.98443e-07
 1.99689e-06
 1.99689e-06
 1.99689e-06
 1.99689e-06
 9.98443e-07
 1.99689e-06
 3.99377e-06
 3.99377e-06
 3.99377e-06
 3.99377e-06
 1.99689e-06
 1.99689e-06
 3.99377e-06
 3.99377e-06
 3.99377e-06
 3.99377e-06
 1.99689e-06
 1.99689e-06
 3.99377e-06
 3.99377e-06
 3.99377e-06
 3.99377e-06
 1.99689e-06
 1.99689e-06
 3.99377e-06
 3.99377e-06
 3.99377e-06
 3.99377e-06
 1.99689e-06
 9.98443e-07
 1.99689e-06
 1.99689e-06
 1.99689e-06
 1.99689e-06
 9.98443e-07
 9.95531e-07
 1.99106e-06
 1.99106e-06
 1.99106e-06
 1.99106e-06
 9.95531e-07
 1.99106e-06
 3.98212e-06
 3.98212e-06
 3.98212e-06
 3.98212e-06
 1.99106e-06
 1.99106e-06
 3.98212e-06
 3.98212e-06
 3.98212e-06
 3.98212e-06
 1.99106e-06
 1.99106e-06
 3.98212e-06
 3.98212e-06
 3.98212e-06
 3.98212e-06
 1.99106e-06
 1.99106e-06
 3.98212e-06
 3.98212e-06
 3.98212e-06
 3.98212e-06
 1.99106e-06
 9.95531e-07
 1.99106e-06
 1.99106e-06
 1.99106e-06
 1.99106e-06
 9.95531e-07
 9.89072e-07
 1.97814e-06
 1.97814e-06
 1.97814e-06
 1.97814e-06
 9.89072e-07
 1.97814e-06
 3.95629e-06
 3.95629e-06
 3.95629e-06
 3.95629e-06
 1.97814e-06
 1.97814e-06
 3.95629e-06
 3.95629e-06
 3.95629e-06
 3.95629e-06
 1.97814e-06
 1.97814e-06
 3.95629e-06
 3.95629e-06
 3.95629e-06
 3.95629e-06
 1.97814e-06
 1.97814e-06
 3.95629e-06
 3.95629e-06
 3.95629e-06
 3.95629e-06
 1.97814e-06
 9.89072e-07
 1.97814e-06
 1.97814e-06
 1.97814e-06
 1.97814e-06
 9.89072e-07
 9.77288e-07
 1.95458e-06
 1.95458e-06
 1.95458e-06
 1.95458e-06
 9.77288e-07
 1.95458e-06
 3.90915e-06
 3.90915e-06
 3.90915e-06
 3.90915e-06
 1.95458e-06
 1.95458e-06
 3.90915e-06
 3.90915e-06
 3.90915e-06
 3.90915e-06
 1.95458e-06
 1.95458e-06
 3.90915e-06
 3.90915e-06
 3.90915e-06
 3.90915e-06
 1.95458e-06
 1.95458e-06
 3.90915e-06
 3.90915e-06
 3.90915e-06
 3.90915e-06
 1.95458e-06
 9.77288e-07
 1.95458e-06
 1.95458e-06
 1.95458e-06
 1.95458e-06
 9.77288e-07
 9.59489e-07
 1.91898e-06
 1.91898e-06
 1.91898e-06
 1.91898e-06
 9.59489e-07
 1.91898e-06
 3.83795e-06
 3.83795e-06
 3.83795e-06
 3.83795e-06
 1.91898e-06
 1.91898e-06
 3.83795e-06
 3.83795e-06
 3.83795e-06
 3.83795e-06
 1.91898e-06
 1.91898e-06
 3.83795e-06
 3.83795e-06
 3.83795e-06
 3.83795e-06
 1.91898e-06
 1.91898e-06
 3.83795e-06
 3.83795e-06
 3.83795e-06
 3.83795e-06
 1.91898e-06
 9.59489e-07
 1.91898e-06
 1.91898e-06
 1.91898e-06
 1.91898e-06
 9.59489e-07
part
         2
coordinates
 9.98443e-07
 1.99689e-06
 1.99689e-06
 1.99689e-06
 1.99689e-06
 9.98443e-07
 1.99689e-06
 3.99377e-06
 3.99377e-06
 3.99377e-06
 3.99377e-06
 1.99689e-06
 1.99689e-06
 3.99377e-06
 3.99377e-06
 3.99377e-06
 3.99377e-06
 1.99689e-06
 1.99689e-06
 3.99377e-06
 3.99377e-06
 3.99377e-06
 3.99377e-06
 1.99689e-06
 1.99689e-06
 3.99377e-06
 3.99377e-06
 3.99377e-06
 3.99377e-06
 1.99689e-06
 9.98443e-07
 1.99689e-06
 1.99689e-06
 1.99689e-06
 1.99689e-06
 9.98443e-07
 9.95531e-07
 1.99106e-06
 1.99106e-06
 1.99106e-06
 1.99106e-06
 9.95531e-07
 1.99106e-06
 3.98212e-06
 3.98212e-06
 3.98212e-06
 3.98212e-06
 1.99106e-06
 1.99106e-06
 3.98212e-06
 3.98212e-06
 3.98212e-06
 3.98212e-06
 1.99106e-06
 1.99106e-06
 3.98212e-06
 3.98212e-06
 3.98212e-06
 3.98212e-06
 1.99106e-06
 1.99106e-06
 3.98212e-06
 3.98212e-06
 3.98212e-06
 3.98212e-06
 1.99106e-06
 9.95531e-07
 1.99106e-06
 1.99106e-06
 1.99106e-06
 1.99106e-06
 9.95531e-07
 9.89072e-07
 1.97814e-06
 1.97814e-06
 1.97814e-06
 1.97814e-06
 9.89072e-07
 1.97814e-06
 3.95629e-06
 3.95629e-06
 3.95629e-06
 3.95629e-06
 1.97814e-06
 1.97814e-06
 3.95629e-06
 3.95629e-06
 3.95629e-06
 3.95629e-06
 1.97814e-06
 1.97814e-06
 3.95629e-06
 3.95629e-06
 3.95629e-06
 3.95629e-06
 1.97814e-06
 1.97814e-06
 3.95629e-06
 3.95629e-06
 3.95629e-06
 3.95629e-06
 1.97814e-06
 9.89072e-07
 1.97814e-06
 1.97814e-06
 1.97814e-06
 1.97814e-06
 9.89072e-07
 9.77288e-07
 1.95458e-06
 1.95458e-06
 1.95458e-06
 1.95458e-06
 9.77288e-07
 1.95458e-06
 3.90915e-06
 3.90915e-06
 3.90915e-06
 3.90915e-06
 1.95458e-06
 1.95458e-06
 3.90915e-06
 3.90915e-06
 3.90915e-06
 3.90915e-06
 1.95458e-06
 1.95458e-06
 3.90915e-06
 3.90915e-06
 3.90915e-06
 3.90915e-06
 1.95458e-06
 1.95458e-06
 3.90915e-06
 3.90915e-06
 3.90915e-06
 3.90915e-06
 1.95458e-06
 9.77288e-07
 1.95458e-06
 1.95458e-06
 1.95458e-06
 1.95458e-06
 9.77288e-07
 9.59489e-07
 1.91898e-06
 1.91898e-06
 1.91898e-06
 1.91898e-06
 9.59489e-07
 1.91898e-06
 3.83795e-06
 3.83795e-06
 3.83795e-06
 3.83795e-06
 1.91898e-06
 1.91898e-06
 3.83795e-06
 3.83795e-06
 3.83795e-06
 3.83795e-06
 1.91898e-06
 1.91898e-06
 3.83795e-06
 3.83795e-06
 3.83795e-06
 3.83795e-06
 1.91898e-06
 1.91898e-06
 3.83795e-06
 3.83795e-06
 3.83795e-06
 3.83795e-06
 1.91898e-06
 9.59489e-07
 1.91898e-06
 1.91898e-06
 1.91898e-06
 1.91898e-06
 9.59489e-07
 9.36585e-07
 1.87317e-06
 1.87317e-06
 1.87317e-06
 1.87317e-06
 9.36585e-07
 1.87317e-06
 3.74634e-06
 3.74634e-06
 3.74634e-06
 3.74634e-06
 1.87317e-06
 1.87317e-06
 3.74634e-06
 3.74634e-06
 3.74634e-06
 3.74634e-06
 1.87317e-06
 1.87317e-06
 3.74634e-06
 3.74634e-06
 3.74634e-06
 3.74634e-06
 1.87317e-06
 1.87317e-06
 3.74634e-06
 3.74634e-06
 3.74634e-06
 3.74634e-06
 1.87317e-06
 9.36585e-07
 1.87317e-06
 1.87317e-06
 1.87317e-06
 1.87317e-06
 9.36585e-07
 9.10337e-07
 1.82067e-06
 1.82067e-06
 1.82067e-06
 1.82067e-06
 9.10337e-07
 1.82067e-06
 3.64135e-06
 3.64135e-06
 3.64135e-06
 3.64135e-06
 1.82067e-06
 1.82067e-06
 3.64135e-06
 3.64135e-06
 3.64135e-06
 3.64135e-06
 1.82067e-06
 1.82067e-06
 3.64135e-06
 3.64135e-06
 3.64135e-06
 3.64135e-06
 1.82067e-06
 1.82067e-06
 3.64135e-06
 3.64135e-06
 3.64135e-06
 3.64135e-06
 1.82067e-06
 9.10337e-07
 1.82067e-06
 1.82067e-06
 1.82067e-06
 1.82067e-06
 9.10337e-07
 8.82314e-07
 1.76463e-06
 1.76463e-06
 1.76463e-06
 1.76463e-06
 8.82314e-07
 1.76463e-06
 3.52926e-06
 3.52926e-06
 3.52926e-06
 3.52926e-06
 1.76463e-06
 1.76463e-06
 3.52926e-06
 3.52926e-06
 3.52926e-06
 3.52926e-06
 1.76463e-06
 1.76463e-06
 3.52926e-06
 3.52926e-06
 3.52926e-06
 3.52926e-06
 1.76463e-06
 1.76463e-06
 3.52926e-06
 3.52926e-06
 3.52926e-06
 3.52926e-06
 1.76463e-06
 8.82314e-07
 1.76463e-06
 1.76463e-06
 1.76463e-06
 1.76463e-06
 8.82314e-07
 8.53527e-07
 1.70705e-06
 1.70705e-06
 1.70705e-06
 1.70705e-06
 8.53527e-07
 1.70705e-06
 3.41411e-06
 3.41411e-06
 3.41411e-06
 3.41411e-06
 1.70705e-06
 1.70705e-06
 3.41411e-06
 3.41411e-06
 3.41411e-06
 3.41411e-06
 1.70705e-06
 1.70705e-06
 3.41411e-06
 3.41411e-06
 3.41411e-06
 3.41411e-06
 1.70705e-06
 1.70705e-06
 3.41411e-06
 3.41411e-06
 3.41411e-06
 3.41411e-06
 1.70705e-06
 8.53527e-07
 1.70705e-06
 1.70705e-06
 1.70705e-06
 1.70705e-06
 8.53527e-07
 8.24566e-07
 1.64913e-06
 1.64913e-06
 1.64913e-06
 1.64913e-06
 8.24566e-07
 1.64913e-06
 3.29827e-06
 3.29827e-06
 3.29827e-06
 3.29827e-06
 1.64913e-06
 1.64913e-06
 3.29827e-06
 3.29827e-06
 3.29827e-06
 3.29827e-06
 1.64913e-06
 1.64913e-06
 3.29827e-06
 3.29827e-06
 3.29827e-06
 3.29827e-06
 1.64913e-06
 1.64913e-06
 3.29827e-06
 3.29827e-06
 3.29827e-06
 3.29827e-06
 1.64913e-06
 8.24566e-07
 1.64913e-06
 1.64913e-06
 1.64913e-06
 1.64913e-06
 8.24566e-07
 7.95794e-07
 1.59159e-06
 1.59159e-06
 1.59159e-06
 1.59159e-06
 7.95794e-07
 1.59159e-06
 3.18318e-06
 3.18318e-06
 3.18318e-06
 3.18318e-06
 1.59159e-06
 1.59159e-06
 3.18318e-06
 3.18318e-06
 3.18318e-06
 3.18318e-06
 1.59159e-06
 1.59159e-06
 3.18318e-06
 3.18318e-06
 3.18318e-06
 3.18318e-06
 1.59159e-06
 1.59159e-06
 3.18318e-06
 3.18318e-06
 3.18318e-06
 3.18318e-06
 1.59159e-06
 7.95794e-07
 1.59159e-06
 1.59159e-06
 1.59159e-06
 1.59159e-06
 7.95794e-07
 7.67402e-07
 1.53480e-06
 1.53480e-06
 1.53480e-06
 1.53480e-06
 7.67402e-07
 1.53480e-06
 3.06961e-06
 3.06961e-06
 3.06961e-06
 3.06961e-06
 1.53480e-06
 1.53480e-06
 3.06961e-06
 3.06961e-06
 3.06961e-06
 3.06961e-06
 1.53480e-06
 1.53480e-06
 3.06961e-06
 3.06961e-06
 3.06961e-06
 3.06961e-06
 1.53480e-06
 1.53480e-06
 3.06961e-06
 3.06961e-06
 3.06961e-06
 3.06961e-06
 1.53480e-06
 7.67402e-07
 1.53480e-06
 1.53480e-06
 1.53480e-06
 1.53480e-06
 7.67402e-07
 7.39459e-07
 1.47892e-06
 1.47892e-06
 1.47892e-06
 1.47892e-06
 7.39459e-07
 1.47892e-06
 2.95784e-06
 2.95784e-06
 2.95784e-06
 2.95784e-06
 1.47892e-06
 1.47892e-06
 2.95784e-06
 2.95784e-06
 2.95784e-06
 2.95784e-06
 1.47892e-06
 1.47892e-06
 2.95784e-06
 2.95784e-06
 2.95784e-06
 2.95784e-06
 1.47892e-06
 1.47892e-06
 2.95784e-06
 2.95784e-06
 2.95784e-06
 2.95784e-06
 1.47892e-06
 7.39459e-07
 1.47892e-06
 1.47892e-06
 1.47892e-06
 1.47892e-06
 7.39459e-07
 7.11977e-07
 1.42395e-06
 1.42395e-06
 1.42395e-06
 1.42395e-06
 7.11977e-07
 1.42395e-06
 2.84791e-06
 2.84791e-06
 2.84791e-06
 2.84791e-06
 1.42395e-06
 1.42395e-06
 2.84791e-06
 2.84791e-06
 2.84791e-06
 2.84791e-06
 1.42395e-06
 1.42395e-06
 2.84791e-06
 2.84791e-06
 2.84791e-06
 2.84791e-06
 1.42395e-06
 1.42395e-06
 2.84791e-06
 2.84791e-06
 2.84791e-06
 2.84791e-06
 1.42395e-06
 7.11977e-07
 1.42395e-06
 1.42395e-06
 1.42395e-06
 1.42395e-06
 7.11977e-07
 6.85025e-07
 1.37005e-06
 1.37005e-06
 1.37005e-06
 1.37005e-06
 6.85025e-07
 1.37005e-06
 2.74010e-06
 2.74010e-06
 2.74010e-06
 2.74010e-06
 1.37005e-06
 1.37005e-06
 2.74010e-06
 2.74010e-06
 2.74010e-06
 2.74010e-06
 1.37005e-06
 1.37005e-06
 2.74010e-06
 2.74010e-06
 2.74010e-06
 2.74010e-06
 1.37005e-06
 1.37005e-06
 2.74010e-06
 2.74010e-06
 2.74010e-06
 2.74010e-06
 1.37005e-06
 6.85025e-07
 1.37005e-06
 1.37005e-06
 1.37005e-06
 1.37005e-06
 6.85025e-07
 6.59108e-07
 1.31822e-06
 1.31822e-06
 1.31822e-06
 1.31822e-06
 6.59108e-07
 1.31822e-06
 2.63643e-06
 2.63643e-06
 2.63643e-06
 2.63643e-06
 1.31822e-06
 1.31822e-06
 2.63643e-06
 2.63643e-06
 2.63643e-06
 2.63643e-06
 1.31822e-06
 1.31822e-06
 2.63643e-06
 2.63643e-06
 2.63643e-06
 2.63643e-06
 1.31822e-06
 1.31822e-06
 2.63643e-06
 2.63643e-06
 2.63643e-06
 2.63643e-06
 1.31822e-06
 6.59108e-07
 1.31822e-06
 1.31822e-06
 1.31822e-06
 1.31822e-06
 6.59108e-07
 6.34548e-07
 1.26910e-06
 1.26910e-06
 1.26910e-06
 1.26910e-06
 6.34548e-07
 1.26910e-06
 2.53819e-06
 2.53819e-06
 2.53819e-06
 2.53819e-06
 1.26910e-06
 1.26910e-06
 2.53819e-06
 2.53819e-06
 2.53819e-06
 2.53819e-06
 1.26910e-06
 1.26910e-06
 2.53819e-06
 2.53819e-06
 2.53819e-06
 2.53819e-06
 1.26910e-06
 1.26910e-06
 2.53819e-06
 2.53819e-06
 2.53819e-06
 2.53819e-06
 1.26910e-06
 6.34548e-07
 1.26910e-06
 1.26910e-06
 1.26910e-06
 1.26910e-06
 6.34548e-07
 6.10919e-07
 1.22184e-06
 1.22184e-06
 1.22184e-06
 1.22184e-06
 6.10919e-07
 1.22184e-06
 2.44368e-06
 2.44368e-06
 2.44368e-06
 2.44368e-06
 1.22184e-06
 1.22184e-06
 2.44368e-06
 2.44368e-06
 2.44368e-06
 2.44368e-06
 1.22184e-06
 1.22184e-06
 2.44368e-06
 2.44368e-06
 2.44368e-06
 2.44368e-06
 1.22184e-06
 1.22184e-06
 2.44368e-06
 2.44368e-06
 2.44368e-06
 2.44368e-06
 1.22184e-06
 6.10919e-07
 1.22184e-06
 1.22184e-06
 1.22184e-06
 1.22184e-06
 6.10919e-07
 5.88329e-07
 1.17666e-06
 1.17666e-06
 1.17666e-06
 1.17666e-06
 5.88329e-07
 1.17666e-06
 2.35332e-06
 2.35332e-06
 2.35332e-06
 2.35332e-06
 1.17666e-06
 1.17666e-06
 2.35332e-06
 2.35332e-06
 2.35332e-06
 2.35332e-06
 1.17666e-06
 1.17666e-06
 2.35332e-06
 2.35332e-06
 2.35332e-06
 2.35332e-06
 1.17666e-06
 1.17666e-06
 2.35332e-06
 2.35332e-06
 2.35332e-06
 2.35332e-06
 1.17666e-06
 5.88329e-07
 1.17666e-06
 1.17666e-06
 1.17666e-06
 1.17666e-06
 5.88329e-07
 5.66838e-07
 1.13368e-06
 1.13368e-06
 1.13368e-06
 1.13368e-06
 5.66838e-07
 1.13368e-06
 2.26735e-06
 2.26735e-06
 2.26735e-06
 2.26735e-06
 1.13368e-06
 1.13368e-06
 2.26735e-06
 2.26735e-06
 2.26735e-06
 2.26735e-06
 1.13368e-06
 1.13368e-06
 2.26735e-06
 2.26735e-06
 2.26735e-06
 2.26735e-06
 1.13368e-06
 1.13368e-06
 2.26735e-06
 2.26735e-06
 2.26735e-06
 2.26735e-06
 1.13368e-06
 5.66838e-07
 1.13368e-06
 1.13368e-06
 1.13368e-06
 1.13368e-06
 5.66838e-07
 5.45957e-07
 1.09191e-06
 1.09191e-06
 1.09191e-06
 1.09191e-06
 5.45957e-07
 1.09191e-06
 2.18383e-06
 2.18383e-06
 2.18383e-06
 2.18383e-06
 1.09191e-06
 1.09191e-06
 2.18383e-06
 2.18383e-06
 2.18383e-06
 2.18383e-06
 1.09191e-06
 1.09191e-06
 2.18383e-06
 2.18383e-06
 2.18383e-06
 2.18383e-06
 1.09191e-06
 1.09191e-06
 2.18383e-06
 2.18383e-06
 2.18383e-06
 2.18383e-06
 1.09191e-06
 5.45957e-07
 1.09191e-06
 1.09191e-06
 1.09191e-06
 1.09191e-06
 5.45957e-07
 5.25813e-07
 1.05163e-06
 1.05163e-06
 1.05163e-06
 1.05163e-06
 5.25813e-07
 1.05163e-06
 2.10325e-06
 2.10325e-06
 2.10325e-06
 2.10325e-06
 1.05163e-06
 1.05163e-06
 2.10325e-06
 2.10325e-06
 2.10325e-06
 2.10325e-06
 1.05163e-06
 1.05163e-06
 2.10325e-06
 2.10325e-06
 2.10325e-06
 2.10325e-06
 1.05163e-06
 1.05163e-06
 2.10325e-06
 2.10325e-06
 2.10325e-06
 2.10325e-06
 1.05163e-06
 5.25813e-07
 1.05163e-06
 1.05163e-06
 1.05163e-06
 1.05163e-06
 5.25813e-07
 5.06981e-07
 1.01396e-06
 1.01396e-06
 1.01396e-06
 1.01396e-06
 5.06981e-07
 1.01396e-06
 2.02793e-06
 2.02793e-06
 2.02793e-06
 2.02793e-06
 1.01396e-06
 1.01396e-06
 2.02793e-06
 2.02793e-06
 2.02793e-06
 2.02793e-06
 1.01396e-06
 1.01396e-06
 2.02793e-06
 2.02793e-06
 2.02793e-06
 2.02793e-06
 1.01396e-06
 1.01396e-06
 2.02793e-06
 2.02793e-06
 2.02793e-06
 2.02793e-06
 1.01396e-06
 5.06981e-07
 1.01396e-06
 1.01396e-06
 1.01396e-06
 1.01396e-06
 5.06981e-07
 4.89286e-07
 9.78573e-07
 9.78573e-07
 9.78573e-07
 9.78573e-07
 4.89286e-07
 9.78573e-07
 1.95715e-06
 1.95715e-06
 1.95715e-06
 1.95715e-06
 9.78573e-07
 9.78573e-07
 1.95715e-06
 1.95715e-06
 1.95715e-06
 1.95715e-06
 9.78573e-07
 9.78573e-07
 1.95715e-06
 1.95715e-06
 1.95715e-06
 1.95715e-06
 9.78573e-07
 9.78573e-07
 1.95715e-06
 1.95715e-06
 1.95715e-06
 1.95715e-06
 9.78573e-07
 4.89286e-07
 9.78573e-07
 9.78573e-07
 9.78573e-07
 9.78573e-07
 4.89286e-07
 4.72866e-07
 9.45733e-07
 9.45733e-07
 9.45733e-07
 9.45733e-07
 4.72866e-07
 9.45733e-07
 1.89147e-06
 1.89147e-06
 1.89147e-06
 1.89147e-06
 9.45733e-07
 9.45733e-07
 1.89147e-06
 1.89147e-06
 1.89147e-06
 1.89147e-06
 9.45733e-07
 9.45733e-07
 1.89147e-06
 1.89147e-06
 1.89147e-06
 1.89147e-06
 9.45733e-07
 9.45733e-07
 1.89147e-06
 1.89147e-06
 1.89147e-06
 1.89147e-06
 9.45733e-07
 4.72866e-07
 9.45733e-07
 9.45733e-07
 9.45733e-07
 9.45733e-07
 4.72866e-07
 4.57492e-07
 9.14984e-07
 9.14984e-07
 9.14984e-07
 9.14984e-07
 4.57492e-07
 9.14984e-07
 1.82997e-06
 1.82997e-06
 1.82997e-06
 1.82997e-06
 9.14984e-07
 9.14984e-07
 1.82997e-06
 1.82997e-06
 1.82997e-06
 1.82997e-06
 9.14984e-07
 9.14984e-07
 1.82997e-06
 1.82997e-06
 1.82997e-06
 1.82997e-06
 9.14984e-07
 9.14984e-07
 1.82997e-06
 1.82997e-06
 1.82997e-06
 1.82997e-06
 9.14984e-07
 4.57492e-07
 9.14984e-07
 9.14984e-07
 9.14984e-07
 9.14984e-07
 4.57492e-07
 4.44030e-07
 8.88060e-07
 8.88060e-07
 8.88060e-07
 8.88060e-07
 4.44030e-07
 8.88060e-07
 1.77612e-06
 1.77612e-06
 1.77612e-06
 1.77612e-06
 8.88060e-07
 8.88060e-07
 1.77612e-06
 1.77612e-06
 1.77612e-06
 1.77612e-06
 8.88060e-07
 8.88060e-07
 1.77612e-06
 1.77612e-06
 1.77612e-06
 1.77612e-06
 8.88060e-07
 8.88060e-07
 1.77612e-06
 1.77612e-06
 1.77612e-06
 1.77612e-06
 8.88060e-07
 4.44030e-07
 8.88060e-07
 8.88060e-07
 8.88060e-07
 8.88060e-07
 4.44030e-07
 4.36152e-07
 8.72304e-07
 8.72304e-07
 8.72304e-07
 8.72304e-07
 4.36152e-07
 8.72304e-07
 1.74461e-06
 1.74461e-06
 1.74461e-06
 1.74461e-06
 8.72304e-07
 8.72304e-07
 1.74461e-06
 1.74461e-06
 1.74461e-06
 1.74461e-06
 8.72304e-07
 8.72304e-07
 1.74461e-06
 1.74461e-06
 1.74461e-06
 1.74461e-06
 8.72304e-07
 8.72304e-07
 1.74461e-06
 1.74461e-06
 1.74461e-06
 1.74461e-06
 8.72304e-07
 4.36152e-07
 8.72304e-07
 8.72304e-07
 8.72304e-07
 8.72304e-07
 4.36152e-07
 4.32429e-07
 8.64859e-07
 8.64859e-07
 8.64859e-07
 8.64859e-07
 4.32429e-07
 8.64859e-07
 1.72972e-06
 1.72972e-06
 1.72972e-06
 1.72972e-06
 8.64859e-07
 8.64859e-07
 1.72972e-06
 1.72972e-06
 1.72972e-06
 1.72972e-06
 8.64859e-07
 8.64859e-07
 1.72972e-06
 1.72972e-06
 1.72972e-06
 1.72972e-06
 8.64859e-07
 8.64859e-07
 1.72972e-06
 1.72972e-06
 1.72972e-06
 1.72972e-06
 8.64859e-07
 4.32429e-07
 8.64859e-07
 8.64859e-07
 8.64859e-07
 8.64859e-07
 4.32429e-07
 4.28316e-07
 8.56632e-07
 8.56632e-07
 8.56632e-07
 8.56632e-07
 4.28316e-07
 8.56632e-07
 1.71326e-06
 1.71326e-06
 1.71326e-06
 1.71326e-06
 8.56632e-07
 8.56632e-07
 1.71326e-06
 1.71326e-06
 1.71326e-06
 1.71326e-06
 8.56632e-07
 8.56632e-07
 1.71326e-06
 1.71326e-06
 1.71326e-06
 1.71326e-06
 8.56632e-07
 8.56632e-07
 1.71326e-06
 1.71326e-06
 1.71326e-06
 1.71326e-06
 8.56632e-07
 4.28316e-07
 8.56632e-07
 8.56632e-07
 8.56632e-07
 8.56632e-07
 4.28316e-07
part
         3
coordinates
 4.57492e-07
 9.14984e-07
 9.14984e-07
 9.14984e-07
 9.14984e-07
 4.57492e-07
 9.14984e-07
 1.82997e-06
 1.82997e-06
 1.82997e-06
 1.82997e-06
 9.14984e-07
 9.14984e-07
 1.82997e-06
 1.82997e-06
 1.82997e-06
 1.82997e-06
 9.14984e-07
 9.14984e-07
 1.82997e-06
 1.82997e-06
 1.82997e-06
 1.82997e-06
 9.14984e-07
 9.14984e-07
 1.82997e-06
 1.82997e-06
 1.82997e-06
 1.82997e-06
 9.14984e-07
 4.57492e-07
 9.14984e-07
 9.14984e-07
 9.14984e-07
 9.14984e-07
 4.57492e-07
 4.44030e-07
 8.88060e-07
 8.88060e-07
 8.88060e-07
 8.88060e-07
 4.44030e-07
 8.88060e-07
 1.77612e-06
 1.77612e-06
 1.77612e-06
 1.77612e-06
 8.88060e-07
 8.88060e-07
 1.77612e-06
 1.77612e-06
 1.77612e-06
 1.77612e-06
 8.88060e-07
 8.88060e-07
 1.77612e-06
 1.77612e-06
 1.77612e-06
 1.77612e-06
 8.88060e-07
 8.88060e-07
 1.77612e-06
 1.77612e-06
 1.77612e-06
 1.77612e-06
 8.88060e-07
 4.44030e-07
 8.88060e-07
 8.88060e-07
 8.88060e-07
 8.88060e-07
 4.44030e-07
 4.36152e-07
 8.72304e-07
 8.72304e-07
 8.72304e-07
 8.72304e-07
 4.36152e-07
 8.72304e-07
 1.74461e-06
 1.74461e-06
 1.74461e-06
 1.74461e-06
 8.72304e-07
 8.72304e-07
 1.74461e-06
 1.74461e-06
 1.74461e-06
 1.74461e-06
 8.72304e-07
 8.72304e-07
 1.74461e-06
 1.74461e-06
 1.74461e-06
 1.74461e-06
 8.72304e-07
 8.72304e-07
 1.74461e-06
 1.74461e-06
 1.74461e-06
 1.74461e-06
 8.72304e-07
 4.36152e-07
 8.72304e-07
 8.72304e-07
 8.72304e-07
 8.72304e-07
 4.36152e-07
 4.32429e-07
 8.64859e-07
 8.64859e-07
 8.64859e-07
 8.64859e-07
 4.32429e-07
 8.64859e-07
 1.72972e-06
 1.72972e-06
 1.72972e-06
 1.72972e-06
 8.64859e-07
 8.64859e-07
 1.72972e-06
 1.72972e-06
 1.72972e-06
 1.72972e-06
 8.64859e-07
 8.64859e-07
 1.72972e-06
 1.72972e-06
 1.72972e-06
 1.72972e-06
 8.64859e-07
 8.64859e-07
 1.72972e-06
 1.72972e-06
 1.72972e-06
 1.72972e-06
 8.64859e-07
 4.32429e-07
 8.64859e-07
 8.64859e-07
 8.64859e-07
 8.64859e-07
 4.32429e-07
 4.28316e-07
 8.56632e-07
 8.56632e-07
 8.56632e-07
 8.56632e-07
 4.28316e-07
 8.56632e-07
 1.71326e-06
 1.71326e-06
 1.71326e-06
 1.71326e-06
 8.56632e-07
 8.56632e-07
 1.71326e-06
 1.71326e-06
 1.71326e-06
 1.71326e-06
 8.56632e-07
 8.56632e-07
 1.71326e-06
 1.71326e-06
 1.71326e-06
 1.71326e-06
 8.56632e-07
 8.56632e-07
 1.71326e-06
 1.71326e-06
 1.71326e-06
 1.71326e-06
 8.56632e-07
 4.28316e-07
 8.56632e-07
 8.56632e-07
 8.56632e-07
 8.56632e-07
 4.28316e-07
 4.24843e-07
 8.49686e-07
 8.49686e-07
 8.49686e-07
 8.49686e-07
 4.24843e-07
 8.49686e-07
 1.69937e-06
 1.69937e-06
 1.69937e-06
 1.69937e-06
 8.49686e-07
 8.49686e-07
 1.69937e-06
 1.69937e-06
 1.69937e-06
 1.69937e-06
 8.49686e-07
 8.49686e-07
 1.69937e-06
 1.69937e-06
 1.69937e-06
 1.69937e-06
 8.49686e-07
 8.49686e-07
 1.69937e-06
 1.69937e-06
 1.69937e-06
 1.69937e-06
 8.49686e-07
 4.24843e-07
 8.49686e-07
 8.49686e-07
 8.49686e-07
 8.49686e-07
 4.24843e-07
 4.23766e-07
 8.47532e-07
 8.47532e-07
 8.47532e-07
 8.47532e-07
 4.23766e-07
 8.47532e-07
 1.69506e-06
 1.69506e-06
 1.69506e-06
 1.69506e-06
 8.47532e-07
 8.47532e-07
 1.69506e-06
 1.69506e-06
 1.69506e-06
 1.69506e-06
 8.47532e-07
 8.47532e-07
 1.69506e-06
 1.69506e-06
 1.69506e-06
 1.69506e-06
 8.47532e-07
 8.47532e-07
 1.69506e-06
 1.69506e-06
 1.69506e-06
 1.69506e-06
 8.47532e-07
 4.23766e-07
 8.47532e-07
 8.47532e-07
 8.47532e-07
 8.47532e-07
 4.23766e-07
 4.23819e-07
 8.47638e-07
 8.47638e-07
 8.47638e-07
 8.47638e-07
 4.23819e-07
 8.47638e-07
 1.69528e-06
 1.69528e-06
 1.69528e-06
 1.69528e-06
 8.47638e-07
 8.47638e-07
 1.69528e-06
 1.69528e-06
 1.69528e-06
 1.69528e-06
 8.47638e-07
 8.47638e-07
 1.69528e-06
 1.69528e-06
 1.69528e-06
 1.69528e-06
 8.47638e-07
 8.47638e-07
 1.69528e-06
 1.69528e-06
 1.69528e-06
 1.69528e-06
 8.47638e-07
 4.23819e-07
 8.47638e-07
 8.47638e-07
 8.47638e-07
 8.47638e-07
 4.23819e-07
 4.24379e-07
 8.48759e-07
 8.48759e-07
 8.48759e-07
 8.48759e-07
 4.24379e-07
 8.48759e-07
 1.69752e-06
 1.69752e-06
 1.69752e-06
 1.69752e-06
 8.48759e-07
 8.48759e-07
 1.69752e-06
 1.69752e-06
 1.69752e-06
 1.69752e-06
 8.48759e-07
 8.48759e-07
 1.69752e-06
 1.69752e-06
 1.69752e-06
 1.69752e-06
 8.48759e-07
 8.48759e-07
 1.69752e-06
 1.69752e-06
 1.69752e-06
 1.69752e-06
 8.48759e-07
 4.24379e-07
 8.48759e-07
 8.48759e-07
 8.48759e-07
 8.48759e-07
 4.24379e-07
 4.25283e-07
 8.50566e-07
 8.50566e-07
 8.50566e-07
 8.50566e-07
 4.25283e-07
 8.50566e-07
 1.70113e-06
 1.70113e-06
 1.70113e-06
 1.70113e-06
 8.50566e-07
 8.50566e-07
 1.70113e-06
 1.70113e-06
 1.70113e-06
 1.70113e-06
 8.50566e-07
 8.50566e-07
 1.70113e-06
 1.70113e-06
 1.70113e-06
 1.70113e-06
 8.50566e-07
 8.50566e-07
 1.70113e-06
 1.70113e-06
 1.70113e-06
 1.70113e-06
 8.50566e-07
 4.25283e-07
 8.50566e-07
 8.50566e-07
 8.50566e-07
 8.50566e-07
 4.25283e-07
 4.25695e-07
 8.51391e-07
 8.51391e-07
 8.51391e-07
 8.51391e-07
 4.25695e-07
 8.51391e-07
 1.70278e-06
 1.70278e-06
 1.70278e-06
 1.70278e-06
 8.51391e-07
 8.51391e-07
 1.70278e-06
 1.70278e-06
 1.70278e-06
 1.70278e-06
 8.51391e-07
 8.51391e-07
 1.70278e-06
 1.70278e-06
 1.70278e-06
 1.70278e-06
 8.51391e-07
 8.51391e-07
 1.70278e-06
 1.70278e-06
 1.70278e-06
 1.70278e-06
 8.51391e-07
 4.25695e-07
 8.51391e-07
 8.51391e-07
 8.51391e-07
 8.51391e-07
 4.25695e-07
 4.25242e-07
 8.50483e-07
 8.50483e-07
 8.50483e-07
 8.50483e-07
 4.25242e-07
 8.50483e-07
 1.70097e-06
 1.70097e-06
 1.70097e-06
 1.70097e-06
 8.50483e-07
 8.50483e-07
 1.70097e-06
 1.70097e-06
 1.70097e-06
 1.70097e-06
 8.50483e-07
 8.50483e-07
 1.70097e-06
 1.70097e-06
 1.70097e-06
 1.70097e-06
 8.50483e-07
 8.50483e-07
 1.70097e-06
 1.70097e-06
 1.70097e-06
 1.70097e-06
 8.50483e-07
 4.25242e-07
 8.50483e-07
 8.50483e-07
 8.50483e-07
 8.50483e-07
 4.25242e-07
 4.24549e-07
 8.49098e-07
 8.49098e-07
 8.49098e-07
 8.49098e-07
 4.24549e-07
 8.49098e-07
 1.69820e-06
 1.69820e-06
 1.69820e-06
 1.69820e-06
 8.49098e-07
 8.49098e-07
 1.69820e-06
 1.69820e-06
 1.69820e-06
 1.69820e-06
 8.49098e-07
 8.49098e-07
 1.69820e-06
 1.69820e-06
 1.69820e-06
 1.69820e-06
 8.49098e-07
 8.49098e-07
 1.69820e-06
 1.69820e-06
 1.69820e-06
 1.69820e-06
 8.49098e-07
 4.24549e-07
 8.49098e-07
 8.49098e-07
 8.49098e-07
 8.49098e-07
 4.24549e-07
 4.24388e-07
 8.48776e-07
 8.48776e-07
 8.48776e-07
 8.48776e-07
 4.24388e-07
 8.48776e-07
 1.69755e-06
 1.69755e-06
 1.69755e-06
 1.69755e-06
 8.48776e-07
 8.48776e-07
 1.69755e-06
 1.69755e-06
 1.69755e-06
 1.69755e-06
 8.48776e-07
 8.48776e-07
 1.69755e-06
 1.69755e-06
 1.69755e-06
 1.69755e-06
 8.48776e-07
 8.48776e-07
 1.69755e-06
 1.69755e-06
 1.69755e-06
 1.69755e-06
 8.48776e-07
 4.24388e-07
 8.48776e-07
 8.48776e-07
 8.48776e-07
 8.48776e-07
 4.24388e-07
 4.25080e-07
 8.50161e-07
 8.50161e-07
 8.50161e-07
 8.50161e-07
 4.25080e-07
 8.50161e-07
 1.70032e-06
 1.70032e-06
 1.70032e-06
 1.70032e-06
 8.50161e-07
 8.50161e-07
 1.70032e-06
 1.70032e-06
 1.70032e-06
 1.70032e-06
 8.50161e-07
 8.50161e-07
 1.70032e-06
 1.70032e-06
 1.70032e-06
 1.70032e-06
 8.50161e-07
 8.50161e-07
 1.70032e-06
 1.70032e-06
 1.70032e-06
 1.70032e-06
 8.50161e-07
 4.25080e-07
 8.50161e-07
 8.50161e-07
 8.50161e-07
 8.50161e-07
 4.25080e-07
 4.25842e-07
 8.51684e-07
 8.51684e-07
 8.51684e-07
 8.51684e-07
 4.25842e-07
 8.51684e-07
 1.70337e-06
 1.70337e-06
 1.70337e-06
 1.70337e-06
 8.51684e-07
 8.51684e-07
 1.70337e-06
 1.70337e-06
 1.70337e-06
 1.70337e-06
 8.51684e-07
 8.51684e-07
 1.70337e-06
 1.70337e-06
 1.70337e-06
 1.70337e-06
 8.51684e-07
 8.51684e-07
 1.70337e-06
 1.70337e-06
 1.70337e-06
 1.70337e-06
 8.51684e-07
 4.25842e-07
 8.51684e-07
 8.51684e-07
 8.51684e-07
 8.51684e-07
 4.25842e-07
 4.25492e-07
 8.50985e-07
 8.50985e-07
 8.50985e-07
 8.50985e-07
 4.25492e-07
 8.50985e-07
 1.70197e-06
 1.70197e-06
 1.70197e-06
 1.70197e-06
 8.50985e-07
 8.50985e-07
 1.70197e-06
 1.70197e-06
 1.70197e-06
 1.70197e-06
 8.50985e-07
 8.50985e-07
 1.70197e-06
 1.70197e-06
 1.70197e-06
 1.70197e-06
 8.50985e-07
 8.50985e-07
 1.70197e-06
 1.70197e-06
 1.70197e-06
 1.70197e-06
 8.50985e-07
 4.25492e-07
 8.50985e-07
 8.50985e-07
 8.50985e-07
 8.50985e-07
 4.25492e-07
 4.22364e-07
 8.44728e-07
 8.44728e-07
 8.44728e-07
 8.44728e-07
 4.22364e-07
 8.44728e-07
 1.68946e-06
 1.68946e-06
 1.68946e-06
 1.68946e-06
 8.44728e-07
 8.44728e-07
 1.68946e-06
 1.68946e-06
 1.68946e-06
 1.68946e-06
 8.44728e-07
 8.44728e-07
 1.68946e-06
 1.68946e-06
 1.68946e-06
 1.68946e-06
 8.44728e-07
 8.44728e-07
 1.68946e-06
 1.68946e-06
 1.68946e-06
 1.68946e-06
 8.44728e-07
 4.22364e-07
 8.44728e-07
 8.44728e-07
 8.44728e-07
 8.44728e-07
 4.22364e-07
 4.12542e-07
 8.25084e-07
 8.25084e-07
 8.25084e-07
 8.25084e-07
 4.12542e-07
 8.25084e-07
 1.65017e-06
 1.65017e-06
 1.65017e-06
 1.65017e-06
 8.25084e-07
 8.25084e-07
 1.65017e-06
 1.65017e-06
 1.65017e-06
 1.65017e-06
 8.25084e-07
 8.25084e-07
 1.65017e-06
 1.65017e-06
 1.65017e-06
 1.65017e-06
 8.25084e-07
 8.25084e-07
 1.65017e-06
 1.65017e-06
 1.65017e-06
 1.65017e-06
 8.25084e-07
 4.12542e-07
 8.25084e-07
 8.25084e-07
 8.25084e-07
 8.25084e-07
 4.12542e-07
 3.89736e-07
 7.79471e-07
 7.79471e-07
 7.79471e-07
 7.79471e-07
 3.89736e-07
 7.79471e-07
 1.55894e-06
 1.55894e-06
 1.55894e-06
 1.55894e-06
 7.79471e-07
 7.79471e-07
 1.55894e-06
 1.55894e-06
 1.55894e-06
 1.55894e-06
 7.79471e-07
 7.79471e-07
 1.55894e-06
 1.55894e-06
 1.55894e-06
 1.55894e-06
 7.79471e-07
 7.79471e-07
 1.55894e-06
 1.55894e-06
 1.55894e-06
 1.55894e-06
 7.79471e-07
 3.89736e-07
 7.79471e-07
 7.79471e-07
 7.79471e-07
 7.79471e-07
 3.89736e-07
 3.47265e-07
 6.94530e-07
 6.94530e-07
 6.94530e-07
 6.94530e-07
 3.47265e-07
 6.94530e-07
 1.38906e-06
 1.38906e-06
 1.38906e-06
 1.38906e-06
 6.94530e-07
 6.94530e-07
 1.38906e-06
 1.38906e-06
 1.38906e-06
 1.38906e-06
 6.94530e-07
 6.94530e-07
 1.38906e-06
 1.38906e-06
 1.38906e-06
 1.38906e-06
 6.94530e-07
 6.94530e-07
 1.38906e-06
 1.38906e-06
 1.38906e-06
 1.38906e-06
 6.94530e-07
 3.47265e-07
 6.94530e-07
 6.94530e-07
 6.94530e-07
 6.94530e-07
 3.47265e-07
 3.00419e-07
 6.00837e-07
 6.00837e-07
 6.00837e-07
 6.00837e-07
 3.00419e-07
 6.00837e-07
 1.20167e-06
 1.20167e-06
 1.20167e-06
 1.20167e-06
 6.00837e-07
 6.00837e-07
 1.20167e-06
 1.20167e-06
 1.20167e-06
 1.20167e-06
 6.00837e-07
 6.00837e-07
 1.20167e-06
 1.20167e-06
 1.20167e-06
 1.20167e-06
 6.00837e-07
 6.00837e-07
 1.20167e-06
 1.20167e-06
 1.20167e-06
 1.20167e-06
 6.00837e-07
 3.00419e-07
 6.00837e-07
 6.00837e-07
 6.00837e-07
 6.00837e-07
 3.00419e-07
 2.73059e-07
 5.46118e-07
 5.46118e-07
 5.46118e-07
 5.46118e-07
 2.73059e-07
 5.46118e-07
 1.09224e-06
 1.09224e-06
 1.09224e-06
 1.09224e-06
 5.46118e-07
 5.46118e-07
 1.09224e-06
 1.09224e-06
 1.09224e-06
 1.09224e-06
 5.46118e-07
 5.46118e-07
 1.09224e-06
 1.09224e-06
 1.09224e-06
 1.09224e-06
 5.46118e-07
 5.46118e-07
 1.09224e-06
 1.09224e-06
 1.09224e-06
 1.09224e-06
 5.46118e-07
 2.73059e-07
 5.46118e-07
 5.46118e-07
 5.46118e-07
 5.46118e-07
 2.73059e-07
 2.63555e-07
 5.27110e-07
 5.27110e-07
 5.27110e-07
 5.27110e-07
 2.63555e-07
 5.27110e-07
 1.05422e-06
 1.05422e-06
 1.05422e-06
 1.05422e-06
 5.27110e-07
 5.27110e-07
 1.05422e-06
 1.05422e-06
 1.05422e-06
 1.05422e-06
 5.27110e-07
 5.27110e-07
 1.05422e-06
 1.05422e-06
 1.05422e-06
 1.05422e-06
 5.27110e-07
 5.27110e-07
 1.05422e-06
 1.05422e-06
 1.05422e-06
 1.05422e-06
 5.27110e-07
 2.63555e-07
 5.27110e-07
 5.27110e-07
 5.27110e-07
 5.27110e-07
 2.63555e-07
 2.61162e-07
 5.22324e-07
 5.22324e-07
 5.22324e-07
 5.22324e-07
 2.61162e-07
 5.22324e-07
 1.04465e-06
 1.04465e-06
 1.04465e-06
 1.04465e-06
 5.22324e-07
 5.22324e-07
 1.04465e-06
 1.04465e-06
 1.04465e-06
 1.04465e-06
 5.22324e-07
 5.22324e-07
 1.04465e-06
 1.04465e-06
 1.04465e-06
 1.04465e-06
 5.22324e-07
 5.22324e-07
 1.04465e-06
 1.04465e-06
 1.04465e-06
 1.04465e-06
 5.22324e-07
 2.61162e-07
 5.22324e-07
 5.22324e-07
 5.22324e-07
 5.22324e-07
 2.61162e-07
 2.61038e-07
 5.22076e-07
 5.22076e-07
 5.22076e-07
 5.22076e-07
 2.61038e-07
 5.22076e-07
 1.04415e-06
 1.04415e-06
 1.04415e-06
 1.04415e-06
 5.22076e-07
 5.22076e-07
 1.04415e-06
 1.04415e-06
 1.04415e-06
 1.04415e-06
 5.22076e-07
 5.22076e-07
 1.04415e-06
 1.04415e-06
 1.04415e-06
 1.04415e-06
 5.22076e-07
 5.22076e-07
 1.04415e-06
 1.04415e-06
 1.04415e-06
 1.04415e-06
 5.22076e-07
 2.61038e-07
 5.22076e-07
 5.22076e-07
 5.22076e-07
 5.22076e-07
 2.61038e-07
 2.61900e-07
 5.23800e-07
 5.23800e-07
 5.23800e-07
 5.23800e-07
 2.61900e-07
 5.23800e-07
 1.04760e-06
 1.04760e-06
 1.04760e-06
 1.04760e-06
 5.23800e-07
 5.23800e-07
 1.04760e-06
 1.04760e-06
 1.04760e-06
 1.04760e-06
 5.23800e-07
 5.23800e-07
 1.04760e-06
 1.04760e-06
 1.04760e-06
 1.04760e-06
 5.23800e-07
 5.23800e-07
 1.04760e-06
 1.04760e-06
 1.04760e-06
 1.04760e-06
 5.23800e-07
 2.61900e-07
 5.23800e-07
 5.23800e-07
 5.23800e-07
 5.23800e-07
 2.61900e-07
 2.63483e-07
 5.26966e-07
 5.26966e-07
 5.26966e-07
 5.26966e-07
 2.63483e-07
 5.26966e-07
 1.05393e-06
 1.05393e-06
 1.05393e-06
 1.05393e-06
 5.26966e-07
 5.26966e-07
 1.05393e-06
 1.05393e-06
 1.05393e-06
 1.05393e-06
 5.26966e-07
 5.26966e-07
 1.05393e-06
 1.05393e-06
 1.05393e-06
 1.05393e-06
 5.26966e-07
 5.26966e-07
 1.05393e-06
 1.05393e-06
 1.05393e-06
 1.05393e-06
 5.26966e-07
 2.63483e-07
 5.26966e-07
 5.26966e-07
 5.26966e-07
 5.26966e-07
 2.63483e-07
 2.64722e-07
 5.29445e-07
 5.29445e-07
 5.29445e-07
 5.29445e-07
 2.64722e-07
 5.29445e-07
 1.05889e-06
 1.05889e-06
 1.05889e-06
 1.05889e-06
 5.29445e-07
 5.29445e-07
 1.05889e-06
 1.05889e-06
 1.05889e-06
 1.05889e-06
 5.29445e-07
 5.29445e-07
 1.05889e-06
 1.05889e-06
 1.05889e-06
 1.05889e-06
 5.29445e-07
 5.29445e-07
 1.05889e-06
 1.05889e-06
 1.05889e-06
 1.05889e-06
 5.29445e-07
 2.64722e-07
 5.29445e-07
 5.29445e-07
 5.29445e-07
 5.29445e-07
 2.64722e-07
 2.65147e-07
 5.30295e-07
 5.30295e-07
 5.30295e-07
 5.30295e-07
 2.65147e-07
 5.30295e-07
 1.06059e-06
 1.06059e-06
 1.06059e-06
 1.06059e-06
 5.30295e-07
 5.30295e-07
 1.06059e-06
 1.06059e-06
 1.06059e-06
 1.06059e-06
 5.30295e-07
 5.30295e-07
 1.06059e-06
 1.06059e-06
 1.06059e-06
 1.06059e-06
 5.30295e-07
 5.30295e-07
 1.06059e-06
 1.06059e-06
 1.06059e-06
 1.06059e-06
 5.30295e-07
 2.65147e-07
 5.30295e-07
 5.30295e-07
 5.30295e-07
 5.30295e-07
 2.65147e-07
part
         4
coordinates
 2.61038e-07
 5.22076e-07
 5.22076e-07
 5.22076e-07
 5.22076e-07
 2.61038e-07
 5.22076e-07
 1.04415e-06
 1.04415e-06
 1.04415e-06
 1.04415e-06
 5.22076e-07
 5.22076e-07
 1.04415e-06
 1.04415e-06
 1.04415e-06
 1.04415e-06
 5.22076e-07
 5.22076e-07
 1.04415e-06
 1.04415e-06
 1.04415e-06
 1.04415e-06
 5.22076e-07
 5.22076e-07
 1.04415e-06
 1.04415e-06
 1.04415e-06
 1.04415e-06
 5.22076e-07
 2.61038e-07
 5.22076e-07
 5.22076e-07
 5.22076e-07
 5.22076e-07
 2.61038e-07
 2.61900e-07
 5.23800e-07
 5.23800e-07
 5.23800e-07
 5.23800e-07
 2.61900e-07
 5.23800e-07
 1.04760e-06
 1.04760e-06
 1.04760e-06
 1.04760e-06
 5.23800e-07
 5.23800e-07
 1.04760e-06
 1.04760e-06
 1.04760e-06
 1.04760e-06
 5.23800e-07
 5.23800e-07
 1.04760e-06
 1.04760e-06
 1.04760e-06
 1.04760e-06
 5.23800e-07
 5.23800e-07
 1.04760e-06
 1.04760e-06
 1.04760e-06
 1.04760e-06
 5.23800e-07
 2.61900e-07
 5.23800e-07
 5.23800e-07
 5.23800e-07
 5.23800e-07
 2.61900e-07
 2.63483e-07
 5.26966e-07
 5.26966e-07
 5.26966e-07
 5.26966e-07
 2.63483e-07
 5.26966e-07
 1.05393e-06
 1.05393e-06
 1.05393e-06
 1.05393e-06
 5.26966e-07
 5.26966e-07
 1.05393e-06
 1.05393e-06
 1.05393e-06
 1.05393e-06
 5.26966e-07
 5.26966e-07
 1.05393e-06
 1.05393e-06
 1.05393e-06
 1.05393e-06
 5.26966e-07
 5.26966e-07
 1.05393e-06
 1.05393e-06
 1.05393e-06
 1.05393e-06
 5.26966e-07
 2.63483e-07
 5.26966e-07
 5.26966e-07
 5.26966e-07
 5.26966e-07
 2.63483e-07
 2.64722e-07
 5.29445e-07
 5.29445e-07
 5.29445e-07
 5.29445e-07
 2.64722e-07
 5.29445e-07
 1.05889e-06
 1.05889e-06
 1.05889e-06
 1.05889e-06
 5.29445e-07
 5.29445e-07
 1.05889e-06
 1.05889e-06
 1.05889e-06
 1.05889e-06
 5.29445e-07
 5.29445e-07
 1.05889e-06
 1.05889e-06
 1.05889e-06
 1.05889e-06
 5.29445e-07
 5.29445e-07
 1.05889e-06
 1.05889e-06
 1.05889e-06
 1.05889e-06
 5.29445e-07
 2.64722e-07
 5.29445e-07
 5.29445e-07
 5.29445e-07
 5.29445e-07
 2.64722e-07
 2.65147e-07
 5.30295e-07
 5.30295e-07
 5.30295e-07
 5.30295e-07
 2.65147e-07
 5.30295e-07
 1.06059e-06
 1.06059e-06
 1.06059e-06
 1.06059e-06
 5.30295e-07
 5.30295e-07
 1.06059e-06
 1.06059e-06
 1.06059e-06
 1.06059e-06
 5.30295e-07
 5.30295e-07
 1.06059e-06
 1.06059e-06
 1.06059e-06
 1.06059e-06
 5.30295e-07
 5.30295e-07
 1.06059e-06
 1.06059e-06
 1.06059e-06
 1.06059e-06
 5.30295e-07
 2.65147e-07
 5.30295e-07
 5.30295e-07
 5.30295e-07
 5.30295e-07
 2.65147e-07
 2.65133e-07
 5.30266e-07
 5.30266e-07
 5.30266e-07
 5.30266e-07
 2.65133e-07
 5.30266e-07
 1.06053e-06
 1.06053e-06
 1.06053e-06
 1.06053e-06
 5.30266e-07
 5.30266e-07
 1.06053e-06
 1.06053e-06
 1.06053e-06
 1.06053e-06
 5.30266e-07
 5.30266e-07
 1.06053e-06
 1.06053e-06
 1.06053e-06
 1.06053e-06
 5.30266e-07
 5.30266e-07
 1.06053e-06
 1.06053e-06
 1.06053e-06
 1.06053e-06
 5.30266e-07
 2.65133e-07
 5.30266e-07
 5.30266e-07
 5.30266e-07
 5.30266e-07
 2.65133e-07
 2.64552e-07
 5.29103e-07
 5.29103e-07
 5.29103e-07
 5.29103e-07
 2.64552e-07
 5.29103e-07
 1.05821e-06
 1.05821e-06
 1.05821e-06
 1.05821e-06
 5.29103e-07
 5.29103e-07
 1.05821e-06
 1.05821e-06
 1.05821e-06
 1.05821e-06
 5.29103e-07
 5.29103e-07
 1.05821e-06
 1.05821e-06
 1.05821e-06
 1.05821e-06
 5.29103e-07
 5.29103e-07
 1.05821e-06
 1.05821e-06
 1.05821e-06
 1.05821e-06
 5.29103e-07
 2.64552e-07
 5.29103e-07
 5.29103e-07
 5.29103e-07
 5.29103e-07
 2.64552e-07
 2.62819e-07
 5.25638e-07
 5.25638e-07
 5.25638e-07
 5.25638e-07
 2.62819e-07
 5.25638e-07
 1.05128e-06
 1.05128e-06
 1.05128e-06
 1.05128e-06
 5.25638e-07
 5.25638e-07
 1.05128e-06
 1.05128e-06
 1.05128e-06
 1.05128e-06
 5.25638e-07
 5.25638e-07
 1.05128e-06
 1.05128e-06
 1.05128e-06
 1.05128e-06
 5.25638e-07
 5.25638e-07
 1.05128e-06
 1.05128e-06
 1.05128e-06
 1.05128e-06
 5.25638e-07
 2.62819e-07
 5.25638e-07
 5.25638e-07
 5.25638e-07
 5.25638e-07
 2.62819e-07
 2.59060e-07
 5.18121e-07
 5.18121e-07
 5.18121e-07
 5.18121e-07
 2.59060e-07
 5.18121e-07
 1.03624e-06
 1.03624e-06
 1.03624e-06
 1.03624e-06
 5.18121e-07
 5.18121e-07
 1.03624e-06
 1.03624e-06
 1.03624e-06
 1.03624e-06
 5.18121e-07
 5.18121e-07
 1.03624e-06
 1.03624e-06
 1.03624e-06
 1.03624e-06
 5.18121e-07
 5.18121e-07
 1.03624e-06
 1.03624e-06
 1.03624e-06
 1.03624e-06
 5.18121e-07
 2.59060e-07
 5.18121e-07
 5.18121e-07
 5.18121e-07
 5.18121e-07
 2.59060e-07
 2.51636e-07
 5.03272e-07
 5.03272e-07
 5.03272e-07
 5.03272e-07
 2.51636e-07
 5.03272e-07
 1.00654e-06
 1.00654e-06
 1.00654e-06
 1.00654e-06
 5.03272e-07
 5.03272e-07
 1.00654e-06
 1.00654e-06
 1.00654e-06
 1.00654e-06
 5.03272e-07
 5.03272e-07
 1.00654e-06
 1.00654e-06
 1.00654e-06
 1.00654e-06
 5.03272e-07
 5.03272e-07
 1.00654e-06
 1.00654e-06
 1.00654e-06
 1.00654e-06
 5.03272e-07
 2.51636e-07
 5.03272e-07
 5.03272e-07
 5.03272e-07
 5.03272e-07
 2.51636e-07
 2.37995e-07
 4.75991e-07
 4.75991e-07
 4.75991e-07
 4.75991e-07
 2.37995e-07
 4.75991e-07
 9.51982e-07
 9.51982e-07
 9.51982e-07
 9.51982e-07
 4.75991e-07
 4.75991e-07
 9.51982e-07
 9.51982e-07
 9.51982e-07
 9.51982e-07
 4.75991e-07
 4.75991e-07
 9.51982e-07
 9.51982e-07
 9.51982e-07
 9.51982e-07
 4.75991e-07
 4.75991e-07
 9.51982e-07
 9.51982e-07
 9.51982e-07
 9.51982e-07
 4.75991e-07
 2.37995e-07
 4.75991e-07
 4.75991e-07
 4.75991e-07
 4.75991e-07
 2.37995e-07
 2.16767e-07
 4.33533e-07
 4.33533e-07
 4.33533e-07
 4.33533e-07
 2.16767e-07
 4.33533e-07
 8.67067e-07
 8.67067e-07
 8.67067e-07
 8.67067e-07
 4.33533e-07
 4.33533e-07
 8.67067e-07
 8.67067e-07
 8.67067e-07
 8.67067e-07
 4.33533e-07
 4.33533e-07
 8.67067e-07
 8.67067e-07
 8.67067e-07
 8.67067e-07
 4.33533e-07
 4.33533e-07
 8.67067e-07
 8.67067e-07
 8.67067e-07
 8.67067e-07
 4.33533e-07
 2.16767e-07
 4.33533e-07
 4.33533e-07
 4.33533e-07
 4.33533e-07
 2.16767e-07
 1.90823e-07
 3.81646e-07
 3.81646e-07
 3.81646e-07
 3.81646e-07
 1.90823e-07
 3.81646e-07
 7.63292e-07
 7.63292e-07
 7.63292e-07
 7.63292e-07
 3.81646e-07
 3.81646e-07
 7.63292e-07
 7.63292e-07
 7.63292e-07
 7.63292e-07
 3.81646e-07
 3.81646e-07
 7.63292e-07
 7.63292e-07
 7.63292e-07
 7.63292e-07
 3.81646e-07
 3.81646e-07
 7.63292e-07
 7.63292e-07
 7.63292e-07
 7.63292e-07
 3.81646e-07
 1.90823e-07
 3.81646e-07
 3.81646e-07
 3.81646e-07
 3.81646e-07
 1.90823e-07
 1.66218e-07
 3.32436e-07
 3.32436e-07
 3.32436e-07
 3.32436e-07
 1.66218e-07
 3.32436e-07
 6.64872e-07
 6.64872e-07
 6.64872e-07
 6.64872e-07
 3.32436e-07
 3.32436e-07
 6.64872e-07
 6.64872e-07
 6.64872e-07
 6.64872e-07
 3.32436e-07
 3.32436e-07
 6.64872e-07
 6.64872e-07
 6.64872e-07
 6.64872e-07
 3.32436e-07
 3.32436e-07
 6.64872e-07
 6.64872e-07
 6.64872e-07
 6.64872e-07
 3.32436e-07
 1.66218e-07
 3.32436e-07
 3.32436e-07
 3.32436e-07
 3.32436e-07
 1.66218e-07
 1.47283e-07
 2.94565e-07
 2.94565e-07
 2.94565e-07
 2.94565e-07
 1.47283e-07
 2.94565e-07
 5.89130e-07
 5.89130e-07
 5.89130e-07
 5.89130e-07
 2.94565e-07
 2.94565e-07
 5.89130e-07
 5.89130e-07
 5.89130e-07
 5.89130e-07
 2.94565e-07
 2.94565e-07
 5.89130e-07
 5.89130e-07
 5.89130e-07
 5.89130e-07
 2.94565e-07
 2.94565e-07
 5.89130e-07
 5.89130e-07
 5.89130e-07
 5.89130e-07
 2.94565e-07
 1.47283e-07
 2.94565e-07
 2.94565e-07
 2.94565e-07
 2.94565e-07
 1.47283e-07
 1.35049e-07
 2.70098e-07
 2.70098e-07
 2.70098e-07
 2.70098e-07
 1.35049e-07
 2.70098e-07
 5.40196e-07
 5.40196e-07
 5.40196e-07
 5.40196e-07
 2.70098e-07
 2.70098e-07
 5.40196e-07
 5.40196e-07
 5.40196e-07
 5.40196e-07
 2.70098e-07
 2.70098e-07
 5.40196e-07
 5.40196e-07
 5.40196e-07
 5.40196e-07
 2.70098e-07
 2.70098e-07
 5.40196e-07
 5.40196e-07
 5.40196e-07
 5.40196e-07
 2.70098e-07
 1.35049e-07
 2.70098e-07
 2.70098e-07
 2.70098e-07
 2.70098e-07
 1.35049e-07
 1.28661e-07
 2.57322e-07
 2.57322e-07
 2.57322e-07
 2.57322e-07
 1.28661e-07
 2.57322e-07
 5.14644e-07
 5.14644e-07
 5.14644e-07
 5.14644e-07
 2.57322e-07
 2.57322e-07
 5.14644e-07
 5.14644e-07
 5.14644e-07
 5.14644e-07
 2.57322e-07
 2.57322e-07
 5.14644e-07
 5.14644e-07
 5.14644e-07
 5.14644e-07
 2.57322e-07
 2.57322e-07
 5.14644e-07
 5.14644e-07
 5.14644e-07
 5.14644e-07
 2.57322e-07
 1.28661e-07
 2.57322e-07
 2.57322e-07
 2.57322e-07
 2.57322e-07
 1.28661e-07
 1.26096e-07
 2.52192e-07
 2.52192e-07
 2.52192e-07
 2.52192e-07
 1.26096e-07
 2.52192e-07
 5.04384e-07
 5.04384e-07
 5.04384e-07
 5.04384e-07
 2.52192e-07
 2.52192e-07
 5.04384e-07
 5.04384e-07
 5.04384e-07
 5.04384e-07
 2.52192e-07
 2.52192e-07
 5.04384e-07
 5.04384e-07
 5.04384e-07
 5.04384e-07
 2.52192e-07
 2.52192e-07
 5.04384e-07
 5.04384e-07
 5.04384e-07
 5.04384e-07
 2.52192e-07
 1.26096e-07
 2.52192e-07
 2.52192e-07
 2.52192e-07
 2.52192e-07
 1.26096e-07
 1.25290e-07
 2.50581e-07
 2.50581e-07
 2.50581e-07
 2.50581e-07
 1.25290e-07
 2.50581e-07
 5.01162e-07
 5.01162e-07
 5.01162e-07
 5.01162e-07
 2.50581e-07
 2.50581e-07
 5.01162e-07
 5.01162e-07
 5.01162e-07
 5.01162e-07
 2.50581e-07
 2.50581e-07
 5.01162e-07
 5.01162e-07
 5.01162e-07
 5.01162e-07
 2.50581e-07
 2.50581e-07
 5.01162e-07
 5.01162e-07
 5.01162e-07
 5.01162e-07
 2.50581e-07
 1.25290e-07
 2.50581e-07
 2.50581e-07
 2.50581e-07
 2.50581e-07
 1.25290e-07
 1.25073e-07
 2.50146e-07
 2.50146e-07
 2.50146e-07
 2.50146e-07
 1.25073e-07
 2.50146e-07
 5.00292e-07
 5.00292e-07
 5.00292e-07
 5.00292e-07
 2.50146e-07
 2.50146e-07
 5.00292e-07
 5.00292e-07
 5.00292e-07
 5.00292e-07
 2.50146e-07
 2.50146e-07
 5.00292e-07
 5.00292e-07
 5.00292e-07
 5.00292e-07
 2.50146e-07
 2.50146e-07
 5.00292e-07
 5.00292e-07
 5.00292e-07
 5.00292e-07
 2.50146e-07
 1.25073e-07
 2.50146e-07
 2.50146e-07
 2.50146e-07
 2.50146e-07
 1.25073e-07
 1.25018e-07
 2.50036e-07
 2.50036e-07
 2.50036e-07
 2.50036e-07
 1.25018e-07
 2.50036e-07
 5.00072e-07
 5.00072e-07
 5.00072e-07
 5.00072e-07
 2.50036e-07
 2.50036e-07
 5.00072e-07
 5.00072e-07
 5.00072e-07
 5.00072e-07
 2.50036e-07
 2.50036e-07
 5.00072e-07
 5.00072e-07
 5.00072e-07
 5.00072e-07
 2.50036e-07
 2.50036e-07
 5.00072e-07
 5.00072e-07
 5.00072e-07
 5.00072e-07
 2.50036e-07
 1.25018e-07
 2.50036e-07
 2.50036e-07
 2.50036e-07
 2.50036e-07
 1.25018e-07
 1.25004e-07
 2.50009e-07
 2.50009e-07
 2.50009e-07
 2.50009e-07
 1.25004e-07
 2.50009e-07
 5.00017e-07
 5.00017e-07
 5.00017e-07
 5.00017e-07
 2.50009e-07
 2.50009e-07
 5.00017e-07
 5.00017e-07
 5.00017e-07
 5.00017e-07
 2.50009e-07
 2.50009e-07
 5.00017e-07
 5.00017e-07
 5.00017e-07
 5.00017e-07
 2.50009e-07
 2.50009e-07
 5.00017e-07
 5.00017e-07
 5.00017e-07
 5.00017e-07
 2.50009e-07
 1.25004e-07
 2.50009e-07
 2.50009e-07
 2.50009e-07
 2.50009e-07
 1.25004e-07
 1.25001e-07
 2.50002e-07
 2.50002e-07
 2.50002e-07
 2.50002e-07
 1.25001e-07
 2.50002e-07
 5.00004e-07
 5.00004e-07
 5.00004e-07
 5.00004e-07
 2.50002e-07
 2.50002e-07
 5.00004e-07
 5.00004e-07
 5.00004e-07
 5.00004e-07
 2.50002e-07
 2.50002e-07
 5.00004e-07
 5.00004e-07
 5.00004e-07
 5.00004e-07
 2.50002e-07
 2.50002e-07
 5.00004e-07
 5.00004e-07
 5.00004e-07
 5.00004e-07
 2.50002e-07
 1.25001e-07
 2.50002e-07
 2.50002e-07
 2.50002e-07
 2.50002e-07
 1.25001e-07
 1.25000e-07
 2.50000e-07
 2.50000e-07
 2.50000e-07
 2.50000e-07
 1.25000e-07
 2.50000e-07
 5.00001e-07
 5.00001e-07
 5.00001e-07
 5.00001e-07
 2.50000e-07
 2.50000e-07
 5.00001e-07
 5.00001e-07
 5.00001e-07
 5.00001e-07
 2.50000e-07
 2.50000e-07
 5.00001e-07
 5.00001e-07
 5.00001e-07
 5.00001e-07
 2.50000e-07
 2.50000e-07
 5.00001e-07
 5.00001e-07
 5.00001e-07
 5.00001e-07
 2.50000e-07
 1.25000e-07
 2.50000e-07
 2.50000e-07
 2.50000e-07
 2.50000e-07
 1.25000e-07
 1.25000e-07
 2.50000e-07
 2.50000e-07
 2.50000e-07
 2.50000e-07
 1.25000e-07
 2.50000e-07
 5.00000e-07
 5.00000e-07
 5.00000e-07
 5.00000e-07
 2.50000e-07
 2.50000e-07
 5.00000e-07
 5.00000e-07
 5.00000e-07
 5.00000e-07
 2.50000e-07
 2.50000e-07
 5.00000e-07
 5.00000e-07
 5.00000e-07
 5.00000e-07
 2.50000e-07
 2.50000e-07
 5.00000e-07
 5.00000e-07
 5.00000e-07
 5.00000e-07
 2.50000e-07
 1.25000e-07
 2.50000e-07
 2.50000e-07
 2.50000e-07
 2.50000e-07
 1.25000e-07
 1.25000e-07
 2.50000e-07
 2.50000e-07
 2.50000e-07
 2.50000e-07
 1.25000e-07
 2.50000e-07
 5.00000e-07
 5.00000e-07
 5.00000e-07
 5.00000e-07
 2.50000e-07
 2.50000e-07
 5.00000e-07
 5.00000e-07
 5.00000e-07
 5.00000e-07
 2.50000e-07
 2.50000e-07
 5.00000e-07
 5.00000e-07
 5.00000e-07
 5.00000e-07
 2.50000e-07
 2.50000e-07
 5.00000e-07
 5.00000e-07
 5.00000e-07
 5.00000e-07
 2.50000e-07
 1.25000e-07
 2.50000e-07
 2.50000e-07
 2.50000e-07
 2.50000e-07
 1.25000e-07
 1.25000e-07
 2.50000e-07
 2.50000e-07
 2.50000e-07
 2.50000e-07
 1.25000e-07
 2.50000e-07
 5.00000e-07
 5.00000e-07
 5.00000e-07
 5.00000e-07
 2.50000e-07
 2.50000e-07
 5.00000e-07
 5.00000e-07
 5.00000e-07
 5.00000e-07
 2.50000e-07
 2.50000e-07
 5.00000e-07
 5.00000e-07
 5.00000e-07
 5.00000e-07
 2.50000e-07
 2.50000e-07
 5.00000e-07
 5.00000e-07
 5.00000e-07
 5.00000e-07
 2.50000e-07
 1.25000e-07
 2.50000e-07
 2.50000e-07
 2.50000e-07
 2.50000e-07
 1.25000e-07
 6.25000e-08
 1.25000e-07
 1.25000e-07
 1.25000e-07
 1.25000e-07
 6.25000e-08
 1.25000e-07
 2.50000e-07
 2.50000e-07
 2.50000e-07
 2.50000e-07
 1.25000e-07
 1.25000e-07
 2.50000e-07
 2.50000e-07
 2.50000e-07
 2.50000e-07
 1.25000e-07
 1.25000e-07
 2.50000e-07
 2.50000e-07
 2.50000e-07
 2.50000e-07
 1.25000e-07
 1.25000e-07
 2.50000e-07
 2.50000e-07
 2.50000e-07
 2.50000e-07
 1.25000e-07
 6.25000e-08
 1.25000e-07
 1.25000e-07
 1.25000e-07
 1.25000e-07
 6.25000e-08
