PseudoViscosity
part
         1
hexa8
 1.97456e-15
 2.44490e-32
 1.53658e-47
 1.10551e-31
 0.00000e+00
 0.00000e+00
 1.97456e-15
 1.97456e-15
 5.46406e-31
 0.00000e+00
 0.00000e+00
 0.00000e+00
 0.00000e+00
 0.00000e+00
 0.00000e+00
 0.00000e+00
 0.00000e+00
 0.00000e+00
 0.00000e+00
 0.00000e+00
 0.00000e+00
 0.00000e+00
 0.00000e+00
 0.00000e+00
 0.00000e+00
 0.00000e+00
 0.00000e+00
 0.00000e+00
 0.00000e+00
 0.00000e+00
 0.00000e+00
 0.00000e+00
 0.00000e+00
 0.00000e+00
 0.00000e+00
 0.00000e+00
 0.00000e+00
 0.00000e+00
 0.00000e+00
 0.00000e+00
 0.00000e+00
 0.00000e+00
 0.00000e+00
 0.00000e+00
 0.00000e+00
 0.00000e+00
 0.00000e+00
 0.00000e+00
 0.00000e+00
 0.00000e+00
 2.98859e-47
 5.48767e-32
 9.87282e-16
 9.87282e-16
 2.96185e-15
 1.39712e-31
 0.00000e+00
 0.00000e+00
 0.00000e+00
 0.00000e+00
 0.00000e+00
 0.00000e+00
 0.00000e+00
 0.00000e+00
 0.00000e+00
 0.00000e+00
 0.00000e+00
 0.00000e+00
 0.00000e+00
 0.00000e+00
 0.00000e+00
 0.00000e+00
 0.00000e+00
 0.00000e+00
 0.00000e+00
 0.00000e+00
 0.00000e+00
 0.00000e+00
 0.00000e+00
 0.00000e+00
 0.00000e+00
 0.00000e+00
 0.00000e+00
 0.00000e+00
 0.00000e+00
 0.00000e+00
 0.00000e+00
 0.00000e+00
 0.00000e+00
 0.00000e+00
 0.00000e+00
 0.00000e+00
 0.00000e+00
 0.00000e+00
 0.00000e+00
 0.00000e+00
 0.00000e+00
 0.00000e+00
 0.00000e+00
 0.00000e+00
 1.60408e-31
 9.87282e-16
 3.01210e-31
 9.87282e-16
 5.39335e-32
 2.45914e-47
 7.79869e-31
 1.97456e-15
 6.85149e-31
 0.00000e+00
 0.00000e+00
 0.00000e+00
 0.00000e+00
 0.00000e+00
 0.00000e+00
 0.00000e+00
 0.00000e+00
 0.00000e+00
 0.00000e+00
 0.00000e+00
 0.00000e+00
 0.00000e+00
 0.00000e+00
 0.00000e+00
 0.00000e+00
 0.00000e+00
 0.00000e+00
 0.00000e+00
 0.00000e+00
 0.00000e+00
 0.00000e+00
 0.00000e+00
 0.00000e+00
 0.00000e+00
 0.00000e+00
 0.00000e+00
 0.00000e+00
 0.00000e+00
 0.00000e+00
 0.00000e+00
 0.00000e+00
 0.00000e+00
 0.00000e+00
 0.00000e+00
 0.00000e+00
 0.00000e+00
 0.00000e+00
 0.00000e+00
 0.00000e+00
 0.00000e+00
 1.18821e-31
 5.77326e-32
 5.85138e-48
 2.57273e-31
 1.97456e-15
 7.63660e-32
 4.07704e-31
 0.00000e+00
 3.23178e-48
 0.00000e+00
 0.00000e+00
 0.00000e+00
 0.00000e+00
 0.00000e+00
 0.00000e+00
 0.00000e+00
 0.00000e+00
 0.00000e+00
 0.00000e+00
 0.00000e+00
 0.00000e+00
 0.00000e+00
 0.00000e+00
 0.00000e+00
 0.00000e+00
 0.00000e+00
 0.00000e+00
 0.00000e+00
 0.00000e+00
 0.00000e+00
 0.00000e+00
 0.00000e+00
 0.00000e+00
 0.00000e+00
 0.00000e+00
 0.00000e+00
 0.00000e+00
 0.00000e+00
 0.00000e+00
 0.00000e+00
 0.00000e+00
 0.00000e+00
 0.00000e+00
 0.00000e+00
 0.00000e+00
 0.00000e+00
 0.00000e+00
 0.00000e+00
 0.00000e+00
 0.00000e+00
 0.00000e+00
 0.00000e+00
 0.00000e+00
 1.11493e-32
 9.87282e-16
 5.06397e-31
 1.97456e-15
 1.97456e-15
 9.34963e-31
 0.00000e+00
 0.00000e+00
 0.00000e+00
 0.00000e+00
 0.00000e+00
 0.00000e+00
 0.00000e+00
 0.00000e+00
 0.00000e+00
 0.00000e+00
 0.00000e+00
 0.00000e+00
 0.00000e+00
 0.00000e+00
 0.00000e+00
 0.00000e+00
 0.00000e+00
 0.00000e+00
 0.00000e+00
 0.00000e+00
 0.00000e+00
 0.00000e+00
 0.00000e+00
 0.00000e+00
 0.00000e+00
 0.00000e+00
 0.00000e+00
 0.00000e+00
 0.00000e+00
 0.00000e+00
 0.00000e+00
 0.00000e+00
 0.00000e+00
 0.00000e+00
 0.00000e+00
 0.00000e+00
 0.00000e+00
 0.00000e+00
 0.00000e+00
 0.00000e+00
 0.00000e+00
 1.41006e-31
 2.47182e-47
 9.31138e-32
 8.55300e-49
 1.04369e-31
 1.20026e-31
 1.33671e-31
 8.06252e-48
 4.37500e-32
 0.00000e+00
 0.00000e+00
 0.00000e+00
 0.00000e+00
 0.00000e+00
 0.00000e+00
 0.00000e+00
 0.00000e+00
 0.00000e+00
 0.00000e+00
 0.00000e+00
 0.00000e+00
 0.00000e+00
 0.00000e+00
 0.00000e+00
 0.00000e+00
 0.00000e+00
 0.00000e+00
 0.00000e+00
 0.00000e+00
 0.00000e+00
 0.00000e+00
 0.00000e+00
 0.00000e+00
 0.00000e+00
 0.00000e+00
 0.00000e+00
 0.00000e+00
 0.00000e+00
 0.00000e+00
 0.00000e+00
 0.00000e+00
 0.00000e+00
 0.00000e+00
 0.00000e+00
 0.00000e+00
 0.00000e+00
 0.00000e+00
 0.00000e+00
 0.00000e+00
 0.00000e+00
 0.00000e+00
 3.14522e-31
 9.87282e-16
 8.39499e-31
 1.97456e-15
 9.87282e-16
 1.97456e-15
 4.59735e-31
 0.00000e+00
 0.00000e+00
 0.00000e+00
 0.00000e+00
 0.00000e+00
 0.00000e+00
 0.00000e+00
 0.00000e+00
 0.00000e+00
 0.00000e+00
 0.00000e+00
 0.00000e+00
 0.00000e+00
 0.00000e+00
 0.00000e+00
 0.00000e+00
 0.00000e+00
 0.00000e+00
 0.00000e+00
 0.00000e+00
 0.00000e+00
 0.00000e+00
 0.00000e+00
 0.00000e+00
 0.00000e+00
 0.00000e+00
 0.00000e+00
 0.00000e+00
 0.00000e+00
 0.00000e+00
 0.00000e+00
 0.00000e+00
 0.00000e+00
 0.00000e+00
 0.00000e+00
 0.00000e+00
 0.00000e+00
 0.00000e+00
 0.00000e+00
 0.00000e+00
 0.00000e+00
 0.00000e+00
 3.89267e-31
 2.86385e-31
 1.97456e-15
 9.87282e-16
 1.97456e-15
 9.87282e-16
 3.18651e-31
 2.13673e-63
 0.00000e+00
 0.00000e+00
 0.00000e+00
 0.00000e+00
 0.00000e+00
 0.00000e+00
 0.00000e+00
 0.00000e+00
 0.00000e+00
 0.00000e+00
 0.00000e+00
 0.00000e+00
 0.00000e+00
 0.00000e+00
 0.00000e+00
 0.00000e+00
 0.00000e+00
 0.00000e+00
 0.00000e+00
 0.00000e+00
 0.00000e+00
 0.00000e+00
 0.00000e+00
 0.00000e+00
 0.00000e+00
 0.00000e+00
 0.00000e+00
 0.00000e+00
 0.00000e+00
 0.00000e+00
 0.00000e+00
 0.00000e+00
 0.00000e+00
 0.00000e+00
 0.00000e+00
 0.00000e+00
 0.00000e+00
 0.00000e+00
 0.00000e+00
 0.00000e+00
 0.00000e+00
 0.00000e+00
 0.00000e+00
 2.05085e-47
 0.00000e+00
 1.15739e-46
 0.00000e+00
 0.00000e+00
 1.20445e-31
 0.00000e+00
 0.00000e+00
 0.00000e+00
 0.00000e+00
 0.00000e+00
 0.00000e+00
 0.00000e+00
 0.00000e+00
 0.00000e+00
 0.00000e+00
 0.00000e+00
 0.00000e+00
 0.00000e+00
 0.00000e+00
 0.00000e+00
 0.00000e+00
 0.00000e+00
 0.00000e+00
 0.00000e+00
 0.00000e+00
 0.00000e+00
 0.00000e+00
 0.00000e+00
 0.00000e+00
 0.00000e+00
 0.00000e+00
 0.00000e+00
 0.00000e+00
 0.00000e+00
 0.00000e+00
 0.00000e+00
 0.00000e+00
 0.00000e+00
 0.00000e+00
 0.00000e+00
 0.00000e+00
 0.00000e+00
 0.00000e+00
 0.00000e+00
 0.00000e+00
 0.00000e+00
 0.00000e+00
 0.00000e+00
 6.81637e-47
 3.01808e-47
 4.49075e-32
 1.10682e-31
 0.00000e+00
 0.00000e+00
 1.98873e-47
 0.00000e+00
 0.00000e+00
 0.00000e+00
 0.00000e+00
 0.00000e+00
 0.00000e+00
 0.00000e+00
 0.00000e+00
 0.00000e+00
 0.00000e+00
 0.00000e+00
 0.00000e+00
 0.00000e+00
 0.00000e+00
 0.00000e+00
 0.00000e+00
 0.00000e+00
 0.00000e+00
 0.00000e+00
 0.00000e+00
 0.00000e+00
 0.00000e+00
 0.00000e+00
 0.00000e+00
 0.00000e+00
 0.00000e+00
 0.00000e+00
 0.00000e+00
 0.00000e+00
 0.00000e+00
 0.00000e+00
 0.00000e+00
 0.00000e+00
 0.00000e+00
 0.00000e+00
 0.00000e+00
 0.00000e+00
 0.00000e+00
 0.00000e+00
 0.00000e+00
 0.00000e+00
 0.00000e+00
 0.00000e+00
part
         2
hexa8
 0.00000e+00
 0.00000e+00
 0.00000e+00
 0.00000e+00
 3.63259e-13
 6.84371e-12
 5.18161e-11
 1.39649e-10
 4.39621e-10
 6.97260e-09
 2.07922e-08
 1.83055e-08
 2.68261e-09
 0.00000e+00
 1.11620e-06
 4.88113e-06
 4.96447e-06
 8.56443e-07
 0.00000e+00
 7.07436e-06
 4.70801e-05
 7.96370e-05
 4.30573e-05
 2.93116e-06
 0.00000e+00
 2.06246e-05
 8.14279e-05
 2.00705e-04
 4.99286e-04
 1.22409e-03
 2.83302e-03
 6.15275e-03
 1.29059e-02
 2.27286e-02
 3.52642e-02
 4.36195e-02
 3.92088e-02
 2.61075e-02
 1.24891e-02
 4.33653e-03
 1.23116e-03
 3.22644e-04
 8.21332e-05
 2.05901e-05
 5.09241e-06
 1.24079e-06
 2.97210e-07
 6.98683e-08
 1.62347e-08
 4.40520e-09
 0.00000e+00
 0.00000e+00
 0.00000e+00
 0.00000e+00
 3.63259e-13
 6.84371e-12
 5.18161e-11
 1.39649e-10
 4.39621e-10
 6.97260e-09
 2.07922e-08
 1.83055e-08
 2.68261e-09
 0.00000e+00
 1.11620e-06
 4.88113e-06
 4.96447e-06
 8.56443e-07
 0.00000e+00
 7.07436e-06
 4.70801e-05
 7.96370e-05
 4.30573e-05
 2.93116e-06
 0.00000e+00
 2.06246e-05
 8.14279e-05
 2.00705e-04
 4.99286e-04
 1.22409e-03
 2.83302e-03
 6.15275e-03
 1.29059e-02
 2.27286e-02
 3.52642e-02
 4.36195e-02
 3.92088e-02
 2.61075e-02
 1.24891e-02
 4.33653e-03
 1.23116e-03
 3.22644e-04
 8.21332e-05
 2.05901e-05
 5.09241e-06
 1.24079e-06
 2.97210e-07
 6.98683e-08
 1.62347e-08
 4.40520e-09
 0.00000e+00
 0.00000e+00
 0.00000e+00
 0.00000e+00
 3.63259e-13
 6.84371e-12
 5.18161e-11
 1.39649e-10
 4.39621e-10
 6.97260e-09
 2.07922e-08
 1.83055e-08
 2.68261e-09
 0.00000e+00
 1.11620e-06
 4.88113e-06
 4.96447e-06
 8.56443e-07
 0.00000e+00
 7.07436e-06
 4.70801e-05
 7.96370e-05
 4.30573e-05
 2.93116e-06
 0.00000e+00
 2.06246e-05
 8.14279e-05
 2.00705e-04
 4.99286e-04
 1.22409e-03
 2.83302e-03
 6.15275e-03
 1.29059e-02
 2.27286e-02
 3.52642e-02
 4.36195e-02
 3.92088e-02
 2.61075e-02
 1.24891e-02
 4.33653e-03
 1.23116e-03
 3.22644e-04
 8.21332e-05
 2.05901e-05
 5.09241e-06
 1.24079e-06
 2.97210e-07
 6.98683e-08
 1.62347e-08
 4.40520e-09
 0.00000e+00
 0.00000e+00
 0.00000e+00
 0.00000e+00
 3.63259e-13
 6.84371e-12
 5.18161e-11
 1.39649e-10
 4.39621e-10
 6.97260e-09
 2.07922e-08
 1.83055e-08
 2.68261e-09
 0.00000e+00
 1.11620e-06
 4.88113e-06
 4.96447e-06
 8.56443e-07
 0.00000e+00
 7.07436e-06
 4.70801e-05
 7.96370e-05
 4.30573e-05
 2.93116e-06
 0.00000e+00
 2.06246e-05
 8.14279e-05
 2.00705e-04
 4.99286e-04
 1.22409e-03
 2.83302e-03
 6.15275e-03
 1.29059e-02
 2.27286e-02
 3.52642e-02
 4.36195e-02
 3.92088e-02
 2.61075e-02
 1.24891e-02
 4.33653e-03
 1.23116e-03
 3.22644e-04
 8.21332e-05
 2.05901e-05
 5.09241e-06
 1.24079e-06
 2.97210e-07
 6.98683e-08
 1.62347e-08
 4.40520e-09
 0.00000e+00
 0.00000e+00
 0.00000e+00
 0.00000e+00
 3.63259e-13
 6.84371e-12
 5.18161e-11
 1.39649e-10
 4.39621e-10
 6.97260e-09
 2.07922e-08
 1.83055e-08
 2.68261e-09
 0.00000e+00
 1.11620e-06
 4.88113e-06
 4.96447e-06
 8.56443e-07
 0.00000e+00
 7.07436e-06
 4.70801e-05
 7.96370e-05
 4.30573e-05
 2.93116e-06
 0.00000e+00
 2.06246e-05
 8.14279e-05
 2.00705e-04
 4.99286e-04
 1.22409e-03
 2.83302e-03
 6.15275e-03
 1.29059e-02
 2.27286e-02
 3.52642e-02
 4.36195e-02
 3.92088e-02
 2.61075e-02
 1.24891e-02
 4.33653e-03
 1.23116e-03
 3.22644e-04
 8.21332e-05
 2.05901e-05
 5.09241e-06
 1.24079e-06
 2.97210e-07
 6.98683e-08
 1.62347e-08
 4.40520e-09
 0.00000e+00
 0.00000e+00
 0.00000e+00
 0.00000e+00
 3.63259e-13
 6.84371e-12
 5.18161e-11
 1.39649e-10
 4.39621e-10
 6.97260e-09
 2.07922e-08
 1.83055e-08
 2.68261e-09
 0.00000e+00
 1.11620e-06
 4.88113e-06
 4.96447e-06
 8.56443e-07
 0.00000e+00
 7.07436e-06
 4.70801e-05
 7.96370e-05
 4.30573e-05
 2.93116e-06
 0.00000e+00
 2.06246e-05
 8.14279e-05
 2.00705e-04
 4.99286e-04
 1.22409e-03
 2.83302e-03
 6.15275e-03
 1.29059e-02
 2.27286e-02
 3.52642e-02
 4.36195e-02
 3.92088e-02
 2.61075e-02
 1.24891e-02
 4.33653e-03
 1.23116e-03
 3.22644e-04
 8.21332e-05
 2.05901e-05
 5.09241e-06
 1.24079e-06
 2.97210e-07
 6.98683e-08
 1.62347e-08
 4.40520e-09
 0.00000e+00
 0.00000e+00
 0.00000e+00
 0.00000e+00
 3.63259e-13
 6.84371e-12
 5.18161e-11
 1.39649e-10
 4.39621e-10
 6.97260e-09
 2.07922e-08
 1.83055e-08
 2.68261e-09
 0.00000e+00
 1.11620e-06
 4.88113e-06
 4.96447e-06
 8.56443e-07
 0.00000e+00
 7.07436e-06
 4.70801e-05
 7.96370e-05
 4.30573e-05
 2.93116e-06
 0.00000e+00
 2.06246e-05
 8.14279e-05
 2.00705e-04
 4.99286e-04
 1.22409e-03
 2.83302e-03
 6.15275e-03
 1.29059e-02
 2.27286e-02
 3.52642e-02
 4.36195e-02
 3.92088e-02
 2.61075e-02
 1.24891e-02
 4.33653e-03
 1.23116e-03
 3.22644e-04
 8.21332e-05
 2.05901e-05
 5.09241e-06
 1.24079e-06
 2.97210e-07
 6.98683e-08
 1.62347e-08
 4.40520e-09
 0.00000e+00
 0.00000e+00
 0.00000e+00
 0.00000e+00
 3.63259e-13
 6.84371e-12
 5.18161e-11
 1.39649e-10
 4.39621e-10
 6.97260e-09
 2.07922e-08
 1.83055e-08
 2.68261e-09
 0.00000e+00
 1.11620e-06
 4.88113e-06
 4.96447e-06
 8.56443e-07
 0.00000e+00
 7.07436e-06
 4.70801e-05
 7.96370e-05
 4.30573e-05
 2.93116e-06
 0.00000e+00
 2.06246e-05
 8.14279e-05
 2.00705e-04
 4.99286e-04
 1.22409e-03
 2.83302e-03
 6.15275e-03
 1.29059e-02
 2.27286e-02
 3.52642e-02
 4.36195e-02
 3.92088e-02
 2.61075e-02
 1.24891e-02
 4.33653e-03
 1.23116e-03
 3.22644e-04
 8.21332e-05
 2.05901e-05
 5.09241e-06
 1.24079e-06
 2.97210e-07
 6.98683e-08
 1.62347e-08
 4.40520e-09
 0.00000e+00
 0.00000e+00
 0.00000e+00
 0.00000e+00
 3.63259e-13
 6.84371e-12
 5.18161e-11
 1.39649e-10
 4.39621e-10
 6.97260e-09
 2.07922e-08
 1.83055e-08
 2.68261e-09
 0.00000e+00
 1.11620e-06
 4.88113e-06
 4.96447e-06
 8.56443e-07
 0.00000e+00
 7.07436e-06
 4.70801e-05
 7.96370e-05
 4.30573e-05
 2.93116e-06
 0.00000e+00
 2.06246e-05
 8.14279e-05
 2.00705e-04
 4.99286e-04
 1.22409e-03
 2.83302e-03
 6.15275e-03
 1.29059e-02
 2.27286e-02
 3.52642e-02
 4.36195e-02
 3.92088e-02
 2.61075e-02
 1.24891e-02
 4.33653e-03
 1.23116e-03
 3.22644e-04
 8.21332e-05
 2.05901e-05
 5.09241e-06
 1.24079e-06
 2.97210e-07
 6.98683e-08
 1.62347e-08
 4.40520e-09
 0.00000e+00
 0.00000e+00
 0.00000e+00
 0.00000e+00
 3.63259e-13
 6.84371e-12
 5.18161e-11
 1.39649e-10
 4.39621e-10
 6.97260e-09
 2.07922e-08
 1.83055e-08
 2.68261e-09
 0.00000e+00
 1.11620e-06
 4.88113e-06
 4.96447e-06
 8.56443e-07
 0.00000e+00
 7.07436e-06
 4.70801e-05
 7.96370e-05
 4.30573e-05
 2.93116e-06
 0.00000e+00
 2.06246e-05
 8.14279e-05
 2.00705e-04
 4.99286e-04
 1.22409e-03
 2.83302e-03
 6.15275e-03
 1.29059e-02
 2.27286e-02
 3.52642e-02
 4.36195e-02
 3.92088e-02
 2.61075e-02
 1.24891e-02
 4.33653e-03
 1.23116e-03
 3.22644e-04
 8.21332e-05
 2.05901e-05
 5.09241e-06
 1.24079e-06
 2.97210e-07
 6.98683e-08
 1.62347e-08
 4.40520e-09
part
         3
hexa8
 2.78606e-31
 9.87282e-16
 9.87282e-16
 0.00000e+00
 3.14093e-31
 6.81820e-47
 5.40854e-47
 0.00000e+00
 0.00000e+00
 0.00000e+00
 0.00000e+00
 0.00000e+00
 0.00000e+00
 0.00000e+00
 0.00000e+00
 0.00000e+00
 0.00000e+00
 0.00000e+00
 0.00000e+00
 0.00000e+00
 0.00000e+00
 0.00000e+00
 0.00000e+00
 0.00000e+00
 0.00000e+00
 0.00000e+00
 0.00000e+00
 0.00000e+00
 0.00000e+00
 0.00000e+00
 0.00000e+00
 0.00000e+00
 0.00000e+00
 0.00000e+00
 0.00000e+00
 0.00000e+00
 0.00000e+00
 0.00000e+00
 0.00000e+00
 0.00000e+00
 0.00000e+00
 0.00000e+00
 0.00000e+00
 0.00000e+00
 0.00000e+00
 0.00000e+00
 0.00000e+00
 0.00000e+00
 0.00000e+00
 0.00000e+00
 9.87282e-16
 3.05073e-31
 1.18069e-31
 3.14301e-32
 8.86832e-48
 9.87282e-16
 6.73739e-31
 0.00000e+00
 0.00000e+00
 0.00000e+00
 0.00000e+00
 0.00000e+00
 0.00000e+00
 0.00000e+00
 0.00000e+00
 0.00000e+00
 0.00000e+00
 0.00000e+00
 0.00000e+00
 0.00000e+00
 0.00000e+00
 0.00000e+00
 0.00000e+00
 0.00000e+00
 0.00000e+00
 0.00000e+00
 0.00000e+00
 0.00000e+00
 0.00000e+00
 0.00000e+00
 0.00000e+00
 0.00000e+00
 0.00000e+00
 0.00000e+00
 0.00000e+00
 0.00000e+00
 0.00000e+00
 0.00000e+00
 0.00000e+00
 0.00000e+00
 0.00000e+00
 0.00000e+00
 0.00000e+00
 0.00000e+00
 0.00000e+00
 0.00000e+00
 0.00000e+00
 0.00000e+00
 0.00000e+00
 0.00000e+00
 2.19736e-31
 9.87282e-16
 2.50235e-49
 0.00000e+00
 6.06375e-65
 1.18309e-31
 6.15520e-47
 0.00000e+00
 0.00000e+00
 0.00000e+00
 0.00000e+00
 0.00000e+00
 0.00000e+00
 0.00000e+00
 0.00000e+00
 0.00000e+00
 0.00000e+00
 0.00000e+00
 0.00000e+00
 0.00000e+00
 0.00000e+00
 0.00000e+00
 0.00000e+00
 0.00000e+00
 0.00000e+00
 0.00000e+00
 0.00000e+00
 0.00000e+00
 0.00000e+00
 0.00000e+00
 0.00000e+00
 0.00000e+00
 0.00000e+00
 0.00000e+00
 0.00000e+00
 0.00000e+00
 0.00000e+00
 0.00000e+00
 0.00000e+00
 0.00000e+00
 0.00000e+00
 0.00000e+00
 0.00000e+00
 0.00000e+00
 0.00000e+00
 0.00000e+00
 0.00000e+00
 0.00000e+00
 0.00000e+00
 0.00000e+00
 9.87282e-16
 9.87282e-16
 2.30359e-32
 2.16787e-31
 1.32486e-31
 5.45911e-31
 1.97456e-15
 4.85588e-47
 0.00000e+00
 0.00000e+00
 0.00000e+00
 0.00000e+00
 0.00000e+00
 0.00000e+00
 0.00000e+00
 0.00000e+00
 0.00000e+00
 0.00000e+00
 0.00000e+00
 0.00000e+00
 0.00000e+00
 0.00000e+00
 0.00000e+00
 0.00000e+00
 0.00000e+00
 0.00000e+00
 0.00000e+00
 0.00000e+00
 0.00000e+00
 0.00000e+00
 0.00000e+00
 0.00000e+00
 0.00000e+00
 0.00000e+00
 0.00000e+00
 0.00000e+00
 0.00000e+00
 0.00000e+00
 0.00000e+00
 0.00000e+00
 0.00000e+00
 0.00000e+00
 0.00000e+00
 0.00000e+00
 0.00000e+00
 0.00000e+00
 0.00000e+00
 0.00000e+00
 0.00000e+00
 0.00000e+00
 3.18977e-31
 2.97014e-32
 9.87282e-16
 1.97456e-15
 5.89280e-32
 3.15054e-31
 9.87282e-16
 2.14624e-31
 0.00000e+00
 0.00000e+00
 0.00000e+00
 0.00000e+00
 0.00000e+00
 0.00000e+00
 0.00000e+00
 0.00000e+00
 0.00000e+00
 0.00000e+00
 0.00000e+00
 0.00000e+00
 0.00000e+00
 0.00000e+00
 0.00000e+00
 0.00000e+00
 0.00000e+00
 0.00000e+00
 0.00000e+00
 0.00000e+00
 0.00000e+00
 0.00000e+00
 0.00000e+00
 0.00000e+00
 0.00000e+00
 0.00000e+00
 0.00000e+00
 0.00000e+00
 0.00000e+00
 0.00000e+00
 0.00000e+00
 0.00000e+00
 0.00000e+00
 0.00000e+00
 0.00000e+00
 0.00000e+00
 0.00000e+00
 0.00000e+00
 0.00000e+00
 0.00000e+00
 0.00000e+00
 0.00000e+00
 1.97456e-15
 9.87282e-16
 2.62516e-32
 9.30279e-32
 5.98702e-48
 9.22210e-48
 9.80185e-32
 0.00000e+00
 0.00000e+00
 0.00000e+00
 0.00000e+00
 0.00000e+00
 0.00000e+00
 0.00000e+00
 0.00000e+00
 0.00000e+00
 0.00000e+00
 0.00000e+00
 0.00000e+00
 0.00000e+00
 0.00000e+00
 0.00000e+00
 0.00000e+00
 0.00000e+00
 0.00000e+00
 0.00000e+00
 0.00000e+00
 0.00000e+00
 0.00000e+00
 0.00000e+00
 0.00000e+00
 0.00000e+00
 0.00000e+00
 0.00000e+00
 0.00000e+00
 0.00000e+00
 0.00000e+00
 0.00000e+00
 0.00000e+00
 0.00000e+00
 0.00000e+00
 0.00000e+00
 0.00000e+00
 0.00000e+00
 0.00000e+00
 0.00000e+00
 0.00000e+00
 0.00000e+00
 0.00000e+00
 0.00000e+00
 9.87282e-16
 5.09643e-32
 9.87282e-16
 1.27201e-31
 4.98903e-49
 1.26867e-32
 9.87282e-16
 6.33604e-32
 9.87282e-16
 9.11794e-31
 0.00000e+00
 0.00000e+00
 0.00000e+00
 0.00000e+00
 0.00000e+00
 0.00000e+00
 0.00000e+00
 0.00000e+00
 0.00000e+00
 0.00000e+00
 0.00000e+00
 0.00000e+00
 0.00000e+00
 0.00000e+00
 0.00000e+00
 0.00000e+00
 0.00000e+00
 0.00000e+00
 0.00000e+00
 0.00000e+00
 0.00000e+00
 0.00000e+00
 0.00000e+00
 0.00000e+00
 0.00000e+00
 0.00000e+00
 0.00000e+00
 0.00000e+00
 0.00000e+00
 0.00000e+00
 0.00000e+00
 0.00000e+00
 0.00000e+00
 0.00000e+00
 0.00000e+00
 0.00000e+00
 0.00000e+00
 0.00000e+00
 0.00000e+00
 0.00000e+00
 2.61203e-31
 1.57035e-31
 5.64879e-47
 9.87282e-16
 8.03781e-32
 1.97456e-15
 9.87282e-16
 2.38453e-31
 0.00000e+00
 3.54848e-47
 0.00000e+00
 0.00000e+00
 0.00000e+00
 0.00000e+00
 0.00000e+00
 0.00000e+00
 0.00000e+00
 0.00000e+00
 0.00000e+00
 0.00000e+00
 0.00000e+00
 0.00000e+00
 0.00000e+00
 0.00000e+00
 0.00000e+00
 0.00000e+00
 0.00000e+00
 0.00000e+00
 0.00000e+00
 0.00000e+00
 0.00000e+00
 0.00000e+00
 0.00000e+00
 0.00000e+00
 0.00000e+00
 0.00000e+00
 0.00000e+00
 0.00000e+00
 0.00000e+00
 0.00000e+00
 0.00000e+00
 0.00000e+00
 0.00000e+00
 0.00000e+00
 0.00000e+00
 0.00000e+00
 0.00000e+00
 0.00000e+00
 0.00000e+00
 0.00000e+00
 9.87282e-16
 9.87282e-16
 6.07008e-31
 9.87282e-16
 3.42073e-31
 9.87282e-16
 9.81342e-32
 0.00000e+00
 0.00000e+00
 0.00000e+00
 0.00000e+00
 0.00000e+00
 0.00000e+00
 0.00000e+00
 0.00000e+00
 0.00000e+00
 0.00000e+00
 0.00000e+00
 0.00000e+00
 0.00000e+00
 0.00000e+00
 0.00000e+00
 0.00000e+00
 0.00000e+00
 0.00000e+00
 0.00000e+00
 0.00000e+00
 0.00000e+00
 0.00000e+00
 0.00000e+00
 0.00000e+00
 0.00000e+00
 0.00000e+00
 0.00000e+00
 0.00000e+00
 0.00000e+00
 0.00000e+00
 0.00000e+00
 0.00000e+00
 0.00000e+00
 0.00000e+00
 0.00000e+00
 0.00000e+00
 0.00000e+00
 0.00000e+00
 0.00000e+00
 0.00000e+00
 0.00000e+00
 0.00000e+00
 0.00000e+00
 2.96185e-15
 1.14442e-30
 2.96185e-15
 7.74262e-31
 9.87282e-16
 6.72528e-31
 2.96185e-15
 2.22112e-47
 3.18267e-32
 0.00000e+00
 0.00000e+00
 0.00000e+00
 0.00000e+00
 0.00000e+00
 0.00000e+00
 0.00000e+00
 0.00000e+00
 0.00000e+00
 0.00000e+00
 0.00000e+00
 0.00000e+00
 0.00000e+00
 0.00000e+00
 0.00000e+00
 0.00000e+00
 0.00000e+00
 0.00000e+00
 0.00000e+00
 0.00000e+00
 0.00000e+00
 0.00000e+00
 0.00000e+00
 0.00000e+00
 0.00000e+00
 0.00000e+00
 0.00000e+00
 0.00000e+00
 0.00000e+00
 0.00000e+00
 0.00000e+00
 0.00000e+00
 0.00000e+00
 0.00000e+00
 0.00000e+00
 0.00000e+00
 0.00000e+00
 0.00000e+00
 0.00000e+00
 0.00000e+00
 0.00000e+00
 1.02190e-32
 3.22962e-47
 2.88804e-63
 1.97456e-15
 2.29077e-31
 5.46652e-31
 9.91810e-32
 4.32656e-47
 0.00000e+00
 0.00000e+00
 0.00000e+00
 0.00000e+00
 0.00000e+00
 0.00000e+00
 0.00000e+00
 0.00000e+00
 0.00000e+00
 0.00000e+00
 0.00000e+00
 0.00000e+00
 0.00000e+00
 0.00000e+00
 0.00000e+00
 0.00000e+00
 0.00000e+00
 0.00000e+00
 0.00000e+00
 0.00000e+00
 0.00000e+00
 0.00000e+00
 0.00000e+00
 0.00000e+00
 0.00000e+00
 0.00000e+00
 0.00000e+00
 0.00000e+00
 0.00000e+00
 0.00000e+00
 0.00000e+00
 0.00000e+00
 0.00000e+00
 0.00000e+00
 0.00000e+00
 0.00000e+00
 0.00000e+00
 0.00000e+00
 0.00000e+00
 0.00000e+00
 0.00000e+00
 0.00000e+00
 0.00000e+00
 0.00000e+00
 2.71901e-48
 1.37905e-30
 1.97456e-15
 1.97456e-15
 0.00000e+00
 0.00000e+00
 0.00000e+00
 0.00000e+00
 0.00000e+00
 0.00000e+00
 0.00000e+00
 0.00000e+00
 0.00000e+00
 0.00000e+00
 0.00000e+00
 0.00000e+00
 0.00000e+00
 0.00000e+00
 0.00000e+00
 0.00000e+00
 0.00000e+00
 0.00000e+00
 0.00000e+00
 0.00000e+00
 0.00000e+00
 0.00000e+00
 0.00000e+00
 0.00000e+00
 0.00000e+00
 0.00000e+00
 0.00000e+00
 0.00000e+00
 0.00000e+00
 0.00000e+00
 0.00000e+00
 0.00000e+00
 0.00000e+00
 0.00000e+00
 0.00000e+00
 0.00000e+00
 0.00000e+00
 0.00000e+00
 0.00000e+00
 0.00000e+00
 0.00000e+00
 0.00000e+00
 0.00000e+00
 0.00000e+00
 8.24582e-31
 2.45059e-46
 2.45282e-31
 9.25548e-47
 9.87282e-16
 1.94703e-31
 3.54781e-31
 0.00000e+00
 0.00000e+00
 0.00000e+00
 0.00000e+00
 0.00000e+00
 0.00000e+00
 0.00000e+00
 0.00000e+00
 0.00000e+00
 0.00000e+00
 0.00000e+00
 0.00000e+00
 0.00000e+00
 0.00000e+00
 0.00000e+00
 0.00000e+00
 0.00000e+00
 0.00000e+00
 0.00000e+00
 0.00000e+00
 0.00000e+00
 0.00000e+00
 0.00000e+00
 0.00000e+00
 0.00000e+00
 0.00000e+00
 0.00000e+00
 0.00000e+00
 0.00000e+00
 0.00000e+00
 0.00000e+00
 0.00000e+00
 0.00000e+00
 0.00000e+00
 0.00000e+00
 0.00000e+00
 0.00000e+00
 0.00000e+00
 0.00000e+00
 0.00000e+00
 0.00000e+00
 0.00000e+00
 0.00000e+00
 9.87282e-16
 1.02205e-30
 2.92845e-47
 0.00000e+00
 3.28727e-48
 3.94913e-15
 3.15630e-30
 2.42284e-31
 0.00000e+00
 0.00000e+00
 0.00000e+00
 0.00000e+00
 0.00000e+00
 0.00000e+00
 0.00000e+00
 0.00000e+00
 0.00000e+00
 0.00000e+00
 0.00000e+00
 0.00000e+00
 0.00000e+00
 0.00000e+00
 0.00000e+00
 0.00000e+00
 0.00000e+00
 0.00000e+00
 0.00000e+00
 0.00000e+00
 0.00000e+00
 0.00000e+00
 0.00000e+00
 0.00000e+00
 0.00000e+00
 0.00000e+00
 0.00000e+00
 0.00000e+00
 0.00000e+00
 0.00000e+00
 0.00000e+00
 0.00000e+00
 0.00000e+00
 0.00000e+00
 0.00000e+00
 0.00000e+00
 0.00000e+00
 0.00000e+00
 0.00000e+00
 0.00000e+00
 0.00000e+00
 0.00000e+00
 2.58714e-31
 1.97456e-15
 1.52274e-31
 0.00000e+00
 3.30844e-32
 1.97456e-15
 1.97456e-15
 9.87282e-16
 0.00000e+00
 0.00000e+00
 0.00000e+00
 0.00000e+00
 0.00000e+00
 0.00000e+00
 0.00000e+00
 0.00000e+00
 0.00000e+00
 0.00000e+00
 0.00000e+00
 0.00000e+00
 0.00000e+00
 0.00000e+00
 0.00000e+00
 0.00000e+00
 0.00000e+00
 0.00000e+00
 0.00000e+00
 0.00000e+00
 0.00000e+00
 0.00000e+00
 0.00000e+00
 0.00000e+00
 0.00000e+00
 0.00000e+00
 0.00000e+00
 0.00000e+00
 0.00000e+00
 0.00000e+00
 0.00000e+00
 0.00000e+00
 0.00000e+00
 0.00000e+00
 0.00000e+00
 0.00000e+00
 0.00000e+00
 0.00000e+00
 0.00000e+00
 0.00000e+00
 0.00000e+00
 0.00000e+00
part
         4
hexa8
 0.00000e+00
 0.00000e+00
 0.00000e+00
 0.00000e+00
 3.63259e-13
 6.84371e-12
 5.18161e-11
 1.39649e-10
 4.39621e-10
 6.97260e-09
 2.07922e-08
 1.83055e-08
 2.68261e-09
 0.00000e+00
 1.11620e-06
 4.88113e-06
 4.96447e-06
 8.56443e-07
 0.00000e+00
 7.07436e-06
 4.70801e-05
 7.96370e-05
 4.30573e-05
 2.93116e-06
 0.00000e+00
 2.06246e-05
 8.14279e-05
 2.00705e-04
 4.99286e-04
 1.22409e-03
 2.83302e-03
 6.15275e-03
 1.29059e-02
 2.27286e-02
 3.52642e-02
 4.36195e-02
 3.92088e-02
 2.61075e-02
 1.24891e-02
 4.33653e-03
 1.23116e-03
 3.22644e-04
 8.21332e-05
 2.05901e-05
 5.09241e-06
 1.24079e-06
 2.97210e-07
 6.98683e-08
 1.62347e-08
 4.40520e-09
 0.00000e+00
 0.00000e+00
 0.00000e+00
 0.00000e+00
 3.63259e-13
 6.84371e-12
 5.18161e-11
 1.39649e-10
 4.39621e-10
 6.97260e-09
 2.07922e-08
 1.83055e-08
 2.68261e-09
 0.00000e+00
 1.11620e-06
 4.88113e-06
 4.96447e-06
 8.56443e-07
 0.00000e+00
 7.07436e-06
 4.70801e-05
 7.96370e-05
 4.30573e-05
 2.93116e-06
 0.00000e+00
 2.06246e-05
 8.14279e-05
 2.00705e-04
 4.99286e-04
 1.22409e-03
 2.83302e-03
 6.15275e-03
 1.29059e-02
 2.27286e-02
 3.52642e-02
 4.36195e-02
 3.92088e-02
 2.61075e-02
 1.24891e-02
 4.33653e-03
 1.23116e-03
 3.22644e-04
 8.21332e-05
 2.05901e-05
 5.09241e-06
 1.24079e-06
 2.97210e-07
 6.98683e-08
 1.62347e-08
 4.40520e-09
 0.00000e+00
 0.00000e+00
 0.00000e+00
 0.00000e+00
 3.63259e-13
 6.84371e-12
 5.18161e-11
 1.39649e-10
 4.39621e-10
 6.97260e-09
 2.07922e-08
 1.83055e-08
 2.68261e-09
 0.00000e+00
 1.11620e-06
 4.88113e-06
 4.96447e-06
 8.56443e-07
 0.00000e+00
 7.07436e-06
 4.70801e-05
 7.96370e-05
 4.30573e-05
 2.93116e-06
 0.00000e+00
 2.06246e-05
 8.14279e-05
 2.00705e-04
 4.99286e-04
 1.22409e-03
 2.83302e-03
 6.15275e-03
 1.29059e-02
 2.27286e-02
 3.52642e-02
 4.36195e-02
 3.92088e-02
 2.61075e-02
 1.24891e-02
 4.33653e-03
 1.23116e-03
 3.22644e-04
 8.21332e-05
 2.05901e-05
 5.09241e-06
 1.24079e-06
 2.97210e-07
 6.98683e-08
 1.62347e-08
 4.40520e-09
 0.00000e+00
 0.00000e+00
 0.00000e+00
 0.00000e+00
 3.63259e-13
 6.84371e-12
 5.18161e-11
 1.39649e-10
 4.39621e-10
 6.97260e-09
 2.07922e-08
 1.83055e-08
 2.68261e-09
 0.00000e+00
 1.11620e-06
 4.88113e-06
 4.96447e-06
 8.56443e-07
 0.00000e+00
 7.07436e-06
 4.70801e-05
 7.96370e-05
 4.30573e-05
 2.93116e-06
 0.00000e+00
 2.06246e-05
 8.14279e-05
 2.00705e-04
 4.99286e-04
 1.22409e-03
 2.83302e-03
 6.15275e-03
 1.29059e-02
 2.27286e-02
 3.52642e-02
 4.36195e-02
 3.92088e-02
 2.61075e-02
 1.24891e-02
 4.33653e-03
 1.23116e-03
 3.22644e-04
 8.21332e-05
 2.05901e-05
 5.09241e-06
 1.24079e-06
 2.97210e-07
 6.98683e-08
 1.62347e-08
 4.40520e-09
 0.00000e+00
 0.00000e+00
 0.00000e+00
 0.00000e+00
 3.63259e-13
 6.84371e-12
 5.18161e-11
 1.39649e-10
 4.39621e-10
 6.97260e-09
 2.07922e-08
 1.83055e-08
 2.68261e-09
 0.00000e+00
 1.11620e-06
 4.88113e-06
 4.96447e-06
 8.56443e-07
 0.00000e+00
 7.07436e-06
 4.70801e-05
 7.96370e-05
 4.30573e-05
 2.93116e-06
 0.00000e+00
 2.06246e-05
 8.14279e-05
 2.00705e-04
 4.99286e-04
 1.22409e-03
 2.83302e-03
 6.15275e-03
 1.29059e-02
 2.27286e-02
 3.52642e-02
 4.36195e-02
 3.92088e-02
 2.61075e-02
 1.24891e-02
 4.33653e-03
 1.23116e-03
 3.22644e-04
 8.21332e-05
 2.05901e-05
 5.09241e-06
 1.24079e-06
 2.97210e-07
 6.98683e-08
 1.62347e-08
 4.40520e-09
 0.00000e+00
 0.00000e+00
 0.00000e+00
 0.00000e+00
 3.63259e-13
 6.84371e-12
 5.18161e-11
 1.39649e-10
 4.39621e-10
 6.97260e-09
 2.07922e-08
 1.83055e-08
 2.68261e-09
 0.00000e+00
 1.11620e-06
 4.88113e-06
 4.96447e-06
 8.56443e-07
 0.00000e+00
 7.07436e-06
 4.70801e-05
 7.96370e-05
 4.30573e-05
 2.93116e-06
 0.00000e+00
 2.06246e-05
 8.14279e-05
 2.00705e-04
 4.99286e-04
 1.22409e-03
 2.83302e-03
 6.15275e-03
 1.29059e-02
 2.27286e-02
 3.52642e-02
 4.36195e-02
 3.92088e-02
 2.61075e-02
 1.24891e-02
 4.33653e-03
 1.23116e-03
 3.22644e-04
 8.21332e-05
 2.05901e-05
 5.09241e-06
 1.24079e-06
 2.97210e-07
 6.98683e-08
 1.62347e-08
 4.40520e-09
 0.00000e+00
 0.00000e+00
 0.00000e+00
 0.00000e+00
 3.63259e-13
 6.84371e-12
 5.18161e-11
 1.39649e-10
 4.39621e-10
 6.97260e-09
 2.07922e-08
 1.83055e-08
 2.68261e-09
 0.00000e+00
 1.11620e-06
 4.88113e-06
 4.96447e-06
 8.56443e-07
 0.00000e+00
 7.07436e-06
 4.70801e-05
 7.96370e-05
 4.30573e-05
 2.93116e-06
 0.00000e+00
 2.06246e-05
 8.14279e-05
 2.00705e-04
 4.99286e-04
 1.22409e-03
 2.83302e-03
 6.15275e-03
 1.29059e-02
 2.27286e-02
 3.52642e-02
 4.36195e-02
 3.92088e-02
 2.61075e-02
 1.24891e-02
 4.33653e-03
 1.23116e-03
 3.22644e-04
 8.21332e-05
 2.05901e-05
 5.09241e-06
 1.24079e-06
 2.97210e-07
 6.98683e-08
 1.62347e-08
 4.40520e-09
 0.00000e+00
 0.00000e+00
 0.00000e+00
 0.00000e+00
 3.63259e-13
 6.84371e-12
 5.18161e-11
 1.39649e-10
 4.39621e-10
 6.97260e-09
 2.07922e-08
 1.83055e-08
 2.68261e-09
 0.00000e+00
 1.11620e-06
 4.88113e-06
 4.96447e-06
 8.56443e-07
 0.00000e+00
 7.07436e-06
 4.70801e-05
 7.96370e-05
 4.30573e-05
 2.93116e-06
 0.00000e+00
 2.06246e-05
 8.14279e-05
 2.00705e-04
 4.99286e-04
 1.22409e-03
 2.83302e-03
 6.15275e-03
 1.29059e-02
 2.27286e-02
 3.52642e-02
 4.36195e-02
 3.92088e-02
 2.61075e-02
 1.24891e-02
 4.33653e-03
 1.23116e-03
 3.22644e-04
 8.21332e-05
 2.05901e-05
 5.09241e-06
 1.24079e-06
 2.97210e-07
 6.98683e-08
 1.62347e-08
 4.40520e-09
 0.00000e+00
 0.00000e+00
 0.00000e+00
 0.00000e+00
 3.63259e-13
 6.84371e-12
 5.18161e-11
 1.39649e-10
 4.39621e-10
 6.97260e-09
 2.07922e-08
 1.83055e-08
 2.68261e-09
 0.00000e+00
 1.11620e-06
 4.88113e-06
 4.96447e-06
 8.56443e-07
 0.00000e+00
 7.07436e-06
 4.70801e-05
 7.96370e-05
 4.30573e-05
 2.93116e-06
 0.00000e+00
 2.06246e-05
 8.14279e-05
 2.00705e-04
 4.99286e-04
 1.22409e-03
 2.83302e-03
 6.15275e-03
 1.29059e-02
 2.27286e-02
 3.52642e-02
 4.36195e-02
 3.92088e-02
 2.61075e-02
 1.24891e-02
 4.33653e-03
 1.23116e-03
 3.22644e-04
 8.21332e-05
 2.05901e-05
 5.09241e-06
 1.24079e-06
 2.97210e-07
 6.98683e-08
 1.62347e-08
 4.40520e-09
 0.00000e+00
 0.00000e+00
 0.00000e+00
 0.00000e+00
 3.63259e-13
 6.84371e-12
 5.18161e-11
 1.39649e-10
 4.39621e-10
 6.97260e-09
 2.07922e-08
 1.83055e-08
 2.68261e-09
 0.00000e+00
 1.11620e-06
 4.88113e-06
 4.96447e-06
 8.56443e-07
 0.00000e+00
 7.07436e-06
 4.70801e-05
 7.96370e-05
 4.30573e-05
 2.93116e-06
 0.00000e+00
 2.06246e-05
 8.14279e-05
 2.00705e-04
 4.99286e-04
 1.22409e-03
 2.83302e-03
 6.15275e-03
 1.29059e-02
 2.27286e-02
 3.52642e-02
 4.36195e-02
 3.92088e-02
 2.61075e-02
 1.24891e-02
 4.33653e-03
 1.23116e-03
 3.22644e-04
 8.21332e-05
 2.05901e-05
 5.09241e-06
 1.24079e-06
 2.97210e-07
 6.98683e-08
 1.62347e-08
 4.40520e-09
 0.00000e+00
 0.00000e+00
 0.00000e+00
 0.00000e+00
 3.63259e-13
 6.84371e-12
 5.18161e-11
 1.39649e-10
 4.39621e-10
 6.97260e-09
 2.07922e-08
 1.83055e-08
 2.68261e-09
 0.00000e+00
 1.11620e-06
 4.88113e-06
 4.96447e-06
 8.56443e-07
 0.00000e+00
 7.07436e-06
 4.70801e-05
 7.96370e-05
 4.30573e-05
 2.93116e-06
 0.00000e+00
 2.06246e-05
 8.14279e-05
 2.00705e-04
 4.99286e-04
 1.22409e-03
 2.83302e-03
 6.15275e-03
 1.29059e-02
 2.27286e-02
 3.52642e-02
 4.36195e-02
 3.92088e-02
 2.61075e-02
 1.24891e-02
 4.33653e-03
 1.23116e-03
 3.22644e-04
 8.21332e-05
 2.05901e-05
 5.09241e-06
 1.24079e-06
 2.97210e-07
 6.98683e-08
 1.62347e-08
 4.40520e-09
 0.00000e+00
 0.00000e+00
 0.00000e+00
 0.00000e+00
 3.63259e-13
 6.84371e-12
 5.18161e-11
 1.39649e-10
 4.39621e-10
 6.97260e-09
 2.07922e-08
 1.83055e-08
 2.68261e-09
 0.00000e+00
 1.11620e-06
 4.88113e-06
 4.96447e-06
 8.56443e-07
 0.00000e+00
 7.07436e-06
 4.70801e-05
 7.96370e-05
 4.30573e-05
 2.93116e-06
 0.00000e+00
 2.06246e-05
 8.14279e-05
 2.00705e-04
 4.99286e-04
 1.22409e-03
 2.83302e-03
 6.15275e-03
 1.29059e-02
 2.27286e-02
 3.52642e-02
 4.36195e-02
 3.92088e-02
 2.61075e-02
 1.24891e-02
 4.33653e-03
 1.23116e-03
 3.22644e-04
 8.21332e-05
 2.05901e-05
 5.09241e-06
 1.24079e-06
 2.97210e-07
 6.98683e-08
 1.62347e-08
 4.40520e-09
 0.00000e+00
 0.00000e+00
 0.00000e+00
 0.00000e+00
 3.63259e-13
 6.84371e-12
 5.18161e-11
 1.39649e-10
 4.39621e-10
 6.97260e-09
 2.07922e-08
 1.83055e-08
 2.68261e-09
 0.00000e+00
 1.11620e-06
 4.88113e-06
 4.96447e-06
 8.56443e-07
 0.00000e+00
 7.07436e-06
 4.70801e-05
 7.96370e-05
 4.30573e-05
 2.93116e-06
 0.00000e+00
 2.06246e-05
 8.14279e-05
 2.00705e-04
 4.99286e-04
 1.22409e-03
 2.83302e-03
 6.15275e-03
 1.29059e-02
 2.27286e-02
 3.52642e-02
 4.36195e-02
 3.92088e-02
 2.61075e-02
 1.24891e-02
 4.33653e-03
 1.23116e-03
 3.22644e-04
 8.21332e-05
 2.05901e-05
 5.09241e-06
 1.24079e-06
 2.97210e-07
 6.98683e-08
 1.62347e-08
 4.40520e-09
 0.00000e+00
 0.00000e+00
 0.00000e+00
 0.00000e+00
 3.63259e-13
 6.84371e-12
 5.18161e-11
 1.39649e-10
 4.39621e-10
 6.97260e-09
 2.07922e-08
 1.83055e-08
 2.68261e-09
 0.00000e+00
 1.11620e-06
 4.88113e-06
 4.96447e-06
 8.56443e-07
 0.00000e+00
 7.07436e-06
 4.70801e-05
 7.96370e-05
 4.30573e-05
 2.93116e-06
 0.00000e+00
 2.06246e-05
 8.14279e-05
 2.00705e-04
 4.99286e-04
 1.22409e-03
 2.83302e-03
 6.15275e-03
 1.29059e-02
 2.27286e-02
 3.52642e-02
 4.36195e-02
 3.92088e-02
 2.61075e-02
 1.24891e-02
 4.33653e-03
 1.23116e-03
 3.22644e-04
 8.21332e-05
 2.05901e-05
 5.09241e-06
 1.24079e-06
 2.97210e-07
 6.98683e-08
 1.62347e-08
 4.40520e-09
 0.00000e+00
 0.00000e+00
 0.00000e+00
 0.00000e+00
 3.63259e-13
 6.84371e-12
 5.18161e-11
 1.39649e-10
 4.39621e-10
 6.97260e-09
 2.07922e-08
 1.83055e-08
 2.68261e-09
 0.00000e+00
 1.11620e-06
 4.88113e-06
 4.96447e-06
 8.56443e-07
 0.00000e+00
 7.07436e-06
 4.70801e-05
 7.96370e-05
 4.30573e-05
 2.93116e-06
 0.00000e+00
 2.06246e-05
 8.14279e-05
 2.00705e-04
 4.99286e-04
 1.22409e-03
 2.83302e-03
 6.15275e-03
 1.29059e-02
 2.27286e-02
 3.52642e-02
 4.36195e-02
 3.92088e-02
 2.61075e-02
 1.24891e-02
 4.33653e-03
 1.23116e-03
 3.22644e-04
 8.21332e-05
 2.05901e-05
 5.09241e-06
 1.24079e-06
 2.97210e-07
 6.98683e-08
 1.62347e-08
 4.40520e-09
