InternalEnergy
part
         1
hexa8
 2.50000e+00
 2.50000e+00
 2.50000e+00
 2.50000e+00
 2.50000e+00
 2.50000e+00
 2.50000e+00
 2.50000e+00
 2.50000e+00
 2.50000e+00
 2.50000e+00
 2.50000e+00
 2.50000e+00
 2.50000e+00
 2.50000e+00
 2.50000e+00
 2.50000e+00
 2.50000e+00
 2.50000e+00
 2.49999e+00
 2.49994e+00
 2.49974e+00
 2.49904e+00
 2.49692e+00
 2.49160e+00
 2.50000e+00
 2.50000e+00
 2.50000e+00
 2.50000e+00
 2.50000e+00
 2.50000e+00
 2.50000e+00
 2.50000e+00
 2.50000e+00
 2.50000e+00
 2.50000e+00
 2.50000e+00
 2.50000e+00
 2.50000e+00
 2.50000e+00
 2.50000e+00
 2.50000e+00
 2.50000e+00
 2.50000e+00
 2.49999e+00
 2.49994e+00
 2.49974e+00
 2.49904e+00
 2.49692e+00
 2.49160e+00
 2.50000e+00
 2.50000e+00
 2.50000e+00
 2.50000e+00
 2.50000e+00
 2.50000e+00
 2.50000e+00
 2.50000e+00
 2.50000e+00
 2.50000e+00
 2.50000e+00
 2.50000e+00
 2.50000e+00
 2.50000e+00
 2.50000e+00
 2.50000e+00
 2.50000e+00
 2.50000e+00
 2.50000e+00
 2.49999e+00
 2.49994e+00
 2.49974e+00
 2.49904e+00
 2.49692e+00
 2.49160e+00
 2.50000e+00
 2.50000e+00
 2.50000e+00
 2.50000e+00
 2.50000e+00
 2.50000e+00
 2.50000e+00
 2.50000e+00
 2.50000e+00
 2.50000e+00
 2.50000e+00
 2.50000e+00
 2.50000e+00
 2.50000e+00
 2.50000e+00
 2.50000e+00
 2.50000e+00
 2.50000e+00
 2.50000e+00
 2.49999e+00
 2.49994e+00
 2.49974e+00
 2.49904e+00
 2.49692e+00
 2.49160e+00
 2.50000e+00
 2.50000e+00
 2.50000e+00
 2.50000e+00
 2.50000e+00
 2.50000e+00
 2.50000e+00
 2.50000e+00
 2.50000e+00
 2.50000e+00
 2.50000e+00
 2.50000e+00
 2.50000e+00
 2.50000e+00
 2.50000e+00
 2.50000e+00
 2.50000e+00
 2.50000e+00
 2.50000e+00
 2.49999e+00
 2.49994e+00
 2.49974e+00
 2.49904e+00
 2.49692e+00
 2.49160e+00
 2.50000e+00
 2.50000e+00
 2.50000e+00
 2.50000e+00
 2.50000e+00
 2.50000e+00
 2.50000e+00
 2.50000e+00
 2.50000e+00
 2.50000e+00
 2.50000e+00
 2.50000e+00
 2.50000e+00
 2.50000e+00
 2.50000e+00
 2.50000e+00
 2.50000e+00
 2.50000e+00
 2.50000e+00
 2.49999e+00
 2.49994e+00
 2.49974e+00
 2.49904e+00
 2.49692e+00
 2.49160e+00
 2.50000e+00
 2.50000e+00
 2.50000e+00
 2.50000e+00
 2.50000e+00
 2.50000e+00
 2.50000e+00
 2.50000e+00
 2.50000e+00
 2.50000e+00
 2.50000e+00
 2.50000e+00
 2.50000e+00
 2.50000e+00
 2.50000e+00
 2.50000e+00
 2.50000e+00
 2.50000e+00
 2.50000e+00
 2.49999e+00
 2.49994e+00
 2.49974e+00
 2.49904e+00
 2.49692e+00
 2.49160e+00
 2.50000e+00
 2.50000e+00
 2.50000e+00
 2.50000e+00
 2.50000e+00
 2.50000e+00
 2.50000e+00
 2.50000e+00
 2.50000e+00
 2.50000e+00
 2.50000e+00
 2.50000e+00
 2.50000e+00
 2.50000e+00
 2.50000e+00
 2.50000e+00
 2.50000e+00
 2.50000e+00
 2.50000e+00
 2.49999e+00
 2.49994e+00
 2.49974e+00
 2.49904e+00
 2.49692e+00
 2.49160e+00
 2.50000e+00
 2.50000e+00
 2.50000e+00
 2.50000e+00
 2.50000e+00
 2.50000e+00
 2.50000e+00
 2.50000e+00
 2.50000e+00
 2.50000e+00
 2.50000e+00
 2.50000e+00
 2.50000e+00
 2.50000e+00
 2.50000e+00
 2.50000e+00
 2.50000e+00
 2.50000e+00
 2.50000e+00
 2.49999e+00
 2.49994e+00
 2.49974e+00
 2.49904e+00
 2.49692e+00
 2.49160e+00
 2.50000e+00
 2.50000e+00
 2.50000e+00
 2.50000e+00
 2.50000e+00
 2.50000e+00
 2.50000e+00
 2.50000e+00
 2.50000e+00
 2.50000e+00
 2.50000e+00
 2.50000e+00
 2.50000e+00
 2.50000e+00
 2.50000e+00
 2.50000e+00
 2.50000e+00
 2.50000e+00
 2.50000e+00
 2.49999e+00
 2.49994e+00
 2.49974e+00
 2.49904e+00
 2.49692e+00
 2.49160e+00
 2.50000e+00
 2.50000e+00
 2.50000e+00
 2.50000e+00
 2.50000e+00
 2.50000e+00
 2.50000e+00
 2.50000e+00
 2.50000e+00
 2.50000e+00
 2.50000e+00
 2.50000e+00
 2.50000e+00
 2.50000e+00
 2.50000e+00
 2.50000e+00
 2.50000e+00
 2.50000e+00
 2.50000e+00
 2.49999e+00
 2.49994e+00
 2.49974e+00
 2.49904e+00
 2.49692e+00
 2.49160e+00
 2.50000e+00
 2.50000e+00
 2.50000e+00
 2.50000e+00
 2.50000e+00
 2.50000e+00
 2.50000e+00
 2.50000e+00
 2.50000e+00
 2.50000e+00
 2.50000e+00
 2.50000e+00
 2.50000e+00
 2.50000e+00
 2.50000e+00
 2.50000e+00
 2.50000e+00
 2.50000e+00
 2.50000e+00
 2.49999e+00
 2.49994e+00
 2.49974e+00
 2.49904e+00
 2.49692e+00
 2.49160e+00
 2.50000e+00
 2.50000e+00
 2.50000e+00
 2.50000e+00
 2.50000e+00
 2.50000e+00
 2.50000e+00
 2.50000e+00
 2.50000e+00
 2.50000e+00
 2.50000e+00
 2.50000e+00
 2.50000e+00
 2.50000e+00
 2.50000e+00
 2.50000e+00
 2.50000e+00
 2.50000e+00
 2.50000e+00
 2.49999e+00
 2.49994e+00
 2.49974e+00
 2.49904e+00
 2.49692e+00
 2.49160e+00
 2.50000e+00
 2.50000e+00
 2.50000e+00
 2.50000e+00
 2.50000e+00
 2.50000e+00
 2.50000e+00
 2.50000e+00
 2.50000e+00
 2.50000e+00
 2.50000e+00
 2.50000e+00
 2.50000e+00
 2.50000e+00
 2.50000e+00
 2.50000e+00
 2.50000e+00
 2.50000e+00
 2.50000e+00
 2.49999e+00
 2.49994e+00
 2.49974e+00
 2.49904e+00
 2.49692e+00
 2.49160e+00
 2.50000e+00
 2.50000e+00
 2.50000e+00
 2.50000e+00
 2.50000e+00
 2.50000e+00
 2.50000e+00
 2.50000e+00
 2.50000e+00
 2.50000e+00
 2.50000e+00
 2.50000e+00
 2.50000e+00
 2.50000e+00
 2.50000e+00
 2.50000e+00
 2.50000e+00
 2.50000e+00
 2.50000e+00
 2.49999e+00
 2.49994e+00
 2.49974e+00
 2.49904e+00
 2.49692e+00
 2.49160e+00
 2.50000e+00
 2.50000e+00
 2.50000e+00
 2.50000e+00
 2.50000e+00
 2.50000e+00
 2.50000e+00
 2.50000e+00
 2.50000e+00
 2.50000e+00
 2.50000e+00
 2.50000e+00
 2.50000e+00
 2.50000e+00
 2.50000e+00
 2.50000e+00
 2.50000e+00
 2.50000e+00
 2.50000e+00
 2.49999e+00
 2.49994e+00
 2.49974e+00
 2.49904e+00
 2.49692e+00
 2.49160e+00
 2.50000e+00
 2.50000e+00
 2.50000e+00
 2.50000e+00
 2.50000e+00
 2.50000e+00
 2.50000e+00
 2.50000e+00
 2.50000e+00
 2.50000e+00
 2.50000e+00
 2.50000e+00
 2.50000e+00
 2.50000e+00
 2.50000e+00
 2.50000e+00
 2.50000e+00
 2.50000e+00
 2.50000e+00
 2.49999e+00
 2.49994e+00
 2.49974e+00
 2.49904e+00
 2.49692e+00
 2.49160e+00
 2.50000e+00
 2.50000e+00
 2.50000e+00
 2.50000e+00
 2.50000e+00
 2.50000e+00
 2.50000e+00
 2.50000e+00
 2.50000e+00
 2.50000e+00
 2.50000e+00
 2.50000e+00
 2.50000e+00
 2.50000e+00
 2.50000e+00
 2.50000e+00
 2.50000e+00
 2.50000e+00
 2.50000e+00
 2.49999e+00
 2.49994e+00
 2.49974e+00
 2.49904e+00
 2.49692e+00
 2.49160e+00
 2.50000e+00
 2.50000e+00
 2.50000e+00
 2.50000e+00
 2.50000e+00
 2.50000e+00
 2.50000e+00
 2.50000e+00
 2.50000e+00
 2.50000e+00
 2.50000e+00
 2.50000e+00
 2.50000e+00
 2.50000e+00
 2.50000e+00
 2.50000e+00
 2.50000e+00
 2.50000e+00
 2.50000e+00
 2.49999e+00
 2.49994e+00
 2.49974e+00
 2.49904e+00
 2.49692e+00
 2.49160e+00
 2.50000e+00
 2.50000e+00
 2.50000e+00
 2.50000e+00
 2.50000e+00
 2.50000e+00
 2.50000e+00
 2.50000e+00
 2.50000e+00
 2.50000e+00
 2.50000e+00
 2.50000e+00
 2.50000e+00
 2.50000e+00
 2.50000e+00
 2.50000e+00
 2.50000e+00
 2.50000e+00
 2.50000e+00
 2.49999e+00
 2.49994e+00
 2.49974e+00
 2.49904e+00
 2.49692e+00
 2.49160e+00
 2.50000e+00
 2.50000e+00
 2.50000e+00
 2.50000e+00
 2.50000e+00
 2.50000e+00
 2.50000e+00
 2.50000e+00
 2.50000e+00
 2.50000e+00
 2.50000e+00
 2.50000e+00
 2.50000e+00
 2.50000e+00
 2.50000e+00
 2.50000e+00
 2.50000e+00
 2.50000e+00
 2.50000e+00
 2.49999e+00
 2.49994e+00
 2.49974e+00
 2.49904e+00
 2.49692e+00
 2.49160e+00
 2.50000e+00
 2.50000e+00
 2.50000e+00
 2.50000e+00
 2.50000e+00
 2.50000e+00
 2.50000e+00
 2.50000e+00
 2.50000e+00
 2.50000e+00
 2.50000e+00
 2.50000e+00
 2.50000e+00
 2.50000e+00
 2.50000e+00
 2.50000e+00
 2.50000e+00
 2.50000e+00
 2.50000e+00
 2.49999e+00
 2.49994e+00
 2.49974e+00
 2.49904e+00
 2.49692e+00
 2.49160e+00
 2.50000e+00
 2.50000e+00
 2.50000e+00
 2.50000e+00
 2.50000e+00
 2.50000e+00
 2.50000e+00
 2.50000e+00
 2.50000e+00
 2.50000e+00
 2.50000e+00
 2.50000e+00
 2.50000e+00
 2.50000e+00
 2.50000e+00
 2.50000e+00
 2.50000e+00
 2.50000e+00
 2.50000e+00
 2.49999e+00
 2.49994e+00
 2.49974e+00
 2.49904e+00
 2.49692e+00
 2.49160e+00
 2.50000e+00
 2.50000e+00
 2.50000e+00
 2.50000e+00
 2.50000e+00
 2.50000e+00
 2.50000e+00
 2.50000e+00
 2.50000e+00
 2.50000e+00
 2.50000e+00
 2.50000e+00
 2.50000e+00
 2.50000e+00
 2.50000e+00
 2.50000e+00
 2.50000e+00
 2.50000e+00
 2.50000e+00
 2.49999e+00
 2.49994e+00
 2.49974e+00
 2.49904e+00
 2.49692e+00
 2.49160e+00
 2.50000e+00
 2.50000e+00
 2.50000e+00
 2.50000e+00
 2.50000e+00
 2.50000e+00
 2.50000e+00
 2.50000e+00
 2.50000e+00
 2.50000e+00
 2.50000e+00
 2.50000e+00
 2.50000e+00
 2.50000e+00
 2.50000e+00
 2.50000e+00
 2.50000e+00
 2.50000e+00
 2.50000e+00
 2.49999e+00
 2.49994e+00
 2.49974e+00
 2.49904e+00
 2.49692e+00
 2.49160e+00
part
         2
hexa8
 2.48063e+00
 2.46238e+00
 2.43752e+00
 2.40850e+00
 2.37756e+00
 2.34593e+00
 2.31417e+00
 2.28252e+00
 2.25108e+00
 2.21995e+00
 2.18926e+00
 2.15909e+00
 2.12949e+00
 2.10048e+00
 2.07209e+00
 2.04431e+00
 2.01717e+00
 1.99070e+00
 1.96495e+00
 1.94001e+00
 1.91600e+00
 1.89309e+00
 1.87149e+00
 1.85148e+00
 1.83341e+00
 2.48063e+00
 2.46238e+00
 2.43752e+00
 2.40850e+00
 2.37756e+00
 2.34593e+00
 2.31417e+00
 2.28252e+00
 2.25108e+00
 2.21995e+00
 2.18926e+00
 2.15909e+00
 2.12949e+00
 2.10048e+00
 2.07209e+00
 2.04431e+00
 2.01717e+00
 1.99070e+00
 1.96495e+00
 1.94001e+00
 1.91600e+00
 1.89309e+00
 1.87149e+00
 1.85148e+00
 1.83341e+00
 2.48063e+00
 2.46238e+00
 2.43752e+00
 2.40850e+00
 2.37756e+00
 2.34593e+00
 2.31417e+00
 2.28252e+00
 2.25108e+00
 2.21995e+00
 2.18926e+00
 2.15909e+00
 2.12949e+00
 2.10048e+00
 2.07209e+00
 2.04431e+00
 2.01717e+00
 1.99070e+00
 1.96495e+00
 1.94001e+00
 1.91600e+00
 1.89309e+00
 1.87149e+00
 1.85148e+00
 1.83341e+00
 2.48063e+00
 2.46238e+00
 2.43752e+00
 2.40850e+00
 2.37756e+00
 2.34593e+00
 2.31417e+00
 2.28252e+00
 2.25108e+00
 2.21995e+00
 2.18926e+00
 2.15909e+00
 2.12949e+00
 2.10048e+00
 2.07209e+00
 2.04431e+00
 2.01717e+00
 1.99070e+00
 1.96495e+00
 1.94001e+00
 1.91600e+00
 1.89309e+00
 1.87149e+00
 1.85148e+00
 1.83341e+00
 2.48063e+00
 2.46238e+00
 2.43752e+00
 2.40850e+00
 2.37756e+00
 2.34593e+00
 2.31417e+00
 2.28252e+00
 2.25108e+00
 2.21995e+00
 2.18926e+00
 2.15909e+00
 2.12949e+00
 2.10048e+00
 2.07209e+00
 2.04431e+00
 2.01717e+00
 1.99070e+00
 1.96495e+00
 1.94001e+00
 1.91600e+00
 1.89309e+00
 1.87149e+00
 1.85148e+00
 1.83341e+00
 2.48063e+00
 2.46238e+00
 2.43752e+00
 2.40850e+00
 2.37756e+00
 2.34593e+00
 2.31417e+00
 2.28252e+00
 2.25108e+00
 2.21995e+00
 2.18926e+00
 2.15909e+00
 2.12949e+00
 2.10048e+00
 2.07209e+00
 2.04431e+00
 2.01717e+00
 1.99070e+00
 1.96495e+00
 1.94001e+00
 1.91600e+00
 1.89309e+00
 1.87149e+00
 1.85148e+00
 1.83341e+00
 2.48063e+00
 2.46238e+00
 2.43752e+00
 2.40850e+00
 2.37756e+00
 2.34593e+00
 2.31417e+00
 2.28252e+00
 2.25108e+00
 2.21995e+00
 2.18926e+00
 2.15909e+00
 2.12949e+00
 2.10048e+00
 2.07209e+00
 2.04431e+00
 2.01717e+00
 1.99070e+00
 1.96495e+00
 1.94001e+00
 1.91600e+00
 1.89309e+00
 1.87149e+00
 1.85148e+00
 1.83341e+00
 2.48063e+00
 2.46238e+00
 2.43752e+00
 2.40850e+00
 2.37756e+00
 2.34593e+00
 2.31417e+00
 2.28252e+00
 2.25108e+00
 2.21995e+00
 2.18926e+00
 2.15909e+00
 2.12949e+00
 2.10048e+00
 2.07209e+00
 2.04431e+00
 2.01717e+00
 1.99070e+00
 1.96495e+00
 1.94001e+00
 1.91600e+00
 1.89309e+00
 1.87149e+00
 1.85148e+00
 1.83341e+00
 2.48063e+00
 2.46238e+00
 2.43752e+00
 2.40850e+00
 2.37756e+00
 2.34593e+00
 2.31417e+00
 2.28252e+00
 2.25108e+00
 2.21995e+00
 2.18926e+00
 2.15909e+00
 2.12949e+00
 2.10048e+00
 2.07209e+00
 2.04431e+00
 2.01717e+00
 1.99070e+00
 1.96495e+00
 1.94001e+00
 1.91600e+00
 1.89309e+00
 1.87149e+00
 1.85148e+00
 1.83341e+00
 2.48063e+00
 2.46238e+00
 2.43752e+00
 2.40850e+00
 2.37756e+00
 2.34593e+00
 2.31417e+00
 2.28252e+00
 2.25108e+00
 2.21995e+00
 2.18926e+00
 2.15909e+00
 2.12949e+00
 2.10048e+00
 2.07209e+00
 2.04431e+00
 2.01717e+00
 1.99070e+00
 1.96495e+00
 1.94001e+00
 1.91600e+00
 1.89309e+00
 1.87149e+00
 1.85148e+00
 1.83341e+00
 2.48063e+00
 2.46238e+00
 2.43752e+00
 2.40850e+00
 2.37756e+00
 2.34593e+00
 2.31417e+00
 2.28252e+00
 2.25108e+00
 2.21995e+00
 2.18926e+00
 2.15909e+00
 2.12949e+00
 2.10048e+00
 2.07209e+00
 2.04431e+00
 2.01717e+00
 1.99070e+00
 1.96495e+00
 1.94001e+00
 1.91600e+00
 1.89309e+00
 1.87149e+00
 1.85148e+00
 1.83341e+00
 2.48063e+00
 2.46238e+00
 2.43752e+00
 2.40850e+00
 2.37756e+00
 2.34593e+00
 2.31417e+00
 2.28252e+00
 2.25108e+00
 2.21995e+00
 2.18926e+00
 2.15909e+00
 2.12949e+00
 2.10048e+00
 2.07209e+00
 2.04431e+00
 2.01717e+00
 1.99070e+00
 1.96495e+00
 1.94001e+00
 1.91600e+00
 1.89309e+00
 1.87149e+00
 1.85148e+00
 1.83341e+00
 2.48063e+00
 2.46238e+00
 2.43752e+00
 2.40850e+00
 2.37756e+00
 2.34593e+00
 2.31417e+00
 2.28252e+00
 2.25108e+00
 2.21995e+00
 2.18926e+00
 2.15909e+00
 2.12949e+00
 2.10048e+00
 2.07209e+00
 2.04431e+00
 2.01717e+00
 1.99070e+00
 1.96495e+00
 1.94001e+00
 1.91600e+00
 1.89309e+00
 1.87149e+00
 1.85148e+00
 1.83341e+00
 2.48063e+00
 2.46238e+00
 2.43752e+00
 2.40850e+00
 2.37756e+00
 2.34593e+00
 2.31417e+00
 2.28252e+00
 2.25108e+00
 2.21995e+00
 2.18926e+00
 2.15909e+00
 2.12949e+00
 2.10048e+00
 2.07209e+00
 2.04431e+00
 2.01717e+00
 1.99070e+00
 1.96495e+00
 1.94001e+00
 1.91600e+00
 1.89309e+00
 1.87149e+00
 1.85148e+00
 1.83341e+00
 2.48063e+00
 2.46238e+00
 2.43752e+00
 2.40850e+00
 2.37756e+00
 2.34593e+00
 2.31417e+00
 2.28252e+00
 2.25108e+00
 2.21995e+00
 2.18926e+00
 2.15909e+00
 2.12949e+00
 2.10048e+00
 2.07209e+00
 2.04431e+00
 2.01717e+00
 1.99070e+00
 1.96495e+00
 1.94001e+00
 1.91600e+00
 1.89309e+00
 1.87149e+00
 1.85148e+00
 1.83341e+00
 2.48063e+00
 2.46238e+00
 2.43752e+00
 2.40850e+00
 2.37756e+00
 2.34593e+00
 2.31417e+00
 2.28252e+00
 2.25108e+00
 2.21995e+00
 2.18926e+00
 2.15909e+00
 2.12949e+00
 2.10048e+00
 2.07209e+00
 2.04431e+00
 2.01717e+00
 1.99070e+00
 1.96495e+00
 1.94001e+00
 1.91600e+00
 1.89309e+00
 1.87149e+00
 1.85148e+00
 1.83341e+00
 2.48063e+00
 2.46238e+00
 2.43752e+00
 2.40850e+00
 2.37756e+00
 2.34593e+00
 2.31417e+00
 2.28252e+00
 2.25108e+00
 2.21995e+00
 2.18926e+00
 2.15909e+00
 2.12949e+00
 2.10048e+00
 2.07209e+00
 2.04431e+00
 2.01717e+00
 1.99070e+00
 1.96495e+00
 1.94001e+00
 1.91600e+00
 1.89309e+00
 1.87149e+00
 1.85148e+00
 1.83341e+00
 2.48063e+00
 2.46238e+00
 2.43752e+00
 2.40850e+00
 2.37756e+00
 2.34593e+00
 2.31417e+00
 2.28252e+00
 2.25108e+00
 2.21995e+00
 2.18926e+00
 2.15909e+00
 2.12949e+00
 2.10048e+00
 2.07209e+00
 2.04431e+00
 2.01717e+00
 1.99070e+00
 1.96495e+00
 1.94001e+00
 1.91600e+00
 1.89309e+00
 1.87149e+00
 1.85148e+00
 1.83341e+00
 2.48063e+00
 2.46238e+00
 2.43752e+00
 2.40850e+00
 2.37756e+00
 2.34593e+00
 2.31417e+00
 2.28252e+00
 2.25108e+00
 2.21995e+00
 2.18926e+00
 2.15909e+00
 2.12949e+00
 2.10048e+00
 2.07209e+00
 2.04431e+00
 2.01717e+00
 1.99070e+00
 1.96495e+00
 1.94001e+00
 1.91600e+00
 1.89309e+00
 1.87149e+00
 1.85148e+00
 1.83341e+00
 2.48063e+00
 2.46238e+00
 2.43752e+00
 2.40850e+00
 2.37756e+00
 2.34593e+00
 2.31417e+00
 2.28252e+00
 2.25108e+00
 2.21995e+00
 2.18926e+00
 2.15909e+00
 2.12949e+00
 2.10048e+00
 2.07209e+00
 2.04431e+00
 2.01717e+00
 1.99070e+00
 1.96495e+00
 1.94001e+00
 1.91600e+00
 1.89309e+00
 1.87149e+00
 1.85148e+00
 1.83341e+00
 2.48063e+00
 2.46238e+00
 2.43752e+00
 2.40850e+00
 2.37756e+00
 2.34593e+00
 2.31417e+00
 2.28252e+00
 2.25108e+00
 2.21995e+00
 2.18926e+00
 2.15909e+00
 2.12949e+00
 2.10048e+00
 2.07209e+00
 2.04431e+00
 2.01717e+00
 1.99070e+00
 1.96495e+00
 1.94001e+00
 1.91600e+00
 1.89309e+00
 1.87149e+00
 1.85148e+00
 1.83341e+00
 2.48063e+00
 2.46238e+00
 2.43752e+00
 2.40850e+00
 2.37756e+00
 2.34593e+00
 2.31417e+00
 2.28252e+00
 2.25108e+00
 2.21995e+00
 2.18926e+00
 2.15909e+00
 2.12949e+00
 2.10048e+00
 2.07209e+00
 2.04431e+00
 2.01717e+00
 1.99070e+00
 1.96495e+00
 1.94001e+00
 1.91600e+00
 1.89309e+00
 1.87149e+00
 1.85148e+00
 1.83341e+00
 2.48063e+00
 2.46238e+00
 2.43752e+00
 2.40850e+00
 2.37756e+00
 2.34593e+00
 2.31417e+00
 2.28252e+00
 2.25108e+00
 2.21995e+00
 2.18926e+00
 2.15909e+00
 2.12949e+00
 2.10048e+00
 2.07209e+00
 2.04431e+00
 2.01717e+00
 1.99070e+00
 1.96495e+00
 1.94001e+00
 1.91600e+00
 1.89309e+00
 1.87149e+00
 1.85148e+00
 1.83341e+00
 2.48063e+00
 2.46238e+00
 2.43752e+00
 2.40850e+00
 2.37756e+00
 2.34593e+00
 2.31417e+00
 2.28252e+00
 2.25108e+00
 2.21995e+00
 2.18926e+00
 2.15909e+00
 2.12949e+00
 2.10048e+00
 2.07209e+00
 2.04431e+00
 2.01717e+00
 1.99070e+00
 1.96495e+00
 1.94001e+00
 1.91600e+00
 1.89309e+00
 1.87149e+00
 1.85148e+00
 1.83341e+00
 2.48063e+00
 2.46238e+00
 2.43752e+00
 2.40850e+00
 2.37756e+00
 2.34593e+00
 2.31417e+00
 2.28252e+00
 2.25108e+00
 2.21995e+00
 2.18926e+00
 2.15909e+00
 2.12949e+00
 2.10048e+00
 2.07209e+00
 2.04431e+00
 2.01717e+00
 1.99070e+00
 1.96495e+00
 1.94001e+00
 1.91600e+00
 1.89309e+00
 1.87149e+00
 1.85148e+00
 1.83341e+00
part
         3
hexa8
 1.81764e+00
 1.80454e+00
 1.79436e+00
 1.78714e+00
 1.78267e+00
 1.78046e+00
 1.77993e+00
 1.78046e+00
 1.78163e+00
 1.78345e+00
 1.78609e+00
 1.79005e+00
 1.79681e+00
 1.80913e+00
 1.83161e+00
 1.87217e+00
 1.94340e+00
 2.06534e+00
 2.26772e+00
 2.51680e+00
 2.70268e+00
 2.81134e+00
 2.86230e+00
 2.88030e+00
 2.88288e+00
 1.81764e+00
 1.80454e+00
 1.79436e+00
 1.78714e+00
 1.78267e+00
 1.78046e+00
 1.77993e+00
 1.78046e+00
 1.78163e+00
 1.78345e+00
 1.78609e+00
 1.79005e+00
 1.79681e+00
 1.80913e+00
 1.83161e+00
 1.87217e+00
 1.94340e+00
 2.06534e+00
 2.26772e+00
 2.51680e+00
 2.70268e+00
 2.81134e+00
 2.86230e+00
 2.88030e+00
 2.88288e+00
 1.81764e+00
 1.80454e+00
 1.79436e+00
 1.78714e+00
 1.78267e+00
 1.78046e+00
 1.77993e+00
 1.78046e+00
 1.78163e+00
 1.78345e+00
 1.78609e+00
 1.79005e+00
 1.79681e+00
 1.80913e+00
 1.83161e+00
 1.87217e+00
 1.94340e+00
 2.06534e+00
 2.26772e+00
 2.51680e+00
 2.70268e+00
 2.81134e+00
 2.86230e+00
 2.88030e+00
 2.88288e+00
 1.81764e+00
 1.80454e+00
 1.79436e+00
 1.78714e+00
 1.78267e+00
 1.78046e+00
 1.77993e+00
 1.78046e+00
 1.78163e+00
 1.78345e+00
 1.78609e+00
 1.79005e+00
 1.79681e+00
 1.80913e+00
 1.83161e+00
 1.87217e+00
 1.94340e+00
 2.06534e+00
 2.26772e+00
 2.51680e+00
 2.70268e+00
 2.81134e+00
 2.86230e+00
 2.88030e+00
 2.88288e+00
 1.81764e+00
 1.80454e+00
 1.79436e+00
 1.78714e+00
 1.78267e+00
 1.78046e+00
 1.77993e+00
 1.78046e+00
 1.78163e+00
 1.78345e+00
 1.78609e+00
 1.79005e+00
 1.79681e+00
 1.80913e+00
 1.83161e+00
 1.87217e+00
 1.94340e+00
 2.06534e+00
 2.26772e+00
 2.51680e+00
 2.70268e+00
 2.81134e+00
 2.86230e+00
 2.88030e+00
 2.88288e+00
 1.81764e+00
 1.80454e+00
 1.79436e+00
 1.78714e+00
 1.78267e+00
 1.78046e+00
 1.77993e+00
 1.78046e+00
 1.78163e+00
 1.78345e+00
 1.78609e+00
 1.79005e+00
 1.79681e+00
 1.80913e+00
 1.83161e+00
 1.87217e+00
 1.94340e+00
 2.06534e+00
 2.26772e+00
 2.51680e+00
 2.70268e+00
 2.81134e+00
 2.86230e+00
 2.88030e+00
 2.88288e+00
 1.81764e+00
 1.80454e+00
 1.79436e+00
 1.78714e+00
 1.78267e+00
 1.78046e+00
 1.77993e+00
 1.78046e+00
 1.78163e+00
 1.78345e+00
 1.78609e+00
 1.79005e+00
 1.79681e+00
 1.80913e+00
 1.83161e+00
 1.87217e+00
 1.94340e+00
 2.06534e+00
 2.26772e+00
 2.51680e+00
 2.70268e+00
 2.81134e+00
 2.86230e+00
 2.88030e+00
 2.88288e+00
 1.81764e+00
 1.80454e+00
 1.79436e+00
 1.78714e+00
 1.78267e+00
 1.78046e+00
 1.77993e+00
 1.78046e+00
 1.78163e+00
 1.78345e+00
 1.78609e+00
 1.79005e+00
 1.79681e+00
 1.80913e+00
 1.83161e+00
 1.87217e+00
 1.94340e+00
 2.06534e+00
 2.26772e+00
 2.51680e+00
 2.70268e+00
 2.81134e+00
 2.86230e+00
 2.88030e+00
 2.88288e+00
 1.81764e+00
 1.80454e+00
 1.79436e+00
 1.78714e+00
 1.78267e+00
 1.78046e+00
 1.77993e+00
 1.78046e+00
 1.78163e+00
 1.78345e+00
 1.78609e+00
 1.79005e+00
 1.79681e+00
 1.80913e+00
 1.83161e+00
 1.87217e+00
 1.94340e+00
 2.06534e+00
 2.26772e+00
 2.51680e+00
 2.70268e+00
 2.81134e+00
 2.86230e+00
 2.88030e+00
 2.88288e+00
 1.81764e+00
 1.80454e+00
 1.79436e+00
 1.78714e+00
 1.78267e+00
 1.78046e+00
 1.77993e+00
 1.78046e+00
 1.78163e+00
 1.78345e+00
 1.78609e+00
 1.79005e+00
 1.79681e+00
 1.80913e+00
 1.83161e+00
 1.87217e+00
 1.94340e+00
 2.06534e+00
 2.26772e+00
 2.51680e+00
 2.70268e+00
 2.81134e+00
 2.86230e+00
 2.88030e+00
 2.88288e+00
 1.81764e+00
 1.80454e+00
 1.79436e+00
 1.78714e+00
 1.78267e+00
 1.78046e+00
 1.77993e+00
 1.78046e+00
 1.78163e+00
 1.78345e+00
 1.78609e+00
 1.79005e+00
 1.79681e+00
 1.80913e+00
 1.83161e+00
 1.87217e+00
 1.94340e+00
 2.06534e+00
 2.26772e+00
 2.51680e+00
 2.70268e+00
 2.81134e+00
 2.86230e+00
 2.88030e+00
 2.88288e+00
 1.81764e+00
 1.80454e+00
 1.79436e+00
 1.78714e+00
 1.78267e+00
 1.78046e+00
 1.77993e+00
 1.78046e+00
 1.78163e+00
 1.78345e+00
 1.78609e+00
 1.79005e+00
 1.79681e+00
 1.80913e+00
 1.83161e+00
 1.87217e+00
 1.94340e+00
 2.06534e+00
 2.26772e+00
 2.51680e+00
 2.70268e+00
 2.81134e+00
 2.86230e+00
 2.88030e+00
 2.88288e+00
 1.81764e+00
 1.80454e+00
 1.79436e+00
 1.78714e+00
 1.78267e+00
 1.78046e+00
 1.77993e+00
 1.78046e+00
 1.78163e+00
 1.78345e+00
 1.78609e+00
 1.79005e+00
 1.79681e+00
 1.80913e+00
 1.83161e+00
 1.87217e+00
 1.94340e+00
 2.06534e+00
 2.26772e+00
 2.51680e+00
 2.70268e+00
 2.81134e+00
 2.86230e+00
 2.88030e+00
 2.88288e+00
 1.81764e+00
 1.80454e+00
 1.79436e+00
 1.78714e+00
 1.78267e+00
 1.78046e+00
 1.77993e+00
 1.78046e+00
 1.78163e+00
 1.78345e+00
 1.78609e+00
 1.79005e+00
 1.79681e+00
 1.80913e+00
 1.83161e+00
 1.87217e+00
 1.94340e+00
 2.06534e+00
 2.26772e+00
 2.51680e+00
 2.70268e+00
 2.81134e+00
 2.86230e+00
 2.88030e+00
 2.88288e+00
 1.81764e+00
 1.80454e+00
 1.79436e+00
 1.78714e+00
 1.78267e+00
 1.78046e+00
 1.77993e+00
 1.78046e+00
 1.78163e+00
 1.78345e+00
 1.78609e+00
 1.79005e+00
 1.79681e+00
 1.80913e+00
 1.83161e+00
 1.87217e+00
 1.94340e+00
 2.06534e+00
 2.26772e+00
 2.51680e+00
 2.70268e+00
 2.81134e+00
 2.86230e+00
 2.88030e+00
 2.88288e+00
 1.81764e+00
 1.80454e+00
 1.79436e+00
 1.78714e+00
 1.78267e+00
 1.78046e+00
 1.77993e+00
 1.78046e+00
 1.78163e+00
 1.78345e+00
 1.78609e+00
 1.79005e+00
 1.79681e+00
 1.80913e+00
 1.83161e+00
 1.87217e+00
 1.94340e+00
 2.06534e+00
 2.26772e+00
 2.51680e+00
 2.70268e+00
 2.81134e+00
 2.86230e+00
 2.88030e+00
 2.88288e+00
 1.81764e+00
 1.80454e+00
 1.79436e+00
 1.78714e+00
 1.78267e+00
 1.78046e+00
 1.77993e+00
 1.78046e+00
 1.78163e+00
 1.78345e+00
 1.78609e+00
 1.79005e+00
 1.79681e+00
 1.80913e+00
 1.83161e+00
 1.87217e+00
 1.94340e+00
 2.06534e+00
 2.26772e+00
 2.51680e+00
 2.70268e+00
 2.81134e+00
 2.86230e+00
 2.88030e+00
 2.88288e+00
 1.81764e+00
 1.80454e+00
 1.79436e+00
 1.78714e+00
 1.78267e+00
 1.78046e+00
 1.77993e+00
 1.78046e+00
 1.78163e+00
 1.78345e+00
 1.78609e+00
 1.79005e+00
 1.79681e+00
 1.80913e+00
 1.83161e+00
 1.87217e+00
 1.94340e+00
 2.06534e+00
 2.26772e+00
 2.51680e+00
 2.70268e+00
 2.81134e+00
 2.86230e+00
 2.88030e+00
 2.88288e+00
 1.81764e+00
 1.80454e+00
 1.79436e+00
 1.78714e+00
 1.78267e+00
 1.78046e+00
 1.77993e+00
 1.78046e+00
 1.78163e+00
 1.78345e+00
 1.78609e+00
 1.79005e+00
 1.79681e+00
 1.80913e+00
 1.83161e+00
 1.87217e+00
 1.94340e+00
 2.06534e+00
 2.26772e+00
 2.51680e+00
 2.70268e+00
 2.81134e+00
 2.86230e+00
 2.88030e+00
 2.88288e+00
 1.81764e+00
 1.80454e+00
 1.79436e+00
 1.78714e+00
 1.78267e+00
 1.78046e+00
 1.77993e+00
 1.78046e+00
 1.78163e+00
 1.78345e+00
 1.78609e+00
 1.79005e+00
 1.79681e+00
 1.80913e+00
 1.83161e+00
 1.87217e+00
 1.94340e+00
 2.06534e+00
 2.26772e+00
 2.51680e+00
 2.70268e+00
 2.81134e+00
 2.86230e+00
 2.88030e+00
 2.88288e+00
 1.81764e+00
 1.80454e+00
 1.79436e+00
 1.78714e+00
 1.78267e+00
 1.78046e+00
 1.77993e+00
 1.78046e+00
 1.78163e+00
 1.78345e+00
 1.78609e+00
 1.79005e+00
 1.79681e+00
 1.80913e+00
 1.83161e+00
 1.87217e+00
 1.94340e+00
 2.06534e+00
 2.26772e+00
 2.51680e+00
 2.70268e+00
 2.81134e+00
 2.86230e+00
 2.88030e+00
 2.88288e+00
 1.81764e+00
 1.80454e+00
 1.79436e+00
 1.78714e+00
 1.78267e+00
 1.78046e+00
 1.77993e+00
 1.78046e+00
 1.78163e+00
 1.78345e+00
 1.78609e+00
 1.79005e+00
 1.79681e+00
 1.80913e+00
 1.83161e+00
 1.87217e+00
 1.94340e+00
 2.06534e+00
 2.26772e+00
 2.51680e+00
 2.70268e+00
 2.81134e+00
 2.86230e+00
 2.88030e+00
 2.88288e+00
 1.81764e+00
 1.80454e+00
 1.79436e+00
 1.78714e+00
 1.78267e+00
 1.78046e+00
 1.77993e+00
 1.78046e+00
 1.78163e+00
 1.78345e+00
 1.78609e+00
 1.79005e+00
 1.79681e+00
 1.80913e+00
 1.83161e+00
 1.87217e+00
 1.94340e+00
 2.06534e+00
 2.26772e+00
 2.51680e+00
 2.70268e+00
 2.81134e+00
 2.86230e+00
 2.88030e+00
 2.88288e+00
 1.81764e+00
 1.80454e+00
 1.79436e+00
 1.78714e+00
 1.78267e+00
 1.78046e+00
 1.77993e+00
 1.78046e+00
 1.78163e+00
 1.78345e+00
 1.78609e+00
 1.79005e+00
 1.79681e+00
 1.80913e+00
 1.83161e+00
 1.87217e+00
 1.94340e+00
 2.06534e+00
 2.26772e+00
 2.51680e+00
 2.70268e+00
 2.81134e+00
 2.86230e+00
 2.88030e+00
 2.88288e+00
 1.81764e+00
 1.80454e+00
 1.79436e+00
 1.78714e+00
 1.78267e+00
 1.78046e+00
 1.77993e+00
 1.78046e+00
 1.78163e+00
 1.78345e+00
 1.78609e+00
 1.79005e+00
 1.79681e+00
 1.80913e+00
 1.83161e+00
 1.87217e+00
 1.94340e+00
 2.06534e+00
 2.26772e+00
 2.51680e+00
 2.70268e+00
 2.81134e+00
 2.86230e+00
 2.88030e+00
 2.88288e+00
part
         4
hexa8
 2.87952e+00
 2.87438e+00
 2.86874e+00
 2.86227e+00
 2.85346e+00
 2.83935e+00
 2.81494e+00
 2.77264e+00
 2.70265e+00
 2.59656e+00
 2.45504e+00
 2.29589e+00
 2.15577e+00
 2.06459e+00
 2.02105e+00
 2.00578e+00
 2.00146e+00
 2.00036e+00
 2.00009e+00
 2.00002e+00
 2.00000e+00
 2.00000e+00
 2.00000e+00
 2.00000e+00
 2.00000e+00
 2.87952e+00
 2.87438e+00
 2.86874e+00
 2.86227e+00
 2.85346e+00
 2.83935e+00
 2.81494e+00
 2.77264e+00
 2.70265e+00
 2.59656e+00
 2.45504e+00
 2.29589e+00
 2.15577e+00
 2.06459e+00
 2.02105e+00
 2.00578e+00
 2.00146e+00
 2.00036e+00
 2.00009e+00
 2.00002e+00
 2.00000e+00
 2.00000e+00
 2.00000e+00
 2.00000e+00
 2.00000e+00
 2.87952e+00
 2.87438e+00
 2.86874e+00
 2.86227e+00
 2.85346e+00
 2.83935e+00
 2.81494e+00
 2.77264e+00
 2.70265e+00
 2.59656e+00
 2.45504e+00
 2.29589e+00
 2.15577e+00
 2.06459e+00
 2.02105e+00
 2.00578e+00
 2.00146e+00
 2.00036e+00
 2.00009e+00
 2.00002e+00
 2.00000e+00
 2.00000e+00
 2.00000e+00
 2.00000e+00
 2.00000e+00
 2.87952e+00
 2.87438e+00
 2.86874e+00
 2.86227e+00
 2.85346e+00
 2.83935e+00
 2.81494e+00
 2.77264e+00
 2.70265e+00
 2.59656e+00
 2.45504e+00
 2.29589e+00
 2.15577e+00
 2.06459e+00
 2.02105e+00
 2.00578e+00
 2.00146e+00
 2.00036e+00
 2.00009e+00
 2.00002e+00
 2.00000e+00
 2.00000e+00
 2.00000e+00
 2.00000e+00
 2.00000e+00
 2.87952e+00
 2.87438e+00
 2.86874e+00
 2.86227e+00
 2.85346e+00
 2.83935e+00
 2.81494e+00
 2.77264e+00
 2.70265e+00
 2.59656e+00
 2.45504e+00
 2.29589e+00
 2.15577e+00
 2.06459e+00
 2.02105e+00
 2.00578e+00
 2.00146e+00
 2.00036e+00
 2.00009e+00
 2.00002e+00
 2.00000e+00
 2.00000e+00
 2.00000e+00
 2.00000e+00
 2.00000e+00
 2.87952e+00
 2.87438e+00
 2.86874e+00
 2.86227e+00
 2.85346e+00
 2.83935e+00
 2.81494e+00
 2.77264e+00
 2.70265e+00
 2.59656e+00
 2.45504e+00
 2.29589e+00
 2.15577e+00
 2.06459e+00
 2.02105e+00
 2.00578e+00
 2.00146e+00
 2.00036e+00
 2.00009e+00
 2.00002e+00
 2.00000e+00
 2.00000e+00
 2.00000e+00
 2.00000e+00
 2.00000e+00
 2.87952e+00
 2.87438e+00
 2.86874e+00
 2.86227e+00
 2.85346e+00
 2.83935e+00
 2.81494e+00
 2.77264e+00
 2.70265e+00
 2.59656e+00
 2.45504e+00
 2.29589e+00
 2.15577e+00
 2.06459e+00
 2.02105e+00
 2.00578e+00
 2.00146e+00
 2.00036e+00
 2.00009e+00
 2.00002e+00
 2.00000e+00
 2.00000e+00
 2.00000e+00
 2.00000e+00
 2.00000e+00
 2.87952e+00
 2.87438e+00
 2.86874e+00
 2.86227e+00
 2.85346e+00
 2.83935e+00
 2.81494e+00
 2.77264e+00
 2.70265e+00
 2.59656e+00
 2.45504e+00
 2.29589e+00
 2.15577e+00
 2.06459e+00
 2.02105e+00
 2.00578e+00
 2.00146e+00
 2.00036e+00
 2.00009e+00
 2.00002e+00
 2.00000e+00
 2.00000e+00
 2.00000e+00
 2.00000e+00
 2.00000e+00
 2.87952e+00
 2.87438e+00
 2.86874e+00
 2.86227e+00
 2.85346e+00
 2.83935e+00
 2.81494e+00
 2.77264e+00
 2.70265e+00
 2.59656e+00
 2.45504e+00
 2.29589e+00
 2.15577e+00
 2.06459e+00
 2.02105e+00
 2.00578e+00
 2.00146e+00
 2.00036e+00
 2.00009e+00
 2.00002e+00
 2.00000e+00
 2.00000e+00
 2.00000e+00
 2.00000e+00
 2.00000e+00
 2.87952e+00
 2.87438e+00
 2.86874e+00
 2.86227e+00
 2.85346e+00
 2.83935e+00
 2.81494e+00
 2.77264e+00
 2.70265e+00
 2.59656e+00
 2.45504e+00
 2.29589e+00
 2.15577e+00
 2.06459e+00
 2.02105e+00
 2.00578e+00
 2.00146e+00
 2.00036e+00
 2.00009e+00
 2.00002e+00
 2.00000e+00
 2.00000e+00
 2.00000e+00
 2.00000e+00
 2.00000e+00
 2.87952e+00
 2.87438e+00
 2.86874e+00
 2.86227e+00
 2.85346e+00
 2.83935e+00
 2.81494e+00
 2.77264e+00
 2.70265e+00
 2.59656e+00
 2.45504e+00
 2.29589e+00
 2.15577e+00
 2.06459e+00
 2.02105e+00
 2.00578e+00
 2.00146e+00
 2.00036e+00
 2.00009e+00
 2.00002e+00
 2.00000e+00
 2.00000e+00
 2.00000e+00
 2.00000e+00
 2.00000e+00
 2.87952e+00
 2.87438e+00
 2.86874e+00
 2.86227e+00
 2.85346e+00
 2.83935e+00
 2.81494e+00
 2.77264e+00
 2.70265e+00
 2.59656e+00
 2.45504e+00
 2.29589e+00
 2.15577e+00
 2.06459e+00
 2.02105e+00
 2.00578e+00
 2.00146e+00
 2.00036e+00
 2.00009e+00
 2.00002e+00
 2.00000e+00
 2.00000e+00
 2.00000e+00
 2.00000e+00
 2.00000e+00
 2.87952e+00
 2.87438e+00
 2.86874e+00
 2.86227e+00
 2.85346e+00
 2.83935e+00
 2.81494e+00
 2.77264e+00
 2.70265e+00
 2.59656e+00
 2.45504e+00
 2.29589e+00
 2.15577e+00
 2.06459e+00
 2.02105e+00
 2.00578e+00
 2.00146e+00
 2.00036e+00
 2.00009e+00
 2.00002e+00
 2.00000e+00
 2.00000e+00
 2.00000e+00
 2.00000e+00
 2.00000e+00
 2.87952e+00
 2.87438e+00
 2.86874e+00
 2.86227e+00
 2.85346e+00
 2.83935e+00
 2.81494e+00
 2.77264e+00
 2.70265e+00
 2.59656e+00
 2.45504e+00
 2.29589e+00
 2.15577e+00
 2.06459e+00
 2.02105e+00
 2.00578e+00
 2.00146e+00
 2.00036e+00
 2.00009e+00
 2.00002e+00
 2.00000e+00
 2.00000e+00
 2.00000e+00
 2.00000e+00
 2.00000e+00
 2.87952e+00
 2.87438e+00
 2.86874e+00
 2.86227e+00
 2.85346e+00
 2.83935e+00
 2.81494e+00
 2.77264e+00
 2.70265e+00
 2.59656e+00
 2.45504e+00
 2.29589e+00
 2.15577e+00
 2.06459e+00
 2.02105e+00
 2.00578e+00
 2.00146e+00
 2.00036e+00
 2.00009e+00
 2.00002e+00
 2.00000e+00
 2.00000e+00
 2.00000e+00
 2.00000e+00
 2.00000e+00
 2.87952e+00
 2.87438e+00
 2.86874e+00
 2.86227e+00
 2.85346e+00
 2.83935e+00
 2.81494e+00
 2.77264e+00
 2.70265e+00
 2.59656e+00
 2.45504e+00
 2.29589e+00
 2.15577e+00
 2.06459e+00
 2.02105e+00
 2.00578e+00
 2.00146e+00
 2.00036e+00
 2.00009e+00
 2.00002e+00
 2.00000e+00
 2.00000e+00
 2.00000e+00
 2.00000e+00
 2.00000e+00
 2.87952e+00
 2.87438e+00
 2.86874e+00
 2.86227e+00
 2.85346e+00
 2.83935e+00
 2.81494e+00
 2.77264e+00
 2.70265e+00
 2.59656e+00
 2.45504e+00
 2.29589e+00
 2.15577e+00
 2.06459e+00
 2.02105e+00
 2.00578e+00
 2.00146e+00
 2.00036e+00
 2.00009e+00
 2.00002e+00
 2.00000e+00
 2.00000e+00
 2.00000e+00
 2.00000e+00
 2.00000e+00
 2.87952e+00
 2.87438e+00
 2.86874e+00
 2.86227e+00
 2.85346e+00
 2.83935e+00
 2.81494e+00
 2.77264e+00
 2.70265e+00
 2.59656e+00
 2.45504e+00
 2.29589e+00
 2.15577e+00
 2.06459e+00
 2.02105e+00
 2.00578e+00
 2.00146e+00
 2.00036e+00
 2.00009e+00
 2.00002e+00
 2.00000e+00
 2.00000e+00
 2.00000e+00
 2.00000e+00
 2.00000e+00
 2.87952e+00
 2.87438e+00
 2.86874e+00
 2.86227e+00
 2.85346e+00
 2.83935e+00
 2.81494e+00
 2.77264e+00
 2.70265e+00
 2.59656e+00
 2.45504e+00
 2.29589e+00
 2.15577e+00
 2.06459e+00
 2.02105e+00
 2.00578e+00
 2.00146e+00
 2.00036e+00
 2.00009e+00
 2.00002e+00
 2.00000e+00
 2.00000e+00
 2.00000e+00
 2.00000e+00
 2.00000e+00
 2.87952e+00
 2.87438e+00
 2.86874e+00
 2.86227e+00
 2.85346e+00
 2.83935e+00
 2.81494e+00
 2.77264e+00
 2.70265e+00
 2.59656e+00
 2.45504e+00
 2.29589e+00
 2.15577e+00
 2.06459e+00
 2.02105e+00
 2.00578e+00
 2.00146e+00
 2.00036e+00
 2.00009e+00
 2.00002e+00
 2.00000e+00
 2.00000e+00
 2.00000e+00
 2.00000e+00
 2.00000e+00
 2.87952e+00
 2.87438e+00
 2.86874e+00
 2.86227e+00
 2.85346e+00
 2.83935e+00
 2.81494e+00
 2.77264e+00
 2.70265e+00
 2.59656e+00
 2.45504e+00
 2.29589e+00
 2.15577e+00
 2.06459e+00
 2.02105e+00
 2.00578e+00
 2.00146e+00
 2.00036e+00
 2.00009e+00
 2.00002e+00
 2.00000e+00
 2.00000e+00
 2.00000e+00
 2.00000e+00
 2.00000e+00
 2.87952e+00
 2.87438e+00
 2.86874e+00
 2.86227e+00
 2.85346e+00
 2.83935e+00
 2.81494e+00
 2.77264e+00
 2.70265e+00
 2.59656e+00
 2.45504e+00
 2.29589e+00
 2.15577e+00
 2.06459e+00
 2.02105e+00
 2.00578e+00
 2.00146e+00
 2.00036e+00
 2.00009e+00
 2.00002e+00
 2.00000e+00
 2.00000e+00
 2.00000e+00
 2.00000e+00
 2.00000e+00
 2.87952e+00
 2.87438e+00
 2.86874e+00
 2.86227e+00
 2.85346e+00
 2.83935e+00
 2.81494e+00
 2.77264e+00
 2.70265e+00
 2.59656e+00
 2.45504e+00
 2.29589e+00
 2.15577e+00
 2.06459e+00
 2.02105e+00
 2.00578e+00
 2.00146e+00
 2.00036e+00
 2.00009e+00
 2.00002e+00
 2.00000e+00
 2.00000e+00
 2.00000e+00
 2.00000e+00
 2.00000e+00
 2.87952e+00
 2.87438e+00
 2.86874e+00
 2.86227e+00
 2.85346e+00
 2.83935e+00
 2.81494e+00
 2.77264e+00
 2.70265e+00
 2.59656e+00
 2.45504e+00
 2.29589e+00
 2.15577e+00
 2.06459e+00
 2.02105e+00
 2.00578e+00
 2.00146e+00
 2.00036e+00
 2.00009e+00
 2.00002e+00
 2.00000e+00
 2.00000e+00
 2.00000e+00
 2.00000e+00
 2.00000e+00
 2.87952e+00
 2.87438e+00
 2.86874e+00
 2.86227e+00
 2.85346e+00
 2.83935e+00
 2.81494e+00
 2.77264e+00
 2.70265e+00
 2.59656e+00
 2.45504e+00
 2.29589e+00
 2.15577e+00
 2.06459e+00
 2.02105e+00
 2.00578e+00
 2.00146e+00
 2.00036e+00
 2.00009e+00
 2.00002e+00
 2.00000e+00
 2.00000e+00
 2.00000e+00
 2.00000e+00
 2.00000e+00
