NodeMass
part
         1
coordinates
 5.00000e-07
 1.00000e-06
 1.00000e-06
 1.00000e-06
 1.00000e-06
 5.00000e-07
 1.00000e-06
 2.00000e-06
 2.00000e-06
 2.00000e-06
 2.00000e-06
 1.00000e-06
 1.00000e-06
 2.00000e-06
 2.00000e-06
 2.00000e-06
 2.00000e-06
 1.00000e-06
 1.00000e-06
 2.00000e-06
 2.00000e-06
 2.00000e-06
 2.00000e-06
 1.00000e-06
 1.00000e-06
 2.00000e-06
 2.00000e-06
 2.00000e-06
 2.00000e-06
 1.00000e-06
 1.00000e-06
 2.00000e-06
 2.00000e-06
 2.00000e-06
 2.00000e-06
 1.00000e-06
 1.00000e-06
 2.00000e-06
 2.00000e-06
 2.00000e-06
 2.00000e-06
 1.00000e-06
 1.00000e-06
 2.00000e-06
 2.00000e-06
 2.00000e-06
 2.00000e-06
 1.00000e-06
 1.00000e-06
 2.00000e-06
 2.00000e-06
 2.00000e-06
 2.00000e-06
 1.00000e-06
 1.00000e-06
 2.00000e-06
 2.00000e-06
 2.00000e-06
 2.00000e-06
 1.00000e-06
 1.00000e-06
 2.00000e-06
 2.00000e-06
 2.00000e-06
 2.00000e-06
 1.00000e-06
 1.00000e-06
 2.00000e-06
 2.00000e-06
 2.00000e-06
 2.00000e-06
 1.00000e-06
 1.00000e-06
 2.00000e-06
 2.00000e-06
 2.00000e-06
 2.00000e-06
 1.00000e-06
 1.00000e-06
 2.00000e-06
 2.00000e-06
 2.00000e-06
 2.00000e-06
 1.00000e-06
 1.00000e-06
 2.00000e-06
 2.00000e-06
 2.00000e-06
 2.00000e-06
 1.00000e-06
 1.00000e-06
 2.00000e-06
 2.00000e-06
 2.00000e-06
 2.00000e-06
 1.00000e-06
 1.00000e-06
 2.00000e-06
 2.00000e-06
 2.00000e-06
 2.00000e-06
 1.00000e-06
 1.00000e-06
 2.00000e-06
 2.00000e-06
 2.00000e-06
 2.00000e-06
 1.00000e-06
 9.99999e-07
 2.00000e-06
 2.00000e-06
 2.00000e-06
 2.00000e-06
 9.99999e-07
 9.99993e-07
 1.99999e-06
 1.99999e-06
 1.99999e-06
 1.99999e-06
 9.99993e-07
 9.99965e-07
 1.99993e-06
 1.99993e-06
 1.99993e-06
 1.99993e-06
 9.99965e-07
 9.99855e-07
 1.99971e-06
 1.99971e-06
 1.99971e-06
 1.99971e-06
 9.99855e-07
 9.99468e-07
 1.99894e-06
 1.99894e-06
 1.99894e-06
 1.99894e-06
 9.99468e-07
 9.98299e-07
 1.99660e-06
 1.99660e-06
 1.99660e-06
 1.99660e-06
 9.98299e-07
 9.95312e-07
 1.99062e-06
 1.99062e-06
 1.99062e-06
 1.99062e-06
 9.95312e-07
 9.88941e-07
 1.97788e-06
 1.97788e-06
 1.97788e-06
 1.97788e-06
 9.88941e-07
 9.77642e-07
 1.95528e-06
 1.95528e-06
 1.95528e-06
 1.95528e-06
 9.77642e-07
 9.60785e-07
 1.92157e-06
 1.92157e-06
 1.92157e-06
 1.92157e-06
 9.60785e-07
 9.39019e-07
 1.87804e-06
 1.87804e-06
 1.87804e-06
 1.87804e-06
 9.39019e-07
 1.00000e-06
 2.00000e-06
 2.00000e-06
 2.00000e-06
 2.00000e-06
 1.00000e-06
 2.00000e-06
 4.00000e-06
 4.00000e-06
 4.00000e-06
 4.00000e-06
 2.00000e-06
 2.00000e-06
 4.00000e-06
 4.00000e-06
 4.00000e-06
 4.00000e-06
 2.00000e-06
 2.00000e-06
 4.00000e-06
 4.00000e-06
 4.00000e-06
 4.00000e-06
 2.00000e-06
 2.00000e-06
 4.00000e-06
 4.00000e-06
 4.00000e-06
 4.00000e-06
 2.00000e-06
 2.00000e-06
 4.00000e-06
 4.00000e-06
 4.00000e-06
 4.00000e-06
 2.00000e-06
 2.00000e-06
 4.00000e-06
 4.00000e-06
 4.00000e-06
 4.00000e-06
 2.00000e-06
 2.00000e-06
 4.00000e-06
 4.00000e-06
 4.00000e-06
 4.00000e-06
 2.00000e-06
 2.00000e-06
 4.00000e-06
 4.00000e-06
 4.00000e-06
 4.00000e-06
 2.00000e-06
 2.00000e-06
 4.00000e-06
 4.00000e-06
 4.00000e-06
 4.00000e-06
 2.00000e-06
 2.00000e-06
 4.00000e-06
 4.00000e-06
 4.00000e-06
 4.00000e-06
 2.00000e-06
 2.00000e-06
 4.00000e-06
 4.00000e-06
 4.00000e-06
 4.00000e-06
 2.00000e-06
 2.00000e-06
 4.00000e-06
 4.00000e-06
 4.00000e-06
 4.00000e-06
 2.00000e-06
 2.00000e-06
 4.00000e-06
 4.00000e-06
 4.00000e-06
 4.00000e-06
 2.00000e-06
 2.00000e-06
 4.00000e-06
 4.00000e-06
 4.00000e-06
 4.00000e-06
 2.00000e-06
 2.00000e-06
 4.00000e-06
 4.00000e-06
 4.00000e-06
 4.00000e-06
 2.00000e-06
 2.00000e-06
 4.00000e-06
 4.00000e-06
 4.00000e-06
 4.00000e-06
 2.00000e-06
 2.00000e-06
 4.00000e-06
 4.00000e-06
 4.00000e-06
 4.00000e-06
 2.00000e-06
 2.00000e-06
 3.99999e-06
 3.99999e-06
 3.99999e-06
 3.99999e-06
 2.00000e-06
 1.99999e-06
 3.99997e-06
 3.99997e-06
 3.99997e-06
 3.99997e-06
 1.99999e-06
 1.99993e-06
 3.99986e-06
 3.99986e-06
 3.99986e-06
 3.99986e-06
 1.99993e-06
 1.99971e-06
 3.99942e-06
 3.99942e-06
 3.99942e-06
 3.99942e-06
 1.99971e-06
 1.99894e-06
 3.99787e-06
 3.99787e-06
 3.99787e-06
 3.99787e-06
 1.99894e-06
 1.99660e-06
 3.99320e-06
 3.99320e-06
 3.99320e-06
 3.99320e-06
 1.99660e-06
 1.99062e-06
 3.98125e-06
 3.98125e-06
 3.98125e-06
 3.98125e-06
 1.99062e-06
 1.97788e-06
 3.95576e-06
 3.95576e-06
 3.95576e-06
 3.95576e-06
 1.97788e-06
 1.95528e-06
 3.91057e-06
 3.91057e-06
 3.91057e-06
 3.91057e-06
 1.95528e-06
 1.92157e-06
 3.84314e-06
 3.84314e-06
 3.84314e-06
 3.84314e-06
 1.92157e-06
 1.87804e-06
 3.75608e-06
 3.75608e-06
 3.75608e-06
 3.75608e-06
 1.87804e-06
 1.00000e-06
 2.00000e-06
 2.00000e-06
 2.00000e-06
 2.00000e-06
 1.00000e-06
 2.00000e-06
 4.00000e-06
 4.00000e-06
 4.00000e-06
 4.00000e-06
 2.00000e-06
 2.00000e-06
 4.00000e-06
 4.00000e-06
 4.00000e-06
 4.00000e-06
 2.00000e-06
 2.00000e-06
 4.00000e-06
 4.00000e-06
 4.00000e-06
 4.00000e-06
 2.00000e-06
 2.00000e-06
 4.00000e-06
 4.00000e-06
 4.00000e-06
 4.00000e-06
 2.00000e-06
 2.00000e-06
 4.00000e-06
 4.00000e-06
 4.00000e-06
 4.00000e-06
 2.00000e-06
 2.00000e-06
 4.00000e-06
 4.00000e-06
 4.00000e-06
 4.00000e-06
 2.00000e-06
 2.00000e-06
 4.00000e-06
 4.00000e-06
 4.00000e-06
 4.00000e-06
 2.00000e-06
 2.00000e-06
 4.00000e-06
 4.00000e-06
 4.00000e-06
 4.00000e-06
 2.00000e-06
 2.00000e-06
 4.00000e-06
 4.00000e-06
 4.00000e-06
 4.00000e-06
 2.00000e-06
 2.00000e-06
 4.00000e-06
 4.00000e-06
 4.00000e-06
 4.00000e-06
 2.00000e-06
 2.00000e-06
 4.00000e-06
 4.00000e-06
 4.00000e-06
 4.00000e-06
 2.00000e-06
 2.00000e-06
 4.00000e-06
 4.00000e-06
 4.00000e-06
 4.00000e-06
 2.00000e-06
 2.00000e-06
 4.00000e-06
 4.00000e-06
 4.00000e-06
 4.00000e-06
 2.00000e-06
 2.00000e-06
 4.00000e-06
 4.00000e-06
 4.00000e-06
 4.00000e-06
 2.00000e-06
 2.00000e-06
 4.00000e-06
 4.00000e-06
 4.00000e-06
 4.00000e-06
 2.00000e-06
 2.00000e-06
 4.00000e-06
 4.00000e-06
 4.00000e-06
 4.00000e-06
 2.00000e-06
 2.00000e-06
 4.00000e-06
 4.00000e-06
 4.00000e-06
 4.00000e-06
 2.00000e-06
 2.00000e-06
 3.99999e-06
 3.99999e-06
 3.99999e-06
 3.99999e-06
 2.00000e-06
 1.99999e-06
 3.99997e-06
 3.99997e-06
 3.99997e-06
 3.99997e-06
 1.99999e-06
 1.99993e-06
 3.99986e-06
 3.99986e-06
 3.99986e-06
 3.99986e-06
 1.99993e-06
 1.99971e-06
 3.99942e-06
 3.99942e-06
 3.99942e-06
 3.99942e-06
 1.99971e-06
 1.99894e-06
 3.99787e-06
 3.99787e-06
 3.99787e-06
 3.99787e-06
 1.99894e-06
 1.99660e-06
 3.99320e-06
 3.99320e-06
 3.99320e-06
 3.99320e-06
 1.99660e-06
 1.99062e-06
 3.98125e-06
 3.98125e-06
 3.98125e-06
 3.98125e-06
 1.99062e-06
 1.97788e-06
 3.95576e-06
 3.95576e-06
 3.95576e-06
 3.95576e-06
 1.97788e-06
 1.95528e-06
 3.91057e-06
 3.91057e-06
 3.91057e-06
 3.91057e-06
 1.95528e-06
 1.92157e-06
 3.84314e-06
 3.84314e-06
 3.84314e-06
 3.84314e-06
 1.92157e-06
 1.87804e-06
 3.75608e-06
 3.75608e-06
 3.75608e-06
 3.75608e-06
 1.87804e-06
 1.00000e-06
 2.00000e-06
 2.00000e-06
 2.00000e-06
 2.00000e-06
 1.00000e-06
 2.00000e-06
 4.00000e-06
 4.00000e-06
 4.00000e-06
 4.00000e-06
 2.00000e-06
 2.00000e-06
 4.00000e-06
 4.00000e-06
 4.00000e-06
 4.00000e-06
 2.00000e-06
 2.00000e-06
 4.00000e-06
 4.00000e-06
 4.00000e-06
 4.00000e-06
 2.00000e-06
 2.00000e-06
 4.00000e-06
 4.00000e-06
 4.00000e-06
 4.00000e-06
 2.00000e-06
 2.00000e-06
 4.00000e-06
 4.00000e-06
 4.00000e-06
 4.00000e-06
 2.00000e-06
 2.00000e-06
 4.00000e-06
 4.00000e-06
 4.00000e-06
 4.00000e-06
 2.00000e-06
 2.00000e-06
 4.00000e-06
 4.00000e-06
 4.00000e-06
 4.00000e-06
 2.00000e-06
 2.00000e-06
 4.00000e-06
 4.00000e-06
 4.00000e-06
 4.00000e-06
 2.00000e-06
 2.00000e-06
 4.00000e-06
 4.00000e-06
 4.00000e-06
 4.00000e-06
 2.00000e-06
 2.00000e-06
 4.00000e-06
 4.00000e-06
 4.00000e-06
 4.00000e-06
 2.00000e-06
 2.00000e-06
 4.00000e-06
 4.00000e-06
 4.00000e-06
 4.00000e-06
 2.00000e-06
 2.00000e-06
 4.00000e-06
 4.00000e-06
 4.00000e-06
 4.00000e-06
 2.00000e-06
 2.00000e-06
 4.00000e-06
 4.00000e-06
 4.00000e-06
 4.00000e-06
 2.00000e-06
 2.00000e-06
 4.00000e-06
 4.00000e-06
 4.00000e-06
 4.00000e-06
 2.00000e-06
 2.00000e-06
 4.00000e-06
 4.00000e-06
 4.00000e-06
 4.00000e-06
 2.00000e-06
 2.00000e-06
 4.00000e-06
 4.00000e-06
 4.00000e-06
 4.00000e-06
 2.00000e-06
 2.00000e-06
 4.00000e-06
 4.00000e-06
 4.00000e-06
 4.00000e-06
 2.00000e-06
 2.00000e-06
 3.99999e-06
 3.99999e-06
 3.99999e-06
 3.99999e-06
 2.00000e-06
 1.99999e-06
 3.99997e-06
 3.99997e-06
 3.99997e-06
 3.99997e-06
 1.99999e-06
 1.99993e-06
 3.99986e-06
 3.99986e-06
 3.99986e-06
 3.99986e-06
 1.99993e-06
 1.99971e-06
 3.99942e-06
 3.99942e-06
 3.99942e-06
 3.99942e-06
 1.99971e-06
 1.99894e-06
 3.99787e-06
 3.99787e-06
 3.99787e-06
 3.99787e-06
 1.99894e-06
 1.99660e-06
 3.99320e-06
 3.99320e-06
 3.99320e-06
 3.99320e-06
 1.99660e-06
 1.99062e-06
 3.98125e-06
 3.98125e-06
 3.98125e-06
 3.98125e-06
 1.99062e-06
 1.97788e-06
 3.95576e-06
 3.95576e-06
 3.95576e-06
 3.95576e-06
 1.97788e-06
 1.95528e-06
 3.91057e-06
 3.91057e-06
 3.91057e-06
 3.91057e-06
 1.95528e-06
 1.92157e-06
 3.84314e-06
 3.84314e-06
 3.84314e-06
 3.84314e-06
 1.92157e-06
 1.87804e-06
 3.75608e-06
 3.75608e-06
 3.75608e-06
 3.75608e-06
 1.87804e-06
 1.00000e-06
 2.00000e-06
 2.00000e-06
 2.00000e-06
 2.00000e-06
 1.00000e-06
 2.00000e-06
 4.00000e-06
 4.00000e-06
 4.00000e-06
 4.00000e-06
 2.00000e-06
 2.00000e-06
 4.00000e-06
 4.00000e-06
 4.00000e-06
 4.00000e-06
 2.00000e-06
 2.00000e-06
 4.00000e-06
 4.00000e-06
 4.00000e-06
 4.00000e-06
 2.00000e-06
 2.00000e-06
 4.00000e-06
 4.00000e-06
 4.00000e-06
 4.00000e-06
 2.00000e-06
 2.00000e-06
 4.00000e-06
 4.00000e-06
 4.00000e-06
 4.00000e-06
 2.00000e-06
 2.00000e-06
 4.00000e-06
 4.00000e-06
 4.00000e-06
 4.00000e-06
 2.00000e-06
 2.00000e-06
 4.00000e-06
 4.00000e-06
 4.00000e-06
 4.00000e-06
 2.00000e-06
 2.00000e-06
 4.00000e-06
 4.00000e-06
 4.00000e-06
 4.00000e-06
 2.00000e-06
 2.00000e-06
 4.00000e-06
 4.00000e-06
 4.00000e-06
 4.00000e-06
 2.00000e-06
 2.00000e-06
 4.00000e-06
 4.00000e-06
 4.00000e-06
 4.00000e-06
 2.00000e-06
 2.00000e-06
 4.00000e-06
 4.00000e-06
 4.00000e-06
 4.00000e-06
 2.00000e-06
 2.00000e-06
 4.00000e-06
 4.00000e-06
 4.00000e-06
 4.00000e-06
 2.00000e-06
 2.00000e-06
 4.00000e-06
 4.00000e-06
 4.00000e-06
 4.00000e-06
 2.00000e-06
 2.00000e-06
 4.00000e-06
 4.00000e-06
 4.00000e-06
 4.00000e-06
 2.00000e-06
 2.00000e-06
 4.00000e-06
 4.00000e-06
 4.00000e-06
 4.00000e-06
 2.00000e-06
 2.00000e-06
 4.00000e-06
 4.00000e-06
 4.00000e-06
 4.00000e-06
 2.00000e-06
 2.00000e-06
 4.00000e-06
 4.00000e-06
 4.00000e-06
 4.00000e-06
 2.00000e-06
 2.00000e-06
 3.99999e-06
 3.99999e-06
 3.99999e-06
 3.99999e-06
 2.00000e-06
 1.99999e-06
 3.99997e-06
 3.99997e-06
 3.99997e-06
 3.99997e-06
 1.99999e-06
 1.99993e-06
 3.99986e-06
 3.99986e-06
 3.99986e-06
 3.99986e-06
 1.99993e-06
 1.99971e-06
 3.99942e-06
 3.99942e-06
 3.99942e-06
 3.99942e-06
 1.99971e-06
 1.99894e-06
 3.99787e-06
 3.99787e-06
 3.99787e-06
 3.99787e-06
 1.99894e-06
 1.99660e-06
 3.99320e-06
 3.99320e-06
 3.99320e-06
 3.99320e-06
 1.99660e-06
 1.99062e-06
 3.98125e-06
 3.98125e-06
 3.98125e-06
 3.98125e-06
 1.99062e-06
 1.97788e-06
 3.95576e-06
 3.95576e-06
 3.95576e-06
 3.95576e-06
 1.97788e-06
 1.95528e-06
 3.91057e-06
 3.91057e-06
 3.91057e-06
 3.91057e-06
 1.95528e-06
 1.92157e-06
 3.84314e-06
 3.84314e-06
 3.84314e-06
 3.84314e-06
 1.92157e-06
 1.87804e-06
 3.75608e-06
 3.75608e-06
 3.75608e-06
 3.75608e-06
 1.87804e-06
 5.00000e-07
 1.00000e-06
 1.00000e-06
 1.00000e-06
 1.00000e-06
 5.00000e-07
 1.00000e-06
 2.00000e-06
 2.00000e-06
 2.00000e-06
 2.00000e-06
 1.00000e-06
 1.00000e-06
 2.00000e-06
 2.00000e-06
 2.00000e-06
 2.00000e-06
 1.00000e-06
 1.00000e-06
 2.00000e-06
 2.00000e-06
 2.00000e-06
 2.00000e-06
 1.00000e-06
 1.00000e-06
 2.00000e-06
 2.00000e-06
 2.00000e-06
 2.00000e-06
 1.00000e-06
 1.00000e-06
 2.00000e-06
 2.00000e-06
 2.00000e-06
 2.00000e-06
 1.00000e-06
 1.00000e-06
 2.00000e-06
 2.00000e-06
 2.00000e-06
 2.00000e-06
 1.00000e-06
 1.00000e-06
 2.00000e-06
 2.00000e-06
 2.00000e-06
 2.00000e-06
 1.00000e-06
 1.00000e-06
 2.00000e-06
 2.00000e-06
 2.00000e-06
 2.00000e-06
 1.00000e-06
 1.00000e-06
 2.00000e-06
 2.00000e-06
 2.00000e-06
 2.00000e-06
 1.00000e-06
 1.00000e-06
 2.00000e-06
 2.00000e-06
 2.00000e-06
 2.00000e-06
 1.00000e-06
 1.00000e-06
 2.00000e-06
 2.00000e-06
 2.00000e-06
 2.00000e-06
 1.00000e-06
 1.00000e-06
 2.00000e-06
 2.00000e-06
 2.00000e-06
 2.00000e-06
 1.00000e-06
 1.00000e-06
 2.00000e-06
 2.00000e-06
 2.00000e-06
 2.00000e-06
 1.00000e-06
 1.00000e-06
 2.00000e-06
 2.00000e-06
 2.00000e-06
 2.00000e-06
 1.00000e-06
 1.00000e-06
 2.00000e-06
 2.00000e-06
 2.00000e-06
 2.00000e-06
 1.00000e-06
 1.00000e-06
 2.00000e-06
 2.00000e-06
 2.00000e-06
 2.00000e-06
 1.00000e-06
 1.00000e-06
 2.00000e-06
 2.00000e-06
 2.00000e-06
 2.00000e-06
 1.00000e-06
 9.99999e-07
 2.00000e-06
 2.00000e-06
 2.00000e-06
 2.00000e-06
 9.99999e-07
 9.99993e-07
 1.99999e-06
 1.99999e-06
 1.99999e-06
 1.99999e-06
 9.99993e-07
 9.99965e-07
 1.99993e-06
 1.99993e-06
 1.99993e-06
 1.99993e-06
 9.99965e-07
 9.99855e-07
 1.99971e-06
 1.99971e-06
 1.99971e-06
 1.99971e-06
 9.99855e-07
 9.99468e-07
 1.99894e-06
 1.99894e-06
 1.99894e-06
 1.99894e-06
 9.99468e-07
 9.98299e-07
 1.99660e-06
 1.99660e-06
 1.99660e-06
 1.99660e-06
 9.98299e-07
 9.95312e-07
 1.99062e-06
 1.99062e-06
 1.99062e-06
 1.99062e-06
 9.95312e-07
 9.88941e-07
 1.97788e-06
 1.97788e-06
 1.97788e-06
 1.97788e-06
 9.88941e-07
 9.77642e-07
 1.95528e-06
 1.95528e-06
 1.95528e-06
 1.95528e-06
 9.77642e-07
 9.60785e-07
 1.92157e-06
 1.92157e-06
 1.92157e-06
 1.92157e-06
 9.60785e-07
 9.39019e-07
 1.87804e-06
 1.87804e-06
 1.87804e-06
 1.87804e-06
 9.39019e-07
part
         2
coordinates
 9.99468e-07
 1.99894e-06
 1.99894e-06
 1.99894e-06
 1.99894e-06
 9.99468e-07
 9.98299e-07
 1.99660e-06
 1.99660e-06
 1.99660e-06
 1.99660e-06
 9.98299e-07
 9.95312e-07
 1.99062e-06
 1.99062e-06
 1.99062e-06
 1.99062e-06
 9.95312e-07
 9.88941e-07
 1.97788e-06
 1.97788e-06
 1.97788e-06
 1.97788e-06
 9.88941e-07
 9.77642e-07
 1.95528e-06
 1.95528e-06
 1.95528e-06
 1.95528e-06
 9.77642e-07
 9.60785e-07
 1.92157e-06
 1.92157e-06
 1.92157e-06
 1.92157e-06
 9.60785e-07
 9.39019e-07
 1.87804e-06
 1.87804e-06
 1.87804e-06
 1.87804e-06
 9.39019e-07
 9.13735e-07
 1.82747e-06
 1.82747e-06
 1.82747e-06
 1.82747e-06
 9.13735e-07
 8.86301e-07
 1.77260e-06
 1.77260e-06
 1.77260e-06
 1.77260e-06
 8.86301e-07
 8.57727e-07
 1.71545e-06
 1.71545e-06
 1.71545e-06
 1.71545e-06
 8.57727e-07
 8.28663e-07
 1.65733e-06
 1.65733e-06
 1.65733e-06
 1.65733e-06
 8.28663e-07
 7.99506e-07
 1.59901e-06
 1.59901e-06
 1.59901e-06
 1.59901e-06
 7.99506e-07
 7.70489e-07
 1.54098e-06
 1.54098e-06
 1.54098e-06
 1.54098e-06
 7.70489e-07
 7.41734e-07
 1.48347e-06
 1.48347e-06
 1.48347e-06
 1.48347e-06
 7.41734e-07
 7.13291e-07
 1.42658e-06
 1.42658e-06
 1.42658e-06
 1.42658e-06
 7.13291e-07
 6.85173e-07
 1.37035e-06
 1.37035e-06
 1.37035e-06
 1.37035e-06
 6.85173e-07
 6.57392e-07
 1.31478e-06
 1.31478e-06
 1.31478e-06
 1.31478e-06
 6.57392e-07
 6.29940e-07
 1.25988e-06
 1.25988e-06
 1.25988e-06
 1.25988e-06
 6.29940e-07
 6.02332e-07
 1.20466e-06
 1.20466e-06
 1.20466e-06
 1.20466e-06
 6.02332e-07
 5.74260e-07
 1.14852e-06
 1.14852e-06
 1.14852e-06
 1.14852e-06
 5.74260e-07
 5.50931e-07
 1.10186e-06
 1.10186e-06
 1.10186e-06
 1.10186e-06
 5.50931e-07
 5.32619e-07
 1.06524e-06
 1.06524e-06
 1.06524e-06
 1.06524e-06
 5.32619e-07
 5.15164e-07
 1.03033e-06
 1.03033e-06
 1.03033e-06
 1.03033e-06
 5.15164e-07
 4.99229e-07
 9.98458e-07
 9.98458e-07
 9.98458e-07
 9.98458e-07
 4.99229e-07
 4.85149e-07
 9.70297e-07
 9.70297e-07
 9.70297e-07
 9.70297e-07
 4.85149e-07
 4.72900e-07
 9.45801e-07
 9.45801e-07
 9.45801e-07
 9.45801e-07
 4.72900e-07
 4.60891e-07
 9.21783e-07
 9.21783e-07
 9.21783e-07
 9.21783e-07
 4.60891e-07
 4.46363e-07
 8.92727e-07
 8.92727e-07
 8.92727e-07
 8.92727e-07
 4.46363e-07
 4.29709e-07
 8.59419e-07
 8.59419e-07
 8.59419e-07
 8.59419e-07
 4.29709e-07
 4.21057e-07
 8.42114e-07
 8.42114e-07
 8.42114e-07
 8.42114e-07
 4.21057e-07
 4.20697e-07
 8.41393e-07
 8.41393e-07
 8.41393e-07
 8.41393e-07
 4.20697e-07
 4.19580e-07
 8.39160e-07
 8.39160e-07
 8.39160e-07
 8.39160e-07
 4.19580e-07
 1.99894e-06
 3.99787e-06
 3.99787e-06
 3.99787e-06
 3.99787e-06
 1.99894e-06
 1.99660e-06
 3.99320e-06
 3.99320e-06
 3.99320e-06
 3.99320e-06
 1.99660e-06
 1.99062e-06
 3.98125e-06
 3.98125e-06
 3.98125e-06
 3.98125e-06
 1.99062e-06
 1.97788e-06
 3.95576e-06
 3.95576e-06
 3.95576e-06
 3.95576e-06
 1.97788e-06
 1.95528e-06
 3.91057e-06
 3.91057e-06
 3.91057e-06
 3.91057e-06
 1.95528e-06
 1.92157e-06
 3.84314e-06
 3.84314e-06
 3.84314e-06
 3.84314e-06
 1.92157e-06
 1.87804e-06
 3.75608e-06
 3.75608e-06
 3.75608e-06
 3.75608e-06
 1.87804e-06
 1.82747e-06
 3.65494e-06
 3.65494e-06
 3.65494e-06
 3.65494e-06
 1.82747e-06
 1.77260e-06
 3.54520e-06
 3.54520e-06
 3.54520e-06
 3.54520e-06
 1.77260e-06
 1.71545e-06
 3.43091e-06
 3.43091e-06
 3.43091e-06
 3.43091e-06
 1.71545e-06
 1.65733e-06
 3.31465e-06
 3.31465e-06
 3.31465e-06
 3.31465e-06
 1.65733e-06
 1.59901e-06
 3.19803e-06
 3.19803e-06
 3.19803e-06
 3.19803e-06
 1.59901e-06
 1.54098e-06
 3.08196e-06
 3.08196e-06
 3.08196e-06
 3.08196e-06
 1.54098e-06
 1.48347e-06
 2.96694e-06
 2.96694e-06
 2.96694e-06
 2.96694e-06
 1.48347e-06
 1.42658e-06
 2.85316e-06
 2.85316e-06
 2.85316e-06
 2.85316e-06
 1.42658e-06
 1.37035e-06
 2.74069e-06
 2.74069e-06
 2.74069e-06
 2.74069e-06
 1.37035e-06
 1.31478e-06
 2.62957e-06
 2.62957e-06
 2.62957e-06
 2.62957e-06
 1.31478e-06
 1.25988e-06
 2.51976e-06
 2.51976e-06
 2.51976e-06
 2.51976e-06
 1.25988e-06
 1.20466e-06
 2.40933e-06
 2.40933e-06
 2.40933e-06
 2.40933e-06
 1.20466e-06
 1.14852e-06
 2.29704e-06
 2.29704e-06
 2.29704e-06
 2.29704e-06
 1.14852e-06
 1.10186e-06
 2.20372e-06
 2.20372e-06
 2.20372e-06
 2.20372e-06
 1.10186e-06
 1.06524e-06
 2.13048e-06
 2.13048e-06
 2.13048e-06
 2.13048e-06
 1.06524e-06
 1.03033e-06
 2.06066e-06
 2.06066e-06
 2.06066e-06
 2.06066e-06
 1.03033e-06
 9.98458e-07
 1.99692e-06
 1.99692e-06
 1.99692e-06
 1.99692e-06
 9.98458e-07
 9.70297e-07
 1.94059e-06
 1.94059e-06
 1.94059e-06
 1.94059e-06
 9.70297e-07
 9.45801e-07
 1.89160e-06
 1.89160e-06
 1.89160e-06
 1.89160e-06
 9.45801e-07
 9.21783e-07
 1.84357e-06
 1.84357e-06
 1.84357e-06
 1.84357e-06
 9.21783e-07
 8.92727e-07
 1.78545e-06
 1.78545e-06
 1.78545e-06
 1.78545e-06
 8.92727e-07
 8.59419e-07
 1.71884e-06
 1.71884e-06
 1.71884e-06
 1.71884e-06
 8.59419e-07
 8.42114e-07
 1.68423e-06
 1.68423e-06
 1.68423e-06
 1.68423e-06
 8.42114e-07
 8.41393e-07
 1.68279e-06
 1.68279e-06
 1.68279e-06
 1.68279e-06
 8.41393e-07
 8.39160e-07
 1.67832e-06
 1.67832e-06
 1.67832e-06
 1.67832e-06
 8.39160e-07
 1.99894e-06
 3.99787e-06
 3.99787e-06
 3.99787e-06
 3.99787e-06
 1.99894e-06
 1.99660e-06
 3.99320e-06
 3.99320e-06
 3.99320e-06
 3.99320e-06
 1.99660e-06
 1.99062e-06
 3.98125e-06
 3.98125e-06
 3.98125e-06
 3.98125e-06
 1.99062e-06
 1.97788e-06
 3.95576e-06
 3.95576e-06
 3.95576e-06
 3.95576e-06
 1.97788e-06
 1.95528e-06
 3.91057e-06
 3.91057e-06
 3.91057e-06
 3.91057e-06
 1.95528e-06
 1.92157e-06
 3.84314e-06
 3.84314e-06
 3.84314e-06
 3.84314e-06
 1.92157e-06
 1.87804e-06
 3.75608e-06
 3.75608e-06
 3.75608e-06
 3.75608e-06
 1.87804e-06
 1.82747e-06
 3.65494e-06
 3.65494e-06
 3.65494e-06
 3.65494e-06
 1.82747e-06
 1.77260e-06
 3.54520e-06
 3.54520e-06
 3.54520e-06
 3.54520e-06
 1.77260e-06
 1.71545e-06
 3.43091e-06
 3.43091e-06
 3.43091e-06
 3.43091e-06
 1.71545e-06
 1.65733e-06
 3.31465e-06
 3.31465e-06
 3.31465e-06
 3.31465e-06
 1.65733e-06
 1.59901e-06
 3.19803e-06
 3.19803e-06
 3.19803e-06
 3.19803e-06
 1.59901e-06
 1.54098e-06
 3.08196e-06
 3.08196e-06
 3.08196e-06
 3.08196e-06
 1.54098e-06
 1.48347e-06
 2.96694e-06
 2.96694e-06
 2.96694e-06
 2.96694e-06
 1.48347e-06
 1.42658e-06
 2.85316e-06
 2.85316e-06
 2.85316e-06
 2.85316e-06
 1.42658e-06
 1.37035e-06
 2.74069e-06
 2.74069e-06
 2.74069e-06
 2.74069e-06
 1.37035e-06
 1.31478e-06
 2.62957e-06
 2.62957e-06
 2.62957e-06
 2.62957e-06
 1.31478e-06
 1.25988e-06
 2.51976e-06
 2.51976e-06
 2.51976e-06
 2.51976e-06
 1.25988e-06
 1.20466e-06
 2.40933e-06
 2.40933e-06
 2.40933e-06
 2.40933e-06
 1.20466e-06
 1.14852e-06
 2.29704e-06
 2.29704e-06
 2.29704e-06
 2.29704e-06
 1.14852e-06
 1.10186e-06
 2.20372e-06
 2.20372e-06
 2.20372e-06
 2.20372e-06
 1.10186e-06
 1.06524e-06
 2.13048e-06
 2.13048e-06
 2.13048e-06
 2.13048e-06
 1.06524e-06
 1.03033e-06
 2.06066e-06
 2.06066e-06
 2.06066e-06
 2.06066e-06
 1.03033e-06
 9.98458e-07
 1.99692e-06
 1.99692e-06
 1.99692e-06
 1.99692e-06
 9.98458e-07
 9.70297e-07
 1.94059e-06
 1.94059e-06
 1.94059e-06
 1.94059e-06
 9.70297e-07
 9.45801e-07
 1.89160e-06
 1.89160e-06
 1.89160e-06
 1.89160e-06
 9.45801e-07
 9.21783e-07
 1.84357e-06
 1.84357e-06
 1.84357e-06
 1.84357e-06
 9.21783e-07
 8.92727e-07
 1.78545e-06
 1.78545e-06
 1.78545e-06
 1.78545e-06
 8.92727e-07
 8.59419e-07
 1.71884e-06
 1.71884e-06
 1.71884e-06
 1.71884e-06
 8.59419e-07
 8.42114e-07
 1.68423e-06
 1.68423e-06
 1.68423e-06
 1.68423e-06
 8.42114e-07
 8.41393e-07
 1.68279e-06
 1.68279e-06
 1.68279e-06
 1.68279e-06
 8.41393e-07
 8.39160e-07
 1.67832e-06
 1.67832e-06
 1.67832e-06
 1.67832e-06
 8.39160e-07
 1.99894e-06
 3.99787e-06
 3.99787e-06
 3.99787e-06
 3.99787e-06
 1.99894e-06
 1.99660e-06
 3.99320e-06
 3.99320e-06
 3.99320e-06
 3.99320e-06
 1.99660e-06
 1.99062e-06
 3.98125e-06
 3.98125e-06
 3.98125e-06
 3.98125e-06
 1.99062e-06
 1.97788e-06
 3.95576e-06
 3.95576e-06
 3.95576e-06
 3.95576e-06
 1.97788e-06
 1.95528e-06
 3.91057e-06
 3.91057e-06
 3.91057e-06
 3.91057e-06
 1.95528e-06
 1.92157e-06
 3.84314e-06
 3.84314e-06
 3.84314e-06
 3.84314e-06
 1.92157e-06
 1.87804e-06
 3.75608e-06
 3.75608e-06
 3.75608e-06
 3.75608e-06
 1.87804e-06
 1.82747e-06
 3.65494e-06
 3.65494e-06
 3.65494e-06
 3.65494e-06
 1.82747e-06
 1.77260e-06
 3.54520e-06
 3.54520e-06
 3.54520e-06
 3.54520e-06
 1.77260e-06
 1.71545e-06
 3.43091e-06
 3.43091e-06
 3.43091e-06
 3.43091e-06
 1.71545e-06
 1.65733e-06
 3.31465e-06
 3.31465e-06
 3.31465e-06
 3.31465e-06
 1.65733e-06
 1.59901e-06
 3.19803e-06
 3.19803e-06
 3.19803e-06
 3.19803e-06
 1.59901e-06
 1.54098e-06
 3.08196e-06
 3.08196e-06
 3.08196e-06
 3.08196e-06
 1.54098e-06
 1.48347e-06
 2.96694e-06
 2.96694e-06
 2.96694e-06
 2.96694e-06
 1.48347e-06
 1.42658e-06
 2.85316e-06
 2.85316e-06
 2.85316e-06
 2.85316e-06
 1.42658e-06
 1.37035e-06
 2.74069e-06
 2.74069e-06
 2.74069e-06
 2.74069e-06
 1.37035e-06
 1.31478e-06
 2.62957e-06
 2.62957e-06
 2.62957e-06
 2.62957e-06
 1.31478e-06
 1.25988e-06
 2.51976e-06
 2.51976e-06
 2.51976e-06
 2.51976e-06
 1.25988e-06
 1.20466e-06
 2.40933e-06
 2.40933e-06
 2.40933e-06
 2.40933e-06
 1.20466e-06
 1.14852e-06
 2.29704e-06
 2.29704e-06
 2.29704e-06
 2.29704e-06
 1.14852e-06
 1.10186e-06
 2.20372e-06
 2.20372e-06
 2.20372e-06
 2.20372e-06
 1.10186e-06
 1.06524e-06
 2.13048e-06
 2.13048e-06
 2.13048e-06
 2.13048e-06
 1.06524e-06
 1.03033e-06
 2.06066e-06
 2.06066e-06
 2.06066e-06
 2.06066e-06
 1.03033e-06
 9.98458e-07
 1.99692e-06
 1.99692e-06
 1.99692e-06
 1.99692e-06
 9.98458e-07
 9.70297e-07
 1.94059e-06
 1.94059e-06
 1.94059e-06
 1.94059e-06
 9.70297e-07
 9.45801e-07
 1.89160e-06
 1.89160e-06
 1.89160e-06
 1.89160e-06
 9.45801e-07
 9.21783e-07
 1.84357e-06
 1.84357e-06
 1.84357e-06
 1.84357e-06
 9.21783e-07
 8.92727e-07
 1.78545e-06
 1.78545e-06
 1.78545e-06
 1.78545e-06
 8.92727e-07
 8.59419e-07
 1.71884e-06
 1.71884e-06
 1.71884e-06
 1.71884e-06
 8.59419e-07
 8.42114e-07
 1.68423e-06
 1.68423e-06
 1.68423e-06
 1.68423e-06
 8.42114e-07
 8.41393e-07
 1.68279e-06
 1.68279e-06
 1.68279e-06
 1.68279e-06
 8.41393e-07
 8.39160e-07
 1.67832e-06
 1.67832e-06
 1.67832e-06
 1.67832e-06
 8.39160e-07
 1.99894e-06
 3.99787e-06
 3.99787e-06
 3.99787e-06
 3.99787e-06
 1.99894e-06
 1.99660e-06
 3.99320e-06
 3.99320e-06
 3.99320e-06
 3.99320e-06
 1.99660e-06
 1.99062e-06
 3.98125e-06
 3.98125e-06
 3.98125e-06
 3.98125e-06
 1.99062e-06
 1.97788e-06
 3.95576e-06
 3.95576e-06
 3.95576e-06
 3.95576e-06
 1.97788e-06
 1.95528e-06
 3.91057e-06
 3.91057e-06
 3.91057e-06
 3.91057e-06
 1.95528e-06
 1.92157e-06
 3.84314e-06
 3.84314e-06
 3.84314e-06
 3.84314e-06
 1.92157e-06
 1.87804e-06
 3.75608e-06
 3.75608e-06
 3.75608e-06
 3.75608e-06
 1.87804e-06
 1.82747e-06
 3.65494e-06
 3.65494e-06
 3.65494e-06
 3.65494e-06
 1.82747e-06
 1.77260e-06
 3.54520e-06
 3.54520e-06
 3.54520e-06
 3.54520e-06
 1.77260e-06
 1.71545e-06
 3.43091e-06
 3.43091e-06
 3.43091e-06
 3.43091e-06
 1.71545e-06
 1.65733e-06
 3.31465e-06
 3.31465e-06
 3.31465e-06
 3.31465e-06
 1.65733e-06
 1.59901e-06
 3.19803e-06
 3.19803e-06
 3.19803e-06
 3.19803e-06
 1.59901e-06
 1.54098e-06
 3.08196e-06
 3.08196e-06
 3.08196e-06
 3.08196e-06
 1.54098e-06
 1.48347e-06
 2.96694e-06
 2.96694e-06
 2.96694e-06
 2.96694e-06
 1.48347e-06
 1.42658e-06
 2.85316e-06
 2.85316e-06
 2.85316e-06
 2.85316e-06
 1.42658e-06
 1.37035e-06
 2.74069e-06
 2.74069e-06
 2.74069e-06
 2.74069e-06
 1.37035e-06
 1.31478e-06
 2.62957e-06
 2.62957e-06
 2.62957e-06
 2.62957e-06
 1.31478e-06
 1.25988e-06
 2.51976e-06
 2.51976e-06
 2.51976e-06
 2.51976e-06
 1.25988e-06
 1.20466e-06
 2.40933e-06
 2.40933e-06
 2.40933e-06
 2.40933e-06
 1.20466e-06
 1.14852e-06
 2.29704e-06
 2.29704e-06
 2.29704e-06
 2.29704e-06
 1.14852e-06
 1.10186e-06
 2.20372e-06
 2.20372e-06
 2.20372e-06
 2.20372e-06
 1.10186e-06
 1.06524e-06
 2.13048e-06
 2.13048e-06
 2.13048e-06
 2.13048e-06
 1.06524e-06
 1.03033e-06
 2.06066e-06
 2.06066e-06
 2.06066e-06
 2.06066e-06
 1.03033e-06
 9.98458e-07
 1.99692e-06
 1.99692e-06
 1.99692e-06
 1.99692e-06
 9.98458e-07
 9.70297e-07
 1.94059e-06
 1.94059e-06
 1.94059e-06
 1.94059e-06
 9.70297e-07
 9.45801e-07
 1.89160e-06
 1.89160e-06
 1.89160e-06
 1.89160e-06
 9.45801e-07
 9.21783e-07
 1.84357e-06
 1.84357e-06
 1.84357e-06
 1.84357e-06
 9.21783e-07
 8.92727e-07
 1.78545e-06
 1.78545e-06
 1.78545e-06
 1.78545e-06
 8.92727e-07
 8.59419e-07
 1.71884e-06
 1.71884e-06
 1.71884e-06
 1.71884e-06
 8.59419e-07
 8.42114e-07
 1.68423e-06
 1.68423e-06
 1.68423e-06
 1.68423e-06
 8.42114e-07
 8.41393e-07
 1.68279e-06
 1.68279e-06
 1.68279e-06
 1.68279e-06
 8.41393e-07
 8.39160e-07
 1.67832e-06
 1.67832e-06
 1.67832e-06
 1.67832e-06
 8.39160e-07
 9.99468e-07
 1.99894e-06
 1.99894e-06
 1.99894e-06
 1.99894e-06
 9.99468e-07
 9.98299e-07
 1.99660e-06
 1.99660e-06
 1.99660e-06
 1.99660e-06
 9.98299e-07
 9.95312e-07
 1.99062e-06
 1.99062e-06
 1.99062e-06
 1.99062e-06
 9.95312e-07
 9.88941e-07
 1.97788e-06
 1.97788e-06
 1.97788e-06
 1.97788e-06
 9.88941e-07
 9.77642e-07
 1.95528e-06
 1.95528e-06
 1.95528e-06
 1.95528e-06
 9.77642e-07
 9.60785e-07
 1.92157e-06
 1.92157e-06
 1.92157e-06
 1.92157e-06
 9.60785e-07
 9.39019e-07
 1.87804e-06
 1.87804e-06
 1.87804e-06
 1.87804e-06
 9.39019e-07
 9.13735e-07
 1.82747e-06
 1.82747e-06
 1.82747e-06
 1.82747e-06
 9.13735e-07
 8.86301e-07
 1.77260e-06
 1.77260e-06
 1.77260e-06
 1.77260e-06
 8.86301e-07
 8.57727e-07
 1.71545e-06
 1.71545e-06
 1.71545e-06
 1.71545e-06
 8.57727e-07
 8.28663e-07
 1.65733e-06
 1.65733e-06
 1.65733e-06
 1.65733e-06
 8.28663e-07
 7.99506e-07
 1.59901e-06
 1.59901e-06
 1.59901e-06
 1.59901e-06
 7.99506e-07
 7.70489e-07
 1.54098e-06
 1.54098e-06
 1.54098e-06
 1.54098e-06
 7.70489e-07
 7.41734e-07
 1.48347e-06
 1.48347e-06
 1.48347e-06
 1.48347e-06
 7.41734e-07
 7.13291e-07
 1.42658e-06
 1.42658e-06
 1.42658e-06
 1.42658e-06
 7.13291e-07
 6.85173e-07
 1.37035e-06
 1.37035e-06
 1.37035e-06
 1.37035e-06
 6.85173e-07
 6.57392e-07
 1.31478e-06
 1.31478e-06
 1.31478e-06
 1.31478e-06
 6.57392e-07
 6.29940e-07
 1.25988e-06
 1.25988e-06
 1.25988e-06
 1.25988e-06
 6.29940e-07
 6.02332e-07
 1.20466e-06
 1.20466e-06
 1.20466e-06
 1.20466e-06
 6.02332e-07
 5.74260e-07
 1.14852e-06
 1.14852e-06
 1.14852e-06
 1.14852e-06
 5.74260e-07
 5.50931e-07
 1.10186e-06
 1.10186e-06
 1.10186e-06
 1.10186e-06
 5.50931e-07
 5.32619e-07
 1.06524e-06
 1.06524e-06
 1.06524e-06
 1.06524e-06
 5.32619e-07
 5.15164e-07
 1.03033e-06
 1.03033e-06
 1.03033e-06
 1.03033e-06
 5.15164e-07
 4.99229e-07
 9.98458e-07
 9.98458e-07
 9.98458e-07
 9.98458e-07
 4.99229e-07
 4.85149e-07
 9.70297e-07
 9.70297e-07
 9.70297e-07
 9.70297e-07
 4.85149e-07
 4.72900e-07
 9.45801e-07
 9.45801e-07
 9.45801e-07
 9.45801e-07
 4.72900e-07
 4.60891e-07
 9.21783e-07
 9.21783e-07
 9.21783e-07
 9.21783e-07
 4.60891e-07
 4.46363e-07
 8.92727e-07
 8.92727e-07
 8.92727e-07
 8.92727e-07
 4.46363e-07
 4.29709e-07
 8.59419e-07
 8.59419e-07
 8.59419e-07
 8.59419e-07
 4.29709e-07
 4.21057e-07
 8.42114e-07
 8.42114e-07
 8.42114e-07
 8.42114e-07
 4.21057e-07
 4.20697e-07
 8.41393e-07
 8.41393e-07
 8.41393e-07
 8.41393e-07
 4.20697e-07
 4.19580e-07
 8.39160e-07
 8.39160e-07
 8.39160e-07
 8.39160e-07
 4.19580e-07
part
         3
coordinates
 4.72900e-07
 9.45801e-07
 9.45801e-07
 9.45801e-07
 9.45801e-07
 4.72900e-07
 4.60891e-07
 9.21783e-07
 9.21783e-07
 9.21783e-07
 9.21783e-07
 4.60891e-07
 4.46363e-07
 8.92727e-07
 8.92727e-07
 8.92727e-07
 8.92727e-07
 4.46363e-07
 4.29709e-07
 8.59419e-07
 8.59419e-07
 8.59419e-07
 8.59419e-07
 4.29709e-07
 4.21057e-07
 8.42114e-07
 8.42114e-07
 8.42114e-07
 8.42114e-07
 4.21057e-07
 4.20697e-07
 8.41393e-07
 8.41393e-07
 8.41393e-07
 8.41393e-07
 4.20697e-07
 4.19580e-07
 8.39160e-07
 8.39160e-07
 8.39160e-07
 8.39160e-07
 4.19580e-07
 4.18377e-07
 8.36755e-07
 8.36755e-07
 8.36755e-07
 8.36755e-07
 4.18377e-07
 4.18780e-07
 8.37559e-07
 8.37559e-07
 8.37559e-07
 8.37559e-07
 4.18780e-07
 4.20196e-07
 8.40391e-07
 8.40391e-07
 8.40391e-07
 8.40391e-07
 4.20196e-07
 4.21682e-07
 8.43364e-07
 8.43364e-07
 8.43364e-07
 8.43364e-07
 4.21682e-07
 4.22736e-07
 8.45471e-07
 8.45471e-07
 8.45471e-07
 8.45471e-07
 4.22736e-07
 4.23500e-07
 8.47000e-07
 8.47000e-07
 8.47000e-07
 8.47000e-07
 4.23500e-07
 4.24579e-07
 8.49157e-07
 8.49157e-07
 8.49157e-07
 8.49157e-07
 4.24579e-07
 4.25912e-07
 8.51823e-07
 8.51823e-07
 8.51823e-07
 8.51823e-07
 4.25912e-07
 4.26651e-07
 8.53302e-07
 8.53302e-07
 8.53302e-07
 8.53302e-07
 4.26651e-07
 4.26155e-07
 8.52310e-07
 8.52310e-07
 8.52310e-07
 8.52310e-07
 4.26155e-07
 4.23636e-07
 8.47272e-07
 8.47272e-07
 8.47272e-07
 8.47272e-07
 4.23636e-07
 4.20917e-07
 8.41834e-07
 8.41834e-07
 8.41834e-07
 8.41834e-07
 4.20917e-07
 4.19671e-07
 8.39343e-07
 8.39343e-07
 8.39343e-07
 8.39343e-07
 4.19671e-07
 4.04431e-07
 8.08863e-07
 8.08863e-07
 8.08863e-07
 8.08863e-07
 4.04431e-07
 3.61602e-07
 7.23204e-07
 7.23204e-07
 7.23204e-07
 7.23204e-07
 3.61602e-07
 3.08822e-07
 6.17643e-07
 6.17643e-07
 6.17643e-07
 6.17643e-07
 3.08822e-07
 2.72224e-07
 5.44447e-07
 5.44447e-07
 5.44447e-07
 5.44447e-07
 2.72224e-07
 2.59152e-07
 5.18304e-07
 5.18304e-07
 5.18304e-07
 5.18304e-07
 2.59152e-07
 2.59357e-07
 5.18715e-07
 5.18715e-07
 5.18715e-07
 5.18715e-07
 2.59357e-07
 2.61942e-07
 5.23885e-07
 5.23885e-07
 5.23885e-07
 5.23885e-07
 2.61942e-07
 2.63653e-07
 5.27305e-07
 5.27305e-07
 5.27305e-07
 5.27305e-07
 2.63653e-07
 2.64382e-07
 5.28764e-07
 5.28764e-07
 5.28764e-07
 5.28764e-07
 2.64382e-07
 2.64637e-07
 5.29274e-07
 5.29274e-07
 5.29274e-07
 5.29274e-07
 2.64637e-07
 2.64877e-07
 5.29754e-07
 5.29754e-07
 5.29754e-07
 5.29754e-07
 2.64877e-07
 2.65116e-07
 5.30233e-07
 5.30233e-07
 5.30233e-07
 5.30233e-07
 2.65116e-07
 9.45801e-07
 1.89160e-06
 1.89160e-06
 1.89160e-06
 1.89160e-06
 9.45801e-07
 9.21783e-07
 1.84357e-06
 1.84357e-06
 1.84357e-06
 1.84357e-06
 9.21783e-07
 8.92727e-07
 1.78545e-06
 1.78545e-06
 1.78545e-06
 1.78545e-06
 8.92727e-07
 8.59419e-07
 1.71884e-06
 1.71884e-06
 1.71884e-06
 1.71884e-06
 8.59419e-07
 8.42114e-07
 1.68423e-06
 1.68423e-06
 1.68423e-06
 1.68423e-06
 8.42114e-07
 8.41393e-07
 1.68279e-06
 1.68279e-06
 1.68279e-06
 1.68279e-06
 8.41393e-07
 8.39160e-07
 1.67832e-06
 1.67832e-06
 1.67832e-06
 1.67832e-06
 8.39160e-07
 8.36755e-07
 1.67351e-06
 1.67351e-06
 1.67351e-06
 1.67351e-06
 8.36755e-07
 8.37559e-07
 1.67512e-06
 1.67512e-06
 1.67512e-06
 1.67512e-06
 8.37559e-07
 8.40391e-07
 1.68078e-06
 1.68078e-06
 1.68078e-06
 1.68078e-06
 8.40391e-07
 8.43364e-07
 1.68673e-06
 1.68673e-06
 1.68673e-06
 1.68673e-06
 8.43364e-07
 8.45471e-07
 1.69094e-06
 1.69094e-06
 1.69094e-06
 1.69094e-06
 8.45471e-07
 8.47000e-07
 1.69400e-06
 1.69400e-06
 1.69400e-06
 1.69400e-06
 8.47000e-07
 8.49157e-07
 1.69831e-06
 1.69831e-06
 1.69831e-06
 1.69831e-06
 8.49157e-07
 8.51823e-07
 1.70365e-06
 1.70365e-06
 1.70365e-06
 1.70365e-06
 8.51823e-07
 8.53302e-07
 1.70660e-06
 1.70660e-06
 1.70660e-06
 1.70660e-06
 8.53302e-07
 8.52310e-07
 1.70462e-06
 1.70462e-06
 1.70462e-06
 1.70462e-06
 8.52310e-07
 8.47272e-07
 1.69454e-06
 1.69454e-06
 1.69454e-06
 1.69454e-06
 8.47272e-07
 8.41834e-07
 1.68367e-06
 1.68367e-06
 1.68367e-06
 1.68367e-06
 8.41834e-07
 8.39343e-07
 1.67869e-06
 1.67869e-06
 1.67869e-06
 1.67869e-06
 8.39343e-07
 8.08863e-07
 1.61773e-06
 1.61773e-06
 1.61773e-06
 1.61773e-06
 8.08863e-07
 7.23204e-07
 1.44641e-06
 1.44641e-06
 1.44641e-06
 1.44641e-06
 7.23204e-07
 6.17643e-07
 1.23529e-06
 1.23529e-06
 1.23529e-06
 1.23529e-06
 6.17643e-07
 5.44447e-07
 1.08889e-06
 1.08889e-06
 1.08889e-06
 1.08889e-06
 5.44447e-07
 5.18304e-07
 1.03661e-06
 1.03661e-06
 1.03661e-06
 1.03661e-06
 5.18304e-07
 5.18715e-07
 1.03743e-06
 1.03743e-06
 1.03743e-06
 1.03743e-06
 5.18715e-07
 5.23885e-07
 1.04777e-06
 1.04777e-06
 1.04777e-06
 1.04777e-06
 5.23885e-07
 5.27305e-07
 1.05461e-06
 1.05461e-06
 1.05461e-06
 1.05461e-06
 5.27305e-07
 5.28764e-07
 1.05753e-06
 1.05753e-06
 1.05753e-06
 1.05753e-06
 5.28764e-07
 5.29274e-07
 1.05855e-06
 1.05855e-06
 1.05855e-06
 1.05855e-06
 5.29274e-07
 5.29754e-07
 1.05951e-06
 1.05951e-06
 1.05951e-06
 1.05951e-06
 5.29754e-07
 5.30233e-07
 1.06047e-06
 1.06047e-06
 1.06047e-06
 1.06047e-06
 5.30233e-07
 9.45801e-07
 1.89160e-06
 1.89160e-06
 1.89160e-06
 1.89160e-06
 9.45801e-07
 9.21783e-07
 1.84357e-06
 1.84357e-06
 1.84357e-06
 1.84357e-06
 9.21783e-07
 8.92727e-07
 1.78545e-06
 1.78545e-06
 1.78545e-06
 1.78545e-06
 8.92727e-07
 8.59419e-07
 1.71884e-06
 1.71884e-06
 1.71884e-06
 1.71884e-06
 8.59419e-07
 8.42114e-07
 1.68423e-06
 1.68423e-06
 1.68423e-06
 1.68423e-06
 8.42114e-07
 8.41393e-07
 1.68279e-06
 1.68279e-06
 1.68279e-06
 1.68279e-06
 8.41393e-07
 8.39160e-07
 1.67832e-06
 1.67832e-06
 1.67832e-06
 1.67832e-06
 8.39160e-07
 8.36755e-07
 1.67351e-06
 1.67351e-06
 1.67351e-06
 1.67351e-06
 8.36755e-07
 8.37559e-07
 1.67512e-06
 1.67512e-06
 1.67512e-06
 1.67512e-06
 8.37559e-07
 8.40391e-07
 1.68078e-06
 1.68078e-06
 1.68078e-06
 1.68078e-06
 8.40391e-07
 8.43364e-07
 1.68673e-06
 1.68673e-06
 1.68673e-06
 1.68673e-06
 8.43364e-07
 8.45471e-07
 1.69094e-06
 1.69094e-06
 1.69094e-06
 1.69094e-06
 8.45471e-07
 8.47000e-07
 1.69400e-06
 1.69400e-06
 1.69400e-06
 1.69400e-06
 8.47000e-07
 8.49157e-07
 1.69831e-06
 1.69831e-06
 1.69831e-06
 1.69831e-06
 8.49157e-07
 8.51823e-07
 1.70365e-06
 1.70365e-06
 1.70365e-06
 1.70365e-06
 8.51823e-07
 8.53302e-07
 1.70660e-06
 1.70660e-06
 1.70660e-06
 1.70660e-06
 8.53302e-07
 8.52310e-07
 1.70462e-06
 1.70462e-06
 1.70462e-06
 1.70462e-06
 8.52310e-07
 8.47272e-07
 1.69454e-06
 1.69454e-06
 1.69454e-06
 1.69454e-06
 8.47272e-07
 8.41834e-07
 1.68367e-06
 1.68367e-06
 1.68367e-06
 1.68367e-06
 8.41834e-07
 8.39343e-07
 1.67869e-06
 1.67869e-06
 1.67869e-06
 1.67869e-06
 8.39343e-07
 8.08863e-07
 1.61773e-06
 1.61773e-06
 1.61773e-06
 1.61773e-06
 8.08863e-07
 7.23204e-07
 1.44641e-06
 1.44641e-06
 1.44641e-06
 1.44641e-06
 7.23204e-07
 6.17643e-07
 1.23529e-06
 1.23529e-06
 1.23529e-06
 1.23529e-06
 6.17643e-07
 5.44447e-07
 1.08889e-06
 1.08889e-06
 1.08889e-06
 1.08889e-06
 5.44447e-07
 5.18304e-07
 1.03661e-06
 1.03661e-06
 1.03661e-06
 1.03661e-06
 5.18304e-07
 5.18715e-07
 1.03743e-06
 1.03743e-06
 1.03743e-06
 1.03743e-06
 5.18715e-07
 5.23885e-07
 1.04777e-06
 1.04777e-06
 1.04777e-06
 1.04777e-06
 5.23885e-07
 5.27305e-07
 1.05461e-06
 1.05461e-06
 1.05461e-06
 1.05461e-06
 5.27305e-07
 5.28764e-07
 1.05753e-06
 1.05753e-06
 1.05753e-06
 1.05753e-06
 5.28764e-07
 5.29274e-07
 1.05855e-06
 1.05855e-06
 1.05855e-06
 1.05855e-06
 5.29274e-07
 5.29754e-07
 1.05951e-06
 1.05951e-06
 1.05951e-06
 1.05951e-06
 5.29754e-07
 5.30233e-07
 1.06047e-06
 1.06047e-06
 1.06047e-06
 1.06047e-06
 5.30233e-07
 9.45801e-07
 1.89160e-06
 1.89160e-06
 1.89160e-06
 1.89160e-06
 9.45801e-07
 9.21783e-07
 1.84357e-06
 1.84357e-06
 1.84357e-06
 1.84357e-06
 9.21783e-07
 8.92727e-07
 1.78545e-06
 1.78545e-06
 1.78545e-06
 1.78545e-06
 8.92727e-07
 8.59419e-07
 1.71884e-06
 1.71884e-06
 1.71884e-06
 1.71884e-06
 8.59419e-07
 8.42114e-07
 1.68423e-06
 1.68423e-06
 1.68423e-06
 1.68423e-06
 8.42114e-07
 8.41393e-07
 1.68279e-06
 1.68279e-06
 1.68279e-06
 1.68279e-06
 8.41393e-07
 8.39160e-07
 1.67832e-06
 1.67832e-06
 1.67832e-06
 1.67832e-06
 8.39160e-07
 8.36755e-07
 1.67351e-06
 1.67351e-06
 1.67351e-06
 1.67351e-06
 8.36755e-07
 8.37559e-07
 1.67512e-06
 1.67512e-06
 1.67512e-06
 1.67512e-06
 8.37559e-07
 8.40391e-07
 1.68078e-06
 1.68078e-06
 1.68078e-06
 1.68078e-06
 8.40391e-07
 8.43364e-07
 1.68673e-06
 1.68673e-06
 1.68673e-06
 1.68673e-06
 8.43364e-07
 8.45471e-07
 1.69094e-06
 1.69094e-06
 1.69094e-06
 1.69094e-06
 8.45471e-07
 8.47000e-07
 1.69400e-06
 1.69400e-06
 1.69400e-06
 1.69400e-06
 8.47000e-07
 8.49157e-07
 1.69831e-06
 1.69831e-06
 1.69831e-06
 1.69831e-06
 8.49157e-07
 8.51823e-07
 1.70365e-06
 1.70365e-06
 1.70365e-06
 1.70365e-06
 8.51823e-07
 8.53302e-07
 1.70660e-06
 1.70660e-06
 1.70660e-06
 1.70660e-06
 8.53302e-07
 8.52310e-07
 1.70462e-06
 1.70462e-06
 1.70462e-06
 1.70462e-06
 8.52310e-07
 8.47272e-07
 1.69454e-06
 1.69454e-06
 1.69454e-06
 1.69454e-06
 8.47272e-07
 8.41834e-07
 1.68367e-06
 1.68367e-06
 1.68367e-06
 1.68367e-06
 8.41834e-07
 8.39343e-07
 1.67869e-06
 1.67869e-06
 1.67869e-06
 1.67869e-06
 8.39343e-07
 8.08863e-07
 1.61773e-06
 1.61773e-06
 1.61773e-06
 1.61773e-06
 8.08863e-07
 7.23204e-07
 1.44641e-06
 1.44641e-06
 1.44641e-06
 1.44641e-06
 7.23204e-07
 6.17643e-07
 1.23529e-06
 1.23529e-06
 1.23529e-06
 1.23529e-06
 6.17643e-07
 5.44447e-07
 1.08889e-06
 1.08889e-06
 1.08889e-06
 1.08889e-06
 5.44447e-07
 5.18304e-07
 1.03661e-06
 1.03661e-06
 1.03661e-06
 1.03661e-06
 5.18304e-07
 5.18715e-07
 1.03743e-06
 1.03743e-06
 1.03743e-06
 1.03743e-06
 5.18715e-07
 5.23885e-07
 1.04777e-06
 1.04777e-06
 1.04777e-06
 1.04777e-06
 5.23885e-07
 5.27305e-07
 1.05461e-06
 1.05461e-06
 1.05461e-06
 1.05461e-06
 5.27305e-07
 5.28764e-07
 1.05753e-06
 1.05753e-06
 1.05753e-06
 1.05753e-06
 5.28764e-07
 5.29274e-07
 1.05855e-06
 1.05855e-06
 1.05855e-06
 1.05855e-06
 5.29274e-07
 5.29754e-07
 1.05951e-06
 1.05951e-06
 1.05951e-06
 1.05951e-06
 5.29754e-07
 5.30233e-07
 1.06047e-06
 1.06047e-06
 1.06047e-06
 1.06047e-06
 5.30233e-07
 9.45801e-07
 1.89160e-06
 1.89160e-06
 1.89160e-06
 1.89160e-06
 9.45801e-07
 9.21783e-07
 1.84357e-06
 1.84357e-06
 1.84357e-06
 1.84357e-06
 9.21783e-07
 8.92727e-07
 1.78545e-06
 1.78545e-06
 1.78545e-06
 1.78545e-06
 8.92727e-07
 8.59419e-07
 1.71884e-06
 1.71884e-06
 1.71884e-06
 1.71884e-06
 8.59419e-07
 8.42114e-07
 1.68423e-06
 1.68423e-06
 1.68423e-06
 1.68423e-06
 8.42114e-07
 8.41393e-07
 1.68279e-06
 1.68279e-06
 1.68279e-06
 1.68279e-06
 8.41393e-07
 8.39160e-07
 1.67832e-06
 1.67832e-06
 1.67832e-06
 1.67832e-06
 8.39160e-07
 8.36755e-07
 1.67351e-06
 1.67351e-06
 1.67351e-06
 1.67351e-06
 8.36755e-07
 8.37559e-07
 1.67512e-06
 1.67512e-06
 1.67512e-06
 1.67512e-06
 8.37559e-07
 8.40391e-07
 1.68078e-06
 1.68078e-06
 1.68078e-06
 1.68078e-06
 8.40391e-07
 8.43364e-07
 1.68673e-06
 1.68673e-06
 1.68673e-06
 1.68673e-06
 8.43364e-07
 8.45471e-07
 1.69094e-06
 1.69094e-06
 1.69094e-06
 1.69094e-06
 8.45471e-07
 8.47000e-07
 1.69400e-06
 1.69400e-06
 1.69400e-06
 1.69400e-06
 8.47000e-07
 8.49157e-07
 1.69831e-06
 1.69831e-06
 1.69831e-06
 1.69831e-06
 8.49157e-07
 8.51823e-07
 1.70365e-06
 1.70365e-06
 1.70365e-06
 1.70365e-06
 8.51823e-07
 8.53302e-07
 1.70660e-06
 1.70660e-06
 1.70660e-06
 1.70660e-06
 8.53302e-07
 8.52310e-07
 1.70462e-06
 1.70462e-06
 1.70462e-06
 1.70462e-06
 8.52310e-07
 8.47272e-07
 1.69454e-06
 1.69454e-06
 1.69454e-06
 1.69454e-06
 8.47272e-07
 8.41834e-07
 1.68367e-06
 1.68367e-06
 1.68367e-06
 1.68367e-06
 8.41834e-07
 8.39343e-07
 1.67869e-06
 1.67869e-06
 1.67869e-06
 1.67869e-06
 8.39343e-07
 8.08863e-07
 1.61773e-06
 1.61773e-06
 1.61773e-06
 1.61773e-06
 8.08863e-07
 7.23204e-07
 1.44641e-06
 1.44641e-06
 1.44641e-06
 1.44641e-06
 7.23204e-07
 6.17643e-07
 1.23529e-06
 1.23529e-06
 1.23529e-06
 1.23529e-06
 6.17643e-07
 5.44447e-07
 1.08889e-06
 1.08889e-06
 1.08889e-06
 1.08889e-06
 5.44447e-07
 5.18304e-07
 1.03661e-06
 1.03661e-06
 1.03661e-06
 1.03661e-06
 5.18304e-07
 5.18715e-07
 1.03743e-06
 1.03743e-06
 1.03743e-06
 1.03743e-06
 5.18715e-07
 5.23885e-07
 1.04777e-06
 1.04777e-06
 1.04777e-06
 1.04777e-06
 5.23885e-07
 5.27305e-07
 1.05461e-06
 1.05461e-06
 1.05461e-06
 1.05461e-06
 5.27305e-07
 5.28764e-07
 1.05753e-06
 1.05753e-06
 1.05753e-06
 1.05753e-06
 5.28764e-07
 5.29274e-07
 1.05855e-06
 1.05855e-06
 1.05855e-06
 1.05855e-06
 5.29274e-07
 5.29754e-07
 1.05951e-06
 1.05951e-06
 1.05951e-06
 1.05951e-06
 5.29754e-07
 5.30233e-07
 1.06047e-06
 1.06047e-06
 1.06047e-06
 1.06047e-06
 5.30233e-07
 4.72900e-07
 9.45801e-07
 9.45801e-07
 9.45801e-07
 9.45801e-07
 4.72900e-07
 4.60891e-07
 9.21783e-07
 9.21783e-07
 9.21783e-07
 9.21783e-07
 4.60891e-07
 4.46363e-07
 8.92727e-07
 8.92727e-07
 8.92727e-07
 8.92727e-07
 4.46363e-07
 4.29709e-07
 8.59419e-07
 8.59419e-07
 8.59419e-07
 8.59419e-07
 4.29709e-07
 4.21057e-07
 8.42114e-07
 8.42114e-07
 8.42114e-07
 8.42114e-07
 4.21057e-07
 4.20697e-07
 8.41393e-07
 8.41393e-07
 8.41393e-07
 8.41393e-07
 4.20697e-07
 4.19580e-07
 8.39160e-07
 8.39160e-07
 8.39160e-07
 8.39160e-07
 4.19580e-07
 4.18377e-07
 8.36755e-07
 8.36755e-07
 8.36755e-07
 8.36755e-07
 4.18377e-07
 4.18780e-07
 8.37559e-07
 8.37559e-07
 8.37559e-07
 8.37559e-07
 4.18780e-07
 4.20196e-07
 8.40391e-07
 8.40391e-07
 8.40391e-07
 8.40391e-07
 4.20196e-07
 4.21682e-07
 8.43364e-07
 8.43364e-07
 8.43364e-07
 8.43364e-07
 4.21682e-07
 4.22736e-07
 8.45471e-07
 8.45471e-07
 8.45471e-07
 8.45471e-07
 4.22736e-07
 4.23500e-07
 8.47000e-07
 8.47000e-07
 8.47000e-07
 8.47000e-07
 4.23500e-07
 4.24579e-07
 8.49157e-07
 8.49157e-07
 8.49157e-07
 8.49157e-07
 4.24579e-07
 4.25912e-07
 8.51823e-07
 8.51823e-07
 8.51823e-07
 8.51823e-07
 4.25912e-07
 4.26651e-07
 8.53302e-07
 8.53302e-07
 8.53302e-07
 8.53302e-07
 4.26651e-07
 4.26155e-07
 8.52310e-07
 8.52310e-07
 8.52310e-07
 8.52310e-07
 4.26155e-07
 4.23636e-07
 8.47272e-07
 8.47272e-07
 8.47272e-07
 8.47272e-07
 4.23636e-07
 4.20917e-07
 8.41834e-07
 8.41834e-07
 8.41834e-07
 8.41834e-07
 4.20917e-07
 4.19671e-07
 8.39343e-07
 8.39343e-07
 8.39343e-07
 8.39343e-07
 4.19671e-07
 4.04431e-07
 8.08863e-07
 8.08863e-07
 8.08863e-07
 8.08863e-07
 4.04431e-07
 3.61602e-07
 7.23204e-07
 7.23204e-07
 7.23204e-07
 7.23204e-07
 3.61602e-07
 3.08822e-07
 6.17643e-07
 6.17643e-07
 6.17643e-07
 6.17643e-07
 3.08822e-07
 2.72224e-07
 5.44447e-07
 5.44447e-07
 5.44447e-07
 5.44447e-07
 2.72224e-07
 2.59152e-07
 5.18304e-07
 5.18304e-07
 5.18304e-07
 5.18304e-07
 2.59152e-07
 2.59357e-07
 5.18715e-07
 5.18715e-07
 5.18715e-07
 5.18715e-07
 2.59357e-07
 2.61942e-07
 5.23885e-07
 5.23885e-07
 5.23885e-07
 5.23885e-07
 2.61942e-07
 2.63653e-07
 5.27305e-07
 5.27305e-07
 5.27305e-07
 5.27305e-07
 2.63653e-07
 2.64382e-07
 5.28764e-07
 5.28764e-07
 5.28764e-07
 5.28764e-07
 2.64382e-07
 2.64637e-07
 5.29274e-07
 5.29274e-07
 5.29274e-07
 5.29274e-07
 2.64637e-07
 2.64877e-07
 5.29754e-07
 5.29754e-07
 5.29754e-07
 5.29754e-07
 2.64877e-07
 2.65116e-07
 5.30233e-07
 5.30233e-07
 5.30233e-07
 5.30233e-07
 2.65116e-07
part
         4
coordinates
 2.59357e-07
 5.18715e-07
 5.18715e-07
 5.18715e-07
 5.18715e-07
 2.59357e-07
 2.61942e-07
 5.23885e-07
 5.23885e-07
 5.23885e-07
 5.23885e-07
 2.61942e-07
 2.63653e-07
 5.27305e-07
 5.27305e-07
 5.27305e-07
 5.27305e-07
 2.63653e-07
 2.64382e-07
 5.28764e-07
 5.28764e-07
 5.28764e-07
 5.28764e-07
 2.64382e-07
 2.64637e-07
 5.29274e-07
 5.29274e-07
 5.29274e-07
 5.29274e-07
 2.64637e-07
 2.64877e-07
 5.29754e-07
 5.29754e-07
 5.29754e-07
 5.29754e-07
 2.64877e-07
 2.65116e-07
 5.30233e-07
 5.30233e-07
 5.30233e-07
 5.30233e-07
 2.65116e-07
 2.65168e-07
 5.30336e-07
 5.30336e-07
 5.30336e-07
 5.30336e-07
 2.65168e-07
 2.64878e-07
 5.29755e-07
 5.29755e-07
 5.29755e-07
 5.29755e-07
 2.64878e-07
 2.63357e-07
 5.26714e-07
 5.26714e-07
 5.26714e-07
 5.26714e-07
 2.63357e-07
 2.58880e-07
 5.17760e-07
 5.17760e-07
 5.17760e-07
 5.17760e-07
 2.58880e-07
 2.47844e-07
 4.95689e-07
 4.95689e-07
 4.95689e-07
 4.95689e-07
 2.47844e-07
 2.28119e-07
 4.56238e-07
 4.56238e-07
 4.56238e-07
 4.56238e-07
 2.28119e-07
 2.01295e-07
 4.02590e-07
 4.02590e-07
 4.02590e-07
 4.02590e-07
 2.01295e-07
 1.73211e-07
 3.46423e-07
 3.46423e-07
 3.46423e-07
 3.46423e-07
 1.73211e-07
 1.50736e-07
 3.01471e-07
 3.01471e-07
 3.01471e-07
 3.01471e-07
 1.50736e-07
 1.36301e-07
 2.72603e-07
 2.72603e-07
 2.72603e-07
 2.72603e-07
 1.36301e-07
 1.29026e-07
 2.58052e-07
 2.58052e-07
 2.58052e-07
 2.58052e-07
 1.29026e-07
 1.26182e-07
 2.52363e-07
 2.52363e-07
 2.52363e-07
 2.52363e-07
 1.26182e-07
 1.25308e-07
 2.50616e-07
 2.50616e-07
 2.50616e-07
 2.50616e-07
 1.25308e-07
 1.25076e-07
 2.50153e-07
 2.50153e-07
 2.50153e-07
 2.50153e-07
 1.25076e-07
 1.25019e-07
 2.50037e-07
 2.50037e-07
 2.50037e-07
 2.50037e-07
 1.25019e-07
 1.25004e-07
 2.50009e-07
 2.50009e-07
 2.50009e-07
 2.50009e-07
 1.25004e-07
 1.25001e-07
 2.50002e-07
 2.50002e-07
 2.50002e-07
 2.50002e-07
 1.25001e-07
 1.25000e-07
 2.50001e-07
 2.50001e-07
 2.50001e-07
 2.50001e-07
 1.25000e-07
 1.25000e-07
 2.50000e-07
 2.50000e-07
 2.50000e-07
 2.50000e-07
 1.25000e-07
 1.25000e-07
 2.50000e-07
 2.50000e-07
 2.50000e-07
 2.50000e-07
 1.25000e-07
 1.25000e-07
 2.50000e-07
 2.50000e-07
 2.50000e-07
 2.50000e-07
 1.25000e-07
 6.25000e-08
 1.25000e-07
 1.25000e-07
 1.25000e-07
 1.25000e-07
 6.25000e-08
 5.18715e-07
 1.03743e-06
 1.03743e-06
 1.03743e-06
 1.03743e-06
 5.18715e-07
 5.23885e-07
 1.04777e-06
 1.04777e-06
 1.04777e-06
 1.04777e-06
 5.23885e-07
 5.27305e-07
 1.05461e-06
 1.05461e-06
 1.05461e-06
 1.05461e-06
 5.27305e-07
 5.28764e-07
 1.05753e-06
 1.05753e-06
 1.05753e-06
 1.05753e-06
 5.28764e-07
 5.29274e-07
 1.05855e-06
 1.05855e-06
 1.05855e-06
 1.05855e-06
 5.29274e-07
 5.29754e-07
 1.05951e-06
 1.05951e-06
 1.05951e-06
 1.05951e-06
 5.29754e-07
 5.30233e-07
 1.06047e-06
 1.06047e-06
 1.06047e-06
 1.06047e-06
 5.30233e-07
 5.30336e-07
 1.06067e-06
 1.06067e-06
 1.06067e-06
 1.06067e-06
 5.30336e-07
 5.29755e-07
 1.05951e-06
 1.05951e-06
 1.05951e-06
 1.05951e-06
 5.29755e-07
 5.26714e-07
 1.05343e-06
 1.05343e-06
 1.05343e-06
 1.05343e-06
 5.26714e-07
 5.17760e-07
 1.03552e-06
 1.03552e-06
 1.03552e-06
 1.03552e-06
 5.17760e-07
 4.95689e-07
 9.91378e-07
 9.91378e-07
 9.91378e-07
 9.91378e-07
 4.95689e-07
 4.56238e-07
 9.12476e-07
 9.12476e-07
 9.12476e-07
 9.12476e-07
 4.56238e-07
 4.02590e-07
 8.05179e-07
 8.05179e-07
 8.05179e-07
 8.05179e-07
 4.02590e-07
 3.46423e-07
 6.92845e-07
 6.92845e-07
 6.92845e-07
 6.92845e-07
 3.46423e-07
 3.01471e-07
 6.02943e-07
 6.02943e-07
 6.02943e-07
 6.02943e-07
 3.01471e-07
 2.72603e-07
 5.45205e-07
 5.45205e-07
 5.45205e-07
 5.45205e-07
 2.72603e-07
 2.58052e-07
 5.16104e-07
 5.16104e-07
 5.16104e-07
 5.16104e-07
 2.58052e-07
 2.52363e-07
 5.04727e-07
 5.04727e-07
 5.04727e-07
 5.04727e-07
 2.52363e-07
 2.50616e-07
 5.01231e-07
 5.01231e-07
 5.01231e-07
 5.01231e-07
 2.50616e-07
 2.50153e-07
 5.00306e-07
 5.00306e-07
 5.00306e-07
 5.00306e-07
 2.50153e-07
 2.50037e-07
 5.00074e-07
 5.00074e-07
 5.00074e-07
 5.00074e-07
 2.50037e-07
 2.50009e-07
 5.00018e-07
 5.00018e-07
 5.00018e-07
 5.00018e-07
 2.50009e-07
 2.50002e-07
 5.00004e-07
 5.00004e-07
 5.00004e-07
 5.00004e-07
 2.50002e-07
 2.50001e-07
 5.00001e-07
 5.00001e-07
 5.00001e-07
 5.00001e-07
 2.50001e-07
 2.50000e-07
 5.00000e-07
 5.00000e-07
 5.00000e-07
 5.00000e-07
 2.50000e-07
 2.50000e-07
 5.00000e-07
 5.00000e-07
 5.00000e-07
 5.00000e-07
 2.50000e-07
 2.50000e-07
 5.00000e-07
 5.00000e-07
 5.00000e-07
 5.00000e-07
 2.50000e-07
 1.25000e-07
 2.50000e-07
 2.50000e-07
 2.50000e-07
 2.50000e-07
 1.25000e-07
 5.18715e-07
 1.03743e-06
 1.03743e-06
 1.03743e-06
 1.03743e-06
 5.18715e-07
 5.23885e-07
 1.04777e-06
 1.04777e-06
 1.04777e-06
 1.04777e-06
 5.23885e-07
 5.27305e-07
 1.05461e-06
 1.05461e-06
 1.05461e-06
 1.05461e-06
 5.27305e-07
 5.28764e-07
 1.05753e-06
 1.05753e-06
 1.05753e-06
 1.05753e-06
 5.28764e-07
 5.29274e-07
 1.05855e-06
 1.05855e-06
 1.05855e-06
 1.05855e-06
 5.29274e-07
 5.29754e-07
 1.05951e-06
 1.05951e-06
 1.05951e-06
 1.05951e-06
 5.29754e-07
 5.30233e-07
 1.06047e-06
 1.06047e-06
 1.06047e-06
 1.06047e-06
 5.30233e-07
 5.30336e-07
 1.06067e-06
 1.06067e-06
 1.06067e-06
 1.06067e-06
 5.30336e-07
 5.29755e-07
 1.05951e-06
 1.05951e-06
 1.05951e-06
 1.05951e-06
 5.29755e-07
 5.26714e-07
 1.05343e-06
 1.05343e-06
 1.05343e-06
 1.05343e-06
 5.26714e-07
 5.17760e-07
 1.03552e-06
 1.03552e-06
 1.03552e-06
 1.03552e-06
 5.17760e-07
 4.95689e-07
 9.91378e-07
 9.91378e-07
 9.91378e-07
 9.91378e-07
 4.95689e-07
 4.56238e-07
 9.12476e-07
 9.12476e-07
 9.12476e-07
 9.12476e-07
 4.56238e-07
 4.02590e-07
 8.05179e-07
 8.05179e-07
 8.05179e-07
 8.05179e-07
 4.02590e-07
 3.46423e-07
 6.92845e-07
 6.92845e-07
 6.92845e-07
 6.92845e-07
 3.46423e-07
 3.01471e-07
 6.02943e-07
 6.02943e-07
 6.02943e-07
 6.02943e-07
 3.01471e-07
 2.72603e-07
 5.45205e-07
 5.45205e-07
 5.45205e-07
 5.45205e-07
 2.72603e-07
 2.58052e-07
 5.16104e-07
 5.16104e-07
 5.16104e-07
 5.16104e-07
 2.58052e-07
 2.52363e-07
 5.04727e-07
 5.04727e-07
 5.04727e-07
 5.04727e-07
 2.52363e-07
 2.50616e-07
 5.01231e-07
 5.01231e-07
 5.01231e-07
 5.01231e-07
 2.50616e-07
 2.50153e-07
 5.00306e-07
 5.00306e-07
 5.00306e-07
 5.00306e-07
 2.50153e-07
 2.50037e-07
 5.00074e-07
 5.00074e-07
 5.00074e-07
 5.00074e-07
 2.50037e-07
 2.50009e-07
 5.00018e-07
 5.00018e-07
 5.00018e-07
 5.00018e-07
 2.50009e-07
 2.50002e-07
 5.00004e-07
 5.00004e-07
 5.00004e-07
 5.00004e-07
 2.50002e-07
 2.50001e-07
 5.00001e-07
 5.00001e-07
 5.00001e-07
 5.00001e-07
 2.50001e-07
 2.50000e-07
 5.00000e-07
 5.00000e-07
 5.00000e-07
 5.00000e-07
 2.50000e-07
 2.50000e-07
 5.00000e-07
 5.00000e-07
 5.00000e-07
 5.00000e-07
 2.50000e-07
 2.50000e-07
 5.00000e-07
 5.00000e-07
 5.00000e-07
 5.00000e-07
 2.50000e-07
 1.25000e-07
 2.50000e-07
 2.50000e-07
 2.50000e-07
 2.50000e-07
 1.25000e-07
 5.18715e-07
 1.03743e-06
 1.03743e-06
 1.03743e-06
 1.03743e-06
 5.18715e-07
 5.23885e-07
 1.04777e-06
 1.04777e-06
 1.04777e-06
 1.04777e-06
 5.23885e-07
 5.27305e-07
 1.05461e-06
 1.05461e-06
 1.05461e-06
 1.05461e-06
 5.27305e-07
 5.28764e-07
 1.05753e-06
 1.05753e-06
 1.05753e-06
 1.05753e-06
 5.28764e-07
 5.29274e-07
 1.05855e-06
 1.05855e-06
 1.05855e-06
 1.05855e-06
 5.29274e-07
 5.29754e-07
 1.05951e-06
 1.05951e-06
 1.05951e-06
 1.05951e-06
 5.29754e-07
 5.30233e-07
 1.06047e-06
 1.06047e-06
 1.06047e-06
 1.06047e-06
 5.30233e-07
 5.30336e-07
 1.06067e-06
 1.06067e-06
 1.06067e-06
 1.06067e-06
 5.30336e-07
 5.29755e-07
 1.05951e-06
 1.05951e-06
 1.05951e-06
 1.05951e-06
 5.29755e-07
 5.26714e-07
 1.05343e-06
 1.05343e-06
 1.05343e-06
 1.05343e-06
 5.26714e-07
 5.17760e-07
 1.03552e-06
 1.03552e-06
 1.03552e-06
 1.03552e-06
 5.17760e-07
 4.95689e-07
 9.91378e-07
 9.91378e-07
 9.91378e-07
 9.91378e-07
 4.95689e-07
 4.56238e-07
 9.12476e-07
 9.12476e-07
 9.12476e-07
 9.12476e-07
 4.56238e-07
 4.02590e-07
 8.05179e-07
 8.05179e-07
 8.05179e-07
 8.05179e-07
 4.02590e-07
 3.46423e-07
 6.92845e-07
 6.92845e-07
 6.92845e-07
 6.92845e-07
 3.46423e-07
 3.01471e-07
 6.02943e-07
 6.02943e-07
 6.02943e-07
 6.02943e-07
 3.01471e-07
 2.72603e-07
 5.45205e-07
 5.45205e-07
 5.45205e-07
 5.45205e-07
 2.72603e-07
 2.58052e-07
 5.16104e-07
 5.16104e-07
 5.16104e-07
 5.16104e-07
 2.58052e-07
 2.52363e-07
 5.04727e-07
 5.04727e-07
 5.04727e-07
 5.04727e-07
 2.52363e-07
 2.50616e-07
 5.01231e-07
 5.01231e-07
 5.01231e-07
 5.01231e-07
 2.50616e-07
 2.50153e-07
 5.00306e-07
 5.00306e-07
 5.00306e-07
 5.00306e-07
 2.50153e-07
 2.50037e-07
 5.00074e-07
 5.00074e-07
 5.00074e-07
 5.00074e-07
 2.50037e-07
 2.50009e-07
 5.00018e-07
 5.00018e-07
 5.00018e-07
 5.00018e-07
 2.50009e-07
 2.50002e-07
 5.00004e-07
 5.00004e-07
 5.00004e-07
 5.00004e-07
 2.50002e-07
 2.50001e-07
 5.00001e-07
 5.00001e-07
 5.00001e-07
 5.00001e-07
 2.50001e-07
 2.50000e-07
 5.00000e-07
 5.00000e-07
 5.00000e-07
 5.00000e-07
 2.50000e-07
 2.50000e-07
 5.00000e-07
 5.00000e-07
 5.00000e-07
 5.00000e-07
 2.50000e-07
 2.50000e-07
 5.00000e-07
 5.00000e-07
 5.00000e-07
 5.00000e-07
 2.50000e-07
 1.25000e-07
 2.50000e-07
 2.50000e-07
 2.50000e-07
 2.50000e-07
 1.25000e-07
 5.18715e-07
 1.03743e-06
 1.03743e-06
 1.03743e-06
 1.03743e-06
 5.18715e-07
 5.23885e-07
 1.04777e-06
 1.04777e-06
 1.04777e-06
 1.04777e-06
 5.23885e-07
 5.27305e-07
 1.05461e-06
 1.05461e-06
 1.05461e-06
 1.05461e-06
 5.27305e-07
 5.28764e-07
 1.05753e-06
 1.05753e-06
 1.05753e-06
 1.05753e-06
 5.28764e-07
 5.29274e-07
 1.05855e-06
 1.05855e-06
 1.05855e-06
 1.05855e-06
 5.29274e-07
 5.29754e-07
 1.05951e-06
 1.05951e-06
 1.05951e-06
 1.05951e-06
 5.29754e-07
 5.30233e-07
 1.06047e-06
 1.06047e-06
 1.06047e-06
 1.06047e-06
 5.30233e-07
 5.30336e-07
 1.06067e-06
 1.06067e-06
 1.06067e-06
 1.06067e-06
 5.30336e-07
 5.29755e-07
 1.05951e-06
 1.05951e-06
 1.05951e-06
 1.05951e-06
 5.29755e-07
 5.26714e-07
 1.05343e-06
 1.05343e-06
 1.05343e-06
 1.05343e-06
 5.26714e-07
 5.17760e-07
 1.03552e-06
 1.03552e-06
 1.03552e-06
 1.03552e-06
 5.17760e-07
 4.95689e-07
 9.91378e-07
 9.91378e-07
 9.91378e-07
 9.91378e-07
 4.95689e-07
 4.56238e-07
 9.12476e-07
 9.12476e-07
 9.12476e-07
 9.12476e-07
 4.56238e-07
 4.02590e-07
 8.05179e-07
 8.05179e-07
 8.05179e-07
 8.05179e-07
 4.02590e-07
 3.46423e-07
 6.92845e-07
 6.92845e-07
 6.92845e-07
 6.92845e-07
 3.46423e-07
 3.01471e-07
 6.02943e-07
 6.02943e-07
 6.02943e-07
 6.02943e-07
 3.01471e-07
 2.72603e-07
 5.45205e-07
 5.45205e-07
 5.45205e-07
 5.45205e-07
 2.72603e-07
 2.58052e-07
 5.16104e-07
 5.16104e-07
 5.16104e-07
 5.16104e-07
 2.58052e-07
 2.52363e-07
 5.04727e-07
 5.04727e-07
 5.04727e-07
 5.04727e-07
 2.52363e-07
 2.50616e-07
 5.01231e-07
 5.01231e-07
 5.01231e-07
 5.01231e-07
 2.50616e-07
 2.50153e-07
 5.00306e-07
 5.00306e-07
 5.00306e-07
 5.00306e-07
 2.50153e-07
 2.50037e-07
 5.00074e-07
 5.00074e-07
 5.00074e-07
 5.00074e-07
 2.50037e-07
 2.50009e-07
 5.00018e-07
 5.00018e-07
 5.00018e-07
 5.00018e-07
 2.50009e-07
 2.50002e-07
 5.00004e-07
 5.00004e-07
 5.00004e-07
 5.00004e-07
 2.50002e-07
 2.50001e-07
 5.00001e-07
 5.00001e-07
 5.00001e-07
 5.00001e-07
 2.50001e-07
 2.50000e-07
 5.00000e-07
 5.00000e-07
 5.00000e-07
 5.00000e-07
 2.50000e-07
 2.50000e-07
 5.00000e-07
 5.00000e-07
 5.00000e-07
 5.00000e-07
 2.50000e-07
 2.50000e-07
 5.00000e-07
 5.00000e-07
 5.00000e-07
 5.00000e-07
 2.50000e-07
 1.25000e-07
 2.50000e-07
 2.50000e-07
 2.50000e-07
 2.50000e-07
 1.25000e-07
 2.59357e-07
 5.18715e-07
 5.18715e-07
 5.18715e-07
 5.18715e-07
 2.59357e-07
 2.61942e-07
 5.23885e-07
 5.23885e-07
 5.23885e-07
 5.23885e-07
 2.61942e-07
 2.63653e-07
 5.27305e-07
 5.27305e-07
 5.27305e-07
 5.27305e-07
 2.63653e-07
 2.64382e-07
 5.28764e-07
 5.28764e-07
 5.28764e-07
 5.28764e-07
 2.64382e-07
 2.64637e-07
 5.29274e-07
 5.29274e-07
 5.29274e-07
 5.29274e-07
 2.64637e-07
 2.64877e-07
 5.29754e-07
 5.29754e-07
 5.29754e-07
 5.29754e-07
 2.64877e-07
 2.65116e-07
 5.30233e-07
 5.30233e-07
 5.30233e-07
 5.30233e-07
 2.65116e-07
 2.65168e-07
 5.30336e-07
 5.30336e-07
 5.30336e-07
 5.30336e-07
 2.65168e-07
 2.64878e-07
 5.29755e-07
 5.29755e-07
 5.29755e-07
 5.29755e-07
 2.64878e-07
 2.63357e-07
 5.26714e-07
 5.26714e-07
 5.26714e-07
 5.26714e-07
 2.63357e-07
 2.58880e-07
 5.17760e-07
 5.17760e-07
 5.17760e-07
 5.17760e-07
 2.58880e-07
 2.47844e-07
 4.95689e-07
 4.95689e-07
 4.95689e-07
 4.95689e-07
 2.47844e-07
 2.28119e-07
 4.56238e-07
 4.56238e-07
 4.56238e-07
 4.56238e-07
 2.28119e-07
 2.01295e-07
 4.02590e-07
 4.02590e-07
 4.02590e-07
 4.02590e-07
 2.01295e-07
 1.73211e-07
 3.46423e-07
 3.46423e-07
 3.46423e-07
 3.46423e-07
 1.73211e-07
 1.50736e-07
 3.01471e-07
 3.01471e-07
 3.01471e-07
 3.01471e-07
 1.50736e-07
 1.36301e-07
 2.72603e-07
 2.72603e-07
 2.72603e-07
 2.72603e-07
 1.36301e-07
 1.29026e-07
 2.58052e-07
 2.58052e-07
 2.58052e-07
 2.58052e-07
 1.29026e-07
 1.26182e-07
 2.52363e-07
 2.52363e-07
 2.52363e-07
 2.52363e-07
 1.26182e-07
 1.25308e-07
 2.50616e-07
 2.50616e-07
 2.50616e-07
 2.50616e-07
 1.25308e-07
 1.25076e-07
 2.50153e-07
 2.50153e-07
 2.50153e-07
 2.50153e-07
 1.25076e-07
 1.25019e-07
 2.50037e-07
 2.50037e-07
 2.50037e-07
 2.50037e-07
 1.25019e-07
 1.25004e-07
 2.50009e-07
 2.50009e-07
 2.50009e-07
 2.50009e-07
 1.25004e-07
 1.25001e-07
 2.50002e-07
 2.50002e-07
 2.50002e-07
 2.50002e-07
 1.25001e-07
 1.25000e-07
 2.50001e-07
 2.50001e-07
 2.50001e-07
 2.50001e-07
 1.25000e-07
 1.25000e-07
 2.50000e-07
 2.50000e-07
 2.50000e-07
 2.50000e-07
 1.25000e-07
 1.25000e-07
 2.50000e-07
 2.50000e-07
 2.50000e-07
 2.50000e-07
 1.25000e-07
 1.25000e-07
 2.50000e-07
 2.50000e-07
 2.50000e-07
 2.50000e-07
 1.25000e-07
 6.25000e-08
 1.25000e-07
 1.25000e-07
 1.25000e-07
 1.25000e-07
 6.25000e-08
