InternalEnergy
part
         1
hexa8
 2.50000e+00
 2.50000e+00
 2.50000e+00
 2.50000e+00
 2.50000e+00
 2.50000e+00
 2.50000e+00
 2.50000e+00
 2.50000e+00
 2.50000e+00
 2.50000e+00
 2.50000e+00
 2.50000e+00
 2.50000e+00
 2.50000e+00
 2.50000e+00
 2.50000e+00
 2.50000e+00
 2.50000e+00
 2.49999e+00
 2.49994e+00
 2.49974e+00
 2.49907e+00
 2.49709e+00
 2.49222e+00
 2.50000e+00
 2.50000e+00
 2.50000e+00
 2.50000e+00
 2.50000e+00
 2.50000e+00
 2.50000e+00
 2.50000e+00
 2.50000e+00
 2.50000e+00
 2.50000e+00
 2.50000e+00
 2.50000e+00
 2.50000e+00
 2.50000e+00
 2.50000e+00
 2.50000e+00
 2.50000e+00
 2.50000e+00
 2.49999e+00
 2.49994e+00
 2.49974e+00
 2.49907e+00
 2.49709e+00
 2.49222e+00
 2.50000e+00
 2.50000e+00
 2.50000e+00
 2.50000e+00
 2.50000e+00
 2.50000e+00
 2.50000e+00
 2.50000e+00
 2.50000e+00
 2.50000e+00
 2.50000e+00
 2.50000e+00
 2.50000e+00
 2.50000e+00
 2.50000e+00
 2.50000e+00
 2.50000e+00
 2.50000e+00
 2.50000e+00
 2.49999e+00
 2.49994e+00
 2.49974e+00
 2.49907e+00
 2.49709e+00
 2.49222e+00
 2.50000e+00
 2.50000e+00
 2.50000e+00
 2.50000e+00
 2.50000e+00
 2.50000e+00
 2.50000e+00
 2.50000e+00
 2.50000e+00
 2.50000e+00
 2.50000e+00
 2.50000e+00
 2.50000e+00
 2.50000e+00
 2.50000e+00
 2.50000e+00
 2.50000e+00
 2.50000e+00
 2.50000e+00
 2.49999e+00
 2.49994e+00
 2.49974e+00
 2.49907e+00
 2.49709e+00
 2.49222e+00
 2.50000e+00
 2.50000e+00
 2.50000e+00
 2.50000e+00
 2.50000e+00
 2.50000e+00
 2.50000e+00
 2.50000e+00
 2.50000e+00
 2.50000e+00
 2.50000e+00
 2.50000e+00
 2.50000e+00
 2.50000e+00
 2.50000e+00
 2.50000e+00
 2.50000e+00
 2.50000e+00
 2.50000e+00
 2.49999e+00
 2.49994e+00
 2.49974e+00
 2.49907e+00
 2.49709e+00
 2.49222e+00
 2.50000e+00
 2.50000e+00
 2.50000e+00
 2.50000e+00
 2.50000e+00
 2.50000e+00
 2.50000e+00
 2.50000e+00
 2.50000e+00
 2.50000e+00
 2.50000e+00
 2.50000e+00
 2.50000e+00
 2.50000e+00
 2.50000e+00
 2.50000e+00
 2.50000e+00
 2.50000e+00
 2.50000e+00
 2.49999e+00
 2.49994e+00
 2.49974e+00
 2.49907e+00
 2.49709e+00
 2.49222e+00
 2.50000e+00
 2.50000e+00
 2.50000e+00
 2.50000e+00
 2.50000e+00
 2.50000e+00
 2.50000e+00
 2.50000e+00
 2.50000e+00
 2.50000e+00
 2.50000e+00
 2.50000e+00
 2.50000e+00
 2.50000e+00
 2.50000e+00
 2.50000e+00
 2.50000e+00
 2.50000e+00
 2.50000e+00
 2.49999e+00
 2.49994e+00
 2.49974e+00
 2.49907e+00
 2.49709e+00
 2.49222e+00
 2.50000e+00
 2.50000e+00
 2.50000e+00
 2.50000e+00
 2.50000e+00
 2.50000e+00
 2.50000e+00
 2.50000e+00
 2.50000e+00
 2.50000e+00
 2.50000e+00
 2.50000e+00
 2.50000e+00
 2.50000e+00
 2.50000e+00
 2.50000e+00
 2.50000e+00
 2.50000e+00
 2.50000e+00
 2.49999e+00
 2.49994e+00
 2.49974e+00
 2.49907e+00
 2.49709e+00
 2.49222e+00
 2.50000e+00
 2.50000e+00
 2.50000e+00
 2.50000e+00
 2.50000e+00
 2.50000e+00
 2.50000e+00
 2.50000e+00
 2.50000e+00
 2.50000e+00
 2.50000e+00
 2.50000e+00
 2.50000e+00
 2.50000e+00
 2.50000e+00
 2.50000e+00
 2.50000e+00
 2.50000e+00
 2.50000e+00
 2.49999e+00
 2.49994e+00
 2.49974e+00
 2.49907e+00
 2.49709e+00
 2.49222e+00
 2.50000e+00
 2.50000e+00
 2.50000e+00
 2.50000e+00
 2.50000e+00
 2.50000e+00
 2.50000e+00
 2.50000e+00
 2.50000e+00
 2.50000e+00
 2.50000e+00
 2.50000e+00
 2.50000e+00
 2.50000e+00
 2.50000e+00
 2.50000e+00
 2.50000e+00
 2.50000e+00
 2.50000e+00
 2.49999e+00
 2.49994e+00
 2.49974e+00
 2.49907e+00
 2.49709e+00
 2.49222e+00
 2.50000e+00
 2.50000e+00
 2.50000e+00
 2.50000e+00
 2.50000e+00
 2.50000e+00
 2.50000e+00
 2.50000e+00
 2.50000e+00
 2.50000e+00
 2.50000e+00
 2.50000e+00
 2.50000e+00
 2.50000e+00
 2.50000e+00
 2.50000e+00
 2.50000e+00
 2.50000e+00
 2.50000e+00
 2.49999e+00
 2.49994e+00
 2.49974e+00
 2.49907e+00
 2.49709e+00
 2.49222e+00
 2.50000e+00
 2.50000e+00
 2.50000e+00
 2.50000e+00
 2.50000e+00
 2.50000e+00
 2.50000e+00
 2.50000e+00
 2.50000e+00
 2.50000e+00
 2.50000e+00
 2.50000e+00
 2.50000e+00
 2.50000e+00
 2.50000e+00
 2.50000e+00
 2.50000e+00
 2.50000e+00
 2.50000e+00
 2.49999e+00
 2.49994e+00
 2.49974e+00
 2.49907e+00
 2.49709e+00
 2.49222e+00
 2.50000e+00
 2.50000e+00
 2.50000e+00
 2.50000e+00
 2.50000e+00
 2.50000e+00
 2.50000e+00
 2.50000e+00
 2.50000e+00
 2.50000e+00
 2.50000e+00
 2.50000e+00
 2.50000e+00
 2.50000e+00
 2.50000e+00
 2.50000e+00
 2.50000e+00
 2.50000e+00
 2.50000e+00
 2.49999e+00
 2.49994e+00
 2.49974e+00
 2.49907e+00
 2.49709e+00
 2.49222e+00
 2.50000e+00
 2.50000e+00
 2.50000e+00
 2.50000e+00
 2.50000e+00
 2.50000e+00
 2.50000e+00
 2.50000e+00
 2.50000e+00
 2.50000e+00
 2.50000e+00
 2.50000e+00
 2.50000e+00
 2.50000e+00
 2.50000e+00
 2.50000e+00
 2.50000e+00
 2.50000e+00
 2.50000e+00
 2.49999e+00
 2.49994e+00
 2.49974e+00
 2.49907e+00
 2.49709e+00
 2.49222e+00
 2.50000e+00
 2.50000e+00
 2.50000e+00
 2.50000e+00
 2.50000e+00
 2.50000e+00
 2.50000e+00
 2.50000e+00
 2.50000e+00
 2.50000e+00
 2.50000e+00
 2.50000e+00
 2.50000e+00
 2.50000e+00
 2.50000e+00
 2.50000e+00
 2.50000e+00
 2.50000e+00
 2.50000e+00
 2.49999e+00
 2.49994e+00
 2.49974e+00
 2.49907e+00
 2.49709e+00
 2.49222e+00
 2.50000e+00
 2.50000e+00
 2.50000e+00
 2.50000e+00
 2.50000e+00
 2.50000e+00
 2.50000e+00
 2.50000e+00
 2.50000e+00
 2.50000e+00
 2.50000e+00
 2.50000e+00
 2.50000e+00
 2.50000e+00
 2.50000e+00
 2.50000e+00
 2.50000e+00
 2.50000e+00
 2.50000e+00
 2.49999e+00
 2.49994e+00
 2.49974e+00
 2.49907e+00
 2.49709e+00
 2.49222e+00
 2.50000e+00
 2.50000e+00
 2.50000e+00
 2.50000e+00
 2.50000e+00
 2.50000e+00
 2.50000e+00
 2.50000e+00
 2.50000e+00
 2.50000e+00
 2.50000e+00
 2.50000e+00
 2.50000e+00
 2.50000e+00
 2.50000e+00
 2.50000e+00
 2.50000e+00
 2.50000e+00
 2.50000e+00
 2.49999e+00
 2.49994e+00
 2.49974e+00
 2.49907e+00
 2.49709e+00
 2.49222e+00
 2.50000e+00
 2.50000e+00
 2.50000e+00
 2.50000e+00
 2.50000e+00
 2.50000e+00
 2.50000e+00
 2.50000e+00
 2.50000e+00
 2.50000e+00
 2.50000e+00
 2.50000e+00
 2.50000e+00
 2.50000e+00
 2.50000e+00
 2.50000e+00
 2.50000e+00
 2.50000e+00
 2.50000e+00
 2.49999e+00
 2.49994e+00
 2.49974e+00
 2.49907e+00
 2.49709e+00
 2.49222e+00
 2.50000e+00
 2.50000e+00
 2.50000e+00
 2.50000e+00
 2.50000e+00
 2.50000e+00
 2.50000e+00
 2.50000e+00
 2.50000e+00
 2.50000e+00
 2.50000e+00
 2.50000e+00
 2.50000e+00
 2.50000e+00
 2.50000e+00
 2.50000e+00
 2.50000e+00
 2.50000e+00
 2.50000e+00
 2.49999e+00
 2.49994e+00
 2.49974e+00
 2.49907e+00
 2.49709e+00
 2.49222e+00
 2.50000e+00
 2.50000e+00
 2.50000e+00
 2.50000e+00
 2.50000e+00
 2.50000e+00
 2.50000e+00
 2.50000e+00
 2.50000e+00
 2.50000e+00
 2.50000e+00
 2.50000e+00
 2.50000e+00
 2.50000e+00
 2.50000e+00
 2.50000e+00
 2.50000e+00
 2.50000e+00
 2.50000e+00
 2.49999e+00
 2.49994e+00
 2.49974e+00
 2.49907e+00
 2.49709e+00
 2.49222e+00
 2.50000e+00
 2.50000e+00
 2.50000e+00
 2.50000e+00
 2.50000e+00
 2.50000e+00
 2.50000e+00
 2.50000e+00
 2.50000e+00
 2.50000e+00
 2.50000e+00
 2.50000e+00
 2.50000e+00
 2.50000e+00
 2.50000e+00
 2.50000e+00
 2.50000e+00
 2.50000e+00
 2.50000e+00
 2.49999e+00
 2.49994e+00
 2.49974e+00
 2.49907e+00
 2.49709e+00
 2.49222e+00
 2.50000e+00
 2.50000e+00
 2.50000e+00
 2.50000e+00
 2.50000e+00
 2.50000e+00
 2.50000e+00
 2.50000e+00
 2.50000e+00
 2.50000e+00
 2.50000e+00
 2.50000e+00
 2.50000e+00
 2.50000e+00
 2.50000e+00
 2.50000e+00
 2.50000e+00
 2.50000e+00
 2.50000e+00
 2.49999e+00
 2.49994e+00
 2.49974e+00
 2.49907e+00
 2.49709e+00
 2.49222e+00
 2.50000e+00
 2.50000e+00
 2.50000e+00
 2.50000e+00
 2.50000e+00
 2.50000e+00
 2.50000e+00
 2.50000e+00
 2.50000e+00
 2.50000e+00
 2.50000e+00
 2.50000e+00
 2.50000e+00
 2.50000e+00
 2.50000e+00
 2.50000e+00
 2.50000e+00
 2.50000e+00
 2.50000e+00
 2.49999e+00
 2.49994e+00
 2.49974e+00
 2.49907e+00
 2.49709e+00
 2.49222e+00
 2.50000e+00
 2.50000e+00
 2.50000e+00
 2.50000e+00
 2.50000e+00
 2.50000e+00
 2.50000e+00
 2.50000e+00
 2.50000e+00
 2.50000e+00
 2.50000e+00
 2.50000e+00
 2.50000e+00
 2.50000e+00
 2.50000e+00
 2.50000e+00
 2.50000e+00
 2.50000e+00
 2.50000e+00
 2.49999e+00
 2.49994e+00
 2.49974e+00
 2.49907e+00
 2.49709e+00
 2.49222e+00
 2.50000e+00
 2.50000e+00
 2.50000e+00
 2.50000e+00
 2.50000e+00
 2.50000e+00
 2.50000e+00
 2.50000e+00
 2.50000e+00
 2.50000e+00
 2.50000e+00
 2.50000e+00
 2.50000e+00
 2.50000e+00
 2.50000e+00
 2.50000e+00
 2.50000e+00
 2.50000e+00
 2.50000e+00
 2.49999e+00
 2.49994e+00
 2.49974e+00
 2.49907e+00
 2.49709e+00
 2.49222e+00
part
         2
hexa8
 2.48240e+00
 2.46617e+00
 2.44382e+00
 2.41698e+00
 2.38737e+00
 2.35617e+00
 2.32407e+00
 2.29146e+00
 2.25857e+00
 2.22550e+00
 2.19226e+00
 2.15883e+00
 2.12548e+00
 2.09429e+00
 2.06346e+00
 2.03403e+00
 2.00492e+00
 1.97698e+00
 1.94954e+00
 1.92330e+00
 1.89803e+00
 1.87316e+00
 1.85016e+00
 1.82869e+00
 1.80988e+00
 2.48240e+00
 2.46617e+00
 2.44382e+00
 2.41698e+00
 2.38737e+00
 2.35617e+00
 2.32407e+00
 2.29146e+00
 2.25857e+00
 2.22550e+00
 2.19226e+00
 2.15883e+00
 2.12548e+00
 2.09429e+00
 2.06346e+00
 2.03403e+00
 2.00492e+00
 1.97698e+00
 1.94954e+00
 1.92330e+00
 1.89803e+00
 1.87316e+00
 1.85016e+00
 1.82869e+00
 1.80988e+00
 2.48240e+00
 2.46617e+00
 2.44382e+00
 2.41698e+00
 2.38737e+00
 2.35617e+00
 2.32407e+00
 2.29146e+00
 2.25857e+00
 2.22550e+00
 2.19226e+00
 2.15883e+00
 2.12548e+00
 2.09429e+00
 2.06346e+00
 2.03403e+00
 2.00492e+00
 1.97698e+00
 1.94954e+00
 1.92330e+00
 1.89803e+00
 1.87316e+00
 1.85016e+00
 1.82869e+00
 1.80988e+00
 2.48240e+00
 2.46617e+00
 2.44382e+00
 2.41698e+00
 2.38737e+00
 2.35617e+00
 2.32407e+00
 2.29146e+00
 2.25857e+00
 2.22550e+00
 2.19226e+00
 2.15883e+00
 2.12548e+00
 2.09429e+00
 2.06346e+00
 2.03403e+00
 2.00492e+00
 1.97698e+00
 1.94954e+00
 1.92330e+00
 1.89803e+00
 1.87316e+00
 1.85016e+00
 1.82869e+00
 1.80988e+00
 2.48240e+00
 2.46617e+00
 2.44382e+00
 2.41698e+00
 2.38737e+00
 2.35617e+00
 2.32407e+00
 2.29146e+00
 2.25857e+00
 2.22550e+00
 2.19226e+00
 2.15883e+00
 2.12548e+00
 2.09429e+00
 2.06346e+00
 2.03403e+00
 2.00492e+00
 1.97698e+00
 1.94954e+00
 1.92330e+00
 1.89803e+00
 1.87316e+00
 1.85016e+00
 1.82869e+00
 1.80988e+00
 2.48240e+00
 2.46617e+00
 2.44382e+00
 2.41698e+00
 2.38737e+00
 2.35617e+00
 2.32407e+00
 2.29146e+00
 2.25857e+00
 2.22550e+00
 2.19226e+00
 2.15883e+00
 2.12548e+00
 2.09429e+00
 2.06346e+00
 2.03403e+00
 2.00492e+00
 1.97698e+00
 1.94954e+00
 1.92330e+00
 1.89803e+00
 1.87316e+00
 1.85016e+00
 1.82869e+00
 1.80988e+00
 2.48240e+00
 2.46617e+00
 2.44382e+00
 2.41698e+00
 2.38737e+00
 2.35617e+00
 2.32407e+00
 2.29146e+00
 2.25857e+00
 2.22550e+00
 2.19226e+00
 2.15883e+00
 2.12548e+00
 2.09429e+00
 2.06346e+00
 2.03403e+00
 2.00492e+00
 1.97698e+00
 1.94954e+00
 1.92330e+00
 1.89803e+00
 1.87316e+00
 1.85016e+00
 1.82869e+00
 1.80988e+00
 2.48240e+00
 2.46617e+00
 2.44382e+00
 2.41698e+00
 2.38737e+00
 2.35617e+00
 2.32407e+00
 2.29146e+00
 2.25857e+00
 2.22550e+00
 2.19226e+00
 2.15883e+00
 2.12548e+00
 2.09429e+00
 2.06346e+00
 2.03403e+00
 2.00492e+00
 1.97698e+00
 1.94954e+00
 1.92330e+00
 1.89803e+00
 1.87316e+00
 1.85016e+00
 1.82869e+00
 1.80988e+00
 2.48240e+00
 2.46617e+00
 2.44382e+00
 2.41698e+00
 2.38737e+00
 2.35617e+00
 2.32407e+00
 2.29146e+00
 2.25857e+00
 2.22550e+00
 2.19226e+00
 2.15883e+00
 2.12548e+00
 2.09429e+00
 2.06346e+00
 2.03403e+00
 2.00492e+00
 1.97698e+00
 1.94954e+00
 1.92330e+00
 1.89803e+00
 1.87316e+00
 1.85016e+00
 1.82869e+00
 1.80988e+00
 2.48240e+00
 2.46617e+00
 2.44382e+00
 2.41698e+00
 2.38737e+00
 2.35617e+00
 2.32407e+00
 2.29146e+00
 2.25857e+00
 2.22550e+00
 2.19226e+00
 2.15883e+00
 2.12548e+00
 2.09429e+00
 2.06346e+00
 2.03403e+00
 2.00492e+00
 1.97698e+00
 1.94954e+00
 1.92330e+00
 1.89803e+00
 1.87316e+00
 1.85016e+00
 1.82869e+00
 1.80988e+00
 2.48240e+00
 2.46617e+00
 2.44382e+00
 2.41698e+00
 2.38737e+00
 2.35617e+00
 2.32407e+00
 2.29146e+00
 2.25857e+00
 2.22550e+00
 2.19226e+00
 2.15883e+00
 2.12548e+00
 2.09429e+00
 2.06346e+00
 2.03403e+00
 2.00492e+00
 1.97698e+00
 1.94954e+00
 1.92330e+00
 1.89803e+00
 1.87316e+00
 1.85016e+00
 1.82869e+00
 1.80988e+00
 2.48240e+00
 2.46617e+00
 2.44382e+00
 2.41698e+00
 2.38737e+00
 2.35617e+00
 2.32407e+00
 2.29146e+00
 2.25857e+00
 2.22550e+00
 2.19226e+00
 2.15883e+00
 2.12548e+00
 2.09429e+00
 2.06346e+00
 2.03403e+00
 2.00492e+00
 1.97698e+00
 1.94954e+00
 1.92330e+00
 1.89803e+00
 1.87316e+00
 1.85016e+00
 1.82869e+00
 1.80988e+00
 2.48240e+00
 2.46617e+00
 2.44382e+00
 2.41698e+00
 2.38737e+00
 2.35617e+00
 2.32407e+00
 2.29146e+00
 2.25857e+00
 2.22550e+00
 2.19226e+00
 2.15883e+00
 2.12548e+00
 2.09429e+00
 2.06346e+00
 2.03403e+00
 2.00492e+00
 1.97698e+00
 1.94954e+00
 1.92330e+00
 1.89803e+00
 1.87316e+00
 1.85016e+00
 1.82869e+00
 1.80988e+00
 2.48240e+00
 2.46617e+00
 2.44382e+00
 2.41698e+00
 2.38737e+00
 2.35617e+00
 2.32407e+00
 2.29146e+00
 2.25857e+00
 2.22550e+00
 2.19226e+00
 2.15883e+00
 2.12548e+00
 2.09429e+00
 2.06346e+00
 2.03403e+00
 2.00492e+00
 1.97698e+00
 1.94954e+00
 1.92330e+00
 1.89803e+00
 1.87316e+00
 1.85016e+00
 1.82869e+00
 1.80988e+00
 2.48240e+00
 2.46617e+00
 2.44382e+00
 2.41698e+00
 2.38737e+00
 2.35617e+00
 2.32407e+00
 2.29146e+00
 2.25857e+00
 2.22550e+00
 2.19226e+00
 2.15883e+00
 2.12548e+00
 2.09429e+00
 2.06346e+00
 2.03403e+00
 2.00492e+00
 1.97698e+00
 1.94954e+00
 1.92330e+00
 1.89803e+00
 1.87316e+00
 1.85016e+00
 1.82869e+00
 1.80988e+00
 2.48240e+00
 2.46617e+00
 2.44382e+00
 2.41698e+00
 2.38737e+00
 2.35617e+00
 2.32407e+00
 2.29146e+00
 2.25857e+00
 2.22550e+00
 2.19226e+00
 2.15883e+00
 2.12548e+00
 2.09429e+00
 2.06346e+00
 2.03403e+00
 2.00492e+00
 1.97698e+00
 1.94954e+00
 1.92330e+00
 1.89803e+00
 1.87316e+00
 1.85016e+00
 1.82869e+00
 1.80988e+00
 2.48240e+00
 2.46617e+00
 2.44382e+00
 2.41698e+00
 2.38737e+00
 2.35617e+00
 2.32407e+00
 2.29146e+00
 2.25857e+00
 2.22550e+00
 2.19226e+00
 2.15883e+00
 2.12548e+00
 2.09429e+00
 2.06346e+00
 2.03403e+00
 2.00492e+00
 1.97698e+00
 1.94954e+00
 1.92330e+00
 1.89803e+00
 1.87316e+00
 1.85016e+00
 1.82869e+00
 1.80988e+00
 2.48240e+00
 2.46617e+00
 2.44382e+00
 2.41698e+00
 2.38737e+00
 2.35617e+00
 2.32407e+00
 2.29146e+00
 2.25857e+00
 2.22550e+00
 2.19226e+00
 2.15883e+00
 2.12548e+00
 2.09429e+00
 2.06346e+00
 2.03403e+00
 2.00492e+00
 1.97698e+00
 1.94954e+00
 1.92330e+00
 1.89803e+00
 1.87316e+00
 1.85016e+00
 1.82869e+00
 1.80988e+00
 2.48240e+00
 2.46617e+00
 2.44382e+00
 2.41698e+00
 2.38737e+00
 2.35617e+00
 2.32407e+00
 2.29146e+00
 2.25857e+00
 2.22550e+00
 2.19226e+00
 2.15883e+00
 2.12548e+00
 2.09429e+00
 2.06346e+00
 2.03403e+00
 2.00492e+00
 1.97698e+00
 1.94954e+00
 1.92330e+00
 1.89803e+00
 1.87316e+00
 1.85016e+00
 1.82869e+00
 1.80988e+00
 2.48240e+00
 2.46617e+00
 2.44382e+00
 2.41698e+00
 2.38737e+00
 2.35617e+00
 2.32407e+00
 2.29146e+00
 2.25857e+00
 2.22550e+00
 2.19226e+00
 2.15883e+00
 2.12548e+00
 2.09429e+00
 2.06346e+00
 2.03403e+00
 2.00492e+00
 1.97698e+00
 1.94954e+00
 1.92330e+00
 1.89803e+00
 1.87316e+00
 1.85016e+00
 1.82869e+00
 1.80988e+00
 2.48240e+00
 2.46617e+00
 2.44382e+00
 2.41698e+00
 2.38737e+00
 2.35617e+00
 2.32407e+00
 2.29146e+00
 2.25857e+00
 2.22550e+00
 2.19226e+00
 2.15883e+00
 2.12548e+00
 2.09429e+00
 2.06346e+00
 2.03403e+00
 2.00492e+00
 1.97698e+00
 1.94954e+00
 1.92330e+00
 1.89803e+00
 1.87316e+00
 1.85016e+00
 1.82869e+00
 1.80988e+00
 2.48240e+00
 2.46617e+00
 2.44382e+00
 2.41698e+00
 2.38737e+00
 2.35617e+00
 2.32407e+00
 2.29146e+00
 2.25857e+00
 2.22550e+00
 2.19226e+00
 2.15883e+00
 2.12548e+00
 2.09429e+00
 2.06346e+00
 2.03403e+00
 2.00492e+00
 1.97698e+00
 1.94954e+00
 1.92330e+00
 1.89803e+00
 1.87316e+00
 1.85016e+00
 1.82869e+00
 1.80988e+00
 2.48240e+00
 2.46617e+00
 2.44382e+00
 2.41698e+00
 2.38737e+00
 2.35617e+00
 2.32407e+00
 2.29146e+00
 2.25857e+00
 2.22550e+00
 2.19226e+00
 2.15883e+00
 2.12548e+00
 2.09429e+00
 2.06346e+00
 2.03403e+00
 2.00492e+00
 1.97698e+00
 1.94954e+00
 1.92330e+00
 1.89803e+00
 1.87316e+00
 1.85016e+00
 1.82869e+00
 1.80988e+00
 2.48240e+00
 2.46617e+00
 2.44382e+00
 2.41698e+00
 2.38737e+00
 2.35617e+00
 2.32407e+00
 2.29146e+00
 2.25857e+00
 2.22550e+00
 2.19226e+00
 2.15883e+00
 2.12548e+00
 2.09429e+00
 2.06346e+00
 2.03403e+00
 2.00492e+00
 1.97698e+00
 1.94954e+00
 1.92330e+00
 1.89803e+00
 1.87316e+00
 1.85016e+00
 1.82869e+00
 1.80988e+00
 2.48240e+00
 2.46617e+00
 2.44382e+00
 2.41698e+00
 2.38737e+00
 2.35617e+00
 2.32407e+00
 2.29146e+00
 2.25857e+00
 2.22550e+00
 2.19226e+00
 2.15883e+00
 2.12548e+00
 2.09429e+00
 2.06346e+00
 2.03403e+00
 2.00492e+00
 1.97698e+00
 1.94954e+00
 1.92330e+00
 1.89803e+00
 1.87316e+00
 1.85016e+00
 1.82869e+00
 1.80988e+00
part
         3
hexa8
 1.79645e+00
 1.78673e+00
 1.77908e+00
 1.77587e+00
 1.77578e+00
 1.77602e+00
 1.77621e+00
 1.77649e+00
 1.77690e+00
 1.77743e+00
 1.77819e+00
 1.78001e+00
 1.78438e+00
 1.79341e+00
 1.81272e+00
 1.85522e+00
 1.93818e+00
 2.09100e+00
 2.33002e+00
 2.56297e+00
 2.72329e+00
 2.81396e+00
 2.85608e+00
 2.87137e+00
 2.87490e+00
 1.79645e+00
 1.78673e+00
 1.77908e+00
 1.77587e+00
 1.77578e+00
 1.77602e+00
 1.77621e+00
 1.77649e+00
 1.77690e+00
 1.77743e+00
 1.77819e+00
 1.78001e+00
 1.78438e+00
 1.79341e+00
 1.81272e+00
 1.85522e+00
 1.93818e+00
 2.09100e+00
 2.33002e+00
 2.56297e+00
 2.72329e+00
 2.81396e+00
 2.85608e+00
 2.87137e+00
 2.87490e+00
 1.79645e+00
 1.78673e+00
 1.77908e+00
 1.77587e+00
 1.77578e+00
 1.77602e+00
 1.77621e+00
 1.77649e+00
 1.77690e+00
 1.77743e+00
 1.77819e+00
 1.78001e+00
 1.78438e+00
 1.79341e+00
 1.81272e+00
 1.85522e+00
 1.93818e+00
 2.09100e+00
 2.33002e+00
 2.56297e+00
 2.72329e+00
 2.81396e+00
 2.85608e+00
 2.87137e+00
 2.87490e+00
 1.79645e+00
 1.78673e+00
 1.77908e+00
 1.77587e+00
 1.77578e+00
 1.77602e+00
 1.77621e+00
 1.77649e+00
 1.77690e+00
 1.77743e+00
 1.77819e+00
 1.78001e+00
 1.78438e+00
 1.79341e+00
 1.81272e+00
 1.85522e+00
 1.93818e+00
 2.09100e+00
 2.33002e+00
 2.56297e+00
 2.72329e+00
 2.81396e+00
 2.85608e+00
 2.87137e+00
 2.87490e+00
 1.79645e+00
 1.78673e+00
 1.77908e+00
 1.77587e+00
 1.77578e+00
 1.77602e+00
 1.77621e+00
 1.77649e+00
 1.77690e+00
 1.77743e+00
 1.77819e+00
 1.78001e+00
 1.78438e+00
 1.79341e+00
 1.81272e+00
 1.85522e+00
 1.93818e+00
 2.09100e+00
 2.33002e+00
 2.56297e+00
 2.72329e+00
 2.81396e+00
 2.85608e+00
 2.87137e+00
 2.87490e+00
 1.79645e+00
 1.78673e+00
 1.77908e+00
 1.77587e+00
 1.77578e+00
 1.77602e+00
 1.77621e+00
 1.77649e+00
 1.77690e+00
 1.77743e+00
 1.77819e+00
 1.78001e+00
 1.78438e+00
 1.79341e+00
 1.81272e+00
 1.85522e+00
 1.93818e+00
 2.09100e+00
 2.33002e+00
 2.56297e+00
 2.72329e+00
 2.81396e+00
 2.85608e+00
 2.87137e+00
 2.87490e+00
 1.79645e+00
 1.78673e+00
 1.77908e+00
 1.77587e+00
 1.77578e+00
 1.77602e+00
 1.77621e+00
 1.77649e+00
 1.77690e+00
 1.77743e+00
 1.77819e+00
 1.78001e+00
 1.78438e+00
 1.79341e+00
 1.81272e+00
 1.85522e+00
 1.93818e+00
 2.09100e+00
 2.33002e+00
 2.56297e+00
 2.72329e+00
 2.81396e+00
 2.85608e+00
 2.87137e+00
 2.87490e+00
 1.79645e+00
 1.78673e+00
 1.77908e+00
 1.77587e+00
 1.77578e+00
 1.77602e+00
 1.77621e+00
 1.77649e+00
 1.77690e+00
 1.77743e+00
 1.77819e+00
 1.78001e+00
 1.78438e+00
 1.79341e+00
 1.81272e+00
 1.85522e+00
 1.93818e+00
 2.09100e+00
 2.33002e+00
 2.56297e+00
 2.72329e+00
 2.81396e+00
 2.85608e+00
 2.87137e+00
 2.87490e+00
 1.79645e+00
 1.78673e+00
 1.77908e+00
 1.77587e+00
 1.77578e+00
 1.77602e+00
 1.77621e+00
 1.77649e+00
 1.77690e+00
 1.77743e+00
 1.77819e+00
 1.78001e+00
 1.78438e+00
 1.79341e+00
 1.81272e+00
 1.85522e+00
 1.93818e+00
 2.09100e+00
 2.33002e+00
 2.56297e+00
 2.72329e+00
 2.81396e+00
 2.85608e+00
 2.87137e+00
 2.87490e+00
 1.79645e+00
 1.78673e+00
 1.77908e+00
 1.77587e+00
 1.77578e+00
 1.77602e+00
 1.77621e+00
 1.77649e+00
 1.77690e+00
 1.77743e+00
 1.77819e+00
 1.78001e+00
 1.78438e+00
 1.79341e+00
 1.81272e+00
 1.85522e+00
 1.93818e+00
 2.09100e+00
 2.33002e+00
 2.56297e+00
 2.72329e+00
 2.81396e+00
 2.85608e+00
 2.87137e+00
 2.87490e+00
 1.79645e+00
 1.78673e+00
 1.77908e+00
 1.77587e+00
 1.77578e+00
 1.77602e+00
 1.77621e+00
 1.77649e+00
 1.77690e+00
 1.77743e+00
 1.77819e+00
 1.78001e+00
 1.78438e+00
 1.79341e+00
 1.81272e+00
 1.85522e+00
 1.93818e+00
 2.09100e+00
 2.33002e+00
 2.56297e+00
 2.72329e+00
 2.81396e+00
 2.85608e+00
 2.87137e+00
 2.87490e+00
 1.79645e+00
 1.78673e+00
 1.77908e+00
 1.77587e+00
 1.77578e+00
 1.77602e+00
 1.77621e+00
 1.77649e+00
 1.77690e+00
 1.77743e+00
 1.77819e+00
 1.78001e+00
 1.78438e+00
 1.79341e+00
 1.81272e+00
 1.85522e+00
 1.93818e+00
 2.09100e+00
 2.33002e+00
 2.56297e+00
 2.72329e+00
 2.81396e+00
 2.85608e+00
 2.87137e+00
 2.87490e+00
 1.79645e+00
 1.78673e+00
 1.77908e+00
 1.77587e+00
 1.77578e+00
 1.77602e+00
 1.77621e+00
 1.77649e+00
 1.77690e+00
 1.77743e+00
 1.77819e+00
 1.78001e+00
 1.78438e+00
 1.79341e+00
 1.81272e+00
 1.85522e+00
 1.93818e+00
 2.09100e+00
 2.33002e+00
 2.56297e+00
 2.72329e+00
 2.81396e+00
 2.85608e+00
 2.87137e+00
 2.87490e+00
 1.79645e+00
 1.78673e+00
 1.77908e+00
 1.77587e+00
 1.77578e+00
 1.77602e+00
 1.77621e+00
 1.77649e+00
 1.77690e+00
 1.77743e+00
 1.77819e+00
 1.78001e+00
 1.78438e+00
 1.79341e+00
 1.81272e+00
 1.85522e+00
 1.93818e+00
 2.09100e+00
 2.33002e+00
 2.56297e+00
 2.72329e+00
 2.81396e+00
 2.85608e+00
 2.87137e+00
 2.87490e+00
 1.79645e+00
 1.78673e+00
 1.77908e+00
 1.77587e+00
 1.77578e+00
 1.77602e+00
 1.77621e+00
 1.77649e+00
 1.77690e+00
 1.77743e+00
 1.77819e+00
 1.78001e+00
 1.78438e+00
 1.79341e+00
 1.81272e+00
 1.85522e+00
 1.93818e+00
 2.09100e+00
 2.33002e+00
 2.56297e+00
 2.72329e+00
 2.81396e+00
 2.85608e+00
 2.87137e+00
 2.87490e+00
 1.79645e+00
 1.78673e+00
 1.77908e+00
 1.77587e+00
 1.77578e+00
 1.77602e+00
 1.77621e+00
 1.77649e+00
 1.77690e+00
 1.77743e+00
 1.77819e+00
 1.78001e+00
 1.78438e+00
 1.79341e+00
 1.81272e+00
 1.85522e+00
 1.93818e+00
 2.09100e+00
 2.33002e+00
 2.56297e+00
 2.72329e+00
 2.81396e+00
 2.85608e+00
 2.87137e+00
 2.87490e+00
 1.79645e+00
 1.78673e+00
 1.77908e+00
 1.77587e+00
 1.77578e+00
 1.77602e+00
 1.77621e+00
 1.77649e+00
 1.77690e+00
 1.77743e+00
 1.77819e+00
 1.78001e+00
 1.78438e+00
 1.79341e+00
 1.81272e+00
 1.85522e+00
 1.93818e+00
 2.09100e+00
 2.33002e+00
 2.56297e+00
 2.72329e+00
 2.81396e+00
 2.85608e+00
 2.87137e+00
 2.87490e+00
 1.79645e+00
 1.78673e+00
 1.77908e+00
 1.77587e+00
 1.77578e+00
 1.77602e+00
 1.77621e+00
 1.77649e+00
 1.77690e+00
 1.77743e+00
 1.77819e+00
 1.78001e+00
 1.78438e+00
 1.79341e+00
 1.81272e+00
 1.85522e+00
 1.93818e+00
 2.09100e+00
 2.33002e+00
 2.56297e+00
 2.72329e+00
 2.81396e+00
 2.85608e+00
 2.87137e+00
 2.87490e+00
 1.79645e+00
 1.78673e+00
 1.77908e+00
 1.77587e+00
 1.77578e+00
 1.77602e+00
 1.77621e+00
 1.77649e+00
 1.77690e+00
 1.77743e+00
 1.77819e+00
 1.78001e+00
 1.78438e+00
 1.79341e+00
 1.81272e+00
 1.85522e+00
 1.93818e+00
 2.09100e+00
 2.33002e+00
 2.56297e+00
 2.72329e+00
 2.81396e+00
 2.85608e+00
 2.87137e+00
 2.87490e+00
 1.79645e+00
 1.78673e+00
 1.77908e+00
 1.77587e+00
 1.77578e+00
 1.77602e+00
 1.77621e+00
 1.77649e+00
 1.77690e+00
 1.77743e+00
 1.77819e+00
 1.78001e+00
 1.78438e+00
 1.79341e+00
 1.81272e+00
 1.85522e+00
 1.93818e+00
 2.09100e+00
 2.33002e+00
 2.56297e+00
 2.72329e+00
 2.81396e+00
 2.85608e+00
 2.87137e+00
 2.87490e+00
 1.79645e+00
 1.78673e+00
 1.77908e+00
 1.77587e+00
 1.77578e+00
 1.77602e+00
 1.77621e+00
 1.77649e+00
 1.77690e+00
 1.77743e+00
 1.77819e+00
 1.78001e+00
 1.78438e+00
 1.79341e+00
 1.81272e+00
 1.85522e+00
 1.93818e+00
 2.09100e+00
 2.33002e+00
 2.56297e+00
 2.72329e+00
 2.81396e+00
 2.85608e+00
 2.87137e+00
 2.87490e+00
 1.79645e+00
 1.78673e+00
 1.77908e+00
 1.77587e+00
 1.77578e+00
 1.77602e+00
 1.77621e+00
 1.77649e+00
 1.77690e+00
 1.77743e+00
 1.77819e+00
 1.78001e+00
 1.78438e+00
 1.79341e+00
 1.81272e+00
 1.85522e+00
 1.93818e+00
 2.09100e+00
 2.33002e+00
 2.56297e+00
 2.72329e+00
 2.81396e+00
 2.85608e+00
 2.87137e+00
 2.87490e+00
 1.79645e+00
 1.78673e+00
 1.77908e+00
 1.77587e+00
 1.77578e+00
 1.77602e+00
 1.77621e+00
 1.77649e+00
 1.77690e+00
 1.77743e+00
 1.77819e+00
 1.78001e+00
 1.78438e+00
 1.79341e+00
 1.81272e+00
 1.85522e+00
 1.93818e+00
 2.09100e+00
 2.33002e+00
 2.56297e+00
 2.72329e+00
 2.81396e+00
 2.85608e+00
 2.87137e+00
 2.87490e+00
 1.79645e+00
 1.78673e+00
 1.77908e+00
 1.77587e+00
 1.77578e+00
 1.77602e+00
 1.77621e+00
 1.77649e+00
 1.77690e+00
 1.77743e+00
 1.77819e+00
 1.78001e+00
 1.78438e+00
 1.79341e+00
 1.81272e+00
 1.85522e+00
 1.93818e+00
 2.09100e+00
 2.33002e+00
 2.56297e+00
 2.72329e+00
 2.81396e+00
 2.85608e+00
 2.87137e+00
 2.87490e+00
 1.79645e+00
 1.78673e+00
 1.77908e+00
 1.77587e+00
 1.77578e+00
 1.77602e+00
 1.77621e+00
 1.77649e+00
 1.77690e+00
 1.77743e+00
 1.77819e+00
 1.78001e+00
 1.78438e+00
 1.79341e+00
 1.81272e+00
 1.85522e+00
 1.93818e+00
 2.09100e+00
 2.33002e+00
 2.56297e+00
 2.72329e+00
 2.81396e+00
 2.85608e+00
 2.87137e+00
 2.87490e+00
part
         4
hexa8
 2.87359e+00
 2.86943e+00
 2.86362e+00
 2.85660e+00
 2.84751e+00
 2.83282e+00
 2.80651e+00
 2.76184e+00
 2.69456e+00
 2.59912e+00
 2.45620e+00
 2.28765e+00
 2.15080e+00
 2.06434e+00
 2.02224e+00
 2.00658e+00
 2.00179e+00
 2.00047e+00
 2.00012e+00
 2.00003e+00
 2.00001e+00
 2.00000e+00
 2.00000e+00
 2.00000e+00
 2.00000e+00
 2.87359e+00
 2.86943e+00
 2.86362e+00
 2.85660e+00
 2.84751e+00
 2.83282e+00
 2.80651e+00
 2.76184e+00
 2.69456e+00
 2.59912e+00
 2.45620e+00
 2.28765e+00
 2.15080e+00
 2.06434e+00
 2.02224e+00
 2.00658e+00
 2.00179e+00
 2.00047e+00
 2.00012e+00
 2.00003e+00
 2.00001e+00
 2.00000e+00
 2.00000e+00
 2.00000e+00
 2.00000e+00
 2.87359e+00
 2.86943e+00
 2.86362e+00
 2.85660e+00
 2.84751e+00
 2.83282e+00
 2.80651e+00
 2.76184e+00
 2.69456e+00
 2.59912e+00
 2.45620e+00
 2.28765e+00
 2.15080e+00
 2.06434e+00
 2.02224e+00
 2.00658e+00
 2.00179e+00
 2.00047e+00
 2.00012e+00
 2.00003e+00
 2.00001e+00
 2.00000e+00
 2.00000e+00
 2.00000e+00
 2.00000e+00
 2.87359e+00
 2.86943e+00
 2.86362e+00
 2.85660e+00
 2.84751e+00
 2.83282e+00
 2.80651e+00
 2.76184e+00
 2.69456e+00
 2.59912e+00
 2.45620e+00
 2.28765e+00
 2.15080e+00
 2.06434e+00
 2.02224e+00
 2.00658e+00
 2.00179e+00
 2.00047e+00
 2.00012e+00
 2.00003e+00
 2.00001e+00
 2.00000e+00
 2.00000e+00
 2.00000e+00
 2.00000e+00
 2.87359e+00
 2.86943e+00
 2.86362e+00
 2.85660e+00
 2.84751e+00
 2.83282e+00
 2.80651e+00
 2.76184e+00
 2.69456e+00
 2.59912e+00
 2.45620e+00
 2.28765e+00
 2.15080e+00
 2.06434e+00
 2.02224e+00
 2.00658e+00
 2.00179e+00
 2.00047e+00
 2.00012e+00
 2.00003e+00
 2.00001e+00
 2.00000e+00
 2.00000e+00
 2.00000e+00
 2.00000e+00
 2.87359e+00
 2.86943e+00
 2.86362e+00
 2.85660e+00
 2.84751e+00
 2.83282e+00
 2.80651e+00
 2.76184e+00
 2.69456e+00
 2.59912e+00
 2.45620e+00
 2.28765e+00
 2.15080e+00
 2.06434e+00
 2.02224e+00
 2.00658e+00
 2.00179e+00
 2.00047e+00
 2.00012e+00
 2.00003e+00
 2.00001e+00
 2.00000e+00
 2.00000e+00
 2.00000e+00
 2.00000e+00
 2.87359e+00
 2.86943e+00
 2.86362e+00
 2.85660e+00
 2.84751e+00
 2.83282e+00
 2.80651e+00
 2.76184e+00
 2.69456e+00
 2.59912e+00
 2.45620e+00
 2.28765e+00
 2.15080e+00
 2.06434e+00
 2.02224e+00
 2.00658e+00
 2.00179e+00
 2.00047e+00
 2.00012e+00
 2.00003e+00
 2.00001e+00
 2.00000e+00
 2.00000e+00
 2.00000e+00
 2.00000e+00
 2.87359e+00
 2.86943e+00
 2.86362e+00
 2.85660e+00
 2.84751e+00
 2.83282e+00
 2.80651e+00
 2.76184e+00
 2.69456e+00
 2.59912e+00
 2.45620e+00
 2.28765e+00
 2.15080e+00
 2.06434e+00
 2.02224e+00
 2.00658e+00
 2.00179e+00
 2.00047e+00
 2.00012e+00
 2.00003e+00
 2.00001e+00
 2.00000e+00
 2.00000e+00
 2.00000e+00
 2.00000e+00
 2.87359e+00
 2.86943e+00
 2.86362e+00
 2.85660e+00
 2.84751e+00
 2.83282e+00
 2.80651e+00
 2.76184e+00
 2.69456e+00
 2.59912e+00
 2.45620e+00
 2.28765e+00
 2.15080e+00
 2.06434e+00
 2.02224e+00
 2.00658e+00
 2.00179e+00
 2.00047e+00
 2.00012e+00
 2.00003e+00
 2.00001e+00
 2.00000e+00
 2.00000e+00
 2.00000e+00
 2.00000e+00
 2.87359e+00
 2.86943e+00
 2.86362e+00
 2.85660e+00
 2.84751e+00
 2.83282e+00
 2.80651e+00
 2.76184e+00
 2.69456e+00
 2.59912e+00
 2.45620e+00
 2.28765e+00
 2.15080e+00
 2.06434e+00
 2.02224e+00
 2.00658e+00
 2.00179e+00
 2.00047e+00
 2.00012e+00
 2.00003e+00
 2.00001e+00
 2.00000e+00
 2.00000e+00
 2.00000e+00
 2.00000e+00
 2.87359e+00
 2.86943e+00
 2.86362e+00
 2.85660e+00
 2.84751e+00
 2.83282e+00
 2.80651e+00
 2.76184e+00
 2.69456e+00
 2.59912e+00
 2.45620e+00
 2.28765e+00
 2.15080e+00
 2.06434e+00
 2.02224e+00
 2.00658e+00
 2.00179e+00
 2.00047e+00
 2.00012e+00
 2.00003e+00
 2.00001e+00
 2.00000e+00
 2.00000e+00
 2.00000e+00
 2.00000e+00
 2.87359e+00
 2.86943e+00
 2.86362e+00
 2.85660e+00
 2.84751e+00
 2.83282e+00
 2.80651e+00
 2.76184e+00
 2.69456e+00
 2.59912e+00
 2.45620e+00
 2.28765e+00
 2.15080e+00
 2.06434e+00
 2.02224e+00
 2.00658e+00
 2.00179e+00
 2.00047e+00
 2.00012e+00
 2.00003e+00
 2.00001e+00
 2.00000e+00
 2.00000e+00
 2.00000e+00
 2.00000e+00
 2.87359e+00
 2.86943e+00
 2.86362e+00
 2.85660e+00
 2.84751e+00
 2.83282e+00
 2.80651e+00
 2.76184e+00
 2.69456e+00
 2.59912e+00
 2.45620e+00
 2.28765e+00
 2.15080e+00
 2.06434e+00
 2.02224e+00
 2.00658e+00
 2.00179e+00
 2.00047e+00
 2.00012e+00
 2.00003e+00
 2.00001e+00
 2.00000e+00
 2.00000e+00
 2.00000e+00
 2.00000e+00
 2.87359e+00
 2.86943e+00
 2.86362e+00
 2.85660e+00
 2.84751e+00
 2.83282e+00
 2.80651e+00
 2.76184e+00
 2.69456e+00
 2.59912e+00
 2.45620e+00
 2.28765e+00
 2.15080e+00
 2.06434e+00
 2.02224e+00
 2.00658e+00
 2.00179e+00
 2.00047e+00
 2.00012e+00
 2.00003e+00
 2.00001e+00
 2.00000e+00
 2.00000e+00
 2.00000e+00
 2.00000e+00
 2.87359e+00
 2.86943e+00
 2.86362e+00
 2.85660e+00
 2.84751e+00
 2.83282e+00
 2.80651e+00
 2.76184e+00
 2.69456e+00
 2.59912e+00
 2.45620e+00
 2.28765e+00
 2.15080e+00
 2.06434e+00
 2.02224e+00
 2.00658e+00
 2.00179e+00
 2.00047e+00
 2.00012e+00
 2.00003e+00
 2.00001e+00
 2.00000e+00
 2.00000e+00
 2.00000e+00
 2.00000e+00
 2.87359e+00
 2.86943e+00
 2.86362e+00
 2.85660e+00
 2.84751e+00
 2.83282e+00
 2.80651e+00
 2.76184e+00
 2.69456e+00
 2.59912e+00
 2.45620e+00
 2.28765e+00
 2.15080e+00
 2.06434e+00
 2.02224e+00
 2.00658e+00
 2.00179e+00
 2.00047e+00
 2.00012e+00
 2.00003e+00
 2.00001e+00
 2.00000e+00
 2.00000e+00
 2.00000e+00
 2.00000e+00
 2.87359e+00
 2.86943e+00
 2.86362e+00
 2.85660e+00
 2.84751e+00
 2.83282e+00
 2.80651e+00
 2.76184e+00
 2.69456e+00
 2.59912e+00
 2.45620e+00
 2.28765e+00
 2.15080e+00
 2.06434e+00
 2.02224e+00
 2.00658e+00
 2.00179e+00
 2.00047e+00
 2.00012e+00
 2.00003e+00
 2.00001e+00
 2.00000e+00
 2.00000e+00
 2.00000e+00
 2.00000e+00
 2.87359e+00
 2.86943e+00
 2.86362e+00
 2.85660e+00
 2.84751e+00
 2.83282e+00
 2.80651e+00
 2.76184e+00
 2.69456e+00
 2.59912e+00
 2.45620e+00
 2.28765e+00
 2.15080e+00
 2.06434e+00
 2.02224e+00
 2.00658e+00
 2.00179e+00
 2.00047e+00
 2.00012e+00
 2.00003e+00
 2.00001e+00
 2.00000e+00
 2.00000e+00
 2.00000e+00
 2.00000e+00
 2.87359e+00
 2.86943e+00
 2.86362e+00
 2.85660e+00
 2.84751e+00
 2.83282e+00
 2.80651e+00
 2.76184e+00
 2.69456e+00
 2.59912e+00
 2.45620e+00
 2.28765e+00
 2.15080e+00
 2.06434e+00
 2.02224e+00
 2.00658e+00
 2.00179e+00
 2.00047e+00
 2.00012e+00
 2.00003e+00
 2.00001e+00
 2.00000e+00
 2.00000e+00
 2.00000e+00
 2.00000e+00
 2.87359e+00
 2.86943e+00
 2.86362e+00
 2.85660e+00
 2.84751e+00
 2.83282e+00
 2.80651e+00
 2.76184e+00
 2.69456e+00
 2.59912e+00
 2.45620e+00
 2.28765e+00
 2.15080e+00
 2.06434e+00
 2.02224e+00
 2.00658e+00
 2.00179e+00
 2.00047e+00
 2.00012e+00
 2.00003e+00
 2.00001e+00
 2.00000e+00
 2.00000e+00
 2.00000e+00
 2.00000e+00
 2.87359e+00
 2.86943e+00
 2.86362e+00
 2.85660e+00
 2.84751e+00
 2.83282e+00
 2.80651e+00
 2.76184e+00
 2.69456e+00
 2.59912e+00
 2.45620e+00
 2.28765e+00
 2.15080e+00
 2.06434e+00
 2.02224e+00
 2.00658e+00
 2.00179e+00
 2.00047e+00
 2.00012e+00
 2.00003e+00
 2.00001e+00
 2.00000e+00
 2.00000e+00
 2.00000e+00
 2.00000e+00
 2.87359e+00
 2.86943e+00
 2.86362e+00
 2.85660e+00
 2.84751e+00
 2.83282e+00
 2.80651e+00
 2.76184e+00
 2.69456e+00
 2.59912e+00
 2.45620e+00
 2.28765e+00
 2.15080e+00
 2.06434e+00
 2.02224e+00
 2.00658e+00
 2.00179e+00
 2.00047e+00
 2.00012e+00
 2.00003e+00
 2.00001e+00
 2.00000e+00
 2.00000e+00
 2.00000e+00
 2.00000e+00
 2.87359e+00
 2.86943e+00
 2.86362e+00
 2.85660e+00
 2.84751e+00
 2.83282e+00
 2.80651e+00
 2.76184e+00
 2.69456e+00
 2.59912e+00
 2.45620e+00
 2.28765e+00
 2.15080e+00
 2.06434e+00
 2.02224e+00
 2.00658e+00
 2.00179e+00
 2.00047e+00
 2.00012e+00
 2.00003e+00
 2.00001e+00
 2.00000e+00
 2.00000e+00
 2.00000e+00
 2.00000e+00
 2.87359e+00
 2.86943e+00
 2.86362e+00
 2.85660e+00
 2.84751e+00
 2.83282e+00
 2.80651e+00
 2.76184e+00
 2.69456e+00
 2.59912e+00
 2.45620e+00
 2.28765e+00
 2.15080e+00
 2.06434e+00
 2.02224e+00
 2.00658e+00
 2.00179e+00
 2.00047e+00
 2.00012e+00
 2.00003e+00
 2.00001e+00
 2.00000e+00
 2.00000e+00
 2.00000e+00
 2.00000e+00
 2.87359e+00
 2.86943e+00
 2.86362e+00
 2.85660e+00
 2.84751e+00
 2.83282e+00
 2.80651e+00
 2.76184e+00
 2.69456e+00
 2.59912e+00
 2.45620e+00
 2.28765e+00
 2.15080e+00
 2.06434e+00
 2.02224e+00
 2.00658e+00
 2.00179e+00
 2.00047e+00
 2.00012e+00
 2.00003e+00
 2.00001e+00
 2.00000e+00
 2.00000e+00
 2.00000e+00
 2.00000e+00
