PseudoViscosity
part
         1
hexa8
 2.86869e-32
 1.94588e-48
 2.23464e-32
 9.69016e-16
 9.69016e-16
 0.00000e+00
 1.15783e-31
 9.69016e-16
 3.72602e-31
 0.00000e+00
 0.00000e+00
 0.00000e+00
 0.00000e+00
 0.00000e+00
 0.00000e+00
 0.00000e+00
 0.00000e+00
 0.00000e+00
 0.00000e+00
 0.00000e+00
 0.00000e+00
 0.00000e+00
 0.00000e+00
 0.00000e+00
 0.00000e+00
 2.64643e-31
 1.45467e-47
 9.69016e-16
 2.14232e-31
 9.69016e-16
 0.00000e+00
 9.69016e-16
 7.04626e-31
 1.14981e-31
 4.49960e-50
 0.00000e+00
 0.00000e+00
 0.00000e+00
 0.00000e+00
 0.00000e+00
 0.00000e+00
 0.00000e+00
 0.00000e+00
 0.00000e+00
 0.00000e+00
 0.00000e+00
 0.00000e+00
 0.00000e+00
 0.00000e+00
 0.00000e+00
 1.93803e-15
 1.80732e-32
 9.69016e-16
 2.66161e-31
 9.69016e-16
 6.95476e-63
 3.29988e-31
 1.93803e-15
 9.69016e-16
 1.07727e-31
 0.00000e+00
 0.00000e+00
 0.00000e+00
 0.00000e+00
 0.00000e+00
 0.00000e+00
 0.00000e+00
 0.00000e+00
 0.00000e+00
 0.00000e+00
 0.00000e+00
 0.00000e+00
 0.00000e+00
 0.00000e+00
 0.00000e+00
 3.04886e-64
 3.25320e-49
 9.69016e-16
 4.92427e-31
 6.26585e-32
 2.90705e-15
 1.90745e-30
 8.86377e-32
 6.95305e-32
 7.52419e-47
 0.00000e+00
 0.00000e+00
 0.00000e+00
 0.00000e+00
 0.00000e+00
 0.00000e+00
 0.00000e+00
 0.00000e+00
 0.00000e+00
 0.00000e+00
 0.00000e+00
 0.00000e+00
 0.00000e+00
 0.00000e+00
 0.00000e+00
 1.80407e-48
 8.10363e-33
 0.00000e+00
 3.18846e-31
 9.69016e-16
 1.43413e-31
 4.20458e-31
 9.69016e-16
 0.00000e+00
 0.00000e+00
 0.00000e+00
 0.00000e+00
 0.00000e+00
 0.00000e+00
 0.00000e+00
 0.00000e+00
 0.00000e+00
 0.00000e+00
 0.00000e+00
 0.00000e+00
 0.00000e+00
 0.00000e+00
 0.00000e+00
 0.00000e+00
 0.00000e+00
 9.69016e-16
 6.71383e-32
 6.71383e-32
 1.33380e-31
 6.35352e-32
 0.00000e+00
 2.97550e-31
 9.69016e-16
 4.09603e-31
 0.00000e+00
 0.00000e+00
 0.00000e+00
 0.00000e+00
 0.00000e+00
 0.00000e+00
 0.00000e+00
 0.00000e+00
 0.00000e+00
 0.00000e+00
 0.00000e+00
 0.00000e+00
 0.00000e+00
 0.00000e+00
 0.00000e+00
 0.00000e+00
 9.69016e-16
 0.00000e+00
 0.00000e+00
 1.20160e-31
 9.69016e-16
 1.12420e-31
 9.69016e-16
 1.41871e-31
 0.00000e+00
 0.00000e+00
 0.00000e+00
 0.00000e+00
 0.00000e+00
 0.00000e+00
 0.00000e+00
 0.00000e+00
 0.00000e+00
 0.00000e+00
 0.00000e+00
 0.00000e+00
 0.00000e+00
 0.00000e+00
 0.00000e+00
 0.00000e+00
 0.00000e+00
-5.22024e-48
 0.00000e+00
 7.95521e-32
 3.16151e-31
 9.69016e-16
 9.69016e-16
 1.18395e-31
 4.62887e-31
 1.24600e-32
 0.00000e+00
 0.00000e+00
 0.00000e+00
 0.00000e+00
 0.00000e+00
 0.00000e+00
 0.00000e+00
 0.00000e+00
 0.00000e+00
 0.00000e+00
 0.00000e+00
 0.00000e+00
 0.00000e+00
 0.00000e+00
 0.00000e+00
 0.00000e+00
 6.80870e-47
 1.12638e-31
 9.69016e-16
 3.65229e-31
 2.21679e-31
 9.69016e-16
 9.69016e-16
 2.39583e-31
 9.69016e-16
 7.34678e-31
 0.00000e+00
 0.00000e+00
 0.00000e+00
 0.00000e+00
 0.00000e+00
 0.00000e+00
 0.00000e+00
 0.00000e+00
 0.00000e+00
 0.00000e+00
 0.00000e+00
 0.00000e+00
 0.00000e+00
 0.00000e+00
 0.00000e+00
 2.69135e-31
 9.69016e-16
 0.00000e+00
 0.00000e+00
 0.00000e+00
 0.00000e+00
 4.52479e-31
 9.69016e-16
 3.63321e-32
 2.47465e-47
 0.00000e+00
 0.00000e+00
 0.00000e+00
 0.00000e+00
 0.00000e+00
 0.00000e+00
 0.00000e+00
 0.00000e+00
 0.00000e+00
 0.00000e+00
 0.00000e+00
 0.00000e+00
 0.00000e+00
 0.00000e+00
 0.00000e+00
 8.52221e-32
 1.93803e-15
 9.69016e-16
 2.35060e-33
 1.93803e-15
 7.87969e-32
 8.13426e-32
 6.61686e-31
 1.29917e-46
 0.00000e+00
 0.00000e+00
 0.00000e+00
 0.00000e+00
 0.00000e+00
 0.00000e+00
 0.00000e+00
 0.00000e+00
 0.00000e+00
 0.00000e+00
 0.00000e+00
 0.00000e+00
 0.00000e+00
 0.00000e+00
 0.00000e+00
 0.00000e+00
 1.74167e-32
 7.12557e-32
 3.24986e-32
 0.00000e+00
 1.93803e-15
 8.90640e-32
 9.69016e-16
 1.93803e-15
 8.62754e-31
 0.00000e+00
 0.00000e+00
 0.00000e+00
 0.00000e+00
 0.00000e+00
 0.00000e+00
 0.00000e+00
 0.00000e+00
 0.00000e+00
 0.00000e+00
 0.00000e+00
 0.00000e+00
 0.00000e+00
 0.00000e+00
 0.00000e+00
 0.00000e+00
 2.00227e-31
 9.69016e-16
 9.47488e-32
 1.19029e-31
 1.93803e-15
 3.87606e-15
 6.56436e-32
 6.18212e-47
 5.49617e-48
 0.00000e+00
 0.00000e+00
 0.00000e+00
 0.00000e+00
 0.00000e+00
 0.00000e+00
 0.00000e+00
 0.00000e+00
 0.00000e+00
 0.00000e+00
 0.00000e+00
 0.00000e+00
 0.00000e+00
 0.00000e+00
 0.00000e+00
 0.00000e+00
 6.01230e-47
 2.26254e-31
 8.03099e-47
 9.69016e-16
 9.69016e-16
 9.69016e-16
 9.69016e-16
 2.30503e-31
 0.00000e+00
 0.00000e+00
 0.00000e+00
 0.00000e+00
 0.00000e+00
 0.00000e+00
 0.00000e+00
 0.00000e+00
 0.00000e+00
 0.00000e+00
 0.00000e+00
 0.00000e+00
 0.00000e+00
 0.00000e+00
 0.00000e+00
 0.00000e+00
 0.00000e+00
 1.88740e-31
 9.69016e-16
 4.23341e-31
 9.69016e-16
 0.00000e+00
 0.00000e+00
 8.20209e-32
 8.41615e-32
 0.00000e+00
 0.00000e+00
 0.00000e+00
 0.00000e+00
 0.00000e+00
 0.00000e+00
 0.00000e+00
 0.00000e+00
 0.00000e+00
 0.00000e+00
 0.00000e+00
 0.00000e+00
 0.00000e+00
 0.00000e+00
 0.00000e+00
 0.00000e+00
 0.00000e+00
 9.69016e-16
 4.42803e-31
 9.69016e-16
 1.21963e-30
 2.90705e-15
-1.04405e-46
 2.27794e-63
 1.21683e-46
 6.22310e-63
 0.00000e+00
 0.00000e+00
 0.00000e+00
 0.00000e+00
 0.00000e+00
 0.00000e+00
 0.00000e+00
 0.00000e+00
 0.00000e+00
 0.00000e+00
 0.00000e+00
 0.00000e+00
 0.00000e+00
 0.00000e+00
 0.00000e+00
 0.00000e+00
 5.93637e-31
 9.69016e-16
 3.37650e-32
 1.02030e-30
 2.90705e-15
 9.69016e-16
 3.40124e-47
 4.95871e-31
 7.56610e-47
 0.00000e+00
 0.00000e+00
 0.00000e+00
 0.00000e+00
 0.00000e+00
 0.00000e+00
 0.00000e+00
 0.00000e+00
 0.00000e+00
 0.00000e+00
 0.00000e+00
 0.00000e+00
 0.00000e+00
 0.00000e+00
 0.00000e+00
 0.00000e+00
 2.90705e-15
 9.69016e-16
 9.69016e-16
 1.84667e-31
 9.69016e-16
 1.93803e-15
 0.00000e+00
 0.00000e+00
 1.15024e-63
 0.00000e+00
 0.00000e+00
 0.00000e+00
 0.00000e+00
 0.00000e+00
 0.00000e+00
 0.00000e+00
 0.00000e+00
 0.00000e+00
 0.00000e+00
 0.00000e+00
 0.00000e+00
 0.00000e+00
 0.00000e+00
 0.00000e+00
 0.00000e+00
 2.76108e-63
 4.10626e-48
 4.94748e-63
 7.83391e-48
 7.00508e-33
 1.58752e-31
 3.88231e-33
 1.36340e-46
 3.19592e-32
 0.00000e+00
 0.00000e+00
 0.00000e+00
 0.00000e+00
 0.00000e+00
 0.00000e+00
 0.00000e+00
 0.00000e+00
 0.00000e+00
 0.00000e+00
 0.00000e+00
 0.00000e+00
 0.00000e+00
 0.00000e+00
 0.00000e+00
 0.00000e+00
 8.67604e-48
 1.59955e-32
 2.93690e-47
 6.08529e-32
 0.00000e+00
 5.89787e-31
 9.69016e-16
 8.06197e-31
 9.69016e-16
 0.00000e+00
 0.00000e+00
 0.00000e+00
 0.00000e+00
 0.00000e+00
 0.00000e+00
 0.00000e+00
 0.00000e+00
 0.00000e+00
 0.00000e+00
 0.00000e+00
 0.00000e+00
 0.00000e+00
 0.00000e+00
 0.00000e+00
 0.00000e+00
 2.83130e-31
 1.30529e-46
 1.51291e-31
 8.25557e-47
 9.69016e-16
 9.69016e-16
 1.93803e-15
 1.19739e-30
 0.00000e+00
 0.00000e+00
 0.00000e+00
 0.00000e+00
 0.00000e+00
 0.00000e+00
 0.00000e+00
 0.00000e+00
 0.00000e+00
 0.00000e+00
 0.00000e+00
 0.00000e+00
 0.00000e+00
 0.00000e+00
 0.00000e+00
 0.00000e+00
 0.00000e+00
 1.91192e-46
 4.84043e-47
 9.69016e-16
 4.70719e-31
 2.23931e-32
 8.93831e-32
 3.26627e-31
 1.41918e-46
 0.00000e+00
 0.00000e+00
 0.00000e+00
 0.00000e+00
 0.00000e+00
 0.00000e+00
 0.00000e+00
 0.00000e+00
 0.00000e+00
 0.00000e+00
 0.00000e+00
 0.00000e+00
 0.00000e+00
 0.00000e+00
 0.00000e+00
 0.00000e+00
 0.00000e+00
 7.40680e-31
 4.56938e-32
 3.48106e-32
 9.27302e-63
 0.00000e+00
-9.78796e-49
 1.93803e-15
 1.09047e-30
 0.00000e+00
 0.00000e+00
 0.00000e+00
 0.00000e+00
 0.00000e+00
 0.00000e+00
 0.00000e+00
 0.00000e+00
 0.00000e+00
 0.00000e+00
 0.00000e+00
 0.00000e+00
 0.00000e+00
 0.00000e+00
 0.00000e+00
 0.00000e+00
 0.00000e+00
 3.78215e-31
 5.51411e-31
 3.80649e-31
 8.33917e-47
 0.00000e+00
 1.08243e-31
 5.40804e-32
 7.52287e-48
 5.64679e-32
 1.82812e-47
 0.00000e+00
 0.00000e+00
 0.00000e+00
 0.00000e+00
 0.00000e+00
 0.00000e+00
 0.00000e+00
 0.00000e+00
 0.00000e+00
 0.00000e+00
 0.00000e+00
 0.00000e+00
 0.00000e+00
 0.00000e+00
 0.00000e+00
 9.69016e-16
 1.93803e-15
 2.90705e-15
 5.88061e-31
 0.00000e+00
 3.87606e-15
 9.69016e-16
 4.91871e-32
 9.69016e-16
 1.75401e-31
 0.00000e+00
 0.00000e+00
 0.00000e+00
 0.00000e+00
 0.00000e+00
 0.00000e+00
 0.00000e+00
 0.00000e+00
 0.00000e+00
 0.00000e+00
 0.00000e+00
 0.00000e+00
 0.00000e+00
 0.00000e+00
 0.00000e+00
part
         2
hexa8
 0.00000e+00
 0.00000e+00
 0.00000e+00
 0.00000e+00
 0.00000e+00
 0.00000e+00
 0.00000e+00
 0.00000e+00
 0.00000e+00
 0.00000e+00
 0.00000e+00
 0.00000e+00
 0.00000e+00
 0.00000e+00
 0.00000e+00
 0.00000e+00
 0.00000e+00
 0.00000e+00
 0.00000e+00
 0.00000e+00
 0.00000e+00
 0.00000e+00
 3.00511e-05
 1.41224e-04
 3.03657e-05
 0.00000e+00
 0.00000e+00
 0.00000e+00
 0.00000e+00
 0.00000e+00
 0.00000e+00
 0.00000e+00
 0.00000e+00
 0.00000e+00
 0.00000e+00
 0.00000e+00
 0.00000e+00
 0.00000e+00
 0.00000e+00
 0.00000e+00
 0.00000e+00
 0.00000e+00
 0.00000e+00
 0.00000e+00
 0.00000e+00
 0.00000e+00
 0.00000e+00
 3.00511e-05
 1.41224e-04
 3.03657e-05
 0.00000e+00
 0.00000e+00
 0.00000e+00
 0.00000e+00
 0.00000e+00
 0.00000e+00
 0.00000e+00
 0.00000e+00
 0.00000e+00
 0.00000e+00
 0.00000e+00
 0.00000e+00
 0.00000e+00
 0.00000e+00
 0.00000e+00
 0.00000e+00
 0.00000e+00
 0.00000e+00
 0.00000e+00
 0.00000e+00
 0.00000e+00
 0.00000e+00
 3.00511e-05
 1.41224e-04
 3.03657e-05
 0.00000e+00
 0.00000e+00
 0.00000e+00
 0.00000e+00
 0.00000e+00
 0.00000e+00
 0.00000e+00
 0.00000e+00
 0.00000e+00
 0.00000e+00
 0.00000e+00
 0.00000e+00
 0.00000e+00
 0.00000e+00
 0.00000e+00
 0.00000e+00
 0.00000e+00
 0.00000e+00
 0.00000e+00
 0.00000e+00
 0.00000e+00
 0.00000e+00
 3.00511e-05
 1.41224e-04
 3.03657e-05
 0.00000e+00
 0.00000e+00
 0.00000e+00
 0.00000e+00
 0.00000e+00
 0.00000e+00
 0.00000e+00
 0.00000e+00
 0.00000e+00
 0.00000e+00
 0.00000e+00
 0.00000e+00
 0.00000e+00
 0.00000e+00
 0.00000e+00
 0.00000e+00
 0.00000e+00
 0.00000e+00
 0.00000e+00
 0.00000e+00
 0.00000e+00
 0.00000e+00
 3.00511e-05
 1.41224e-04
 3.03657e-05
 0.00000e+00
 0.00000e+00
 0.00000e+00
 0.00000e+00
 0.00000e+00
 0.00000e+00
 0.00000e+00
 0.00000e+00
 0.00000e+00
 0.00000e+00
 0.00000e+00
 0.00000e+00
 0.00000e+00
 0.00000e+00
 0.00000e+00
 0.00000e+00
 0.00000e+00
 0.00000e+00
 0.00000e+00
 0.00000e+00
 0.00000e+00
 0.00000e+00
 3.00511e-05
 1.41224e-04
 3.03657e-05
 0.00000e+00
 0.00000e+00
 0.00000e+00
 0.00000e+00
 0.00000e+00
 0.00000e+00
 0.00000e+00
 0.00000e+00
 0.00000e+00
 0.00000e+00
 0.00000e+00
 0.00000e+00
 0.00000e+00
 0.00000e+00
 0.00000e+00
 0.00000e+00
 0.00000e+00
 0.00000e+00
 0.00000e+00
 0.00000e+00
 0.00000e+00
 0.00000e+00
 3.00511e-05
 1.41224e-04
 3.03657e-05
 0.00000e+00
 0.00000e+00
 0.00000e+00
 0.00000e+00
 0.00000e+00
 0.00000e+00
 0.00000e+00
 0.00000e+00
 0.00000e+00
 0.00000e+00
 0.00000e+00
 0.00000e+00
 0.00000e+00
 0.00000e+00
 0.00000e+00
 0.00000e+00
 0.00000e+00
 0.00000e+00
 0.00000e+00
 0.00000e+00
 0.00000e+00
 0.00000e+00
 3.00511e-05
 1.41224e-04
 3.03657e-05
 0.00000e+00
 0.00000e+00
 0.00000e+00
 0.00000e+00
 0.00000e+00
 0.00000e+00
 0.00000e+00
 0.00000e+00
 0.00000e+00
 0.00000e+00
 0.00000e+00
 0.00000e+00
 0.00000e+00
 0.00000e+00
 0.00000e+00
 0.00000e+00
 0.00000e+00
 0.00000e+00
 0.00000e+00
 0.00000e+00
 0.00000e+00
 0.00000e+00
 3.00511e-05
 1.41224e-04
 3.03657e-05
 0.00000e+00
 0.00000e+00
 0.00000e+00
 0.00000e+00
 0.00000e+00
 0.00000e+00
 0.00000e+00
 0.00000e+00
 0.00000e+00
 0.00000e+00
 0.00000e+00
 0.00000e+00
 0.00000e+00
 0.00000e+00
 0.00000e+00
 0.00000e+00
 0.00000e+00
 0.00000e+00
 0.00000e+00
 0.00000e+00
 0.00000e+00
 0.00000e+00
 3.00511e-05
 1.41224e-04
 3.03657e-05
 0.00000e+00
 0.00000e+00
 0.00000e+00
 0.00000e+00
 0.00000e+00
 0.00000e+00
 0.00000e+00
 0.00000e+00
 0.00000e+00
 0.00000e+00
 0.00000e+00
 0.00000e+00
 0.00000e+00
 0.00000e+00
 0.00000e+00
 0.00000e+00
 0.00000e+00
 0.00000e+00
 0.00000e+00
 0.00000e+00
 0.00000e+00
 0.00000e+00
 3.00511e-05
 1.41224e-04
 3.03657e-05
 0.00000e+00
 0.00000e+00
 0.00000e+00
 0.00000e+00
 0.00000e+00
 0.00000e+00
 0.00000e+00
 0.00000e+00
 0.00000e+00
 0.00000e+00
 0.00000e+00
 0.00000e+00
 0.00000e+00
 0.00000e+00
 0.00000e+00
 0.00000e+00
 0.00000e+00
 0.00000e+00
 0.00000e+00
 0.00000e+00
 0.00000e+00
 0.00000e+00
 3.00511e-05
 1.41224e-04
 3.03657e-05
 0.00000e+00
 0.00000e+00
 0.00000e+00
 0.00000e+00
 0.00000e+00
 0.00000e+00
 0.00000e+00
 0.00000e+00
 0.00000e+00
 0.00000e+00
 0.00000e+00
 0.00000e+00
 0.00000e+00
 0.00000e+00
 0.00000e+00
 0.00000e+00
 0.00000e+00
 0.00000e+00
 0.00000e+00
 0.00000e+00
 0.00000e+00
 0.00000e+00
 3.00511e-05
 1.41224e-04
 3.03657e-05
 0.00000e+00
 0.00000e+00
 0.00000e+00
 0.00000e+00
 0.00000e+00
 0.00000e+00
 0.00000e+00
 0.00000e+00
 0.00000e+00
 0.00000e+00
 0.00000e+00
 0.00000e+00
 0.00000e+00
 0.00000e+00
 0.00000e+00
 0.00000e+00
 0.00000e+00
 0.00000e+00
 0.00000e+00
 0.00000e+00
 0.00000e+00
 0.00000e+00
 3.00511e-05
 1.41224e-04
 3.03657e-05
 0.00000e+00
 0.00000e+00
 0.00000e+00
 0.00000e+00
 0.00000e+00
 0.00000e+00
 0.00000e+00
 0.00000e+00
 0.00000e+00
 0.00000e+00
 0.00000e+00
 0.00000e+00
 0.00000e+00
 0.00000e+00
 0.00000e+00
 0.00000e+00
 0.00000e+00
 0.00000e+00
 0.00000e+00
 0.00000e+00
 0.00000e+00
 0.00000e+00
 3.00511e-05
 1.41224e-04
 3.03657e-05
 0.00000e+00
 0.00000e+00
 0.00000e+00
 0.00000e+00
 0.00000e+00
 0.00000e+00
 0.00000e+00
 0.00000e+00
 0.00000e+00
 0.00000e+00
 0.00000e+00
 0.00000e+00
 0.00000e+00
 0.00000e+00
 0.00000e+00
 0.00000e+00
 0.00000e+00
 0.00000e+00
 0.00000e+00
 0.00000e+00
 0.00000e+00
 0.00000e+00
 3.00511e-05
 1.41224e-04
 3.03657e-05
 0.00000e+00
 0.00000e+00
 0.00000e+00
 0.00000e+00
 0.00000e+00
 0.00000e+00
 0.00000e+00
 0.00000e+00
 0.00000e+00
 0.00000e+00
 0.00000e+00
 0.00000e+00
 0.00000e+00
 0.00000e+00
 0.00000e+00
 0.00000e+00
 0.00000e+00
 0.00000e+00
 0.00000e+00
 0.00000e+00
 0.00000e+00
 0.00000e+00
 3.00511e-05
 1.41224e-04
 3.03657e-05
 0.00000e+00
 0.00000e+00
 0.00000e+00
 0.00000e+00
 0.00000e+00
 0.00000e+00
 0.00000e+00
 0.00000e+00
 0.00000e+00
 0.00000e+00
 0.00000e+00
 0.00000e+00
 0.00000e+00
 0.00000e+00
 0.00000e+00
 0.00000e+00
 0.00000e+00
 0.00000e+00
 0.00000e+00
 0.00000e+00
 0.00000e+00
 0.00000e+00
 3.00511e-05
 1.41224e-04
 3.03657e-05
 0.00000e+00
 0.00000e+00
 0.00000e+00
 0.00000e+00
 0.00000e+00
 0.00000e+00
 0.00000e+00
 0.00000e+00
 0.00000e+00
 0.00000e+00
 0.00000e+00
 0.00000e+00
 0.00000e+00
 0.00000e+00
 0.00000e+00
 0.00000e+00
 0.00000e+00
 0.00000e+00
 0.00000e+00
 0.00000e+00
 0.00000e+00
 0.00000e+00
 3.00511e-05
 1.41224e-04
 3.03657e-05
 0.00000e+00
 0.00000e+00
 0.00000e+00
 0.00000e+00
 0.00000e+00
 0.00000e+00
 0.00000e+00
 0.00000e+00
 0.00000e+00
 0.00000e+00
 0.00000e+00
 0.00000e+00
 0.00000e+00
 0.00000e+00
 0.00000e+00
 0.00000e+00
 0.00000e+00
 0.00000e+00
 0.00000e+00
 0.00000e+00
 0.00000e+00
 0.00000e+00
 3.00511e-05
 1.41224e-04
 3.03657e-05
 0.00000e+00
 0.00000e+00
 0.00000e+00
 0.00000e+00
 0.00000e+00
 0.00000e+00
 0.00000e+00
 0.00000e+00
 0.00000e+00
 0.00000e+00
 0.00000e+00
 0.00000e+00
 0.00000e+00
 0.00000e+00
 0.00000e+00
 0.00000e+00
 0.00000e+00
 0.00000e+00
 0.00000e+00
 0.00000e+00
 0.00000e+00
 0.00000e+00
 3.00511e-05
 1.41224e-04
 3.03657e-05
 0.00000e+00
 0.00000e+00
 0.00000e+00
 0.00000e+00
 0.00000e+00
 0.00000e+00
 0.00000e+00
 0.00000e+00
 0.00000e+00
 0.00000e+00
 0.00000e+00
 0.00000e+00
 0.00000e+00
 0.00000e+00
 0.00000e+00
 0.00000e+00
 0.00000e+00
 0.00000e+00
 0.00000e+00
 0.00000e+00
 0.00000e+00
 0.00000e+00
 3.00511e-05
 1.41224e-04
 3.03657e-05
 0.00000e+00
 0.00000e+00
 0.00000e+00
 0.00000e+00
 0.00000e+00
 0.00000e+00
 0.00000e+00
 0.00000e+00
 0.00000e+00
 0.00000e+00
 0.00000e+00
 0.00000e+00
 0.00000e+00
 0.00000e+00
 0.00000e+00
 0.00000e+00
 0.00000e+00
 0.00000e+00
 0.00000e+00
 0.00000e+00
 0.00000e+00
 0.00000e+00
 3.00511e-05
 1.41224e-04
 3.03657e-05
 0.00000e+00
 0.00000e+00
 0.00000e+00
 0.00000e+00
 0.00000e+00
 0.00000e+00
 0.00000e+00
 0.00000e+00
 0.00000e+00
 0.00000e+00
 0.00000e+00
 0.00000e+00
 0.00000e+00
 0.00000e+00
 0.00000e+00
 0.00000e+00
 0.00000e+00
 0.00000e+00
 0.00000e+00
 0.00000e+00
 0.00000e+00
 0.00000e+00
 3.00511e-05
 1.41224e-04
 3.03657e-05
 0.00000e+00
 0.00000e+00
 0.00000e+00
 0.00000e+00
 0.00000e+00
 0.00000e+00
 0.00000e+00
 0.00000e+00
 0.00000e+00
 0.00000e+00
 0.00000e+00
 0.00000e+00
 0.00000e+00
 0.00000e+00
 0.00000e+00
 0.00000e+00
 0.00000e+00
 0.00000e+00
 0.00000e+00
 0.00000e+00
 0.00000e+00
 0.00000e+00
 3.00511e-05
 1.41224e-04
 3.03657e-05
part
         3
hexa8
 0.00000e+00
 0.00000e+00
 0.00000e+00
 1.83425e-04
 6.72821e-04
 1.07399e-03
 6.58367e-04
 1.87510e-04
 8.96529e-05
 1.68373e-04
 4.23192e-04
 3.72585e-04
 1.25701e-04
 5.01247e-06
 0.00000e+00
 3.56143e-05
 1.18502e-04
 7.79751e-05
 5.81136e-06
 0.00000e+00
 0.00000e+00
 0.00000e+00
 2.37431e-06
 9.18188e-06
 1.95535e-06
 0.00000e+00
 0.00000e+00
 0.00000e+00
 1.83425e-04
 6.72821e-04
 1.07399e-03
 6.58367e-04
 1.87510e-04
 8.96529e-05
 1.68373e-04
 4.23192e-04
 3.72585e-04
 1.25701e-04
 5.01247e-06
 0.00000e+00
 3.56143e-05
 1.18502e-04
 7.79751e-05
 5.81136e-06
 0.00000e+00
 0.00000e+00
 0.00000e+00
 2.37431e-06
 9.18188e-06
 1.95535e-06
 0.00000e+00
 0.00000e+00
 0.00000e+00
 1.83425e-04
 6.72821e-04
 1.07399e-03
 6.58367e-04
 1.87510e-04
 8.96529e-05
 1.68373e-04
 4.23192e-04
 3.72585e-04
 1.25701e-04
 5.01247e-06
 0.00000e+00
 3.56143e-05
 1.18502e-04
 7.79751e-05
 5.81136e-06
 0.00000e+00
 0.00000e+00
 0.00000e+00
 2.37431e-06
 9.18188e-06
 1.95535e-06
 0.00000e+00
 0.00000e+00
 0.00000e+00
 1.83425e-04
 6.72821e-04
 1.07399e-03
 6.58367e-04
 1.87510e-04
 8.96529e-05
 1.68373e-04
 4.23192e-04
 3.72585e-04
 1.25701e-04
 5.01247e-06
 0.00000e+00
 3.56143e-05
 1.18502e-04
 7.79751e-05
 5.81136e-06
 0.00000e+00
 0.00000e+00
 0.00000e+00
 2.37431e-06
 9.18188e-06
 1.95535e-06
 0.00000e+00
 0.00000e+00
 0.00000e+00
 1.83425e-04
 6.72821e-04
 1.07399e-03
 6.58367e-04
 1.87510e-04
 8.96529e-05
 1.68373e-04
 4.23192e-04
 3.72585e-04
 1.25701e-04
 5.01247e-06
 0.00000e+00
 3.56143e-05
 1.18502e-04
 7.79751e-05
 5.81136e-06
 0.00000e+00
 0.00000e+00
 0.00000e+00
 2.37431e-06
 9.18188e-06
 1.95535e-06
 0.00000e+00
 0.00000e+00
 0.00000e+00
 1.83425e-04
 6.72821e-04
 1.07399e-03
 6.58367e-04
 1.87510e-04
 8.96529e-05
 1.68373e-04
 4.23192e-04
 3.72585e-04
 1.25701e-04
 5.01247e-06
 0.00000e+00
 3.56143e-05
 1.18502e-04
 7.79751e-05
 5.81136e-06
 0.00000e+00
 0.00000e+00
 0.00000e+00
 2.37431e-06
 9.18188e-06
 1.95535e-06
 0.00000e+00
 0.00000e+00
 0.00000e+00
 1.83425e-04
 6.72821e-04
 1.07399e-03
 6.58367e-04
 1.87510e-04
 8.96529e-05
 1.68373e-04
 4.23192e-04
 3.72585e-04
 1.25701e-04
 5.01247e-06
 0.00000e+00
 3.56143e-05
 1.18502e-04
 7.79751e-05
 5.81136e-06
 0.00000e+00
 0.00000e+00
 0.00000e+00
 2.37431e-06
 9.18188e-06
 1.95535e-06
 0.00000e+00
 0.00000e+00
 0.00000e+00
 1.83425e-04
 6.72821e-04
 1.07399e-03
 6.58367e-04
 1.87510e-04
 8.96529e-05
 1.68373e-04
 4.23192e-04
 3.72585e-04
 1.25701e-04
 5.01247e-06
 0.00000e+00
 3.56143e-05
 1.18502e-04
 7.79751e-05
 5.81136e-06
 0.00000e+00
 0.00000e+00
 0.00000e+00
 2.37431e-06
 9.18188e-06
 1.95535e-06
 0.00000e+00
 0.00000e+00
 0.00000e+00
 1.83425e-04
 6.72821e-04
 1.07399e-03
 6.58367e-04
 1.87510e-04
 8.96529e-05
 1.68373e-04
 4.23192e-04
 3.72585e-04
 1.25701e-04
 5.01247e-06
 0.00000e+00
 3.56143e-05
 1.18502e-04
 7.79751e-05
 5.81136e-06
 0.00000e+00
 0.00000e+00
 0.00000e+00
 2.37431e-06
 9.18188e-06
 1.95535e-06
 0.00000e+00
 0.00000e+00
 0.00000e+00
 1.83425e-04
 6.72821e-04
 1.07399e-03
 6.58367e-04
 1.87510e-04
 8.96529e-05
 1.68373e-04
 4.23192e-04
 3.72585e-04
 1.25701e-04
 5.01247e-06
 0.00000e+00
 3.56143e-05
 1.18502e-04
 7.79751e-05
 5.81136e-06
 0.00000e+00
 0.00000e+00
 0.00000e+00
 2.37431e-06
 9.18188e-06
 1.95535e-06
 0.00000e+00
 0.00000e+00
 0.00000e+00
 1.83425e-04
 6.72821e-04
 1.07399e-03
 6.58367e-04
 1.87510e-04
 8.96529e-05
 1.68373e-04
 4.23192e-04
 3.72585e-04
 1.25701e-04
 5.01247e-06
 0.00000e+00
 3.56143e-05
 1.18502e-04
 7.79751e-05
 5.81136e-06
 0.00000e+00
 0.00000e+00
 0.00000e+00
 2.37431e-06
 9.18188e-06
 1.95535e-06
 0.00000e+00
 0.00000e+00
 0.00000e+00
 1.83425e-04
 6.72821e-04
 1.07399e-03
 6.58367e-04
 1.87510e-04
 8.96529e-05
 1.68373e-04
 4.23192e-04
 3.72585e-04
 1.25701e-04
 5.01247e-06
 0.00000e+00
 3.56143e-05
 1.18502e-04
 7.79751e-05
 5.81136e-06
 0.00000e+00
 0.00000e+00
 0.00000e+00
 2.37431e-06
 9.18188e-06
 1.95535e-06
 0.00000e+00
 0.00000e+00
 0.00000e+00
 1.83425e-04
 6.72821e-04
 1.07399e-03
 6.58367e-04
 1.87510e-04
 8.96529e-05
 1.68373e-04
 4.23192e-04
 3.72585e-04
 1.25701e-04
 5.01247e-06
 0.00000e+00
 3.56143e-05
 1.18502e-04
 7.79751e-05
 5.81136e-06
 0.00000e+00
 0.00000e+00
 0.00000e+00
 2.37431e-06
 9.18188e-06
 1.95535e-06
 0.00000e+00
 0.00000e+00
 0.00000e+00
 1.83425e-04
 6.72821e-04
 1.07399e-03
 6.58367e-04
 1.87510e-04
 8.96529e-05
 1.68373e-04
 4.23192e-04
 3.72585e-04
 1.25701e-04
 5.01247e-06
 0.00000e+00
 3.56143e-05
 1.18502e-04
 7.79751e-05
 5.81136e-06
 0.00000e+00
 0.00000e+00
 0.00000e+00
 2.37431e-06
 9.18188e-06
 1.95535e-06
 0.00000e+00
 0.00000e+00
 0.00000e+00
 1.83425e-04
 6.72821e-04
 1.07399e-03
 6.58367e-04
 1.87510e-04
 8.96529e-05
 1.68373e-04
 4.23192e-04
 3.72585e-04
 1.25701e-04
 5.01247e-06
 0.00000e+00
 3.56143e-05
 1.18502e-04
 7.79751e-05
 5.81136e-06
 0.00000e+00
 0.00000e+00
 0.00000e+00
 2.37431e-06
 9.18188e-06
 1.95535e-06
 0.00000e+00
 0.00000e+00
 0.00000e+00
 1.83425e-04
 6.72821e-04
 1.07399e-03
 6.58367e-04
 1.87510e-04
 8.96529e-05
 1.68373e-04
 4.23192e-04
 3.72585e-04
 1.25701e-04
 5.01247e-06
 0.00000e+00
 3.56143e-05
 1.18502e-04
 7.79751e-05
 5.81136e-06
 0.00000e+00
 0.00000e+00
 0.00000e+00
 2.37431e-06
 9.18188e-06
 1.95535e-06
 0.00000e+00
 0.00000e+00
 0.00000e+00
 1.83425e-04
 6.72821e-04
 1.07399e-03
 6.58367e-04
 1.87510e-04
 8.96529e-05
 1.68373e-04
 4.23192e-04
 3.72585e-04
 1.25701e-04
 5.01247e-06
 0.00000e+00
 3.56143e-05
 1.18502e-04
 7.79751e-05
 5.81136e-06
 0.00000e+00
 0.00000e+00
 0.00000e+00
 2.37431e-06
 9.18188e-06
 1.95535e-06
 0.00000e+00
 0.00000e+00
 0.00000e+00
 1.83425e-04
 6.72821e-04
 1.07399e-03
 6.58367e-04
 1.87510e-04
 8.96529e-05
 1.68373e-04
 4.23192e-04
 3.72585e-04
 1.25701e-04
 5.01247e-06
 0.00000e+00
 3.56143e-05
 1.18502e-04
 7.79751e-05
 5.81136e-06
 0.00000e+00
 0.00000e+00
 0.00000e+00
 2.37431e-06
 9.18188e-06
 1.95535e-06
 0.00000e+00
 0.00000e+00
 0.00000e+00
 1.83425e-04
 6.72821e-04
 1.07399e-03
 6.58367e-04
 1.87510e-04
 8.96529e-05
 1.68373e-04
 4.23192e-04
 3.72585e-04
 1.25701e-04
 5.01247e-06
 0.00000e+00
 3.56143e-05
 1.18502e-04
 7.79751e-05
 5.81136e-06
 0.00000e+00
 0.00000e+00
 0.00000e+00
 2.37431e-06
 9.18188e-06
 1.95535e-06
 0.00000e+00
 0.00000e+00
 0.00000e+00
 1.83425e-04
 6.72821e-04
 1.07399e-03
 6.58367e-04
 1.87510e-04
 8.96529e-05
 1.68373e-04
 4.23192e-04
 3.72585e-04
 1.25701e-04
 5.01247e-06
 0.00000e+00
 3.56143e-05
 1.18502e-04
 7.79751e-05
 5.81136e-06
 0.00000e+00
 0.00000e+00
 0.00000e+00
 2.37431e-06
 9.18188e-06
 1.95535e-06
 0.00000e+00
 0.00000e+00
 0.00000e+00
 1.83425e-04
 6.72821e-04
 1.07399e-03
 6.58367e-04
 1.87510e-04
 8.96529e-05
 1.68373e-04
 4.23192e-04
 3.72585e-04
 1.25701e-04
 5.01247e-06
 0.00000e+00
 3.56143e-05
 1.18502e-04
 7.79751e-05
 5.81136e-06
 0.00000e+00
 0.00000e+00
 0.00000e+00
 2.37431e-06
 9.18188e-06
 1.95535e-06
 0.00000e+00
 0.00000e+00
 0.00000e+00
 1.83425e-04
 6.72821e-04
 1.07399e-03
 6.58367e-04
 1.87510e-04
 8.96529e-05
 1.68373e-04
 4.23192e-04
 3.72585e-04
 1.25701e-04
 5.01247e-06
 0.00000e+00
 3.56143e-05
 1.18502e-04
 7.79751e-05
 5.81136e-06
 0.00000e+00
 0.00000e+00
 0.00000e+00
 2.37431e-06
 9.18188e-06
 1.95535e-06
 0.00000e+00
 0.00000e+00
 0.00000e+00
 1.83425e-04
 6.72821e-04
 1.07399e-03
 6.58367e-04
 1.87510e-04
 8.96529e-05
 1.68373e-04
 4.23192e-04
 3.72585e-04
 1.25701e-04
 5.01247e-06
 0.00000e+00
 3.56143e-05
 1.18502e-04
 7.79751e-05
 5.81136e-06
 0.00000e+00
 0.00000e+00
 0.00000e+00
 2.37431e-06
 9.18188e-06
 1.95535e-06
 0.00000e+00
 0.00000e+00
 0.00000e+00
 1.83425e-04
 6.72821e-04
 1.07399e-03
 6.58367e-04
 1.87510e-04
 8.96529e-05
 1.68373e-04
 4.23192e-04
 3.72585e-04
 1.25701e-04
 5.01247e-06
 0.00000e+00
 3.56143e-05
 1.18502e-04
 7.79751e-05
 5.81136e-06
 0.00000e+00
 0.00000e+00
 0.00000e+00
 2.37431e-06
 9.18188e-06
 1.95535e-06
 0.00000e+00
 0.00000e+00
 0.00000e+00
 1.83425e-04
 6.72821e-04
 1.07399e-03
 6.58367e-04
 1.87510e-04
 8.96529e-05
 1.68373e-04
 4.23192e-04
 3.72585e-04
 1.25701e-04
 5.01247e-06
 0.00000e+00
 3.56143e-05
 1.18502e-04
 7.79751e-05
 5.81136e-06
 0.00000e+00
 0.00000e+00
 0.00000e+00
 2.37431e-06
 9.18188e-06
 1.95535e-06
part
         4
hexa8
 0.00000e+00
 0.00000e+00
 6.00353e-05
 7.50388e-05
 6.88151e-04
 8.08867e-04
 5.67486e-03
 6.73334e-03
 3.08957e-02
 3.41355e-02
 5.28028e-02
 4.24795e-02
 2.52016e-02
 1.03784e-02
 3.14746e-03
 8.30455e-04
 2.09159e-04
 5.18469e-05
 1.27106e-05
 3.08032e-06
 7.36434e-07
 1.73284e-07
 4.00535e-08
 9.15513e-09
 2.44130e-09
 0.00000e+00
 0.00000e+00
 6.00353e-05
 7.50388e-05
 6.88151e-04
 8.08867e-04
 5.67486e-03
 6.73334e-03
 3.08957e-02
 3.41355e-02
 5.28028e-02
 4.24795e-02
 2.52016e-02
 1.03784e-02
 3.14746e-03
 8.30455e-04
 2.09159e-04
 5.18469e-05
 1.27106e-05
 3.08032e-06
 7.36434e-07
 1.73284e-07
 4.00535e-08
 9.15513e-09
 2.44130e-09
 0.00000e+00
 0.00000e+00
 6.00353e-05
 7.50388e-05
 6.88151e-04
 8.08867e-04
 5.67486e-03
 6.73334e-03
 3.08957e-02
 3.41355e-02
 5.28028e-02
 4.24795e-02
 2.52016e-02
 1.03784e-02
 3.14746e-03
 8.30455e-04
 2.09159e-04
 5.18469e-05
 1.27106e-05
 3.08032e-06
 7.36434e-07
 1.73284e-07
 4.00535e-08
 9.15513e-09
 2.44130e-09
 0.00000e+00
 0.00000e+00
 6.00353e-05
 7.50388e-05
 6.88151e-04
 8.08867e-04
 5.67486e-03
 6.73334e-03
 3.08957e-02
 3.41355e-02
 5.28028e-02
 4.24795e-02
 2.52016e-02
 1.03784e-02
 3.14746e-03
 8.30455e-04
 2.09159e-04
 5.18469e-05
 1.27106e-05
 3.08032e-06
 7.36434e-07
 1.73284e-07
 4.00535e-08
 9.15513e-09
 2.44130e-09
 0.00000e+00
 0.00000e+00
 6.00353e-05
 7.50388e-05
 6.88151e-04
 8.08867e-04
 5.67486e-03
 6.73334e-03
 3.08957e-02
 3.41355e-02
 5.28028e-02
 4.24795e-02
 2.52016e-02
 1.03784e-02
 3.14746e-03
 8.30455e-04
 2.09159e-04
 5.18469e-05
 1.27106e-05
 3.08032e-06
 7.36434e-07
 1.73284e-07
 4.00535e-08
 9.15512e-09
 2.44131e-09
 0.00000e+00
 0.00000e+00
 6.00353e-05
 7.50388e-05
 6.88151e-04
 8.08867e-04
 5.67486e-03
 6.73334e-03
 3.08957e-02
 3.41355e-02
 5.28028e-02
 4.24795e-02
 2.52016e-02
 1.03784e-02
 3.14746e-03
 8.30455e-04
 2.09159e-04
 5.18469e-05
 1.27106e-05
 3.08032e-06
 7.36434e-07
 1.73284e-07
 4.00535e-08
 9.15513e-09
 2.44130e-09
 0.00000e+00
 0.00000e+00
 6.00353e-05
 7.50388e-05
 6.88151e-04
 8.08867e-04
 5.67486e-03
 6.73334e-03
 3.08957e-02
 3.41355e-02
 5.28028e-02
 4.24795e-02
 2.52016e-02
 1.03784e-02
 3.14746e-03
 8.30455e-04
 2.09159e-04
 5.18469e-05
 1.27106e-05
 3.08032e-06
 7.36434e-07
 1.73284e-07
 4.00535e-08
 9.15512e-09
 2.44130e-09
 0.00000e+00
 0.00000e+00
 6.00353e-05
 7.50388e-05
 6.88151e-04
 8.08867e-04
 5.67486e-03
 6.73334e-03
 3.08957e-02
 3.41355e-02
 5.28028e-02
 4.24795e-02
 2.52016e-02
 1.03784e-02
 3.14746e-03
 8.30455e-04
 2.09159e-04
 5.18469e-05
 1.27106e-05
 3.08032e-06
 7.36434e-07
 1.73284e-07
 4.00535e-08
 9.15513e-09
 2.44130e-09
 0.00000e+00
 0.00000e+00
 6.00353e-05
 7.50388e-05
 6.88151e-04
 8.08867e-04
 5.67486e-03
 6.73334e-03
 3.08957e-02
 3.41355e-02
 5.28028e-02
 4.24795e-02
 2.52016e-02
 1.03784e-02
 3.14746e-03
 8.30455e-04
 2.09159e-04
 5.18469e-05
 1.27106e-05
 3.08032e-06
 7.36434e-07
 1.73284e-07
 4.00535e-08
 9.15513e-09
 2.44130e-09
 0.00000e+00
 0.00000e+00
 6.00353e-05
 7.50388e-05
 6.88151e-04
 8.08867e-04
 5.67486e-03
 6.73334e-03
 3.08957e-02
 3.41355e-02
 5.28028e-02
 4.24795e-02
 2.52016e-02
 1.03784e-02
 3.14746e-03
 8.30455e-04
 2.09159e-04
 5.18469e-05
 1.27106e-05
 3.08032e-06
 7.36434e-07
 1.73284e-07
 4.00535e-08
 9.15513e-09
 2.44130e-09
 0.00000e+00
 0.00000e+00
 6.00353e-05
 7.50388e-05
 6.88151e-04
 8.08867e-04
 5.67486e-03
 6.73334e-03
 3.08957e-02
 3.41355e-02
 5.28028e-02
 4.24795e-02
 2.52016e-02
 1.03784e-02
 3.14746e-03
 8.30455e-04
 2.09159e-04
 5.18469e-05
 1.27106e-05
 3.08032e-06
 7.36434e-07
 1.73284e-07
 4.00535e-08
 9.15513e-09
 2.44130e-09
 0.00000e+00
 0.00000e+00
 6.00353e-05
 7.50388e-05
 6.88151e-04
 8.08867e-04
 5.67486e-03
 6.73334e-03
 3.08957e-02
 3.41355e-02
 5.28028e-02
 4.24795e-02
 2.52016e-02
 1.03784e-02
 3.14746e-03
 8.30455e-04
 2.09159e-04
 5.18469e-05
 1.27106e-05
 3.08032e-06
 7.36434e-07
 1.73284e-07
 4.00535e-08
 9.15513e-09
 2.44130e-09
 0.00000e+00
 0.00000e+00
 6.00353e-05
 7.50388e-05
 6.88151e-04
 8.08867e-04
 5.67486e-03
 6.73334e-03
 3.08957e-02
 3.41355e-02
 5.28028e-02
 4.24795e-02
 2.52016e-02
 1.03784e-02
 3.14746e-03
 8.30455e-04
 2.09159e-04
 5.18469e-05
 1.27106e-05
 3.08032e-06
 7.36434e-07
 1.73284e-07
 4.00535e-08
 9.15513e-09
 2.44130e-09
 0.00000e+00
 0.00000e+00
 6.00353e-05
 7.50388e-05
 6.88151e-04
 8.08867e-04
 5.67486e-03
 6.73334e-03
 3.08957e-02
 3.41355e-02
 5.28028e-02
 4.24795e-02
 2.52016e-02
 1.03784e-02
 3.14746e-03
 8.30455e-04
 2.09159e-04
 5.18469e-05
 1.27106e-05
 3.08032e-06
 7.36434e-07
 1.73284e-07
 4.00535e-08
 9.15513e-09
 2.44130e-09
 0.00000e+00
 0.00000e+00
 6.00353e-05
 7.50388e-05
 6.88151e-04
 8.08867e-04
 5.67486e-03
 6.73334e-03
 3.08957e-02
 3.41355e-02
 5.28028e-02
 4.24795e-02
 2.52016e-02
 1.03784e-02
 3.14746e-03
 8.30455e-04
 2.09159e-04
 5.18469e-05
 1.27106e-05
 3.08032e-06
 7.36434e-07
 1.73284e-07
 4.00535e-08
 9.15512e-09
 2.44130e-09
 0.00000e+00
 0.00000e+00
 6.00353e-05
 7.50388e-05
 6.88151e-04
 8.08867e-04
 5.67486e-03
 6.73334e-03
 3.08957e-02
 3.41355e-02
 5.28028e-02
 4.24795e-02
 2.52016e-02
 1.03784e-02
 3.14746e-03
 8.30455e-04
 2.09159e-04
 5.18469e-05
 1.27106e-05
 3.08032e-06
 7.36434e-07
 1.73284e-07
 4.00535e-08
 9.15513e-09
 2.44130e-09
 0.00000e+00
 0.00000e+00
 6.00353e-05
 7.50388e-05
 6.88151e-04
 8.08867e-04
 5.67486e-03
 6.73334e-03
 3.08957e-02
 3.41355e-02
 5.28028e-02
 4.24795e-02
 2.52016e-02
 1.03784e-02
 3.14746e-03
 8.30455e-04
 2.09159e-04
 5.18469e-05
 1.27106e-05
 3.08032e-06
 7.36434e-07
 1.73284e-07
 4.00535e-08
 9.15513e-09
 2.44130e-09
 0.00000e+00
 0.00000e+00
 6.00353e-05
 7.50388e-05
 6.88151e-04
 8.08867e-04
 5.67486e-03
 6.73334e-03
 3.08957e-02
 3.41355e-02
 5.28028e-02
 4.24795e-02
 2.52016e-02
 1.03784e-02
 3.14746e-03
 8.30455e-04
 2.09159e-04
 5.18469e-05
 1.27106e-05
 3.08032e-06
 7.36434e-07
 1.73284e-07
 4.00535e-08
 9.15512e-09
 2.44130e-09
 0.00000e+00
 0.00000e+00
 6.00353e-05
 7.50388e-05
 6.88151e-04
 8.08867e-04
 5.67486e-03
 6.73334e-03
 3.08957e-02
 3.41355e-02
 5.28028e-02
 4.24795e-02
 2.52016e-02
 1.03784e-02
 3.14746e-03
 8.30455e-04
 2.09159e-04
 5.18469e-05
 1.27106e-05
 3.08032e-06
 7.36434e-07
 1.73284e-07
 4.00535e-08
 9.15513e-09
 2.44130e-09
 0.00000e+00
 0.00000e+00
 6.00353e-05
 7.50388e-05
 6.88151e-04
 8.08867e-04
 5.67486e-03
 6.73334e-03
 3.08957e-02
 3.41355e-02
 5.28028e-02
 4.24795e-02
 2.52016e-02
 1.03784e-02
 3.14746e-03
 8.30455e-04
 2.09159e-04
 5.18469e-05
 1.27106e-05
 3.08032e-06
 7.36434e-07
 1.73284e-07
 4.00535e-08
 9.15512e-09
 2.44130e-09
 0.00000e+00
 0.00000e+00
 6.00353e-05
 7.50388e-05
 6.88151e-04
 8.08867e-04
 5.67486e-03
 6.73334e-03
 3.08957e-02
 3.41355e-02
 5.28028e-02
 4.24795e-02
 2.52016e-02
 1.03784e-02
 3.14746e-03
 8.30455e-04
 2.09159e-04
 5.18469e-05
 1.27106e-05
 3.08032e-06
 7.36434e-07
 1.73284e-07
 4.00535e-08
 9.15513e-09
 2.44130e-09
 0.00000e+00
 0.00000e+00
 6.00353e-05
 7.50388e-05
 6.88151e-04
 8.08867e-04
 5.67486e-03
 6.73334e-03
 3.08957e-02
 3.41355e-02
 5.28028e-02
 4.24795e-02
 2.52016e-02
 1.03784e-02
 3.14746e-03
 8.30455e-04
 2.09159e-04
 5.18469e-05
 1.27106e-05
 3.08032e-06
 7.36434e-07
 1.73284e-07
 4.00535e-08
 9.15513e-09
 2.44130e-09
 0.00000e+00
 0.00000e+00
 6.00353e-05
 7.50388e-05
 6.88151e-04
 8.08867e-04
 5.67486e-03
 6.73334e-03
 3.08957e-02
 3.41355e-02
 5.28028e-02
 4.24795e-02
 2.52016e-02
 1.03784e-02
 3.14746e-03
 8.30455e-04
 2.09159e-04
 5.18469e-05
 1.27106e-05
 3.08032e-06
 7.36434e-07
 1.73284e-07
 4.00535e-08
 9.15513e-09
 2.44130e-09
 0.00000e+00
 0.00000e+00
 6.00353e-05
 7.50388e-05
 6.88151e-04
 8.08867e-04
 5.67486e-03
 6.73334e-03
 3.08957e-02
 3.41355e-02
 5.28028e-02
 4.24795e-02
 2.52016e-02
 1.03784e-02
 3.14746e-03
 8.30455e-04
 2.09159e-04
 5.18469e-05
 1.27106e-05
 3.08032e-06
 7.36434e-07
 1.73284e-07
 4.00535e-08
 9.15513e-09
 2.44130e-09
 0.00000e+00
 0.00000e+00
 6.00353e-05
 7.50388e-05
 6.88151e-04
 8.08867e-04
 5.67486e-03
 6.73334e-03
 3.08957e-02
 3.41355e-02
 5.28028e-02
 4.24795e-02
 2.52016e-02
 1.03784e-02
 3.14746e-03
 8.30455e-04
 2.09159e-04
 5.18469e-05
 1.27106e-05
 3.08032e-06
 7.36434e-07
 1.73284e-07
 4.00535e-08
 9.15513e-09
 2.44130e-09
