Density
part
         1
hexa8
 1.00000e+00
 1.00000e+00
 1.00000e+00
 1.00000e+00
 1.00000e+00
 1.00000e+00
 1.00000e+00
 1.00000e+00
 1.00000e+00
 1.00000e+00
 1.00000e+00
 1.00000e+00
 1.00000e+00
 1.00000e+00
 1.00000e+00
 1.00000e+00
 1.00000e+00
 9.99999e-01
 9.99996e-01
 9.99983e-01
 9.99923e-01
 9.99699e-01
 9.98956e-01
 9.96845e-01
 9.91807e-01
 9.81886e-01
 9.65856e-01
 9.44206e-01
 9.18674e-01
 8.91011e-01
 8.62391e-01
 8.33482e-01
 8.04702e-01
 7.76306e-01
 7.48398e-01
 7.21003e-01
 6.94090e-01
 6.67724e-01
 6.43070e-01
 6.19622e-01
 5.96861e-01
 5.74670e-01
 5.54169e-01
 5.33850e-01
 5.14151e-01
 4.96403e-01
 4.78981e-01
 4.63752e-01
 4.48745e-01
 4.36719e-01
 1.00000e+00
 1.00000e+00
 1.00000e+00
 1.00000e+00
 1.00000e+00
 1.00000e+00
 1.00000e+00
 1.00000e+00
 1.00000e+00
 1.00000e+00
 1.00000e+00
 1.00000e+00
 1.00000e+00
 1.00000e+00
 1.00000e+00
 1.00000e+00
 1.00000e+00
 9.99999e-01
 9.99996e-01
 9.99983e-01
 9.99923e-01
 9.99699e-01
 9.98956e-01
 9.96845e-01
 9.91807e-01
 9.81886e-01
 9.65856e-01
 9.44206e-01
 9.18674e-01
 8.91011e-01
 8.62391e-01
 8.33482e-01
 8.04702e-01
 7.76306e-01
 7.48398e-01
 7.21003e-01
 6.94090e-01
 6.67724e-01
 6.43070e-01
 6.19622e-01
 5.96861e-01
 5.74670e-01
 5.54169e-01
 5.33850e-01
 5.14151e-01
 4.96403e-01
 4.78981e-01
 4.63752e-01
 4.48745e-01
 4.36719e-01
 1.00000e+00
 1.00000e+00
 1.00000e+00
 1.00000e+00
 1.00000e+00
 1.00000e+00
 1.00000e+00
 1.00000e+00
 1.00000e+00
 1.00000e+00
 1.00000e+00
 1.00000e+00
 1.00000e+00
 1.00000e+00
 1.00000e+00
 1.00000e+00
 1.00000e+00
 9.99999e-01
 9.99996e-01
 9.99983e-01
 9.99923e-01
 9.99699e-01
 9.98956e-01
 9.96845e-01
 9.91807e-01
 9.81886e-01
 9.65856e-01
 9.44206e-01
 9.18674e-01
 8.91011e-01
 8.62391e-01
 8.33482e-01
 8.04702e-01
 7.76306e-01
 7.48398e-01
 7.21003e-01
 6.94090e-01
 6.67724e-01
 6.43070e-01
 6.19622e-01
 5.96861e-01
 5.74670e-01
 5.54169e-01
 5.33850e-01
 5.14151e-01
 4.96403e-01
 4.78981e-01
 4.63752e-01
 4.48745e-01
 4.36719e-01
 1.00000e+00
 1.00000e+00
 1.00000e+00
 1.00000e+00
 1.00000e+00
 1.00000e+00
 1.00000e+00
 1.00000e+00
 1.00000e+00
 1.00000e+00
 1.00000e+00
 1.00000e+00
 1.00000e+00
 1.00000e+00
 1.00000e+00
 1.00000e+00
 1.00000e+00
 9.99999e-01
 9.99996e-01
 9.99983e-01
 9.99923e-01
 9.99699e-01
 9.98956e-01
 9.96845e-01
 9.91807e-01
 9.81886e-01
 9.65856e-01
 9.44206e-01
 9.18674e-01
 8.91011e-01
 8.62391e-01
 8.33482e-01
 8.04702e-01
 7.76306e-01
 7.48398e-01
 7.21003e-01
 6.94090e-01
 6.67724e-01
 6.43070e-01
 6.19622e-01
 5.96861e-01
 5.74670e-01
 5.54169e-01
 5.33850e-01
 5.14151e-01
 4.96403e-01
 4.78981e-01
 4.63752e-01
 4.48745e-01
 4.36719e-01
 1.00000e+00
 1.00000e+00
 1.00000e+00
 1.00000e+00
 1.00000e+00
 1.00000e+00
 1.00000e+00
 1.00000e+00
 1.00000e+00
 1.00000e+00
 1.00000e+00
 1.00000e+00
 1.00000e+00
 1.00000e+00
 1.00000e+00
 1.00000e+00
 1.00000e+00
 9.99999e-01
 9.99996e-01
 9.99983e-01
 9.99923e-01
 9.99699e-01
 9.98956e-01
 9.96845e-01
 9.91807e-01
 9.81886e-01
 9.65856e-01
 9.44206e-01
 9.18674e-01
 8.91011e-01
 8.62391e-01
 8.33482e-01
 8.04702e-01
 7.76306e-01
 7.48398e-01
 7.21003e-01
 6.94090e-01
 6.67724e-01
 6.43070e-01
 6.19622e-01
 5.96861e-01
 5.74670e-01
 5.54169e-01
 5.33850e-01
 5.14151e-01
 4.96403e-01
 4.78981e-01
 4.63752e-01
 4.48745e-01
 4.36719e-01
 1.00000e+00
 1.00000e+00
 1.00000e+00
 1.00000e+00
 1.00000e+00
 1.00000e+00
 1.00000e+00
 1.00000e+00
 1.00000e+00
 1.00000e+00
 1.00000e+00
 1.00000e+00
 1.00000e+00
 1.00000e+00
 1.00000e+00
 1.00000e+00
 1.00000e+00
 9.99999e-01
 9.99996e-01
 9.99983e-01
 9.99923e-01
 9.99699e-01
 9.98956e-01
 9.96845e-01
 9.91807e-01
 9.81886e-01
 9.65856e-01
 9.44206e-01
 9.18674e-01
 8.91011e-01
 8.62391e-01
 8.33482e-01
 8.04702e-01
 7.76306e-01
 7.48398e-01
 7.21003e-01
 6.94090e-01
 6.67724e-01
 6.43070e-01
 6.19622e-01
 5.96861e-01
 5.74670e-01
 5.54169e-01
 5.33850e-01
 5.14151e-01
 4.96403e-01
 4.78981e-01
 4.63752e-01
 4.48745e-01
 4.36719e-01
 1.00000e+00
 1.00000e+00
 1.00000e+00
 1.00000e+00
 1.00000e+00
 1.00000e+00
 1.00000e+00
 1.00000e+00
 1.00000e+00
 1.00000e+00
 1.00000e+00
 1.00000e+00
 1.00000e+00
 1.00000e+00
 1.00000e+00
 1.00000e+00
 1.00000e+00
 9.99999e-01
 9.99996e-01
 9.99983e-01
 9.99923e-01
 9.99699e-01
 9.98956e-01
 9.96845e-01
 9.91807e-01
 9.81886e-01
 9.65856e-01
 9.44206e-01
 9.18674e-01
 8.91011e-01
 8.62391e-01
 8.33482e-01
 8.04702e-01
 7.76306e-01
 7.48398e-01
 7.21003e-01
 6.94090e-01
 6.67724e-01
 6.43070e-01
 6.19622e-01
 5.96861e-01
 5.74670e-01
 5.54169e-01
 5.33850e-01
 5.14151e-01
 4.96403e-01
 4.78981e-01
 4.63752e-01
 4.48745e-01
 4.36719e-01
 1.00000e+00
 1.00000e+00
 1.00000e+00
 1.00000e+00
 1.00000e+00
 1.00000e+00
 1.00000e+00
 1.00000e+00
 1.00000e+00
 1.00000e+00
 1.00000e+00
 1.00000e+00
 1.00000e+00
 1.00000e+00
 1.00000e+00
 1.00000e+00
 1.00000e+00
 9.99999e-01
 9.99996e-01
 9.99983e-01
 9.99923e-01
 9.99699e-01
 9.98956e-01
 9.96845e-01
 9.91807e-01
 9.81886e-01
 9.65856e-01
 9.44206e-01
 9.18674e-01
 8.91011e-01
 8.62391e-01
 8.33482e-01
 8.04702e-01
 7.76306e-01
 7.48398e-01
 7.21003e-01
 6.94090e-01
 6.67724e-01
 6.43070e-01
 6.19622e-01
 5.96861e-01
 5.74670e-01
 5.54169e-01
 5.33850e-01
 5.14151e-01
 4.96403e-01
 4.78981e-01
 4.63752e-01
 4.48745e-01
 4.36719e-01
 1.00000e+00
 1.00000e+00
 1.00000e+00
 1.00000e+00
 1.00000e+00
 1.00000e+00
 1.00000e+00
 1.00000e+00
 1.00000e+00
 1.00000e+00
 1.00000e+00
 1.00000e+00
 1.00000e+00
 1.00000e+00
 1.00000e+00
 1.00000e+00
 1.00000e+00
 9.99999e-01
 9.99996e-01
 9.99983e-01
 9.99923e-01
 9.99699e-01
 9.98956e-01
 9.96845e-01
 9.91807e-01
 9.81886e-01
 9.65856e-01
 9.44206e-01
 9.18674e-01
 8.91011e-01
 8.62391e-01
 8.33482e-01
 8.04702e-01
 7.76306e-01
 7.48398e-01
 7.21003e-01
 6.94090e-01
 6.67724e-01
 6.43070e-01
 6.19622e-01
 5.96861e-01
 5.74670e-01
 5.54169e-01
 5.33850e-01
 5.14151e-01
 4.96403e-01
 4.78981e-01
 4.63752e-01
 4.48745e-01
 4.36719e-01
 1.00000e+00
 1.00000e+00
 1.00000e+00
 1.00000e+00
 1.00000e+00
 1.00000e+00
 1.00000e+00
 1.00000e+00
 1.00000e+00
 1.00000e+00
 1.00000e+00
 1.00000e+00
 1.00000e+00
 1.00000e+00
 1.00000e+00
 1.00000e+00
 1.00000e+00
 9.99999e-01
 9.99996e-01
 9.99983e-01
 9.99923e-01
 9.99699e-01
 9.98956e-01
 9.96845e-01
 9.91807e-01
 9.81886e-01
 9.65856e-01
 9.44206e-01
 9.18674e-01
 8.91011e-01
 8.62391e-01
 8.33482e-01
 8.04702e-01
 7.76306e-01
 7.48398e-01
 7.21003e-01
 6.94090e-01
 6.67724e-01
 6.43070e-01
 6.19622e-01
 5.96861e-01
 5.74670e-01
 5.54169e-01
 5.33850e-01
 5.14151e-01
 4.96403e-01
 4.78981e-01
 4.63752e-01
 4.48745e-01
 4.36719e-01
part
         2
hexa8
 4.32291e-01
 4.27620e-01
 4.23569e-01
 4.23022e-01
 4.23156e-01
 4.23659e-01
 4.24814e-01
 4.25362e-01
 4.25333e-01
 4.24978e-01
 4.24636e-01
 4.24609e-01
 4.24719e-01
 4.24264e-01
 4.21750e-01
 4.14818e-01
 4.00442e-01
 3.75633e-01
 3.38643e-01
 3.01025e-01
 2.81931e-01
 2.72614e-01
 2.68567e-01
 2.67065e-01
 2.66680e-01
 2.66676e-01
 2.66752e-01
 2.66827e-01
 2.66880e-01
 2.66921e-01
 2.66920e-01
 2.66632e-01
 2.64638e-01
 2.54917e-01
 2.22229e-01
 1.63440e-01
 1.32077e-01
 1.25862e-01
 1.25093e-01
 1.25010e-01
 1.25001e-01
 1.25000e-01
 1.25000e-01
 1.25000e-01
 1.25000e-01
 1.25000e-01
 1.25000e-01
 1.25000e-01
 1.25000e-01
 1.25000e-01
 4.32291e-01
 4.27620e-01
 4.23569e-01
 4.23022e-01
 4.23156e-01
 4.23659e-01
 4.24814e-01
 4.25362e-01
 4.25333e-01
 4.24978e-01
 4.24636e-01
 4.24609e-01
 4.24719e-01
 4.24264e-01
 4.21750e-01
 4.14818e-01
 4.00442e-01
 3.75633e-01
 3.38643e-01
 3.01025e-01
 2.81931e-01
 2.72614e-01
 2.68567e-01
 2.67065e-01
 2.66680e-01
 2.66676e-01
 2.66752e-01
 2.66827e-01
 2.66880e-01
 2.66921e-01
 2.66920e-01
 2.66632e-01
 2.64638e-01
 2.54917e-01
 2.22229e-01
 1.63440e-01
 1.32077e-01
 1.25862e-01
 1.25093e-01
 1.25010e-01
 1.25001e-01
 1.25000e-01
 1.25000e-01
 1.25000e-01
 1.25000e-01
 1.25000e-01
 1.25000e-01
 1.25000e-01
 1.25000e-01
 1.25000e-01
 4.32291e-01
 4.27620e-01
 4.23569e-01
 4.23022e-01
 4.23156e-01
 4.23659e-01
 4.24814e-01
 4.25362e-01
 4.25333e-01
 4.24978e-01
 4.24636e-01
 4.24609e-01
 4.24719e-01
 4.24264e-01
 4.21750e-01
 4.14818e-01
 4.00442e-01
 3.75633e-01
 3.38643e-01
 3.01025e-01
 2.81931e-01
 2.72614e-01
 2.68567e-01
 2.67065e-01
 2.66680e-01
 2.66676e-01
 2.66752e-01
 2.66827e-01
 2.66880e-01
 2.66921e-01
 2.66920e-01
 2.66632e-01
 2.64638e-01
 2.54917e-01
 2.22229e-01
 1.63440e-01
 1.32077e-01
 1.25862e-01
 1.25093e-01
 1.25010e-01
 1.25001e-01
 1.25000e-01
 1.25000e-01
 1.25000e-01
 1.25000e-01
 1.25000e-01
 1.25000e-01
 1.25000e-01
 1.25000e-01
 1.25000e-01
 4.32291e-01
 4.27620e-01
 4.23569e-01
 4.23022e-01
 4.23156e-01
 4.23659e-01
 4.24814e-01
 4.25362e-01
 4.25333e-01
 4.24978e-01
 4.24636e-01
 4.24609e-01
 4.24719e-01
 4.24264e-01
 4.21750e-01
 4.14818e-01
 4.00442e-01
 3.75633e-01
 3.38643e-01
 3.01025e-01
 2.81931e-01
 2.72614e-01
 2.68567e-01
 2.67065e-01
 2.66680e-01
 2.66676e-01
 2.66752e-01
 2.66827e-01
 2.66880e-01
 2.66921e-01
 2.66920e-01
 2.66632e-01
 2.64638e-01
 2.54917e-01
 2.22229e-01
 1.63440e-01
 1.32077e-01
 1.25862e-01
 1.25093e-01
 1.25010e-01
 1.25001e-01
 1.25000e-01
 1.25000e-01
 1.25000e-01
 1.25000e-01
 1.25000e-01
 1.25000e-01
 1.25000e-01
 1.25000e-01
 1.25000e-01
 4.32291e-01
 4.27620e-01
 4.23569e-01
 4.23022e-01
 4.23156e-01
 4.23659e-01
 4.24814e-01
 4.25362e-01
 4.25333e-01
 4.24978e-01
 4.24636e-01
 4.24609e-01
 4.24719e-01
 4.24264e-01
 4.21750e-01
 4.14818e-01
 4.00442e-01
 3.75633e-01
 3.38643e-01
 3.01025e-01
 2.81931e-01
 2.72614e-01
 2.68567e-01
 2.67065e-01
 2.66680e-01
 2.66676e-01
 2.66752e-01
 2.66827e-01
 2.66880e-01
 2.66921e-01
 2.66920e-01
 2.66632e-01
 2.64638e-01
 2.54917e-01
 2.22229e-01
 1.63440e-01
 1.32077e-01
 1.25862e-01
 1.25093e-01
 1.25010e-01
 1.25001e-01
 1.25000e-01
 1.25000e-01
 1.25000e-01
 1.25000e-01
 1.25000e-01
 1.25000e-01
 1.25000e-01
 1.25000e-01
 1.25000e-01
 4.32291e-01
 4.27620e-01
 4.23569e-01
 4.23022e-01
 4.23156e-01
 4.23659e-01
 4.24814e-01
 4.25362e-01
 4.25333e-01
 4.24978e-01
 4.24636e-01
 4.24609e-01
 4.24719e-01
 4.24264e-01
 4.21750e-01
 4.14818e-01
 4.00442e-01
 3.75633e-01
 3.38643e-01
 3.01025e-01
 2.81931e-01
 2.72614e-01
 2.68567e-01
 2.67065e-01
 2.66680e-01
 2.66676e-01
 2.66752e-01
 2.66827e-01
 2.66880e-01
 2.66921e-01
 2.66920e-01
 2.66632e-01
 2.64638e-01
 2.54917e-01
 2.22229e-01
 1.63440e-01
 1.32077e-01
 1.25862e-01
 1.25093e-01
 1.25010e-01
 1.25001e-01
 1.25000e-01
 1.25000e-01
 1.25000e-01
 1.25000e-01
 1.25000e-01
 1.25000e-01
 1.25000e-01
 1.25000e-01
 1.25000e-01
 4.32291e-01
 4.27620e-01
 4.23569e-01
 4.23022e-01
 4.23156e-01
 4.23659e-01
 4.24814e-01
 4.25362e-01
 4.25333e-01
 4.24978e-01
 4.24636e-01
 4.24609e-01
 4.24719e-01
 4.24264e-01
 4.21750e-01
 4.14818e-01
 4.00442e-01
 3.75633e-01
 3.38643e-01
 3.01025e-01
 2.81931e-01
 2.72614e-01
 2.68567e-01
 2.67065e-01
 2.66680e-01
 2.66676e-01
 2.66752e-01
 2.66827e-01
 2.66880e-01
 2.66921e-01
 2.66920e-01
 2.66632e-01
 2.64638e-01
 2.54917e-01
 2.22229e-01
 1.63440e-01
 1.32077e-01
 1.25862e-01
 1.25093e-01
 1.25010e-01
 1.25001e-01
 1.25000e-01
 1.25000e-01
 1.25000e-01
 1.25000e-01
 1.25000e-01
 1.25000e-01
 1.25000e-01
 1.25000e-01
 1.25000e-01
 4.32291e-01
 4.27620e-01
 4.23569e-01
 4.23022e-01
 4.23156e-01
 4.23659e-01
 4.24814e-01
 4.25362e-01
 4.25333e-01
 4.24978e-01
 4.24636e-01
 4.24609e-01
 4.24719e-01
 4.24264e-01
 4.21750e-01
 4.14818e-01
 4.00442e-01
 3.75633e-01
 3.38643e-01
 3.01025e-01
 2.81931e-01
 2.72614e-01
 2.68567e-01
 2.67065e-01
 2.66680e-01
 2.66676e-01
 2.66752e-01
 2.66827e-01
 2.66880e-01
 2.66921e-01
 2.66920e-01
 2.66632e-01
 2.64638e-01
 2.54917e-01
 2.22229e-01
 1.63440e-01
 1.32077e-01
 1.25862e-01
 1.25093e-01
 1.25010e-01
 1.25001e-01
 1.25000e-01
 1.25000e-01
 1.25000e-01
 1.25000e-01
 1.25000e-01
 1.25000e-01
 1.25000e-01
 1.25000e-01
 1.25000e-01
 4.32291e-01
 4.27620e-01
 4.23569e-01
 4.23022e-01
 4.23156e-01
 4.23659e-01
 4.24814e-01
 4.25362e-01
 4.25333e-01
 4.24978e-01
 4.24636e-01
 4.24609e-01
 4.24719e-01
 4.24264e-01
 4.21750e-01
 4.14818e-01
 4.00442e-01
 3.75633e-01
 3.38643e-01
 3.01025e-01
 2.81931e-01
 2.72614e-01
 2.68567e-01
 2.67065e-01
 2.66680e-01
 2.66676e-01
 2.66752e-01
 2.66827e-01
 2.66880e-01
 2.66921e-01
 2.66920e-01
 2.66632e-01
 2.64638e-01
 2.54917e-01
 2.22229e-01
 1.63440e-01
 1.32077e-01
 1.25862e-01
 1.25093e-01
 1.25010e-01
 1.25001e-01
 1.25000e-01
 1.25000e-01
 1.25000e-01
 1.25000e-01
 1.25000e-01
 1.25000e-01
 1.25000e-01
 1.25000e-01
 1.25000e-01
 4.32291e-01
 4.27620e-01
 4.23569e-01
 4.23022e-01
 4.23156e-01
 4.23659e-01
 4.24814e-01
 4.25362e-01
 4.25333e-01
 4.24978e-01
 4.24636e-01
 4.24609e-01
 4.24719e-01
 4.24264e-01
 4.21750e-01
 4.14818e-01
 4.00442e-01
 3.75633e-01
 3.38643e-01
 3.01025e-01
 2.81931e-01
 2.72614e-01
 2.68567e-01
 2.67065e-01
 2.66680e-01
 2.66676e-01
 2.66752e-01
 2.66827e-01
 2.66880e-01
 2.66921e-01
 2.66920e-01
 2.66632e-01
 2.64638e-01
 2.54917e-01
 2.22229e-01
 1.63440e-01
 1.32077e-01
 1.25862e-01
 1.25093e-01
 1.25010e-01
 1.25001e-01
 1.25000e-01
 1.25000e-01
 1.25000e-01
 1.25000e-01
 1.25000e-01
 1.25000e-01
 1.25000e-01
 1.25000e-01
 1.25000e-01
part
         3
hexa8
 1.00000e+00
 1.00000e+00
 1.00000e+00
 1.00000e+00
 1.00000e+00
 1.00000e+00
 1.00000e+00
 1.00000e+00
 1.00000e+00
 1.00000e+00
 1.00000e+00
 1.00000e+00
 1.00000e+00
 1.00000e+00
 1.00000e+00
 1.00000e+00
 1.00000e+00
 9.99999e-01
 9.99996e-01
 9.99983e-01
 9.99923e-01
 9.99699e-01
 9.98956e-01
 9.96845e-01
 9.91807e-01
 9.81886e-01
 9.65856e-01
 9.44206e-01
 9.18674e-01
 8.91011e-01
 8.62391e-01
 8.33482e-01
 8.04702e-01
 7.76306e-01
 7.48398e-01
 7.21003e-01
 6.94090e-01
 6.67724e-01
 6.43070e-01
 6.19622e-01
 5.96861e-01
 5.74670e-01
 5.54169e-01
 5.33850e-01
 5.14151e-01
 4.96403e-01
 4.78981e-01
 4.63752e-01
 4.48745e-01
 4.36719e-01
 1.00000e+00
 1.00000e+00
 1.00000e+00
 1.00000e+00
 1.00000e+00
 1.00000e+00
 1.00000e+00
 1.00000e+00
 1.00000e+00
 1.00000e+00
 1.00000e+00
 1.00000e+00
 1.00000e+00
 1.00000e+00
 1.00000e+00
 1.00000e+00
 1.00000e+00
 9.99999e-01
 9.99996e-01
 9.99983e-01
 9.99923e-01
 9.99699e-01
 9.98956e-01
 9.96845e-01
 9.91807e-01
 9.81886e-01
 9.65856e-01
 9.44206e-01
 9.18674e-01
 8.91011e-01
 8.62391e-01
 8.33482e-01
 8.04702e-01
 7.76306e-01
 7.48398e-01
 7.21003e-01
 6.94090e-01
 6.67724e-01
 6.43070e-01
 6.19622e-01
 5.96861e-01
 5.74670e-01
 5.54169e-01
 5.33850e-01
 5.14151e-01
 4.96403e-01
 4.78981e-01
 4.63752e-01
 4.48745e-01
 4.36719e-01
 1.00000e+00
 1.00000e+00
 1.00000e+00
 1.00000e+00
 1.00000e+00
 1.00000e+00
 1.00000e+00
 1.00000e+00
 1.00000e+00
 1.00000e+00
 1.00000e+00
 1.00000e+00
 1.00000e+00
 1.00000e+00
 1.00000e+00
 1.00000e+00
 1.00000e+00
 9.99999e-01
 9.99996e-01
 9.99983e-01
 9.99923e-01
 9.99699e-01
 9.98956e-01
 9.96845e-01
 9.91807e-01
 9.81886e-01
 9.65856e-01
 9.44206e-01
 9.18674e-01
 8.91011e-01
 8.62391e-01
 8.33482e-01
 8.04702e-01
 7.76306e-01
 7.48398e-01
 7.21003e-01
 6.94090e-01
 6.67724e-01
 6.43070e-01
 6.19622e-01
 5.96861e-01
 5.74670e-01
 5.54169e-01
 5.33850e-01
 5.14151e-01
 4.96403e-01
 4.78981e-01
 4.63752e-01
 4.48745e-01
 4.36719e-01
 1.00000e+00
 1.00000e+00
 1.00000e+00
 1.00000e+00
 1.00000e+00
 1.00000e+00
 1.00000e+00
 1.00000e+00
 1.00000e+00
 1.00000e+00
 1.00000e+00
 1.00000e+00
 1.00000e+00
 1.00000e+00
 1.00000e+00
 1.00000e+00
 1.00000e+00
 9.99999e-01
 9.99996e-01
 9.99983e-01
 9.99923e-01
 9.99699e-01
 9.98956e-01
 9.96845e-01
 9.91807e-01
 9.81886e-01
 9.65856e-01
 9.44206e-01
 9.18674e-01
 8.91011e-01
 8.62391e-01
 8.33482e-01
 8.04702e-01
 7.76306e-01
 7.48398e-01
 7.21003e-01
 6.94090e-01
 6.67724e-01
 6.43070e-01
 6.19622e-01
 5.96861e-01
 5.74670e-01
 5.54169e-01
 5.33850e-01
 5.14151e-01
 4.96403e-01
 4.78981e-01
 4.63752e-01
 4.48745e-01
 4.36719e-01
 1.00000e+00
 1.00000e+00
 1.00000e+00
 1.00000e+00
 1.00000e+00
 1.00000e+00
 1.00000e+00
 1.00000e+00
 1.00000e+00
 1.00000e+00
 1.00000e+00
 1.00000e+00
 1.00000e+00
 1.00000e+00
 1.00000e+00
 1.00000e+00
 1.00000e+00
 9.99999e-01
 9.99996e-01
 9.99983e-01
 9.99923e-01
 9.99699e-01
 9.98956e-01
 9.96845e-01
 9.91807e-01
 9.81886e-01
 9.65856e-01
 9.44206e-01
 9.18674e-01
 8.91011e-01
 8.62391e-01
 8.33482e-01
 8.04702e-01
 7.76306e-01
 7.48398e-01
 7.21003e-01
 6.94090e-01
 6.67724e-01
 6.43070e-01
 6.19622e-01
 5.96861e-01
 5.74670e-01
 5.54169e-01
 5.33850e-01
 5.14151e-01
 4.96403e-01
 4.78981e-01
 4.63752e-01
 4.48745e-01
 4.36719e-01
 1.00000e+00
 1.00000e+00
 1.00000e+00
 1.00000e+00
 1.00000e+00
 1.00000e+00
 1.00000e+00
 1.00000e+00
 1.00000e+00
 1.00000e+00
 1.00000e+00
 1.00000e+00
 1.00000e+00
 1.00000e+00
 1.00000e+00
 1.00000e+00
 1.00000e+00
 9.99999e-01
 9.99996e-01
 9.99983e-01
 9.99923e-01
 9.99699e-01
 9.98956e-01
 9.96845e-01
 9.91807e-01
 9.81886e-01
 9.65856e-01
 9.44206e-01
 9.18674e-01
 8.91011e-01
 8.62391e-01
 8.33482e-01
 8.04702e-01
 7.76306e-01
 7.48398e-01
 7.21003e-01
 6.94090e-01
 6.67724e-01
 6.43070e-01
 6.19622e-01
 5.96861e-01
 5.74670e-01
 5.54169e-01
 5.33850e-01
 5.14151e-01
 4.96403e-01
 4.78981e-01
 4.63752e-01
 4.48745e-01
 4.36719e-01
 1.00000e+00
 1.00000e+00
 1.00000e+00
 1.00000e+00
 1.00000e+00
 1.00000e+00
 1.00000e+00
 1.00000e+00
 1.00000e+00
 1.00000e+00
 1.00000e+00
 1.00000e+00
 1.00000e+00
 1.00000e+00
 1.00000e+00
 1.00000e+00
 1.00000e+00
 9.99999e-01
 9.99996e-01
 9.99983e-01
 9.99923e-01
 9.99699e-01
 9.98956e-01
 9.96845e-01
 9.91807e-01
 9.81886e-01
 9.65856e-01
 9.44206e-01
 9.18674e-01
 8.91011e-01
 8.62391e-01
 8.33482e-01
 8.04702e-01
 7.76306e-01
 7.48398e-01
 7.21003e-01
 6.94090e-01
 6.67724e-01
 6.43070e-01
 6.19622e-01
 5.96861e-01
 5.74670e-01
 5.54169e-01
 5.33850e-01
 5.14151e-01
 4.96403e-01
 4.78981e-01
 4.63752e-01
 4.48745e-01
 4.36719e-01
 1.00000e+00
 1.00000e+00
 1.00000e+00
 1.00000e+00
 1.00000e+00
 1.00000e+00
 1.00000e+00
 1.00000e+00
 1.00000e+00
 1.00000e+00
 1.00000e+00
 1.00000e+00
 1.00000e+00
 1.00000e+00
 1.00000e+00
 1.00000e+00
 1.00000e+00
 9.99999e-01
 9.99996e-01
 9.99983e-01
 9.99923e-01
 9.99699e-01
 9.98956e-01
 9.96845e-01
 9.91807e-01
 9.81886e-01
 9.65856e-01
 9.44206e-01
 9.18674e-01
 8.91011e-01
 8.62391e-01
 8.33482e-01
 8.04702e-01
 7.76306e-01
 7.48398e-01
 7.21003e-01
 6.94090e-01
 6.67724e-01
 6.43070e-01
 6.19622e-01
 5.96861e-01
 5.74670e-01
 5.54169e-01
 5.33850e-01
 5.14151e-01
 4.96403e-01
 4.78981e-01
 4.63752e-01
 4.48745e-01
 4.36719e-01
 1.00000e+00
 1.00000e+00
 1.00000e+00
 1.00000e+00
 1.00000e+00
 1.00000e+00
 1.00000e+00
 1.00000e+00
 1.00000e+00
 1.00000e+00
 1.00000e+00
 1.00000e+00
 1.00000e+00
 1.00000e+00
 1.00000e+00
 1.00000e+00
 1.00000e+00
 9.99999e-01
 9.99996e-01
 9.99983e-01
 9.99923e-01
 9.99699e-01
 9.98956e-01
 9.96845e-01
 9.91807e-01
 9.81886e-01
 9.65856e-01
 9.44206e-01
 9.18674e-01
 8.91011e-01
 8.62391e-01
 8.33482e-01
 8.04702e-01
 7.76306e-01
 7.48398e-01
 7.21003e-01
 6.94090e-01
 6.67724e-01
 6.43070e-01
 6.19622e-01
 5.96861e-01
 5.74670e-01
 5.54169e-01
 5.33850e-01
 5.14151e-01
 4.96403e-01
 4.78981e-01
 4.63752e-01
 4.48745e-01
 4.36719e-01
 1.00000e+00
 1.00000e+00
 1.00000e+00
 1.00000e+00
 1.00000e+00
 1.00000e+00
 1.00000e+00
 1.00000e+00
 1.00000e+00
 1.00000e+00
 1.00000e+00
 1.00000e+00
 1.00000e+00
 1.00000e+00
 1.00000e+00
 1.00000e+00
 1.00000e+00
 9.99999e-01
 9.99996e-01
 9.99983e-01
 9.99923e-01
 9.99699e-01
 9.98956e-01
 9.96845e-01
 9.91807e-01
 9.81886e-01
 9.65856e-01
 9.44206e-01
 9.18674e-01
 8.91011e-01
 8.62391e-01
 8.33482e-01
 8.04702e-01
 7.76306e-01
 7.48398e-01
 7.21003e-01
 6.94090e-01
 6.67724e-01
 6.43070e-01
 6.19622e-01
 5.96861e-01
 5.74670e-01
 5.54169e-01
 5.33850e-01
 5.14151e-01
 4.96403e-01
 4.78981e-01
 4.63752e-01
 4.48745e-01
 4.36719e-01
 1.00000e+00
 1.00000e+00
 1.00000e+00
 1.00000e+00
 1.00000e+00
 1.00000e+00
 1.00000e+00
 1.00000e+00
 1.00000e+00
 1.00000e+00
 1.00000e+00
 1.00000e+00
 1.00000e+00
 1.00000e+00
 1.00000e+00
 1.00000e+00
 1.00000e+00
 9.99999e-01
 9.99996e-01
 9.99983e-01
 9.99923e-01
 9.99699e-01
 9.98956e-01
 9.96845e-01
 9.91807e-01
 9.81886e-01
 9.65856e-01
 9.44206e-01
 9.18674e-01
 8.91011e-01
 8.62391e-01
 8.33482e-01
 8.04702e-01
 7.76306e-01
 7.48398e-01
 7.21003e-01
 6.94090e-01
 6.67724e-01
 6.43070e-01
 6.19622e-01
 5.96861e-01
 5.74670e-01
 5.54169e-01
 5.33850e-01
 5.14151e-01
 4.96403e-01
 4.78981e-01
 4.63752e-01
 4.48745e-01
 4.36719e-01
 1.00000e+00
 1.00000e+00
 1.00000e+00
 1.00000e+00
 1.00000e+00
 1.00000e+00
 1.00000e+00
 1.00000e+00
 1.00000e+00
 1.00000e+00
 1.00000e+00
 1.00000e+00
 1.00000e+00
 1.00000e+00
 1.00000e+00
 1.00000e+00
 1.00000e+00
 9.99999e-01
 9.99996e-01
 9.99983e-01
 9.99923e-01
 9.99699e-01
 9.98956e-01
 9.96845e-01
 9.91807e-01
 9.81886e-01
 9.65856e-01
 9.44206e-01
 9.18674e-01
 8.91011e-01
 8.62391e-01
 8.33482e-01
 8.04702e-01
 7.76306e-01
 7.48398e-01
 7.21003e-01
 6.94090e-01
 6.67724e-01
 6.43070e-01
 6.19622e-01
 5.96861e-01
 5.74670e-01
 5.54169e-01
 5.33850e-01
 5.14151e-01
 4.96403e-01
 4.78981e-01
 4.63752e-01
 4.48745e-01
 4.36719e-01
 1.00000e+00
 1.00000e+00
 1.00000e+00
 1.00000e+00
 1.00000e+00
 1.00000e+00
 1.00000e+00
 1.00000e+00
 1.00000e+00
 1.00000e+00
 1.00000e+00
 1.00000e+00
 1.00000e+00
 1.00000e+00
 1.00000e+00
 1.00000e+00
 1.00000e+00
 9.99999e-01
 9.99996e-01
 9.99983e-01
 9.99923e-01
 9.99699e-01
 9.98956e-01
 9.96845e-01
 9.91807e-01
 9.81886e-01
 9.65856e-01
 9.44206e-01
 9.18674e-01
 8.91011e-01
 8.62391e-01
 8.33482e-01
 8.04702e-01
 7.76306e-01
 7.48398e-01
 7.21003e-01
 6.94090e-01
 6.67724e-01
 6.43070e-01
 6.19622e-01
 5.96861e-01
 5.74670e-01
 5.54169e-01
 5.33850e-01
 5.14151e-01
 4.96403e-01
 4.78981e-01
 4.63752e-01
 4.48745e-01
 4.36719e-01
 1.00000e+00
 1.00000e+00
 1.00000e+00
 1.00000e+00
 1.00000e+00
 1.00000e+00
 1.00000e+00
 1.00000e+00
 1.00000e+00
 1.00000e+00
 1.00000e+00
 1.00000e+00
 1.00000e+00
 1.00000e+00
 1.00000e+00
 1.00000e+00
 1.00000e+00
 9.99999e-01
 9.99996e-01
 9.99983e-01
 9.99923e-01
 9.99699e-01
 9.98956e-01
 9.96845e-01
 9.91807e-01
 9.81886e-01
 9.65856e-01
 9.44206e-01
 9.18674e-01
 8.91011e-01
 8.62391e-01
 8.33482e-01
 8.04702e-01
 7.76306e-01
 7.48398e-01
 7.21003e-01
 6.94090e-01
 6.67724e-01
 6.43070e-01
 6.19622e-01
 5.96861e-01
 5.74670e-01
 5.54169e-01
 5.33850e-01
 5.14151e-01
 4.96403e-01
 4.78981e-01
 4.63752e-01
 4.48745e-01
 4.36719e-01
 1.00000e+00
 1.00000e+00
 1.00000e+00
 1.00000e+00
 1.00000e+00
 1.00000e+00
 1.00000e+00
 1.00000e+00
 1.00000e+00
 1.00000e+00
 1.00000e+00
 1.00000e+00
 1.00000e+00
 1.00000e+00
 1.00000e+00
 1.00000e+00
 1.00000e+00
 9.99999e-01
 9.99996e-01
 9.99983e-01
 9.99923e-01
 9.99699e-01
 9.98956e-01
 9.96845e-01
 9.91807e-01
 9.81886e-01
 9.65856e-01
 9.44206e-01
 9.18674e-01
 8.91011e-01
 8.62391e-01
 8.33482e-01
 8.04702e-01
 7.76306e-01
 7.48398e-01
 7.21003e-01
 6.94090e-01
 6.67724e-01
 6.43070e-01
 6.19622e-01
 5.96861e-01
 5.74670e-01
 5.54169e-01
 5.33850e-01
 5.14151e-01
 4.96403e-01
 4.78981e-01
 4.63752e-01
 4.48745e-01
 4.36719e-01
part
         4
hexa8
 4.32291e-01
 4.27620e-01
 4.23569e-01
 4.23022e-01
 4.23156e-01
 4.23659e-01
 4.24814e-01
 4.25362e-01
 4.25333e-01
 4.24978e-01
 4.24636e-01
 4.24609e-01
 4.24719e-01
 4.24264e-01
 4.21750e-01
 4.14818e-01
 4.00442e-01
 3.75633e-01
 3.38643e-01
 3.01025e-01
 2.81931e-01
 2.72614e-01
 2.68567e-01
 2.67065e-01
 2.66680e-01
 2.66676e-01
 2.66752e-01
 2.66827e-01
 2.66880e-01
 2.66921e-01
 2.66920e-01
 2.66632e-01
 2.64638e-01
 2.54917e-01
 2.22229e-01
 1.63440e-01
 1.32077e-01
 1.25862e-01
 1.25093e-01
 1.25010e-01
 1.25001e-01
 1.25000e-01
 1.25000e-01
 1.25000e-01
 1.25000e-01
 1.25000e-01
 1.25000e-01
 1.25000e-01
 1.25000e-01
 1.25000e-01
 4.32291e-01
 4.27620e-01
 4.23569e-01
 4.23022e-01
 4.23156e-01
 4.23659e-01
 4.24814e-01
 4.25362e-01
 4.25333e-01
 4.24978e-01
 4.24636e-01
 4.24609e-01
 4.24719e-01
 4.24264e-01
 4.21750e-01
 4.14818e-01
 4.00442e-01
 3.75633e-01
 3.38643e-01
 3.01025e-01
 2.81931e-01
 2.72614e-01
 2.68567e-01
 2.67065e-01
 2.66680e-01
 2.66676e-01
 2.66752e-01
 2.66827e-01
 2.66880e-01
 2.66921e-01
 2.66920e-01
 2.66632e-01
 2.64638e-01
 2.54917e-01
 2.22229e-01
 1.63440e-01
 1.32077e-01
 1.25862e-01
 1.25093e-01
 1.25010e-01
 1.25001e-01
 1.25000e-01
 1.25000e-01
 1.25000e-01
 1.25000e-01
 1.25000e-01
 1.25000e-01
 1.25000e-01
 1.25000e-01
 1.25000e-01
 4.32291e-01
 4.27620e-01
 4.23569e-01
 4.23022e-01
 4.23156e-01
 4.23659e-01
 4.24814e-01
 4.25362e-01
 4.25333e-01
 4.24978e-01
 4.24636e-01
 4.24609e-01
 4.24719e-01
 4.24264e-01
 4.21750e-01
 4.14818e-01
 4.00442e-01
 3.75633e-01
 3.38643e-01
 3.01025e-01
 2.81931e-01
 2.72614e-01
 2.68567e-01
 2.67065e-01
 2.66680e-01
 2.66676e-01
 2.66752e-01
 2.66827e-01
 2.66880e-01
 2.66921e-01
 2.66920e-01
 2.66632e-01
 2.64638e-01
 2.54917e-01
 2.22229e-01
 1.63440e-01
 1.32077e-01
 1.25862e-01
 1.25093e-01
 1.25010e-01
 1.25001e-01
 1.25000e-01
 1.25000e-01
 1.25000e-01
 1.25000e-01
 1.25000e-01
 1.25000e-01
 1.25000e-01
 1.25000e-01
 1.25000e-01
 4.32291e-01
 4.27620e-01
 4.23569e-01
 4.23022e-01
 4.23156e-01
 4.23659e-01
 4.24814e-01
 4.25362e-01
 4.25333e-01
 4.24978e-01
 4.24636e-01
 4.24609e-01
 4.24719e-01
 4.24264e-01
 4.21750e-01
 4.14818e-01
 4.00442e-01
 3.75633e-01
 3.38643e-01
 3.01025e-01
 2.81931e-01
 2.72614e-01
 2.68567e-01
 2.67065e-01
 2.66680e-01
 2.66676e-01
 2.66752e-01
 2.66827e-01
 2.66880e-01
 2.66921e-01
 2.66920e-01
 2.66632e-01
 2.64638e-01
 2.54917e-01
 2.22229e-01
 1.63440e-01
 1.32077e-01
 1.25862e-01
 1.25093e-01
 1.25010e-01
 1.25001e-01
 1.25000e-01
 1.25000e-01
 1.25000e-01
 1.25000e-01
 1.25000e-01
 1.25000e-01
 1.25000e-01
 1.25000e-01
 1.25000e-01
 4.32291e-01
 4.27620e-01
 4.23569e-01
 4.23022e-01
 4.23156e-01
 4.23659e-01
 4.24814e-01
 4.25362e-01
 4.25333e-01
 4.24978e-01
 4.24636e-01
 4.24609e-01
 4.24719e-01
 4.24264e-01
 4.21750e-01
 4.14818e-01
 4.00442e-01
 3.75633e-01
 3.38643e-01
 3.01025e-01
 2.81931e-01
 2.72614e-01
 2.68567e-01
 2.67065e-01
 2.66680e-01
 2.66676e-01
 2.66752e-01
 2.66827e-01
 2.66880e-01
 2.66921e-01
 2.66920e-01
 2.66632e-01
 2.64638e-01
 2.54917e-01
 2.22229e-01
 1.63440e-01
 1.32077e-01
 1.25862e-01
 1.25093e-01
 1.25010e-01
 1.25001e-01
 1.25000e-01
 1.25000e-01
 1.25000e-01
 1.25000e-01
 1.25000e-01
 1.25000e-01
 1.25000e-01
 1.25000e-01
 1.25000e-01
 4.32291e-01
 4.27620e-01
 4.23569e-01
 4.23022e-01
 4.23156e-01
 4.23659e-01
 4.24814e-01
 4.25362e-01
 4.25333e-01
 4.24978e-01
 4.24636e-01
 4.24609e-01
 4.24719e-01
 4.24264e-01
 4.21750e-01
 4.14818e-01
 4.00442e-01
 3.75633e-01
 3.38643e-01
 3.01025e-01
 2.81931e-01
 2.72614e-01
 2.68567e-01
 2.67065e-01
 2.66680e-01
 2.66676e-01
 2.66752e-01
 2.66827e-01
 2.66880e-01
 2.66921e-01
 2.66920e-01
 2.66632e-01
 2.64638e-01
 2.54917e-01
 2.22229e-01
 1.63440e-01
 1.32077e-01
 1.25862e-01
 1.25093e-01
 1.25010e-01
 1.25001e-01
 1.25000e-01
 1.25000e-01
 1.25000e-01
 1.25000e-01
 1.25000e-01
 1.25000e-01
 1.25000e-01
 1.25000e-01
 1.25000e-01
 4.32291e-01
 4.27620e-01
 4.23569e-01
 4.23022e-01
 4.23156e-01
 4.23659e-01
 4.24814e-01
 4.25362e-01
 4.25333e-01
 4.24978e-01
 4.24636e-01
 4.24609e-01
 4.24719e-01
 4.24264e-01
 4.21750e-01
 4.14818e-01
 4.00442e-01
 3.75633e-01
 3.38643e-01
 3.01025e-01
 2.81931e-01
 2.72614e-01
 2.68567e-01
 2.67065e-01
 2.66680e-01
 2.66676e-01
 2.66752e-01
 2.66827e-01
 2.66880e-01
 2.66921e-01
 2.66920e-01
 2.66632e-01
 2.64638e-01
 2.54917e-01
 2.22229e-01
 1.63440e-01
 1.32077e-01
 1.25862e-01
 1.25093e-01
 1.25010e-01
 1.25001e-01
 1.25000e-01
 1.25000e-01
 1.25000e-01
 1.25000e-01
 1.25000e-01
 1.25000e-01
 1.25000e-01
 1.25000e-01
 1.25000e-01
 4.32291e-01
 4.27620e-01
 4.23569e-01
 4.23022e-01
 4.23156e-01
 4.23659e-01
 4.24814e-01
 4.25362e-01
 4.25333e-01
 4.24978e-01
 4.24636e-01
 4.24609e-01
 4.24719e-01
 4.24264e-01
 4.21750e-01
 4.14818e-01
 4.00442e-01
 3.75633e-01
 3.38643e-01
 3.01025e-01
 2.81931e-01
 2.72614e-01
 2.68567e-01
 2.67065e-01
 2.66680e-01
 2.66676e-01
 2.66752e-01
 2.66827e-01
 2.66880e-01
 2.66921e-01
 2.66920e-01
 2.66632e-01
 2.64638e-01
 2.54917e-01
 2.22229e-01
 1.63440e-01
 1.32077e-01
 1.25862e-01
 1.25093e-01
 1.25010e-01
 1.25001e-01
 1.25000e-01
 1.25000e-01
 1.25000e-01
 1.25000e-01
 1.25000e-01
 1.25000e-01
 1.25000e-01
 1.25000e-01
 1.25000e-01
 4.32291e-01
 4.27620e-01
 4.23569e-01
 4.23022e-01
 4.23156e-01
 4.23659e-01
 4.24814e-01
 4.25362e-01
 4.25333e-01
 4.24978e-01
 4.24636e-01
 4.24609e-01
 4.24719e-01
 4.24264e-01
 4.21750e-01
 4.14818e-01
 4.00442e-01
 3.75633e-01
 3.38643e-01
 3.01025e-01
 2.81931e-01
 2.72614e-01
 2.68567e-01
 2.67065e-01
 2.66680e-01
 2.66676e-01
 2.66752e-01
 2.66827e-01
 2.66880e-01
 2.66921e-01
 2.66920e-01
 2.66632e-01
 2.64638e-01
 2.54917e-01
 2.22229e-01
 1.63440e-01
 1.32077e-01
 1.25862e-01
 1.25093e-01
 1.25010e-01
 1.25001e-01
 1.25000e-01
 1.25000e-01
 1.25000e-01
 1.25000e-01
 1.25000e-01
 1.25000e-01
 1.25000e-01
 1.25000e-01
 1.25000e-01
 4.32291e-01
 4.27620e-01
 4.23569e-01
 4.23022e-01
 4.23156e-01
 4.23659e-01
 4.24814e-01
 4.25362e-01
 4.25333e-01
 4.24978e-01
 4.24636e-01
 4.24609e-01
 4.24719e-01
 4.24264e-01
 4.21750e-01
 4.14818e-01
 4.00442e-01
 3.75633e-01
 3.38643e-01
 3.01025e-01
 2.81931e-01
 2.72614e-01
 2.68567e-01
 2.67065e-01
 2.66680e-01
 2.66676e-01
 2.66752e-01
 2.66827e-01
 2.66880e-01
 2.66921e-01
 2.66920e-01
 2.66632e-01
 2.64638e-01
 2.54917e-01
 2.22229e-01
 1.63440e-01
 1.32077e-01
 1.25862e-01
 1.25093e-01
 1.25010e-01
 1.25001e-01
 1.25000e-01
 1.25000e-01
 1.25000e-01
 1.25000e-01
 1.25000e-01
 1.25000e-01
 1.25000e-01
 1.25000e-01
 1.25000e-01
 4.32291e-01
 4.27620e-01
 4.23569e-01
 4.23022e-01
 4.23156e-01
 4.23659e-01
 4.24814e-01
 4.25362e-01
 4.25333e-01
 4.24978e-01
 4.24636e-01
 4.24609e-01
 4.24719e-01
 4.24264e-01
 4.21750e-01
 4.14818e-01
 4.00442e-01
 3.75633e-01
 3.38643e-01
 3.01025e-01
 2.81931e-01
 2.72614e-01
 2.68567e-01
 2.67065e-01
 2.66680e-01
 2.66676e-01
 2.66752e-01
 2.66827e-01
 2.66880e-01
 2.66921e-01
 2.66920e-01
 2.66632e-01
 2.64638e-01
 2.54917e-01
 2.22229e-01
 1.63440e-01
 1.32077e-01
 1.25862e-01
 1.25093e-01
 1.25010e-01
 1.25001e-01
 1.25000e-01
 1.25000e-01
 1.25000e-01
 1.25000e-01
 1.25000e-01
 1.25000e-01
 1.25000e-01
 1.25000e-01
 1.25000e-01
 4.32291e-01
 4.27620e-01
 4.23569e-01
 4.23022e-01
 4.23156e-01
 4.23659e-01
 4.24814e-01
 4.25362e-01
 4.25333e-01
 4.24978e-01
 4.24636e-01
 4.24609e-01
 4.24719e-01
 4.24264e-01
 4.21750e-01
 4.14818e-01
 4.00442e-01
 3.75633e-01
 3.38643e-01
 3.01025e-01
 2.81931e-01
 2.72614e-01
 2.68567e-01
 2.67065e-01
 2.66680e-01
 2.66676e-01
 2.66752e-01
 2.66827e-01
 2.66880e-01
 2.66921e-01
 2.66920e-01
 2.66632e-01
 2.64638e-01
 2.54917e-01
 2.22229e-01
 1.63440e-01
 1.32077e-01
 1.25862e-01
 1.25093e-01
 1.25010e-01
 1.25001e-01
 1.25000e-01
 1.25000e-01
 1.25000e-01
 1.25000e-01
 1.25000e-01
 1.25000e-01
 1.25000e-01
 1.25000e-01
 1.25000e-01
 4.32291e-01
 4.27620e-01
 4.23569e-01
 4.23022e-01
 4.23156e-01
 4.23659e-01
 4.24814e-01
 4.25362e-01
 4.25333e-01
 4.24978e-01
 4.24636e-01
 4.24609e-01
 4.24719e-01
 4.24264e-01
 4.21750e-01
 4.14818e-01
 4.00442e-01
 3.75633e-01
 3.38643e-01
 3.01025e-01
 2.81931e-01
 2.72614e-01
 2.68567e-01
 2.67065e-01
 2.66680e-01
 2.66676e-01
 2.66752e-01
 2.66827e-01
 2.66880e-01
 2.66921e-01
 2.66920e-01
 2.66632e-01
 2.64638e-01
 2.54917e-01
 2.22229e-01
 1.63440e-01
 1.32077e-01
 1.25862e-01
 1.25093e-01
 1.25010e-01
 1.25001e-01
 1.25000e-01
 1.25000e-01
 1.25000e-01
 1.25000e-01
 1.25000e-01
 1.25000e-01
 1.25000e-01
 1.25000e-01
 1.25000e-01
 4.32291e-01
 4.27620e-01
 4.23569e-01
 4.23022e-01
 4.23156e-01
 4.23659e-01
 4.24814e-01
 4.25362e-01
 4.25333e-01
 4.24978e-01
 4.24636e-01
 4.24609e-01
 4.24719e-01
 4.24264e-01
 4.21750e-01
 4.14818e-01
 4.00442e-01
 3.75633e-01
 3.38643e-01
 3.01025e-01
 2.81931e-01
 2.72614e-01
 2.68567e-01
 2.67065e-01
 2.66680e-01
 2.66676e-01
 2.66752e-01
 2.66827e-01
 2.66880e-01
 2.66921e-01
 2.66920e-01
 2.66632e-01
 2.64638e-01
 2.54917e-01
 2.22229e-01
 1.63440e-01
 1.32077e-01
 1.25862e-01
 1.25093e-01
 1.25010e-01
 1.25001e-01
 1.25000e-01
 1.25000e-01
 1.25000e-01
 1.25000e-01
 1.25000e-01
 1.25000e-01
 1.25000e-01
 1.25000e-01
 1.25000e-01
 4.32291e-01
 4.27620e-01
 4.23569e-01
 4.23022e-01
 4.23156e-01
 4.23659e-01
 4.24814e-01
 4.25362e-01
 4.25333e-01
 4.24978e-01
 4.24636e-01
 4.24609e-01
 4.24719e-01
 4.24264e-01
 4.21750e-01
 4.14818e-01
 4.00442e-01
 3.75633e-01
 3.38643e-01
 3.01025e-01
 2.81931e-01
 2.72614e-01
 2.68567e-01
 2.67065e-01
 2.66680e-01
 2.66676e-01
 2.66752e-01
 2.66827e-01
 2.66880e-01
 2.66921e-01
 2.66920e-01
 2.66632e-01
 2.64638e-01
 2.54917e-01
 2.22229e-01
 1.63440e-01
 1.32077e-01
 1.25862e-01
 1.25093e-01
 1.25010e-01
 1.25001e-01
 1.25000e-01
 1.25000e-01
 1.25000e-01
 1.25000e-01
 1.25000e-01
 1.25000e-01
 1.25000e-01
 1.25000e-01
 1.25000e-01
