CellMass
part
         1
quad4
 1.14589e-06
 1.26470e-06
 1.65024e-06
 1.99372e-06
 2.26094e-06
 2.49555e-06
 2.74712e-06
 3.02166e-06
 3.33007e-06
 3.68291e-06
 4.09748e-06
 4.59302e-06
 5.18850e-06
 5.90274e-06
 6.75504e-06
 7.76593e-06
 8.95812e-06
 1.03577e-05
 1.19957e-05
 1.39096e-05
 1.61443e-05
 1.87527e-05
 2.17964e-05
 2.53476e-05
 2.94921e-05
 3.43336e-05
 3.99985e-05
 4.66408e-05
 5.44467e-05
 6.36407e-05
 7.44938e-05
 8.73355e-05
 1.02569e-04
 1.20691e-04
 1.42326e-04
 1.68258e-04
 1.99487e-04
 2.37306e-04
 2.83420e-04
 3.40108e-04
 4.10507e-04
 4.99041e-04
 6.11812e-04
 7.59023e-04
 9.77860e-04
 1.30264e-03
 1.48920e-03
 1.46938e-03
 1.12746e-03
 6.16715e-04
 4.26322e-04
 4.00528e-04
 4.00000e-04
 4.00000e-04
 4.00000e-04
 4.00000e-04
 4.00000e-04
 4.00000e-04
 4.00000e-04
 4.00000e-04
 1.16749e-06
 1.20026e-06
 1.33421e-06
 1.50580e-06
 1.58663e-06
 1.68583e-06
 1.84736e-06
 2.08289e-06
 2.40370e-06
 2.82171e-06
 3.33494e-06
 3.93512e-06
 4.62139e-06
 5.40372e-06
 6.30173e-06
 7.34244e-06
 8.55818e-06
 9.98619e-06
 1.16680e-05
 1.36441e-05
 1.59560e-05
 1.86522e-05
 2.17911e-05
 2.54461e-05
 2.97096e-05
 3.46911e-05
 4.05199e-05
 4.73504e-05
 5.53685e-05
 6.47990e-05
 7.59141e-05
 8.90447e-05
 1.04597e-04
 1.23073e-04
 1.45096e-04
 1.71455e-04
 2.03153e-04
 2.41489e-04
 2.88164e-04
 3.45469e-04
 4.16549e-04
 5.05805e-04
 6.19280e-04
 7.67354e-04
 9.88266e-04
 1.31300e-03
 1.49353e-03
 1.46868e-03
 1.11753e-03
 6.10192e-04
 4.25044e-04
 4.00483e-04
 4.00000e-04
 4.00000e-04
 4.00000e-04
 4.00000e-04
 4.00000e-04
 4.00000e-04
 4.00000e-04
 4.00000e-04
 1.39156e-06
 1.26374e-06
 1.27550e-06
 1.31285e-06
 1.36320e-06
 1.43784e-06
 1.56124e-06
 1.75344e-06
 2.02933e-06
 2.40090e-06
 2.87958e-06
 3.47296e-06
 4.18594e-06
 5.02395e-06
 5.99719e-06
 7.12331e-06
 8.42849e-06
 9.94389e-06
 1.16973e-05
 1.37292e-05
 1.60932e-05
 1.88494e-05
 2.20662e-05
 2.58214e-05
 3.02035e-05
 3.53181e-05
 4.12938e-05
 4.82851e-05
 5.64783e-05
 6.60989e-05
 7.74213e-05
 9.07783e-05
 1.06574e-04
 1.25310e-04
 1.47610e-04
 1.74263e-04
 2.06275e-04
 2.44942e-04
 2.91973e-04
 3.49660e-04
 4.21164e-04
 5.10936e-04
 6.25078e-04
 7.74220e-04
 9.98117e-04
 1.32234e-03
 1.49462e-03
 1.46253e-03
 1.09777e-03
 5.97836e-04
 4.22607e-04
 4.00402e-04
 4.00000e-04
 4.00000e-04
 4.00000e-04
 4.00000e-04
 4.00000e-04
 4.00000e-04
 4.00000e-04
 4.00000e-04
 1.83146e-06
 1.46042e-06
 1.31267e-06
 1.31737e-06
 1.34843e-06
 1.41608e-06
 1.53447e-06
 1.71569e-06
 1.97269e-06
 2.31869e-06
 2.76827e-06
 3.33578e-06
 4.03576e-06
 4.88097e-06
 5.88402e-06
 7.05968e-06
 8.42257e-06
 9.99080e-06
 1.18023e-05
 1.39028e-05
 1.63444e-05
 1.91868e-05
 2.24980e-05
 2.63549e-05
 3.08462e-05
 3.60779e-05
 4.21781e-05
 4.93015e-05
 5.76353e-05
 6.74055e-05
 7.88848e-05
 9.24059e-05
 1.08376e-04
 1.27300e-04
 1.49808e-04
 1.76694e-04
 2.08970e-04
 2.47947e-04
 2.95350e-04
 3.53498e-04
 4.25602e-04
 5.16185e-04
 6.31462e-04
 7.82651e-04
 1.01201e-03
 1.33590e-03
 1.49635e-03
 1.45224e-03
 1.06599e-03
 5.79683e-04
 4.19254e-04
 4.00303e-04
 4.00000e-04
 4.00000e-04
 4.00000e-04
 4.00000e-04
 4.00000e-04
 4.00000e-04
 4.00000e-04
 4.00000e-04
 2.17180e-06
 1.64116e-06
 1.37825e-06
 1.35292e-06
 1.37405e-06
 1.43677e-06
 1.55438e-06
 1.73571e-06
 1.99099e-06
 2.33310e-06
 2.77695e-06
 3.33783e-06
 4.03085e-06
 4.87286e-06
 5.88088e-06
 7.06967e-06
 8.45821e-06
 1.00744e-05
 1.19517e-05
 1.41316e-05
 1.66629e-05
 1.96024e-05
 2.30161e-05
 2.69806e-05
 3.15864e-05
 3.69407e-05
 4.31724e-05
 5.04367e-05
 5.89212e-05
 6.88525e-05
 8.05049e-05
 9.42125e-05
 1.10385e-04
 1.29530e-04
 1.52284e-04
 1.79452e-04
 2.12062e-04
 2.51448e-04
 2.99372e-04
 3.58214e-04
 4.31281e-04
 5.23242e-04
 6.40498e-04
 7.95231e-04
 1.03322e-03
 1.35561e-03
 1.49950e-03
 1.43712e-03
 1.02157e-03
 5.57097e-04
 4.15368e-04
 4.00204e-04
 4.00000e-04
 4.00000e-04
 4.00000e-04
 4.00000e-04
 4.00000e-04
 4.00000e-04
 4.00000e-04
 4.00000e-04
 2.45321e-06
 1.76257e-06
 1.46373e-06
 1.42617e-06
 1.44251e-06
 1.50226e-06
 1.62047e-06
 1.80324e-06
 2.05730e-06
 2.39460e-06
 2.83039e-06
 3.38138e-06
 4.06579e-06
 4.90265e-06
 5.91125e-06
 7.11243e-06
 8.53036e-06
 1.01943e-05
 1.21379e-05
 1.44003e-05
 1.70273e-05
 2.00730e-05
 2.36021e-05
 2.76915e-05
 3.24335e-05
 3.79372e-05
 4.43324e-05
 5.17750e-05
 6.04527e-05
 7.05927e-05
 8.24709e-05
 9.64237e-05
 1.12865e-04
 1.32309e-04
 1.55404e-04
 1.82970e-04
 2.16061e-04
 2.56053e-04
 3.04769e-04
 3.64678e-04
 4.39223e-04
 5.33256e-04
 6.53405e-04
 8.13340e-04
 1.06331e-03
 1.38092e-03
 1.50332e-03
 1.41495e-03
 9.64137e-04
 5.32055e-04
 4.11403e-04
 4.00122e-04
 4.00000e-04
 4.00000e-04
 4.00000e-04
 4.00000e-04
 4.00000e-04
 4.00000e-04
 4.00000e-04
 4.00000e-04
 2.72430e-06
 1.92574e-06
 1.59359e-06
 1.55021e-06
 1.56581e-06
 1.62625e-06
 1.74705e-06
 1.93215e-06
 2.18549e-06
 2.51829e-06
 2.94605e-06
 3.48644e-06
 4.15950e-06
 4.98795e-06
 5.99578e-06
 7.20849e-06
 8.65398e-06
 1.03632e-05
 1.23707e-05
 1.47155e-05
 1.74425e-05
 2.06051e-05
 2.42673e-05
 2.85065e-05
 3.34154e-05
 3.91047e-05
 4.57054e-05
 5.33741e-05
 6.22997e-05
 7.27105e-05
 8.48847e-05
 9.91630e-05
 1.15966e-04
 1.35818e-04
 1.59381e-04
 1.87501e-04
 2.21271e-04
 2.62120e-04
 3.11953e-04
 3.73355e-04
 4.49934e-04
 5.46756e-04
 6.70727e-04
 8.37806e-04
 1.10320e-03
 1.40983e-03
 1.50627e-03
 1.38254e-03
 8.95318e-04
 5.05736e-04
 4.07786e-04
 4.00064e-04
 4.00000e-04
 4.00000e-04
 4.00000e-04
 4.00000e-04
 4.00000e-04
 4.00000e-04
 4.00000e-04
 4.00000e-04
 3.01039e-06
 2.16335e-06
 1.79263e-06
 1.73724e-06
 1.75286e-06
 1.81455e-06
 1.93738e-06
 2.12421e-06
 2.37756e-06
 2.70799e-06
 3.13123e-06
 3.66514e-06
 4.33056e-06
 5.15303e-06
 6.16127e-06
 7.38545e-06
 8.85690e-06
 1.06090e-05
 1.26782e-05
 1.51053e-05
 1.79373e-05
 2.12284e-05
 2.50429e-05
 2.94581e-05
 3.45668e-05
 4.04802e-05
 4.73308e-05
 5.52769e-05
 6.45090e-05
 7.52581e-05
 8.78063e-05
 1.02500e-04
 1.19770e-04
 1.40154e-04
 1.64336e-04
 1.93192e-04
 2.27862e-04
 2.69846e-04
 3.21146e-04
 3.84485e-04
 4.63670e-04
 5.64004e-04
 6.92773e-04
 8.69450e-04
 1.15361e-03
 1.43930e-03
 1.50651e-03
 1.33587e-03
 8.17713e-04
 4.79811e-04
 4.04828e-04
 4.00028e-04
 4.00000e-04
 4.00000e-04
 4.00000e-04
 4.00000e-04
 4.00000e-04
 4.00000e-04
 4.00000e-04
 4.00000e-04
 3.32803e-06
 2.48845e-06
 2.07600e-06
 1.99925e-06
 2.01280e-06
 2.07275e-06
 2.19444e-06
 2.38108e-06
 2.63452e-06
 2.96523e-06
 3.38925e-06
 3.92436e-06
 4.59135e-06
 5.41676e-06
 6.43259e-06
 7.67326e-06
 9.17399e-06
 1.09714e-05
 1.31050e-05
 1.56192e-05
 1.85642e-05
 2.19972e-05
 2.59838e-05
 3.06012e-05
 3.59420e-05
 4.21178e-05
 4.92629e-05
 5.75376e-05
 6.71356e-05
 7.82920e-05
 9.12952e-05
 1.06501e-04
 1.24351e-04
 1.45402e-04
 1.70362e-04
 2.00149e-04
 2.35958e-04
 2.79371e-04
 3.32504e-04
 3.98243e-04
 4.80626e-04
 5.85213e-04
 7.19872e-04
 9.09350e-04
 1.21314e-03
 1.46692e-03
 1.50185e-03
 1.27033e-03
 7.35387e-04
 4.56219e-04
 4.02676e-04
 4.00011e-04
 4.00000e-04
 4.00000e-04
 4.00000e-04
 4.00000e-04
 4.00000e-04
 4.00000e-04
 4.00000e-04
 4.00000e-04
 3.68958e-06
 2.90766e-06
 2.45480e-06
 2.34957e-06
 2.35851e-06
 2.41277e-06
 2.52933e-06
 2.71336e-06
 2.96706e-06
 3.30083e-06
 3.73108e-06
 4.27563e-06
 4.95491e-06
 5.79557e-06
 6.83129e-06
 8.09986e-06
 9.64030e-06
 1.14931e-05
 1.37018e-05
 1.63147e-05
 1.93867e-05
 2.29790e-05
 2.71594e-05
 3.20058e-05
 3.76107e-05
 4.40867e-05
 5.15698e-05
 6.02238e-05
 7.02469e-05
 8.18804e-05
 9.54215e-05
 1.11237e-04
 1.29785e-04
 1.51643e-04
 1.77553e-04
 2.08478e-04
 2.45678e-04
 2.90829e-04
 3.46180e-04
 4.14809e-04
 5.01025e-04
 6.10652e-04
 7.52570e-04
 9.59025e-04
 1.27853e-03
 1.49100e-03
 1.48962e-03
 1.18129e-03
 6.54257e-04
 4.36524e-04
 4.01303e-04
 4.00003e-04
 4.00000e-04
 4.00000e-04
 4.00000e-04
 4.00000e-04
 4.00000e-04
 4.00000e-04
 4.00000e-04
 4.00000e-04
 4.11216e-06
 3.41602e-06
 2.93857e-06
 2.80235e-06
 2.80455e-06
 2.84993e-06
 2.95798e-06
 3.13732e-06
 3.39180e-06
 3.73181e-06
 4.17413e-06
 4.73677e-06
 5.43978e-06
 6.30936e-06
 7.38012e-06
 8.69242e-06
 1.02889e-05
 1.22141e-05
 1.45154e-05
 1.72457e-05
 2.04648e-05
 2.42383e-05
 2.86376e-05
 3.37421e-05
 3.96448e-05
 4.64596e-05
 5.43253e-05
 6.34103e-05
 7.39188e-05
 8.61009e-05
 1.00265e-04
 1.16791e-04
 1.36158e-04
 1.58970e-04
 1.86008e-04
 2.18289e-04
 2.57150e-04
 3.04374e-04
 3.62363e-04
 4.34421e-04
 5.25166e-04
 6.40703e-04
 7.91794e-04
 1.02046e-03
 1.34634e-03
 1.50979e-03
 1.46291e-03
 1.06731e-03
 5.81428e-04
 4.21601e-04
 4.00544e-04
 4.00001e-04
 4.00000e-04
 4.00000e-04
 4.00000e-04
 4.00000e-04
 4.00000e-04
 4.00000e-04
 4.00000e-04
 4.00000e-04
 4.61442e-06
 4.00777e-06
 3.53405e-06
 3.37290e-06
 3.36531e-06
 3.40162e-06
 3.49880e-06
 3.67141e-06
 3.92703e-06
 4.27652e-06
 4.73696e-06
 5.32686e-06
 6.06591e-06
 6.97965e-06
 8.10292e-06
 9.47814e-06
 1.11513e-05
 1.31707e-05
 1.55880e-05
 1.84603e-05
 2.18519e-05
 2.58336e-05
 3.04810e-05
 3.58759e-05
 4.21130e-05
 4.93081e-05
 5.76038e-05
 6.71742e-05
 7.82318e-05
 9.10371e-05
 1.05912e-04
 1.23255e-04
 1.43568e-04
 1.67490e-04
 1.95845e-04
 2.29717e-04
 2.70532e-04
 3.20196e-04
 3.81289e-04
 4.57387e-04
 5.53447e-04
 6.75910e-04
 8.39093e-04
 1.09585e-03
 1.41118e-03
 1.52131e-03
 1.41165e-03
 9.33318e-04
 5.22395e-04
 4.11440e-04
 4.00190e-04
 4.00000e-04
 4.00000e-04
 4.00000e-04
 4.00000e-04
 4.00000e-04
 4.00000e-04
 4.00000e-04
 4.00000e-04
 4.00000e-04
 5.21520e-06
 4.68487e-06
 4.24592e-06
 4.07500e-06
 4.05725e-06
 4.08606e-06
 4.17209e-06
 4.33688e-06
 4.59391e-06
 4.95571e-06
 5.43995e-06
 6.06594e-06
 6.85358e-06
 7.82776e-06
 9.02308e-06
 1.04834e-05
 1.22575e-05
 1.43975e-05
 1.69589e-05
 2.00028e-05
 2.35977e-05
 2.78195e-05
 3.27485e-05
 3.84703e-05
 4.50822e-05
 5.27030e-05
 6.14803e-05
 7.15954e-05
 8.32705e-05
 9.67790e-05
 1.12459e-04
 1.30733e-04
 1.52129e-04
 1.77326e-04
 2.07206e-04
 2.42925e-04
 2.86018e-04
 3.38535e-04
 4.03265e-04
 4.84110e-04
 5.86372e-04
 7.17052e-04
 8.96933e-04
 1.18680e-03
 1.46540e-03
 1.52180e-03
 1.32688e-03
 7.94522e-04
 4.75730e-04
 4.05294e-04
 4.00053e-04
 4.00000e-04
 4.00000e-04
 4.00000e-04
 4.00000e-04
 4.00000e-04
 4.00000e-04
 4.00000e-04
 4.00000e-04
 4.00000e-04
 5.93348e-06
 5.45883e-06
 5.08008e-06
 4.92045e-06
 4.89832e-06
 4.92248e-06
 5.00035e-06
 5.15907e-06
 5.41895e-06
 5.79611e-06
 6.30945e-06
 6.97976e-06
 7.82792e-06
 8.87885e-06
 1.01668e-05
 1.17366e-05
 1.36392e-05
 1.59299e-05
 1.86676e-05
 2.19173e-05
 2.57512e-05
 3.02499e-05
 3.54989e-05
 4.15884e-05
 4.86200e-05
 5.67168e-05
 6.60326e-05
 7.67575e-05
 8.91253e-05
 1.03425e-04
 1.20015e-04
 1.39342e-04
 1.61970e-04
 1.88628e-04
 2.20260e-04
 2.58115e-04
 3.03849e-04
 3.59688e-04
 4.28678e-04
 5.15094e-04
 6.24559e-04
 7.65327e-04
 9.68757e-04
 1.28669e-03
 1.50553e-03
 1.50675e-03
 1.20015e-03
 6.66877e-04
 4.42034e-04
 4.02071e-04
 4.00012e-04
 4.00000e-04
 4.00000e-04
 4.00000e-04
 4.00000e-04
 4.00000e-04
 4.00000e-04
 4.00000e-04
 4.00000e-04
 4.00000e-04
 6.78881e-06
 6.34995e-06
 6.04759e-06
 5.92141e-06
 5.90605e-06
 5.93056e-06
 6.00753e-06
 6.16663e-06
 6.43416e-06
 6.83144e-06
 7.38013e-06
 8.10324e-06
 9.02366e-06
 1.01674e-05
 1.15688e-05
 1.32732e-05
 1.53337e-05
 1.78077e-05
 2.07575e-05
 2.42509e-05
 2.83639e-05
 3.31810e-05
 3.87931e-05
 4.52961e-05
 5.27969e-05
 6.14250e-05
 7.13419e-05
 8.27482e-05
 9.58918e-05
 1.11080e-04
 1.28694e-04
 1.49213e-04
 1.73242e-04
 2.01566e-04
 2.35210e-04
 2.75527e-04
 3.24322e-04
 3.84027e-04
 4.58007e-04
 5.50954e-04
 6.68776e-04
 8.22761e-04
 1.05861e-03
 1.38388e-03
 1.53096e-03
 1.46317e-03
 1.03205e-03
 5.65642e-04
 4.20578e-04
 4.00659e-04
 4.00002e-04
 4.00000e-04
 4.00000e-04
 4.00000e-04
 4.00000e-04
 4.00000e-04
 4.00000e-04
 4.00000e-04
 4.00000e-04
 4.00000e-04
 7.80193e-06
 7.38519e-06
 7.16690e-06
 7.09295e-06
 7.09533e-06
 7.13076e-06
 7.21917e-06
 7.38988e-06
 7.67414e-06
 8.09964e-06
 8.69246e-06
 9.47887e-06
 1.04847e-05
 1.17380e-05
 1.32742e-05
 1.51392e-05
 1.73876e-05
 2.00792e-05
 2.32786e-05
 2.70566e-05
 3.14920e-05
 3.66732e-05
 4.26961e-05
 4.96627e-05
 5.76871e-05
 6.69068e-05
 7.74932e-05
 8.96600e-05
 1.03672e-04
 1.19857e-04
 1.38626e-04
 1.60492e-04
 1.86113e-04
 2.16341e-04
 2.52294e-04
 2.95453e-04
 3.47798e-04
 4.12013e-04
 4.91857e-04
 5.92426e-04
 7.20071e-04
 8.92902e-04
 1.16993e-03
 1.46538e-03
 1.53876e-03
 1.37101e-03
 8.45743e-04
 4.94699e-04
 4.08662e-04
 4.00163e-04
 4.00000e-04
 4.00000e-04
 4.00000e-04
 4.00000e-04
 4.00000e-04
 4.00000e-04
 4.00000e-04
 4.00000e-04
 4.00000e-04
 4.00000e-04
 8.99561e-06
 8.59649e-06
 8.46487e-06
 8.45209e-06
 8.48250e-06
 8.54737e-06
 8.66348e-06
 8.86045e-06
 9.17436e-06
 9.63996e-06
 1.02892e-05
 1.11527e-05
 1.22598e-05
 1.36418e-05
 1.53359e-05
 1.73890e-05
 1.98567e-05
 2.28010e-05
 2.62889e-05
 3.03937e-05
 3.51972e-05
 4.07912e-05
 4.72765e-05
 5.47616e-05
 6.33690e-05
 7.32464e-05
 8.45779e-05
 9.75927e-05
 1.12575e-04
 1.29881e-04
 1.49952e-04
 1.73346e-04
 2.00780e-04
 2.33188e-04
 2.71799e-04
 3.18247e-04
 3.74721e-04
 4.44221e-04
 5.30973e-04
 6.40379e-04
 7.80154e-04
 9.81224e-04
 1.29727e-03
 1.52004e-03
 1.52267e-03
 1.21663e-03
 6.78176e-04
 4.47480e-04
 4.03000e-04
 4.00030e-04
 4.00000e-04
 4.00000e-04
 4.00000e-04
 4.00000e-04
 4.00000e-04
 4.00000e-04
 4.00000e-04
 4.00000e-04
 4.00000e-04
 4.00000e-04
 1.03960e-05
 1.00205e-05
 9.97388e-06
 1.00167e-05
 1.00957e-05
 1.02093e-05
 1.03715e-05
 1.06119e-05
 1.09716e-05
 1.14930e-05
 1.22149e-05
 1.31729e-05
 1.44009e-05
 1.59339e-05
 1.78116e-05
 2.00822e-05
 2.28027e-05
 2.60365e-05
 2.98531e-05
 3.43283e-05
 3.95472e-05
 4.56055e-05
 5.26085e-05
 6.06718e-05
 6.99276e-05
 8.05362e-05
 9.26970e-05
 1.06658e-04
 1.22730e-04
 1.41296e-04
 1.62839e-04
 1.87969e-04
 2.17476e-04
 2.52391e-04
 2.94075e-04
 3.44344e-04
 4.05642e-04
 4.81376e-04
 5.76256e-04
 6.95899e-04
 8.52284e-04
 1.09421e-03
 1.41694e-03
 1.54924e-03
 1.46262e-03
 1.00371e-03
 5.55868e-04
 4.20476e-04
 4.00806e-04
 4.00004e-04
 4.00000e-04
 4.00000e-04
 4.00000e-04
 4.00000e-04
 4.00000e-04
 4.00000e-04
 4.00000e-04
 4.00000e-04
 4.00000e-04
 4.00000e-04
 1.20342e-05
 1.16982e-05
 1.17226e-05
 1.18238e-05
 1.19692e-05
 1.21505e-05
 1.23778e-05
 1.26808e-05
 1.31055e-05
 1.37022e-05
 1.45170e-05
 1.55913e-05
 1.69636e-05
 1.86732e-05
 2.07631e-05
 2.32835e-05
 2.62925e-05
 2.98551e-05
 3.40425e-05
 3.89336e-05
 4.46172e-05
 5.11935e-05
 5.87735e-05
 6.74804e-05
 7.74575e-05
 8.88799e-05
 1.01966e-04
 1.16987e-04
 1.34282e-04
 1.54273e-04
 1.77486e-04
 2.04599e-04
 2.36486e-04
 2.74295e-04
 3.19548e-04
 3.74278e-04
 4.41252e-04
 5.24388e-04
 6.28760e-04
 7.60634e-04
 9.42648e-04
 1.23587e-03
 1.50574e-03
 1.54982e-03
 1.32808e-03
 7.81351e-04
 4.78201e-04
 4.07330e-04
 4.00158e-04
 4.00000e-04
 4.00000e-04
 4.00000e-04
 4.00000e-04
 4.00000e-04
 4.00000e-04
 4.00000e-04
 4.00000e-04
 4.00000e-04
 4.00000e-04
 4.00000e-04
 1.39477e-05
 1.36706e-05
 1.37507e-05
 1.39202e-05
 1.41452e-05
 1.44102e-05
 1.47213e-05
 1.51078e-05
 1.56200e-05
 1.63157e-05
 1.72482e-05
 1.84645e-05
 2.00087e-05
 2.19243e-05
 2.42583e-05
 2.70635e-05
 3.03995e-05
 3.43326e-05
 3.89360e-05
 4.42915e-05
 5.04920e-05
 5.76435e-05
 6.58643e-05
 7.52869e-05
 8.60674e-05
 9.83988e-05
 1.12521e-04
 1.28734e-04
 1.47412e-04
 1.69017e-04
 1.94137e-04
 2.23525e-04
 2.58159e-04
 2.99329e-04
 3.48751e-04
 4.08720e-04
 4.82437e-04
 5.74373e-04
 6.89717e-04
 8.37853e-04
 1.06025e-03
 1.38482e-03
 1.55450e-03
 1.50826e-03
 1.10689e-03
 6.07114e-04
 4.33415e-04
 4.02035e-04
 4.00021e-04
 4.00000e-04
 4.00000e-04
 4.00000e-04
 4.00000e-04
 4.00000e-04
 4.00000e-04
 4.00000e-04
 4.00000e-04
 4.00000e-04
 4.00000e-04
 4.00000e-04
 1.61814e-05
 1.59793e-05
 1.61113e-05
 1.63579e-05
 1.66730e-05
 1.70348e-05
 1.74473e-05
 1.79398e-05
 1.85656e-05
 1.93885e-05
 2.04679e-05
 2.18569e-05
 2.36046e-05
 2.57595e-05
 2.83729e-05
 3.15010e-05
 3.52055e-05
 3.95543e-05
 4.46225e-05
 5.04950e-05
 5.72695e-05
 6.50589e-05
 7.39906e-05
 8.42093e-05
 9.58871e-05
 1.09237e-04
 1.24526e-04
 1.42087e-04
 1.62334e-04
 1.85783e-04
 2.13091e-04
 2.45105e-04
 2.82930e-04
 3.28028e-04
 3.82347e-04
 4.48524e-04
 5.30333e-04
 6.32621e-04
 7.60910e-04
 9.34622e-04
 1.21309e-03
 1.50179e-03
 1.56583e-03
 1.38199e-03
 8.43494e-04
 5.00686e-04
 4.11795e-04
 4.00405e-04
 4.00002e-04
 4.00000e-04
 4.00000e-04
 4.00000e-04
 4.00000e-04
 4.00000e-04
 4.00000e-04
 4.00000e-04
 4.00000e-04
 4.00000e-04
 4.00000e-04
 4.00000e-04
 1.87882e-05
 1.86730e-05
 1.88645e-05
 1.91971e-05
 1.96098e-05
 2.00786e-05
 2.06092e-05
 2.12313e-05
 2.19996e-05
 2.29818e-05
 2.42423e-05
 2.58394e-05
 2.78272e-05
 3.02592e-05
 3.31916e-05
 3.66844e-05
 4.08023e-05
 4.56157e-05
 5.12022e-05
 5.76501e-05
 6.50625e-05
 7.35605e-05
 8.32831e-05
 9.43900e-05
 1.07074e-04
 1.21571e-04
 1.38181e-04
 1.57275e-04
 1.79316e-04
 2.04882e-04
 2.34719e-04
 2.69785e-04
 3.11342e-04
 3.61064e-04
 4.21175e-04
 4.94805e-04
 5.86340e-04
 7.00575e-04
 8.46131e-04
 1.06268e-03
 1.38452e-03
 1.56405e-03
 1.52818e-03
 1.14532e-03
 6.30844e-04
 4.41365e-04
 4.03205e-04
 4.00054e-04
 4.00000e-04
 4.00000e-04
 4.00000e-04
 4.00000e-04
 4.00000e-04
 4.00000e-04
 4.00000e-04
 4.00000e-04
 4.00000e-04
 4.00000e-04
 4.00000e-04
 4.00000e-04
 2.18298e-05
 2.18104e-05
 2.20784e-05
 2.25058e-05
 2.30216e-05
 2.36064e-05
 2.42712e-05
 2.50466e-05
 2.59876e-05
 2.71638e-05
 2.86431e-05
 3.04881e-05
 3.27575e-05
 3.55097e-05
 3.88057e-05
 4.27098e-05
 4.72907e-05
 5.26224e-05
 5.87863e-05
 6.58752e-05
 7.39987e-05
 8.32875e-05
 9.38945e-05
 1.05999e-04
 1.19816e-04
 1.35614e-04
 1.53730e-04
 1.74580e-04
 1.98684e-04
 2.26702e-04
 2.59481e-04
 2.98123e-04
 3.44082e-04
 3.99278e-04
 4.66327e-04
 5.49027e-04
 6.52017e-04
 7.80381e-04
 9.54470e-04
 1.23303e-03
 1.51706e-03
 1.57720e-03
 1.38948e-03
 8.48079e-04
 5.05778e-04
 4.13838e-04
 4.00606e-04
 4.00004e-04
 4.00000e-04
 4.00000e-04
 4.00000e-04
 4.00000e-04
 4.00000e-04
 4.00000e-04
 4.00000e-04
 4.00000e-04
 4.00000e-04
 4.00000e-04
 4.00000e-04
 4.00000e-04
 2.53785e-05
 2.54638e-05
 2.58315e-05
 2.63610e-05
 2.69850e-05
 2.76953e-05
 2.85105e-05
 2.94629e-05
 3.06068e-05
 3.20123e-05
 3.37498e-05
 3.58851e-05
 3.84814e-05
 4.16017e-05
 4.53113e-05
 4.96796e-05
 5.47797e-05
 6.06901e-05
 6.74980e-05
 7.53029e-05
 8.42227e-05
 9.43998e-05
 1.06004e-04
 1.19237e-04
 1.34343e-04
 1.51630e-04
 1.71475e-04
 1.94348e-04
 2.20846e-04
 2.51724e-04
 2.87957e-04
 3.30825e-04
 3.82011e-04
 4.43751e-04
 5.19264e-04
 6.12933e-04
 7.29054e-04
 8.77354e-04
 1.10137e-03
 1.42136e-03
 1.58035e-03
 1.52692e-03
 1.11624e-03
 6.17379e-04
 4.40483e-04
 4.03475e-04
 4.00073e-04
 4.00000e-04
 4.00000e-04
 4.00000e-04
 4.00000e-04
 4.00000e-04
 4.00000e-04
 4.00000e-04
 4.00000e-04
 4.00000e-04
 4.00000e-04
 4.00000e-04
 4.00000e-04
 4.00000e-04
 2.95201e-05
 2.97255e-05
 3.02121e-05
 3.08514e-05
 3.15902e-05
 3.24372e-05
 3.34201e-05
 3.45730e-05
 3.59497e-05
 3.76199e-05
 3.96554e-05
 4.21253e-05
 4.50964e-05
 4.86366e-05
 5.28158e-05
 5.77081e-05
 6.33916e-05
 6.99510e-05
 7.74806e-05
 8.60892e-05
 9.59064e-05
 1.07089e-04
 1.19827e-04
 1.34349e-04
 1.50938e-04
 1.69939e-04
 1.91783e-04
 2.17013e-04
 2.46312e-04
 2.80554e-04
 3.20880e-04
 3.68786e-04
 4.26224e-04
 4.95936e-04
 5.81890e-04
 6.88313e-04
 8.20547e-04
 1.00492e-03
 1.29816e-03
 1.55067e-03
 1.58208e-03
 1.34516e-03
 7.91834e-04
 4.91771e-04
 4.12310e-04
 4.00581e-04
 4.00005e-04
 4.00000e-04
 4.00000e-04
 4.00000e-04
 4.00000e-04
 4.00000e-04
 4.00000e-04
 4.00000e-04
 4.00000e-04
 4.00000e-04
 4.00000e-04
 4.00000e-04
 4.00000e-04
 4.00000e-04
 3.43584e-05
 3.47051e-05
 3.53257e-05
 3.60827e-05
 3.69445e-05
 3.79413e-05
 3.91104e-05
 4.04881e-05
 4.21280e-05
 4.40988e-05
 4.64735e-05
 4.93239e-05
 5.27211e-05
 5.67375e-05
 6.14484e-05
 6.69326e-05
 7.32743e-05
 8.05652e-05
 8.89091e-05
 9.84269e-05
 1.09263e-04
 1.21593e-04
 1.35632e-04
 1.51642e-04
 1.69946e-04
 1.90939e-04
 2.15119e-04
 2.43114e-04
 2.75719e-04
 3.13961e-04
 3.59186e-04
 4.13133e-04
 4.78174e-04
 5.57821e-04
 6.56255e-04
 7.77339e-04
 9.35768e-04
 1.18282e-03
 1.48961e-03
 1.59731e-03
 1.49137e-03
 1.01163e-03
 5.73368e-04
 4.31576e-04
 4.02671e-04
 4.00058e-04
 4.00000e-04
 4.00000e-04
 4.00000e-04
 4.00000e-04
 4.00000e-04
 4.00000e-04
 4.00000e-04
 4.00000e-04
 4.00000e-04
 4.00000e-04
 4.00000e-04
 4.00000e-04
 4.00000e-04
 4.00000e-04
 4.00202e-05
 4.05321e-05
 4.13008e-05
 4.21830e-05
 4.31769e-05
 4.43376e-05
 4.57125e-05
 4.73407e-05
 4.92755e-05
 5.15849e-05
 5.43427e-05
 5.76235e-05
 6.15027e-05
 6.60580e-05
 7.13703e-05
 7.75244e-05
 8.46114e-05
 9.27321e-05
 1.02002e-04
 1.12556e-04
 1.24559e-04
 1.38210e-04
 1.53755e-04
 1.71494e-04
 1.91797e-04
 2.15126e-04
 2.42061e-04
 2.73333e-04
 3.09882e-04
 3.52931e-04
 4.04053e-04
 4.65346e-04
 5.39902e-04
 6.31741e-04
 7.44337e-04
 8.86066e-04
 1.09565e-03
 1.40580e-03
 1.58953e-03
 1.56747e-03
 1.22441e-03
 6.89545e-04
 4.65134e-04
 4.08264e-04
 4.00361e-04
 4.00003e-04
 4.00000e-04
 4.00000e-04
 4.00000e-04
 4.00000e-04
 4.00000e-04
 4.00000e-04
 4.00000e-04
 4.00000e-04
 4.00000e-04
 4.00000e-04
 4.00000e-04
 4.00000e-04
 4.00000e-04
 4.00000e-04
 4.66596e-05
 4.73613e-05
 4.82918e-05
 4.93070e-05
 5.04424e-05
 5.17817e-05
 5.33831e-05
 5.52890e-05
 5.75529e-05
 6.02420e-05
 6.34312e-05
 6.71980e-05
 7.16224e-05
 7.67878e-05
 8.27819e-05
 8.96968e-05
 9.76321e-05
 1.06700e-04
 1.17029e-04
 1.28776e-04
 1.42127e-04
 1.57311e-04
 1.74612e-04
 1.94375e-04
 2.17033e-04
 2.43128e-04
 2.73340e-04
 3.08538e-04
 3.49849e-04
 3.98712e-04
 4.57018e-04
 5.27520e-04
 6.13995e-04
 7.19819e-04
 8.50282e-04
 1.03293e-03
 1.31904e-03
 1.56496e-03
 1.59943e-03
 1.38500e-03
 8.39641e-04
 5.14669e-04
 4.19235e-04
 4.01420e-04
 4.00027e-04
 4.00000e-04
 4.00000e-04
 4.00000e-04
 4.00000e-04
 4.00000e-04
 4.00000e-04
 4.00000e-04
 4.00000e-04
 4.00000e-04
 4.00000e-04
 4.00000e-04
 4.00000e-04
 4.00000e-04
 4.00000e-04
 4.00000e-04
 5.44630e-05
 5.53785e-05
 5.64852e-05
 5.76418e-05
 5.89284e-05
 6.04613e-05
 6.23108e-05
 6.45235e-05
 6.71535e-05
 7.02682e-05
 7.39435e-05
 7.82600e-05
 8.33023e-05
 8.91609e-05
 9.59311e-05
 1.03714e-04
 1.12621e-04
 1.22777e-04
 1.34330e-04
 1.47459e-04
 1.62380e-04
 1.79358e-04
 1.98722e-04
 2.20880e-04
 2.46339e-04
 2.75740e-04
 3.09896e-04
 3.49855e-04
 3.96952e-04
 4.52921e-04
 5.20257e-04
 6.02466e-04
 7.02841e-04
 8.25232e-04
 9.89355e-04
 1.24515e-03
 1.52870e-03
 1.61163e-03
 1.48920e-03
 1.00243e-03
 5.78744e-04
 4.36709e-04
 4.03978e-04
 4.00139e-04
 4.00001e-04
 4.00000e-04
 4.00000e-04
 4.00000e-04
 4.00000e-04
 4.00000e-04
 4.00000e-04
 4.00000e-04
 4.00000e-04
 4.00000e-04
 4.00000e-04
 4.00000e-04
 4.00000e-04
 4.00000e-04
 4.00000e-04
 4.00000e-04
 6.36551e-05
 6.48086e-05
 6.61064e-05
 6.74134e-05
 6.88615e-05
 7.06036e-05
 7.27240e-05
 7.52750e-05
 7.83127e-05
 8.19050e-05
 8.61295e-05
 9.10697e-05
 9.68159e-05
 1.03466e-04
 1.11125e-04
 1.19905e-04
 1.29932e-04
 1.41349e-04
 1.54326e-04
 1.69070e-04
 1.85834e-04
 2.04931e-04
 2.26747e-04
 2.51764e-04
 2.80588e-04
 3.13989e-04
 3.52952e-04
 3.98725e-04
 4.52928e-04
 5.17867e-04
 5.96793e-04
 6.92854e-04
 8.09217e-04
 9.60805e-04
 1.19241e-03
 1.48817e-03
 1.61283e-03
 1.55052e-03
 1.15123e-03
 6.53549e-04
 4.60458e-04
 4.08632e-04
 4.00482e-04
 4.00006e-04
 4.00000e-04
 4.00000e-04
 4.00000e-04
 4.00000e-04
 4.00000e-04
 4.00000e-04
 4.00000e-04
 4.00000e-04
 4.00000e-04
 4.00000e-04
 4.00000e-04
 4.00000e-04
 4.00000e-04
 4.00000e-04
 4.00000e-04
 4.00000e-04
 7.45073e-05
 7.59239e-05
 7.74299e-05
 7.88946e-05
 8.05163e-05
 8.24843e-05
 8.49009e-05
 8.78259e-05
 9.13189e-05
 9.54495e-05
 1.00297e-04
 1.05949e-04
 1.12502e-04
 1.20061e-04
 1.28745e-04
 1.38680e-04
 1.50008e-04
 1.62897e-04
 1.77545e-04
 1.94195e-04
 2.13147e-04
 2.34772e-04
 2.59531e-04
 2.88002e-04
 3.20920e-04
 3.59219e-04
 4.04080e-04
 4.57037e-04
 5.20269e-04
 5.96799e-04
 6.89561e-04
 8.01391e-04
 9.44607e-04
 1.15910e-03
 1.45244e-03
 1.60855e-03
 1.58402e-03
 1.26580e-03
 7.35008e-04
 4.88662e-04
 4.15430e-04
 4.01236e-04
 4.00029e-04
 4.00000e-04
 4.00000e-04
 4.00000e-04
 4.00000e-04
 4.00000e-04
 4.00000e-04
 4.00000e-04
 4.00000e-04
 4.00000e-04
 4.00000e-04
 4.00000e-04
 4.00000e-04
 4.00000e-04
 4.00000e-04
 4.00000e-04
 4.00000e-04
 4.00000e-04
 8.73490e-05
 8.90555e-05
 9.07887e-05
 9.24182e-05
 9.42267e-05
 9.64402e-05
 9.91822e-05
 1.02523e-04
 1.06528e-04
 1.11269e-04
 1.16828e-04
 1.23297e-04
 1.30780e-04
 1.39393e-04
 1.49268e-04
 1.60551e-04
 1.73407e-04
 1.88031e-04
 2.04661e-04
 2.23586e-04
 2.45164e-04
 2.69841e-04
 2.98175e-04
 3.30873e-04
 3.68829e-04
 4.13170e-04
 4.65377e-04
 5.27545e-04
 6.02482e-04
 6.92863e-04
 8.01398e-04
 9.39364e-04
 1.14303e-03
 1.42867e-03
 1.60309e-03
 1.60093e-03
 1.34490e-03
 8.13256e-04
 5.18225e-04
 4.23777e-04
 4.02504e-04
 4.00090e-04
 4.00001e-04
 4.00000e-04
 4.00000e-04
 4.00000e-04
 4.00000e-04
 4.00000e-04
 4.00000e-04
 4.00000e-04
 4.00000e-04
 4.00000e-04
 4.00000e-04
 4.00000e-04
 4.00000e-04
 4.00000e-04
 4.00000e-04
 4.00000e-04
 4.00000e-04
 4.00000e-04
 1.02584e-04
 1.04610e-04
 1.06587e-04
 1.08392e-04
 1.10403e-04
 1.12885e-04
 1.15988e-04
 1.19797e-04
 1.24382e-04
 1.29821e-04
 1.36199e-04
 1.43615e-04
 1.52181e-04
 1.62027e-04
 1.73303e-04
 1.86177e-04
 2.00845e-04
 2.17542e-04
 2.36551e-04
 2.58223e-04
 2.82991e-04
 3.11400e-04
 3.44136e-04
 3.82060e-04
 4.26269e-04
 4.78214e-04
 5.39935e-04
 6.14021e-04
 7.02858e-04
 8.09226e-04
 9.44617e-04
 1.14304e-03
 1.42040e-03
 1.59944e-03
 1.60863e-03
 1.39319e-03
 8.76866e-04
 5.45304e-04
 4.32555e-04
 4.04197e-04
 4.00209e-04
 4.00003e-04
 4.00000e-04
 4.00000e-04
 4.00000e-04
 4.00000e-04
 4.00000e-04
 4.00000e-04
 4.00000e-04
 4.00000e-04
 4.00000e-04
 4.00000e-04
 4.00000e-04
 4.00000e-04
 4.00000e-04
 4.00000e-04
 4.00000e-04
 4.00000e-04
 4.00000e-04
 4.00000e-04
 1.20709e-04
 1.23089e-04
 1.25326e-04
 1.27320e-04
 1.29552e-04
 1.32334e-04
 1.35844e-04
 1.40184e-04
 1.45436e-04
 1.51683e-04
 1.59016e-04
 1.67541e-04
 1.77384e-04
 1.88690e-04
 2.01632e-04
 2.16409e-04
 2.33258e-04
 2.52460e-04
 2.74363e-04
 2.99395e-04
 3.28091e-04
 3.61122e-04
 3.99331e-04
 4.43800e-04
 4.95980e-04
 5.57860e-04
 6.31773e-04
 7.19841e-04
 8.25241e-04
 9.60800e-04
 1.15911e-03
 1.42867e-03
 1.59946e-03
 1.61092e-03
 1.41582e-03
 9.17885e-04
 5.66022e-04
 4.40327e-04
 4.06024e-04
 4.00384e-04
 4.00007e-04
 4.00000e-04
 4.00000e-04
 4.00000e-04
 4.00000e-04
 4.00000e-04
 4.00000e-04
 4.00000e-04
 4.00000e-04
 4.00000e-04
 4.00000e-04
 4.00000e-04
 4.00000e-04
 4.00000e-04
 4.00000e-04
 4.00000e-04
 4.00000e-04
 4.00000e-04
 4.00000e-04
 4.00000e-04
 1.42348e-04
 1.45116e-04
 1.47630e-04
 1.49832e-04
 1.52310e-04
 1.55433e-04
 1.59412e-04
 1.64370e-04
 1.70401e-04
 1.77597e-04
 1.86059e-04
 1.95902e-04
 2.07269e-04
 2.20328e-04
 2.35281e-04
 2.52367e-04
 2.71873e-04
 2.94148e-04
 3.19619e-04
 3.48819e-04
 3.82410e-04
 4.21234e-04
 4.66380e-04
 5.19312e-04
 5.81933e-04
 6.56291e-04
 7.44363e-04
 8.50301e-04
 9.89366e-04
 1.19241e-03
 1.45244e-03
 1.60310e-03
 1.60861e-03
 1.41583e-03
 9.31981e-04
 5.77247e-04
 4.45678e-04
 4.07575e-04
 4.00578e-04
 4.00014e-04
 4.00000e-04
 4.00000e-04
 4.00000e-04
 4.00000e-04
 4.00000e-04
 4.00000e-04
 4.00000e-04
 4.00000e-04
 4.00000e-04
 4.00000e-04
 4.00000e-04
 4.00000e-04
 4.00000e-04
 4.00000e-04
 4.00000e-04
 4.00000e-04
 4.00000e-04
 4.00000e-04
 4.00000e-04
 4.00000e-04
 1.68285e-04
 1.71480e-04
 1.74289e-04
 1.76723e-04
 1.79484e-04
 1.83003e-04
 1.87537e-04
 1.93231e-04
 2.00193e-04
 2.08527e-04
 2.18345e-04
 2.29779e-04
 2.42994e-04
 2.58188e-04
 2.75604e-04
 2.95531e-04
 3.18326e-04
 3.44421e-04
 3.74353e-04
 4.08790e-04
 4.48588e-04
 4.94864e-04
 5.49080e-04
 6.12981e-04
 6.88356e-04
 7.77373e-04
 8.86086e-04
 1.03295e-03
 1.24516e-03
 1.48818e-03
 1.60854e-03
 1.60092e-03
 1.39317e-03
 9.17870e-04
 5.77247e-04
 4.47586e-04
 4.08465e-04
 4.00732e-04
 4.00022e-04
 4.00000e-04
 4.00000e-04
 4.00000e-04
 4.00000e-04
 4.00000e-04
 4.00000e-04
 4.00000e-04
 4.00000e-04
 4.00000e-04
 4.00000e-04
 4.00000e-04
 4.00000e-04
 4.00000e-04
 4.00000e-04
 4.00000e-04
 4.00000e-04
 4.00000e-04
 4.00000e-04
 4.00000e-04
 4.00000e-04
 4.00000e-04
 1.99521e-04
 2.03186e-04
 2.06308e-04
 2.09006e-04
 2.12100e-04
 2.16101e-04
 2.21313e-04
 2.27908e-04
 2.36009e-04
 2.45735e-04
 2.57213e-04
 2.70602e-04
 2.86094e-04
 3.03929e-04
 3.24405e-04
 3.47882e-04
 3.74805e-04
 4.05724e-04
 4.41330e-04
 4.82510e-04
 5.30399e-04
 5.86401e-04
 6.52071e-04
 7.29102e-04
 8.20592e-04
 9.35811e-04
 1.09568e-03
 1.31908e-03
 1.52869e-03
 1.61284e-03
 1.58401e-03
 1.34488e-03
 8.76879e-04
 5.66020e-04
 4.45678e-04
 4.08465e-04
 4.00791e-04
 4.00028e-04
 4.00000e-04
 4.00000e-04
 4.00000e-04
 4.00000e-04
 4.00000e-04
 4.00000e-04
 4.00000e-04
 4.00000e-04
 4.00000e-04
 4.00000e-04
 4.00000e-04
 4.00000e-04
 4.00000e-04
 4.00000e-04
 4.00000e-04
 4.00000e-04
 4.00000e-04
 4.00000e-04
 4.00000e-04
 4.00000e-04
 4.00000e-04
 4.00000e-04
 2.37350e-04
 2.41531e-04
 2.44984e-04
 2.47992e-04
 2.51495e-04
 2.56102e-04
 2.62171e-04
 2.69901e-04
 2.79431e-04
 2.90895e-04
 3.04446e-04
 3.20275e-04
 3.38619e-04
 3.59777e-04
 3.84118e-04
 4.12104e-04
 4.44312e-04
 4.81464e-04
 5.24472e-04
 5.74451e-04
 6.32694e-04
 7.00641e-04
 7.80440e-04
 8.77406e-04
 1.00497e-03
 1.18286e-03
 1.40584e-03
 1.56497e-03
 1.61164e-03
 1.55051e-03
 1.26578e-03
 8.13226e-04
 5.45301e-04
 4.40326e-04
 4.07574e-04
 4.00732e-04
 4.00028e-04
 4.00000e-04
 4.00000e-04
 4.00000e-04
 4.00000e-04
 4.00000e-04
 4.00000e-04
 4.00000e-04
 4.00000e-04
 4.00000e-04
 4.00000e-04
 4.00000e-04
 4.00000e-04
 4.00000e-04
 4.00000e-04
 4.00000e-04
 4.00000e-04
 4.00000e-04
 4.00000e-04
 4.00000e-04
 4.00000e-04
 4.00000e-04
 4.00000e-04
 4.00000e-04
 2.83475e-04
 2.88219e-04
 2.92027e-04
 2.95406e-04
 2.99430e-04
 3.04829e-04
 3.12016e-04
 3.21213e-04
 3.32576e-04
 3.46258e-04
 3.62447e-04
 3.81379e-04
 4.03361e-04
 4.28776e-04
 4.58108e-04
 4.91957e-04
 5.31072e-04
 5.76353e-04
 6.28852e-04
 6.89804e-04
 7.60993e-04
 8.46209e-04
 9.54549e-04
 1.10145e-03
 1.29823e-03
 1.48965e-03
 1.58956e-03
 1.59941e-03
 1.48918e-03
 1.15116e-03
 7.34983e-04
 5.18219e-04
 4.32554e-04
 4.06023e-04
 4.00578e-04
 4.00022e-04
 4.00000e-04
 4.00000e-04
 4.00000e-04
 4.00000e-04
 4.00000e-04
 4.00000e-04
 4.00000e-04
 4.00000e-04
 4.00000e-04
 4.00000e-04
 4.00000e-04
 4.00000e-04
 4.00000e-04
 4.00000e-04
 4.00000e-04
 4.00000e-04
 4.00000e-04
 4.00000e-04
 4.00000e-04
 4.00000e-04
 4.00000e-04
 4.00000e-04
 4.00000e-04
 4.00000e-04
 3.40178e-04
 3.45538e-04
 3.49729e-04
 3.53569e-04
 3.58287e-04
 3.64754e-04
 3.73434e-04
 3.84569e-04
 3.98331e-04
 4.14903e-04
 4.34520e-04
 4.57492e-04
 4.84220e-04
 5.15206e-04
 5.51067e-04
 5.92538e-04
 6.40490e-04
 6.96008e-04
 7.60741e-04
 8.37959e-04
 9.34737e-04
 1.06280e-03
 1.23314e-03
 1.42145e-03
 1.55067e-03
 1.59730e-03
 1.56746e-03
 1.38495e-03
 1.00237e-03
 6.53545e-04
 4.88653e-04
 4.23775e-04
 4.04197e-04
 4.00384e-04
 4.00014e-04
 4.00000e-04
 4.00000e-04
 4.00000e-04
 4.00000e-04
 4.00000e-04
 4.00000e-04
 4.00000e-04
 4.00000e-04
 4.00000e-04
 4.00000e-04
 4.00000e-04
 4.00000e-04
 4.00000e-04
 4.00000e-04
 4.00000e-04
 4.00000e-04
 4.00000e-04
 4.00000e-04
 4.00000e-04
 4.00000e-04
 4.00000e-04
 4.00000e-04
 4.00000e-04
 4.00000e-04
 4.00000e-04
 4.10595e-04
 4.16637e-04
 4.21253e-04
 4.25692e-04
 4.31373e-04
 4.39319e-04
 4.50034e-04
 4.63774e-04
 4.80735e-04
 5.01139e-04
 5.25286e-04
 5.53572e-04
 5.86501e-04
 6.24690e-04
 6.68906e-04
 7.20200e-04
 7.80284e-04
 8.52419e-04
 9.42794e-04
 1.06040e-03
 1.21327e-03
 1.38466e-03
 1.51712e-03
 1.58035e-03
 1.58203e-03
 1.49131e-03
 1.22433e-03
 8.39552e-04
 5.78715e-04
 4.60449e-04
 4.15428e-04
 4.02503e-04
 4.00209e-04
 4.00007e-04
 4.00000e-04
 4.00000e-04
 4.00000e-04
 4.00000e-04
 4.00000e-04
 4.00000e-04
 4.00000e-04
 4.00000e-04
 4.00000e-04
 4.00000e-04
 4.00000e-04
 4.00000e-04
 4.00000e-04
 4.00000e-04
 4.00000e-04
 4.00000e-04
 4.00000e-04
 4.00000e-04
 4.00000e-04
 4.00000e-04
 4.00000e-04
 4.00000e-04
 4.00000e-04
 4.00000e-04
 4.00000e-04
 4.00000e-04
 4.99152e-04
 5.05917e-04
 5.11049e-04
 5.16300e-04
 5.23359e-04
 5.33378e-04
 5.46882e-04
 5.64134e-04
 5.85348e-04
 6.10792e-04
 6.40849e-04
 6.76061e-04
 7.17207e-04
 7.65487e-04
 8.22926e-04
 8.93072e-04
 9.81407e-04
 1.09441e-03
 1.23607e-03
 1.38498e-03
 1.50187e-03
 1.56408e-03
 1.57720e-03
 1.52685e-03
 1.34504e-03
 1.01152e-03
 6.89479e-04
 5.14641e-04
 4.36700e-04
 4.08630e-04
 4.01236e-04
 4.00090e-04
 4.00003e-04
 4.00000e-04
 4.00000e-04
 4.00000e-04
 4.00000e-04
 4.00000e-04
 4.00000e-04
 4.00000e-04
 4.00000e-04
 4.00000e-04
 4.00000e-04
 4.00000e-04
 4.00000e-04
 4.00000e-04
 4.00000e-04
 4.00000e-04
 4.00000e-04
 4.00000e-04
 4.00000e-04
 4.00000e-04
 4.00000e-04
 4.00000e-04
 4.00000e-04
 4.00000e-04
 4.00000e-04
 4.00000e-04
 4.00000e-04
 4.00000e-04
 6.11955e-04
 6.19424e-04
 6.25223e-04
 6.31609e-04
 6.40649e-04
 6.53560e-04
 6.70887e-04
 6.92939e-04
 7.20044e-04
 7.52749e-04
 7.91982e-04
 8.39293e-04
 8.97148e-04
 9.68989e-04
 1.05886e-03
 1.17018e-03
 1.29750e-03
 1.41710e-03
 1.50584e-03
 1.55455e-03
 1.56581e-03
 1.52812e-03
 1.38935e-03
 1.11606e-03
 7.91720e-04
 5.73314e-04
 4.65112e-04
 4.19228e-04
 4.03977e-04
 4.00482e-04
 4.00029e-04
 4.00001e-04
 4.00000e-04
 4.00000e-04
 4.00000e-04
 4.00000e-04
 4.00000e-04
 4.00000e-04
 4.00000e-04
 4.00000e-04
 4.00000e-04
 4.00000e-04
 4.00000e-04
 4.00000e-04
 4.00000e-04
 4.00000e-04
 4.00000e-04
 4.00000e-04
 4.00000e-04
 4.00000e-04
 4.00000e-04
 4.00000e-04
 4.00000e-04
 4.00000e-04
 4.00000e-04
 4.00000e-04
 4.00000e-04
 4.00000e-04
 4.00000e-04
 4.00000e-04
 7.59221e-04
 7.67554e-04
 7.74421e-04
 7.82854e-04
 7.95440e-04
 8.13556e-04
 8.38033e-04
 8.69690e-04
 9.09605e-04
 9.59296e-04
 1.02075e-03
 1.09616e-03
 1.18711e-03
 1.28697e-03
 1.38408e-03
 1.46552e-03
 1.52010e-03
 1.54925e-03
 1.54979e-03
 1.50818e-03
 1.38182e-03
 1.14509e-03
 8.47890e-04
 6.17282e-04
 4.91729e-04
 4.31561e-04
 4.08260e-04
 4.01419e-04
 4.00138e-04
 4.00006e-04
 4.00000e-04
 4.00000e-04
 4.00000e-04
 4.00000e-04
 4.00000e-04
 4.00000e-04
 4.00000e-04
 4.00000e-04
 4.00000e-04
 4.00000e-04
 4.00000e-04
 4.00000e-04
 4.00000e-04
 4.00000e-04
 4.00000e-04
 4.00000e-04
 4.00000e-04
 4.00000e-04
 4.00000e-04
 4.00000e-04
 4.00000e-04
 4.00000e-04
 4.00000e-04
 4.00000e-04
 4.00000e-04
 4.00000e-04
 4.00000e-04
 4.00000e-04
 4.00000e-04
 4.00000e-04
 9.78190e-04
 9.88598e-04
 9.98452e-04
 1.01236e-03
 1.03357e-03
 1.06367e-03
 1.10357e-03
 1.15398e-03
 1.21350e-03
 1.27886e-03
 1.34663e-03
 1.41140e-03
 1.46554e-03
 1.50562e-03
 1.53100e-03
 1.53875e-03
 1.52261e-03
 1.46249e-03
 1.32784e-03
 1.10661e-03
 8.43245e-04
 6.30717e-04
 5.05714e-04
 4.40456e-04
 4.12300e-04
 4.02669e-04
 4.00360e-04
 4.00027e-04
 4.00001e-04
 4.00000e-04
 4.00000e-04
 4.00000e-04
 4.00000e-04
 4.00000e-04
 4.00000e-04
 4.00000e-04
 4.00000e-04
 4.00000e-04
 4.00000e-04
 4.00000e-04
 4.00000e-04
 4.00000e-04
 4.00000e-04
 4.00000e-04
 4.00000e-04
 4.00000e-04
 4.00000e-04
 4.00000e-04
 4.00000e-04
 4.00000e-04
 4.00000e-04
 4.00000e-04
 4.00000e-04
 4.00000e-04
 4.00000e-04
 4.00000e-04
 4.00000e-04
 4.00000e-04
 4.00000e-04
 4.00000e-04
 1.30301e-03
 1.31336e-03
 1.32269e-03
 1.33624e-03
 1.35593e-03
 1.38121e-03
 1.41007e-03
 1.43949e-03
 1.46707e-03
 1.49110e-03
 1.50986e-03
 1.52133e-03
 1.52177e-03
 1.50668e-03
 1.46302e-03
 1.37076e-03
 1.21629e-03
 1.00336e-03
 7.81087e-04
 6.06966e-04
 5.00605e-04
 4.41328e-04
 4.13825e-04
 4.03471e-04
 4.00580e-04
 4.00058e-04
 4.00003e-04
 4.00000e-04
 4.00000e-04
 4.00000e-04
 4.00000e-04
 4.00000e-04
 4.00000e-04
 4.00000e-04
 4.00000e-04
 4.00000e-04
 4.00000e-04
 4.00000e-04
 4.00000e-04
 4.00000e-04
 4.00000e-04
 4.00000e-04
 4.00000e-04
 4.00000e-04
 4.00000e-04
 4.00000e-04
 4.00000e-04
 4.00000e-04
 4.00000e-04
 4.00000e-04
 4.00000e-04
 4.00000e-04
 4.00000e-04
 4.00000e-04
 4.00000e-04
 4.00000e-04
 4.00000e-04
 4.00000e-04
 4.00000e-04
 4.00000e-04
 1.48930e-03
 1.49364e-03
 1.49472e-03
 1.49643e-03
 1.49956e-03
 1.50336e-03
 1.50629e-03
 1.50650e-03
 1.50181e-03
 1.48953e-03
 1.46275e-03
 1.41141e-03
 1.32655e-03
 1.19976e-03
 1.03162e-03
 8.45377e-04
 6.77918e-04
 5.55718e-04
 4.78119e-04
 4.33376e-04
 4.11780e-04
 4.03200e-04
 4.00605e-04
 4.00073e-04
 4.00005e-04
 4.00000e-04
 4.00000e-04
 4.00000e-04
 4.00000e-04
 4.00000e-04
 4.00000e-04
 4.00000e-04
 4.00000e-04
 4.00000e-04
 4.00000e-04
 4.00000e-04
 4.00000e-04
 4.00000e-04
 4.00000e-04
 4.00000e-04
 4.00000e-04
 4.00000e-04
 4.00000e-04
 4.00000e-04
 4.00000e-04
 4.00000e-04
 4.00000e-04
 4.00000e-04
 4.00000e-04
 4.00000e-04
 4.00000e-04
 4.00000e-04
 4.00000e-04
 4.00000e-04
 4.00000e-04
 4.00000e-04
 4.00000e-04
 4.00000e-04
 4.00000e-04
 4.00000e-04
 1.46925e-03
 1.46855e-03
 1.46238e-03
 1.45207e-03
 1.43691e-03
 1.41470e-03
 1.38224e-03
 1.33551e-03
 1.26991e-03
 1.18081e-03
 1.06680e-03
 9.32826e-04
 7.94102e-04
 6.66566e-04
 5.65442e-04
 4.94576e-04
 4.47413e-04
 4.20444e-04
 4.07318e-04
 4.02031e-04
 4.00404e-04
 4.00053e-04
 4.00004e-04
 4.00000e-04
 4.00000e-04
 4.00000e-04
 4.00000e-04
 4.00000e-04
 4.00000e-04
 4.00000e-04
 4.00000e-04
 4.00000e-04
 4.00000e-04
 4.00000e-04
 4.00000e-04
 4.00000e-04
 4.00000e-04
 4.00000e-04
 4.00000e-04
 4.00000e-04
 4.00000e-04
 4.00000e-04
 4.00000e-04
 4.00000e-04
 4.00000e-04
 4.00000e-04
 4.00000e-04
 4.00000e-04
 4.00000e-04
 4.00000e-04
 4.00000e-04
 4.00000e-04
 4.00000e-04
 4.00000e-04
 4.00000e-04
 4.00000e-04
 4.00000e-04
 4.00000e-04
 4.00000e-04
 4.00000e-04
 1.12687e-03
 1.11694e-03
 1.09716e-03
 1.06539e-03
 1.02096e-03
 9.63537e-04
 8.94749e-04
 8.17190e-04
 7.34932e-04
 6.53889e-04
 5.81157e-04
 5.22206e-04
 4.75603e-04
 4.41957e-04
 4.20538e-04
 4.08643e-04
 4.02992e-04
 4.00804e-04
 4.00158e-04
 4.00021e-04
 4.00002e-04
 4.00000e-04
 4.00000e-04
 4.00000e-04
 4.00000e-04
 4.00000e-04
 4.00000e-04
 4.00000e-04
 4.00000e-04
 4.00000e-04
 4.00000e-04
 4.00000e-04
 4.00000e-04
 4.00000e-04
 4.00000e-04
 4.00000e-04
 4.00000e-04
 4.00000e-04
 4.00000e-04
 4.00000e-04
 4.00000e-04
 4.00000e-04
 4.00000e-04
 4.00000e-04
 4.00000e-04
 4.00000e-04
 4.00000e-04
 4.00000e-04
 4.00000e-04
 4.00000e-04
 4.00000e-04
 4.00000e-04
 4.00000e-04
 4.00000e-04
 4.00000e-04
 4.00000e-04
 4.00000e-04
 4.00000e-04
 4.00000e-04
 4.00000e-04
 6.16321e-04
 6.09810e-04
 5.97472e-04
 5.79350e-04
 5.56804e-04
 5.31808e-04
 5.05528e-04
 4.79645e-04
 4.56095e-04
 4.36439e-04
 4.21548e-04
 4.11409e-04
 4.05278e-04
 4.02065e-04
 4.00657e-04
 4.00162e-04
 4.00030e-04
 4.00004e-04
 4.00000e-04
 4.00000e-04
 4.00000e-04
 4.00000e-04
 4.00000e-04
 4.00000e-04
 4.00000e-04
 4.00000e-04
 4.00000e-04
 4.00000e-04
 4.00000e-04
 4.00000e-04
 4.00000e-04
 4.00000e-04
 4.00000e-04
 4.00000e-04
 4.00000e-04
 4.00000e-04
 4.00000e-04
 4.00000e-04
 4.00000e-04
 4.00000e-04
 4.00000e-04
 4.00000e-04
 4.00000e-04
 4.00000e-04
 4.00000e-04
 4.00000e-04
 4.00000e-04
 4.00000e-04
 4.00000e-04
 4.00000e-04
 4.00000e-04
 4.00000e-04
 4.00000e-04
 4.00000e-04
 4.00000e-04
 4.00000e-04
 4.00000e-04
 4.00000e-04
 4.00000e-04
 4.00000e-04
 4.26242e-04
 4.24967e-04
 4.22537e-04
 4.19193e-04
 4.15318e-04
 4.11365e-04
 4.07758e-04
 4.04810e-04
 4.02666e-04
 4.01297e-04
 4.00542e-04
 4.00189e-04
 4.00053e-04
 4.00012e-04
 4.00002e-04
 4.00000e-04
 4.00000e-04
 4.00000e-04
 4.00000e-04
 4.00000e-04
 4.00000e-04
 4.00000e-04
 4.00000e-04
 4.00000e-04
 4.00000e-04
 4.00000e-04
 4.00000e-04
 4.00000e-04
 4.00000e-04
 4.00000e-04
 4.00000e-04
 4.00000e-04
 4.00000e-04
 4.00000e-04
 4.00000e-04
 4.00000e-04
 4.00000e-04
 4.00000e-04
 4.00000e-04
 4.00000e-04
 4.00000e-04
 4.00000e-04
 4.00000e-04
 4.00000e-04
 4.00000e-04
 4.00000e-04
 4.00000e-04
 4.00000e-04
 4.00000e-04
 4.00000e-04
 4.00000e-04
 4.00000e-04
 4.00000e-04
 4.00000e-04
 4.00000e-04
 4.00000e-04
 4.00000e-04
 4.00000e-04
 4.00000e-04
 4.00000e-04
 4.00525e-04
 4.00480e-04
 4.00400e-04
 4.00301e-04
 4.00203e-04
 4.00121e-04
 4.00063e-04
 4.00028e-04
 4.00011e-04
 4.00003e-04
 4.00001e-04
 4.00000e-04
 4.00000e-04
 4.00000e-04
 4.00000e-04
 4.00000e-04
 4.00000e-04
 4.00000e-04
 4.00000e-04
 4.00000e-04
 4.00000e-04
 4.00000e-04
 4.00000e-04
 4.00000e-04
 4.00000e-04
 4.00000e-04
 4.00000e-04
 4.00000e-04
 4.00000e-04
 4.00000e-04
 4.00000e-04
 4.00000e-04
 4.00000e-04
 4.00000e-04
 4.00000e-04
 4.00000e-04
 4.00000e-04
 4.00000e-04
 4.00000e-04
 4.00000e-04
 4.00000e-04
 4.00000e-04
 4.00000e-04
 4.00000e-04
 4.00000e-04
 4.00000e-04
 4.00000e-04
 4.00000e-04
 4.00000e-04
 4.00000e-04
 4.00000e-04
 4.00000e-04
 4.00000e-04
 4.00000e-04
 4.00000e-04
 4.00000e-04
 4.00000e-04
 4.00000e-04
 4.00000e-04
 4.00000e-04
 4.00000e-04
 4.00000e-04
 4.00000e-04
 4.00000e-04
 4.00000e-04
 4.00000e-04
 4.00000e-04
 4.00000e-04
 4.00000e-04
 4.00000e-04
 4.00000e-04
 4.00000e-04
 4.00000e-04
 4.00000e-04
 4.00000e-04
 4.00000e-04
 4.00000e-04
 4.00000e-04
 4.00000e-04
 4.00000e-04
 4.00000e-04
 4.00000e-04
 4.00000e-04
 4.00000e-04
 4.00000e-04
 4.00000e-04
 4.00000e-04
 4.00000e-04
 4.00000e-04
 4.00000e-04
 4.00000e-04
 4.00000e-04
 4.00000e-04
 4.00000e-04
 4.00000e-04
 4.00000e-04
 4.00000e-04
 4.00000e-04
 4.00000e-04
 4.00000e-04
 4.00000e-04
 4.00000e-04
 4.00000e-04
 4.00000e-04
 4.00000e-04
 4.00000e-04
 4.00000e-04
 4.00000e-04
 4.00000e-04
 4.00000e-04
 4.00000e-04
 4.00000e-04
 4.00000e-04
 4.00000e-04
 4.00000e-04
 4.00000e-04
 4.00000e-04
 4.00000e-04
 4.00000e-04
 4.00000e-04
 4.00000e-04
 4.00000e-04
 4.00000e-04
 4.00000e-04
 4.00000e-04
 4.00000e-04
 4.00000e-04
 4.00000e-04
 4.00000e-04
 4.00000e-04
 4.00000e-04
 4.00000e-04
 4.00000e-04
 4.00000e-04
 4.00000e-04
 4.00000e-04
 4.00000e-04
 4.00000e-04
 4.00000e-04
 4.00000e-04
 4.00000e-04
 4.00000e-04
 4.00000e-04
 4.00000e-04
 4.00000e-04
 4.00000e-04
 4.00000e-04
 4.00000e-04
 4.00000e-04
 4.00000e-04
 4.00000e-04
 4.00000e-04
 4.00000e-04
 4.00000e-04
 4.00000e-04
 4.00000e-04
 4.00000e-04
 4.00000e-04
 4.00000e-04
 4.00000e-04
 4.00000e-04
 4.00000e-04
 4.00000e-04
 4.00000e-04
 4.00000e-04
 4.00000e-04
 4.00000e-04
 4.00000e-04
 4.00000e-04
 4.00000e-04
 4.00000e-04
 4.00000e-04
 4.00000e-04
 4.00000e-04
 4.00000e-04
 4.00000e-04
 4.00000e-04
 4.00000e-04
 4.00000e-04
 4.00000e-04
 4.00000e-04
 4.00000e-04
 4.00000e-04
 4.00000e-04
 4.00000e-04
 4.00000e-04
 4.00000e-04
 4.00000e-04
 4.00000e-04
 4.00000e-04
 4.00000e-04
 4.00000e-04
 4.00000e-04
 4.00000e-04
 4.00000e-04
 4.00000e-04
 4.00000e-04
 4.00000e-04
 4.00000e-04
 4.00000e-04
 4.00000e-04
 4.00000e-04
 4.00000e-04
 4.00000e-04
 4.00000e-04
 4.00000e-04
 4.00000e-04
 4.00000e-04
 4.00000e-04
 4.00000e-04
 4.00000e-04
 4.00000e-04
 4.00000e-04
 4.00000e-04
 4.00000e-04
 4.00000e-04
 4.00000e-04
 4.00000e-04
 4.00000e-04
 4.00000e-04
 4.00000e-04
 4.00000e-04
 4.00000e-04
 4.00000e-04
 4.00000e-04
 4.00000e-04
 4.00000e-04
 4.00000e-04
 4.00000e-04
 4.00000e-04
 4.00000e-04
 4.00000e-04
 4.00000e-04
 4.00000e-04
 4.00000e-04
 4.00000e-04
 4.00000e-04
 4.00000e-04
 4.00000e-04
 4.00000e-04
 4.00000e-04
 4.00000e-04
 4.00000e-04
 4.00000e-04
 4.00000e-04
 4.00000e-04
 4.00000e-04
 4.00000e-04
 4.00000e-04
 4.00000e-04
 4.00000e-04
 4.00000e-04
 4.00000e-04
 4.00000e-04
 4.00000e-04
 4.00000e-04
 4.00000e-04
 4.00000e-04
 4.00000e-04
 4.00000e-04
 4.00000e-04
 4.00000e-04
 4.00000e-04
 4.00000e-04
 4.00000e-04
 4.00000e-04
 4.00000e-04
 4.00000e-04
 4.00000e-04
 4.00000e-04
 4.00000e-04
 4.00000e-04
 4.00000e-04
 4.00000e-04
 4.00000e-04
 4.00000e-04
 4.00000e-04
 4.00000e-04
 4.00000e-04
 4.00000e-04
 4.00000e-04
 4.00000e-04
 4.00000e-04
 4.00000e-04
 4.00000e-04
 4.00000e-04
 4.00000e-04
 4.00000e-04
 4.00000e-04
 4.00000e-04
 4.00000e-04
 4.00000e-04
 4.00000e-04
 4.00000e-04
 4.00000e-04
 4.00000e-04
 4.00000e-04
 4.00000e-04
 4.00000e-04
 4.00000e-04
 4.00000e-04
 4.00000e-04
 4.00000e-04
 4.00000e-04
 4.00000e-04
 4.00000e-04
 4.00000e-04
 4.00000e-04
 4.00000e-04
 4.00000e-04
 4.00000e-04
 4.00000e-04
 4.00000e-04
 4.00000e-04
 4.00000e-04
 4.00000e-04
 4.00000e-04
 4.00000e-04
 4.00000e-04
 4.00000e-04
 4.00000e-04
 4.00000e-04
 4.00000e-04
 4.00000e-04
 4.00000e-04
 4.00000e-04
 4.00000e-04
 4.00000e-04
 4.00000e-04
 4.00000e-04
 4.00000e-04
 4.00000e-04
 4.00000e-04
 4.00000e-04
 4.00000e-04
 4.00000e-04
 4.00000e-04
 4.00000e-04
 4.00000e-04
 4.00000e-04
 4.00000e-04
 4.00000e-04
 4.00000e-04
 4.00000e-04
 4.00000e-04
 4.00000e-04
 4.00000e-04
 4.00000e-04
 4.00000e-04
 4.00000e-04
 4.00000e-04
 4.00000e-04
 4.00000e-04
 4.00000e-04
 4.00000e-04
 4.00000e-04
 4.00000e-04
 4.00000e-04
 4.00000e-04
 4.00000e-04
 4.00000e-04
 4.00000e-04
 4.00000e-04
 4.00000e-04
 4.00000e-04
 4.00000e-04
 4.00000e-04
 4.00000e-04
 4.00000e-04
 4.00000e-04
 4.00000e-04
 4.00000e-04
 4.00000e-04
 4.00000e-04
 4.00000e-04
 4.00000e-04
 4.00000e-04
 4.00000e-04
 4.00000e-04
 4.00000e-04
 4.00000e-04
 4.00000e-04
 4.00000e-04
 4.00000e-04
 4.00000e-04
 4.00000e-04
 4.00000e-04
 4.00000e-04
 4.00000e-04
 4.00000e-04
 4.00000e-04
 4.00000e-04
 4.00000e-04
 4.00000e-04
 4.00000e-04
 4.00000e-04
 4.00000e-04
 4.00000e-04
 4.00000e-04
 4.00000e-04
 4.00000e-04
 4.00000e-04
 4.00000e-04
 4.00000e-04
 4.00000e-04
 4.00000e-04
 4.00000e-04
 4.00000e-04
 4.00000e-04
 4.00000e-04
 4.00000e-04
 4.00000e-04
 4.00000e-04
 4.00000e-04
 4.00000e-04
 4.00000e-04
 4.00000e-04
 4.00000e-04
 4.00000e-04
 4.00000e-04
 4.00000e-04
 4.00000e-04
 4.00000e-04
 4.00000e-04
 4.00000e-04
 4.00000e-04
 4.00000e-04
 4.00000e-04
 4.00000e-04
 4.00000e-04
 4.00000e-04
 4.00000e-04
 4.00000e-04
 4.00000e-04
 4.00000e-04
 4.00000e-04
 4.00000e-04
 4.00000e-04
 4.00000e-04
 4.00000e-04
 4.00000e-04
 4.00000e-04
 4.00000e-04
 4.00000e-04
 4.00000e-04
 4.00000e-04
 4.00000e-04
 4.00000e-04
 4.00000e-04
 4.00000e-04
 4.00000e-04
 4.00000e-04
 4.00000e-04
 4.00000e-04
 4.00000e-04
 4.00000e-04
 4.00000e-04
 4.00000e-04
 4.00000e-04
 4.00000e-04
 4.00000e-04
 4.00000e-04
 4.00000e-04
 4.00000e-04
 4.00000e-04
 4.00000e-04
 4.00000e-04
 4.00000e-04
 4.00000e-04
 4.00000e-04
 4.00000e-04
 4.00000e-04
 4.00000e-04
 4.00000e-04
 4.00000e-04
 4.00000e-04
 4.00000e-04
 4.00000e-04
 4.00000e-04
 4.00000e-04
 4.00000e-04
 4.00000e-04
 4.00000e-04
 4.00000e-04
 4.00000e-04
 4.00000e-04
 4.00000e-04
 4.00000e-04
 4.00000e-04
 4.00000e-04
 4.00000e-04
 4.00000e-04
 4.00000e-04
 4.00000e-04
 4.00000e-04
 4.00000e-04
 4.00000e-04
 4.00000e-04
 4.00000e-04
 4.00000e-04
 4.00000e-04
 4.00000e-04
 4.00000e-04
 4.00000e-04
 4.00000e-04
 4.00000e-04
 4.00000e-04
 4.00000e-04
 4.00000e-04
 4.00000e-04
 4.00000e-04
 4.00000e-04
 4.00000e-04
 4.00000e-04
 4.00000e-04
 4.00000e-04
 4.00000e-04
 4.00000e-04
 4.00000e-04
 4.00000e-04
 4.00000e-04
 4.00000e-04
 4.00000e-04
 4.00000e-04
 4.00000e-04
 4.00000e-04
 4.00000e-04
 4.00000e-04
 4.00000e-04
 4.00000e-04
 4.00000e-04
 4.00000e-04
 4.00000e-04
 4.00000e-04
 4.00000e-04
 4.00000e-04
 4.00000e-04
 4.00000e-04
 4.00000e-04
 4.00000e-04
