CellMass
part
         1
hexa8
 4.00000e-06
 4.00000e-06
 4.00000e-06
 4.00000e-06
 4.00000e-06
 4.00000e-06
 4.00000e-06
 4.00000e-06
 4.00000e-06
 4.00000e-06
 4.00000e-06
 4.00000e-06
 4.00000e-06
 4.00000e-06
 4.00000e-06
 4.00000e-06
 4.00000e-06
 4.00000e-06
 3.99999e-06
 3.99996e-06
 3.99981e-06
 3.99920e-06
 3.99698e-06
 3.99018e-06
 3.97264e-06
 4.00000e-06
 4.00000e-06
 4.00000e-06
 4.00000e-06
 4.00000e-06
 4.00000e-06
 4.00000e-06
 4.00000e-06
 4.00000e-06
 4.00000e-06
 4.00000e-06
 4.00000e-06
 4.00000e-06
 4.00000e-06
 4.00000e-06
 4.00000e-06
 4.00000e-06
 4.00000e-06
 3.99999e-06
 3.99996e-06
 3.99981e-06
 3.99920e-06
 3.99698e-06
 3.99018e-06
 3.97264e-06
 4.00000e-06
 4.00000e-06
 4.00000e-06
 4.00000e-06
 4.00000e-06
 4.00000e-06
 4.00000e-06
 4.00000e-06
 4.00000e-06
 4.00000e-06
 4.00000e-06
 4.00000e-06
 4.00000e-06
 4.00000e-06
 4.00000e-06
 4.00000e-06
 4.00000e-06
 4.00000e-06
 3.99999e-06
 3.99996e-06
 3.99981e-06
 3.99920e-06
 3.99698e-06
 3.99018e-06
 3.97264e-06
 4.00000e-06
 4.00000e-06
 4.00000e-06
 4.00000e-06
 4.00000e-06
 4.00000e-06
 4.00000e-06
 4.00000e-06
 4.00000e-06
 4.00000e-06
 4.00000e-06
 4.00000e-06
 4.00000e-06
 4.00000e-06
 4.00000e-06
 4.00000e-06
 4.00000e-06
 4.00000e-06
 3.99999e-06
 3.99996e-06
 3.99981e-06
 3.99920e-06
 3.99698e-06
 3.99018e-06
 3.97264e-06
 4.00000e-06
 4.00000e-06
 4.00000e-06
 4.00000e-06
 4.00000e-06
 4.00000e-06
 4.00000e-06
 4.00000e-06
 4.00000e-06
 4.00000e-06
 4.00000e-06
 4.00000e-06
 4.00000e-06
 4.00000e-06
 4.00000e-06
 4.00000e-06
 4.00000e-06
 4.00000e-06
 3.99999e-06
 3.99996e-06
 3.99981e-06
 3.99920e-06
 3.99698e-06
 3.99018e-06
 3.97264e-06
 4.00000e-06
 4.00000e-06
 4.00000e-06
 4.00000e-06
 4.00000e-06
 4.00000e-06
 4.00000e-06
 4.00000e-06
 4.00000e-06
 4.00000e-06
 4.00000e-06
 4.00000e-06
 4.00000e-06
 4.00000e-06
 4.00000e-06
 4.00000e-06
 4.00000e-06
 4.00000e-06
 3.99999e-06
 3.99996e-06
 3.99981e-06
 3.99920e-06
 3.99698e-06
 3.99018e-06
 3.97264e-06
 4.00000e-06
 4.00000e-06
 4.00000e-06
 4.00000e-06
 4.00000e-06
 4.00000e-06
 4.00000e-06
 4.00000e-06
 4.00000e-06
 4.00000e-06
 4.00000e-06
 4.00000e-06
 4.00000e-06
 4.00000e-06
 4.00000e-06
 4.00000e-06
 4.00000e-06
 4.00000e-06
 3.99999e-06
 3.99996e-06
 3.99981e-06
 3.99920e-06
 3.99698e-06
 3.99018e-06
 3.97264e-06
 4.00000e-06
 4.00000e-06
 4.00000e-06
 4.00000e-06
 4.00000e-06
 4.00000e-06
 4.00000e-06
 4.00000e-06
 4.00000e-06
 4.00000e-06
 4.00000e-06
 4.00000e-06
 4.00000e-06
 4.00000e-06
 4.00000e-06
 4.00000e-06
 4.00000e-06
 4.00000e-06
 3.99999e-06
 3.99996e-06
 3.99981e-06
 3.99920e-06
 3.99698e-06
 3.99018e-06
 3.97264e-06
 4.00000e-06
 4.00000e-06
 4.00000e-06
 4.00000e-06
 4.00000e-06
 4.00000e-06
 4.00000e-06
 4.00000e-06
 4.00000e-06
 4.00000e-06
 4.00000e-06
 4.00000e-06
 4.00000e-06
 4.00000e-06
 4.00000e-06
 4.00000e-06
 4.00000e-06
 4.00000e-06
 3.99999e-06
 3.99996e-06
 3.99981e-06
 3.99920e-06
 3.99698e-06
 3.99018e-06
 3.97264e-06
 4.00000e-06
 4.00000e-06
 4.00000e-06
 4.00000e-06
 4.00000e-06
 4.00000e-06
 4.00000e-06
 4.00000e-06
 4.00000e-06
 4.00000e-06
 4.00000e-06
 4.00000e-06
 4.00000e-06
 4.00000e-06
 4.00000e-06
 4.00000e-06
 4.00000e-06
 4.00000e-06
 3.99999e-06
 3.99996e-06
 3.99981e-06
 3.99920e-06
 3.99698e-06
 3.99018e-06
 3.97264e-06
 4.00000e-06
 4.00000e-06
 4.00000e-06
 4.00000e-06
 4.00000e-06
 4.00000e-06
 4.00000e-06
 4.00000e-06
 4.00000e-06
 4.00000e-06
 4.00000e-06
 4.00000e-06
 4.00000e-06
 4.00000e-06
 4.00000e-06
 4.00000e-06
 4.00000e-06
 4.00000e-06
 3.99999e-06
 3.99996e-06
 3.99981e-06
 3.99920e-06
 3.99698e-06
 3.99018e-06
 3.97264e-06
 4.00000e-06
 4.00000e-06
 4.00000e-06
 4.00000e-06
 4.00000e-06
 4.00000e-06
 4.00000e-06
 4.00000e-06
 4.00000e-06
 4.00000e-06
 4.00000e-06
 4.00000e-06
 4.00000e-06
 4.00000e-06
 4.00000e-06
 4.00000e-06
 4.00000e-06
 4.00000e-06
 3.99999e-06
 3.99996e-06
 3.99981e-06
 3.99920e-06
 3.99698e-06
 3.99018e-06
 3.97264e-06
 4.00000e-06
 4.00000e-06
 4.00000e-06
 4.00000e-06
 4.00000e-06
 4.00000e-06
 4.00000e-06
 4.00000e-06
 4.00000e-06
 4.00000e-06
 4.00000e-06
 4.00000e-06
 4.00000e-06
 4.00000e-06
 4.00000e-06
 4.00000e-06
 4.00000e-06
 4.00000e-06
 3.99999e-06
 3.99996e-06
 3.99981e-06
 3.99920e-06
 3.99698e-06
 3.99018e-06
 3.97264e-06
 4.00000e-06
 4.00000e-06
 4.00000e-06
 4.00000e-06
 4.00000e-06
 4.00000e-06
 4.00000e-06
 4.00000e-06
 4.00000e-06
 4.00000e-06
 4.00000e-06
 4.00000e-06
 4.00000e-06
 4.00000e-06
 4.00000e-06
 4.00000e-06
 4.00000e-06
 4.00000e-06
 3.99999e-06
 3.99996e-06
 3.99981e-06
 3.99920e-06
 3.99698e-06
 3.99018e-06
 3.97264e-06
 4.00000e-06
 4.00000e-06
 4.00000e-06
 4.00000e-06
 4.00000e-06
 4.00000e-06
 4.00000e-06
 4.00000e-06
 4.00000e-06
 4.00000e-06
 4.00000e-06
 4.00000e-06
 4.00000e-06
 4.00000e-06
 4.00000e-06
 4.00000e-06
 4.00000e-06
 4.00000e-06
 3.99999e-06
 3.99996e-06
 3.99981e-06
 3.99920e-06
 3.99698e-06
 3.99018e-06
 3.97264e-06
 4.00000e-06
 4.00000e-06
 4.00000e-06
 4.00000e-06
 4.00000e-06
 4.00000e-06
 4.00000e-06
 4.00000e-06
 4.00000e-06
 4.00000e-06
 4.00000e-06
 4.00000e-06
 4.00000e-06
 4.00000e-06
 4.00000e-06
 4.00000e-06
 4.00000e-06
 4.00000e-06
 3.99999e-06
 3.99996e-06
 3.99981e-06
 3.99920e-06
 3.99698e-06
 3.99018e-06
 3.97264e-06
 4.00000e-06
 4.00000e-06
 4.00000e-06
 4.00000e-06
 4.00000e-06
 4.00000e-06
 4.00000e-06
 4.00000e-06
 4.00000e-06
 4.00000e-06
 4.00000e-06
 4.00000e-06
 4.00000e-06
 4.00000e-06
 4.00000e-06
 4.00000e-06
 4.00000e-06
 4.00000e-06
 3.99999e-06
 3.99996e-06
 3.99981e-06
 3.99920e-06
 3.99698e-06
 3.99018e-06
 3.97264e-06
 4.00000e-06
 4.00000e-06
 4.00000e-06
 4.00000e-06
 4.00000e-06
 4.00000e-06
 4.00000e-06
 4.00000e-06
 4.00000e-06
 4.00000e-06
 4.00000e-06
 4.00000e-06
 4.00000e-06
 4.00000e-06
 4.00000e-06
 4.00000e-06
 4.00000e-06
 4.00000e-06
 3.99999e-06
 3.99996e-06
 3.99981e-06
 3.99920e-06
 3.99698e-06
 3.99018e-06
 3.97264e-06
 4.00000e-06
 4.00000e-06
 4.00000e-06
 4.00000e-06
 4.00000e-06
 4.00000e-06
 4.00000e-06
 4.00000e-06
 4.00000e-06
 4.00000e-06
 4.00000e-06
 4.00000e-06
 4.00000e-06
 4.00000e-06
 4.00000e-06
 4.00000e-06
 4.00000e-06
 4.00000e-06
 3.99999e-06
 3.99996e-06
 3.99981e-06
 3.99920e-06
 3.99698e-06
 3.99018e-06
 3.97264e-06
 4.00000e-06
 4.00000e-06
 4.00000e-06
 4.00000e-06
 4.00000e-06
 4.00000e-06
 4.00000e-06
 4.00000e-06
 4.00000e-06
 4.00000e-06
 4.00000e-06
 4.00000e-06
 4.00000e-06
 4.00000e-06
 4.00000e-06
 4.00000e-06
 4.00000e-06
 4.00000e-06
 3.99999e-06
 3.99996e-06
 3.99981e-06
 3.99920e-06
 3.99698e-06
 3.99018e-06
 3.97264e-06
 4.00000e-06
 4.00000e-06
 4.00000e-06
 4.00000e-06
 4.00000e-06
 4.00000e-06
 4.00000e-06
 4.00000e-06
 4.00000e-06
 4.00000e-06
 4.00000e-06
 4.00000e-06
 4.00000e-06
 4.00000e-06
 4.00000e-06
 4.00000e-06
 4.00000e-06
 4.00000e-06
 3.99999e-06
 3.99996e-06
 3.99981e-06
 3.99920e-06
 3.99698e-06
 3.99018e-06
 3.97264e-06
 4.00000e-06
 4.00000e-06
 4.00000e-06
 4.00000e-06
 4.00000e-06
 4.00000e-06
 4.00000e-06
 4.00000e-06
 4.00000e-06
 4.00000e-06
 4.00000e-06
 4.00000e-06
 4.00000e-06
 4.00000e-06
 4.00000e-06
 4.00000e-06
 4.00000e-06
 4.00000e-06
 3.99999e-06
 3.99996e-06
 3.99981e-06
 3.99920e-06
 3.99698e-06
 3.99018e-06
 3.97264e-06
 4.00000e-06
 4.00000e-06
 4.00000e-06
 4.00000e-06
 4.00000e-06
 4.00000e-06
 4.00000e-06
 4.00000e-06
 4.00000e-06
 4.00000e-06
 4.00000e-06
 4.00000e-06
 4.00000e-06
 4.00000e-06
 4.00000e-06
 4.00000e-06
 4.00000e-06
 4.00000e-06
 3.99999e-06
 3.99996e-06
 3.99981e-06
 3.99920e-06
 3.99698e-06
 3.99018e-06
 3.97264e-06
 4.00000e-06
 4.00000e-06
 4.00000e-06
 4.00000e-06
 4.00000e-06
 4.00000e-06
 4.00000e-06
 4.00000e-06
 4.00000e-06
 4.00000e-06
 4.00000e-06
 4.00000e-06
 4.00000e-06
 4.00000e-06
 4.00000e-06
 4.00000e-06
 4.00000e-06
 4.00000e-06
 3.99999e-06
 3.99996e-06
 3.99981e-06
 3.99920e-06
 3.99698e-06
 3.99018e-06
 3.97264e-06
 4.00000e-06
 4.00000e-06
 4.00000e-06
 4.00000e-06
 4.00000e-06
 4.00000e-06
 4.00000e-06
 4.00000e-06
 4.00000e-06
 4.00000e-06
 4.00000e-06
 4.00000e-06
 4.00000e-06
 4.00000e-06
 4.00000e-06
 4.00000e-06
 4.00000e-06
 4.00000e-06
 3.99999e-06
 3.99996e-06
 3.99981e-06
 3.99920e-06
 3.99698e-06
 3.99018e-06
 3.97264e-06
part
         2
hexa8
 3.93535e-06
 3.87056e-06
 3.77824e-06
 3.66713e-06
 3.54817e-06
 3.42854e-06
 3.31132e-06
 3.19755e-06
 3.08739e-06
 2.98092e-06
 2.87815e-06
 2.77906e-06
 2.68360e-06
 2.59170e-06
 2.50330e-06
 2.41832e-06
 2.33670e-06
 2.25839e-06
 2.18340e-06
 2.11173e-06
 2.04350e-06
 1.97889e-06
 1.91819e-06
 1.86184e-06
 1.81045e-06
 3.93535e-06
 3.87056e-06
 3.77824e-06
 3.66713e-06
 3.54817e-06
 3.42854e-06
 3.31132e-06
 3.19755e-06
 3.08739e-06
 2.98092e-06
 2.87815e-06
 2.77906e-06
 2.68360e-06
 2.59170e-06
 2.50330e-06
 2.41832e-06
 2.33670e-06
 2.25839e-06
 2.18340e-06
 2.11173e-06
 2.04350e-06
 1.97889e-06
 1.91819e-06
 1.86184e-06
 1.81045e-06
 3.93535e-06
 3.87056e-06
 3.77824e-06
 3.66713e-06
 3.54817e-06
 3.42854e-06
 3.31132e-06
 3.19755e-06
 3.08739e-06
 2.98092e-06
 2.87815e-06
 2.77906e-06
 2.68360e-06
 2.59170e-06
 2.50330e-06
 2.41832e-06
 2.33670e-06
 2.25839e-06
 2.18340e-06
 2.11173e-06
 2.04350e-06
 1.97889e-06
 1.91819e-06
 1.86184e-06
 1.81045e-06
 3.93535e-06
 3.87056e-06
 3.77824e-06
 3.66713e-06
 3.54817e-06
 3.42854e-06
 3.31132e-06
 3.19755e-06
 3.08739e-06
 2.98092e-06
 2.87815e-06
 2.77906e-06
 2.68360e-06
 2.59170e-06
 2.50330e-06
 2.41832e-06
 2.33670e-06
 2.25839e-06
 2.18340e-06
 2.11173e-06
 2.04350e-06
 1.97889e-06
 1.91819e-06
 1.86184e-06
 1.81045e-06
 3.93535e-06
 3.87056e-06
 3.77824e-06
 3.66713e-06
 3.54817e-06
 3.42854e-06
 3.31132e-06
 3.19755e-06
 3.08739e-06
 2.98092e-06
 2.87815e-06
 2.77906e-06
 2.68360e-06
 2.59170e-06
 2.50330e-06
 2.41832e-06
 2.33670e-06
 2.25839e-06
 2.18340e-06
 2.11173e-06
 2.04350e-06
 1.97889e-06
 1.91819e-06
 1.86184e-06
 1.81045e-06
 3.93535e-06
 3.87056e-06
 3.77824e-06
 3.66713e-06
 3.54817e-06
 3.42854e-06
 3.31132e-06
 3.19755e-06
 3.08739e-06
 2.98092e-06
 2.87815e-06
 2.77906e-06
 2.68360e-06
 2.59170e-06
 2.50330e-06
 2.41832e-06
 2.33670e-06
 2.25839e-06
 2.18340e-06
 2.11173e-06
 2.04350e-06
 1.97889e-06
 1.91819e-06
 1.86184e-06
 1.81045e-06
 3.93535e-06
 3.87056e-06
 3.77824e-06
 3.66713e-06
 3.54817e-06
 3.42854e-06
 3.31132e-06
 3.19755e-06
 3.08739e-06
 2.98092e-06
 2.87815e-06
 2.77906e-06
 2.68360e-06
 2.59170e-06
 2.50330e-06
 2.41832e-06
 2.33670e-06
 2.25839e-06
 2.18340e-06
 2.11173e-06
 2.04350e-06
 1.97889e-06
 1.91819e-06
 1.86184e-06
 1.81045e-06
 3.93535e-06
 3.87056e-06
 3.77824e-06
 3.66713e-06
 3.54817e-06
 3.42854e-06
 3.31132e-06
 3.19755e-06
 3.08739e-06
 2.98092e-06
 2.87815e-06
 2.77906e-06
 2.68360e-06
 2.59170e-06
 2.50330e-06
 2.41832e-06
 2.33670e-06
 2.25839e-06
 2.18340e-06
 2.11173e-06
 2.04350e-06
 1.97889e-06
 1.91819e-06
 1.86184e-06
 1.81045e-06
 3.93535e-06
 3.87056e-06
 3.77824e-06
 3.66713e-06
 3.54817e-06
 3.42854e-06
 3.31132e-06
 3.19755e-06
 3.08739e-06
 2.98092e-06
 2.87815e-06
 2.77906e-06
 2.68360e-06
 2.59170e-06
 2.50330e-06
 2.41832e-06
 2.33670e-06
 2.25839e-06
 2.18340e-06
 2.11173e-06
 2.04350e-06
 1.97889e-06
 1.91819e-06
 1.86184e-06
 1.81045e-06
 3.93535e-06
 3.87056e-06
 3.77824e-06
 3.66713e-06
 3.54817e-06
 3.42854e-06
 3.31132e-06
 3.19755e-06
 3.08739e-06
 2.98092e-06
 2.87815e-06
 2.77906e-06
 2.68360e-06
 2.59170e-06
 2.50330e-06
 2.41832e-06
 2.33670e-06
 2.25839e-06
 2.18340e-06
 2.11173e-06
 2.04350e-06
 1.97889e-06
 1.91819e-06
 1.86184e-06
 1.81045e-06
 3.93535e-06
 3.87056e-06
 3.77824e-06
 3.66713e-06
 3.54817e-06
 3.42854e-06
 3.31132e-06
 3.19755e-06
 3.08739e-06
 2.98092e-06
 2.87815e-06
 2.77906e-06
 2.68360e-06
 2.59170e-06
 2.50330e-06
 2.41832e-06
 2.33670e-06
 2.25839e-06
 2.18340e-06
 2.11173e-06
 2.04350e-06
 1.97889e-06
 1.91819e-06
 1.86184e-06
 1.81045e-06
 3.93535e-06
 3.87056e-06
 3.77824e-06
 3.66713e-06
 3.54817e-06
 3.42854e-06
 3.31132e-06
 3.19755e-06
 3.08739e-06
 2.98092e-06
 2.87815e-06
 2.77906e-06
 2.68360e-06
 2.59170e-06
 2.50330e-06
 2.41832e-06
 2.33670e-06
 2.25839e-06
 2.18340e-06
 2.11173e-06
 2.04350e-06
 1.97889e-06
 1.91819e-06
 1.86184e-06
 1.81045e-06
 3.93535e-06
 3.87056e-06
 3.77824e-06
 3.66713e-06
 3.54817e-06
 3.42854e-06
 3.31132e-06
 3.19755e-06
 3.08739e-06
 2.98092e-06
 2.87815e-06
 2.77906e-06
 2.68360e-06
 2.59170e-06
 2.50330e-06
 2.41832e-06
 2.33670e-06
 2.25839e-06
 2.18340e-06
 2.11173e-06
 2.04350e-06
 1.97889e-06
 1.91819e-06
 1.86184e-06
 1.81045e-06
 3.93535e-06
 3.87056e-06
 3.77824e-06
 3.66713e-06
 3.54817e-06
 3.42854e-06
 3.31132e-06
 3.19755e-06
 3.08739e-06
 2.98092e-06
 2.87815e-06
 2.77906e-06
 2.68360e-06
 2.59170e-06
 2.50330e-06
 2.41832e-06
 2.33670e-06
 2.25839e-06
 2.18340e-06
 2.11173e-06
 2.04350e-06
 1.97889e-06
 1.91819e-06
 1.86184e-06
 1.81045e-06
 3.93535e-06
 3.87056e-06
 3.77824e-06
 3.66713e-06
 3.54817e-06
 3.42854e-06
 3.31132e-06
 3.19755e-06
 3.08739e-06
 2.98092e-06
 2.87815e-06
 2.77906e-06
 2.68360e-06
 2.59170e-06
 2.50330e-06
 2.41832e-06
 2.33670e-06
 2.25839e-06
 2.18340e-06
 2.11173e-06
 2.04350e-06
 1.97889e-06
 1.91819e-06
 1.86184e-06
 1.81045e-06
 3.93535e-06
 3.87056e-06
 3.77824e-06
 3.66713e-06
 3.54817e-06
 3.42854e-06
 3.31132e-06
 3.19755e-06
 3.08739e-06
 2.98092e-06
 2.87815e-06
 2.77906e-06
 2.68360e-06
 2.59170e-06
 2.50330e-06
 2.41832e-06
 2.33670e-06
 2.25839e-06
 2.18340e-06
 2.11173e-06
 2.04350e-06
 1.97889e-06
 1.91819e-06
 1.86184e-06
 1.81045e-06
 3.93535e-06
 3.87056e-06
 3.77824e-06
 3.66713e-06
 3.54817e-06
 3.42854e-06
 3.31132e-06
 3.19755e-06
 3.08739e-06
 2.98092e-06
 2.87815e-06
 2.77906e-06
 2.68360e-06
 2.59170e-06
 2.50330e-06
 2.41832e-06
 2.33670e-06
 2.25839e-06
 2.18340e-06
 2.11173e-06
 2.04350e-06
 1.97889e-06
 1.91819e-06
 1.86184e-06
 1.81045e-06
 3.93535e-06
 3.87056e-06
 3.77824e-06
 3.66713e-06
 3.54817e-06
 3.42854e-06
 3.31132e-06
 3.19755e-06
 3.08739e-06
 2.98092e-06
 2.87815e-06
 2.77906e-06
 2.68360e-06
 2.59170e-06
 2.50330e-06
 2.41832e-06
 2.33670e-06
 2.25839e-06
 2.18340e-06
 2.11173e-06
 2.04350e-06
 1.97889e-06
 1.91819e-06
 1.86184e-06
 1.81045e-06
 3.93535e-06
 3.87056e-06
 3.77824e-06
 3.66713e-06
 3.54817e-06
 3.42854e-06
 3.31132e-06
 3.19755e-06
 3.08739e-06
 2.98092e-06
 2.87815e-06
 2.77906e-06
 2.68360e-06
 2.59170e-06
 2.50330e-06
 2.41832e-06
 2.33670e-06
 2.25839e-06
 2.18340e-06
 2.11173e-06
 2.04350e-06
 1.97889e-06
 1.91819e-06
 1.86184e-06
 1.81045e-06
 3.93535e-06
 3.87056e-06
 3.77824e-06
 3.66713e-06
 3.54817e-06
 3.42854e-06
 3.31132e-06
 3.19755e-06
 3.08739e-06
 2.98092e-06
 2.87815e-06
 2.77906e-06
 2.68360e-06
 2.59170e-06
 2.50330e-06
 2.41832e-06
 2.33670e-06
 2.25839e-06
 2.18340e-06
 2.11173e-06
 2.04350e-06
 1.97889e-06
 1.91819e-06
 1.86184e-06
 1.81045e-06
 3.93535e-06
 3.87056e-06
 3.77824e-06
 3.66713e-06
 3.54817e-06
 3.42854e-06
 3.31132e-06
 3.19755e-06
 3.08739e-06
 2.98092e-06
 2.87815e-06
 2.77906e-06
 2.68360e-06
 2.59170e-06
 2.50330e-06
 2.41832e-06
 2.33670e-06
 2.25839e-06
 2.18340e-06
 2.11173e-06
 2.04350e-06
 1.97889e-06
 1.91819e-06
 1.86184e-06
 1.81045e-06
 3.93535e-06
 3.87056e-06
 3.77824e-06
 3.66713e-06
 3.54817e-06
 3.42854e-06
 3.31132e-06
 3.19755e-06
 3.08739e-06
 2.98092e-06
 2.87815e-06
 2.77906e-06
 2.68360e-06
 2.59170e-06
 2.50330e-06
 2.41832e-06
 2.33670e-06
 2.25839e-06
 2.18340e-06
 2.11173e-06
 2.04350e-06
 1.97889e-06
 1.91819e-06
 1.86184e-06
 1.81045e-06
 3.93535e-06
 3.87056e-06
 3.77824e-06
 3.66713e-06
 3.54817e-06
 3.42854e-06
 3.31132e-06
 3.19755e-06
 3.08739e-06
 2.98092e-06
 2.87815e-06
 2.77906e-06
 2.68360e-06
 2.59170e-06
 2.50330e-06
 2.41832e-06
 2.33670e-06
 2.25839e-06
 2.18340e-06
 2.11173e-06
 2.04350e-06
 1.97889e-06
 1.91819e-06
 1.86184e-06
 1.81045e-06
 3.93535e-06
 3.87056e-06
 3.77824e-06
 3.66713e-06
 3.54817e-06
 3.42854e-06
 3.31132e-06
 3.19755e-06
 3.08739e-06
 2.98092e-06
 2.87815e-06
 2.77906e-06
 2.68360e-06
 2.59170e-06
 2.50330e-06
 2.41832e-06
 2.33670e-06
 2.25839e-06
 2.18340e-06
 2.11173e-06
 2.04350e-06
 1.97889e-06
 1.91819e-06
 1.86184e-06
 1.81045e-06
 3.93535e-06
 3.87056e-06
 3.77824e-06
 3.66713e-06
 3.54817e-06
 3.42854e-06
 3.31132e-06
 3.19755e-06
 3.08739e-06
 2.98092e-06
 2.87815e-06
 2.77906e-06
 2.68360e-06
 2.59170e-06
 2.50330e-06
 2.41832e-06
 2.33670e-06
 2.25839e-06
 2.18340e-06
 2.11173e-06
 2.04350e-06
 1.97889e-06
 1.91819e-06
 1.86184e-06
 1.81045e-06
part
         3
hexa8
 1.76483e-06
 1.72600e-06
 1.69509e-06
 1.67323e-06
 1.66770e-06
 1.66735e-06
 1.66907e-06
 1.67186e-06
 1.67503e-06
 1.67797e-06
 1.68014e-06
 1.68110e-06
 1.68064e-06
 1.67887e-06
 1.67618e-06
 1.67321e-06
 1.67080e-06
 1.59467e-06
 1.29917e-06
 1.05265e-06
 1.03048e-06
 1.03396e-06
 1.03785e-06
 1.04174e-06
 1.04534e-06
 1.76483e-06
 1.72600e-06
 1.69509e-06
 1.67323e-06
 1.66770e-06
 1.66735e-06
 1.66907e-06
 1.67186e-06
 1.67503e-06
 1.67797e-06
 1.68014e-06
 1.68110e-06
 1.68064e-06
 1.67887e-06
 1.67618e-06
 1.67321e-06
 1.67080e-06
 1.59467e-06
 1.29917e-06
 1.05265e-06
 1.03048e-06
 1.03396e-06
 1.03785e-06
 1.04174e-06
 1.04534e-06
 1.76483e-06
 1.72600e-06
 1.69509e-06
 1.67323e-06
 1.66770e-06
 1.66735e-06
 1.66907e-06
 1.67186e-06
 1.67503e-06
 1.67797e-06
 1.68014e-06
 1.68110e-06
 1.68064e-06
 1.67887e-06
 1.67618e-06
 1.67321e-06
 1.67080e-06
 1.59467e-06
 1.29917e-06
 1.05265e-06
 1.03048e-06
 1.03396e-06
 1.03785e-06
 1.04174e-06
 1.04534e-06
 1.76483e-06
 1.72600e-06
 1.69509e-06
 1.67323e-06
 1.66770e-06
 1.66735e-06
 1.66907e-06
 1.67186e-06
 1.67503e-06
 1.67797e-06
 1.68014e-06
 1.68110e-06
 1.68064e-06
 1.67887e-06
 1.67618e-06
 1.67321e-06
 1.67080e-06
 1.59467e-06
 1.29917e-06
 1.05265e-06
 1.03048e-06
 1.03396e-06
 1.03785e-06
 1.04174e-06
 1.04534e-06
 1.76483e-06
 1.72600e-06
 1.69509e-06
 1.67323e-06
 1.66770e-06
 1.66735e-06
 1.66907e-06
 1.67186e-06
 1.67503e-06
 1.67797e-06
 1.68014e-06
 1.68110e-06
 1.68064e-06
 1.67887e-06
 1.67618e-06
 1.67321e-06
 1.67080e-06
 1.59467e-06
 1.29917e-06
 1.05265e-06
 1.03048e-06
 1.03396e-06
 1.03785e-06
 1.04174e-06
 1.04534e-06
 1.76483e-06
 1.72600e-06
 1.69509e-06
 1.67323e-06
 1.66770e-06
 1.66735e-06
 1.66907e-06
 1.67186e-06
 1.67503e-06
 1.67797e-06
 1.68014e-06
 1.68110e-06
 1.68064e-06
 1.67887e-06
 1.67618e-06
 1.67321e-06
 1.67080e-06
 1.59467e-06
 1.29917e-06
 1.05265e-06
 1.03048e-06
 1.03396e-06
 1.03785e-06
 1.04174e-06
 1.04534e-06
 1.76483e-06
 1.72600e-06
 1.69509e-06
 1.67323e-06
 1.66770e-06
 1.66735e-06
 1.66907e-06
 1.67186e-06
 1.67503e-06
 1.67797e-06
 1.68014e-06
 1.68110e-06
 1.68064e-06
 1.67887e-06
 1.67618e-06
 1.67321e-06
 1.67080e-06
 1.59467e-06
 1.29917e-06
 1.05265e-06
 1.03048e-06
 1.03396e-06
 1.03785e-06
 1.04174e-06
 1.04534e-06
 1.76483e-06
 1.72600e-06
 1.69509e-06
 1.67323e-06
 1.66770e-06
 1.66735e-06
 1.66907e-06
 1.67186e-06
 1.67503e-06
 1.67797e-06
 1.68014e-06
 1.68110e-06
 1.68064e-06
 1.67887e-06
 1.67618e-06
 1.67321e-06
 1.67080e-06
 1.59467e-06
 1.29917e-06
 1.05265e-06
 1.03048e-06
 1.03396e-06
 1.03785e-06
 1.04174e-06
 1.04534e-06
 1.76483e-06
 1.72600e-06
 1.69509e-06
 1.67323e-06
 1.66770e-06
 1.66735e-06
 1.66907e-06
 1.67186e-06
 1.67503e-06
 1.67797e-06
 1.68014e-06
 1.68110e-06
 1.68064e-06
 1.67887e-06
 1.67618e-06
 1.67321e-06
 1.67080e-06
 1.59467e-06
 1.29917e-06
 1.05265e-06
 1.03048e-06
 1.03396e-06
 1.03785e-06
 1.04174e-06
 1.04534e-06
 1.76483e-06
 1.72600e-06
 1.69509e-06
 1.67323e-06
 1.66770e-06
 1.66735e-06
 1.66907e-06
 1.67186e-06
 1.67503e-06
 1.67797e-06
 1.68014e-06
 1.68110e-06
 1.68064e-06
 1.67887e-06
 1.67618e-06
 1.67321e-06
 1.67080e-06
 1.59467e-06
 1.29917e-06
 1.05265e-06
 1.03048e-06
 1.03396e-06
 1.03785e-06
 1.04174e-06
 1.04534e-06
 1.76483e-06
 1.72600e-06
 1.69509e-06
 1.67323e-06
 1.66770e-06
 1.66735e-06
 1.66907e-06
 1.67186e-06
 1.67503e-06
 1.67797e-06
 1.68014e-06
 1.68110e-06
 1.68064e-06
 1.67887e-06
 1.67618e-06
 1.67321e-06
 1.67080e-06
 1.59467e-06
 1.29917e-06
 1.05265e-06
 1.03048e-06
 1.03396e-06
 1.03785e-06
 1.04174e-06
 1.04534e-06
 1.76483e-06
 1.72600e-06
 1.69509e-06
 1.67323e-06
 1.66770e-06
 1.66735e-06
 1.66907e-06
 1.67186e-06
 1.67503e-06
 1.67797e-06
 1.68014e-06
 1.68110e-06
 1.68064e-06
 1.67887e-06
 1.67618e-06
 1.67321e-06
 1.67080e-06
 1.59467e-06
 1.29917e-06
 1.05265e-06
 1.03048e-06
 1.03396e-06
 1.03785e-06
 1.04174e-06
 1.04534e-06
 1.76483e-06
 1.72600e-06
 1.69509e-06
 1.67323e-06
 1.66770e-06
 1.66735e-06
 1.66907e-06
 1.67186e-06
 1.67503e-06
 1.67797e-06
 1.68014e-06
 1.68110e-06
 1.68064e-06
 1.67887e-06
 1.67618e-06
 1.67321e-06
 1.67080e-06
 1.59467e-06
 1.29917e-06
 1.05265e-06
 1.03048e-06
 1.03396e-06
 1.03785e-06
 1.04174e-06
 1.04534e-06
 1.76483e-06
 1.72600e-06
 1.69509e-06
 1.67323e-06
 1.66770e-06
 1.66735e-06
 1.66907e-06
 1.67186e-06
 1.67503e-06
 1.67797e-06
 1.68014e-06
 1.68110e-06
 1.68064e-06
 1.67887e-06
 1.67618e-06
 1.67321e-06
 1.67080e-06
 1.59467e-06
 1.29917e-06
 1.05265e-06
 1.03048e-06
 1.03396e-06
 1.03785e-06
 1.04174e-06
 1.04534e-06
 1.76483e-06
 1.72600e-06
 1.69509e-06
 1.67323e-06
 1.66770e-06
 1.66735e-06
 1.66907e-06
 1.67186e-06
 1.67503e-06
 1.67797e-06
 1.68014e-06
 1.68110e-06
 1.68064e-06
 1.67887e-06
 1.67618e-06
 1.67321e-06
 1.67080e-06
 1.59467e-06
 1.29917e-06
 1.05265e-06
 1.03048e-06
 1.03396e-06
 1.03785e-06
 1.04174e-06
 1.04534e-06
 1.76483e-06
 1.72600e-06
 1.69509e-06
 1.67323e-06
 1.66770e-06
 1.66735e-06
 1.66907e-06
 1.67186e-06
 1.67503e-06
 1.67797e-06
 1.68014e-06
 1.68110e-06
 1.68064e-06
 1.67887e-06
 1.67618e-06
 1.67321e-06
 1.67080e-06
 1.59467e-06
 1.29917e-06
 1.05265e-06
 1.03048e-06
 1.03396e-06
 1.03785e-06
 1.04174e-06
 1.04534e-06
 1.76483e-06
 1.72600e-06
 1.69509e-06
 1.67323e-06
 1.66770e-06
 1.66735e-06
 1.66907e-06
 1.67186e-06
 1.67503e-06
 1.67797e-06
 1.68014e-06
 1.68110e-06
 1.68064e-06
 1.67887e-06
 1.67618e-06
 1.67321e-06
 1.67080e-06
 1.59467e-06
 1.29917e-06
 1.05265e-06
 1.03048e-06
 1.03396e-06
 1.03785e-06
 1.04174e-06
 1.04534e-06
 1.76483e-06
 1.72600e-06
 1.69509e-06
 1.67323e-06
 1.66770e-06
 1.66735e-06
 1.66907e-06
 1.67186e-06
 1.67503e-06
 1.67797e-06
 1.68014e-06
 1.68110e-06
 1.68064e-06
 1.67887e-06
 1.67618e-06
 1.67321e-06
 1.67080e-06
 1.59467e-06
 1.29917e-06
 1.05265e-06
 1.03048e-06
 1.03396e-06
 1.03785e-06
 1.04174e-06
 1.04534e-06
 1.76483e-06
 1.72600e-06
 1.69509e-06
 1.67323e-06
 1.66770e-06
 1.66735e-06
 1.66907e-06
 1.67186e-06
 1.67503e-06
 1.67797e-06
 1.68014e-06
 1.68110e-06
 1.68064e-06
 1.67887e-06
 1.67618e-06
 1.67321e-06
 1.67080e-06
 1.59467e-06
 1.29917e-06
 1.05265e-06
 1.03048e-06
 1.03396e-06
 1.03785e-06
 1.04174e-06
 1.04534e-06
 1.76483e-06
 1.72600e-06
 1.69509e-06
 1.67323e-06
 1.66770e-06
 1.66735e-06
 1.66907e-06
 1.67186e-06
 1.67503e-06
 1.67797e-06
 1.68014e-06
 1.68110e-06
 1.68064e-06
 1.67887e-06
 1.67618e-06
 1.67321e-06
 1.67080e-06
 1.59467e-06
 1.29917e-06
 1.05265e-06
 1.03048e-06
 1.03396e-06
 1.03785e-06
 1.04174e-06
 1.04534e-06
 1.76483e-06
 1.72600e-06
 1.69509e-06
 1.67323e-06
 1.66770e-06
 1.66735e-06
 1.66907e-06
 1.67186e-06
 1.67503e-06
 1.67797e-06
 1.68014e-06
 1.68110e-06
 1.68064e-06
 1.67887e-06
 1.67618e-06
 1.67321e-06
 1.67080e-06
 1.59467e-06
 1.29917e-06
 1.05265e-06
 1.03048e-06
 1.03396e-06
 1.03785e-06
 1.04174e-06
 1.04534e-06
 1.76483e-06
 1.72600e-06
 1.69509e-06
 1.67323e-06
 1.66770e-06
 1.66735e-06
 1.66907e-06
 1.67186e-06
 1.67503e-06
 1.67797e-06
 1.68014e-06
 1.68110e-06
 1.68064e-06
 1.67887e-06
 1.67618e-06
 1.67321e-06
 1.67080e-06
 1.59467e-06
 1.29917e-06
 1.05265e-06
 1.03048e-06
 1.03396e-06
 1.03785e-06
 1.04174e-06
 1.04534e-06
 1.76483e-06
 1.72600e-06
 1.69509e-06
 1.67323e-06
 1.66770e-06
 1.66735e-06
 1.66907e-06
 1.67186e-06
 1.67503e-06
 1.67797e-06
 1.68014e-06
 1.68110e-06
 1.68064e-06
 1.67887e-06
 1.67618e-06
 1.67321e-06
 1.67080e-06
 1.59467e-06
 1.29917e-06
 1.05265e-06
 1.03048e-06
 1.03396e-06
 1.03785e-06
 1.04174e-06
 1.04534e-06
 1.76483e-06
 1.72600e-06
 1.69509e-06
 1.67323e-06
 1.66770e-06
 1.66735e-06
 1.66907e-06
 1.67186e-06
 1.67503e-06
 1.67797e-06
 1.68014e-06
 1.68110e-06
 1.68064e-06
 1.67887e-06
 1.67618e-06
 1.67321e-06
 1.67080e-06
 1.59467e-06
 1.29917e-06
 1.05265e-06
 1.03048e-06
 1.03396e-06
 1.03785e-06
 1.04174e-06
 1.04534e-06
 1.76483e-06
 1.72600e-06
 1.69509e-06
 1.67323e-06
 1.66770e-06
 1.66735e-06
 1.66907e-06
 1.67186e-06
 1.67503e-06
 1.67797e-06
 1.68014e-06
 1.68110e-06
 1.68064e-06
 1.67887e-06
 1.67618e-06
 1.67321e-06
 1.67080e-06
 1.59467e-06
 1.29917e-06
 1.05265e-06
 1.03048e-06
 1.03396e-06
 1.03785e-06
 1.04174e-06
 1.04534e-06
part
         4
hexa8
 1.04843e-06
 1.05087e-06
 1.05244e-06
 1.05262e-06
 1.05016e-06
 1.04243e-06
 1.02449e-06
 9.89139e-07
 9.30072e-07
 8.46217e-07
 7.48104e-07
 6.53479e-07
 5.79346e-07
 5.32352e-07
 5.10207e-07
 5.02698e-07
 5.00663e-07
 5.00158e-07
 5.00037e-07
 5.00009e-07
 5.00002e-07
 5.00000e-07
 5.00000e-07
 5.00000e-07
 5.00000e-07
 1.04843e-06
 1.05087e-06
 1.05244e-06
 1.05262e-06
 1.05016e-06
 1.04243e-06
 1.02449e-06
 9.89139e-07
 9.30072e-07
 8.46217e-07
 7.48104e-07
 6.53479e-07
 5.79346e-07
 5.32352e-07
 5.10207e-07
 5.02698e-07
 5.00663e-07
 5.00158e-07
 5.00037e-07
 5.00009e-07
 5.00002e-07
 5.00000e-07
 5.00000e-07
 5.00000e-07
 5.00000e-07
 1.04843e-06
 1.05087e-06
 1.05244e-06
 1.05262e-06
 1.05016e-06
 1.04243e-06
 1.02449e-06
 9.89139e-07
 9.30072e-07
 8.46217e-07
 7.48104e-07
 6.53479e-07
 5.79346e-07
 5.32352e-07
 5.10207e-07
 5.02698e-07
 5.00663e-07
 5.00158e-07
 5.00037e-07
 5.00009e-07
 5.00002e-07
 5.00000e-07
 5.00000e-07
 5.00000e-07
 5.00000e-07
 1.04843e-06
 1.05087e-06
 1.05244e-06
 1.05262e-06
 1.05016e-06
 1.04243e-06
 1.02449e-06
 9.89139e-07
 9.30072e-07
 8.46217e-07
 7.48104e-07
 6.53479e-07
 5.79346e-07
 5.32352e-07
 5.10207e-07
 5.02698e-07
 5.00663e-07
 5.00158e-07
 5.00037e-07
 5.00009e-07
 5.00002e-07
 5.00000e-07
 5.00000e-07
 5.00000e-07
 5.00000e-07
 1.04843e-06
 1.05087e-06
 1.05244e-06
 1.05262e-06
 1.05016e-06
 1.04243e-06
 1.02449e-06
 9.89139e-07
 9.30072e-07
 8.46217e-07
 7.48104e-07
 6.53479e-07
 5.79346e-07
 5.32352e-07
 5.10207e-07
 5.02698e-07
 5.00663e-07
 5.00158e-07
 5.00037e-07
 5.00009e-07
 5.00002e-07
 5.00000e-07
 5.00000e-07
 5.00000e-07
 5.00000e-07
 1.04843e-06
 1.05087e-06
 1.05244e-06
 1.05262e-06
 1.05016e-06
 1.04243e-06
 1.02449e-06
 9.89139e-07
 9.30072e-07
 8.46217e-07
 7.48104e-07
 6.53479e-07
 5.79346e-07
 5.32352e-07
 5.10207e-07
 5.02698e-07
 5.00663e-07
 5.00158e-07
 5.00037e-07
 5.00009e-07
 5.00002e-07
 5.00000e-07
 5.00000e-07
 5.00000e-07
 5.00000e-07
 1.04843e-06
 1.05087e-06
 1.05244e-06
 1.05262e-06
 1.05016e-06
 1.04243e-06
 1.02449e-06
 9.89139e-07
 9.30072e-07
 8.46217e-07
 7.48104e-07
 6.53479e-07
 5.79346e-07
 5.32352e-07
 5.10207e-07
 5.02698e-07
 5.00663e-07
 5.00158e-07
 5.00037e-07
 5.00009e-07
 5.00002e-07
 5.00000e-07
 5.00000e-07
 5.00000e-07
 5.00000e-07
 1.04843e-06
 1.05087e-06
 1.05244e-06
 1.05262e-06
 1.05016e-06
 1.04243e-06
 1.02449e-06
 9.89139e-07
 9.30072e-07
 8.46217e-07
 7.48104e-07
 6.53479e-07
 5.79346e-07
 5.32352e-07
 5.10207e-07
 5.02698e-07
 5.00663e-07
 5.00158e-07
 5.00037e-07
 5.00009e-07
 5.00002e-07
 5.00000e-07
 5.00000e-07
 5.00000e-07
 5.00000e-07
 1.04843e-06
 1.05087e-06
 1.05244e-06
 1.05262e-06
 1.05016e-06
 1.04243e-06
 1.02449e-06
 9.89139e-07
 9.30072e-07
 8.46217e-07
 7.48104e-07
 6.53479e-07
 5.79346e-07
 5.32352e-07
 5.10207e-07
 5.02698e-07
 5.00663e-07
 5.00158e-07
 5.00037e-07
 5.00009e-07
 5.00002e-07
 5.00000e-07
 5.00000e-07
 5.00000e-07
 5.00000e-07
 1.04843e-06
 1.05087e-06
 1.05244e-06
 1.05262e-06
 1.05016e-06
 1.04243e-06
 1.02449e-06
 9.89139e-07
 9.30072e-07
 8.46217e-07
 7.48104e-07
 6.53479e-07
 5.79346e-07
 5.32352e-07
 5.10207e-07
 5.02698e-07
 5.00663e-07
 5.00158e-07
 5.00037e-07
 5.00009e-07
 5.00002e-07
 5.00000e-07
 5.00000e-07
 5.00000e-07
 5.00000e-07
 1.04843e-06
 1.05087e-06
 1.05244e-06
 1.05262e-06
 1.05016e-06
 1.04243e-06
 1.02449e-06
 9.89139e-07
 9.30072e-07
 8.46217e-07
 7.48104e-07
 6.53479e-07
 5.79346e-07
 5.32352e-07
 5.10207e-07
 5.02698e-07
 5.00663e-07
 5.00158e-07
 5.00037e-07
 5.00009e-07
 5.00002e-07
 5.00000e-07
 5.00000e-07
 5.00000e-07
 5.00000e-07
 1.04843e-06
 1.05087e-06
 1.05244e-06
 1.05262e-06
 1.05016e-06
 1.04243e-06
 1.02449e-06
 9.89139e-07
 9.30072e-07
 8.46217e-07
 7.48104e-07
 6.53479e-07
 5.79346e-07
 5.32352e-07
 5.10207e-07
 5.02698e-07
 5.00663e-07
 5.00158e-07
 5.00037e-07
 5.00009e-07
 5.00002e-07
 5.00000e-07
 5.00000e-07
 5.00000e-07
 5.00000e-07
 1.04843e-06
 1.05087e-06
 1.05244e-06
 1.05262e-06
 1.05016e-06
 1.04243e-06
 1.02449e-06
 9.89139e-07
 9.30072e-07
 8.46217e-07
 7.48104e-07
 6.53479e-07
 5.79346e-07
 5.32352e-07
 5.10207e-07
 5.02698e-07
 5.00663e-07
 5.00158e-07
 5.00037e-07
 5.00009e-07
 5.00002e-07
 5.00000e-07
 5.00000e-07
 5.00000e-07
 5.00000e-07
 1.04843e-06
 1.05087e-06
 1.05244e-06
 1.05262e-06
 1.05016e-06
 1.04243e-06
 1.02449e-06
 9.89139e-07
 9.30072e-07
 8.46217e-07
 7.48104e-07
 6.53479e-07
 5.79346e-07
 5.32352e-07
 5.10207e-07
 5.02698e-07
 5.00663e-07
 5.00158e-07
 5.00037e-07
 5.00009e-07
 5.00002e-07
 5.00000e-07
 5.00000e-07
 5.00000e-07
 5.00000e-07
 1.04843e-06
 1.05087e-06
 1.05244e-06
 1.05262e-06
 1.05016e-06
 1.04243e-06
 1.02449e-06
 9.89139e-07
 9.30072e-07
 8.46217e-07
 7.48104e-07
 6.53479e-07
 5.79346e-07
 5.32352e-07
 5.10207e-07
 5.02698e-07
 5.00663e-07
 5.00158e-07
 5.00037e-07
 5.00009e-07
 5.00002e-07
 5.00000e-07
 5.00000e-07
 5.00000e-07
 5.00000e-07
 1.04843e-06
 1.05087e-06
 1.05244e-06
 1.05262e-06
 1.05016e-06
 1.04243e-06
 1.02449e-06
 9.89139e-07
 9.30072e-07
 8.46217e-07
 7.48104e-07
 6.53479e-07
 5.79346e-07
 5.32352e-07
 5.10207e-07
 5.02698e-07
 5.00663e-07
 5.00158e-07
 5.00037e-07
 5.00009e-07
 5.00002e-07
 5.00000e-07
 5.00000e-07
 5.00000e-07
 5.00000e-07
 1.04843e-06
 1.05087e-06
 1.05244e-06
 1.05262e-06
 1.05016e-06
 1.04243e-06
 1.02449e-06
 9.89139e-07
 9.30072e-07
 8.46217e-07
 7.48104e-07
 6.53479e-07
 5.79346e-07
 5.32352e-07
 5.10207e-07
 5.02698e-07
 5.00663e-07
 5.00158e-07
 5.00037e-07
 5.00009e-07
 5.00002e-07
 5.00000e-07
 5.00000e-07
 5.00000e-07
 5.00000e-07
 1.04843e-06
 1.05087e-06
 1.05244e-06
 1.05262e-06
 1.05016e-06
 1.04243e-06
 1.02449e-06
 9.89139e-07
 9.30072e-07
 8.46217e-07
 7.48104e-07
 6.53479e-07
 5.79346e-07
 5.32352e-07
 5.10207e-07
 5.02698e-07
 5.00663e-07
 5.00158e-07
 5.00037e-07
 5.00009e-07
 5.00002e-07
 5.00000e-07
 5.00000e-07
 5.00000e-07
 5.00000e-07
 1.04843e-06
 1.05087e-06
 1.05244e-06
 1.05262e-06
 1.05016e-06
 1.04243e-06
 1.02449e-06
 9.89139e-07
 9.30072e-07
 8.46217e-07
 7.48104e-07
 6.53479e-07
 5.79346e-07
 5.32352e-07
 5.10207e-07
 5.02698e-07
 5.00663e-07
 5.00158e-07
 5.00037e-07
 5.00009e-07
 5.00002e-07
 5.00000e-07
 5.00000e-07
 5.00000e-07
 5.00000e-07
 1.04843e-06
 1.05087e-06
 1.05244e-06
 1.05262e-06
 1.05016e-06
 1.04243e-06
 1.02449e-06
 9.89139e-07
 9.30072e-07
 8.46217e-07
 7.48104e-07
 6.53479e-07
 5.79346e-07
 5.32352e-07
 5.10207e-07
 5.02698e-07
 5.00663e-07
 5.00158e-07
 5.00037e-07
 5.00009e-07
 5.00002e-07
 5.00000e-07
 5.00000e-07
 5.00000e-07
 5.00000e-07
 1.04843e-06
 1.05087e-06
 1.05244e-06
 1.05262e-06
 1.05016e-06
 1.04243e-06
 1.02449e-06
 9.89139e-07
 9.30072e-07
 8.46217e-07
 7.48104e-07
 6.53479e-07
 5.79346e-07
 5.32352e-07
 5.10207e-07
 5.02698e-07
 5.00663e-07
 5.00158e-07
 5.00037e-07
 5.00009e-07
 5.00002e-07
 5.00000e-07
 5.00000e-07
 5.00000e-07
 5.00000e-07
 1.04843e-06
 1.05087e-06
 1.05244e-06
 1.05262e-06
 1.05016e-06
 1.04243e-06
 1.02449e-06
 9.89139e-07
 9.30072e-07
 8.46217e-07
 7.48104e-07
 6.53479e-07
 5.79346e-07
 5.32352e-07
 5.10207e-07
 5.02698e-07
 5.00663e-07
 5.00158e-07
 5.00037e-07
 5.00009e-07
 5.00002e-07
 5.00000e-07
 5.00000e-07
 5.00000e-07
 5.00000e-07
 1.04843e-06
 1.05087e-06
 1.05244e-06
 1.05262e-06
 1.05016e-06
 1.04243e-06
 1.02449e-06
 9.89139e-07
 9.30072e-07
 8.46217e-07
 7.48104e-07
 6.53479e-07
 5.79346e-07
 5.32352e-07
 5.10207e-07
 5.02698e-07
 5.00663e-07
 5.00158e-07
 5.00037e-07
 5.00009e-07
 5.00002e-07
 5.00000e-07
 5.00000e-07
 5.00000e-07
 5.00000e-07
 1.04843e-06
 1.05087e-06
 1.05244e-06
 1.05262e-06
 1.05016e-06
 1.04243e-06
 1.02449e-06
 9.89139e-07
 9.30072e-07
 8.46217e-07
 7.48104e-07
 6.53479e-07
 5.79346e-07
 5.32352e-07
 5.10207e-07
 5.02698e-07
 5.00663e-07
 5.00158e-07
 5.00037e-07
 5.00009e-07
 5.00002e-07
 5.00000e-07
 5.00000e-07
 5.00000e-07
 5.00000e-07
 1.04843e-06
 1.05087e-06
 1.05244e-06
 1.05262e-06
 1.05016e-06
 1.04243e-06
 1.02449e-06
 9.89139e-07
 9.30072e-07
 8.46217e-07
 7.48104e-07
 6.53479e-07
 5.79346e-07
 5.32352e-07
 5.10207e-07
 5.02698e-07
 5.00663e-07
 5.00158e-07
 5.00037e-07
 5.00009e-07
 5.00002e-07
 5.00000e-07
 5.00000e-07
 5.00000e-07
 5.00000e-07
