NodeMass
part
         1
coordinates
 5.00000e-07
 1.00000e-06
 1.00000e-06
 1.00000e-06
 1.00000e-06
 1.00000e-06
 1.00000e-06
 1.00000e-06
 1.00000e-06
 1.00000e-06
 1.00000e-06
 1.00000e-06
 1.00000e-06
 1.00000e-06
 1.00000e-06
 1.00000e-06
 1.00000e-06
 1.00000e-06
 9.99998e-07
 9.99992e-07
 9.99962e-07
 9.99839e-07
 9.99404e-07
 9.98079e-07
 9.94664e-07
 9.87361e-07
 9.74495e-07
 9.55634e-07
 1.00000e-06
 2.00000e-06
 2.00000e-06
 2.00000e-06
 2.00000e-06
 2.00000e-06
 2.00000e-06
 2.00000e-06
 2.00000e-06
 2.00000e-06
 2.00000e-06
 2.00000e-06
 2.00000e-06
 2.00000e-06
 2.00000e-06
 2.00000e-06
 2.00000e-06
 2.00000e-06
 2.00000e-06
 1.99998e-06
 1.99992e-06
 1.99968e-06
 1.99881e-06
 1.99616e-06
 1.98933e-06
 1.97472e-06
 1.94899e-06
 1.91127e-06
 1.00000e-06
 2.00000e-06
 2.00000e-06
 2.00000e-06
 2.00000e-06
 2.00000e-06
 2.00000e-06
 2.00000e-06
 2.00000e-06
 2.00000e-06
 2.00000e-06
 2.00000e-06
 2.00000e-06
 2.00000e-06
 2.00000e-06
 2.00000e-06
 2.00000e-06
 2.00000e-06
 2.00000e-06
 1.99998e-06
 1.99992e-06
 1.99968e-06
 1.99881e-06
 1.99616e-06
 1.98933e-06
 1.97472e-06
 1.94899e-06
 1.91127e-06
 1.00000e-06
 2.00000e-06
 2.00000e-06
 2.00000e-06
 2.00000e-06
 2.00000e-06
 2.00000e-06
 2.00000e-06
 2.00000e-06
 2.00000e-06
 2.00000e-06
 2.00000e-06
 2.00000e-06
 2.00000e-06
 2.00000e-06
 2.00000e-06
 2.00000e-06
 2.00000e-06
 2.00000e-06
 1.99998e-06
 1.99992e-06
 1.99968e-06
 1.99881e-06
 1.99616e-06
 1.98933e-06
 1.97472e-06
 1.94899e-06
 1.91127e-06
 1.00000e-06
 2.00000e-06
 2.00000e-06
 2.00000e-06
 2.00000e-06
 2.00000e-06
 2.00000e-06
 2.00000e-06
 2.00000e-06
 2.00000e-06
 2.00000e-06
 2.00000e-06
 2.00000e-06
 2.00000e-06
 2.00000e-06
 2.00000e-06
 2.00000e-06
 2.00000e-06
 2.00000e-06
 1.99998e-06
 1.99992e-06
 1.99968e-06
 1.99881e-06
 1.99616e-06
 1.98933e-06
 1.97472e-06
 1.94899e-06
 1.91127e-06
 5.00000e-07
 1.00000e-06
 1.00000e-06
 1.00000e-06
 1.00000e-06
 1.00000e-06
 1.00000e-06
 1.00000e-06
 1.00000e-06
 1.00000e-06
 1.00000e-06
 1.00000e-06
 1.00000e-06
 1.00000e-06
 1.00000e-06
 1.00000e-06
 1.00000e-06
 1.00000e-06
 9.99998e-07
 9.99992e-07
 9.99962e-07
 9.99839e-07
 9.99404e-07
 9.98079e-07
 9.94664e-07
 9.87361e-07
 9.74495e-07
 9.55634e-07
 1.00000e-06
 2.00000e-06
 2.00000e-06
 2.00000e-06
 2.00000e-06
 2.00000e-06
 2.00000e-06
 2.00000e-06
 2.00000e-06
 2.00000e-06
 2.00000e-06
 2.00000e-06
 2.00000e-06
 2.00000e-06
 2.00000e-06
 2.00000e-06
 2.00000e-06
 2.00000e-06
 2.00000e-06
 1.99998e-06
 1.99992e-06
 1.99968e-06
 1.99881e-06
 1.99616e-06
 1.98933e-06
 1.97472e-06
 1.94899e-06
 1.91127e-06
 2.00000e-06
 4.00000e-06
 4.00000e-06
 4.00000e-06
 4.00000e-06
 4.00000e-06
 4.00000e-06
 4.00000e-06
 4.00000e-06
 4.00000e-06
 4.00000e-06
 4.00000e-06
 4.00000e-06
 4.00000e-06
 4.00000e-06
 4.00000e-06
 4.00000e-06
 4.00000e-06
 3.99999e-06
 3.99997e-06
 3.99985e-06
 3.99936e-06
 3.99762e-06
 3.99231e-06
 3.97866e-06
 3.94945e-06
 3.89798e-06
 3.82254e-06
 2.00000e-06
 4.00000e-06
 4.00000e-06
 4.00000e-06
 4.00000e-06
 4.00000e-06
 4.00000e-06
 4.00000e-06
 4.00000e-06
 4.00000e-06
 4.00000e-06
 4.00000e-06
 4.00000e-06
 4.00000e-06
 4.00000e-06
 4.00000e-06
 4.00000e-06
 4.00000e-06
 3.99999e-06
 3.99997e-06
 3.99985e-06
 3.99936e-06
 3.99762e-06
 3.99231e-06
 3.97866e-06
 3.94945e-06
 3.89798e-06
 3.82254e-06
 2.00000e-06
 4.00000e-06
 4.00000e-06
 4.00000e-06
 4.00000e-06
 4.00000e-06
 4.00000e-06
 4.00000e-06
 4.00000e-06
 4.00000e-06
 4.00000e-06
 4.00000e-06
 4.00000e-06
 4.00000e-06
 4.00000e-06
 4.00000e-06
 4.00000e-06
 4.00000e-06
 3.99999e-06
 3.99997e-06
 3.99985e-06
 3.99936e-06
 3.99762e-06
 3.99231e-06
 3.97866e-06
 3.94945e-06
 3.89798e-06
 3.82254e-06
 2.00000e-06
 4.00000e-06
 4.00000e-06
 4.00000e-06
 4.00000e-06
 4.00000e-06
 4.00000e-06
 4.00000e-06
 4.00000e-06
 4.00000e-06
 4.00000e-06
 4.00000e-06
 4.00000e-06
 4.00000e-06
 4.00000e-06
 4.00000e-06
 4.00000e-06
 4.00000e-06
 3.99999e-06
 3.99997e-06
 3.99985e-06
 3.99936e-06
 3.99762e-06
 3.99231e-06
 3.97866e-06
 3.94945e-06
 3.89798e-06
 3.82254e-06
 1.00000e-06
 2.00000e-06
 2.00000e-06
 2.00000e-06
 2.00000e-06
 2.00000e-06
 2.00000e-06
 2.00000e-06
 2.00000e-06
 2.00000e-06
 2.00000e-06
 2.00000e-06
 2.00000e-06
 2.00000e-06
 2.00000e-06
 2.00000e-06
 2.00000e-06
 2.00000e-06
 2.00000e-06
 1.99998e-06
 1.99992e-06
 1.99968e-06
 1.99881e-06
 1.99616e-06
 1.98933e-06
 1.97472e-06
 1.94899e-06
 1.91127e-06
 1.00000e-06
 2.00000e-06
 2.00000e-06
 2.00000e-06
 2.00000e-06
 2.00000e-06
 2.00000e-06
 2.00000e-06
 2.00000e-06
 2.00000e-06
 2.00000e-06
 2.00000e-06
 2.00000e-06
 2.00000e-06
 2.00000e-06
 2.00000e-06
 2.00000e-06
 2.00000e-06
 2.00000e-06
 1.99998e-06
 1.99992e-06
 1.99968e-06
 1.99881e-06
 1.99616e-06
 1.98933e-06
 1.97472e-06
 1.94899e-06
 1.91127e-06
 2.00000e-06
 4.00000e-06
 4.00000e-06
 4.00000e-06
 4.00000e-06
 4.00000e-06
 4.00000e-06
 4.00000e-06
 4.00000e-06
 4.00000e-06
 4.00000e-06
 4.00000e-06
 4.00000e-06
 4.00000e-06
 4.00000e-06
 4.00000e-06
 4.00000e-06
 4.00000e-06
 3.99999e-06
 3.99997e-06
 3.99985e-06
 3.99936e-06
 3.99762e-06
 3.99231e-06
 3.97866e-06
 3.94945e-06
 3.89798e-06
 3.82254e-06
 2.00000e-06
 4.00000e-06
 4.00000e-06
 4.00000e-06
 4.00000e-06
 4.00000e-06
 4.00000e-06
 4.00000e-06
 4.00000e-06
 4.00000e-06
 4.00000e-06
 4.00000e-06
 4.00000e-06
 4.00000e-06
 4.00000e-06
 4.00000e-06
 4.00000e-06
 4.00000e-06
 3.99999e-06
 3.99997e-06
 3.99985e-06
 3.99936e-06
 3.99762e-06
 3.99231e-06
 3.97866e-06
 3.94945e-06
 3.89798e-06
 3.82254e-06
 2.00000e-06
 4.00000e-06
 4.00000e-06
 4.00000e-06
 4.00000e-06
 4.00000e-06
 4.00000e-06
 4.00000e-06
 4.00000e-06
 4.00000e-06
 4.00000e-06
 4.00000e-06
 4.00000e-06
 4.00000e-06
 4.00000e-06
 4.00000e-06
 4.00000e-06
 4.00000e-06
 3.99999e-06
 3.99997e-06
 3.99985e-06
 3.99936e-06
 3.99762e-06
 3.99231e-06
 3.97866e-06
 3.94945e-06
 3.89798e-06
 3.82254e-06
 2.00000e-06
 4.00000e-06
 4.00000e-06
 4.00000e-06
 4.00000e-06
 4.00000e-06
 4.00000e-06
 4.00000e-06
 4.00000e-06
 4.00000e-06
 4.00000e-06
 4.00000e-06
 4.00000e-06
 4.00000e-06
 4.00000e-06
 4.00000e-06
 4.00000e-06
 4.00000e-06
 3.99999e-06
 3.99997e-06
 3.99985e-06
 3.99936e-06
 3.99762e-06
 3.99231e-06
 3.97866e-06
 3.94945e-06
 3.89798e-06
 3.82254e-06
 1.00000e-06
 2.00000e-06
 2.00000e-06
 2.00000e-06
 2.00000e-06
 2.00000e-06
 2.00000e-06
 2.00000e-06
 2.00000e-06
 2.00000e-06
 2.00000e-06
 2.00000e-06
 2.00000e-06
 2.00000e-06
 2.00000e-06
 2.00000e-06
 2.00000e-06
 2.00000e-06
 2.00000e-06
 1.99998e-06
 1.99992e-06
 1.99968e-06
 1.99881e-06
 1.99616e-06
 1.98933e-06
 1.97472e-06
 1.94899e-06
 1.91127e-06
 1.00000e-06
 2.00000e-06
 2.00000e-06
 2.00000e-06
 2.00000e-06
 2.00000e-06
 2.00000e-06
 2.00000e-06
 2.00000e-06
 2.00000e-06
 2.00000e-06
 2.00000e-06
 2.00000e-06
 2.00000e-06
 2.00000e-06
 2.00000e-06
 2.00000e-06
 2.00000e-06
 2.00000e-06
 1.99998e-06
 1.99992e-06
 1.99968e-06
 1.99881e-06
 1.99616e-06
 1.98933e-06
 1.97472e-06
 1.94899e-06
 1.91127e-06
 2.00000e-06
 4.00000e-06
 4.00000e-06
 4.00000e-06
 4.00000e-06
 4.00000e-06
 4.00000e-06
 4.00000e-06
 4.00000e-06
 4.00000e-06
 4.00000e-06
 4.00000e-06
 4.00000e-06
 4.00000e-06
 4.00000e-06
 4.00000e-06
 4.00000e-06
 4.00000e-06
 3.99999e-06
 3.99997e-06
 3.99985e-06
 3.99936e-06
 3.99762e-06
 3.99231e-06
 3.97866e-06
 3.94945e-06
 3.89798e-06
 3.82254e-06
 2.00000e-06
 4.00000e-06
 4.00000e-06
 4.00000e-06
 4.00000e-06
 4.00000e-06
 4.00000e-06
 4.00000e-06
 4.00000e-06
 4.00000e-06
 4.00000e-06
 4.00000e-06
 4.00000e-06
 4.00000e-06
 4.00000e-06
 4.00000e-06
 4.00000e-06
 4.00000e-06
 3.99999e-06
 3.99997e-06
 3.99985e-06
 3.99936e-06
 3.99762e-06
 3.99231e-06
 3.97866e-06
 3.94945e-06
 3.89798e-06
 3.82254e-06
 2.00000e-06
 4.00000e-06
 4.00000e-06
 4.00000e-06
 4.00000e-06
 4.00000e-06
 4.00000e-06
 4.00000e-06
 4.00000e-06
 4.00000e-06
 4.00000e-06
 4.00000e-06
 4.00000e-06
 4.00000e-06
 4.00000e-06
 4.00000e-06
 4.00000e-06
 4.00000e-06
 3.99999e-06
 3.99997e-06
 3.99985e-06
 3.99936e-06
 3.99762e-06
 3.99231e-06
 3.97866e-06
 3.94945e-06
 3.89798e-06
 3.82254e-06
 2.00000e-06
 4.00000e-06
 4.00000e-06
 4.00000e-06
 4.00000e-06
 4.00000e-06
 4.00000e-06
 4.00000e-06
 4.00000e-06
 4.00000e-06
 4.00000e-06
 4.00000e-06
 4.00000e-06
 4.00000e-06
 4.00000e-06
 4.00000e-06
 4.00000e-06
 4.00000e-06
 3.99999e-06
 3.99997e-06
 3.99985e-06
 3.99936e-06
 3.99762e-06
 3.99231e-06
 3.97866e-06
 3.94945e-06
 3.89798e-06
 3.82254e-06
 1.00000e-06
 2.00000e-06
 2.00000e-06
 2.00000e-06
 2.00000e-06
 2.00000e-06
 2.00000e-06
 2.00000e-06
 2.00000e-06
 2.00000e-06
 2.00000e-06
 2.00000e-06
 2.00000e-06
 2.00000e-06
 2.00000e-06
 2.00000e-06
 2.00000e-06
 2.00000e-06
 2.00000e-06
 1.99998e-06
 1.99992e-06
 1.99968e-06
 1.99881e-06
 1.99616e-06
 1.98933e-06
 1.97472e-06
 1.94899e-06
 1.91127e-06
 1.00000e-06
 2.00000e-06
 2.00000e-06
 2.00000e-06
 2.00000e-06
 2.00000e-06
 2.00000e-06
 2.00000e-06
 2.00000e-06
 2.00000e-06
 2.00000e-06
 2.00000e-06
 2.00000e-06
 2.00000e-06
 2.00000e-06
 2.00000e-06
 2.00000e-06
 2.00000e-06
 2.00000e-06
 1.99998e-06
 1.99992e-06
 1.99968e-06
 1.99881e-06
 1.99616e-06
 1.98933e-06
 1.97472e-06
 1.94899e-06
 1.91127e-06
 2.00000e-06
 4.00000e-06
 4.00000e-06
 4.00000e-06
 4.00000e-06
 4.00000e-06
 4.00000e-06
 4.00000e-06
 4.00000e-06
 4.00000e-06
 4.00000e-06
 4.00000e-06
 4.00000e-06
 4.00000e-06
 4.00000e-06
 4.00000e-06
 4.00000e-06
 4.00000e-06
 3.99999e-06
 3.99997e-06
 3.99985e-06
 3.99936e-06
 3.99762e-06
 3.99231e-06
 3.97866e-06
 3.94945e-06
 3.89798e-06
 3.82254e-06
 2.00000e-06
 4.00000e-06
 4.00000e-06
 4.00000e-06
 4.00000e-06
 4.00000e-06
 4.00000e-06
 4.00000e-06
 4.00000e-06
 4.00000e-06
 4.00000e-06
 4.00000e-06
 4.00000e-06
 4.00000e-06
 4.00000e-06
 4.00000e-06
 4.00000e-06
 4.00000e-06
 3.99999e-06
 3.99997e-06
 3.99985e-06
 3.99936e-06
 3.99762e-06
 3.99231e-06
 3.97866e-06
 3.94945e-06
 3.89798e-06
 3.82254e-06
 2.00000e-06
 4.00000e-06
 4.00000e-06
 4.00000e-06
 4.00000e-06
 4.00000e-06
 4.00000e-06
 4.00000e-06
 4.00000e-06
 4.00000e-06
 4.00000e-06
 4.00000e-06
 4.00000e-06
 4.00000e-06
 4.00000e-06
 4.00000e-06
 4.00000e-06
 4.00000e-06
 3.99999e-06
 3.99997e-06
 3.99985e-06
 3.99936e-06
 3.99762e-06
 3.99231e-06
 3.97866e-06
 3.94945e-06
 3.89798e-06
 3.82254e-06
 2.00000e-06
 4.00000e-06
 4.00000e-06
 4.00000e-06
 4.00000e-06
 4.00000e-06
 4.00000e-06
 4.00000e-06
 4.00000e-06
 4.00000e-06
 4.00000e-06
 4.00000e-06
 4.00000e-06
 4.00000e-06
 4.00000e-06
 4.00000e-06
 4.00000e-06
 4.00000e-06
 3.99999e-06
 3.99997e-06
 3.99985e-06
 3.99936e-06
 3.99762e-06
 3.99231e-06
 3.97866e-06
 3.94945e-06
 3.89798e-06
 3.82254e-06
 1.00000e-06
 2.00000e-06
 2.00000e-06
 2.00000e-06
 2.00000e-06
 2.00000e-06
 2.00000e-06
 2.00000e-06
 2.00000e-06
 2.00000e-06
 2.00000e-06
 2.00000e-06
 2.00000e-06
 2.00000e-06
 2.00000e-06
 2.00000e-06
 2.00000e-06
 2.00000e-06
 2.00000e-06
 1.99998e-06
 1.99992e-06
 1.99968e-06
 1.99881e-06
 1.99616e-06
 1.98933e-06
 1.97472e-06
 1.94899e-06
 1.91127e-06
 5.00000e-07
 1.00000e-06
 1.00000e-06
 1.00000e-06
 1.00000e-06
 1.00000e-06
 1.00000e-06
 1.00000e-06
 1.00000e-06
 1.00000e-06
 1.00000e-06
 1.00000e-06
 1.00000e-06
 1.00000e-06
 1.00000e-06
 1.00000e-06
 1.00000e-06
 1.00000e-06
 9.99998e-07
 9.99992e-07
 9.99962e-07
 9.99839e-07
 9.99404e-07
 9.98079e-07
 9.94664e-07
 9.87361e-07
 9.74495e-07
 9.55634e-07
 1.00000e-06
 2.00000e-06
 2.00000e-06
 2.00000e-06
 2.00000e-06
 2.00000e-06
 2.00000e-06
 2.00000e-06
 2.00000e-06
 2.00000e-06
 2.00000e-06
 2.00000e-06
 2.00000e-06
 2.00000e-06
 2.00000e-06
 2.00000e-06
 2.00000e-06
 2.00000e-06
 2.00000e-06
 1.99998e-06
 1.99992e-06
 1.99968e-06
 1.99881e-06
 1.99616e-06
 1.98933e-06
 1.97472e-06
 1.94899e-06
 1.91127e-06
 1.00000e-06
 2.00000e-06
 2.00000e-06
 2.00000e-06
 2.00000e-06
 2.00000e-06
 2.00000e-06
 2.00000e-06
 2.00000e-06
 2.00000e-06
 2.00000e-06
 2.00000e-06
 2.00000e-06
 2.00000e-06
 2.00000e-06
 2.00000e-06
 2.00000e-06
 2.00000e-06
 2.00000e-06
 1.99998e-06
 1.99992e-06
 1.99968e-06
 1.99881e-06
 1.99616e-06
 1.98933e-06
 1.97472e-06
 1.94899e-06
 1.91127e-06
 1.00000e-06
 2.00000e-06
 2.00000e-06
 2.00000e-06
 2.00000e-06
 2.00000e-06
 2.00000e-06
 2.00000e-06
 2.00000e-06
 2.00000e-06
 2.00000e-06
 2.00000e-06
 2.00000e-06
 2.00000e-06
 2.00000e-06
 2.00000e-06
 2.00000e-06
 2.00000e-06
 2.00000e-06
 1.99998e-06
 1.99992e-06
 1.99968e-06
 1.99881e-06
 1.99616e-06
 1.98933e-06
 1.97472e-06
 1.94899e-06
 1.91127e-06
 1.00000e-06
 2.00000e-06
 2.00000e-06
 2.00000e-06
 2.00000e-06
 2.00000e-06
 2.00000e-06
 2.00000e-06
 2.00000e-06
 2.00000e-06
 2.00000e-06
 2.00000e-06
 2.00000e-06
 2.00000e-06
 2.00000e-06
 2.00000e-06
 2.00000e-06
 2.00000e-06
 2.00000e-06
 1.99998e-06
 1.99992e-06
 1.99968e-06
 1.99881e-06
 1.99616e-06
 1.98933e-06
 1.97472e-06
 1.94899e-06
 1.91127e-06
 5.00000e-07
 1.00000e-06
 1.00000e-06
 1.00000e-06
 1.00000e-06
 1.00000e-06
 1.00000e-06
 1.00000e-06
 1.00000e-06
 1.00000e-06
 1.00000e-06
 1.00000e-06
 1.00000e-06
 1.00000e-06
 1.00000e-06
 1.00000e-06
 1.00000e-06
 1.00000e-06
 9.99998e-07
 9.99992e-07
 9.99962e-07
 9.99839e-07
 9.99404e-07
 9.98079e-07
 9.94664e-07
 9.87361e-07
 9.74495e-07
 9.55634e-07
part
         2
coordinates
 9.98079e-07
 9.94664e-07
 9.87361e-07
 9.74495e-07
 9.55634e-07
 9.31903e-07
 9.05105e-07
 8.76757e-07
 8.47819e-07
 8.18823e-07
 7.90078e-07
 7.61757e-07
 7.33920e-07
 7.06556e-07
 6.79752e-07
 6.54428e-07
 6.30648e-07
 6.08045e-07
 5.86563e-07
 5.66056e-07
 5.46584e-07
 5.28093e-07
 5.10721e-07
 4.94129e-07
 4.78467e-07
 4.64408e-07
 4.52050e-07
 4.41776e-07
 4.34260e-07
 4.29380e-07
 1.99616e-06
 1.98933e-06
 1.97472e-06
 1.94899e-06
 1.91127e-06
 1.86381e-06
 1.81021e-06
 1.75351e-06
 1.69564e-06
 1.63765e-06
 1.58016e-06
 1.52351e-06
 1.46784e-06
 1.41311e-06
 1.35950e-06
 1.30886e-06
 1.26130e-06
 1.21609e-06
 1.17313e-06
 1.13211e-06
 1.09317e-06
 1.05619e-06
 1.02144e-06
 9.88258e-07
 9.56933e-07
 9.28815e-07
 9.04101e-07
 8.83552e-07
 8.68521e-07
 8.58761e-07
 1.99616e-06
 1.98933e-06
 1.97472e-06
 1.94899e-06
 1.91127e-06
 1.86381e-06
 1.81021e-06
 1.75351e-06
 1.69564e-06
 1.63765e-06
 1.58016e-06
 1.52351e-06
 1.46784e-06
 1.41311e-06
 1.35950e-06
 1.30886e-06
 1.26130e-06
 1.21609e-06
 1.17313e-06
 1.13211e-06
 1.09317e-06
 1.05619e-06
 1.02144e-06
 9.88258e-07
 9.56933e-07
 9.28815e-07
 9.04101e-07
 8.83552e-07
 8.68521e-07
 8.58761e-07
 1.99616e-06
 1.98933e-06
 1.97472e-06
 1.94899e-06
 1.91127e-06
 1.86381e-06
 1.81021e-06
 1.75351e-06
 1.69564e-06
 1.63765e-06
 1.58016e-06
 1.52351e-06
 1.46784e-06
 1.41311e-06
 1.35950e-06
 1.30886e-06
 1.26130e-06
 1.21609e-06
 1.17313e-06
 1.13211e-06
 1.09317e-06
 1.05619e-06
 1.02144e-06
 9.88258e-07
 9.56933e-07
 9.28815e-07
 9.04101e-07
 8.83552e-07
 8.68521e-07
 8.58761e-07
 1.99616e-06
 1.98933e-06
 1.97472e-06
 1.94899e-06
 1.91127e-06
 1.86381e-06
 1.81021e-06
 1.75351e-06
 1.69564e-06
 1.63765e-06
 1.58016e-06
 1.52351e-06
 1.46784e-06
 1.41311e-06
 1.35950e-06
 1.30886e-06
 1.26130e-06
 1.21609e-06
 1.17313e-06
 1.13211e-06
 1.09317e-06
 1.05619e-06
 1.02144e-06
 9.88258e-07
 9.56933e-07
 9.28815e-07
 9.04101e-07
 8.83552e-07
 8.68521e-07
 8.58761e-07
 9.98079e-07
 9.94664e-07
 9.87361e-07
 9.74495e-07
 9.55634e-07
 9.31903e-07
 9.05105e-07
 8.76757e-07
 8.47819e-07
 8.18823e-07
 7.90078e-07
 7.61757e-07
 7.33920e-07
 7.06556e-07
 6.79752e-07
 6.54428e-07
 6.30648e-07
 6.08045e-07
 5.86563e-07
 5.66056e-07
 5.46584e-07
 5.28093e-07
 5.10721e-07
 4.94129e-07
 4.78467e-07
 4.64408e-07
 4.52050e-07
 4.41776e-07
 4.34260e-07
 4.29380e-07
 1.99616e-06
 1.98933e-06
 1.97472e-06
 1.94899e-06
 1.91127e-06
 1.86381e-06
 1.81021e-06
 1.75351e-06
 1.69564e-06
 1.63765e-06
 1.58016e-06
 1.52351e-06
 1.46784e-06
 1.41311e-06
 1.35950e-06
 1.30886e-06
 1.26130e-06
 1.21609e-06
 1.17313e-06
 1.13211e-06
 1.09317e-06
 1.05619e-06
 1.02144e-06
 9.88258e-07
 9.56933e-07
 9.28815e-07
 9.04101e-07
 8.83552e-07
 8.68521e-07
 8.58761e-07
 3.99231e-06
 3.97866e-06
 3.94945e-06
 3.89798e-06
 3.82254e-06
 3.72761e-06
 3.62042e-06
 3.50703e-06
 3.39128e-06
 3.27529e-06
 3.16031e-06
 3.04703e-06
 2.93568e-06
 2.82622e-06
 2.71901e-06
 2.61771e-06
 2.52259e-06
 2.43218e-06
 2.34625e-06
 2.26422e-06
 2.18634e-06
 2.11237e-06
 2.04288e-06
 1.97652e-06
 1.91387e-06
 1.85763e-06
 1.80820e-06
 1.76710e-06
 1.73704e-06
 1.71752e-06
 3.99231e-06
 3.97866e-06
 3.94945e-06
 3.89798e-06
 3.82254e-06
 3.72761e-06
 3.62042e-06
 3.50703e-06
 3.39128e-06
 3.27529e-06
 3.16031e-06
 3.04703e-06
 2.93568e-06
 2.82622e-06
 2.71901e-06
 2.61771e-06
 2.52259e-06
 2.43218e-06
 2.34625e-06
 2.26422e-06
 2.18634e-06
 2.11237e-06
 2.04288e-06
 1.97652e-06
 1.91387e-06
 1.85763e-06
 1.80820e-06
 1.76710e-06
 1.73704e-06
 1.71752e-06
 3.99231e-06
 3.97866e-06
 3.94945e-06
 3.89798e-06
 3.82254e-06
 3.72761e-06
 3.62042e-06
 3.50703e-06
 3.39128e-06
 3.27529e-06
 3.16031e-06
 3.04703e-06
 2.93568e-06
 2.82622e-06
 2.71901e-06
 2.61771e-06
 2.52259e-06
 2.43218e-06
 2.34625e-06
 2.26422e-06
 2.18634e-06
 2.11237e-06
 2.04288e-06
 1.97652e-06
 1.91387e-06
 1.85763e-06
 1.80820e-06
 1.76710e-06
 1.73704e-06
 1.71752e-06
 3.99231e-06
 3.97866e-06
 3.94945e-06
 3.89798e-06
 3.82254e-06
 3.72761e-06
 3.62042e-06
 3.50703e-06
 3.39128e-06
 3.27529e-06
 3.16031e-06
 3.04703e-06
 2.93568e-06
 2.82622e-06
 2.71901e-06
 2.61771e-06
 2.52259e-06
 2.43218e-06
 2.34625e-06
 2.26422e-06
 2.18634e-06
 2.11237e-06
 2.04288e-06
 1.97652e-06
 1.91387e-06
 1.85763e-06
 1.80820e-06
 1.76710e-06
 1.73704e-06
 1.71752e-06
 1.99616e-06
 1.98933e-06
 1.97472e-06
 1.94899e-06
 1.91127e-06
 1.86381e-06
 1.81021e-06
 1.75351e-06
 1.69564e-06
 1.63765e-06
 1.58016e-06
 1.52351e-06
 1.46784e-06
 1.41311e-06
 1.35950e-06
 1.30886e-06
 1.26130e-06
 1.21609e-06
 1.17313e-06
 1.13211e-06
 1.09317e-06
 1.05619e-06
 1.02144e-06
 9.88258e-07
 9.56933e-07
 9.28815e-07
 9.04101e-07
 8.83552e-07
 8.68521e-07
 8.58761e-07
 1.99616e-06
 1.98933e-06
 1.97472e-06
 1.94899e-06
 1.91127e-06
 1.86381e-06
 1.81021e-06
 1.75351e-06
 1.69564e-06
 1.63765e-06
 1.58016e-06
 1.52351e-06
 1.46784e-06
 1.41311e-06
 1.35950e-06
 1.30886e-06
 1.26130e-06
 1.21609e-06
 1.17313e-06
 1.13211e-06
 1.09317e-06
 1.05619e-06
 1.02144e-06
 9.88258e-07
 9.56933e-07
 9.28815e-07
 9.04101e-07
 8.83552e-07
 8.68521e-07
 8.58761e-07
 3.99231e-06
 3.97866e-06
 3.94945e-06
 3.89798e-06
 3.82254e-06
 3.72761e-06
 3.62042e-06
 3.50703e-06
 3.39128e-06
 3.27529e-06
 3.16031e-06
 3.04703e-06
 2.93568e-06
 2.82622e-06
 2.71901e-06
 2.61771e-06
 2.52259e-06
 2.43218e-06
 2.34625e-06
 2.26422e-06
 2.18634e-06
 2.11237e-06
 2.04288e-06
 1.97652e-06
 1.91387e-06
 1.85763e-06
 1.80820e-06
 1.76710e-06
 1.73704e-06
 1.71752e-06
 3.99231e-06
 3.97866e-06
 3.94945e-06
 3.89798e-06
 3.82254e-06
 3.72761e-06
 3.62042e-06
 3.50703e-06
 3.39128e-06
 3.27529e-06
 3.16031e-06
 3.04703e-06
 2.93568e-06
 2.82622e-06
 2.71901e-06
 2.61771e-06
 2.52259e-06
 2.43218e-06
 2.34625e-06
 2.26422e-06
 2.18634e-06
 2.11237e-06
 2.04288e-06
 1.97652e-06
 1.91387e-06
 1.85763e-06
 1.80820e-06
 1.76710e-06
 1.73704e-06
 1.71752e-06
 3.99231e-06
 3.97866e-06
 3.94945e-06
 3.89798e-06
 3.82254e-06
 3.72761e-06
 3.62042e-06
 3.50703e-06
 3.39128e-06
 3.27529e-06
 3.16031e-06
 3.04703e-06
 2.93568e-06
 2.82622e-06
 2.71901e-06
 2.61771e-06
 2.52259e-06
 2.43218e-06
 2.34625e-06
 2.26422e-06
 2.18634e-06
 2.11237e-06
 2.04288e-06
 1.97652e-06
 1.91387e-06
 1.85763e-06
 1.80820e-06
 1.76710e-06
 1.73704e-06
 1.71752e-06
 3.99231e-06
 3.97866e-06
 3.94945e-06
 3.89798e-06
 3.82254e-06
 3.72761e-06
 3.62042e-06
 3.50703e-06
 3.39128e-06
 3.27529e-06
 3.16031e-06
 3.04703e-06
 2.93568e-06
 2.82622e-06
 2.71901e-06
 2.61771e-06
 2.52259e-06
 2.43218e-06
 2.34625e-06
 2.26422e-06
 2.18634e-06
 2.11237e-06
 2.04288e-06
 1.97652e-06
 1.91387e-06
 1.85763e-06
 1.80820e-06
 1.76710e-06
 1.73704e-06
 1.71752e-06
 1.99616e-06
 1.98933e-06
 1.97472e-06
 1.94899e-06
 1.91127e-06
 1.86381e-06
 1.81021e-06
 1.75351e-06
 1.69564e-06
 1.63765e-06
 1.58016e-06
 1.52351e-06
 1.46784e-06
 1.41311e-06
 1.35950e-06
 1.30886e-06
 1.26130e-06
 1.21609e-06
 1.17313e-06
 1.13211e-06
 1.09317e-06
 1.05619e-06
 1.02144e-06
 9.88258e-07
 9.56933e-07
 9.28815e-07
 9.04101e-07
 8.83552e-07
 8.68521e-07
 8.58761e-07
 1.99616e-06
 1.98933e-06
 1.97472e-06
 1.94899e-06
 1.91127e-06
 1.86381e-06
 1.81021e-06
 1.75351e-06
 1.69564e-06
 1.63765e-06
 1.58016e-06
 1.52351e-06
 1.46784e-06
 1.41311e-06
 1.35950e-06
 1.30886e-06
 1.26130e-06
 1.21609e-06
 1.17313e-06
 1.13211e-06
 1.09317e-06
 1.05619e-06
 1.02144e-06
 9.88258e-07
 9.56933e-07
 9.28815e-07
 9.04101e-07
 8.83552e-07
 8.68521e-07
 8.58761e-07
 3.99231e-06
 3.97866e-06
 3.94945e-06
 3.89798e-06
 3.82254e-06
 3.72761e-06
 3.62042e-06
 3.50703e-06
 3.39128e-06
 3.27529e-06
 3.16031e-06
 3.04703e-06
 2.93568e-06
 2.82622e-06
 2.71901e-06
 2.61771e-06
 2.52259e-06
 2.43218e-06
 2.34625e-06
 2.26422e-06
 2.18634e-06
 2.11237e-06
 2.04288e-06
 1.97652e-06
 1.91387e-06
 1.85763e-06
 1.80820e-06
 1.76710e-06
 1.73704e-06
 1.71752e-06
 3.99231e-06
 3.97866e-06
 3.94945e-06
 3.89798e-06
 3.82254e-06
 3.72761e-06
 3.62042e-06
 3.50703e-06
 3.39128e-06
 3.27529e-06
 3.16031e-06
 3.04703e-06
 2.93568e-06
 2.82622e-06
 2.71901e-06
 2.61771e-06
 2.52259e-06
 2.43218e-06
 2.34625e-06
 2.26422e-06
 2.18634e-06
 2.11237e-06
 2.04288e-06
 1.97652e-06
 1.91387e-06
 1.85763e-06
 1.80820e-06
 1.76710e-06
 1.73704e-06
 1.71752e-06
 3.99231e-06
 3.97866e-06
 3.94945e-06
 3.89798e-06
 3.82254e-06
 3.72761e-06
 3.62042e-06
 3.50703e-06
 3.39128e-06
 3.27529e-06
 3.16031e-06
 3.04703e-06
 2.93568e-06
 2.82622e-06
 2.71901e-06
 2.61771e-06
 2.52259e-06
 2.43218e-06
 2.34625e-06
 2.26422e-06
 2.18634e-06
 2.11237e-06
 2.04288e-06
 1.97652e-06
 1.91387e-06
 1.85763e-06
 1.80820e-06
 1.76710e-06
 1.73704e-06
 1.71752e-06
 3.99231e-06
 3.97866e-06
 3.94945e-06
 3.89798e-06
 3.82254e-06
 3.72761e-06
 3.62042e-06
 3.50703e-06
 3.39128e-06
 3.27529e-06
 3.16031e-06
 3.04703e-06
 2.93568e-06
 2.82622e-06
 2.71901e-06
 2.61771e-06
 2.52259e-06
 2.43218e-06
 2.34625e-06
 2.26422e-06
 2.18634e-06
 2.11237e-06
 2.04288e-06
 1.97652e-06
 1.91387e-06
 1.85763e-06
 1.80820e-06
 1.76710e-06
 1.73704e-06
 1.71752e-06
 1.99616e-06
 1.98933e-06
 1.97472e-06
 1.94899e-06
 1.91127e-06
 1.86381e-06
 1.81021e-06
 1.75351e-06
 1.69564e-06
 1.63765e-06
 1.58016e-06
 1.52351e-06
 1.46784e-06
 1.41311e-06
 1.35950e-06
 1.30886e-06
 1.26130e-06
 1.21609e-06
 1.17313e-06
 1.13211e-06
 1.09317e-06
 1.05619e-06
 1.02144e-06
 9.88258e-07
 9.56933e-07
 9.28815e-07
 9.04101e-07
 8.83552e-07
 8.68521e-07
 8.58761e-07
 1.99616e-06
 1.98933e-06
 1.97472e-06
 1.94899e-06
 1.91127e-06
 1.86381e-06
 1.81021e-06
 1.75351e-06
 1.69564e-06
 1.63765e-06
 1.58016e-06
 1.52351e-06
 1.46784e-06
 1.41311e-06
 1.35950e-06
 1.30886e-06
 1.26130e-06
 1.21609e-06
 1.17313e-06
 1.13211e-06
 1.09317e-06
 1.05619e-06
 1.02144e-06
 9.88258e-07
 9.56933e-07
 9.28815e-07
 9.04101e-07
 8.83552e-07
 8.68521e-07
 8.58761e-07
 3.99231e-06
 3.97866e-06
 3.94945e-06
 3.89798e-06
 3.82254e-06
 3.72761e-06
 3.62042e-06
 3.50703e-06
 3.39128e-06
 3.27529e-06
 3.16031e-06
 3.04703e-06
 2.93568e-06
 2.82622e-06
 2.71901e-06
 2.61771e-06
 2.52259e-06
 2.43218e-06
 2.34625e-06
 2.26422e-06
 2.18634e-06
 2.11237e-06
 2.04288e-06
 1.97652e-06
 1.91387e-06
 1.85763e-06
 1.80820e-06
 1.76710e-06
 1.73704e-06
 1.71752e-06
 3.99231e-06
 3.97866e-06
 3.94945e-06
 3.89798e-06
 3.82254e-06
 3.72761e-06
 3.62042e-06
 3.50703e-06
 3.39128e-06
 3.27529e-06
 3.16031e-06
 3.04703e-06
 2.93568e-06
 2.82622e-06
 2.71901e-06
 2.61771e-06
 2.52259e-06
 2.43218e-06
 2.34625e-06
 2.26422e-06
 2.18634e-06
 2.11237e-06
 2.04288e-06
 1.97652e-06
 1.91387e-06
 1.85763e-06
 1.80820e-06
 1.76710e-06
 1.73704e-06
 1.71752e-06
 3.99231e-06
 3.97866e-06
 3.94945e-06
 3.89798e-06
 3.82254e-06
 3.72761e-06
 3.62042e-06
 3.50703e-06
 3.39128e-06
 3.27529e-06
 3.16031e-06
 3.04703e-06
 2.93568e-06
 2.82622e-06
 2.71901e-06
 2.61771e-06
 2.52259e-06
 2.43218e-06
 2.34625e-06
 2.26422e-06
 2.18634e-06
 2.11237e-06
 2.04288e-06
 1.97652e-06
 1.91387e-06
 1.85763e-06
 1.80820e-06
 1.76710e-06
 1.73704e-06
 1.71752e-06
 3.99231e-06
 3.97866e-06
 3.94945e-06
 3.89798e-06
 3.82254e-06
 3.72761e-06
 3.62042e-06
 3.50703e-06
 3.39128e-06
 3.27529e-06
 3.16031e-06
 3.04703e-06
 2.93568e-06
 2.82622e-06
 2.71901e-06
 2.61771e-06
 2.52259e-06
 2.43218e-06
 2.34625e-06
 2.26422e-06
 2.18634e-06
 2.11237e-06
 2.04288e-06
 1.97652e-06
 1.91387e-06
 1.85763e-06
 1.80820e-06
 1.76710e-06
 1.73704e-06
 1.71752e-06
 1.99616e-06
 1.98933e-06
 1.97472e-06
 1.94899e-06
 1.91127e-06
 1.86381e-06
 1.81021e-06
 1.75351e-06
 1.69564e-06
 1.63765e-06
 1.58016e-06
 1.52351e-06
 1.46784e-06
 1.41311e-06
 1.35950e-06
 1.30886e-06
 1.26130e-06
 1.21609e-06
 1.17313e-06
 1.13211e-06
 1.09317e-06
 1.05619e-06
 1.02144e-06
 9.88258e-07
 9.56933e-07
 9.28815e-07
 9.04101e-07
 8.83552e-07
 8.68521e-07
 8.58761e-07
 9.98079e-07
 9.94664e-07
 9.87361e-07
 9.74495e-07
 9.55634e-07
 9.31903e-07
 9.05105e-07
 8.76757e-07
 8.47819e-07
 8.18823e-07
 7.90078e-07
 7.61757e-07
 7.33920e-07
 7.06556e-07
 6.79752e-07
 6.54428e-07
 6.30648e-07
 6.08045e-07
 5.86563e-07
 5.66056e-07
 5.46584e-07
 5.28093e-07
 5.10721e-07
 4.94129e-07
 4.78467e-07
 4.64408e-07
 4.52050e-07
 4.41776e-07
 4.34260e-07
 4.29380e-07
 1.99616e-06
 1.98933e-06
 1.97472e-06
 1.94899e-06
 1.91127e-06
 1.86381e-06
 1.81021e-06
 1.75351e-06
 1.69564e-06
 1.63765e-06
 1.58016e-06
 1.52351e-06
 1.46784e-06
 1.41311e-06
 1.35950e-06
 1.30886e-06
 1.26130e-06
 1.21609e-06
 1.17313e-06
 1.13211e-06
 1.09317e-06
 1.05619e-06
 1.02144e-06
 9.88258e-07
 9.56933e-07
 9.28815e-07
 9.04101e-07
 8.83552e-07
 8.68521e-07
 8.58761e-07
 1.99616e-06
 1.98933e-06
 1.97472e-06
 1.94899e-06
 1.91127e-06
 1.86381e-06
 1.81021e-06
 1.75351e-06
 1.69564e-06
 1.63765e-06
 1.58016e-06
 1.52351e-06
 1.46784e-06
 1.41311e-06
 1.35950e-06
 1.30886e-06
 1.26130e-06
 1.21609e-06
 1.17313e-06
 1.13211e-06
 1.09317e-06
 1.05619e-06
 1.02144e-06
 9.88258e-07
 9.56933e-07
 9.28815e-07
 9.04101e-07
 8.83552e-07
 8.68521e-07
 8.58761e-07
 1.99616e-06
 1.98933e-06
 1.97472e-06
 1.94899e-06
 1.91127e-06
 1.86381e-06
 1.81021e-06
 1.75351e-06
 1.69564e-06
 1.63765e-06
 1.58016e-06
 1.52351e-06
 1.46784e-06
 1.41311e-06
 1.35950e-06
 1.30886e-06
 1.26130e-06
 1.21609e-06
 1.17313e-06
 1.13211e-06
 1.09317e-06
 1.05619e-06
 1.02144e-06
 9.88258e-07
 9.56933e-07
 9.28815e-07
 9.04101e-07
 8.83552e-07
 8.68521e-07
 8.58761e-07
 1.99616e-06
 1.98933e-06
 1.97472e-06
 1.94899e-06
 1.91127e-06
 1.86381e-06
 1.81021e-06
 1.75351e-06
 1.69564e-06
 1.63765e-06
 1.58016e-06
 1.52351e-06
 1.46784e-06
 1.41311e-06
 1.35950e-06
 1.30886e-06
 1.26130e-06
 1.21609e-06
 1.17313e-06
 1.13211e-06
 1.09317e-06
 1.05619e-06
 1.02144e-06
 9.88258e-07
 9.56933e-07
 9.28815e-07
 9.04101e-07
 8.83552e-07
 8.68521e-07
 8.58761e-07
 9.98079e-07
 9.94664e-07
 9.87361e-07
 9.74495e-07
 9.55634e-07
 9.31903e-07
 9.05105e-07
 8.76757e-07
 8.47819e-07
 8.18823e-07
 7.90078e-07
 7.61757e-07
 7.33920e-07
 7.06556e-07
 6.79752e-07
 6.54428e-07
 6.30648e-07
 6.08045e-07
 5.86563e-07
 5.66056e-07
 5.46584e-07
 5.28093e-07
 5.10721e-07
 4.94129e-07
 4.78467e-07
 4.64408e-07
 4.52050e-07
 4.41776e-07
 4.34260e-07
 4.29380e-07
part
         3
coordinates
 4.64408e-07
 4.52050e-07
 4.41776e-07
 4.34260e-07
 4.29380e-07
 4.26697e-07
 4.25536e-07
 4.25035e-07
 4.24876e-07
 4.25009e-07
 4.25384e-07
 4.25811e-07
 4.25970e-07
 4.25707e-07
 4.24923e-07
 4.23317e-07
 4.19997e-07
 4.12935e-07
 3.99309e-07
 3.76635e-07
 3.43742e-07
 3.09838e-07
 2.86413e-07
 2.73387e-07
 2.66897e-07
 2.64114e-07
 2.63170e-07
 2.63053e-07
 2.63258e-07
 2.63450e-07
 9.28815e-07
 9.04101e-07
 8.83552e-07
 8.68521e-07
 8.58761e-07
 8.53394e-07
 8.51071e-07
 8.50069e-07
 8.49753e-07
 8.50019e-07
 8.50768e-07
 8.51622e-07
 8.51940e-07
 8.51414e-07
 8.49845e-07
 8.46634e-07
 8.39993e-07
 8.25870e-07
 7.98618e-07
 7.53271e-07
 6.87484e-07
 6.19675e-07
 5.72826e-07
 5.46773e-07
 5.33793e-07
 5.28228e-07
 5.26340e-07
 5.26106e-07
 5.26515e-07
 5.26899e-07
 9.28815e-07
 9.04101e-07
 8.83552e-07
 8.68521e-07
 8.58761e-07
 8.53394e-07
 8.51071e-07
 8.50069e-07
 8.49753e-07
 8.50019e-07
 8.50768e-07
 8.51622e-07
 8.51940e-07
 8.51414e-07
 8.49845e-07
 8.46634e-07
 8.39993e-07
 8.25870e-07
 7.98618e-07
 7.53271e-07
 6.87484e-07
 6.19675e-07
 5.72826e-07
 5.46773e-07
 5.33793e-07
 5.28228e-07
 5.26340e-07
 5.26106e-07
 5.26515e-07
 5.26899e-07
 9.28815e-07
 9.04101e-07
 8.83552e-07
 8.68521e-07
 8.58761e-07
 8.53394e-07
 8.51071e-07
 8.50069e-07
 8.49753e-07
 8.50019e-07
 8.50768e-07
 8.51622e-07
 8.51940e-07
 8.51414e-07
 8.49845e-07
 8.46634e-07
 8.39993e-07
 8.25870e-07
 7.98618e-07
 7.53271e-07
 6.87484e-07
 6.19675e-07
 5.72826e-07
 5.46773e-07
 5.33793e-07
 5.28228e-07
 5.26340e-07
 5.26106e-07
 5.26515e-07
 5.26899e-07
 9.28815e-07
 9.04101e-07
 8.83552e-07
 8.68521e-07
 8.58761e-07
 8.53394e-07
 8.51071e-07
 8.50069e-07
 8.49753e-07
 8.50019e-07
 8.50768e-07
 8.51622e-07
 8.51940e-07
 8.51414e-07
 8.49845e-07
 8.46634e-07
 8.39993e-07
 8.25870e-07
 7.98618e-07
 7.53271e-07
 6.87484e-07
 6.19675e-07
 5.72826e-07
 5.46773e-07
 5.33793e-07
 5.28228e-07
 5.26340e-07
 5.26106e-07
 5.26515e-07
 5.26899e-07
 4.64408e-07
 4.52050e-07
 4.41776e-07
 4.34260e-07
 4.29380e-07
 4.26697e-07
 4.25536e-07
 4.25035e-07
 4.24876e-07
 4.25009e-07
 4.25384e-07
 4.25811e-07
 4.25970e-07
 4.25707e-07
 4.24923e-07
 4.23317e-07
 4.19997e-07
 4.12935e-07
 3.99309e-07
 3.76635e-07
 3.43742e-07
 3.09838e-07
 2.86413e-07
 2.73387e-07
 2.66897e-07
 2.64114e-07
 2.63170e-07
 2.63053e-07
 2.63258e-07
 2.63450e-07
 9.28815e-07
 9.04101e-07
 8.83552e-07
 8.68521e-07
 8.58761e-07
 8.53394e-07
 8.51071e-07
 8.50069e-07
 8.49753e-07
 8.50019e-07
 8.50768e-07
 8.51622e-07
 8.51940e-07
 8.51414e-07
 8.49845e-07
 8.46634e-07
 8.39993e-07
 8.25870e-07
 7.98618e-07
 7.53271e-07
 6.87484e-07
 6.19675e-07
 5.72826e-07
 5.46773e-07
 5.33793e-07
 5.28228e-07
 5.26340e-07
 5.26106e-07
 5.26515e-07
 5.26899e-07
 1.85763e-06
 1.80820e-06
 1.76710e-06
 1.73704e-06
 1.71752e-06
 1.70679e-06
 1.70214e-06
 1.70014e-06
 1.69951e-06
 1.70004e-06
 1.70154e-06
 1.70324e-06
 1.70388e-06
 1.70283e-06
 1.69969e-06
 1.69327e-06
 1.67999e-06
 1.65174e-06
 1.59724e-06
 1.50654e-06
 1.37497e-06
 1.23935e-06
 1.14565e-06
 1.09355e-06
 1.06759e-06
 1.05646e-06
 1.05268e-06
 1.05221e-06
 1.05303e-06
 1.05380e-06
 1.85763e-06
 1.80820e-06
 1.76710e-06
 1.73704e-06
 1.71752e-06
 1.70679e-06
 1.70214e-06
 1.70014e-06
 1.69951e-06
 1.70004e-06
 1.70154e-06
 1.70324e-06
 1.70388e-06
 1.70283e-06
 1.69969e-06
 1.69327e-06
 1.67999e-06
 1.65174e-06
 1.59724e-06
 1.50654e-06
 1.37497e-06
 1.23935e-06
 1.14565e-06
 1.09355e-06
 1.06759e-06
 1.05646e-06
 1.05268e-06
 1.05221e-06
 1.05303e-06
 1.05380e-06
 1.85763e-06
 1.80820e-06
 1.76710e-06
 1.73704e-06
 1.71752e-06
 1.70679e-06
 1.70214e-06
 1.70014e-06
 1.69951e-06
 1.70004e-06
 1.70154e-06
 1.70324e-06
 1.70388e-06
 1.70283e-06
 1.69969e-06
 1.69327e-06
 1.67999e-06
 1.65174e-06
 1.59724e-06
 1.50654e-06
 1.37497e-06
 1.23935e-06
 1.14565e-06
 1.09355e-06
 1.06759e-06
 1.05646e-06
 1.05268e-06
 1.05221e-06
 1.05303e-06
 1.05380e-06
 1.85763e-06
 1.80820e-06
 1.76710e-06
 1.73704e-06
 1.71752e-06
 1.70679e-06
 1.70214e-06
 1.70014e-06
 1.69951e-06
 1.70004e-06
 1.70154e-06
 1.70324e-06
 1.70388e-06
 1.70283e-06
 1.69969e-06
 1.69327e-06
 1.67999e-06
 1.65174e-06
 1.59724e-06
 1.50654e-06
 1.37497e-06
 1.23935e-06
 1.14565e-06
 1.09355e-06
 1.06759e-06
 1.05646e-06
 1.05268e-06
 1.05221e-06
 1.05303e-06
 1.05380e-06
 9.28815e-07
 9.04101e-07
 8.83552e-07
 8.68521e-07
 8.58761e-07
 8.53394e-07
 8.51071e-07
 8.50069e-07
 8.49753e-07
 8.50019e-07
 8.50768e-07
 8.51622e-07
 8.51940e-07
 8.51414e-07
 8.49845e-07
 8.46634e-07
 8.39993e-07
 8.25870e-07
 7.98618e-07
 7.53271e-07
 6.87484e-07
 6.19675e-07
 5.72826e-07
 5.46773e-07
 5.33793e-07
 5.28228e-07
 5.26340e-07
 5.26106e-07
 5.26515e-07
 5.26899e-07
 9.28815e-07
 9.04101e-07
 8.83552e-07
 8.68521e-07
 8.58761e-07
 8.53394e-07
 8.51071e-07
 8.50069e-07
 8.49753e-07
 8.50019e-07
 8.50768e-07
 8.51622e-07
 8.51940e-07
 8.51414e-07
 8.49845e-07
 8.46634e-07
 8.39993e-07
 8.25870e-07
 7.98618e-07
 7.53271e-07
 6.87484e-07
 6.19675e-07
 5.72826e-07
 5.46773e-07
 5.33793e-07
 5.28228e-07
 5.26340e-07
 5.26106e-07
 5.26515e-07
 5.26899e-07
 1.85763e-06
 1.80820e-06
 1.76710e-06
 1.73704e-06
 1.71752e-06
 1.70679e-06
 1.70214e-06
 1.70014e-06
 1.69951e-06
 1.70004e-06
 1.70154e-06
 1.70324e-06
 1.70388e-06
 1.70283e-06
 1.69969e-06
 1.69327e-06
 1.67999e-06
 1.65174e-06
 1.59724e-06
 1.50654e-06
 1.37497e-06
 1.23935e-06
 1.14565e-06
 1.09355e-06
 1.06759e-06
 1.05646e-06
 1.05268e-06
 1.05221e-06
 1.05303e-06
 1.05380e-06
 1.85763e-06
 1.80820e-06
 1.76710e-06
 1.73704e-06
 1.71752e-06
 1.70679e-06
 1.70214e-06
 1.70014e-06
 1.69951e-06
 1.70004e-06
 1.70154e-06
 1.70324e-06
 1.70388e-06
 1.70283e-06
 1.69969e-06
 1.69327e-06
 1.67999e-06
 1.65174e-06
 1.59724e-06
 1.50654e-06
 1.37497e-06
 1.23935e-06
 1.14565e-06
 1.09355e-06
 1.06759e-06
 1.05646e-06
 1.05268e-06
 1.05221e-06
 1.05303e-06
 1.05380e-06
 1.85763e-06
 1.80820e-06
 1.76710e-06
 1.73704e-06
 1.71752e-06
 1.70679e-06
 1.70214e-06
 1.70014e-06
 1.69951e-06
 1.70004e-06
 1.70154e-06
 1.70324e-06
 1.70388e-06
 1.70283e-06
 1.69969e-06
 1.69327e-06
 1.67999e-06
 1.65174e-06
 1.59724e-06
 1.50654e-06
 1.37497e-06
 1.23935e-06
 1.14565e-06
 1.09355e-06
 1.06759e-06
 1.05646e-06
 1.05268e-06
 1.05221e-06
 1.05303e-06
 1.05380e-06
 1.85763e-06
 1.80820e-06
 1.76710e-06
 1.73704e-06
 1.71752e-06
 1.70679e-06
 1.70214e-06
 1.70014e-06
 1.69951e-06
 1.70004e-06
 1.70154e-06
 1.70324e-06
 1.70388e-06
 1.70283e-06
 1.69969e-06
 1.69327e-06
 1.67999e-06
 1.65174e-06
 1.59724e-06
 1.50654e-06
 1.37497e-06
 1.23935e-06
 1.14565e-06
 1.09355e-06
 1.06759e-06
 1.05646e-06
 1.05268e-06
 1.05221e-06
 1.05303e-06
 1.05380e-06
 9.28815e-07
 9.04101e-07
 8.83552e-07
 8.68521e-07
 8.58761e-07
 8.53394e-07
 8.51071e-07
 8.50069e-07
 8.49753e-07
 8.50019e-07
 8.50768e-07
 8.51622e-07
 8.51940e-07
 8.51414e-07
 8.49845e-07
 8.46634e-07
 8.39993e-07
 8.25870e-07
 7.98618e-07
 7.53271e-07
 6.87484e-07
 6.19675e-07
 5.72826e-07
 5.46773e-07
 5.33793e-07
 5.28228e-07
 5.26340e-07
 5.26106e-07
 5.26515e-07
 5.26899e-07
 9.28815e-07
 9.04101e-07
 8.83552e-07
 8.68521e-07
 8.58761e-07
 8.53394e-07
 8.51071e-07
 8.50069e-07
 8.49753e-07
 8.50019e-07
 8.50768e-07
 8.51622e-07
 8.51940e-07
 8.51414e-07
 8.49845e-07
 8.46634e-07
 8.39993e-07
 8.25870e-07
 7.98618e-07
 7.53271e-07
 6.87484e-07
 6.19675e-07
 5.72826e-07
 5.46773e-07
 5.33793e-07
 5.28228e-07
 5.26340e-07
 5.26106e-07
 5.26515e-07
 5.26899e-07
 1.85763e-06
 1.80820e-06
 1.76710e-06
 1.73704e-06
 1.71752e-06
 1.70679e-06
 1.70214e-06
 1.70014e-06
 1.69951e-06
 1.70004e-06
 1.70154e-06
 1.70324e-06
 1.70388e-06
 1.70283e-06
 1.69969e-06
 1.69327e-06
 1.67999e-06
 1.65174e-06
 1.59724e-06
 1.50654e-06
 1.37497e-06
 1.23935e-06
 1.14565e-06
 1.09355e-06
 1.06759e-06
 1.05646e-06
 1.05268e-06
 1.05221e-06
 1.05303e-06
 1.05380e-06
 1.85763e-06
 1.80820e-06
 1.76710e-06
 1.73704e-06
 1.71752e-06
 1.70679e-06
 1.70214e-06
 1.70014e-06
 1.69951e-06
 1.70004e-06
 1.70154e-06
 1.70324e-06
 1.70388e-06
 1.70283e-06
 1.69969e-06
 1.69327e-06
 1.67999e-06
 1.65174e-06
 1.59724e-06
 1.50654e-06
 1.37497e-06
 1.23935e-06
 1.14565e-06
 1.09355e-06
 1.06759e-06
 1.05646e-06
 1.05268e-06
 1.05221e-06
 1.05303e-06
 1.05380e-06
 1.85763e-06
 1.80820e-06
 1.76710e-06
 1.73704e-06
 1.71752e-06
 1.70679e-06
 1.70214e-06
 1.70014e-06
 1.69951e-06
 1.70004e-06
 1.70154e-06
 1.70324e-06
 1.70388e-06
 1.70283e-06
 1.69969e-06
 1.69327e-06
 1.67999e-06
 1.65174e-06
 1.59724e-06
 1.50654e-06
 1.37497e-06
 1.23935e-06
 1.14565e-06
 1.09355e-06
 1.06759e-06
 1.05646e-06
 1.05268e-06
 1.05221e-06
 1.05303e-06
 1.05380e-06
 1.85763e-06
 1.80820e-06
 1.76710e-06
 1.73704e-06
 1.71752e-06
 1.70679e-06
 1.70214e-06
 1.70014e-06
 1.69951e-06
 1.70004e-06
 1.70154e-06
 1.70324e-06
 1.70388e-06
 1.70283e-06
 1.69969e-06
 1.69327e-06
 1.67999e-06
 1.65174e-06
 1.59724e-06
 1.50654e-06
 1.37497e-06
 1.23935e-06
 1.14565e-06
 1.09355e-06
 1.06759e-06
 1.05646e-06
 1.05268e-06
 1.05221e-06
 1.05303e-06
 1.05380e-06
 9.28815e-07
 9.04101e-07
 8.83552e-07
 8.68521e-07
 8.58761e-07
 8.53394e-07
 8.51071e-07
 8.50069e-07
 8.49753e-07
 8.50019e-07
 8.50768e-07
 8.51622e-07
 8.51940e-07
 8.51414e-07
 8.49845e-07
 8.46634e-07
 8.39993e-07
 8.25870e-07
 7.98618e-07
 7.53271e-07
 6.87484e-07
 6.19675e-07
 5.72826e-07
 5.46773e-07
 5.33793e-07
 5.28228e-07
 5.26340e-07
 5.26106e-07
 5.26515e-07
 5.26899e-07
 9.28815e-07
 9.04101e-07
 8.83552e-07
 8.68521e-07
 8.58761e-07
 8.53394e-07
 8.51071e-07
 8.50069e-07
 8.49753e-07
 8.50019e-07
 8.50768e-07
 8.51622e-07
 8.51940e-07
 8.51414e-07
 8.49845e-07
 8.46634e-07
 8.39993e-07
 8.25870e-07
 7.98618e-07
 7.53271e-07
 6.87484e-07
 6.19675e-07
 5.72826e-07
 5.46773e-07
 5.33793e-07
 5.28228e-07
 5.26340e-07
 5.26106e-07
 5.26515e-07
 5.26899e-07
 1.85763e-06
 1.80820e-06
 1.76710e-06
 1.73704e-06
 1.71752e-06
 1.70679e-06
 1.70214e-06
 1.70014e-06
 1.69951e-06
 1.70004e-06
 1.70154e-06
 1.70324e-06
 1.70388e-06
 1.70283e-06
 1.69969e-06
 1.69327e-06
 1.67999e-06
 1.65174e-06
 1.59724e-06
 1.50654e-06
 1.37497e-06
 1.23935e-06
 1.14565e-06
 1.09355e-06
 1.06759e-06
 1.05646e-06
 1.05268e-06
 1.05221e-06
 1.05303e-06
 1.05380e-06
 1.85763e-06
 1.80820e-06
 1.76710e-06
 1.73704e-06
 1.71752e-06
 1.70679e-06
 1.70214e-06
 1.70014e-06
 1.69951e-06
 1.70004e-06
 1.70154e-06
 1.70324e-06
 1.70388e-06
 1.70283e-06
 1.69969e-06
 1.69327e-06
 1.67999e-06
 1.65174e-06
 1.59724e-06
 1.50654e-06
 1.37497e-06
 1.23935e-06
 1.14565e-06
 1.09355e-06
 1.06759e-06
 1.05646e-06
 1.05268e-06
 1.05221e-06
 1.05303e-06
 1.05380e-06
 1.85763e-06
 1.80820e-06
 1.76710e-06
 1.73704e-06
 1.71752e-06
 1.70679e-06
 1.70214e-06
 1.70014e-06
 1.69951e-06
 1.70004e-06
 1.70154e-06
 1.70324e-06
 1.70388e-06
 1.70283e-06
 1.69969e-06
 1.69327e-06
 1.67999e-06
 1.65174e-06
 1.59724e-06
 1.50654e-06
 1.37497e-06
 1.23935e-06
 1.14565e-06
 1.09355e-06
 1.06759e-06
 1.05646e-06
 1.05268e-06
 1.05221e-06
 1.05303e-06
 1.05380e-06
 1.85763e-06
 1.80820e-06
 1.76710e-06
 1.73704e-06
 1.71752e-06
 1.70679e-06
 1.70214e-06
 1.70014e-06
 1.69951e-06
 1.70004e-06
 1.70154e-06
 1.70324e-06
 1.70388e-06
 1.70283e-06
 1.69969e-06
 1.69327e-06
 1.67999e-06
 1.65174e-06
 1.59724e-06
 1.50654e-06
 1.37497e-06
 1.23935e-06
 1.14565e-06
 1.09355e-06
 1.06759e-06
 1.05646e-06
 1.05268e-06
 1.05221e-06
 1.05303e-06
 1.05380e-06
 9.28815e-07
 9.04101e-07
 8.83552e-07
 8.68521e-07
 8.58761e-07
 8.53394e-07
 8.51071e-07
 8.50069e-07
 8.49753e-07
 8.50019e-07
 8.50768e-07
 8.51622e-07
 8.51940e-07
 8.51414e-07
 8.49845e-07
 8.46634e-07
 8.39993e-07
 8.25870e-07
 7.98618e-07
 7.53271e-07
 6.87484e-07
 6.19675e-07
 5.72826e-07
 5.46773e-07
 5.33793e-07
 5.28228e-07
 5.26340e-07
 5.26106e-07
 5.26515e-07
 5.26899e-07
 4.64408e-07
 4.52050e-07
 4.41776e-07
 4.34260e-07
 4.29380e-07
 4.26697e-07
 4.25536e-07
 4.25035e-07
 4.24876e-07
 4.25009e-07
 4.25384e-07
 4.25811e-07
 4.25970e-07
 4.25707e-07
 4.24923e-07
 4.23317e-07
 4.19997e-07
 4.12935e-07
 3.99309e-07
 3.76635e-07
 3.43742e-07
 3.09838e-07
 2.86413e-07
 2.73387e-07
 2.66897e-07
 2.64114e-07
 2.63170e-07
 2.63053e-07
 2.63258e-07
 2.63450e-07
 9.28815e-07
 9.04101e-07
 8.83552e-07
 8.68521e-07
 8.58761e-07
 8.53394e-07
 8.51071e-07
 8.50069e-07
 8.49753e-07
 8.50019e-07
 8.50768e-07
 8.51622e-07
 8.51940e-07
 8.51414e-07
 8.49845e-07
 8.46634e-07
 8.39993e-07
 8.25870e-07
 7.98618e-07
 7.53271e-07
 6.87484e-07
 6.19675e-07
 5.72826e-07
 5.46773e-07
 5.33793e-07
 5.28228e-07
 5.26340e-07
 5.26106e-07
 5.26515e-07
 5.26899e-07
 9.28815e-07
 9.04101e-07
 8.83552e-07
 8.68521e-07
 8.58761e-07
 8.53394e-07
 8.51071e-07
 8.50069e-07
 8.49753e-07
 8.50019e-07
 8.50768e-07
 8.51622e-07
 8.51940e-07
 8.51414e-07
 8.49845e-07
 8.46634e-07
 8.39993e-07
 8.25870e-07
 7.98618e-07
 7.53271e-07
 6.87484e-07
 6.19675e-07
 5.72826e-07
 5.46773e-07
 5.33793e-07
 5.28228e-07
 5.26340e-07
 5.26106e-07
 5.26515e-07
 5.26899e-07
 9.28815e-07
 9.04101e-07
 8.83552e-07
 8.68521e-07
 8.58761e-07
 8.53394e-07
 8.51071e-07
 8.50069e-07
 8.49753e-07
 8.50019e-07
 8.50768e-07
 8.51622e-07
 8.51940e-07
 8.51414e-07
 8.49845e-07
 8.46634e-07
 8.39993e-07
 8.25870e-07
 7.98618e-07
 7.53271e-07
 6.87484e-07
 6.19675e-07
 5.72826e-07
 5.46773e-07
 5.33793e-07
 5.28228e-07
 5.26340e-07
 5.26106e-07
 5.26515e-07
 5.26899e-07
 9.28815e-07
 9.04101e-07
 8.83552e-07
 8.68521e-07
 8.58761e-07
 8.53394e-07
 8.51071e-07
 8.50069e-07
 8.49753e-07
 8.50019e-07
 8.50768e-07
 8.51622e-07
 8.51940e-07
 8.51414e-07
 8.49845e-07
 8.46634e-07
 8.39993e-07
 8.25870e-07
 7.98618e-07
 7.53271e-07
 6.87484e-07
 6.19675e-07
 5.72826e-07
 5.46773e-07
 5.33793e-07
 5.28228e-07
 5.26340e-07
 5.26106e-07
 5.26515e-07
 5.26899e-07
 4.64408e-07
 4.52050e-07
 4.41776e-07
 4.34260e-07
 4.29380e-07
 4.26697e-07
 4.25536e-07
 4.25035e-07
 4.24876e-07
 4.25009e-07
 4.25384e-07
 4.25811e-07
 4.25970e-07
 4.25707e-07
 4.24923e-07
 4.23317e-07
 4.19997e-07
 4.12935e-07
 3.99309e-07
 3.76635e-07
 3.43742e-07
 3.09838e-07
 2.86413e-07
 2.73387e-07
 2.66897e-07
 2.64114e-07
 2.63170e-07
 2.63053e-07
 2.63258e-07
 2.63450e-07
part
         4
coordinates
 2.64114e-07
 2.63170e-07
 2.63053e-07
 2.63258e-07
 2.63450e-07
 2.63399e-07
 2.62761e-07
 2.60861e-07
 2.56800e-07
 2.49560e-07
 2.38400e-07
 2.23015e-07
 2.02177e-07
 1.77691e-07
 1.55860e-07
 1.40470e-07
 1.31442e-07
 1.27207e-07
 1.25650e-07
 1.25176e-07
 1.25046e-07
 1.25012e-07
 1.25003e-07
 1.25001e-07
 1.25000e-07
 1.25000e-07
 1.25000e-07
 6.25000e-08
 5.28228e-07
 5.26340e-07
 5.26106e-07
 5.26515e-07
 5.26899e-07
 5.26798e-07
 5.25522e-07
 5.21723e-07
 5.13600e-07
 4.99120e-07
 4.76800e-07
 4.46029e-07
 4.04353e-07
 3.55382e-07
 3.11720e-07
 2.80941e-07
 2.62883e-07
 2.54414e-07
 2.51301e-07
 2.50353e-07
 2.50092e-07
 2.50024e-07
 2.50006e-07
 2.50001e-07
 2.50000e-07
 2.50000e-07
 2.50000e-07
 1.25000e-07
 5.28228e-07
 5.26340e-07
 5.26106e-07
 5.26515e-07
 5.26899e-07
 5.26798e-07
 5.25522e-07
 5.21723e-07
 5.13600e-07
 4.99120e-07
 4.76800e-07
 4.46029e-07
 4.04353e-07
 3.55382e-07
 3.11720e-07
 2.80941e-07
 2.62883e-07
 2.54414e-07
 2.51301e-07
 2.50353e-07
 2.50092e-07
 2.50024e-07
 2.50006e-07
 2.50001e-07
 2.50000e-07
 2.50000e-07
 2.50000e-07
 1.25000e-07
 5.28228e-07
 5.26340e-07
 5.26106e-07
 5.26515e-07
 5.26899e-07
 5.26798e-07
 5.25522e-07
 5.21723e-07
 5.13600e-07
 4.99120e-07
 4.76800e-07
 4.46029e-07
 4.04353e-07
 3.55382e-07
 3.11720e-07
 2.80941e-07
 2.62883e-07
 2.54414e-07
 2.51301e-07
 2.50353e-07
 2.50092e-07
 2.50024e-07
 2.50006e-07
 2.50001e-07
 2.50000e-07
 2.50000e-07
 2.50000e-07
 1.25000e-07
 5.28228e-07
 5.26340e-07
 5.26106e-07
 5.26515e-07
 5.26899e-07
 5.26798e-07
 5.25522e-07
 5.21723e-07
 5.13600e-07
 4.99120e-07
 4.76800e-07
 4.46029e-07
 4.04353e-07
 3.55382e-07
 3.11720e-07
 2.80941e-07
 2.62883e-07
 2.54414e-07
 2.51301e-07
 2.50353e-07
 2.50092e-07
 2.50024e-07
 2.50006e-07
 2.50001e-07
 2.50000e-07
 2.50000e-07
 2.50000e-07
 1.25000e-07
 2.64114e-07
 2.63170e-07
 2.63053e-07
 2.63258e-07
 2.63450e-07
 2.63399e-07
 2.62761e-07
 2.60861e-07
 2.56800e-07
 2.49560e-07
 2.38400e-07
 2.23015e-07
 2.02177e-07
 1.77691e-07
 1.55860e-07
 1.40470e-07
 1.31442e-07
 1.27207e-07
 1.25650e-07
 1.25176e-07
 1.25046e-07
 1.25012e-07
 1.25003e-07
 1.25001e-07
 1.25000e-07
 1.25000e-07
 1.25000e-07
 6.25000e-08
 5.28228e-07
 5.26340e-07
 5.26106e-07
 5.26515e-07
 5.26899e-07
 5.26798e-07
 5.25522e-07
 5.21723e-07
 5.13600e-07
 4.99120e-07
 4.76800e-07
 4.46029e-07
 4.04353e-07
 3.55382e-07
 3.11720e-07
 2.80941e-07
 2.62883e-07
 2.54414e-07
 2.51301e-07
 2.50353e-07
 2.50092e-07
 2.50024e-07
 2.50006e-07
 2.50001e-07
 2.50000e-07
 2.50000e-07
 2.50000e-07
 1.25000e-07
 1.05646e-06
 1.05268e-06
 1.05221e-06
 1.05303e-06
 1.05380e-06
 1.05360e-06
 1.05104e-06
 1.04345e-06
 1.02720e-06
 9.98239e-07
 9.53601e-07
 8.92059e-07
 8.08707e-07
 7.10765e-07
 6.23440e-07
 5.61881e-07
 5.25767e-07
 5.08829e-07
 5.02601e-07
 5.00706e-07
 5.00184e-07
 5.00047e-07
 5.00012e-07
 5.00003e-07
 5.00001e-07
 5.00000e-07
 5.00000e-07
 2.50000e-07
 1.05646e-06
 1.05268e-06
 1.05221e-06
 1.05303e-06
 1.05380e-06
 1.05360e-06
 1.05104e-06
 1.04345e-06
 1.02720e-06
 9.98239e-07
 9.53601e-07
 8.92059e-07
 8.08707e-07
 7.10765e-07
 6.23440e-07
 5.61881e-07
 5.25767e-07
 5.08829e-07
 5.02601e-07
 5.00706e-07
 5.00184e-07
 5.00047e-07
 5.00012e-07
 5.00003e-07
 5.00001e-07
 5.00000e-07
 5.00000e-07
 2.50000e-07
 1.05646e-06
 1.05268e-06
 1.05221e-06
 1.05303e-06
 1.05380e-06
 1.05360e-06
 1.05104e-06
 1.04345e-06
 1.02720e-06
 9.98239e-07
 9.53601e-07
 8.92059e-07
 8.08707e-07
 7.10765e-07
 6.23440e-07
 5.61881e-07
 5.25767e-07
 5.08829e-07
 5.02601e-07
 5.00706e-07
 5.00184e-07
 5.00047e-07
 5.00012e-07
 5.00003e-07
 5.00001e-07
 5.00000e-07
 5.00000e-07
 2.50000e-07
 1.05646e-06
 1.05268e-06
 1.05221e-06
 1.05303e-06
 1.05380e-06
 1.05360e-06
 1.05104e-06
 1.04345e-06
 1.02720e-06
 9.98239e-07
 9.53601e-07
 8.92059e-07
 8.08707e-07
 7.10765e-07
 6.23440e-07
 5.61881e-07
 5.25767e-07
 5.08829e-07
 5.02601e-07
 5.00706e-07
 5.00184e-07
 5.00047e-07
 5.00012e-07
 5.00003e-07
 5.00001e-07
 5.00000e-07
 5.00000e-07
 2.50000e-07
 5.28228e-07
 5.26340e-07
 5.26106e-07
 5.26515e-07
 5.26899e-07
 5.26798e-07
 5.25522e-07
 5.21723e-07
 5.13600e-07
 4.99120e-07
 4.76800e-07
 4.46029e-07
 4.04353e-07
 3.55382e-07
 3.11720e-07
 2.80941e-07
 2.62883e-07
 2.54414e-07
 2.51301e-07
 2.50353e-07
 2.50092e-07
 2.50024e-07
 2.50006e-07
 2.50001e-07
 2.50000e-07
 2.50000e-07
 2.50000e-07
 1.25000e-07
 5.28228e-07
 5.26340e-07
 5.26106e-07
 5.26515e-07
 5.26899e-07
 5.26798e-07
 5.25522e-07
 5.21723e-07
 5.13600e-07
 4.99120e-07
 4.76800e-07
 4.46029e-07
 4.04353e-07
 3.55382e-07
 3.11720e-07
 2.80941e-07
 2.62883e-07
 2.54414e-07
 2.51301e-07
 2.50353e-07
 2.50092e-07
 2.50024e-07
 2.50006e-07
 2.50001e-07
 2.50000e-07
 2.50000e-07
 2.50000e-07
 1.25000e-07
 1.05646e-06
 1.05268e-06
 1.05221e-06
 1.05303e-06
 1.05380e-06
 1.05360e-06
 1.05104e-06
 1.04345e-06
 1.02720e-06
 9.98239e-07
 9.53601e-07
 8.92059e-07
 8.08707e-07
 7.10765e-07
 6.23440e-07
 5.61881e-07
 5.25767e-07
 5.08829e-07
 5.02601e-07
 5.00706e-07
 5.00184e-07
 5.00047e-07
 5.00012e-07
 5.00003e-07
 5.00001e-07
 5.00000e-07
 5.00000e-07
 2.50000e-07
 1.05646e-06
 1.05268e-06
 1.05221e-06
 1.05303e-06
 1.05380e-06
 1.05360e-06
 1.05104e-06
 1.04345e-06
 1.02720e-06
 9.98239e-07
 9.53601e-07
 8.92059e-07
 8.08707e-07
 7.10765e-07
 6.23440e-07
 5.61881e-07
 5.25767e-07
 5.08829e-07
 5.02601e-07
 5.00706e-07
 5.00184e-07
 5.00047e-07
 5.00012e-07
 5.00003e-07
 5.00001e-07
 5.00000e-07
 5.00000e-07
 2.50000e-07
 1.05646e-06
 1.05268e-06
 1.05221e-06
 1.05303e-06
 1.05380e-06
 1.05360e-06
 1.05104e-06
 1.04345e-06
 1.02720e-06
 9.98239e-07
 9.53601e-07
 8.92059e-07
 8.08707e-07
 7.10765e-07
 6.23440e-07
 5.61881e-07
 5.25767e-07
 5.08829e-07
 5.02601e-07
 5.00706e-07
 5.00184e-07
 5.00047e-07
 5.00012e-07
 5.00003e-07
 5.00001e-07
 5.00000e-07
 5.00000e-07
 2.50000e-07
 1.05646e-06
 1.05268e-06
 1.05221e-06
 1.05303e-06
 1.05380e-06
 1.05360e-06
 1.05104e-06
 1.04345e-06
 1.02720e-06
 9.98239e-07
 9.53601e-07
 8.92059e-07
 8.08707e-07
 7.10765e-07
 6.23440e-07
 5.61881e-07
 5.25767e-07
 5.08829e-07
 5.02601e-07
 5.00706e-07
 5.00184e-07
 5.00047e-07
 5.00012e-07
 5.00003e-07
 5.00001e-07
 5.00000e-07
 5.00000e-07
 2.50000e-07
 5.28228e-07
 5.26340e-07
 5.26106e-07
 5.26515e-07
 5.26899e-07
 5.26798e-07
 5.25522e-07
 5.21723e-07
 5.13600e-07
 4.99120e-07
 4.76800e-07
 4.46029e-07
 4.04353e-07
 3.55382e-07
 3.11720e-07
 2.80941e-07
 2.62883e-07
 2.54414e-07
 2.51301e-07
 2.50353e-07
 2.50092e-07
 2.50024e-07
 2.50006e-07
 2.50001e-07
 2.50000e-07
 2.50000e-07
 2.50000e-07
 1.25000e-07
 5.28228e-07
 5.26340e-07
 5.26106e-07
 5.26515e-07
 5.26899e-07
 5.26798e-07
 5.25522e-07
 5.21723e-07
 5.13600e-07
 4.99120e-07
 4.76800e-07
 4.46029e-07
 4.04353e-07
 3.55382e-07
 3.11720e-07
 2.80941e-07
 2.62883e-07
 2.54414e-07
 2.51301e-07
 2.50353e-07
 2.50092e-07
 2.50024e-07
 2.50006e-07
 2.50001e-07
 2.50000e-07
 2.50000e-07
 2.50000e-07
 1.25000e-07
 1.05646e-06
 1.05268e-06
 1.05221e-06
 1.05303e-06
 1.05380e-06
 1.05360e-06
 1.05104e-06
 1.04345e-06
 1.02720e-06
 9.98239e-07
 9.53601e-07
 8.92059e-07
 8.08707e-07
 7.10765e-07
 6.23440e-07
 5.61881e-07
 5.25767e-07
 5.08829e-07
 5.02601e-07
 5.00706e-07
 5.00184e-07
 5.00047e-07
 5.00012e-07
 5.00003e-07
 5.00001e-07
 5.00000e-07
 5.00000e-07
 2.50000e-07
 1.05646e-06
 1.05268e-06
 1.05221e-06
 1.05303e-06
 1.05380e-06
 1.05360e-06
 1.05104e-06
 1.04345e-06
 1.02720e-06
 9.98239e-07
 9.53601e-07
 8.92059e-07
 8.08707e-07
 7.10765e-07
 6.23440e-07
 5.61881e-07
 5.25767e-07
 5.08829e-07
 5.02601e-07
 5.00706e-07
 5.00184e-07
 5.00047e-07
 5.00012e-07
 5.00003e-07
 5.00001e-07
 5.00000e-07
 5.00000e-07
 2.50000e-07
 1.05646e-06
 1.05268e-06
 1.05221e-06
 1.05303e-06
 1.05380e-06
 1.05360e-06
 1.05104e-06
 1.04345e-06
 1.02720e-06
 9.98239e-07
 9.53601e-07
 8.92059e-07
 8.08707e-07
 7.10765e-07
 6.23440e-07
 5.61881e-07
 5.25767e-07
 5.08829e-07
 5.02601e-07
 5.00706e-07
 5.00184e-07
 5.00047e-07
 5.00012e-07
 5.00003e-07
 5.00001e-07
 5.00000e-07
 5.00000e-07
 2.50000e-07
 1.05646e-06
 1.05268e-06
 1.05221e-06
 1.05303e-06
 1.05380e-06
 1.05360e-06
 1.05104e-06
 1.04345e-06
 1.02720e-06
 9.98239e-07
 9.53601e-07
 8.92059e-07
 8.08707e-07
 7.10765e-07
 6.23440e-07
 5.61881e-07
 5.25767e-07
 5.08829e-07
 5.02601e-07
 5.00706e-07
 5.00184e-07
 5.00047e-07
 5.00012e-07
 5.00003e-07
 5.00001e-07
 5.00000e-07
 5.00000e-07
 2.50000e-07
 5.28228e-07
 5.26340e-07
 5.26106e-07
 5.26515e-07
 5.26899e-07
 5.26798e-07
 5.25522e-07
 5.21723e-07
 5.13600e-07
 4.99120e-07
 4.76800e-07
 4.46029e-07
 4.04353e-07
 3.55382e-07
 3.11720e-07
 2.80941e-07
 2.62883e-07
 2.54414e-07
 2.51301e-07
 2.50353e-07
 2.50092e-07
 2.50024e-07
 2.50006e-07
 2.50001e-07
 2.50000e-07
 2.50000e-07
 2.50000e-07
 1.25000e-07
 5.28228e-07
 5.26340e-07
 5.26106e-07
 5.26515e-07
 5.26899e-07
 5.26798e-07
 5.25522e-07
 5.21723e-07
 5.13600e-07
 4.99120e-07
 4.76800e-07
 4.46029e-07
 4.04353e-07
 3.55382e-07
 3.11720e-07
 2.80941e-07
 2.62883e-07
 2.54414e-07
 2.51301e-07
 2.50353e-07
 2.50092e-07
 2.50024e-07
 2.50006e-07
 2.50001e-07
 2.50000e-07
 2.50000e-07
 2.50000e-07
 1.25000e-07
 1.05646e-06
 1.05268e-06
 1.05221e-06
 1.05303e-06
 1.05380e-06
 1.05360e-06
 1.05104e-06
 1.04345e-06
 1.02720e-06
 9.98239e-07
 9.53601e-07
 8.92059e-07
 8.08707e-07
 7.10765e-07
 6.23440e-07
 5.61881e-07
 5.25767e-07
 5.08829e-07
 5.02601e-07
 5.00706e-07
 5.00184e-07
 5.00047e-07
 5.00012e-07
 5.00003e-07
 5.00001e-07
 5.00000e-07
 5.00000e-07
 2.50000e-07
 1.05646e-06
 1.05268e-06
 1.05221e-06
 1.05303e-06
 1.05380e-06
 1.05360e-06
 1.05104e-06
 1.04345e-06
 1.02720e-06
 9.98239e-07
 9.53601e-07
 8.92059e-07
 8.08707e-07
 7.10765e-07
 6.23440e-07
 5.61881e-07
 5.25767e-07
 5.08829e-07
 5.02601e-07
 5.00706e-07
 5.00184e-07
 5.00047e-07
 5.00012e-07
 5.00003e-07
 5.00001e-07
 5.00000e-07
 5.00000e-07
 2.50000e-07
 1.05646e-06
 1.05268e-06
 1.05221e-06
 1.05303e-06
 1.05380e-06
 1.05360e-06
 1.05104e-06
 1.04345e-06
 1.02720e-06
 9.98239e-07
 9.53601e-07
 8.92059e-07
 8.08707e-07
 7.10765e-07
 6.23440e-07
 5.61881e-07
 5.25767e-07
 5.08829e-07
 5.02601e-07
 5.00706e-07
 5.00184e-07
 5.00047e-07
 5.00012e-07
 5.00003e-07
 5.00001e-07
 5.00000e-07
 5.00000e-07
 2.50000e-07
 1.05646e-06
 1.05268e-06
 1.05221e-06
 1.05303e-06
 1.05380e-06
 1.05360e-06
 1.05104e-06
 1.04345e-06
 1.02720e-06
 9.98239e-07
 9.53601e-07
 8.92059e-07
 8.08707e-07
 7.10765e-07
 6.23440e-07
 5.61881e-07
 5.25767e-07
 5.08829e-07
 5.02601e-07
 5.00706e-07
 5.00184e-07
 5.00047e-07
 5.00012e-07
 5.00003e-07
 5.00001e-07
 5.00000e-07
 5.00000e-07
 2.50000e-07
 5.28228e-07
 5.26340e-07
 5.26106e-07
 5.26515e-07
 5.26899e-07
 5.26798e-07
 5.25522e-07
 5.21723e-07
 5.13600e-07
 4.99120e-07
 4.76800e-07
 4.46029e-07
 4.04353e-07
 3.55382e-07
 3.11720e-07
 2.80941e-07
 2.62883e-07
 2.54414e-07
 2.51301e-07
 2.50353e-07
 2.50092e-07
 2.50024e-07
 2.50006e-07
 2.50001e-07
 2.50000e-07
 2.50000e-07
 2.50000e-07
 1.25000e-07
 2.64114e-07
 2.63170e-07
 2.63053e-07
 2.63258e-07
 2.63450e-07
 2.63399e-07
 2.62761e-07
 2.60861e-07
 2.56800e-07
 2.49560e-07
 2.38400e-07
 2.23015e-07
 2.02177e-07
 1.77691e-07
 1.55860e-07
 1.40470e-07
 1.31442e-07
 1.27207e-07
 1.25650e-07
 1.25176e-07
 1.25046e-07
 1.25012e-07
 1.25003e-07
 1.25001e-07
 1.25000e-07
 1.25000e-07
 1.25000e-07
 6.25000e-08
 5.28228e-07
 5.26340e-07
 5.26106e-07
 5.26515e-07
 5.26899e-07
 5.26798e-07
 5.25522e-07
 5.21723e-07
 5.13600e-07
 4.99120e-07
 4.76800e-07
 4.46029e-07
 4.04353e-07
 3.55382e-07
 3.11720e-07
 2.80941e-07
 2.62883e-07
 2.54414e-07
 2.51301e-07
 2.50353e-07
 2.50092e-07
 2.50024e-07
 2.50006e-07
 2.50001e-07
 2.50000e-07
 2.50000e-07
 2.50000e-07
 1.25000e-07
 5.28228e-07
 5.26340e-07
 5.26106e-07
 5.26515e-07
 5.26899e-07
 5.26798e-07
 5.25522e-07
 5.21723e-07
 5.13600e-07
 4.99120e-07
 4.76800e-07
 4.46029e-07
 4.04353e-07
 3.55382e-07
 3.11720e-07
 2.80941e-07
 2.62883e-07
 2.54414e-07
 2.51301e-07
 2.50353e-07
 2.50092e-07
 2.50024e-07
 2.50006e-07
 2.50001e-07
 2.50000e-07
 2.50000e-07
 2.50000e-07
 1.25000e-07
 5.28228e-07
 5.26340e-07
 5.26106e-07
 5.26515e-07
 5.26899e-07
 5.26798e-07
 5.25522e-07
 5.21723e-07
 5.13600e-07
 4.99120e-07
 4.76800e-07
 4.46029e-07
 4.04353e-07
 3.55382e-07
 3.11720e-07
 2.80941e-07
 2.62883e-07
 2.54414e-07
 2.51301e-07
 2.50353e-07
 2.50092e-07
 2.50024e-07
 2.50006e-07
 2.50001e-07
 2.50000e-07
 2.50000e-07
 2.50000e-07
 1.25000e-07
 5.28228e-07
 5.26340e-07
 5.26106e-07
 5.26515e-07
 5.26899e-07
 5.26798e-07
 5.25522e-07
 5.21723e-07
 5.13600e-07
 4.99120e-07
 4.76800e-07
 4.46029e-07
 4.04353e-07
 3.55382e-07
 3.11720e-07
 2.80941e-07
 2.62883e-07
 2.54414e-07
 2.51301e-07
 2.50353e-07
 2.50092e-07
 2.50024e-07
 2.50006e-07
 2.50001e-07
 2.50000e-07
 2.50000e-07
 2.50000e-07
 1.25000e-07
 2.64114e-07
 2.63170e-07
 2.63053e-07
 2.63258e-07
 2.63450e-07
 2.63399e-07
 2.62761e-07
 2.60861e-07
 2.56800e-07
 2.49560e-07
 2.38400e-07
 2.23015e-07
 2.02177e-07
 1.77691e-07
 1.55860e-07
 1.40470e-07
 1.31442e-07
 1.27207e-07
 1.25650e-07
 1.25176e-07
 1.25046e-07
 1.25012e-07
 1.25003e-07
 1.25001e-07
 1.25000e-07
 1.25000e-07
 1.25000e-07
 6.25000e-08
