Velocity
part
         1
coordinates
 0.00000e+00
 0.00000e+00
 0.00000e+00
 0.00000e+00
 0.00000e+00
 0.00000e+00
 0.00000e+00
 0.00000e+00
 0.00000e+00
 0.00000e+00
 0.00000e+00
 0.00000e+00
 0.00000e+00
 0.00000e+00
 0.00000e+00
 0.00000e+00
 0.00000e+00
 0.00000e+00
 0.00000e+00
 0.00000e+00
 0.00000e+00
 0.00000e+00
 0.00000e+00
 0.00000e+00
 0.00000e+00
 0.00000e+00
 0.00000e+00
 0.00000e+00
 0.00000e+00
 0.00000e+00
 0.00000e+00
 0.00000e+00
 0.00000e+00
 0.00000e+00
 0.00000e+00
 0.00000e+00
 0.00000e+00
 0.00000e+00
 0.00000e+00
 0.00000e+00
 0.00000e+00
 0.00000e+00
 0.00000e+00
 0.00000e+00
 0.00000e+00
 0.00000e+00
 0.00000e+00
 0.00000e+00
 0.00000e+00
 0.00000e+00
 0.00000e+00
 0.00000e+00
 0.00000e+00
 0.00000e+00
 0.00000e+00
-9.90701e-17
-1.44485e-16
 4.36630e-17
 6.61970e-17
 0.00000e+00
 0.00000e+00
-8.38392e-17
-4.10297e-16
 7.27543e-17
-3.38236e-16
 0.00000e+00
 0.00000e+00
-5.39516e-16
-1.88460e-15
 1.45326e-15
-9.47523e-16
 0.00000e+00
 0.00000e+00
-1.28420e-15
-3.95121e-15
 3.00404e-15
-7.91103e-16
 0.00000e+00
 0.00000e+00
-1.92108e-15
-4.96383e-15
 1.81477e-15
 4.49024e-16
 0.00000e+00
 0.00000e+00
-2.22970e-15
-5.35548e-15
 7.11825e-17
 2.00934e-15
 0.00000e+00
 0.00000e+00
-1.27333e-15
-5.16593e-15
 1.13344e-15
 1.47586e-15
 0.00000e+00
 0.00000e+00
-1.45844e-15
-5.17035e-15
 2.24880e-15
 1.00113e-15
 0.00000e+00
 0.00000e+00
-6.68751e-16
-3.76811e-15
 3.19299e-15
-1.14256e-15
 0.00000e+00
 0.00000e+00
 2.18045e-16
-8.24967e-16
 3.55050e-15
-3.74295e-15
 0.00000e+00
 0.00000e+00
-2.45051e-15
-3.47372e-16
 4.23317e-15
-4.41934e-15
 0.00000e+00
 0.00000e+00
-4.28326e-15
-5.20771e-15
 6.85096e-15
-7.47682e-15
 0.00000e+00
 0.00000e+00
-1.10557e-15
-4.23877e-15
 9.51108e-15
-8.06447e-15
 0.00000e+00
 0.00000e+00
 6.64096e-15
-3.12775e-15
 8.73215e-15
-1.29935e-14
 0.00000e+00
 0.00000e+00
 8.04943e-15
-1.01795e-14
 8.37143e-15
-1.52824e-14
 0.00000e+00
 0.00000e+00
 3.12372e-15
-1.80429e-14
 8.64667e-15
-9.15538e-15
 0.00000e+00
 0.00000e+00
 3.82719e-17
-1.71130e-14
 1.21552e-14
-2.13402e-14
 0.00000e+00
 0.00000e+00
 5.06032e-15
-1.02417e-14
 1.74369e-14
-3.33502e-14
 0.00000e+00
 0.00000e+00
 0.00000e+00
 0.00000e+00
 0.00000e+00
 0.00000e+00
 0.00000e+00
 0.00000e+00
 0.00000e+00
-1.73412e-15
 0.00000e+00
 0.00000e+00
 0.00000e+00
 0.00000e+00
 0.00000e+00
-1.73412e-15
 0.00000e+00
 0.00000e+00
 0.00000e+00
 0.00000e+00
 0.00000e+00
-1.73412e-15
 0.00000e+00
 0.00000e+00
 0.00000e+00
 0.00000e+00
 0.00000e+00
-1.73412e-15
 0.00000e+00
 0.00000e+00
 0.00000e+00
 0.00000e+00
 0.00000e+00
-1.73412e-15
 0.00000e+00
 0.00000e+00
 0.00000e+00
 0.00000e+00
 0.00000e+00
-1.73412e-15
 0.00000e+00
 0.00000e+00
 0.00000e+00
 0.00000e+00
 0.00000e+00
-1.73412e-15
 0.00000e+00
 0.00000e+00
 0.00000e+00
 0.00000e+00
 0.00000e+00
-1.73412e-15
 0.00000e+00
 0.00000e+00
 0.00000e+00
 8.28337e-15
 8.08516e-15
 5.86123e-15
 7.39225e-15
 7.61252e-15
 7.74492e-15
 2.11403e-13
 2.11639e-13
 2.09919e-13
 2.11352e-13
 2.10386e-13
 2.09439e-13
 2.12695e-12
 2.12581e-12
 2.12031e-12
 2.12205e-12
 2.12456e-12
 2.12430e-12
 1.87751e-11
 1.87748e-11
 1.87714e-11
 1.87719e-11
 1.87728e-11
 1.87734e-11
 1.53787e-10
 1.53786e-10
 1.53783e-10
 1.53781e-10
 1.53781e-10
 1.53782e-10
 1.17507e-09
 1.17507e-09
 1.17507e-09
 1.17507e-09
 1.17507e-09
 1.17507e-09
 8.34739e-09
 8.34739e-09
 8.34739e-09
 8.34740e-09
 8.34740e-09
 8.34739e-09
 5.49193e-08
 5.49193e-08
 5.49193e-08
 5.49193e-08
 5.49193e-08
 5.49193e-08
 3.33210e-07
 3.33210e-07
 3.33210e-07
 3.33210e-07
 3.33210e-07
 3.33210e-07
 1.85512e-06
 1.85512e-06
 1.85512e-06
 1.85512e-06
 1.85512e-06
 1.85512e-06
 9.42226e-06
 9.42226e-06
 9.42226e-06
 9.42226e-06
 9.42226e-06
 9.42226e-06
 4.33574e-05
 4.33574e-05
 4.33574e-05
 4.33574e-05
 4.33574e-05
 4.33574e-05
 1.79257e-04
 1.79257e-04
 1.79257e-04
 1.79257e-04
 1.79257e-04
 1.79257e-04
 6.59232e-04
 6.59232e-04
 6.59232e-04
 6.59232e-04
 6.59232e-04
 6.59232e-04
 2.13145e-03
 2.13145e-03
 2.13145e-03
 2.13145e-03
 2.13145e-03
 2.13145e-03
 5.98528e-03
 5.98528e-03
 5.98528e-03
 5.98528e-03
 5.98528e-03
 5.98528e-03
 1.44563e-02
 1.44563e-02
 1.44563e-02
 1.44563e-02
 1.44563e-02
 1.44563e-02
 0.00000e+00
 0.00000e+00
 0.00000e+00
 0.00000e+00
 0.00000e+00
 0.00000e+00
 0.00000e+00
 0.00000e+00
 0.00000e+00
 0.00000e+00
 0.00000e+00
 0.00000e+00
 0.00000e+00
 0.00000e+00
 0.00000e+00
 0.00000e+00
 0.00000e+00
 0.00000e+00
 0.00000e+00
 0.00000e+00
 0.00000e+00
 0.00000e+00
 0.00000e+00
 0.00000e+00
 0.00000e+00
 0.00000e+00
 0.00000e+00
 0.00000e+00
 0.00000e+00
 0.00000e+00
 0.00000e+00
 0.00000e+00
 0.00000e+00
 0.00000e+00
 0.00000e+00
 0.00000e+00
 0.00000e+00
 0.00000e+00
 0.00000e+00
 0.00000e+00
 0.00000e+00
 0.00000e+00
 0.00000e+00
 0.00000e+00
 0.00000e+00
 0.00000e+00
 0.00000e+00
 0.00000e+00
 0.00000e+00
 0.00000e+00
 0.00000e+00
 0.00000e+00
 0.00000e+00
 0.00000e+00
 0.00000e+00
 0.00000e+00
 0.00000e+00
 0.00000e+00
 0.00000e+00
 0.00000e+00
 0.00000e+00
 0.00000e+00
 0.00000e+00
 0.00000e+00
 0.00000e+00
 0.00000e+00
 0.00000e+00
 0.00000e+00
 0.00000e+00
 0.00000e+00
 0.00000e+00
 0.00000e+00
 0.00000e+00
 0.00000e+00
 0.00000e+00
 0.00000e+00
 0.00000e+00
 0.00000e+00
 0.00000e+00
 0.00000e+00
 0.00000e+00
 0.00000e+00
 0.00000e+00
 0.00000e+00
 0.00000e+00
 0.00000e+00
 0.00000e+00
 0.00000e+00
 0.00000e+00
 0.00000e+00
 0.00000e+00
 0.00000e+00
 0.00000e+00
 0.00000e+00
 0.00000e+00
 0.00000e+00
 0.00000e+00
 0.00000e+00
 0.00000e+00
 0.00000e+00
 0.00000e+00
 0.00000e+00
 0.00000e+00
 0.00000e+00
 0.00000e+00
 0.00000e+00
 0.00000e+00
 0.00000e+00
 0.00000e+00
 0.00000e+00
 0.00000e+00
 0.00000e+00
 0.00000e+00
 0.00000e+00
 0.00000e+00
 0.00000e+00
 0.00000e+00
 0.00000e+00
 0.00000e+00
 0.00000e+00
 0.00000e+00
 0.00000e+00
 0.00000e+00
 0.00000e+00
 0.00000e+00
 0.00000e+00
 0.00000e+00
 0.00000e+00
 0.00000e+00
 0.00000e+00
 0.00000e+00
 0.00000e+00
 0.00000e+00
 0.00000e+00
 0.00000e+00
 0.00000e+00
 0.00000e+00
 0.00000e+00
 0.00000e+00
 0.00000e+00
 0.00000e+00
 0.00000e+00
 0.00000e+00
 0.00000e+00
 0.00000e+00
 0.00000e+00
 0.00000e+00
 0.00000e+00
 0.00000e+00
 0.00000e+00
 0.00000e+00
 0.00000e+00
 0.00000e+00
 0.00000e+00
 0.00000e+00
 0.00000e+00
 0.00000e+00
 0.00000e+00
 0.00000e+00
 0.00000e+00
 0.00000e+00
 0.00000e+00
 0.00000e+00
 0.00000e+00
 0.00000e+00
 0.00000e+00
 0.00000e+00
 0.00000e+00
part
         2
coordinates
 0.00000e+00
 3.12372e-15
-1.80429e-14
 8.64667e-15
-9.15538e-15
 0.00000e+00
 0.00000e+00
 3.82719e-17
-1.71130e-14
 1.21552e-14
-2.13402e-14
 0.00000e+00
 0.00000e+00
 5.06032e-15
-1.02417e-14
 1.74369e-14
-3.33502e-14
 0.00000e+00
 0.00000e+00
 7.80039e-15
-5.90246e-15
 1.74033e-14
-2.99127e-14
 0.00000e+00
 0.00000e+00
 6.25711e-15
-2.50692e-15
 9.67144e-15
-2.99597e-14
 0.00000e+00
 0.00000e+00
 4.43145e-15
 2.79896e-15
 4.39880e-15
-2.53760e-14
 0.00000e+00
 0.00000e+00
 1.62419e-15
 2.64983e-15
 9.73523e-15
-1.96001e-14
 0.00000e+00
 0.00000e+00
 8.50919e-15
-6.56454e-15
 1.79635e-14
-2.57944e-14
 0.00000e+00
 0.00000e+00
 7.24357e-16
-3.58491e-15
 1.77229e-14
-2.28825e-14
 0.00000e+00
 0.00000e+00
-1.26628e-14
 1.12769e-14
 3.81055e-15
-1.44970e-14
 0.00000e+00
 0.00000e+00
-1.33312e-14
 5.49646e-15
 2.77394e-15
-1.34956e-14
 0.00000e+00
 0.00000e+00
-1.51042e-14
 4.47325e-15
-3.89994e-15
-1.20824e-14
 0.00000e+00
 0.00000e+00
-7.26407e-15
 1.29796e-14
-1.24932e-14
-1.02064e-14
 0.00000e+00
 0.00000e+00
-4.38700e-15
 1.21423e-14
-1.78529e-15
-2.26865e-15
 0.00000e+00
 0.00000e+00
-1.07320e-14
 1.16075e-14
 2.14768e-15
-2.18178e-15
 0.00000e+00
 0.00000e+00
-3.50084e-15
 3.30353e-15
-7.93674e-17
-5.27639e-15
 0.00000e+00
 0.00000e+00
 1.29636e-15
 2.27123e-16
-1.90611e-14
 1.08498e-15
 0.00000e+00
 0.00000e+00
 4.97472e-15
-8.81041e-15
-5.09449e-15
-1.31471e-15
 0.00000e+00
 0.00000e+00
-3.38883e-15
-1.10306e-14
 1.86842e-14
-7.40012e-15
 0.00000e+00
 0.00000e+00
-6.11122e-15
 2.26219e-15
 1.12678e-14
-1.04404e-14
 0.00000e+00
 0.00000e+00
 2.12145e-15
-1.73444e-15
 1.11381e-14
-1.15635e-14
 0.00000e+00
 0.00000e+00
-3.49325e-15
-5.33269e-15
 1.62535e-14
-5.27170e-15
 0.00000e+00
 0.00000e+00
-1.40094e-14
 1.74038e-15
 1.16969e-15
 8.29436e-15
 0.00000e+00
 0.00000e+00
-1.35939e-14
 1.38247e-14
-1.19925e-14
 5.73358e-15
 0.00000e+00
 0.00000e+00
-1.15028e-14
 2.37090e-14
-3.20619e-14
 1.73748e-14
 0.00000e+00
 0.00000e+00
 8.67364e-17
 1.85370e-14
-3.20115e-14
 2.09873e-14
 0.00000e+00
 0.00000e+00
 9.38595e-15
 4.37260e-15
-2.08094e-14
 1.10215e-14
 0.00000e+00
 0.00000e+00
 4.07887e-15
 1.18012e-14
-2.12832e-14
 4.56047e-16
 0.00000e+00
 5.98528e-03
 5.98528e-03
 5.98528e-03
 5.98528e-03
 5.98528e-03
 5.98528e-03
 1.44563e-02
 1.44563e-02
 1.44563e-02
 1.44563e-02
 1.44563e-02
 1.44563e-02
 2.99624e-02
 2.99624e-02
 2.99624e-02
 2.99624e-02
 2.99624e-02
 2.99624e-02
 5.37821e-02
 5.37821e-02
 5.37821e-02
 5.37821e-02
 5.37821e-02
 5.37821e-02
 8.53386e-02
 8.53386e-02
 8.53386e-02
 8.53386e-02
 8.53386e-02
 8.53386e-02
 1.22908e-01
 1.22908e-01
 1.22908e-01
 1.22908e-01
 1.22908e-01
 1.22908e-01
 1.64828e-01
 1.64828e-01
 1.64828e-01
 1.64828e-01
 1.64828e-01
 1.64828e-01
 2.10066e-01
 2.10066e-01
 2.10066e-01
 2.10066e-01
 2.10066e-01
 2.10066e-01
 2.58162e-01
 2.58162e-01
 2.58162e-01
 2.58162e-01
 2.58162e-01
 2.58162e-01
 3.08991e-01
 3.08991e-01
 3.08991e-01
 3.08991e-01
 3.08991e-01
 3.08991e-01
 3.62605e-01
 3.62605e-01
 3.62605e-01
 3.62605e-01
 3.62605e-01
 3.62605e-01
 4.19155e-01
 4.19155e-01
 4.19155e-01
 4.19155e-01
 4.19155e-01
 4.19155e-01
 4.78850e-01
 4.78850e-01
 4.78850e-01
 4.78850e-01
 4.78850e-01
 4.78850e-01
 5.41940e-01
 5.41940e-01
 5.41940e-01
 5.41940e-01
 5.41940e-01
 5.41940e-01
 6.08675e-01
 6.08675e-01
 6.08675e-01
 6.08675e-01
 6.08675e-01
 6.08675e-01
 6.79227e-01
 6.79227e-01
 6.79227e-01
 6.79227e-01
 6.79227e-01
 6.79227e-01
 7.53465e-01
 7.53465e-01
 7.53465e-01
 7.53465e-01
 7.53465e-01
 7.53465e-01
 8.30304e-01
 8.30304e-01
 8.30304e-01
 8.30304e-01
 8.30304e-01
 8.30304e-01
 9.05547e-01
 9.05547e-01
 9.05547e-01
 9.05547e-01
 9.05547e-01
 9.05547e-01
 9.64599e-01
 9.64599e-01
 9.64599e-01
 9.64599e-01
 9.64599e-01
 9.64599e-01
 9.69816e-01
 9.69816e-01
 9.69816e-01
 9.69816e-01
 9.69816e-01
 9.69816e-01
 9.47171e-01
 9.47171e-01
 9.47171e-01
 9.47171e-01
 9.47171e-01
 9.47171e-01
 9.34108e-01
 9.34108e-01
 9.34108e-01
 9.34108e-01
 9.34108e-01
 9.34108e-01
 9.29990e-01
 9.29990e-01
 9.29990e-01
 9.29990e-01
 9.29990e-01
 9.29990e-01
 9.28570e-01
 9.28570e-01
 9.28570e-01
 9.28570e-01
 9.28570e-01
 9.28570e-01
 9.27651e-01
 9.27651e-01
 9.27651e-01
 9.27651e-01
 9.27651e-01
 9.27651e-01
 9.27160e-01
 9.27160e-01
 9.27160e-01
 9.27160e-01
 9.27160e-01
 9.27160e-01
 0.00000e+00
 0.00000e+00
 0.00000e+00
 0.00000e+00
 0.00000e+00
 0.00000e+00
 0.00000e+00
 0.00000e+00
 0.00000e+00
 0.00000e+00
 0.00000e+00
 0.00000e+00
 0.00000e+00
 0.00000e+00
 0.00000e+00
 0.00000e+00
 0.00000e+00
 0.00000e+00
 0.00000e+00
 0.00000e+00
 0.00000e+00
 0.00000e+00
 0.00000e+00
 0.00000e+00
 0.00000e+00
 0.00000e+00
 0.00000e+00
 0.00000e+00
 0.00000e+00
 0.00000e+00
 0.00000e+00
 0.00000e+00
 0.00000e+00
 0.00000e+00
 0.00000e+00
 0.00000e+00
 0.00000e+00
 0.00000e+00
 0.00000e+00
 0.00000e+00
 0.00000e+00
 0.00000e+00
 0.00000e+00
 0.00000e+00
 0.00000e+00
 0.00000e+00
 0.00000e+00
 0.00000e+00
 0.00000e+00
 0.00000e+00
 0.00000e+00
 0.00000e+00
 0.00000e+00
 0.00000e+00
 0.00000e+00
 0.00000e+00
 0.00000e+00
 0.00000e+00
 0.00000e+00
 0.00000e+00
 0.00000e+00
 0.00000e+00
 0.00000e+00
 0.00000e+00
 0.00000e+00
 0.00000e+00
 0.00000e+00
 0.00000e+00
 0.00000e+00
 0.00000e+00
 0.00000e+00
 0.00000e+00
 0.00000e+00
 0.00000e+00
 0.00000e+00
 0.00000e+00
 0.00000e+00
 0.00000e+00
 0.00000e+00
 0.00000e+00
 0.00000e+00
 0.00000e+00
 0.00000e+00
 0.00000e+00
 0.00000e+00
 0.00000e+00
 0.00000e+00
 0.00000e+00
 0.00000e+00
 0.00000e+00
 0.00000e+00
 0.00000e+00
 0.00000e+00
 0.00000e+00
 0.00000e+00
 0.00000e+00
 0.00000e+00
 0.00000e+00
 0.00000e+00
 0.00000e+00
 0.00000e+00
 0.00000e+00
 0.00000e+00
 0.00000e+00
 0.00000e+00
 0.00000e+00
 0.00000e+00
 0.00000e+00
 0.00000e+00
 0.00000e+00
 0.00000e+00
 0.00000e+00
 0.00000e+00
 0.00000e+00
 0.00000e+00
 0.00000e+00
 0.00000e+00
 0.00000e+00
 0.00000e+00
 0.00000e+00
 0.00000e+00
 0.00000e+00
 0.00000e+00
 0.00000e+00
 0.00000e+00
 0.00000e+00
 0.00000e+00
 0.00000e+00
 0.00000e+00
 0.00000e+00
 0.00000e+00
 0.00000e+00
 0.00000e+00
 0.00000e+00
 0.00000e+00
 0.00000e+00
 0.00000e+00
 0.00000e+00
 0.00000e+00
 0.00000e+00
 0.00000e+00
 0.00000e+00
 0.00000e+00
 0.00000e+00
 0.00000e+00
 0.00000e+00
 0.00000e+00
 0.00000e+00
 0.00000e+00
 0.00000e+00
 0.00000e+00
 0.00000e+00
 0.00000e+00
 0.00000e+00
 0.00000e+00
 0.00000e+00
 0.00000e+00
 0.00000e+00
 0.00000e+00
 0.00000e+00
 0.00000e+00
 0.00000e+00
 0.00000e+00
 0.00000e+00
 0.00000e+00
 0.00000e+00
 0.00000e+00
 0.00000e+00
 0.00000e+00
 0.00000e+00
 0.00000e+00
 0.00000e+00
 0.00000e+00
 0.00000e+00
part
         3
coordinates
 0.00000e+00
 8.67364e-17
 1.85370e-14
-3.20115e-14
 2.09873e-14
 0.00000e+00
 0.00000e+00
 9.38595e-15
 4.37260e-15
-2.08094e-14
 1.10215e-14
 0.00000e+00
 0.00000e+00
 4.07887e-15
 1.18012e-14
-2.12832e-14
 4.56047e-16
 0.00000e+00
 0.00000e+00
 4.61044e-15
 1.86396e-14
-2.51347e-14
-1.95565e-15
 0.00000e+00
 0.00000e+00
-8.80696e-16
 2.53330e-14
-2.91853e-14
 1.68460e-15
 0.00000e+00
 0.00000e+00
-6.23244e-15
 1.93331e-14
-1.98000e-14
-1.03960e-15
 0.00000e+00
 0.00000e+00
 6.15492e-15
-1.95753e-15
-7.41486e-15
-7.40618e-15
 0.00000e+00
 0.00000e+00
 1.04054e-14
-2.32834e-15
-1.20589e-14
-6.99157e-15
 0.00000e+00
 0.00000e+00
 9.82398e-15
-9.13720e-15
-8.22236e-15
-1.29672e-14
 0.00000e+00
 0.00000e+00
 1.40553e-14
-1.74268e-14
 4.90553e-15
-2.11604e-14
 0.00000e+00
 0.00000e+00
 1.51653e-14
-1.94722e-14
 5.30991e-15
-2.12373e-14
 0.00000e+00
 0.00000e+00
 7.42810e-15
-9.78612e-15
 7.61704e-15
-2.52309e-14
 0.00000e+00
 0.00000e+00
 8.11116e-15
-4.47249e-15
 4.99249e-15
-2.19156e-14
 0.00000e+00
 0.00000e+00
 1.09018e-14
 3.19217e-15
-4.14231e-15
-1.52488e-14
 0.00000e+00
 0.00000e+00
 6.65410e-15
 8.82604e-15
-3.71457e-15
-1.33995e-14
 0.00000e+00
 0.00000e+00
-4.13585e-15
 1.07526e-14
-1.05202e-14
-4.51466e-15
 0.00000e+00
 0.00000e+00
-7.98168e-15
 1.22908e-14
-6.31686e-15
-3.65887e-15
 0.00000e+00
 0.00000e+00
 5.79075e-15
 7.36683e-16
 2.24992e-15
-1.51249e-15
 0.00000e+00
 0.00000e+00
 8.68623e-15
-2.19850e-15
-2.39453e-16
 1.18916e-15
 0.00000e+00
 0.00000e+00
 6.76268e-15
-1.12911e-15
-1.93239e-15
-3.82258e-15
 0.00000e+00
 0.00000e+00
 1.10083e-14
-5.96760e-15
-7.46068e-15
 1.00016e-14
 0.00000e+00
 0.00000e+00
 8.85389e-15
-5.90757e-15
-8.69482e-15
 1.47613e-14
 0.00000e+00
 0.00000e+00
 8.23379e-15
-3.85252e-15
-8.76937e-15
 1.58919e-14
 0.00000e+00
 0.00000e+00
 1.37541e-15
 4.10913e-15
-8.96623e-15
 1.72327e-14
 0.00000e+00
 0.00000e+00
-4.36034e-15
 9.91813e-15
-8.28386e-15
 1.60051e-14
 0.00000e+00
 0.00000e+00
-2.13275e-15
 2.05032e-14
-1.39299e-14
 6.16451e-15
 0.00000e+00
 0.00000e+00
 7.36624e-16
 2.46949e-14
-2.49275e-14
 1.79470e-14
 0.00000e+00
 0.00000e+00
 3.91147e-15
 1.89511e-14
-1.93029e-14
 2.58868e-14
 0.00000e+00
 9.27651e-01
 9.27651e-01
 9.27651e-01
 9.27651e-01
 9.27651e-01
 9.27651e-01
 9.27160e-01
 9.27160e-01
 9.27160e-01
 9.27160e-01
 9.27160e-01
 9.27160e-01
 9.27089e-01
 9.27089e-01
 9.27089e-01
 9.27089e-01
 9.27089e-01
 9.27089e-01
 9.27024e-01
 9.27024e-01
 9.27024e-01
 9.27024e-01
 9.27024e-01
 9.27024e-01
 9.26963e-01
 9.26963e-01
 9.26963e-01
 9.26963e-01
 9.26963e-01
 9.26963e-01
 9.26904e-01
 9.26904e-01
 9.26904e-01
 9.26904e-01
 9.26904e-01
 9.26904e-01
 9.26846e-01
 9.26846e-01
 9.26846e-01
 9.26846e-01
 9.26846e-01
 9.26846e-01
 9.26788e-01
 9.26788e-01
 9.26788e-01
 9.26788e-01
 9.26788e-01
 9.26788e-01
 9.26729e-01
 9.26729e-01
 9.26729e-01
 9.26729e-01
 9.26729e-01
 9.26729e-01
 9.26668e-01
 9.26668e-01
 9.26668e-01
 9.26668e-01
 9.26668e-01
 9.26668e-01
 9.26605e-01
 9.26605e-01
 9.26605e-01
 9.26605e-01
 9.26605e-01
 9.26605e-01
 9.26540e-01
 9.26540e-01
 9.26540e-01
 9.26540e-01
 9.26540e-01
 9.26540e-01
 9.26471e-01
 9.26471e-01
 9.26471e-01
 9.26471e-01
 9.26471e-01
 9.26471e-01
 9.26400e-01
 9.26400e-01
 9.26400e-01
 9.26400e-01
 9.26400e-01
 9.26400e-01
 9.26328e-01
 9.26328e-01
 9.26328e-01
 9.26328e-01
 9.26328e-01
 9.26328e-01
 9.26255e-01
 9.26255e-01
 9.26255e-01
 9.26255e-01
 9.26255e-01
 9.26255e-01
 9.26182e-01
 9.26182e-01
 9.26182e-01
 9.26182e-01
 9.26182e-01
 9.26182e-01
 9.26111e-01
 9.26111e-01
 9.26111e-01
 9.26111e-01
 9.26111e-01
 9.26111e-01
 9.26043e-01
 9.26043e-01
 9.26043e-01
 9.26043e-01
 9.26043e-01
 9.26043e-01
 9.25978e-01
 9.25978e-01
 9.25978e-01
 9.25978e-01
 9.25978e-01
 9.25978e-01
 9.25915e-01
 9.25915e-01
 9.25915e-01
 9.25915e-01
 9.25915e-01
 9.25915e-01
 9.25848e-01
 9.25848e-01
 9.25848e-01
 9.25848e-01
 9.25848e-01
 9.25848e-01
 9.25771e-01
 9.25771e-01
 9.25771e-01
 9.25771e-01
 9.25771e-01
 9.25771e-01
 9.25670e-01
 9.25670e-01
 9.25670e-01
 9.25670e-01
 9.25670e-01
 9.25670e-01
 9.25525e-01
 9.25525e-01
 9.25525e-01
 9.25525e-01
 9.25525e-01
 9.25525e-01
 9.25306e-01
 9.25306e-01
 9.25306e-01
 9.25306e-01
 9.25306e-01
 9.25306e-01
 9.24960e-01
 9.24960e-01
 9.24960e-01
 9.24960e-01
 9.24960e-01
 9.24960e-01
 0.00000e+00
 0.00000e+00
 0.00000e+00
 0.00000e+00
 0.00000e+00
 0.00000e+00
 0.00000e+00
 0.00000e+00
 0.00000e+00
 0.00000e+00
 0.00000e+00
 0.00000e+00
 0.00000e+00
 0.00000e+00
 0.00000e+00
 0.00000e+00
 0.00000e+00
 0.00000e+00
 0.00000e+00
 0.00000e+00
 0.00000e+00
 0.00000e+00
 0.00000e+00
 0.00000e+00
 0.00000e+00
 0.00000e+00
 0.00000e+00
 0.00000e+00
 0.00000e+00
 0.00000e+00
 0.00000e+00
 0.00000e+00
 0.00000e+00
 0.00000e+00
 0.00000e+00
 0.00000e+00
 0.00000e+00
 0.00000e+00
 0.00000e+00
 0.00000e+00
 0.00000e+00
 0.00000e+00
 0.00000e+00
 0.00000e+00
 0.00000e+00
 0.00000e+00
 0.00000e+00
 0.00000e+00
 0.00000e+00
 0.00000e+00
 0.00000e+00
 0.00000e+00
 0.00000e+00
 0.00000e+00
 0.00000e+00
 0.00000e+00
 0.00000e+00
 0.00000e+00
 0.00000e+00
 0.00000e+00
 0.00000e+00
 0.00000e+00
 0.00000e+00
 0.00000e+00
 0.00000e+00
 0.00000e+00
 0.00000e+00
 0.00000e+00
 0.00000e+00
 0.00000e+00
 0.00000e+00
 0.00000e+00
 0.00000e+00
 0.00000e+00
 0.00000e+00
 0.00000e+00
 0.00000e+00
 0.00000e+00
 0.00000e+00
 0.00000e+00
 0.00000e+00
 0.00000e+00
 0.00000e+00
 0.00000e+00
 0.00000e+00
 0.00000e+00
 0.00000e+00
 0.00000e+00
 0.00000e+00
 0.00000e+00
 0.00000e+00
 0.00000e+00
 0.00000e+00
 0.00000e+00
 0.00000e+00
 0.00000e+00
 0.00000e+00
 0.00000e+00
 0.00000e+00
 0.00000e+00
 0.00000e+00
 0.00000e+00
 0.00000e+00
 0.00000e+00
 0.00000e+00
 0.00000e+00
 0.00000e+00
 0.00000e+00
 0.00000e+00
 0.00000e+00
 0.00000e+00
 0.00000e+00
 0.00000e+00
 0.00000e+00
 0.00000e+00
 0.00000e+00
 0.00000e+00
 0.00000e+00
 0.00000e+00
 0.00000e+00
 0.00000e+00
 0.00000e+00
 0.00000e+00
 0.00000e+00
 0.00000e+00
 0.00000e+00
 0.00000e+00
 0.00000e+00
 0.00000e+00
 0.00000e+00
 0.00000e+00
 0.00000e+00
 0.00000e+00
 0.00000e+00
 0.00000e+00
 0.00000e+00
 0.00000e+00
 0.00000e+00
 0.00000e+00
 0.00000e+00
 0.00000e+00
 0.00000e+00
 0.00000e+00
 0.00000e+00
 0.00000e+00
 0.00000e+00
 0.00000e+00
 0.00000e+00
 0.00000e+00
 0.00000e+00
 0.00000e+00
 0.00000e+00
 0.00000e+00
 0.00000e+00
 0.00000e+00
 0.00000e+00
 0.00000e+00
 0.00000e+00
 0.00000e+00
 0.00000e+00
 0.00000e+00
 0.00000e+00
 0.00000e+00
 0.00000e+00
 0.00000e+00
 0.00000e+00
 0.00000e+00
 0.00000e+00
 0.00000e+00
 0.00000e+00
 0.00000e+00
 0.00000e+00
 0.00000e+00
 0.00000e+00
part
         4
coordinates
 0.00000e+00
-2.13275e-15
 2.05032e-14
-1.39299e-14
 6.16451e-15
 0.00000e+00
 0.00000e+00
 7.36624e-16
 2.46949e-14
-2.49275e-14
 1.79470e-14
 0.00000e+00
 0.00000e+00
 3.91147e-15
 1.89511e-14
-1.93029e-14
 2.58868e-14
 0.00000e+00
 0.00000e+00
 1.38783e-14
 1.47890e-14
-1.85053e-14
 2.01272e-14
 0.00000e+00
 0.00000e+00
 1.65880e-14
 6.81302e-15
-2.09257e-14
 1.60310e-14
 0.00000e+00
 0.00000e+00
 8.65238e-15
 4.97283e-15
-1.37346e-14
 9.05709e-15
 0.00000e+00
 0.00000e+00
 4.56406e-15
 9.18195e-16
-1.29031e-14
 1.80368e-14
 0.00000e+00
 0.00000e+00
 4.56930e-15
 2.91032e-15
-8.33503e-15
 1.08718e-14
 0.00000e+00
 0.00000e+00
 7.31904e-15
 4.31501e-15
-5.02963e-15
 5.12699e-15
 0.00000e+00
 0.00000e+00
-4.05370e-16
 7.50330e-15
-1.45894e-15
 3.27616e-15
 0.00000e+00
 0.00000e+00
-1.37676e-14
 1.09004e-14
-1.83455e-14
 2.35219e-14
 0.00000e+00
 0.00000e+00
-8.43685e-15
 1.72132e-14
-2.20670e-14
 1.50158e-14
 0.00000e+00
 0.00000e+00
-9.38702e-15
 2.03421e-14
-2.04882e-14
 4.39280e-15
 0.00000e+00
 0.00000e+00
-1.39760e-14
 2.94484e-14
-2.11344e-14
 1.65424e-14
 0.00000e+00
 0.00000e+00
-1.01047e-14
 2.97755e-14
-1.95538e-14
 2.51109e-14
 0.00000e+00
 0.00000e+00
-7.28440e-15
 3.10544e-14
-3.32680e-14
 3.24484e-14
 0.00000e+00
 0.00000e+00
-5.13662e-15
 3.00884e-14
-3.79262e-14
 3.89842e-14
 0.00000e+00
 0.00000e+00
 9.26537e-16
 2.36525e-14
-3.05288e-14
 3.47220e-14
 0.00000e+00
 0.00000e+00
 1.28036e-15
 2.06797e-14
-2.73498e-14
 3.14917e-14
 0.00000e+00
 0.00000e+00
-2.57731e-15
 2.11222e-14
-2.75646e-14
 3.19046e-14
 0.00000e+00
 0.00000e+00
-8.17052e-15
 2.57623e-14
-2.94902e-14
 3.06098e-14
 0.00000e+00
 0.00000e+00
-1.32575e-14
 2.75430e-14
-2.74040e-14
 2.52456e-14
 0.00000e+00
 0.00000e+00
-1.07950e-14
 2.44508e-14
-2.85783e-14
 2.41484e-14
 0.00000e+00
 0.00000e+00
-9.70454e-15
 2.00463e-14
-3.19668e-14
 2.64430e-14
 0.00000e+00
 0.00000e+00
-7.30750e-15
 1.22259e-14
-3.13025e-14
 2.43514e-14
 0.00000e+00
 0.00000e+00
-8.21709e-15
 1.25429e-14
-3.09211e-14
 2.37679e-14
 0.00000e+00
 0.00000e+00
-1.38146e-14
 1.71960e-14
-2.81596e-14
 2.04695e-14
 0.00000e+00
 9.25306e-01
 9.25306e-01
 9.25306e-01
 9.25306e-01
 9.25306e-01
 9.25306e-01
 9.24960e-01
 9.24960e-01
 9.24960e-01
 9.24960e-01
 9.24960e-01
 9.24960e-01
 9.24391e-01
 9.24391e-01
 9.24391e-01
 9.24391e-01
 9.24391e-01
 9.24391e-01
 9.23393e-01
 9.23393e-01
 9.23393e-01
 9.23393e-01
 9.23393e-01
 9.23393e-01
 9.21506e-01
 9.21506e-01
 9.21506e-01
 9.21506e-01
 9.21506e-01
 9.21506e-01
 9.17671e-01
 9.17671e-01
 9.17671e-01
 9.17671e-01
 9.17671e-01
 9.17671e-01
 9.09517e-01
 9.09517e-01
 9.09517e-01
 9.09517e-01
 9.09517e-01
 9.09517e-01
 8.92195e-01
 8.92195e-01
 8.92195e-01
 8.92195e-01
 8.92195e-01
 8.92195e-01
 8.57307e-01
 8.57307e-01
 8.57307e-01
 8.57307e-01
 8.57307e-01
 8.57307e-01
 7.93614e-01
 7.93614e-01
 7.93614e-01
 7.93614e-01
 7.93614e-01
 7.93614e-01
 6.90901e-01
 6.90901e-01
 6.90901e-01
 6.90901e-01
 6.90901e-01
 6.90901e-01
 5.46815e-01
 5.46815e-01
 5.46815e-01
 5.46815e-01
 5.46815e-01
 5.46815e-01
 3.75500e-01
 3.75500e-01
 3.75500e-01
 3.75500e-01
 3.75500e-01
 3.75500e-01
 2.11458e-01
 2.11458e-01
 2.11458e-01
 2.11458e-01
 2.11458e-01
 2.11458e-01
 9.38774e-02
 9.38774e-02
 9.38774e-02
 9.38774e-02
 9.38774e-02
 9.38774e-02
 3.37719e-02
 3.37719e-02
 3.37719e-02
 3.37719e-02
 3.37719e-02
 3.37719e-02
 1.07231e-02
 1.07231e-02
 1.07231e-02
 1.07231e-02
 1.07231e-02
 1.07231e-02
 3.22769e-03
 3.22769e-03
 3.22769e-03
 3.22769e-03
 3.22769e-03
 3.22769e-03
 9.51661e-04
 9.51661e-04
 9.51661e-04
 9.51661e-04
 9.51661e-04
 9.51661e-04
 2.77788e-04
 2.77788e-04
 2.77788e-04
 2.77788e-04
 2.77788e-04
 2.77788e-04
 8.04755e-05
 8.04755e-05
 8.04755e-05
 8.04755e-05
 8.04755e-05
 8.04755e-05
 2.31370e-05
 2.31370e-05
 2.31370e-05
 2.31370e-05
 2.31370e-05
 2.31370e-05
 6.59631e-06
 6.59631e-06
 6.59631e-06
 6.59631e-06
 6.59631e-06
 6.59631e-06
 1.86256e-06
 1.86256e-06
 1.86256e-06
 1.86256e-06
 1.86256e-06
 1.86256e-06
 5.18166e-07
 5.18166e-07
 5.18166e-07
 5.18166e-07
 5.18166e-07
 5.18166e-07
 1.33456e-07
 1.33456e-07
 1.33456e-07
 1.33456e-07
 1.33456e-07
 1.33456e-07
 0.00000e+00
 0.00000e+00
 0.00000e+00
 0.00000e+00
 0.00000e+00
 0.00000e+00
 0.00000e+00
 0.00000e+00
 0.00000e+00
 0.00000e+00
 0.00000e+00
 0.00000e+00
 0.00000e+00
 0.00000e+00
 0.00000e+00
 0.00000e+00
 0.00000e+00
 0.00000e+00
 0.00000e+00
 0.00000e+00
 0.00000e+00
 0.00000e+00
 0.00000e+00
 0.00000e+00
 0.00000e+00
 0.00000e+00
 0.00000e+00
 0.00000e+00
 0.00000e+00
 0.00000e+00
 0.00000e+00
 0.00000e+00
 0.00000e+00
 0.00000e+00
 0.00000e+00
 0.00000e+00
 0.00000e+00
 0.00000e+00
 0.00000e+00
 0.00000e+00
 0.00000e+00
 0.00000e+00
 0.00000e+00
 0.00000e+00
 0.00000e+00
 0.00000e+00
 0.00000e+00
 0.00000e+00
 0.00000e+00
 0.00000e+00
 0.00000e+00
 0.00000e+00
 0.00000e+00
 0.00000e+00
 0.00000e+00
 0.00000e+00
 0.00000e+00
 0.00000e+00
 0.00000e+00
 0.00000e+00
 0.00000e+00
 0.00000e+00
 0.00000e+00
 0.00000e+00
 0.00000e+00
 0.00000e+00
 0.00000e+00
 0.00000e+00
 0.00000e+00
 0.00000e+00
 0.00000e+00
 0.00000e+00
 0.00000e+00
 0.00000e+00
 0.00000e+00
 0.00000e+00
 0.00000e+00
 0.00000e+00
 0.00000e+00
 0.00000e+00
 0.00000e+00
 0.00000e+00
 0.00000e+00
 0.00000e+00
 0.00000e+00
 0.00000e+00
 0.00000e+00
 0.00000e+00
 0.00000e+00
 0.00000e+00
 0.00000e+00
 0.00000e+00
 0.00000e+00
 0.00000e+00
 0.00000e+00
 0.00000e+00
 0.00000e+00
 0.00000e+00
 0.00000e+00
 0.00000e+00
 0.00000e+00
 0.00000e+00
 0.00000e+00
 0.00000e+00
 0.00000e+00
 0.00000e+00
 0.00000e+00
 0.00000e+00
 0.00000e+00
 0.00000e+00
 0.00000e+00
 0.00000e+00
 0.00000e+00
 0.00000e+00
 0.00000e+00
 0.00000e+00
 0.00000e+00
 0.00000e+00
 0.00000e+00
 0.00000e+00
 0.00000e+00
 0.00000e+00
 0.00000e+00
 0.00000e+00
 0.00000e+00
 0.00000e+00
 0.00000e+00
 0.00000e+00
 0.00000e+00
 0.00000e+00
 0.00000e+00
 0.00000e+00
 0.00000e+00
 0.00000e+00
 0.00000e+00
 0.00000e+00
 0.00000e+00
 0.00000e+00
 0.00000e+00
 0.00000e+00
 0.00000e+00
 0.00000e+00
 0.00000e+00
 0.00000e+00
 0.00000e+00
 0.00000e+00
 0.00000e+00
 0.00000e+00
 0.00000e+00
 0.00000e+00
 0.00000e+00
 0.00000e+00
 0.00000e+00
 0.00000e+00
 0.00000e+00
 0.00000e+00
 0.00000e+00
 0.00000e+00
 0.00000e+00
 0.00000e+00
 0.00000e+00
 0.00000e+00
 0.00000e+00
 0.00000e+00
 0.00000e+00
 0.00000e+00
 0.00000e+00
 0.00000e+00
