Pressure
part
         1
hexa8
 1.00000e+00
 1.00000e+00
 1.00000e+00
 1.00000e+00
 1.00000e+00
 1.00000e+00
 1.00000e+00
 1.00000e+00
 1.00000e+00
 1.00000e+00
 1.00000e+00
 1.00000e+00
 1.00000e+00
 1.00000e+00
 1.00000e+00
 1.00000e+00
 1.00000e+00
 9.99999e-01
 9.99995e-01
 9.99976e-01
 9.99893e-01
 9.99578e-01
 9.98538e-01
 9.95586e-01
 9.88548e-01
 9.74732e-01
 9.52528e-01
 9.22775e-01
 8.88037e-01
 8.50835e-01
 8.12828e-01
 7.74911e-01
 7.37698e-01
 7.01507e-01
 6.66449e-01
 6.32540e-01
 5.99729e-01
 5.68052e-01
 5.38967e-01
 5.11515e-01
 4.85528e-01
 4.60532e-01
 4.37291e-01
 4.15241e-01
 3.94278e-01
 3.75168e-01
 3.56380e-01
 3.40519e-01
 3.26315e-01
 3.14651e-01
 3.08321e-01
 3.03004e-01
 3.00803e-01
 3.00752e-01
 3.00678e-01
 3.00773e-01
 3.01129e-01
 3.01729e-01
 3.02317e-01
 3.02414e-01
 3.02389e-01
 3.02391e-01
 3.02460e-01
 3.02540e-01
 3.02561e-01
 3.02520e-01
 3.02476e-01
 3.02504e-01
 3.02575e-01
 3.02644e-01
 3.02616e-01
 3.02557e-01
 3.02536e-01
 3.02601e-01
 3.02735e-01
 3.02814e-01
 3.02806e-01
 3.02758e-01
 3.02712e-01
 3.02663e-01
 3.02539e-01
 3.01919e-01
 2.98605e-01
 2.83156e-01
 2.32532e-01
 1.47835e-01
 1.08133e-01
 1.00969e-01
 1.00104e-01
 1.00011e-01
 1.00001e-01
 1.00000e-01
 1.00000e-01
 1.00000e-01
 1.00000e-01
 1.00000e-01
 1.00000e-01
 1.00000e-01
 1.00000e-01
 1.00000e-01
 1.00000e+00
 1.00000e+00
 1.00000e+00
 1.00000e+00
 1.00000e+00
 1.00000e+00
 1.00000e+00
 1.00000e+00
 1.00000e+00
 1.00000e+00
 1.00000e+00
 1.00000e+00
 1.00000e+00
 1.00000e+00
 1.00000e+00
 1.00000e+00
 1.00000e+00
 9.99999e-01
 9.99995e-01
 9.99976e-01
 9.99893e-01
 9.99578e-01
 9.98538e-01
 9.95586e-01
 9.88548e-01
 9.74732e-01
 9.52528e-01
 9.22775e-01
 8.88037e-01
 8.50835e-01
 8.12828e-01
 7.74911e-01
 7.37698e-01
 7.01507e-01
 6.66449e-01
 6.32540e-01
 5.99729e-01
 5.68052e-01
 5.38967e-01
 5.11515e-01
 4.85528e-01
 4.60532e-01
 4.37291e-01
 4.15241e-01
 3.94278e-01
 3.75168e-01
 3.56380e-01
 3.40519e-01
 3.26315e-01
 3.14651e-01
 3.08321e-01
 3.03004e-01
 3.00803e-01
 3.00752e-01
 3.00678e-01
 3.00773e-01
 3.01129e-01
 3.01729e-01
 3.02317e-01
 3.02414e-01
 3.02389e-01
 3.02391e-01
 3.02460e-01
 3.02540e-01
 3.02561e-01
 3.02520e-01
 3.02476e-01
 3.02504e-01
 3.02575e-01
 3.02644e-01
 3.02616e-01
 3.02557e-01
 3.02536e-01
 3.02601e-01
 3.02735e-01
 3.02814e-01
 3.02806e-01
 3.02758e-01
 3.02712e-01
 3.02663e-01
 3.02539e-01
 3.01919e-01
 2.98605e-01
 2.83156e-01
 2.32532e-01
 1.47835e-01
 1.08133e-01
 1.00969e-01
 1.00104e-01
 1.00011e-01
 1.00001e-01
 1.00000e-01
 1.00000e-01
 1.00000e-01
 1.00000e-01
 1.00000e-01
 1.00000e-01
 1.00000e-01
 1.00000e-01
 1.00000e-01
 1.00000e+00
 1.00000e+00
 1.00000e+00
 1.00000e+00
 1.00000e+00
 1.00000e+00
 1.00000e+00
 1.00000e+00
 1.00000e+00
 1.00000e+00
 1.00000e+00
 1.00000e+00
 1.00000e+00
 1.00000e+00
 1.00000e+00
 1.00000e+00
 1.00000e+00
 9.99999e-01
 9.99995e-01
 9.99976e-01
 9.99893e-01
 9.99578e-01
 9.98538e-01
 9.95586e-01
 9.88548e-01
 9.74732e-01
 9.52528e-01
 9.22775e-01
 8.88037e-01
 8.50835e-01
 8.12828e-01
 7.74911e-01
 7.37698e-01
 7.01507e-01
 6.66449e-01
 6.32540e-01
 5.99729e-01
 5.68052e-01
 5.38967e-01
 5.11515e-01
 4.85528e-01
 4.60532e-01
 4.37291e-01
 4.15241e-01
 3.94278e-01
 3.75168e-01
 3.56380e-01
 3.40519e-01
 3.26315e-01
 3.14651e-01
 3.08321e-01
 3.03004e-01
 3.00803e-01
 3.00752e-01
 3.00678e-01
 3.00773e-01
 3.01129e-01
 3.01729e-01
 3.02317e-01
 3.02414e-01
 3.02389e-01
 3.02391e-01
 3.02460e-01
 3.02540e-01
 3.02561e-01
 3.02520e-01
 3.02476e-01
 3.02504e-01
 3.02575e-01
 3.02644e-01
 3.02616e-01
 3.02557e-01
 3.02536e-01
 3.02601e-01
 3.02735e-01
 3.02814e-01
 3.02806e-01
 3.02758e-01
 3.02712e-01
 3.02663e-01
 3.02539e-01
 3.01919e-01
 2.98605e-01
 2.83156e-01
 2.32532e-01
 1.47835e-01
 1.08133e-01
 1.00969e-01
 1.00104e-01
 1.00011e-01
 1.00001e-01
 1.00000e-01
 1.00000e-01
 1.00000e-01
 1.00000e-01
 1.00000e-01
 1.00000e-01
 1.00000e-01
 1.00000e-01
 1.00000e-01
 1.00000e+00
 1.00000e+00
 1.00000e+00
 1.00000e+00
 1.00000e+00
 1.00000e+00
 1.00000e+00
 1.00000e+00
 1.00000e+00
 1.00000e+00
 1.00000e+00
 1.00000e+00
 1.00000e+00
 1.00000e+00
 1.00000e+00
 1.00000e+00
 1.00000e+00
 9.99999e-01
 9.99995e-01
 9.99976e-01
 9.99893e-01
 9.99578e-01
 9.98538e-01
 9.95586e-01
 9.88548e-01
 9.74732e-01
 9.52528e-01
 9.22775e-01
 8.88037e-01
 8.50835e-01
 8.12828e-01
 7.74911e-01
 7.37698e-01
 7.01507e-01
 6.66449e-01
 6.32540e-01
 5.99729e-01
 5.68052e-01
 5.38967e-01
 5.11515e-01
 4.85528e-01
 4.60532e-01
 4.37291e-01
 4.15241e-01
 3.94278e-01
 3.75168e-01
 3.56380e-01
 3.40519e-01
 3.26315e-01
 3.14651e-01
 3.08321e-01
 3.03004e-01
 3.00803e-01
 3.00752e-01
 3.00678e-01
 3.00773e-01
 3.01129e-01
 3.01729e-01
 3.02317e-01
 3.02414e-01
 3.02389e-01
 3.02391e-01
 3.02460e-01
 3.02540e-01
 3.02561e-01
 3.02520e-01
 3.02476e-01
 3.02504e-01
 3.02575e-01
 3.02644e-01
 3.02616e-01
 3.02557e-01
 3.02536e-01
 3.02601e-01
 3.02735e-01
 3.02814e-01
 3.02806e-01
 3.02758e-01
 3.02712e-01
 3.02663e-01
 3.02539e-01
 3.01919e-01
 2.98605e-01
 2.83156e-01
 2.32532e-01
 1.47835e-01
 1.08133e-01
 1.00969e-01
 1.00104e-01
 1.00011e-01
 1.00001e-01
 1.00000e-01
 1.00000e-01
 1.00000e-01
 1.00000e-01
 1.00000e-01
 1.00000e-01
 1.00000e-01
 1.00000e-01
 1.00000e-01
 1.00000e+00
 1.00000e+00
 1.00000e+00
 1.00000e+00
 1.00000e+00
 1.00000e+00
 1.00000e+00
 1.00000e+00
 1.00000e+00
 1.00000e+00
 1.00000e+00
 1.00000e+00
 1.00000e+00
 1.00000e+00
 1.00000e+00
 1.00000e+00
 1.00000e+00
 9.99999e-01
 9.99995e-01
 9.99976e-01
 9.99893e-01
 9.99578e-01
 9.98538e-01
 9.95586e-01
 9.88548e-01
 9.74732e-01
 9.52528e-01
 9.22775e-01
 8.88037e-01
 8.50835e-01
 8.12828e-01
 7.74911e-01
 7.37698e-01
 7.01507e-01
 6.66449e-01
 6.32540e-01
 5.99729e-01
 5.68052e-01
 5.38967e-01
 5.11515e-01
 4.85528e-01
 4.60532e-01
 4.37291e-01
 4.15241e-01
 3.94278e-01
 3.75168e-01
 3.56380e-01
 3.40519e-01
 3.26315e-01
 3.14651e-01
 3.08321e-01
 3.03004e-01
 3.00803e-01
 3.00752e-01
 3.00678e-01
 3.00773e-01
 3.01129e-01
 3.01729e-01
 3.02317e-01
 3.02414e-01
 3.02389e-01
 3.02391e-01
 3.02460e-01
 3.02540e-01
 3.02561e-01
 3.02520e-01
 3.02476e-01
 3.02504e-01
 3.02575e-01
 3.02644e-01
 3.02616e-01
 3.02557e-01
 3.02536e-01
 3.02601e-01
 3.02735e-01
 3.02814e-01
 3.02806e-01
 3.02758e-01
 3.02712e-01
 3.02663e-01
 3.02539e-01
 3.01919e-01
 2.98605e-01
 2.83156e-01
 2.32532e-01
 1.47835e-01
 1.08133e-01
 1.00969e-01
 1.00104e-01
 1.00011e-01
 1.00001e-01
 1.00000e-01
 1.00000e-01
 1.00000e-01
 1.00000e-01
 1.00000e-01
 1.00000e-01
 1.00000e-01
 1.00000e-01
 1.00000e-01
 1.00000e+00
 1.00000e+00
 1.00000e+00
 1.00000e+00
 1.00000e+00
 1.00000e+00
 1.00000e+00
 1.00000e+00
 1.00000e+00
 1.00000e+00
 1.00000e+00
 1.00000e+00
 1.00000e+00
 1.00000e+00
 1.00000e+00
 1.00000e+00
 1.00000e+00
 9.99999e-01
 9.99995e-01
 9.99976e-01
 9.99893e-01
 9.99578e-01
 9.98538e-01
 9.95586e-01
 9.88548e-01
 9.74732e-01
 9.52528e-01
 9.22775e-01
 8.88037e-01
 8.50835e-01
 8.12828e-01
 7.74911e-01
 7.37698e-01
 7.01507e-01
 6.66449e-01
 6.32540e-01
 5.99729e-01
 5.68052e-01
 5.38967e-01
 5.11515e-01
 4.85528e-01
 4.60532e-01
 4.37291e-01
 4.15241e-01
 3.94278e-01
 3.75168e-01
 3.56380e-01
 3.40519e-01
 3.26315e-01
 3.14651e-01
 3.08321e-01
 3.03004e-01
 3.00803e-01
 3.00752e-01
 3.00678e-01
 3.00773e-01
 3.01129e-01
 3.01729e-01
 3.02317e-01
 3.02414e-01
 3.02389e-01
 3.02391e-01
 3.02460e-01
 3.02540e-01
 3.02561e-01
 3.02520e-01
 3.02476e-01
 3.02504e-01
 3.02575e-01
 3.02644e-01
 3.02616e-01
 3.02557e-01
 3.02536e-01
 3.02601e-01
 3.02735e-01
 3.02814e-01
 3.02806e-01
 3.02758e-01
 3.02712e-01
 3.02663e-01
 3.02539e-01
 3.01919e-01
 2.98605e-01
 2.83156e-01
 2.32532e-01
 1.47835e-01
 1.08133e-01
 1.00969e-01
 1.00104e-01
 1.00011e-01
 1.00001e-01
 1.00000e-01
 1.00000e-01
 1.00000e-01
 1.00000e-01
 1.00000e-01
 1.00000e-01
 1.00000e-01
 1.00000e-01
 1.00000e-01
 1.00000e+00
 1.00000e+00
 1.00000e+00
 1.00000e+00
 1.00000e+00
 1.00000e+00
 1.00000e+00
 1.00000e+00
 1.00000e+00
 1.00000e+00
 1.00000e+00
 1.00000e+00
 1.00000e+00
 1.00000e+00
 1.00000e+00
 1.00000e+00
 1.00000e+00
 9.99999e-01
 9.99995e-01
 9.99976e-01
 9.99893e-01
 9.99578e-01
 9.98538e-01
 9.95586e-01
 9.88548e-01
 9.74732e-01
 9.52528e-01
 9.22775e-01
 8.88037e-01
 8.50835e-01
 8.12828e-01
 7.74911e-01
 7.37698e-01
 7.01507e-01
 6.66449e-01
 6.32540e-01
 5.99729e-01
 5.68052e-01
 5.38967e-01
 5.11515e-01
 4.85528e-01
 4.60532e-01
 4.37291e-01
 4.15241e-01
 3.94278e-01
 3.75168e-01
 3.56380e-01
 3.40519e-01
 3.26315e-01
 3.14651e-01
 3.08321e-01
 3.03004e-01
 3.00803e-01
 3.00752e-01
 3.00678e-01
 3.00773e-01
 3.01129e-01
 3.01729e-01
 3.02317e-01
 3.02414e-01
 3.02389e-01
 3.02391e-01
 3.02460e-01
 3.02540e-01
 3.02561e-01
 3.02520e-01
 3.02476e-01
 3.02504e-01
 3.02575e-01
 3.02644e-01
 3.02616e-01
 3.02557e-01
 3.02536e-01
 3.02601e-01
 3.02735e-01
 3.02814e-01
 3.02806e-01
 3.02758e-01
 3.02712e-01
 3.02663e-01
 3.02539e-01
 3.01919e-01
 2.98605e-01
 2.83156e-01
 2.32532e-01
 1.47835e-01
 1.08133e-01
 1.00969e-01
 1.00104e-01
 1.00011e-01
 1.00001e-01
 1.00000e-01
 1.00000e-01
 1.00000e-01
 1.00000e-01
 1.00000e-01
 1.00000e-01
 1.00000e-01
 1.00000e-01
 1.00000e-01
 1.00000e+00
 1.00000e+00
 1.00000e+00
 1.00000e+00
 1.00000e+00
 1.00000e+00
 1.00000e+00
 1.00000e+00
 1.00000e+00
 1.00000e+00
 1.00000e+00
 1.00000e+00
 1.00000e+00
 1.00000e+00
 1.00000e+00
 1.00000e+00
 1.00000e+00
 9.99999e-01
 9.99995e-01
 9.99976e-01
 9.99893e-01
 9.99578e-01
 9.98538e-01
 9.95586e-01
 9.88548e-01
 9.74732e-01
 9.52528e-01
 9.22775e-01
 8.88037e-01
 8.50835e-01
 8.12828e-01
 7.74911e-01
 7.37698e-01
 7.01507e-01
 6.66449e-01
 6.32540e-01
 5.99729e-01
 5.68052e-01
 5.38967e-01
 5.11515e-01
 4.85528e-01
 4.60532e-01
 4.37291e-01
 4.15241e-01
 3.94278e-01
 3.75168e-01
 3.56380e-01
 3.40519e-01
 3.26315e-01
 3.14651e-01
 3.08321e-01
 3.03004e-01
 3.00803e-01
 3.00752e-01
 3.00678e-01
 3.00773e-01
 3.01129e-01
 3.01729e-01
 3.02317e-01
 3.02414e-01
 3.02389e-01
 3.02391e-01
 3.02460e-01
 3.02540e-01
 3.02561e-01
 3.02520e-01
 3.02476e-01
 3.02504e-01
 3.02575e-01
 3.02644e-01
 3.02616e-01
 3.02557e-01
 3.02536e-01
 3.02601e-01
 3.02735e-01
 3.02814e-01
 3.02806e-01
 3.02758e-01
 3.02712e-01
 3.02663e-01
 3.02539e-01
 3.01919e-01
 2.98605e-01
 2.83156e-01
 2.32532e-01
 1.47835e-01
 1.08133e-01
 1.00969e-01
 1.00104e-01
 1.00011e-01
 1.00001e-01
 1.00000e-01
 1.00000e-01
 1.00000e-01
 1.00000e-01
 1.00000e-01
 1.00000e-01
 1.00000e-01
 1.00000e-01
 1.00000e-01
 1.00000e+00
 1.00000e+00
 1.00000e+00
 1.00000e+00
 1.00000e+00
 1.00000e+00
 1.00000e+00
 1.00000e+00
 1.00000e+00
 1.00000e+00
 1.00000e+00
 1.00000e+00
 1.00000e+00
 1.00000e+00
 1.00000e+00
 1.00000e+00
 1.00000e+00
 9.99999e-01
 9.99995e-01
 9.99976e-01
 9.99893e-01
 9.99578e-01
 9.98538e-01
 9.95586e-01
 9.88548e-01
 9.74732e-01
 9.52528e-01
 9.22775e-01
 8.88037e-01
 8.50835e-01
 8.12828e-01
 7.74911e-01
 7.37698e-01
 7.01507e-01
 6.66449e-01
 6.32540e-01
 5.99729e-01
 5.68052e-01
 5.38967e-01
 5.11515e-01
 4.85528e-01
 4.60532e-01
 4.37291e-01
 4.15241e-01
 3.94278e-01
 3.75168e-01
 3.56380e-01
 3.40519e-01
 3.26315e-01
 3.14651e-01
 3.08321e-01
 3.03004e-01
 3.00803e-01
 3.00752e-01
 3.00678e-01
 3.00773e-01
 3.01129e-01
 3.01729e-01
 3.02317e-01
 3.02414e-01
 3.02389e-01
 3.02391e-01
 3.02460e-01
 3.02540e-01
 3.02561e-01
 3.02520e-01
 3.02476e-01
 3.02504e-01
 3.02575e-01
 3.02644e-01
 3.02616e-01
 3.02557e-01
 3.02536e-01
 3.02601e-01
 3.02735e-01
 3.02814e-01
 3.02806e-01
 3.02758e-01
 3.02712e-01
 3.02663e-01
 3.02539e-01
 3.01919e-01
 2.98605e-01
 2.83156e-01
 2.32532e-01
 1.47835e-01
 1.08133e-01
 1.00969e-01
 1.00104e-01
 1.00011e-01
 1.00001e-01
 1.00000e-01
 1.00000e-01
 1.00000e-01
 1.00000e-01
 1.00000e-01
 1.00000e-01
 1.00000e-01
 1.00000e-01
 1.00000e-01
 1.00000e+00
 1.00000e+00
 1.00000e+00
 1.00000e+00
 1.00000e+00
 1.00000e+00
 1.00000e+00
 1.00000e+00
 1.00000e+00
 1.00000e+00
 1.00000e+00
 1.00000e+00
 1.00000e+00
 1.00000e+00
 1.00000e+00
 1.00000e+00
 1.00000e+00
 9.99999e-01
 9.99995e-01
 9.99976e-01
 9.99893e-01
 9.99578e-01
 9.98538e-01
 9.95586e-01
 9.88548e-01
 9.74732e-01
 9.52528e-01
 9.22775e-01
 8.88037e-01
 8.50835e-01
 8.12828e-01
 7.74911e-01
 7.37698e-01
 7.01507e-01
 6.66449e-01
 6.32540e-01
 5.99729e-01
 5.68052e-01
 5.38967e-01
 5.11515e-01
 4.85528e-01
 4.60532e-01
 4.37291e-01
 4.15241e-01
 3.94278e-01
 3.75168e-01
 3.56380e-01
 3.40519e-01
 3.26315e-01
 3.14651e-01
 3.08321e-01
 3.03004e-01
 3.00803e-01
 3.00752e-01
 3.00678e-01
 3.00773e-01
 3.01129e-01
 3.01729e-01
 3.02317e-01
 3.02414e-01
 3.02389e-01
 3.02391e-01
 3.02460e-01
 3.02540e-01
 3.02561e-01
 3.02520e-01
 3.02476e-01
 3.02504e-01
 3.02575e-01
 3.02644e-01
 3.02616e-01
 3.02557e-01
 3.02536e-01
 3.02601e-01
 3.02735e-01
 3.02814e-01
 3.02806e-01
 3.02758e-01
 3.02712e-01
 3.02663e-01
 3.02539e-01
 3.01919e-01
 2.98605e-01
 2.83156e-01
 2.32532e-01
 1.47835e-01
 1.08133e-01
 1.00969e-01
 1.00104e-01
 1.00011e-01
 1.00001e-01
 1.00000e-01
 1.00000e-01
 1.00000e-01
 1.00000e-01
 1.00000e-01
 1.00000e-01
 1.00000e-01
 1.00000e-01
 1.00000e-01
 1.00000e+00
 1.00000e+00
 1.00000e+00
 1.00000e+00
 1.00000e+00
 1.00000e+00
 1.00000e+00
 1.00000e+00
 1.00000e+00
 1.00000e+00
 1.00000e+00
 1.00000e+00
 1.00000e+00
 1.00000e+00
 1.00000e+00
 1.00000e+00
 1.00000e+00
 9.99999e-01
 9.99995e-01
 9.99976e-01
 9.99893e-01
 9.99578e-01
 9.98538e-01
 9.95586e-01
 9.88548e-01
 9.74732e-01
 9.52528e-01
 9.22775e-01
 8.88037e-01
 8.50835e-01
 8.12828e-01
 7.74911e-01
 7.37698e-01
 7.01507e-01
 6.66449e-01
 6.32540e-01
 5.99729e-01
 5.68052e-01
 5.38967e-01
 5.11515e-01
 4.85528e-01
 4.60532e-01
 4.37291e-01
 4.15241e-01
 3.94278e-01
 3.75168e-01
 3.56380e-01
 3.40519e-01
 3.26315e-01
 3.14651e-01
 3.08321e-01
 3.03004e-01
 3.00803e-01
 3.00752e-01
 3.00678e-01
 3.00773e-01
 3.01129e-01
 3.01729e-01
 3.02317e-01
 3.02414e-01
 3.02389e-01
 3.02391e-01
 3.02460e-01
 3.02540e-01
 3.02561e-01
 3.02520e-01
 3.02476e-01
 3.02504e-01
 3.02575e-01
 3.02644e-01
 3.02616e-01
 3.02557e-01
 3.02536e-01
 3.02601e-01
 3.02735e-01
 3.02814e-01
 3.02806e-01
 3.02758e-01
 3.02712e-01
 3.02663e-01
 3.02539e-01
 3.01919e-01
 2.98605e-01
 2.83156e-01
 2.32532e-01
 1.47835e-01
 1.08133e-01
 1.00969e-01
 1.00104e-01
 1.00011e-01
 1.00001e-01
 1.00000e-01
 1.00000e-01
 1.00000e-01
 1.00000e-01
 1.00000e-01
 1.00000e-01
 1.00000e-01
 1.00000e-01
 1.00000e-01
 1.00000e+00
 1.00000e+00
 1.00000e+00
 1.00000e+00
 1.00000e+00
 1.00000e+00
 1.00000e+00
 1.00000e+00
 1.00000e+00
 1.00000e+00
 1.00000e+00
 1.00000e+00
 1.00000e+00
 1.00000e+00
 1.00000e+00
 1.00000e+00
 1.00000e+00
 9.99999e-01
 9.99995e-01
 9.99976e-01
 9.99893e-01
 9.99578e-01
 9.98538e-01
 9.95586e-01
 9.88548e-01
 9.74732e-01
 9.52528e-01
 9.22775e-01
 8.88037e-01
 8.50835e-01
 8.12828e-01
 7.74911e-01
 7.37698e-01
 7.01507e-01
 6.66449e-01
 6.32540e-01
 5.99729e-01
 5.68052e-01
 5.38967e-01
 5.11515e-01
 4.85528e-01
 4.60532e-01
 4.37291e-01
 4.15241e-01
 3.94278e-01
 3.75168e-01
 3.56380e-01
 3.40519e-01
 3.26315e-01
 3.14651e-01
 3.08321e-01
 3.03004e-01
 3.00803e-01
 3.00752e-01
 3.00678e-01
 3.00773e-01
 3.01129e-01
 3.01729e-01
 3.02317e-01
 3.02414e-01
 3.02389e-01
 3.02391e-01
 3.02460e-01
 3.02540e-01
 3.02561e-01
 3.02520e-01
 3.02476e-01
 3.02504e-01
 3.02575e-01
 3.02644e-01
 3.02616e-01
 3.02557e-01
 3.02536e-01
 3.02601e-01
 3.02735e-01
 3.02814e-01
 3.02806e-01
 3.02758e-01
 3.02712e-01
 3.02663e-01
 3.02539e-01
 3.01919e-01
 2.98605e-01
 2.83156e-01
 2.32532e-01
 1.47835e-01
 1.08133e-01
 1.00969e-01
 1.00104e-01
 1.00011e-01
 1.00001e-01
 1.00000e-01
 1.00000e-01
 1.00000e-01
 1.00000e-01
 1.00000e-01
 1.00000e-01
 1.00000e-01
 1.00000e-01
 1.00000e-01
 1.00000e+00
 1.00000e+00
 1.00000e+00
 1.00000e+00
 1.00000e+00
 1.00000e+00
 1.00000e+00
 1.00000e+00
 1.00000e+00
 1.00000e+00
 1.00000e+00
 1.00000e+00
 1.00000e+00
 1.00000e+00
 1.00000e+00
 1.00000e+00
 1.00000e+00
 9.99999e-01
 9.99995e-01
 9.99976e-01
 9.99893e-01
 9.99578e-01
 9.98538e-01
 9.95586e-01
 9.88548e-01
 9.74732e-01
 9.52528e-01
 9.22775e-01
 8.88037e-01
 8.50835e-01
 8.12828e-01
 7.74911e-01
 7.37698e-01
 7.01507e-01
 6.66449e-01
 6.32540e-01
 5.99729e-01
 5.68052e-01
 5.38967e-01
 5.11515e-01
 4.85528e-01
 4.60532e-01
 4.37291e-01
 4.15241e-01
 3.94278e-01
 3.75168e-01
 3.56380e-01
 3.40519e-01
 3.26315e-01
 3.14651e-01
 3.08321e-01
 3.03004e-01
 3.00803e-01
 3.00752e-01
 3.00678e-01
 3.00773e-01
 3.01129e-01
 3.01729e-01
 3.02317e-01
 3.02414e-01
 3.02389e-01
 3.02391e-01
 3.02460e-01
 3.02540e-01
 3.02561e-01
 3.02520e-01
 3.02476e-01
 3.02504e-01
 3.02575e-01
 3.02644e-01
 3.02616e-01
 3.02557e-01
 3.02536e-01
 3.02601e-01
 3.02735e-01
 3.02814e-01
 3.02806e-01
 3.02758e-01
 3.02712e-01
 3.02663e-01
 3.02539e-01
 3.01919e-01
 2.98605e-01
 2.83156e-01
 2.32532e-01
 1.47835e-01
 1.08133e-01
 1.00969e-01
 1.00104e-01
 1.00011e-01
 1.00001e-01
 1.00000e-01
 1.00000e-01
 1.00000e-01
 1.00000e-01
 1.00000e-01
 1.00000e-01
 1.00000e-01
 1.00000e-01
 1.00000e-01
 1.00000e+00
 1.00000e+00
 1.00000e+00
 1.00000e+00
 1.00000e+00
 1.00000e+00
 1.00000e+00
 1.00000e+00
 1.00000e+00
 1.00000e+00
 1.00000e+00
 1.00000e+00
 1.00000e+00
 1.00000e+00
 1.00000e+00
 1.00000e+00
 1.00000e+00
 9.99999e-01
 9.99995e-01
 9.99976e-01
 9.99893e-01
 9.99578e-01
 9.98538e-01
 9.95586e-01
 9.88548e-01
 9.74732e-01
 9.52528e-01
 9.22775e-01
 8.88037e-01
 8.50835e-01
 8.12828e-01
 7.74911e-01
 7.37698e-01
 7.01507e-01
 6.66449e-01
 6.32540e-01
 5.99729e-01
 5.68052e-01
 5.38967e-01
 5.11515e-01
 4.85528e-01
 4.60532e-01
 4.37291e-01
 4.15241e-01
 3.94278e-01
 3.75168e-01
 3.56380e-01
 3.40519e-01
 3.26315e-01
 3.14651e-01
 3.08321e-01
 3.03004e-01
 3.00803e-01
 3.00752e-01
 3.00678e-01
 3.00773e-01
 3.01129e-01
 3.01729e-01
 3.02317e-01
 3.02414e-01
 3.02389e-01
 3.02391e-01
 3.02460e-01
 3.02540e-01
 3.02561e-01
 3.02520e-01
 3.02476e-01
 3.02504e-01
 3.02575e-01
 3.02644e-01
 3.02616e-01
 3.02557e-01
 3.02536e-01
 3.02601e-01
 3.02735e-01
 3.02814e-01
 3.02806e-01
 3.02758e-01
 3.02712e-01
 3.02663e-01
 3.02539e-01
 3.01919e-01
 2.98605e-01
 2.83156e-01
 2.32532e-01
 1.47835e-01
 1.08133e-01
 1.00969e-01
 1.00104e-01
 1.00011e-01
 1.00001e-01
 1.00000e-01
 1.00000e-01
 1.00000e-01
 1.00000e-01
 1.00000e-01
 1.00000e-01
 1.00000e-01
 1.00000e-01
 1.00000e-01
 1.00000e+00
 1.00000e+00
 1.00000e+00
 1.00000e+00
 1.00000e+00
 1.00000e+00
 1.00000e+00
 1.00000e+00
 1.00000e+00
 1.00000e+00
 1.00000e+00
 1.00000e+00
 1.00000e+00
 1.00000e+00
 1.00000e+00
 1.00000e+00
 1.00000e+00
 9.99999e-01
 9.99995e-01
 9.99976e-01
 9.99893e-01
 9.99578e-01
 9.98538e-01
 9.95586e-01
 9.88548e-01
 9.74732e-01
 9.52528e-01
 9.22775e-01
 8.88037e-01
 8.50835e-01
 8.12828e-01
 7.74911e-01
 7.37698e-01
 7.01507e-01
 6.66449e-01
 6.32540e-01
 5.99729e-01
 5.68052e-01
 5.38967e-01
 5.11515e-01
 4.85528e-01
 4.60532e-01
 4.37291e-01
 4.15241e-01
 3.94278e-01
 3.75168e-01
 3.56380e-01
 3.40519e-01
 3.26315e-01
 3.14651e-01
 3.08321e-01
 3.03004e-01
 3.00803e-01
 3.00752e-01
 3.00678e-01
 3.00773e-01
 3.01129e-01
 3.01729e-01
 3.02317e-01
 3.02414e-01
 3.02389e-01
 3.02391e-01
 3.02460e-01
 3.02540e-01
 3.02561e-01
 3.02520e-01
 3.02476e-01
 3.02504e-01
 3.02575e-01
 3.02644e-01
 3.02616e-01
 3.02557e-01
 3.02536e-01
 3.02601e-01
 3.02735e-01
 3.02814e-01
 3.02806e-01
 3.02758e-01
 3.02712e-01
 3.02663e-01
 3.02539e-01
 3.01919e-01
 2.98605e-01
 2.83156e-01
 2.32532e-01
 1.47835e-01
 1.08133e-01
 1.00969e-01
 1.00104e-01
 1.00011e-01
 1.00001e-01
 1.00000e-01
 1.00000e-01
 1.00000e-01
 1.00000e-01
 1.00000e-01
 1.00000e-01
 1.00000e-01
 1.00000e-01
 1.00000e-01
 1.00000e+00
 1.00000e+00
 1.00000e+00
 1.00000e+00
 1.00000e+00
 1.00000e+00
 1.00000e+00
 1.00000e+00
 1.00000e+00
 1.00000e+00
 1.00000e+00
 1.00000e+00
 1.00000e+00
 1.00000e+00
 1.00000e+00
 1.00000e+00
 1.00000e+00
 9.99999e-01
 9.99995e-01
 9.99976e-01
 9.99893e-01
 9.99578e-01
 9.98538e-01
 9.95586e-01
 9.88548e-01
 9.74732e-01
 9.52528e-01
 9.22775e-01
 8.88037e-01
 8.50835e-01
 8.12828e-01
 7.74911e-01
 7.37698e-01
 7.01507e-01
 6.66449e-01
 6.32540e-01
 5.99729e-01
 5.68052e-01
 5.38967e-01
 5.11515e-01
 4.85528e-01
 4.60532e-01
 4.37291e-01
 4.15241e-01
 3.94278e-01
 3.75168e-01
 3.56380e-01
 3.40519e-01
 3.26315e-01
 3.14651e-01
 3.08321e-01
 3.03004e-01
 3.00803e-01
 3.00752e-01
 3.00678e-01
 3.00773e-01
 3.01129e-01
 3.01729e-01
 3.02317e-01
 3.02414e-01
 3.02389e-01
 3.02391e-01
 3.02460e-01
 3.02540e-01
 3.02561e-01
 3.02520e-01
 3.02476e-01
 3.02504e-01
 3.02575e-01
 3.02644e-01
 3.02616e-01
 3.02557e-01
 3.02536e-01
 3.02601e-01
 3.02735e-01
 3.02814e-01
 3.02806e-01
 3.02758e-01
 3.02712e-01
 3.02663e-01
 3.02539e-01
 3.01919e-01
 2.98605e-01
 2.83156e-01
 2.32532e-01
 1.47835e-01
 1.08133e-01
 1.00969e-01
 1.00104e-01
 1.00011e-01
 1.00001e-01
 1.00000e-01
 1.00000e-01
 1.00000e-01
 1.00000e-01
 1.00000e-01
 1.00000e-01
 1.00000e-01
 1.00000e-01
 1.00000e-01
 1.00000e+00
 1.00000e+00
 1.00000e+00
 1.00000e+00
 1.00000e+00
 1.00000e+00
 1.00000e+00
 1.00000e+00
 1.00000e+00
 1.00000e+00
 1.00000e+00
 1.00000e+00
 1.00000e+00
 1.00000e+00
 1.00000e+00
 1.00000e+00
 1.00000e+00
 9.99999e-01
 9.99995e-01
 9.99976e-01
 9.99893e-01
 9.99578e-01
 9.98538e-01
 9.95586e-01
 9.88548e-01
 9.74732e-01
 9.52528e-01
 9.22775e-01
 8.88037e-01
 8.50835e-01
 8.12828e-01
 7.74911e-01
 7.37698e-01
 7.01507e-01
 6.66449e-01
 6.32540e-01
 5.99729e-01
 5.68052e-01
 5.38967e-01
 5.11515e-01
 4.85528e-01
 4.60532e-01
 4.37291e-01
 4.15241e-01
 3.94278e-01
 3.75168e-01
 3.56380e-01
 3.40519e-01
 3.26315e-01
 3.14651e-01
 3.08321e-01
 3.03004e-01
 3.00803e-01
 3.00752e-01
 3.00678e-01
 3.00773e-01
 3.01129e-01
 3.01729e-01
 3.02317e-01
 3.02414e-01
 3.02389e-01
 3.02391e-01
 3.02460e-01
 3.02540e-01
 3.02561e-01
 3.02520e-01
 3.02476e-01
 3.02504e-01
 3.02575e-01
 3.02644e-01
 3.02616e-01
 3.02557e-01
 3.02536e-01
 3.02601e-01
 3.02735e-01
 3.02814e-01
 3.02806e-01
 3.02758e-01
 3.02712e-01
 3.02663e-01
 3.02539e-01
 3.01919e-01
 2.98605e-01
 2.83156e-01
 2.32532e-01
 1.47835e-01
 1.08133e-01
 1.00969e-01
 1.00104e-01
 1.00011e-01
 1.00001e-01
 1.00000e-01
 1.00000e-01
 1.00000e-01
 1.00000e-01
 1.00000e-01
 1.00000e-01
 1.00000e-01
 1.00000e-01
 1.00000e-01
 1.00000e+00
 1.00000e+00
 1.00000e+00
 1.00000e+00
 1.00000e+00
 1.00000e+00
 1.00000e+00
 1.00000e+00
 1.00000e+00
 1.00000e+00
 1.00000e+00
 1.00000e+00
 1.00000e+00
 1.00000e+00
 1.00000e+00
 1.00000e+00
 1.00000e+00
 9.99999e-01
 9.99995e-01
 9.99976e-01
 9.99893e-01
 9.99578e-01
 9.98538e-01
 9.95586e-01
 9.88548e-01
 9.74732e-01
 9.52528e-01
 9.22775e-01
 8.88037e-01
 8.50835e-01
 8.12828e-01
 7.74911e-01
 7.37698e-01
 7.01507e-01
 6.66449e-01
 6.32540e-01
 5.99729e-01
 5.68052e-01
 5.38967e-01
 5.11515e-01
 4.85528e-01
 4.60532e-01
 4.37291e-01
 4.15241e-01
 3.94278e-01
 3.75168e-01
 3.56380e-01
 3.40519e-01
 3.26315e-01
 3.14651e-01
 3.08321e-01
 3.03004e-01
 3.00803e-01
 3.00752e-01
 3.00678e-01
 3.00773e-01
 3.01129e-01
 3.01729e-01
 3.02317e-01
 3.02414e-01
 3.02389e-01
 3.02391e-01
 3.02460e-01
 3.02540e-01
 3.02561e-01
 3.02520e-01
 3.02476e-01
 3.02504e-01
 3.02575e-01
 3.02644e-01
 3.02616e-01
 3.02557e-01
 3.02536e-01
 3.02601e-01
 3.02735e-01
 3.02814e-01
 3.02806e-01
 3.02758e-01
 3.02712e-01
 3.02663e-01
 3.02539e-01
 3.01919e-01
 2.98605e-01
 2.83156e-01
 2.32532e-01
 1.47835e-01
 1.08133e-01
 1.00969e-01
 1.00104e-01
 1.00011e-01
 1.00001e-01
 1.00000e-01
 1.00000e-01
 1.00000e-01
 1.00000e-01
 1.00000e-01
 1.00000e-01
 1.00000e-01
 1.00000e-01
 1.00000e-01
 1.00000e+00
 1.00000e+00
 1.00000e+00
 1.00000e+00
 1.00000e+00
 1.00000e+00
 1.00000e+00
 1.00000e+00
 1.00000e+00
 1.00000e+00
 1.00000e+00
 1.00000e+00
 1.00000e+00
 1.00000e+00
 1.00000e+00
 1.00000e+00
 1.00000e+00
 9.99999e-01
 9.99995e-01
 9.99976e-01
 9.99893e-01
 9.99578e-01
 9.98538e-01
 9.95586e-01
 9.88548e-01
 9.74732e-01
 9.52528e-01
 9.22775e-01
 8.88037e-01
 8.50835e-01
 8.12828e-01
 7.74911e-01
 7.37698e-01
 7.01507e-01
 6.66449e-01
 6.32540e-01
 5.99729e-01
 5.68052e-01
 5.38967e-01
 5.11515e-01
 4.85528e-01
 4.60532e-01
 4.37291e-01
 4.15241e-01
 3.94278e-01
 3.75168e-01
 3.56380e-01
 3.40519e-01
 3.26315e-01
 3.14651e-01
 3.08321e-01
 3.03004e-01
 3.00803e-01
 3.00752e-01
 3.00678e-01
 3.00773e-01
 3.01129e-01
 3.01729e-01
 3.02317e-01
 3.02414e-01
 3.02389e-01
 3.02391e-01
 3.02460e-01
 3.02540e-01
 3.02561e-01
 3.02520e-01
 3.02476e-01
 3.02504e-01
 3.02575e-01
 3.02644e-01
 3.02616e-01
 3.02557e-01
 3.02536e-01
 3.02601e-01
 3.02735e-01
 3.02814e-01
 3.02806e-01
 3.02758e-01
 3.02712e-01
 3.02663e-01
 3.02539e-01
 3.01919e-01
 2.98605e-01
 2.83156e-01
 2.32532e-01
 1.47835e-01
 1.08133e-01
 1.00969e-01
 1.00104e-01
 1.00011e-01
 1.00001e-01
 1.00000e-01
 1.00000e-01
 1.00000e-01
 1.00000e-01
 1.00000e-01
 1.00000e-01
 1.00000e-01
 1.00000e-01
 1.00000e-01
 1.00000e+00
 1.00000e+00
 1.00000e+00
 1.00000e+00
 1.00000e+00
 1.00000e+00
 1.00000e+00
 1.00000e+00
 1.00000e+00
 1.00000e+00
 1.00000e+00
 1.00000e+00
 1.00000e+00
 1.00000e+00
 1.00000e+00
 1.00000e+00
 1.00000e+00
 9.99999e-01
 9.99995e-01
 9.99976e-01
 9.99893e-01
 9.99578e-01
 9.98538e-01
 9.95586e-01
 9.88548e-01
 9.74732e-01
 9.52528e-01
 9.22775e-01
 8.88037e-01
 8.50835e-01
 8.12828e-01
 7.74911e-01
 7.37698e-01
 7.01507e-01
 6.66449e-01
 6.32540e-01
 5.99729e-01
 5.68052e-01
 5.38967e-01
 5.11515e-01
 4.85528e-01
 4.60532e-01
 4.37291e-01
 4.15241e-01
 3.94278e-01
 3.75168e-01
 3.56380e-01
 3.40519e-01
 3.26315e-01
 3.14651e-01
 3.08321e-01
 3.03004e-01
 3.00803e-01
 3.00752e-01
 3.00678e-01
 3.00773e-01
 3.01129e-01
 3.01729e-01
 3.02317e-01
 3.02414e-01
 3.02389e-01
 3.02391e-01
 3.02460e-01
 3.02540e-01
 3.02561e-01
 3.02520e-01
 3.02476e-01
 3.02504e-01
 3.02575e-01
 3.02644e-01
 3.02616e-01
 3.02557e-01
 3.02536e-01
 3.02601e-01
 3.02735e-01
 3.02814e-01
 3.02806e-01
 3.02758e-01
 3.02712e-01
 3.02663e-01
 3.02539e-01
 3.01919e-01
 2.98605e-01
 2.83156e-01
 2.32532e-01
 1.47835e-01
 1.08133e-01
 1.00969e-01
 1.00104e-01
 1.00011e-01
 1.00001e-01
 1.00000e-01
 1.00000e-01
 1.00000e-01
 1.00000e-01
 1.00000e-01
 1.00000e-01
 1.00000e-01
 1.00000e-01
 1.00000e-01
 1.00000e+00
 1.00000e+00
 1.00000e+00
 1.00000e+00
 1.00000e+00
 1.00000e+00
 1.00000e+00
 1.00000e+00
 1.00000e+00
 1.00000e+00
 1.00000e+00
 1.00000e+00
 1.00000e+00
 1.00000e+00
 1.00000e+00
 1.00000e+00
 1.00000e+00
 9.99999e-01
 9.99995e-01
 9.99976e-01
 9.99893e-01
 9.99578e-01
 9.98538e-01
 9.95586e-01
 9.88548e-01
 9.74732e-01
 9.52528e-01
 9.22775e-01
 8.88037e-01
 8.50835e-01
 8.12828e-01
 7.74911e-01
 7.37698e-01
 7.01507e-01
 6.66449e-01
 6.32540e-01
 5.99729e-01
 5.68052e-01
 5.38967e-01
 5.11515e-01
 4.85528e-01
 4.60532e-01
 4.37291e-01
 4.15241e-01
 3.94278e-01
 3.75168e-01
 3.56380e-01
 3.40519e-01
 3.26315e-01
 3.14651e-01
 3.08321e-01
 3.03004e-01
 3.00803e-01
 3.00752e-01
 3.00678e-01
 3.00773e-01
 3.01129e-01
 3.01729e-01
 3.02317e-01
 3.02414e-01
 3.02389e-01
 3.02391e-01
 3.02460e-01
 3.02540e-01
 3.02561e-01
 3.02520e-01
 3.02476e-01
 3.02504e-01
 3.02575e-01
 3.02644e-01
 3.02616e-01
 3.02557e-01
 3.02536e-01
 3.02601e-01
 3.02735e-01
 3.02814e-01
 3.02806e-01
 3.02758e-01
 3.02712e-01
 3.02663e-01
 3.02539e-01
 3.01919e-01
 2.98605e-01
 2.83156e-01
 2.32532e-01
 1.47835e-01
 1.08133e-01
 1.00969e-01
 1.00104e-01
 1.00011e-01
 1.00001e-01
 1.00000e-01
 1.00000e-01
 1.00000e-01
 1.00000e-01
 1.00000e-01
 1.00000e-01
 1.00000e-01
 1.00000e-01
 1.00000e-01
 1.00000e+00
 1.00000e+00
 1.00000e+00
 1.00000e+00
 1.00000e+00
 1.00000e+00
 1.00000e+00
 1.00000e+00
 1.00000e+00
 1.00000e+00
 1.00000e+00
 1.00000e+00
 1.00000e+00
 1.00000e+00
 1.00000e+00
 1.00000e+00
 1.00000e+00
 9.99999e-01
 9.99995e-01
 9.99976e-01
 9.99893e-01
 9.99578e-01
 9.98538e-01
 9.95586e-01
 9.88548e-01
 9.74732e-01
 9.52528e-01
 9.22775e-01
 8.88037e-01
 8.50835e-01
 8.12828e-01
 7.74911e-01
 7.37698e-01
 7.01507e-01
 6.66449e-01
 6.32540e-01
 5.99729e-01
 5.68052e-01
 5.38967e-01
 5.11515e-01
 4.85528e-01
 4.60532e-01
 4.37291e-01
 4.15241e-01
 3.94278e-01
 3.75168e-01
 3.56380e-01
 3.40519e-01
 3.26315e-01
 3.14651e-01
 3.08321e-01
 3.03004e-01
 3.00803e-01
 3.00752e-01
 3.00678e-01
 3.00773e-01
 3.01129e-01
 3.01729e-01
 3.02317e-01
 3.02414e-01
 3.02389e-01
 3.02391e-01
 3.02460e-01
 3.02540e-01
 3.02561e-01
 3.02520e-01
 3.02476e-01
 3.02504e-01
 3.02575e-01
 3.02644e-01
 3.02616e-01
 3.02557e-01
 3.02536e-01
 3.02601e-01
 3.02735e-01
 3.02814e-01
 3.02806e-01
 3.02758e-01
 3.02712e-01
 3.02663e-01
 3.02539e-01
 3.01919e-01
 2.98605e-01
 2.83156e-01
 2.32532e-01
 1.47835e-01
 1.08133e-01
 1.00969e-01
 1.00104e-01
 1.00011e-01
 1.00001e-01
 1.00000e-01
 1.00000e-01
 1.00000e-01
 1.00000e-01
 1.00000e-01
 1.00000e-01
 1.00000e-01
 1.00000e-01
 1.00000e-01
 1.00000e+00
 1.00000e+00
 1.00000e+00
 1.00000e+00
 1.00000e+00
 1.00000e+00
 1.00000e+00
 1.00000e+00
 1.00000e+00
 1.00000e+00
 1.00000e+00
 1.00000e+00
 1.00000e+00
 1.00000e+00
 1.00000e+00
 1.00000e+00
 1.00000e+00
 9.99999e-01
 9.99995e-01
 9.99976e-01
 9.99893e-01
 9.99578e-01
 9.98538e-01
 9.95586e-01
 9.88548e-01
 9.74732e-01
 9.52528e-01
 9.22775e-01
 8.88037e-01
 8.50835e-01
 8.12828e-01
 7.74911e-01
 7.37698e-01
 7.01507e-01
 6.66449e-01
 6.32540e-01
 5.99729e-01
 5.68052e-01
 5.38967e-01
 5.11515e-01
 4.85528e-01
 4.60532e-01
 4.37291e-01
 4.15241e-01
 3.94278e-01
 3.75168e-01
 3.56380e-01
 3.40519e-01
 3.26315e-01
 3.14651e-01
 3.08321e-01
 3.03004e-01
 3.00803e-01
 3.00752e-01
 3.00678e-01
 3.00773e-01
 3.01129e-01
 3.01729e-01
 3.02317e-01
 3.02414e-01
 3.02389e-01
 3.02391e-01
 3.02460e-01
 3.02540e-01
 3.02561e-01
 3.02520e-01
 3.02476e-01
 3.02504e-01
 3.02575e-01
 3.02644e-01
 3.02616e-01
 3.02557e-01
 3.02536e-01
 3.02601e-01
 3.02735e-01
 3.02814e-01
 3.02806e-01
 3.02758e-01
 3.02712e-01
 3.02663e-01
 3.02539e-01
 3.01919e-01
 2.98605e-01
 2.83156e-01
 2.32532e-01
 1.47835e-01
 1.08133e-01
 1.00969e-01
 1.00104e-01
 1.00011e-01
 1.00001e-01
 1.00000e-01
 1.00000e-01
 1.00000e-01
 1.00000e-01
 1.00000e-01
 1.00000e-01
 1.00000e-01
 1.00000e-01
 1.00000e-01
 1.00000e+00
 1.00000e+00
 1.00000e+00
 1.00000e+00
 1.00000e+00
 1.00000e+00
 1.00000e+00
 1.00000e+00
 1.00000e+00
 1.00000e+00
 1.00000e+00
 1.00000e+00
 1.00000e+00
 1.00000e+00
 1.00000e+00
 1.00000e+00
 1.00000e+00
 9.99999e-01
 9.99995e-01
 9.99976e-01
 9.99893e-01
 9.99578e-01
 9.98538e-01
 9.95586e-01
 9.88548e-01
 9.74732e-01
 9.52528e-01
 9.22775e-01
 8.88037e-01
 8.50835e-01
 8.12828e-01
 7.74911e-01
 7.37698e-01
 7.01507e-01
 6.66449e-01
 6.32540e-01
 5.99729e-01
 5.68052e-01
 5.38967e-01
 5.11515e-01
 4.85528e-01
 4.60532e-01
 4.37291e-01
 4.15241e-01
 3.94278e-01
 3.75168e-01
 3.56380e-01
 3.40519e-01
 3.26315e-01
 3.14651e-01
 3.08321e-01
 3.03004e-01
 3.00803e-01
 3.00752e-01
 3.00678e-01
 3.00773e-01
 3.01129e-01
 3.01729e-01
 3.02317e-01
 3.02414e-01
 3.02389e-01
 3.02391e-01
 3.02460e-01
 3.02540e-01
 3.02561e-01
 3.02520e-01
 3.02476e-01
 3.02504e-01
 3.02575e-01
 3.02644e-01
 3.02616e-01
 3.02557e-01
 3.02536e-01
 3.02601e-01
 3.02735e-01
 3.02814e-01
 3.02806e-01
 3.02758e-01
 3.02712e-01
 3.02663e-01
 3.02539e-01
 3.01919e-01
 2.98605e-01
 2.83156e-01
 2.32532e-01
 1.47835e-01
 1.08133e-01
 1.00969e-01
 1.00104e-01
 1.00011e-01
 1.00001e-01
 1.00000e-01
 1.00000e-01
 1.00000e-01
 1.00000e-01
 1.00000e-01
 1.00000e-01
 1.00000e-01
 1.00000e-01
 1.00000e-01
 1.00000e+00
 1.00000e+00
 1.00000e+00
 1.00000e+00
 1.00000e+00
 1.00000e+00
 1.00000e+00
 1.00000e+00
 1.00000e+00
 1.00000e+00
 1.00000e+00
 1.00000e+00
 1.00000e+00
 1.00000e+00
 1.00000e+00
 1.00000e+00
 1.00000e+00
 9.99999e-01
 9.99995e-01
 9.99976e-01
 9.99893e-01
 9.99578e-01
 9.98538e-01
 9.95586e-01
 9.88548e-01
 9.74732e-01
 9.52528e-01
 9.22775e-01
 8.88037e-01
 8.50835e-01
 8.12828e-01
 7.74911e-01
 7.37698e-01
 7.01507e-01
 6.66449e-01
 6.32540e-01
 5.99729e-01
 5.68052e-01
 5.38967e-01
 5.11515e-01
 4.85528e-01
 4.60532e-01
 4.37291e-01
 4.15241e-01
 3.94278e-01
 3.75168e-01
 3.56380e-01
 3.40519e-01
 3.26315e-01
 3.14651e-01
 3.08321e-01
 3.03004e-01
 3.00803e-01
 3.00752e-01
 3.00678e-01
 3.00773e-01
 3.01129e-01
 3.01729e-01
 3.02317e-01
 3.02414e-01
 3.02389e-01
 3.02391e-01
 3.02460e-01
 3.02540e-01
 3.02561e-01
 3.02520e-01
 3.02476e-01
 3.02504e-01
 3.02575e-01
 3.02644e-01
 3.02616e-01
 3.02557e-01
 3.02536e-01
 3.02601e-01
 3.02735e-01
 3.02814e-01
 3.02806e-01
 3.02758e-01
 3.02712e-01
 3.02663e-01
 3.02539e-01
 3.01919e-01
 2.98605e-01
 2.83156e-01
 2.32532e-01
 1.47835e-01
 1.08133e-01
 1.00969e-01
 1.00104e-01
 1.00011e-01
 1.00001e-01
 1.00000e-01
 1.00000e-01
 1.00000e-01
 1.00000e-01
 1.00000e-01
 1.00000e-01
 1.00000e-01
 1.00000e-01
 1.00000e-01
