NodeMass
part
         1
coordinates
 0.00000e+00
 0.00000e+00
 0.00000e+00
 0.00000e+00
 0.00000e+00
 0.00000e+00
 0.00000e+00
 0.00000e+00
 0.00000e+00
 0.00000e+00
 0.00000e+00
 0.00000e+00
 0.00000e+00
 0.00000e+00
 0.00000e+00
 0.00000e+00
 0.00000e+00
 0.00000e+00
 0.00000e+00
 0.00000e+00
 0.00000e+00
 0.00000e+00
 0.00000e+00
 0.00000e+00
 0.00000e+00
 0.00000e+00
 0.00000e+00
 0.00000e+00
 0.00000e+00
 0.00000e+00
 0.00000e+00
 0.00000e+00
 0.00000e+00
 0.00000e+00
 0.00000e+00
 0.00000e+00
 0.00000e+00
 0.00000e+00
 0.00000e+00
 0.00000e+00
 0.00000e+00
 0.00000e+00
 0.00000e+00
 0.00000e+00
 0.00000e+00
 0.00000e+00
 0.00000e+00
 0.00000e+00
 0.00000e+00
 0.00000e+00
 0.00000e+00
 0.00000e+00
 0.00000e+00
 0.00000e+00
 0.00000e+00
 0.00000e+00
 0.00000e+00
 0.00000e+00
 0.00000e+00
 0.00000e+00
 0.00000e+00
 0.00000e+00
 0.00000e+00
 0.00000e+00
 0.00000e+00
 0.00000e+00
 0.00000e+00
 0.00000e+00
 0.00000e+00
 0.00000e+00
 0.00000e+00
 0.00000e+00
 0.00000e+00
 0.00000e+00
 0.00000e+00
 0.00000e+00
 0.00000e+00
 0.00000e+00
 0.00000e+00
 0.00000e+00
 0.00000e+00
 0.00000e+00
 0.00000e+00
 0.00000e+00
 0.00000e+00
 0.00000e+00
 0.00000e+00
 0.00000e+00
 0.00000e+00
 0.00000e+00
 0.00000e+00
 0.00000e+00
 0.00000e+00
 0.00000e+00
 0.00000e+00
 0.00000e+00
 0.00000e+00
 0.00000e+00
 0.00000e+00
 0.00000e+00
 0.00000e+00
 0.00000e+00
 0.00000e+00
 0.00000e+00
 0.00000e+00
 0.00000e+00
 0.00000e+00
 0.00000e+00
 0.00000e+00
 1.40901e-40
 8.22601e-39
 2.38504e-37
 4.57707e-36
 6.53825e-35
 7.41298e-34
 6.94625e-33
 5.53085e-32
 3.81832e-31
 2.32062e-30
 1.25640e-29
 6.11684e-29
 2.69835e-28
 1.08526e-27
 3.99994e-27
 1.35675e-26
 4.25007e-26
 1.23314e-25
 3.32189e-25
 8.32454e-25
 1.94354e-24
 4.23223e-24
 8.60206e-24
 1.63238e-23
 2.89172e-23
 4.56811e-23
 5.88859e-23
 6.37574e-23
 6.38671e-23
 6.07357e-23
 5.28350e-23
 3.91176e-23
 2.31964e-23
 1.15441e-23
 5.44132e-24
 2.44905e-24
 1.05516e-24
 4.36083e-25
 1.73205e-25
 6.62290e-26
 2.44010e-26
 8.72299e-27
 2.92538e-27
 6.36050e-28
 0.00000e+00
 0.00000e+00
 0.00000e+00
 0.00000e+00
 0.00000e+00
 1.68205e-40
 1.01155e-38
 3.12935e-37
 6.57397e-36
 1.04505e-34
 1.33078e-33
 1.40635e-32
 1.26408e-31
 9.84344e-31
 6.73729e-30
 4.10075e-29
 2.24105e-28
 1.10844e-27
 4.99494e-27
 2.06213e-26
 7.83573e-26
 2.75098e-25
 8.95208e-25
 2.70723e-24
 7.62458e-24
 2.00326e-23
 4.91659e-23
 1.12829e-22
 2.42260e-22
 4.86834e-22
 9.15576e-22
 1.61068e-21
 2.53205e-21
 3.25751e-21
 3.52736e-21
 3.53703e-21
 3.37310e-21
 2.95544e-21
 2.22624e-21
 1.37381e-21
 7.44107e-22
 4.07712e-22
 2.32344e-22
 1.38063e-22
 8.39400e-23
 5.07915e-23
 2.99214e-23
 1.68467e-23
 9.14630e-24
 4.53564e-24
 1.29862e-24
 0.00000e+00
 0.00000e+00
 0.00000e+00
 0.00000e+00
 3.22947e-39
 1.86691e-37
 5.36492e-36
 1.02671e-34
 1.47774e-33
 1.71084e-32
 1.66197e-31
 1.39348e-30
 1.02835e-29
 6.77287e-29
 4.02169e-28
 2.16964e-27
 1.06991e-26
 4.84666e-26
 2.02535e-25
 7.83563e-25
 2.81516e-24
 9.41731e-24
 2.93968e-23
 8.57848e-23
 2.34361e-22
 6.00078e-22
 1.44120e-21
 3.24825e-21
 6.87189e-21
 1.36448e-20
 2.54181e-20
 4.43881e-20
 6.94133e-20
 8.91006e-20
 9.64830e-20
 9.68416e-20
 9.26065e-20
 8.17083e-20
 6.25731e-20
 4.00342e-20
 2.32335e-20
 1.41011e-20
 9.07224e-21
 6.04182e-21
 4.01345e-21
 2.57989e-21
 1.57923e-21
 9.09944e-22
 5.00908e-22
 2.50262e-22
 7.18352e-23
 0.00000e+00
 0.00000e+00
 0.00000e+00
 1.07268e-39
 2.35045e-37
 1.15325e-35
 3.06190e-34
 5.51670e-33
 7.49795e-32
 8.17593e-31
 7.44723e-30
 5.82960e-29
 4.00418e-28
 2.45149e-27
 1.35395e-26
 6.80879e-26
 3.14051e-25
 1.33631e-24
 5.27000e-24
 1.93358e-23
 6.62076e-23
 2.12105e-22
 6.37066e-22
 1.79683e-21
 4.76488e-21
 1.18902e-20
 2.79347e-20
 6.18027e-20
 1.28747e-19
 2.52445e-19
 4.65574e-19
 8.06757e-19
 1.25450e-18
 1.60627e-18
 1.73919e-18
 1.74728e-18
 1.67533e-18
 1.48831e-18
 1.15808e-18
 7.65777e-19
 4.70569e-19
 3.07723e-19
 2.13653e-19
 1.51365e-19
 1.04930e-19
 6.92676e-20
 4.30658e-20
 2.50269e-20
 1.38381e-20
 6.92505e-21
 1.98707e-21
 0.00000e+00
 0.00000e+00
 0.00000e+00
 6.07742e-38
 8.07759e-36
 3.55758e-34
 8.95961e-33
 1.55699e-31
 2.05239e-30
 2.17250e-29
 1.91839e-28
 1.45224e-27
 9.61937e-27
 5.66404e-26
 3.00191e-25
 1.44644e-24
 6.38767e-24
 2.60243e-23
 9.83444e-23
 3.46237e-22
 1.13980e-21
 3.51890e-21
 1.02127e-20
 2.79147e-20
 7.19600e-20
 1.75113e-19
 4.02477e-19
 8.73812e-19
 1.79165e-18
 3.46733e-18
 6.32771e-18
 1.08755e-17
 1.68102e-17
 2.14647e-17
 2.32362e-17
 2.33648e-17
 2.24609e-17
 2.00875e-17
 1.58747e-17
 1.08217e-17
 6.97740e-18
 4.82894e-18
 3.53721e-18
 2.61166e-18
 1.86110e-18
 1.24927e-18
 7.83967e-19
 4.57701e-19
 2.53570e-19
 1.26917e-19
 3.63803e-20
 0.00000e+00
 0.00000e+00
 1.19820e-39
 1.77255e-36
 1.79410e-34
 7.25113e-33
 1.74713e-31
 2.94870e-30
 3.79851e-29
 3.93854e-28
 3.40772e-27
 2.52544e-26
 1.63511e-25
 9.39325e-25
 4.84765e-24
 2.27032e-23
 9.72996e-23
 3.84257e-22
 1.40654e-21
 4.79545e-21
 1.52913e-20
 4.57609e-20
 1.28888e-19
 3.42446e-19
 8.59794e-19
 2.04248e-18
 4.59422e-18
 9.78751e-18
 1.97453e-17
 3.76985e-17
 6.80462e-17
 1.15951e-16
 1.78087e-16
 2.26716e-16
 2.45355e-16
 2.46924e-16
 2.37970e-16
 2.14210e-16
 1.71844e-16
 1.20552e-16
 8.10083e-17
 5.85722e-17
 4.46579e-17
 3.40300e-17
 2.47774e-17
 1.68475e-17
 1.06445e-17
 6.23310e-18
 3.45630e-18
 1.72929e-18
 4.95083e-19
 0.00000e+00
 0.00000e+00
 6.59676e-38
 3.52743e-35
 2.93482e-33
 1.10008e-31
 2.54484e-30
 4.18185e-29
 5.27937e-28
 5.38098e-27
 4.58203e-26
 3.34215e-25
 2.12836e-24
 1.20128e-23
 6.08272e-23
 2.79094e-22
 1.17012e-21
 4.51451e-21
 1.61251e-20
 5.35981e-20
 1.66526e-19
 4.85463e-19
 1.33224e-18
 3.45098e-18
 8.45637e-18
 1.96350e-17
 4.32486e-17
 9.04191e-17
 1.79438e-16
 3.37846e-16
 6.02879e-16
 1.01809e-15
 1.55317e-15
 1.97093e-15
 2.13216e-15
 2.14754e-15
 2.07477e-15
 1.87948e-15
 1.52961e-15
 1.10243e-15
 7.68648e-16
 5.75246e-16
 4.51937e-16
 3.53575e-16
 2.62482e-16
 1.80541e-16
 1.14706e-16
 6.73044e-17
 3.73320e-17
 1.86664e-17
 5.33736e-18
 0.00000e+00
 0.00000e+00
 1.80024e-36
 5.34568e-34
 3.79505e-32
 1.32714e-30
 2.95207e-29
 4.72714e-28
 5.85439e-27
 5.87417e-26
 4.93265e-25
 3.55033e-24
 2.23092e-23
 1.24178e-22
 6.19565e-22
 2.79808e-21
 1.15331e-20
 4.36910e-20
 1.53050e-19
 4.98371e-19
 1.51550e-18
 4.32113e-18
 1.15935e-17
 2.93590e-17
 7.03565e-17
 1.59889e-16
 3.45116e-16
 7.08242e-16
 1.41628e-15
 2.67338e-15
 4.71696e-15
 7.86177e-15
 1.18753e-14
 1.50370e-14
 1.63658e-14
 1.66875e-14
 1.64704e-14
 1.54489e-14
 1.31881e-14
 1.01726e-14
 7.70016e-15
 5.47391e-15
 3.79526e-15
 3.03236e-15
 2.29755e-15
 1.59971e-15
 1.02083e-15
 5.99685e-16
 3.32583e-16
 1.66176e-16
 4.74597e-17
 0.00000e+00
 0.00000e+00
 3.24609e-35
 6.52769e-33
 4.05117e-31
 1.32729e-29
 2.84101e-28
 4.43366e-27
 5.38768e-26
 5.32438e-25
 4.41287e-24
 3.13824e-23
 1.94912e-22
 1.07222e-21
 5.28452e-21
 2.35583e-20
 9.57632e-20
 3.57417e-19
 1.23219e-18
 3.94449e-18
 1.17798e-17
 3.29554e-17
 8.66902e-17
 2.15134e-16
 5.05147e-16
 1.15789e-15
 2.51540e-15
 5.11826e-15
 9.88399e-15
 1.80772e-14
 3.12964e-14
 5.14242e-14
 7.68656e-14
 9.69182e-14
 1.05598e-13
 1.08159e-13
 1.07728e-13
 1.02961e-13
 9.08535e-14
 7.34252e-14
 5.85736e-14
 4.79951e-14
 3.88849e-14
 3.01288e-14
 2.17058e-14
 1.36895e-14
 7.71186e-15
 4.53188e-15
 2.51221e-15
 1.25442e-15
 3.57901e-16
 0.00000e+00
 0.00000e+00
 4.34973e-34
 6.64402e-32
 3.67359e-30
 1.13196e-28
 2.33294e-27
 3.54782e-26
 4.22954e-25
 4.11697e-24
 3.36880e-23
 2.36852e-22
 1.45532e-21
 7.92167e-21
 3.86256e-20
 1.70278e-19
 6.84039e-19
 2.52101e-18
 8.57429e-18
 2.70524e-17
 7.95447e-17
 2.18891e-16
 5.65857e-16
 1.42832e-15
 3.39628e-15
 7.56860e-15
 1.58761e-14
 3.14616e-14
 5.91924e-14
 1.05939e-13
 1.80506e-13
 2.92879e-13
 4.33681e-13
 5.44546e-13
 5.93468e-13
 6.09354e-13
 6.10030e-13
 5.89529e-13
 5.31136e-13
 4.42272e-13
 3.64207e-13
 3.10663e-13
 2.63343e-13
 2.10850e-13
 1.54159e-13
 9.99455e-14
 5.86010e-14
 3.21260e-14
 1.64178e-14
 8.19416e-15
 2.33614e-15
 0.00000e+00
 0.00000e+00
 4.61903e-33
 5.76628e-31
 2.88672e-29
 8.39914e-28
 1.66810e-26
 2.47184e-25
 2.89023e-24
 2.77048e-23
 2.23819e-22
 1.55605e-21
 9.46294e-21
 5.10023e-20
 2.46255e-19
 1.07477e-18
 4.27262e-18
 1.55734e-17
 5.23452e-17
 1.63074e-16
 4.73023e-16
 1.28283e-15
 3.46585e-15
 8.64664e-15
 1.98548e-14
 4.28208e-14
 8.73689e-14
 1.69340e-13
 3.12532e-13
 5.49976e-13
 9.23480e-13
 1.48005e-12
 2.17109e-12
 2.71444e-12
 2.95856e-12
 3.04415e-12
 3.06089e-12
 2.98557e-12
 2.73531e-12
 2.33171e-12
 1.96564e-12
 1.70724e-12
 1.47172e-12
 1.20275e-12
 8.95665e-13
 5.96796e-13
 3.60762e-13
 2.00790e-13
 1.02507e-13
 4.70443e-14
 1.34064e-14
 0.00000e+00
 0.00000e+00
 4.04793e-32
 4.33913e-30
 1.99460e-28
 5.50320e-27
 1.05443e-25
 1.52263e-24
 1.74579e-23
 1.64759e-22
 1.31391e-21
 9.03269e-21
 5.43764e-20
 2.90290e-19
 1.38866e-18
 6.00461e-18
 2.36437e-17
 8.53231e-17
 2.83768e-16
 8.74096e-16
 2.65661e-15
 7.43342e-15
 1.91411e-14
 4.56251e-14
 1.01796e-13
 2.14564e-13
 4.29064e-13
 8.16277e-13
 1.48034e-12
 2.56286e-12
 4.24020e-12
 6.70917e-12
 9.74492e-12
 1.21281e-11
 1.32181e-11
 1.36270e-11
 1.37581e-11
 1.35358e-11
 1.25938e-11
 1.09636e-11
 9.42924e-12
 8.30927e-12
 7.24912e-12
 6.00632e-12
 4.54393e-12
 3.08476e-12
 1.89450e-12
 1.06439e-12
 5.61847e-13
 2.64575e-13
 7.37224e-14
 0.00000e+00
 0.00000e+00
 3.01034e-31
 2.86822e-29
 1.22542e-27
 3.22017e-26
 5.96120e-25
 8.39139e-24
 9.43363e-23
 8.76335e-22
 6.89724e-21
 4.68812e-20
 2.79374e-19
 1.47750e-18
 7.00469e-18
 3.00213e-17
 1.17157e-16
 4.18893e-16
 1.37970e-15
 4.59296e-15
 1.37876e-14
 3.71287e-14
 9.22097e-14
 2.14176e-13
 4.68639e-13
 9.70132e-13
 1.90592e-12
 3.56271e-12
 6.35054e-12
 1.08142e-11
 1.76198e-11
 2.75039e-11
 3.95294e-11
 4.89546e-11
 5.33460e-11
 5.50981e-11
 5.58430e-11
 5.53911e-11
 5.22956e-11
 4.64295e-11
 4.06596e-11
 3.62892e-11
 3.19968e-11
 2.68397e-11
 2.06132e-11
 1.42145e-11
 8.82495e-12
 4.97216e-12
 2.66111e-12
 1.28416e-12
 3.58156e-13
 0.00000e+00
 0.00000e+00
 1.93872e-30
 1.68321e-28
 6.75382e-27
 1.69774e-25
 3.04185e-24
 4.17650e-23
 4.60391e-22
 4.20911e-21
 3.26888e-20
 2.19647e-19
 1.29560e-18
 6.78799e-18
 3.18975e-17
 1.35538e-16
 5.24417e-16
 2.00433e-15
 6.98580e-15
 2.20728e-14
 6.28003e-14
 1.63952e-13
 3.98975e-13
 9.11332e-13
 1.96230e-12
 3.99619e-12
 7.71956e-12
 1.41834e-11
 2.48485e-11
 4.16049e-11
 6.67134e-11
 1.02643e-10
 1.45853e-10
 1.79673e-10
 1.95746e-10
 2.02532e-10
 2.06021e-10
 2.05943e-10
 1.97178e-10
 1.78353e-10
 1.58810e-10
 1.43385e-10
 1.27688e-10
 1.08387e-10
 8.45041e-11
 5.91516e-11
 3.70666e-11
 2.09314e-11
 1.12472e-11
 5.48105e-12
 1.53683e-12
 0.00000e+00
 0.00000e+00
 1.09806e-29
 8.84761e-28
 3.36364e-26
 8.12254e-25
 1.41127e-23
 1.89148e-22
 2.04495e-21
 1.83992e-20
 1.40976e-19
 9.36274e-19
 5.46579e-18
 2.83681e-17
 1.32134e-16
 5.56724e-16
 2.35409e-15
 9.10186e-15
 3.07398e-14
 9.27336e-14
 2.56175e-13
 6.57064e-13
 1.57575e-12
 3.54838e-12
 7.52828e-12
 1.50941e-11
 2.86835e-11
 5.18105e-11
 8.92030e-11
 1.46791e-10
 2.31479e-10
 3.50639e-10
 4.92153e-10
 6.02836e-10
 6.56581e-10
 6.80498e-10
 6.94620e-10
 6.99479e-10
 6.78799e-10
 6.25049e-10
 5.65272e-10
 5.15839e-10
 4.63767e-10
 3.98275e-10
 3.15257e-10
 2.23990e-10
 1.41659e-10
 8.02692e-11
 4.32096e-11
 2.11501e-11
 5.95008e-12
 0.00000e+00
 0.00000e+00
 5.53585e-29
 4.19705e-27
 1.52312e-25
 3.54728e-24
 5.98887e-23
 7.84282e-22
 8.31922e-21
 7.36681e-20
 5.56839e-19
 3.65477e-18
 2.11133e-17
 1.08542e-16
 5.01120e-16
 2.35497e-15
 1.00627e-14
 3.68959e-14
 1.19333e-13
 3.51071e-13
 9.54568e-13
 2.41687e-12
 5.72331e-12
 1.27193e-11
 2.66087e-11
 5.25540e-11
 9.82825e-11
 1.74551e-10
 2.95300e-10
 4.77362e-10
 7.39649e-10
 1.10154e-09
 1.52559e-09
 1.85744e-09
 2.02239e-09
 2.09952e-09
 2.15013e-09
 2.18035e-09
 2.14362e-09
 2.00816e-09
 1.84297e-09
 1.69872e-09
 1.54147e-09
 1.33911e-09
 1.07631e-09
 7.76273e-10
 4.95778e-10
 2.82367e-10
 1.52234e-10
 7.47489e-11
 2.10761e-11
 0.00000e+00
 0.00000e+00
 2.50829e-28
 1.80838e-26
 6.30395e-25
 1.42114e-23
 2.33619e-22
 2.99256e-21
 3.11604e-20
 2.71617e-19
 2.02538e-18
 1.31361e-17
 7.50860e-17
 3.82314e-16
 1.99752e-15
 9.51686e-15
 3.82475e-14
 1.33624e-13
 4.21165e-13
 1.22054e-12
 3.27984e-12
 8.21101e-12
 1.92175e-11
 4.21774e-11
 8.70543e-11
 1.69454e-10
 3.11970e-10
 5.44844e-10
 9.05560e-10
 1.43726e-09
 2.18567e-09
 3.19514e-09
 4.36125e-09
 5.27582e-09
 5.74252e-09
 5.97125e-09
 6.13436e-09
 6.26199e-09
 6.23456e-09
 5.93918e-09
 5.52774e-09
 5.14398e-09
 4.71079e-09
 4.13946e-09
 3.37876e-09
 2.47430e-09
 1.59714e-09
 9.15768e-10
 4.94722e-10
 2.43696e-10
 6.88535e-11
 0.00000e+00
 0.00000e+00
 1.02948e-27
 7.11657e-26
 2.39567e-24
 5.24514e-23
 8.41257e-22
 1.05530e-20
 1.07933e-19
 9.26373e-19
 6.81494e-18
 4.36751e-17
 2.46988e-16
 1.24540e-15
 7.43922e-15
 3.41017e-14
 1.29914e-13
 4.41374e-13
 1.37045e-12
 3.92812e-12
 1.04482e-11
 2.58843e-11
 5.99125e-11
 1.29932e-10
 2.64733e-10
 5.08101e-10
 9.21175e-10
 1.58221e-09
 2.58305e-09
 4.02289e-09
 5.99561e-09
 8.58704e-09
 1.15360e-08
 1.38591e-08
 1.50812e-08
 1.57082e-08
 1.61857e-08
 1.66269e-08
 1.67574e-08
 1.62270e-08
 1.53103e-08
 1.43803e-08
 1.32905e-08
 1.18130e-08
 9.79117e-09
 7.28375e-09
 4.75792e-09
 2.74988e-09
 1.48986e-09
 7.36582e-10
 2.08579e-10
 0.00000e+00
 0.00000e+00
 3.85232e-27
 2.57021e-25
 8.39288e-24
 1.78999e-22
 2.80653e-21
 3.45188e-20
 3.47026e-19
 2.93377e-18
 2.12957e-17
 1.34858e-16
 7.54466e-16
 4.82382e-15
 2.57701e-14
 1.09287e-13
 4.03123e-13
 1.34818e-12
 4.14181e-12
 1.17600e-11
 3.09852e-11
 7.60064e-11
 1.74081e-10
 3.73258e-10
 7.51128e-10
 1.42215e-09
 2.53992e-09
 4.29106e-09
 6.87991e-09
 1.05079e-08
 1.53210e-08
 2.14485e-08
 2.83134e-08
 3.37632e-08
 3.67366e-08
 3.83347e-08
 3.96142e-08
 4.09360e-08
 4.17488e-08
 4.10844e-08
 3.92880e-08
 3.72429e-08
 3.47412e-08
 3.12337e-08
 2.62789e-08
 1.98727e-08
 1.31612e-08
 7.67439e-09
 4.17427e-09
 2.07246e-09
 5.88339e-10
 0.00000e+00
 0.00000e+00
 1.32140e-26
 8.55420e-25
 2.72003e-23
 5.66634e-22
 8.70119e-21
 1.05061e-19
 1.03898e-18
 8.65568e-18
 6.20085e-17
 3.88039e-16
 2.71276e-15
 1.66244e-14
 7.91496e-14
 3.19939e-13
 1.15913e-12
 3.83531e-12
 1.16778e-11
 3.28705e-11
 8.58379e-11
 2.08595e-10
 4.73002e-10
 1.00329e-09
 1.99526e-09
 3.72867e-09
 6.56290e-09
 1.09082e-08
 1.71737e-08
 2.57050e-08
 3.65911e-08
 4.99362e-08
 6.46408e-08
 7.64568e-08
 8.32043e-08
 8.70171e-08
 9.01778e-08
 9.37006e-08
 9.66605e-08
 9.66523e-08
 9.36799e-08
 8.96400e-08
 8.44115e-08
 7.67563e-08
 6.55247e-08
 5.04027e-08
 3.39090e-08
 1.99731e-08
 1.09190e-08
 5.44701e-09
 1.55063e-09
 0.00000e+00
 0.00000e+00
 4.17360e-26
 2.63301e-24
 8.17959e-23
 1.66846e-21
 2.51374e-20
 2.98331e-19
 2.90463e-18
 2.38581e-17
 1.68731e-16
 1.04355e-15
 8.73369e-15
 4.89944e-14
 2.19772e-13
 8.68488e-13
 3.11090e-12
 1.02042e-11
 3.08185e-11
 8.60417e-11
 2.22800e-10
 5.36648e-10
 1.20545e-09
 2.53099e-09
 4.97758e-09
 9.18719e-09
 1.59455e-08
 2.60828e-08
 4.03224e-08
 5.90853e-08
 8.19361e-08
 1.08693e-07
 1.37598e-07
 1.61243e-07
 1.75571e-07
 1.84155e-07
 1.91409e-07
 1.99892e-07
 2.08467e-07
 2.11748e-07
 2.08098e-07
 2.01115e-07
 1.91214e-07
 1.75814e-07
 1.52193e-07
 1.19135e-07
 8.15771e-08
 4.86211e-08
 2.67489e-08
 1.34142e-08
 3.83015e-09
 0.00000e+00
 0.00000e+00
 1.21842e-25
 7.51817e-24
 2.28835e-22
 4.58066e-21
 6.78255e-20
 7.92186e-19
 7.60020e-18
 6.15859e-17
 4.30138e-16
 3.64621e-15
 2.53250e-14
 1.29845e-13
 5.64994e-13
 2.20365e-12
 7.82447e-12
 2.54670e-11
 7.63326e-11
 2.11473e-10
 5.43243e-10
 1.29759e-09
 2.88899e-09
 6.00834e-09
 1.16943e-08
 2.13359e-08
 3.65454e-08
 5.88658e-08
 8.93709e-08
 1.28024e-07
 1.72546e-07
 2.21883e-07
 2.73752e-07
 3.17219e-07
 3.45731e-07
 3.64071e-07
 3.79686e-07
 3.98405e-07
 4.19828e-07
 4.32972e-07
 4.31650e-07
 4.21719e-07
 4.04858e-07
 3.76222e-07
 3.30047e-07
 2.63011e-07
 1.83653e-07
 1.10994e-07
 6.15357e-08
 3.10360e-08
 8.88936e-09
 0.00000e+00
 0.00000e+00
 3.29811e-25
 1.99657e-23
 5.96920e-22
 1.17496e-20
 1.71256e-19
 1.97094e-18
 1.86499e-17
 1.49187e-16
 1.02948e-15
 1.06251e-14
 6.52807e-14
 3.17471e-13
 1.35820e-12
 5.24817e-12
 1.84938e-11
 5.97623e-11
 1.77847e-10
 4.89123e-10
 1.24704e-09
 2.95534e-09
 6.52562e-09
 1.34526e-08
 2.59355e-08
 4.68234e-08
 7.92410e-08
 1.25817e-07
 1.87680e-07
 2.62291e-07
 3.42632e-07
 4.26132e-07
 5.10547e-07
 5.83218e-07
 6.36199e-07
 6.73536e-07
 7.05089e-07
 7.43468e-07
 7.91975e-07
 8.29013e-07
 8.38076e-07
 8.27836e-07
 8.02419e-07
 7.53441e-07
 6.69648e-07
 5.43450e-07
 3.87559e-07
 2.38102e-07
 1.33309e-07
 6.76155e-08
 1.94280e-08
 0.00000e+00
 0.00000e+00
 8.29946e-25
 4.94209e-23
 1.45453e-21
 2.82057e-20
 4.05301e-19
 4.60182e-18
 4.29892e-17
 3.39725e-16
 3.40024e-15
 2.71189e-14
 1.52802e-13
 7.24775e-13
 3.06720e-12
 1.17613e-11
 4.11600e-11
 1.32115e-10
 3.90507e-10
 1.06660e-09
 2.70008e-09
 6.35175e-09
 1.39174e-08
 2.84597e-08
 5.43998e-08
 9.73054e-08
 1.62957e-07
 2.55493e-07
 3.74810e-07
 5.09612e-07
 6.42753e-07
 7.70418e-07
 8.87681e-07
 9.82860e-07
 1.05771e-06
 1.12330e-06
 1.19332e-06
 1.28340e-06
 1.39846e-06
 1.49252e-06
 1.52778e-06
 1.52346e-06
 1.49048e-06
 1.41429e-06
 1.27361e-06
 1.05289e-06
 7.67535e-07
 4.80706e-07
 2.72683e-07
 1.38988e-07
 4.00573e-08
 0.00000e+00
 0.00000e+00
 1.94569e-24
 1.14223e-22
 3.31589e-21
 6.34532e-20
 9.00204e-19
 1.00959e-17
 9.32028e-17
 7.28208e-16
 8.97667e-15
 6.20000e-14
 3.32438e-13
 1.55401e-12
 6.52284e-12
 2.48437e-11
 8.63885e-11
 2.75539e-10
 8.09267e-10
 2.19603e-09
 5.52205e-09
 1.29004e-08
 2.80636e-08
 5.69618e-08
 1.08050e-07
 1.91745e-07
 3.18394e-07
 4.94216e-07
 7.13669e-07
 9.39206e-07
 1.12845e-06
 1.27556e-06
 1.38825e-06
 1.47555e-06
 1.55499e-06
 1.64795e-06
 1.77732e-06
 1.96602e-06
 2.22877e-06
 2.48859e-06
 2.61886e-06
 2.63500e-06
 2.59966e-06
 2.49286e-06
 2.27474e-06
 1.91528e-06
 1.42802e-06
 9.14639e-07
 5.27317e-07
 2.70027e-07
 7.80355e-08
 0.00000e+00
 0.00000e+00
 4.25657e-24
 2.46833e-22
 7.08014e-21
 1.33909e-19
 1.87818e-18
 2.08308e-17
 1.90233e-16
 2.14153e-15
 2.03635e-14
 1.29417e-13
 6.77798e-13
 3.13774e-12
 1.30808e-11
 4.95164e-11
 1.71160e-10
 5.42697e-10
 1.58441e-09
 4.27328e-09
 1.06779e-08
 2.47828e-08
 5.35492e-08
 1.07940e-07
 2.03335e-07
 3.58433e-07
 5.91422e-07
 9.10912e-07
 1.27854e-06
 1.59357e-06
 1.80044e-06
 1.92376e-06
 1.99980e-06
 2.06806e-06
 2.15298e-06
 2.27149e-06
 2.45649e-06
 2.74885e-06
 3.18850e-06
 3.71444e-06
 4.11743e-06
 4.28063e-06
 4.27205e-06
 4.13520e-06
 3.82255e-06
 3.27576e-06
 2.49821e-06
 1.64083e-06
 9.64493e-07
 4.96520e-07
 1.43811e-07
 0.00000e+00
 0.00000e+00
 8.70044e-24
 4.99211e-22
 1.41707e-20
 2.65272e-19
 3.68310e-18
 4.04433e-17
 3.65732e-16
 5.18854e-15
 4.17514e-14
 2.51768e-13
 1.29983e-12
 5.97305e-12
 2.47521e-11
 9.31700e-11
 3.20280e-10
 1.00993e-09
 2.93215e-09
 7.86329e-09
 1.95328e-08
 4.50566e-08
 9.67333e-08
 1.93700e-07
 3.62472e-07
 6.35133e-07
 1.04130e-06
 1.55840e-06
 2.07604e-06
 2.45492e-06
 2.66612e-06
 2.76912e-06
 2.82374e-06
 2.89368e-06
 2.99904e-06
 3.14686e-06
 3.37647e-06
 3.74272e-06
 4.31036e-06
 5.07142e-06
 5.83660e-06
 6.33147e-06
 6.47913e-06
 6.35922e-06
 5.96734e-06
 5.22301e-06
 4.09205e-06
 2.77168e-06
 1.66910e-06
 8.64840e-07
 2.50897e-07
 0.00000e+00
 0.00000e+00
 1.66288e-23
 9.45459e-22
 2.65959e-20
 4.93408e-19
 6.78959e-18
 7.38955e-17
 6.62377e-16
 1.02533e-14
 7.80273e-14
 4.59035e-13
 2.34771e-12
 1.07228e-11
 4.41960e-11
 1.65498e-10
 5.66020e-10
 1.77578e-09
 5.12925e-09
 1.36832e-08
 3.38041e-08
 7.75271e-08
 1.65405e-07
 3.28819e-07
 6.09999e-07
 1.05746e-06
 1.68688e-06
 2.41922e-06
 3.09934e-06
 3.57911e-06
 3.84159e-06
 3.96048e-06
 4.01652e-06
 4.09760e-06
 4.22512e-06
 4.39931e-06
 4.66269e-06
 5.08020e-06
 5.73177e-06
 6.65238e-06
 7.69100e-06
 8.51800e-06
 8.90292e-06
 8.85247e-06
 8.40971e-06
 7.50031e-06
 6.04454e-06
 4.26778e-06
 2.68831e-06
 1.42338e-06
 4.14354e-07
 0.00000e+00
 0.00000e+00
 2.97277e-23
 1.67702e-21
 4.68065e-20
 8.61569e-19
 1.17629e-17
 1.27023e-16
 1.69257e-15
 1.91115e-14
 1.35839e-13
 7.86324e-13
 3.99283e-12
 1.81316e-11
 7.43106e-11
 2.76653e-10
 9.40442e-10
 2.93152e-09
 8.40933e-09
 2.22660e-08
 5.45557e-08
 1.23967e-07
 2.61738e-07
 5.14342e-07
 9.42182e-07
 1.60780e-06
 2.49329e-06
 3.50510e-06
 4.45965e-06
 5.12952e-06
 5.49061e-06
 5.65071e-06
 5.71484e-06
 5.79880e-06
 5.93730e-06
 6.12227e-06
 6.39546e-06
 6.83013e-06
 7.51766e-06
 8.53501e-06
 9.74090e-06
 1.07612e-05
 1.13043e-05
 1.13195e-05
 1.08406e-05
 9.78902e-06
 8.04475e-06
 5.84078e-06
 3.82291e-06
 2.10942e-06
 6.32893e-07
 0.00000e+00
 0.00000e+00
 4.88748e-23
 2.72994e-21
 7.54095e-20
 1.37314e-18
 1.85364e-17
 1.97802e-16
 3.38496e-15
 3.14975e-14
 2.13189e-13
 1.21698e-12
 6.12384e-12
 2.75801e-11
 1.12128e-10
 4.14141e-10
 1.39681e-09
 4.32047e-09
 1.22990e-08
 3.23181e-08
 7.85849e-08
 1.77198e-07
 3.71188e-07
 7.23546e-07
 1.31426e-06
 2.21729e-06
 3.39901e-06
 4.77411e-06
 6.11439e-06
 7.09309e-06
 7.65749e-06
 7.92365e-06
 8.02530e-06
 8.11896e-06
 8.25683e-06
 8.42336e-06
 8.65773e-06
 9.03665e-06
 9.64954e-06
 1.05678e-05
 1.16913e-05
 1.27062e-05
 1.32794e-05
 1.32961e-05
 1.27906e-05
 1.16875e-05
 9.82833e-06
 7.30487e-06
 4.86010e-06
 2.75036e-06
 8.49839e-07
 0.00000e+00
 0.00000e+00
 6.69466e-23
 3.69774e-21
 1.00985e-19
 1.81758e-18
 2.42464e-17
 2.55610e-16
 4.67951e-15
 4.18410e-14
 2.77862e-13
 1.57106e-12
 7.84797e-12
 3.51095e-11
 1.41839e-10
 5.20766e-10
 1.74674e-09
 5.37558e-09
 1.52336e-08
 3.98721e-08
 9.66329e-08
 2.17314e-07
 4.54275e-07
 8.83919e-07
 1.60236e-06
 2.69042e-06
 4.10576e-06
 5.75546e-06
 7.42140e-06
 8.76646e-06
 9.68162e-06
 1.02199e-05
 1.05016e-05
 1.06901e-05
 1.08399e-05
 1.09559e-05
 1.10910e-05
 1.13122e-05
 1.16838e-05
 1.22636e-05
 1.30637e-05
 1.39138e-05
 1.44172e-05
 1.43709e-05
 1.38354e-05
 1.27693e-05
 1.10061e-05
 8.44394e-06
 5.73181e-06
 3.27245e-06
 1.02166e-06
 0.00000e+00
 0.00000e+00
 7.58333e-23
 4.15728e-21
 1.12696e-19
 2.01358e-18
 2.66686e-17
 2.79177e-16
 5.26154e-15
 4.64324e-14
 3.05816e-13
 1.72174e-12
 8.57408e-12
 3.82537e-11
 1.54163e-10
 5.64790e-10
 1.89089e-09
 5.81039e-09
 1.64468e-08
 4.30139e-08
 1.04204e-07
 2.34326e-07
 4.89950e-07
 9.53736e-07
 1.72953e-06
 2.89321e-06
 4.39090e-06
 6.13326e-06
 7.96327e-06
 9.57550e-06
 1.08088e-05
 1.16614e-05
 1.22080e-05
 1.25522e-05
 1.27329e-05
 1.28064e-05
 1.28513e-05
 1.29101e-05
 1.30146e-05
 1.32406e-05
 1.37046e-05
 1.43546e-05
 1.47691e-05
 1.46645e-05
 1.41011e-05
 1.30729e-05
 1.14286e-05
 8.99183e-06
 6.26236e-06
 3.62274e-06
 1.13910e-06
 0.00000e+00
 0.00000e+00
 7.75276e-23
 4.23959e-21
 1.14648e-19
 2.04356e-18
 2.70021e-17
 2.82020e-16
 5.38487e-15
 4.72122e-14
 3.09994e-13
 1.74319e-12
 8.67428e-12
 3.86760e-11
 1.55779e-10
 5.70444e-10
 1.90910e-09
 5.86477e-09
 1.65980e-08
 4.34069e-08
 1.05164e-07
 2.36535e-07
 4.94773e-07
 9.63797e-07
 1.74912e-06
 2.90630e-06
 4.37989e-06
 6.11558e-06
 7.99943e-06
 9.73938e-06
 1.11447e-05
 1.21921e-05
 1.29163e-05
 1.33648e-05
 1.35733e-05
 1.36368e-05
 1.36487e-05
 1.36323e-05
 1.35938e-05
 1.35981e-05
 1.37764e-05
 1.41959e-05
 1.45222e-05
 1.43971e-05
 1.38280e-05
 1.28320e-05
 1.12814e-05
 8.98410e-06
 6.36319e-06
 3.73939e-06
 1.18906e-06
 0.00000e+00
 0.00000e+00
 7.54339e-23
 4.12029e-21
 1.11288e-19
 1.98124e-18
 2.61458e-17
 2.72719e-16
 5.23802e-15
 4.58350e-14
 3.00736e-13
 1.69096e-12
 8.41448e-12
 3.75191e-11
 1.51128e-10
 5.53451e-10
 1.85241e-09
 5.69127e-09
 1.61093e-08
 4.21375e-08
 1.02117e-07
 2.29775e-07
 4.80921e-07
 9.37737e-07
 1.70263e-06
 2.80879e-06
 4.21971e-06
 5.92501e-06
 7.82305e-06
 9.62537e-06
 1.11230e-05
 1.22670e-05
 1.30651e-05
 1.35540e-05
 1.37784e-05
 1.38437e-05
 1.38481e-05
 1.38087e-05
 1.37177e-05
 1.36169e-05
 1.36066e-05
 1.37913e-05
 1.39572e-05
 1.37749e-05
 1.31932e-05
 1.22174e-05
 1.07432e-05
 8.58653e-06
 6.13089e-06
 3.64821e-06
 1.17378e-06
 0.00000e+00
 0.00000e+00
 6.87019e-23
 3.74773e-21
 1.01090e-19
 1.79718e-18
 2.36827e-17
 2.46660e-16
 4.74996e-15
 4.16712e-14
 2.73810e-13
 1.54122e-12
 7.67746e-12
 3.42703e-11
 1.38200e-10
 5.06721e-10
 1.69818e-09
 5.22454e-09
 1.48099e-08
 3.87998e-08
 9.41890e-08
 2.12330e-07
 4.45308e-07
 8.70156e-07
 1.58178e-06
 2.61653e-06
 3.96498e-06
 5.63249e-06
 7.53719e-06
 9.39537e-06
 1.09506e-05
 1.21272e-05
 1.29374e-05
 1.34328e-05
 1.36691e-05
 1.37435e-05
 1.37529e-05
 1.37177e-05
 1.36210e-05
 1.34879e-05
 1.33937e-05
 1.33972e-05
 1.33332e-05
 1.29887e-05
 1.23299e-05
 1.13401e-05
 9.92531e-06
 7.91814e-06
 5.66515e-06
 3.39186e-06
 1.09815e-06
 0.00000e+00
 0.00000e+00
 5.54692e-23
 3.02355e-21
 8.14911e-20
 1.44758e-18
 1.90603e-17
 1.98349e-16
 3.80483e-15
 3.37510e-14
 2.23105e-13
 1.26073e-12
 6.30299e-12
 2.82384e-11
 1.14306e-10
 4.20749e-10
 1.41578e-09
 4.37425e-09
 1.24552e-08
 3.27859e-08
 7.99932e-08
 1.81307e-07
 3.82448e-07
 7.51832e-07
 1.37641e-06
 2.31798e-06
 3.58562e-06
 5.18016e-06
 7.06165e-06
 8.96042e-06
 1.05445e-05
 1.17021e-05
 1.24785e-05
 1.29573e-05
 1.32092e-05
 1.33127e-05
 1.33467e-05
 1.33407e-05
 1.32799e-05
 1.31683e-05
 1.30497e-05
 1.29267e-05
 1.26518e-05
 1.21141e-05
 1.13319e-05
 1.02949e-05
 8.92177e-06
 7.06852e-06
 5.03669e-06
 3.00102e-06
 9.64738e-07
 0.00000e+00
 0.00000e+00
 3.66588e-23
 2.00311e-21
 5.41295e-20
 9.64216e-19
 1.27332e-17
 1.32924e-16
 2.52445e-15
 2.29485e-14
 1.53966e-13
 8.78835e-13
 4.43413e-12
 2.00482e-11
 8.19100e-11
 3.04376e-10
 1.03422e-09
 3.22761e-09
 9.28647e-09
 2.47120e-08
 6.09863e-08
 1.39900e-07
 2.98874e-07
 5.95476e-07
 1.10762e-06
 1.91411e-06
 3.04308e-06
 4.50932e-06
 6.31771e-06
 8.20248e-06
 9.74442e-06
 1.08044e-05
 1.14853e-05
 1.19127e-05
 1.21748e-05
 1.23351e-05
 1.24358e-05
 1.24921e-05
 1.25034e-05
 1.24622e-05
 1.23701e-05
 1.21727e-05
 1.17432e-05
 1.10455e-05
 1.01367e-05
 9.04061e-06
 7.72038e-06
 6.06329e-06
 4.29576e-06
 2.53024e-06
 7.99779e-07
 0.00000e+00
 0.00000e+00
 1.96180e-23
 1.08392e-21
 2.96265e-20
 5.33949e-19
 7.13567e-18
 7.54070e-17
 1.44722e-15
 1.35869e-14
 9.35272e-14
 5.44347e-13
 2.79384e-12
 1.28405e-11
 5.33126e-11
 2.01291e-10
 6.94904e-10
 2.20341e-09
 6.44187e-09
 1.74217e-08
 4.37055e-08
 1.01942e-07
 2.21496e-07
 4.48961e-07
 8.49977e-07
 1.50123e-06
 2.44424e-06
 3.70692e-06
 5.33863e-06
 7.08407e-06
 8.45050e-06
 9.30335e-06
 9.81733e-06
 1.01554e-05
 1.04139e-05
 1.06446e-05
 1.08667e-05
 1.10435e-05
 1.11535e-05
 1.12110e-05
 1.11914e-05
 1.09827e-05
 1.04737e-05
 9.67394e-06
 8.66617e-06
 7.54003e-06
 6.31920e-06
 4.91507e-06
 3.47808e-06
 2.04676e-06
 6.43438e-07
 0.00000e+00
 0.00000e+00
 9.56788e-24
 5.40619e-22
 1.51050e-20
 2.78144e-19
 3.79597e-18
 4.09429e-17
 6.57742e-16
 7.84779e-15
 5.80272e-14
 3.47788e-13
 1.82495e-12
 8.55713e-12
 3.62032e-11
 1.39160e-10
 4.88735e-10
 1.57566e-09
 4.68169e-09
 1.28630e-08
 3.27714e-08
 7.76010e-08
 1.71110e-07
 3.51857e-07
 6.75404e-07
 1.20992e-06
 1.99911e-06
 3.05614e-06
 4.39411e-06
 5.75560e-06
 6.73295e-06
 7.27605e-06
 7.58088e-06
 7.81140e-06
 8.04523e-06
 8.32213e-06
 8.67224e-06
 9.00681e-06
 9.23206e-06
 9.38528e-06
 9.45363e-06
 9.29640e-06
 8.81983e-06
 8.06627e-06
 7.13279e-06
 6.11585e-06
 5.04296e-06
 3.84421e-06
 2.68210e-06
 1.58327e-06
 5.00978e-07
 0.00000e+00
 0.00000e+00
 4.45983e-24
 2.60352e-22
 7.49773e-21
 1.41990e-19
 1.98887e-18
 2.19753e-17
 1.99480e-16
 4.64655e-15
 3.88879e-14
 2.42178e-13
 1.30176e-12
 6.23086e-12
 2.68604e-11
 1.05061e-10
 3.75047e-10
 1.22792e-09
 3.70225e-09
 1.03149e-08
 2.66318e-08
 6.38676e-08
 1.42533e-07
 2.96441e-07
 5.75228e-07
 1.04184e-06
 1.74534e-06
 2.68073e-06
 3.72402e-06
 4.59799e-06
 5.13555e-06
 5.40645e-06
 5.55265e-06
 5.69364e-06
 5.88086e-06
 6.15074e-06
 6.54847e-06
 6.97368e-06
 7.27238e-06
 7.46367e-06
 7.56125e-06
 7.46533e-06
 7.12271e-06
 6.56918e-06
 5.86312e-06
 5.04062e-06
 4.10215e-06
 3.01583e-06
 2.01887e-06
 1.17005e-06
 3.65846e-07
 0.00000e+00
 0.00000e+00
 1.98916e-24
 1.21536e-22
 3.63995e-21
 7.13123e-20
 1.02887e-18
 1.16668e-17
 1.08355e-16
 3.11580e-15
 2.83698e-14
 1.83598e-13
 1.00916e-12
 4.91704e-12
 2.15351e-11
 8.54617e-11
 3.09203e-10
 1.02508e-09
 3.12708e-09
 8.80870e-09
 2.29787e-08
 5.56407e-08
 1.25286e-07
 2.62687e-07
 5.13347e-07
 9.35734e-07
 1.58483e-06
 2.44473e-06
 3.27229e-06
 3.80892e-06
 4.07429e-06
 4.19600e-06
 4.26498e-06
 4.34655e-06
 4.48235e-06
 4.71026e-06
 5.07461e-06
 5.50619e-06
 5.83495e-06
 6.01626e-06
 6.07977e-06
 6.01151e-06
 5.79951e-06
 5.43484e-06
 4.91157e-06
 4.22603e-06
 3.37353e-06
 2.37084e-06
 1.50280e-06
 8.36671e-07
 2.52235e-07
 0.00000e+00
 0.00000e+00
 8.50781e-25
 5.52534e-23
 1.73545e-21
 3.53158e-20
 5.25498e-19
 6.11265e-18
 5.79948e-17
 2.23684e-15
 2.19884e-14
 1.47216e-13
 8.24576e-13
 4.07603e-12
 1.80807e-11
 7.25978e-11
 2.65535e-10
 8.89302e-10
 2.73883e-09
 7.78408e-09
 2.04757e-08
 4.99653e-08
 1.13310e-07
 2.39096e-07
 4.69739e-07
 8.59202e-07
 1.46130e-06
 2.24011e-06
 2.90657e-06
 3.25614e-06
 3.38941e-06
 3.43047e-06
 3.45067e-06
 3.48832e-06
 3.57537e-06
 3.75161e-06
 4.05643e-06
 4.46709e-06
 4.82388e-06
 5.00339e-06
 5.04071e-06
 4.99116e-06
 4.85256e-06
 4.58723e-06
 4.16152e-06
 3.55231e-06
 2.75235e-06
 1.83581e-06
 1.09754e-06
 5.84080e-07
 1.69879e-07
 0.00000e+00
 0.00000e+00
 3.49602e-25
 2.45609e-23
 8.14391e-22
 1.72391e-20
 2.64284e-19
 3.14641e-18
 3.04093e-17
 1.66310e-15
 1.74373e-14
 1.20304e-13
 6.85620e-13
 3.43426e-12
 1.54139e-11
 6.25680e-11
 2.31195e-10
 7.81735e-10
 2.42923e-09
 6.96240e-09
 1.84586e-08
 4.53734e-08
 1.03594e-07
 2.19936e-07
 4.34412e-07
 7.97934e-07
 1.36027e-06
 2.04583e-06
 2.57088e-06
 2.80546e-06
 2.87409e-06
 2.86782e-06
 2.83391e-06
 2.82422e-06
 2.86784e-06
 2.99108e-06
 3.23592e-06
 3.61287e-06
 3.98730e-06
 4.19074e-06
 4.23808e-06
 4.21027e-06
 4.11055e-06
 3.89366e-06
 3.51707e-06
 2.95039e-06
 2.18872e-06
 1.37194e-06
 7.74522e-07
 3.94301e-07
 1.11337e-07
 0.00000e+00
 0.00000e+00
 1.38245e-25
 1.07057e-23
 3.76186e-22
 8.27406e-21
 1.30316e-19
 1.58266e-18
 1.55300e-17
 7.54894e-16
 1.30248e-14
 9.69076e-14
 5.63653e-13
 2.86426e-12
 1.30191e-11
 5.34643e-11
 1.99699e-10
 6.82051e-10
 2.13936e-09
 6.18505e-09
 1.65305e-08
 4.09391e-08
 9.41201e-08
 2.01109e-07
 3.99582e-07
 7.38016e-07
 1.26263e-06
 1.85431e-06
 2.25101e-06
 2.40020e-06
 2.42660e-06
 2.38155e-06
 2.28065e-06
 2.21021e-06
 2.21712e-06
 2.29769e-06
 2.49264e-06
 2.83441e-06
 3.22674e-06
 3.47718e-06
 3.55167e-06
 3.53966e-06
 3.45940e-06
 3.26732e-06
 2.91669e-06
 2.37258e-06
 1.65244e-06
 9.61626e-07
 5.17055e-07
 2.53262e-07
 6.97286e-08
 0.00000e+00
 0.00000e+00
 5.26894e-26
 4.58452e-24
 1.70840e-22
 3.89197e-21
 6.27373e-20
 7.74472e-19
 7.69133e-18
 6.35417e-17
 8.75123e-15
 7.33760e-14
 4.40283e-13
 2.27911e-12
 1.05174e-11
 4.37760e-11
 1.65530e-10
 5.71758e-10
 1.81209e-09
 5.28914e-09
 1.42609e-08
 3.56061e-08
 8.24769e-08
 1.77470e-07
 3.54973e-07
 6.60020e-07
 1.13218e-06
 1.62824e-06
 1.91836e-06
 2.00593e-06
 2.00058e-06
 1.91636e-06
 1.75518e-06
 1.63332e-06
 1.61367e-06
 1.66721e-06
 1.82316e-06
 2.12805e-06
 2.52575e-06
 2.81241e-06
 2.90841e-06
 2.90619e-06
 2.83533e-06
 2.65401e-06
 2.31195e-06
 1.77696e-06
 1.13827e-06
 6.19041e-07
 3.22115e-07
 1.53305e-07
 4.13746e-08
 0.00000e+00
 0.00000e+00
 1.93678e-26
 1.92659e-24
 7.59348e-23
 1.78361e-21
 2.93045e-20
 3.66447e-19
 3.67285e-18
 3.05508e-17
 5.49638e-15
 4.94142e-14
 3.04729e-13
 1.60768e-12
 7.55729e-12
 3.20159e-11
 1.23081e-10
 4.31737e-10
 1.38803e-09
 4.10541e-09
 1.12036e-08
 2.82799e-08
 6.61602e-08
 1.43661e-07
 2.89787e-07
 5.43240e-07
 9.34501e-07
 1.32466e-06
 1.52740e-06
 1.57386e-06
 1.54590e-06
 1.43171e-06
 1.24523e-06
 1.11317e-06
 1.08669e-06
 1.12382e-06
 1.24440e-06
 1.49245e-06
 1.84913e-06
 2.13507e-06
 2.23986e-06
 2.24062e-06
 2.17036e-06
 1.98927e-06
 1.65570e-06
 1.17417e-06
 6.92732e-07
 3.64352e-07
 1.86033e-07
 8.68240e-08
 2.31091e-08
 0.00000e+00
 0.00000e+00
 6.91568e-27
 8.01316e-25
 3.32808e-23
 8.02483e-22
 1.33915e-20
 1.69176e-19
 1.70776e-18
 1.42795e-17
 2.08616e-15
 2.63866e-14
 1.79144e-13
 9.74770e-13
 4.66840e-12
 2.01055e-11
 7.85222e-11
 2.79651e-10
 9.12233e-10
 2.73564e-09
 7.56482e-09
 1.93375e-08
 4.57828e-08
 1.00532e-07
 2.04897e-07
 3.87746e-07
 6.70863e-07
 9.48125e-07
 1.08491e-06
 1.11090e-06
 1.08032e-06
 9.75988e-07
 8.19755e-07
 7.16129e-07
 6.95884e-07
 7.22474e-07
 8.10697e-07
 9.93375e-07
 1.26830e-06
 1.49906e-06
 1.58436e-06
 1.58113e-06
 1.51386e-06
 1.34913e-06
 1.06253e-06
 6.98407e-07
 3.89998e-07
 2.02902e-07
 1.02262e-07
 4.69410e-08
 1.22420e-08
 0.00000e+00
 0.00000e+00
 2.31092e-27
 3.14623e-25
 1.36669e-23
 3.36465e-22
 5.68162e-21
 7.23197e-20
 7.33826e-19
 6.15886e-18
 4.38843e-17
 9.95174e-15
 8.50837e-14
 4.89684e-13
 2.38307e-12
 1.03354e-11
 4.05892e-11
 1.45374e-10
 4.77057e-10
 1.43956e-09
 4.00818e-09
 1.03220e-08
 2.46253e-08
 5.44860e-08
 1.11878e-07
 2.13176e-07
 3.71656e-07
 5.30836e-07
 6.13069e-07
 6.30539e-07
 6.14586e-07
 5.56470e-07
 4.67569e-07
 4.08177e-07
 3.97396e-07
 4.15685e-07
 4.74156e-07
 5.93491e-07
 7.63504e-07
 8.95609e-07
 9.38593e-07
 9.30342e-07
 8.79196e-07
 7.64243e-07
 5.77329e-07
 3.62226e-07
 1.96882e-07
 1.01242e-07
 5.03436e-08
 2.34349e-08
 6.56264e-09
 0.00000e+00
 0.00000e+00
 4.95094e-28
 7.63323e-26
 3.41196e-24
 8.50418e-23
 1.44566e-21
 1.84766e-20
 1.87984e-19
 1.58062e-18
 1.12774e-17
 2.40789e-15
 2.27126e-14
 1.36775e-13
 6.76593e-13
 2.95161e-12
 1.16230e-11
 4.17091e-11
 1.37117e-10
 4.14504e-10
 1.15566e-09
 2.97872e-09
 7.11091e-09
 1.57439e-08
 3.23680e-08
 6.17789e-08
 1.08297e-07
 1.56857e-07
 1.83662e-07
 1.90118e-07
 1.86064e-07
 1.69446e-07
 1.43084e-07
 1.25313e-07
 1.22483e-07
 1.29297e-07
 1.50284e-07
 1.92571e-07
 2.48806e-07
 2.87994e-07
 2.98391e-07
 2.93501e-07
 2.73617e-07
 2.32160e-07
 1.69347e-07
 1.02898e-07
 5.51666e-08
 2.81428e-08
 1.37760e-08
 6.85785e-09
 2.35480e-09
 0.00000e+00
 0.00000e+00
 0.00000e+00
 0.00000e+00
 0.00000e+00
 0.00000e+00
 0.00000e+00
 0.00000e+00
 0.00000e+00
 0.00000e+00
 0.00000e+00
 0.00000e+00
 0.00000e+00
 0.00000e+00
 0.00000e+00
 0.00000e+00
 0.00000e+00
 0.00000e+00
 0.00000e+00
 0.00000e+00
 0.00000e+00
 0.00000e+00
 0.00000e+00
 0.00000e+00
 0.00000e+00
 0.00000e+00
 0.00000e+00
 0.00000e+00
 0.00000e+00
 0.00000e+00
 0.00000e+00
 0.00000e+00
 0.00000e+00
 0.00000e+00
 0.00000e+00
 0.00000e+00
 0.00000e+00
 0.00000e+00
 0.00000e+00
 0.00000e+00
 0.00000e+00
 0.00000e+00
 0.00000e+00
 0.00000e+00
 0.00000e+00
 0.00000e+00
 0.00000e+00
 0.00000e+00
 0.00000e+00
 0.00000e+00
 0.00000e+00
 0.00000e+00
 0.00000e+00
 0.00000e+00
 0.00000e+00
 0.00000e+00
 0.00000e+00
 0.00000e+00
 0.00000e+00
 0.00000e+00
 0.00000e+00
 0.00000e+00
 0.00000e+00
 0.00000e+00
 0.00000e+00
 0.00000e+00
 0.00000e+00
 0.00000e+00
 0.00000e+00
 0.00000e+00
 0.00000e+00
 0.00000e+00
 0.00000e+00
 0.00000e+00
 0.00000e+00
 0.00000e+00
 0.00000e+00
 0.00000e+00
 0.00000e+00
 0.00000e+00
 0.00000e+00
 0.00000e+00
 0.00000e+00
 0.00000e+00
 0.00000e+00
 0.00000e+00
 0.00000e+00
 0.00000e+00
 0.00000e+00
 0.00000e+00
 0.00000e+00
 0.00000e+00
 0.00000e+00
 0.00000e+00
 0.00000e+00
 0.00000e+00
 0.00000e+00
 0.00000e+00
 0.00000e+00
 0.00000e+00
 0.00000e+00
 0.00000e+00
 0.00000e+00
 0.00000e+00
 0.00000e+00
 0.00000e+00
 0.00000e+00
 0.00000e+00
 0.00000e+00
 1.40901e-40
 8.22601e-39
 2.38504e-37
 4.57707e-36
 6.53825e-35
 7.41298e-34
 6.94625e-33
 5.53085e-32
 3.81832e-31
 2.32062e-30
 1.25640e-29
 6.11684e-29
 2.69835e-28
 1.08526e-27
 3.99994e-27
 1.35675e-26
 4.25007e-26
 1.23314e-25
 3.32189e-25
 8.32454e-25
 1.94354e-24
 4.23223e-24
 8.60206e-24
 1.63238e-23
 2.89172e-23
 4.56811e-23
 5.88859e-23
 6.37574e-23
 6.38671e-23
 6.07357e-23
 5.28350e-23
 3.91176e-23
 2.31964e-23
 1.15441e-23
 5.44132e-24
 2.44905e-24
 1.05516e-24
 4.36083e-25
 1.73205e-25
 6.62290e-26
 2.44010e-26
 8.72299e-27
 2.92538e-27
 6.36050e-28
 0.00000e+00
 0.00000e+00
 0.00000e+00
 0.00000e+00
 0.00000e+00
 1.68205e-40
 1.01155e-38
 3.12935e-37
 6.57397e-36
 1.04505e-34
 1.33078e-33
 1.40635e-32
 1.26408e-31
 9.84344e-31
 6.73729e-30
 4.10075e-29
 2.24105e-28
 1.10844e-27
 4.99494e-27
 2.06213e-26
 7.83573e-26
 2.75098e-25
 8.95208e-25
 2.70723e-24
 7.62458e-24
 2.00326e-23
 4.91659e-23
 1.12829e-22
 2.42260e-22
 4.86834e-22
 9.15576e-22
 1.61068e-21
 2.53205e-21
 3.25751e-21
 3.52736e-21
 3.53703e-21
 3.37310e-21
 2.95544e-21
 2.22624e-21
 1.37381e-21
 7.44107e-22
 4.07712e-22
 2.32344e-22
 1.38063e-22
 8.39400e-23
 5.07915e-23
 2.99214e-23
 1.68467e-23
 9.14630e-24
 4.53564e-24
 1.29862e-24
 0.00000e+00
 0.00000e+00
 0.00000e+00
 0.00000e+00
 3.22947e-39
 1.86691e-37
 5.36492e-36
 1.02671e-34
 1.47774e-33
 1.71084e-32
 1.66197e-31
 1.39348e-30
 1.02835e-29
 6.77287e-29
 4.02169e-28
 2.16964e-27
 1.06991e-26
 4.84666e-26
 2.02535e-25
 7.83563e-25
 2.81516e-24
 9.41731e-24
 2.93968e-23
 8.57848e-23
 2.34361e-22
 6.00078e-22
 1.44120e-21
 3.24825e-21
 6.87189e-21
 1.36448e-20
 2.54181e-20
 4.43881e-20
 6.94133e-20
 8.91006e-20
 9.64830e-20
 9.68416e-20
 9.26065e-20
 8.17083e-20
 6.25731e-20
 4.00342e-20
 2.32335e-20
 1.41011e-20
 9.07224e-21
 6.04182e-21
 4.01345e-21
 2.57989e-21
 1.57923e-21
 9.09944e-22
 5.00908e-22
 2.50262e-22
 7.18352e-23
 0.00000e+00
 0.00000e+00
 0.00000e+00
 1.07268e-39
 2.35045e-37
 1.15325e-35
 3.06190e-34
 5.51670e-33
 7.49795e-32
 8.17593e-31
 7.44723e-30
 5.82960e-29
 4.00418e-28
 2.45149e-27
 1.35395e-26
 6.80879e-26
 3.14051e-25
 1.33631e-24
 5.27000e-24
 1.93358e-23
 6.62076e-23
 2.12105e-22
 6.37066e-22
 1.79683e-21
 4.76488e-21
 1.18902e-20
 2.79347e-20
 6.18027e-20
 1.28747e-19
 2.52445e-19
 4.65574e-19
 8.06757e-19
 1.25450e-18
 1.60627e-18
 1.73919e-18
 1.74728e-18
 1.67533e-18
 1.48831e-18
 1.15808e-18
 7.65777e-19
 4.70569e-19
 3.07723e-19
 2.13653e-19
 1.51365e-19
 1.04930e-19
 6.92676e-20
 4.30658e-20
 2.50269e-20
 1.38381e-20
 6.92505e-21
 1.98707e-21
 0.00000e+00
 0.00000e+00
 0.00000e+00
 6.07742e-38
 8.07759e-36
 3.55758e-34
 8.95961e-33
 1.55699e-31
 2.05239e-30
 2.17250e-29
 1.91839e-28
 1.45224e-27
 9.61937e-27
 5.66404e-26
 3.00191e-25
 1.44644e-24
 6.38767e-24
 2.60243e-23
 9.83444e-23
 3.46237e-22
 1.13980e-21
 3.51890e-21
 1.02127e-20
 2.79147e-20
 7.19600e-20
 1.75113e-19
 4.02477e-19
 8.73812e-19
 1.79165e-18
 3.46733e-18
 6.32771e-18
 1.08755e-17
 1.68102e-17
 2.14647e-17
 2.32362e-17
 2.33648e-17
 2.24609e-17
 2.00875e-17
 1.58747e-17
 1.08217e-17
 6.97740e-18
 4.82894e-18
 3.53721e-18
 2.61166e-18
 1.86110e-18
 1.24927e-18
 7.83967e-19
 4.57701e-19
 2.53570e-19
 1.26917e-19
 3.63803e-20
 0.00000e+00
 0.00000e+00
 1.19820e-39
 1.77255e-36
 1.79410e-34
 7.25113e-33
 1.74713e-31
 2.94870e-30
 3.79851e-29
 3.93854e-28
 3.40772e-27
 2.52544e-26
 1.63511e-25
 9.39325e-25
 4.84765e-24
 2.27032e-23
 9.72996e-23
 3.84257e-22
 1.40654e-21
 4.79545e-21
 1.52913e-20
 4.57609e-20
 1.28888e-19
 3.42446e-19
 8.59794e-19
 2.04248e-18
 4.59422e-18
 9.78751e-18
 1.97453e-17
 3.76985e-17
 6.80462e-17
 1.15951e-16
 1.78087e-16
 2.26716e-16
 2.45355e-16
 2.46924e-16
 2.37970e-16
 2.14210e-16
 1.71844e-16
 1.20552e-16
 8.10083e-17
 5.85722e-17
 4.46579e-17
 3.40300e-17
 2.47774e-17
 1.68475e-17
 1.06445e-17
 6.23310e-18
 3.45630e-18
 1.72929e-18
 4.95083e-19
 0.00000e+00
 0.00000e+00
 6.59676e-38
 3.52743e-35
 2.93482e-33
 1.10008e-31
 2.54484e-30
 4.18185e-29
 5.27937e-28
 5.38098e-27
 4.58203e-26
 3.34215e-25
 2.12836e-24
 1.20128e-23
 6.08272e-23
 2.79094e-22
 1.17012e-21
 4.51451e-21
 1.61251e-20
 5.35981e-20
 1.66526e-19
 4.85463e-19
 1.33224e-18
 3.45098e-18
 8.45637e-18
 1.96350e-17
 4.32486e-17
 9.04191e-17
 1.79438e-16
 3.37846e-16
 6.02879e-16
 1.01809e-15
 1.55317e-15
 1.97093e-15
 2.13216e-15
 2.14754e-15
 2.07477e-15
 1.87948e-15
 1.52961e-15
 1.10243e-15
 7.68648e-16
 5.75246e-16
 4.51937e-16
 3.53575e-16
 2.62482e-16
 1.80541e-16
 1.14706e-16
 6.73044e-17
 3.73320e-17
 1.86664e-17
 5.33736e-18
 0.00000e+00
 0.00000e+00
 1.80024e-36
 5.34568e-34
 3.79505e-32
 1.32714e-30
 2.95207e-29
 4.72714e-28
 5.85439e-27
 5.87417e-26
 4.93265e-25
 3.55033e-24
 2.23092e-23
 1.24178e-22
 6.19565e-22
 2.79808e-21
 1.15331e-20
 4.36910e-20
 1.53050e-19
 4.98371e-19
 1.51550e-18
 4.32113e-18
 1.15935e-17
 2.93590e-17
 7.03565e-17
 1.59889e-16
 3.45116e-16
 7.08242e-16
 1.41628e-15
 2.67338e-15
 4.71696e-15
 7.86177e-15
 1.18753e-14
 1.50370e-14
 1.63658e-14
 1.66875e-14
 1.64704e-14
 1.54489e-14
 1.31881e-14
 1.01726e-14
 7.70016e-15
 5.47391e-15
 3.79526e-15
 3.03236e-15
 2.29755e-15
 1.59971e-15
 1.02083e-15
 5.99685e-16
 3.32583e-16
 1.66176e-16
 4.74597e-17
 0.00000e+00
 0.00000e+00
 3.24609e-35
 6.52769e-33
 4.05117e-31
 1.32729e-29
 2.84101e-28
 4.43366e-27
 5.38768e-26
 5.32438e-25
 4.41287e-24
 3.13824e-23
 1.94912e-22
 1.07222e-21
 5.28452e-21
 2.35583e-20
 9.57632e-20
 3.57417e-19
 1.23219e-18
 3.94449e-18
 1.17798e-17
 3.29554e-17
 8.66902e-17
 2.15134e-16
 5.05147e-16
 1.15789e-15
 2.51540e-15
 5.11826e-15
 9.88399e-15
 1.80772e-14
 3.12964e-14
 5.14242e-14
 7.68656e-14
 9.69182e-14
 1.05598e-13
 1.08159e-13
 1.07728e-13
 1.02961e-13
 9.08535e-14
 7.34252e-14
 5.85736e-14
 4.79951e-14
 3.88849e-14
 3.01288e-14
 2.17058e-14
 1.36895e-14
 7.71186e-15
 4.53188e-15
 2.51221e-15
 1.25442e-15
 3.57901e-16
 0.00000e+00
 0.00000e+00
 4.34973e-34
 6.64402e-32
 3.67359e-30
 1.13196e-28
 2.33294e-27
 3.54782e-26
 4.22954e-25
 4.11697e-24
 3.36880e-23
 2.36852e-22
 1.45532e-21
 7.92167e-21
 3.86256e-20
 1.70278e-19
 6.84039e-19
 2.52101e-18
 8.57429e-18
 2.70524e-17
 7.95447e-17
 2.18891e-16
 5.65857e-16
 1.42832e-15
 3.39628e-15
 7.56860e-15
 1.58761e-14
 3.14616e-14
 5.91924e-14
 1.05939e-13
 1.80506e-13
 2.92879e-13
 4.33681e-13
 5.44546e-13
 5.93468e-13
 6.09354e-13
 6.10030e-13
 5.89529e-13
 5.31136e-13
 4.42272e-13
 3.64207e-13
 3.10663e-13
 2.63343e-13
 2.10850e-13
 1.54159e-13
 9.99455e-14
 5.86010e-14
 3.21260e-14
 1.64178e-14
 8.19416e-15
 2.33614e-15
 0.00000e+00
 0.00000e+00
 4.61903e-33
 5.76628e-31
 2.88672e-29
 8.39914e-28
 1.66810e-26
 2.47184e-25
 2.89023e-24
 2.77048e-23
 2.23819e-22
 1.55605e-21
 9.46294e-21
 5.10023e-20
 2.46255e-19
 1.07477e-18
 4.27262e-18
 1.55734e-17
 5.23452e-17
 1.63074e-16
 4.73023e-16
 1.28283e-15
 3.46585e-15
 8.64664e-15
 1.98548e-14
 4.28208e-14
 8.73689e-14
 1.69340e-13
 3.12532e-13
 5.49976e-13
 9.23480e-13
 1.48005e-12
 2.17109e-12
 2.71444e-12
 2.95856e-12
 3.04415e-12
 3.06089e-12
 2.98557e-12
 2.73531e-12
 2.33171e-12
 1.96564e-12
 1.70724e-12
 1.47172e-12
 1.20275e-12
 8.95665e-13
 5.96796e-13
 3.60762e-13
 2.00790e-13
 1.02507e-13
 4.70443e-14
 1.34064e-14
 0.00000e+00
 0.00000e+00
 4.04793e-32
 4.33913e-30
 1.99460e-28
 5.50320e-27
 1.05443e-25
 1.52263e-24
 1.74579e-23
 1.64759e-22
 1.31391e-21
 9.03269e-21
 5.43764e-20
 2.90290e-19
 1.38866e-18
 6.00461e-18
 2.36437e-17
 8.53231e-17
 2.83768e-16
 8.74096e-16
 2.65661e-15
 7.43342e-15
 1.91411e-14
 4.56251e-14
 1.01796e-13
 2.14564e-13
 4.29064e-13
 8.16277e-13
 1.48034e-12
 2.56286e-12
 4.24020e-12
 6.70917e-12
 9.74492e-12
 1.21281e-11
 1.32181e-11
 1.36270e-11
 1.37581e-11
 1.35358e-11
 1.25938e-11
 1.09636e-11
 9.42924e-12
 8.30927e-12
 7.24912e-12
 6.00632e-12
 4.54393e-12
 3.08476e-12
 1.89450e-12
 1.06439e-12
 5.61847e-13
 2.64575e-13
 7.37224e-14
 0.00000e+00
 0.00000e+00
 3.01034e-31
 2.86822e-29
 1.22542e-27
 3.22017e-26
 5.96120e-25
 8.39139e-24
 9.43363e-23
 8.76335e-22
 6.89724e-21
 4.68812e-20
 2.79374e-19
 1.47750e-18
 7.00469e-18
 3.00213e-17
 1.17157e-16
 4.18893e-16
 1.37970e-15
 4.59296e-15
 1.37876e-14
 3.71287e-14
 9.22097e-14
 2.14176e-13
 4.68639e-13
 9.70132e-13
 1.90592e-12
 3.56271e-12
 6.35054e-12
 1.08142e-11
 1.76198e-11
 2.75039e-11
 3.95294e-11
 4.89546e-11
 5.33460e-11
 5.50981e-11
 5.58430e-11
 5.53911e-11
 5.22956e-11
 4.64295e-11
 4.06596e-11
 3.62892e-11
 3.19968e-11
 2.68397e-11
 2.06132e-11
 1.42145e-11
 8.82495e-12
 4.97216e-12
 2.66111e-12
 1.28416e-12
 3.58156e-13
 0.00000e+00
 0.00000e+00
 1.93872e-30
 1.68321e-28
 6.75382e-27
 1.69774e-25
 3.04185e-24
 4.17650e-23
 4.60391e-22
 4.20911e-21
 3.26888e-20
 2.19647e-19
 1.29560e-18
 6.78799e-18
 3.18975e-17
 1.35538e-16
 5.24417e-16
 2.00433e-15
 6.98580e-15
 2.20728e-14
 6.28003e-14
 1.63952e-13
 3.98975e-13
 9.11332e-13
 1.96230e-12
 3.99619e-12
 7.71956e-12
 1.41834e-11
 2.48485e-11
 4.16049e-11
 6.67134e-11
 1.02643e-10
 1.45853e-10
 1.79673e-10
 1.95746e-10
 2.02532e-10
 2.06021e-10
 2.05943e-10
 1.97178e-10
 1.78353e-10
 1.58810e-10
 1.43385e-10
 1.27688e-10
 1.08387e-10
 8.45041e-11
 5.91516e-11
 3.70666e-11
 2.09314e-11
 1.12472e-11
 5.48105e-12
 1.53683e-12
 0.00000e+00
 0.00000e+00
 1.09806e-29
 8.84761e-28
 3.36364e-26
 8.12254e-25
 1.41127e-23
 1.89148e-22
 2.04495e-21
 1.83992e-20
 1.40976e-19
 9.36274e-19
 5.46579e-18
 2.83681e-17
 1.32134e-16
 5.56724e-16
 2.35409e-15
 9.10186e-15
 3.07398e-14
 9.27336e-14
 2.56175e-13
 6.57064e-13
 1.57575e-12
 3.54838e-12
 7.52828e-12
 1.50941e-11
 2.86835e-11
 5.18105e-11
 8.92030e-11
 1.46791e-10
 2.31479e-10
 3.50639e-10
 4.92153e-10
 6.02836e-10
 6.56581e-10
 6.80498e-10
 6.94620e-10
 6.99479e-10
 6.78799e-10
 6.25049e-10
 5.65272e-10
 5.15839e-10
 4.63767e-10
 3.98275e-10
 3.15257e-10
 2.23990e-10
 1.41659e-10
 8.02692e-11
 4.32096e-11
 2.11501e-11
 5.95008e-12
 0.00000e+00
 0.00000e+00
 5.53585e-29
 4.19705e-27
 1.52312e-25
 3.54728e-24
 5.98887e-23
 7.84282e-22
 8.31922e-21
 7.36681e-20
 5.56839e-19
 3.65477e-18
 2.11133e-17
 1.08542e-16
 5.01120e-16
 2.35497e-15
 1.00627e-14
 3.68959e-14
 1.19333e-13
 3.51071e-13
 9.54568e-13
 2.41687e-12
 5.72331e-12
 1.27193e-11
 2.66087e-11
 5.25540e-11
 9.82825e-11
 1.74551e-10
 2.95300e-10
 4.77362e-10
 7.39649e-10
 1.10154e-09
 1.52559e-09
 1.85744e-09
 2.02239e-09
 2.09952e-09
 2.15013e-09
 2.18035e-09
 2.14362e-09
 2.00816e-09
 1.84297e-09
 1.69872e-09
 1.54147e-09
 1.33911e-09
 1.07631e-09
 7.76273e-10
 4.95778e-10
 2.82367e-10
 1.52234e-10
 7.47489e-11
 2.10761e-11
 0.00000e+00
 0.00000e+00
 2.50829e-28
 1.80838e-26
 6.30395e-25
 1.42114e-23
 2.33619e-22
 2.99256e-21
 3.11604e-20
 2.71617e-19
 2.02538e-18
 1.31361e-17
 7.50860e-17
 3.82314e-16
 1.99752e-15
 9.51686e-15
 3.82475e-14
 1.33624e-13
 4.21165e-13
 1.22054e-12
 3.27984e-12
 8.21101e-12
 1.92175e-11
 4.21774e-11
 8.70543e-11
 1.69454e-10
 3.11970e-10
 5.44844e-10
 9.05560e-10
 1.43726e-09
 2.18567e-09
 3.19514e-09
 4.36125e-09
 5.27582e-09
 5.74252e-09
 5.97125e-09
 6.13436e-09
 6.26199e-09
 6.23456e-09
 5.93918e-09
 5.52774e-09
 5.14398e-09
 4.71079e-09
 4.13946e-09
 3.37876e-09
 2.47430e-09
 1.59714e-09
 9.15768e-10
 4.94722e-10
 2.43696e-10
 6.88535e-11
 0.00000e+00
 0.00000e+00
 1.02948e-27
 7.11657e-26
 2.39567e-24
 5.24514e-23
 8.41257e-22
 1.05530e-20
 1.07933e-19
 9.26373e-19
 6.81494e-18
 4.36751e-17
 2.46988e-16
 1.24540e-15
 7.43922e-15
 3.41017e-14
 1.29914e-13
 4.41374e-13
 1.37045e-12
 3.92812e-12
 1.04482e-11
 2.58843e-11
 5.99125e-11
 1.29932e-10
 2.64733e-10
 5.08101e-10
 9.21175e-10
 1.58221e-09
 2.58305e-09
 4.02289e-09
 5.99561e-09
 8.58704e-09
 1.15360e-08
 1.38591e-08
 1.50812e-08
 1.57082e-08
 1.61857e-08
 1.66269e-08
 1.67574e-08
 1.62270e-08
 1.53103e-08
 1.43803e-08
 1.32905e-08
 1.18130e-08
 9.79117e-09
 7.28375e-09
 4.75792e-09
 2.74988e-09
 1.48986e-09
 7.36582e-10
 2.08579e-10
 0.00000e+00
 0.00000e+00
 3.85232e-27
 2.57021e-25
 8.39288e-24
 1.78999e-22
 2.80653e-21
 3.45188e-20
 3.47026e-19
 2.93377e-18
 2.12957e-17
 1.34858e-16
 7.54466e-16
 4.82382e-15
 2.57701e-14
 1.09287e-13
 4.03123e-13
 1.34818e-12
 4.14181e-12
 1.17600e-11
 3.09852e-11
 7.60064e-11
 1.74081e-10
 3.73258e-10
 7.51128e-10
 1.42215e-09
 2.53992e-09
 4.29106e-09
 6.87991e-09
 1.05079e-08
 1.53210e-08
 2.14485e-08
 2.83134e-08
 3.37632e-08
 3.67366e-08
 3.83347e-08
 3.96142e-08
 4.09360e-08
 4.17488e-08
 4.10844e-08
 3.92880e-08
 3.72429e-08
 3.47412e-08
 3.12337e-08
 2.62789e-08
 1.98727e-08
 1.31612e-08
 7.67439e-09
 4.17427e-09
 2.07246e-09
 5.88339e-10
 0.00000e+00
 0.00000e+00
 1.32140e-26
 8.55420e-25
 2.72003e-23
 5.66634e-22
 8.70119e-21
 1.05061e-19
 1.03898e-18
 8.65568e-18
 6.20085e-17
 3.88039e-16
 2.71276e-15
 1.66244e-14
 7.91496e-14
 3.19939e-13
 1.15913e-12
 3.83531e-12
 1.16778e-11
 3.28705e-11
 8.58379e-11
 2.08595e-10
 4.73002e-10
 1.00329e-09
 1.99526e-09
 3.72867e-09
 6.56290e-09
 1.09082e-08
 1.71737e-08
 2.57050e-08
 3.65911e-08
 4.99362e-08
 6.46408e-08
 7.64568e-08
 8.32043e-08
 8.70171e-08
 9.01778e-08
 9.37006e-08
 9.66605e-08
 9.66523e-08
 9.36799e-08
 8.96400e-08
 8.44115e-08
 7.67563e-08
 6.55247e-08
 5.04027e-08
 3.39090e-08
 1.99731e-08
 1.09190e-08
 5.44701e-09
 1.55063e-09
 0.00000e+00
 0.00000e+00
 4.17360e-26
 2.63301e-24
 8.17959e-23
 1.66846e-21
 2.51374e-20
 2.98331e-19
 2.90463e-18
 2.38581e-17
 1.68731e-16
 1.04355e-15
 8.73369e-15
 4.89944e-14
 2.19772e-13
 8.68488e-13
 3.11090e-12
 1.02042e-11
 3.08185e-11
 8.60417e-11
 2.22800e-10
 5.36648e-10
 1.20545e-09
 2.53099e-09
 4.97758e-09
 9.18719e-09
 1.59455e-08
 2.60828e-08
 4.03224e-08
 5.90853e-08
 8.19361e-08
 1.08693e-07
 1.37598e-07
 1.61243e-07
 1.75571e-07
 1.84155e-07
 1.91409e-07
 1.99892e-07
 2.08467e-07
 2.11748e-07
 2.08098e-07
 2.01115e-07
 1.91214e-07
 1.75814e-07
 1.52193e-07
 1.19135e-07
 8.15771e-08
 4.86211e-08
 2.67489e-08
 1.34142e-08
 3.83015e-09
 0.00000e+00
 0.00000e+00
 1.21842e-25
 7.51817e-24
 2.28835e-22
 4.58066e-21
 6.78255e-20
 7.92186e-19
 7.60020e-18
 6.15859e-17
 4.30138e-16
 3.64621e-15
 2.53250e-14
 1.29845e-13
 5.64994e-13
 2.20365e-12
 7.82447e-12
 2.54670e-11
 7.63326e-11
 2.11473e-10
 5.43243e-10
 1.29759e-09
 2.88899e-09
 6.00834e-09
 1.16943e-08
 2.13359e-08
 3.65454e-08
 5.88658e-08
 8.93709e-08
 1.28024e-07
 1.72546e-07
 2.21883e-07
 2.73752e-07
 3.17219e-07
 3.45731e-07
 3.64071e-07
 3.79686e-07
 3.98405e-07
 4.19828e-07
 4.32972e-07
 4.31650e-07
 4.21719e-07
 4.04858e-07
 3.76222e-07
 3.30047e-07
 2.63011e-07
 1.83653e-07
 1.10994e-07
 6.15357e-08
 3.10360e-08
 8.88936e-09
 0.00000e+00
 0.00000e+00
 3.29811e-25
 1.99657e-23
 5.96920e-22
 1.17496e-20
 1.71256e-19
 1.97094e-18
 1.86499e-17
 1.49187e-16
 1.02948e-15
 1.06251e-14
 6.52807e-14
 3.17471e-13
 1.35820e-12
 5.24817e-12
 1.84938e-11
 5.97623e-11
 1.77847e-10
 4.89123e-10
 1.24704e-09
 2.95534e-09
 6.52562e-09
 1.34526e-08
 2.59355e-08
 4.68234e-08
 7.92410e-08
 1.25817e-07
 1.87680e-07
 2.62291e-07
 3.42632e-07
 4.26132e-07
 5.10547e-07
 5.83218e-07
 6.36199e-07
 6.73536e-07
 7.05089e-07
 7.43468e-07
 7.91975e-07
 8.29013e-07
 8.38076e-07
 8.27836e-07
 8.02419e-07
 7.53441e-07
 6.69648e-07
 5.43450e-07
 3.87559e-07
 2.38102e-07
 1.33309e-07
 6.76155e-08
 1.94280e-08
 0.00000e+00
 0.00000e+00
 8.29946e-25
 4.94209e-23
 1.45453e-21
 2.82057e-20
 4.05301e-19
 4.60182e-18
 4.29892e-17
 3.39725e-16
 3.40024e-15
 2.71189e-14
 1.52802e-13
 7.24775e-13
 3.06720e-12
 1.17613e-11
 4.11600e-11
 1.32115e-10
 3.90507e-10
 1.06660e-09
 2.70008e-09
 6.35175e-09
 1.39174e-08
 2.84597e-08
 5.43998e-08
 9.73054e-08
 1.62957e-07
 2.55493e-07
 3.74810e-07
 5.09612e-07
 6.42753e-07
 7.70418e-07
 8.87681e-07
 9.82860e-07
 1.05771e-06
 1.12330e-06
 1.19332e-06
 1.28340e-06
 1.39846e-06
 1.49252e-06
 1.52778e-06
 1.52346e-06
 1.49048e-06
 1.41429e-06
 1.27361e-06
 1.05289e-06
 7.67535e-07
 4.80706e-07
 2.72683e-07
 1.38988e-07
 4.00573e-08
 0.00000e+00
 0.00000e+00
 1.94569e-24
 1.14223e-22
 3.31589e-21
 6.34532e-20
 9.00204e-19
 1.00959e-17
 9.32028e-17
 7.28208e-16
 8.97667e-15
 6.20000e-14
 3.32438e-13
 1.55401e-12
 6.52284e-12
 2.48437e-11
 8.63885e-11
 2.75539e-10
 8.09267e-10
 2.19603e-09
 5.52205e-09
 1.29004e-08
 2.80636e-08
 5.69618e-08
 1.08050e-07
 1.91745e-07
 3.18394e-07
 4.94216e-07
 7.13669e-07
 9.39206e-07
 1.12845e-06
 1.27556e-06
 1.38825e-06
 1.47555e-06
 1.55499e-06
 1.64795e-06
 1.77732e-06
 1.96602e-06
 2.22877e-06
 2.48859e-06
 2.61886e-06
 2.63500e-06
 2.59966e-06
 2.49286e-06
 2.27474e-06
 1.91528e-06
 1.42802e-06
 9.14639e-07
 5.27317e-07
 2.70027e-07
 7.80355e-08
 0.00000e+00
 0.00000e+00
 4.25657e-24
 2.46833e-22
 7.08014e-21
 1.33909e-19
 1.87818e-18
 2.08308e-17
 1.90233e-16
 2.14153e-15
 2.03635e-14
 1.29417e-13
 6.77798e-13
 3.13774e-12
 1.30808e-11
 4.95164e-11
 1.71160e-10
 5.42697e-10
 1.58441e-09
 4.27328e-09
 1.06779e-08
 2.47828e-08
 5.35492e-08
 1.07940e-07
 2.03335e-07
 3.58433e-07
 5.91422e-07
 9.10912e-07
 1.27854e-06
 1.59357e-06
 1.80044e-06
 1.92376e-06
 1.99980e-06
 2.06806e-06
 2.15298e-06
 2.27149e-06
 2.45649e-06
 2.74885e-06
 3.18850e-06
 3.71444e-06
 4.11743e-06
 4.28063e-06
 4.27205e-06
 4.13520e-06
 3.82255e-06
 3.27576e-06
 2.49821e-06
 1.64083e-06
 9.64493e-07
 4.96520e-07
 1.43811e-07
 0.00000e+00
 0.00000e+00
 8.70044e-24
 4.99211e-22
 1.41707e-20
 2.65272e-19
 3.68310e-18
 4.04433e-17
 3.65732e-16
 5.18854e-15
 4.17514e-14
 2.51768e-13
 1.29983e-12
 5.97305e-12
 2.47521e-11
 9.31700e-11
 3.20280e-10
 1.00993e-09
 2.93215e-09
 7.86329e-09
 1.95328e-08
 4.50566e-08
 9.67333e-08
 1.93700e-07
 3.62472e-07
 6.35133e-07
 1.04130e-06
 1.55840e-06
 2.07604e-06
 2.45492e-06
 2.66612e-06
 2.76912e-06
 2.82374e-06
 2.89368e-06
 2.99904e-06
 3.14686e-06
 3.37647e-06
 3.74272e-06
 4.31036e-06
 5.07142e-06
 5.83660e-06
 6.33147e-06
 6.47913e-06
 6.35922e-06
 5.96734e-06
 5.22301e-06
 4.09205e-06
 2.77168e-06
 1.66910e-06
 8.64840e-07
 2.50897e-07
 0.00000e+00
 0.00000e+00
 1.66288e-23
 9.45459e-22
 2.65959e-20
 4.93408e-19
 6.78959e-18
 7.38955e-17
 6.62377e-16
 1.02533e-14
 7.80273e-14
 4.59035e-13
 2.34771e-12
 1.07228e-11
 4.41960e-11
 1.65498e-10
 5.66020e-10
 1.77578e-09
 5.12925e-09
 1.36832e-08
 3.38041e-08
 7.75271e-08
 1.65405e-07
 3.28819e-07
 6.09999e-07
 1.05746e-06
 1.68688e-06
 2.41922e-06
 3.09934e-06
 3.57911e-06
 3.84159e-06
 3.96048e-06
 4.01652e-06
 4.09760e-06
 4.22512e-06
 4.39931e-06
 4.66269e-06
 5.08020e-06
 5.73177e-06
 6.65238e-06
 7.69100e-06
 8.51800e-06
 8.90292e-06
 8.85247e-06
 8.40971e-06
 7.50031e-06
 6.04454e-06
 4.26778e-06
 2.68831e-06
 1.42338e-06
 4.14354e-07
 0.00000e+00
 0.00000e+00
 2.97277e-23
 1.67702e-21
 4.68065e-20
 8.61569e-19
 1.17629e-17
 1.27023e-16
 1.69257e-15
 1.91115e-14
 1.35839e-13
 7.86324e-13
 3.99283e-12
 1.81316e-11
 7.43106e-11
 2.76653e-10
 9.40442e-10
 2.93152e-09
 8.40933e-09
 2.22660e-08
 5.45557e-08
 1.23967e-07
 2.61738e-07
 5.14342e-07
 9.42182e-07
 1.60780e-06
 2.49329e-06
 3.50510e-06
 4.45965e-06
 5.12952e-06
 5.49061e-06
 5.65071e-06
 5.71484e-06
 5.79880e-06
 5.93730e-06
 6.12227e-06
 6.39546e-06
 6.83013e-06
 7.51766e-06
 8.53501e-06
 9.74090e-06
 1.07612e-05
 1.13043e-05
 1.13195e-05
 1.08406e-05
 9.78902e-06
 8.04475e-06
 5.84078e-06
 3.82291e-06
 2.10942e-06
 6.32893e-07
 0.00000e+00
 0.00000e+00
 4.88748e-23
 2.72994e-21
 7.54095e-20
 1.37314e-18
 1.85364e-17
 1.97802e-16
 3.38496e-15
 3.14975e-14
 2.13189e-13
 1.21698e-12
 6.12384e-12
 2.75801e-11
 1.12128e-10
 4.14141e-10
 1.39681e-09
 4.32047e-09
 1.22990e-08
 3.23181e-08
 7.85849e-08
 1.77198e-07
 3.71188e-07
 7.23546e-07
 1.31426e-06
 2.21729e-06
 3.39901e-06
 4.77411e-06
 6.11439e-06
 7.09309e-06
 7.65749e-06
 7.92365e-06
 8.02530e-06
 8.11896e-06
 8.25683e-06
 8.42336e-06
 8.65773e-06
 9.03665e-06
 9.64954e-06
 1.05678e-05
 1.16913e-05
 1.27062e-05
 1.32794e-05
 1.32961e-05
 1.27906e-05
 1.16875e-05
 9.82833e-06
 7.30487e-06
 4.86010e-06
 2.75036e-06
 8.49839e-07
 0.00000e+00
 0.00000e+00
 6.69466e-23
 3.69774e-21
 1.00985e-19
 1.81758e-18
 2.42464e-17
 2.55610e-16
 4.67951e-15
 4.18410e-14
 2.77862e-13
 1.57106e-12
 7.84797e-12
 3.51095e-11
 1.41839e-10
 5.20766e-10
 1.74674e-09
 5.37558e-09
 1.52336e-08
 3.98721e-08
 9.66329e-08
 2.17314e-07
 4.54275e-07
 8.83919e-07
 1.60236e-06
 2.69042e-06
 4.10576e-06
 5.75546e-06
 7.42140e-06
 8.76646e-06
 9.68162e-06
 1.02199e-05
 1.05016e-05
 1.06901e-05
 1.08399e-05
 1.09559e-05
 1.10910e-05
 1.13122e-05
 1.16838e-05
 1.22636e-05
 1.30637e-05
 1.39138e-05
 1.44172e-05
 1.43709e-05
 1.38354e-05
 1.27693e-05
 1.10061e-05
 8.44394e-06
 5.73181e-06
 3.27245e-06
 1.02166e-06
 0.00000e+00
 0.00000e+00
 7.58333e-23
 4.15728e-21
 1.12696e-19
 2.01358e-18
 2.66686e-17
 2.79177e-16
 5.26154e-15
 4.64324e-14
 3.05816e-13
 1.72174e-12
 8.57408e-12
 3.82537e-11
 1.54163e-10
 5.64790e-10
 1.89089e-09
 5.81039e-09
 1.64468e-08
 4.30139e-08
 1.04204e-07
 2.34326e-07
 4.89950e-07
 9.53736e-07
 1.72953e-06
 2.89321e-06
 4.39090e-06
 6.13326e-06
 7.96327e-06
 9.57550e-06
 1.08088e-05
 1.16614e-05
 1.22080e-05
 1.25522e-05
 1.27329e-05
 1.28064e-05
 1.28513e-05
 1.29101e-05
 1.30146e-05
 1.32406e-05
 1.37046e-05
 1.43546e-05
 1.47691e-05
 1.46645e-05
 1.41011e-05
 1.30729e-05
 1.14286e-05
 8.99183e-06
 6.26236e-06
 3.62274e-06
 1.13910e-06
 0.00000e+00
 0.00000e+00
 7.75276e-23
 4.23959e-21
 1.14648e-19
 2.04356e-18
 2.70021e-17
 2.82020e-16
 5.38487e-15
 4.72122e-14
 3.09994e-13
 1.74319e-12
 8.67428e-12
 3.86760e-11
 1.55779e-10
 5.70444e-10
 1.90910e-09
 5.86477e-09
 1.65980e-08
 4.34069e-08
 1.05164e-07
 2.36535e-07
 4.94773e-07
 9.63797e-07
 1.74912e-06
 2.90630e-06
 4.37989e-06
 6.11558e-06
 7.99943e-06
 9.73938e-06
 1.11447e-05
 1.21921e-05
 1.29163e-05
 1.33648e-05
 1.35733e-05
 1.36368e-05
 1.36487e-05
 1.36323e-05
 1.35938e-05
 1.35981e-05
 1.37764e-05
 1.41959e-05
 1.45222e-05
 1.43971e-05
 1.38280e-05
 1.28320e-05
 1.12814e-05
 8.98410e-06
 6.36319e-06
 3.73939e-06
 1.18906e-06
 0.00000e+00
 0.00000e+00
 7.54339e-23
 4.12029e-21
 1.11288e-19
 1.98124e-18
 2.61458e-17
 2.72719e-16
 5.23802e-15
 4.58350e-14
 3.00736e-13
 1.69096e-12
 8.41448e-12
 3.75191e-11
 1.51128e-10
 5.53451e-10
 1.85241e-09
 5.69127e-09
 1.61093e-08
 4.21375e-08
 1.02117e-07
 2.29775e-07
 4.80921e-07
 9.37737e-07
 1.70263e-06
 2.80879e-06
 4.21971e-06
 5.92501e-06
 7.82305e-06
 9.62537e-06
 1.11230e-05
 1.22670e-05
 1.30651e-05
 1.35540e-05
 1.37784e-05
 1.38437e-05
 1.38481e-05
 1.38087e-05
 1.37177e-05
 1.36169e-05
 1.36066e-05
 1.37913e-05
 1.39572e-05
 1.37749e-05
 1.31932e-05
 1.22174e-05
 1.07432e-05
 8.58653e-06
 6.13089e-06
 3.64821e-06
 1.17378e-06
 0.00000e+00
 0.00000e+00
 6.87019e-23
 3.74773e-21
 1.01090e-19
 1.79718e-18
 2.36827e-17
 2.46660e-16
 4.74996e-15
 4.16712e-14
 2.73810e-13
 1.54122e-12
 7.67746e-12
 3.42703e-11
 1.38200e-10
 5.06721e-10
 1.69818e-09
 5.22454e-09
 1.48099e-08
 3.87998e-08
 9.41890e-08
 2.12330e-07
 4.45308e-07
 8.70156e-07
 1.58178e-06
 2.61653e-06
 3.96498e-06
 5.63249e-06
 7.53719e-06
 9.39537e-06
 1.09506e-05
 1.21272e-05
 1.29374e-05
 1.34328e-05
 1.36691e-05
 1.37435e-05
 1.37529e-05
 1.37177e-05
 1.36210e-05
 1.34879e-05
 1.33937e-05
 1.33972e-05
 1.33332e-05
 1.29887e-05
 1.23299e-05
 1.13401e-05
 9.92531e-06
 7.91814e-06
 5.66515e-06
 3.39186e-06
 1.09815e-06
 0.00000e+00
 0.00000e+00
 5.54692e-23
 3.02355e-21
 8.14911e-20
 1.44758e-18
 1.90603e-17
 1.98349e-16
 3.80483e-15
 3.37510e-14
 2.23105e-13
 1.26073e-12
 6.30299e-12
 2.82384e-11
 1.14306e-10
 4.20749e-10
 1.41578e-09
 4.37425e-09
 1.24552e-08
 3.27859e-08
 7.99932e-08
 1.81307e-07
 3.82448e-07
 7.51832e-07
 1.37641e-06
 2.31798e-06
 3.58562e-06
 5.18016e-06
 7.06165e-06
 8.96042e-06
 1.05445e-05
 1.17021e-05
 1.24785e-05
 1.29573e-05
 1.32092e-05
 1.33127e-05
 1.33467e-05
 1.33407e-05
 1.32799e-05
 1.31683e-05
 1.30497e-05
 1.29267e-05
 1.26518e-05
 1.21141e-05
 1.13319e-05
 1.02949e-05
 8.92177e-06
 7.06852e-06
 5.03669e-06
 3.00102e-06
 9.64738e-07
 0.00000e+00
 0.00000e+00
 3.66588e-23
 2.00311e-21
 5.41295e-20
 9.64216e-19
 1.27332e-17
 1.32924e-16
 2.52445e-15
 2.29485e-14
 1.53966e-13
 8.78835e-13
 4.43413e-12
 2.00482e-11
 8.19100e-11
 3.04376e-10
 1.03422e-09
 3.22761e-09
 9.28647e-09
 2.47120e-08
 6.09863e-08
 1.39900e-07
 2.98874e-07
 5.95476e-07
 1.10762e-06
 1.91411e-06
 3.04308e-06
 4.50932e-06
 6.31771e-06
 8.20248e-06
 9.74442e-06
 1.08044e-05
 1.14853e-05
 1.19127e-05
 1.21748e-05
 1.23351e-05
 1.24358e-05
 1.24921e-05
 1.25034e-05
 1.24622e-05
 1.23701e-05
 1.21727e-05
 1.17432e-05
 1.10455e-05
 1.01367e-05
 9.04061e-06
 7.72038e-06
 6.06329e-06
 4.29576e-06
 2.53024e-06
 7.99779e-07
 0.00000e+00
 0.00000e+00
 1.96180e-23
 1.08392e-21
 2.96265e-20
 5.33949e-19
 7.13567e-18
 7.54070e-17
 1.44722e-15
 1.35869e-14
 9.35272e-14
 5.44347e-13
 2.79384e-12
 1.28405e-11
 5.33126e-11
 2.01291e-10
 6.94904e-10
 2.20341e-09
 6.44187e-09
 1.74217e-08
 4.37055e-08
 1.01942e-07
 2.21496e-07
 4.48961e-07
 8.49977e-07
 1.50123e-06
 2.44424e-06
 3.70692e-06
 5.33863e-06
 7.08407e-06
 8.45050e-06
 9.30335e-06
 9.81733e-06
 1.01554e-05
 1.04139e-05
 1.06446e-05
 1.08667e-05
 1.10435e-05
 1.11535e-05
 1.12110e-05
 1.11914e-05
 1.09827e-05
 1.04737e-05
 9.67394e-06
 8.66617e-06
 7.54003e-06
 6.31920e-06
 4.91507e-06
 3.47808e-06
 2.04676e-06
 6.43438e-07
 0.00000e+00
 0.00000e+00
 9.56788e-24
 5.40619e-22
 1.51050e-20
 2.78144e-19
 3.79597e-18
 4.09429e-17
 6.57742e-16
 7.84779e-15
 5.80272e-14
 3.47788e-13
 1.82495e-12
 8.55713e-12
 3.62032e-11
 1.39160e-10
 4.88735e-10
 1.57566e-09
 4.68169e-09
 1.28630e-08
 3.27714e-08
 7.76010e-08
 1.71110e-07
 3.51857e-07
 6.75404e-07
 1.20992e-06
 1.99911e-06
 3.05614e-06
 4.39411e-06
 5.75560e-06
 6.73295e-06
 7.27605e-06
 7.58088e-06
 7.81140e-06
 8.04523e-06
 8.32213e-06
 8.67224e-06
 9.00681e-06
 9.23206e-06
 9.38528e-06
 9.45363e-06
 9.29640e-06
 8.81983e-06
 8.06627e-06
 7.13279e-06
 6.11585e-06
 5.04296e-06
 3.84421e-06
 2.68210e-06
 1.58327e-06
 5.00978e-07
 0.00000e+00
 0.00000e+00
 4.45983e-24
 2.60352e-22
 7.49773e-21
 1.41990e-19
 1.98887e-18
 2.19753e-17
 1.99480e-16
 4.64655e-15
 3.88879e-14
 2.42178e-13
 1.30176e-12
 6.23086e-12
 2.68604e-11
 1.05061e-10
 3.75047e-10
 1.22792e-09
 3.70225e-09
 1.03149e-08
 2.66318e-08
 6.38676e-08
 1.42533e-07
 2.96441e-07
 5.75228e-07
 1.04184e-06
 1.74534e-06
 2.68073e-06
 3.72402e-06
 4.59799e-06
 5.13555e-06
 5.40645e-06
 5.55265e-06
 5.69364e-06
 5.88086e-06
 6.15074e-06
 6.54847e-06
 6.97368e-06
 7.27238e-06
 7.46367e-06
 7.56125e-06
 7.46533e-06
 7.12271e-06
 6.56918e-06
 5.86312e-06
 5.04062e-06
 4.10215e-06
 3.01583e-06
 2.01887e-06
 1.17005e-06
 3.65846e-07
 0.00000e+00
 0.00000e+00
 1.98916e-24
 1.21536e-22
 3.63995e-21
 7.13123e-20
 1.02887e-18
 1.16668e-17
 1.08355e-16
 3.11580e-15
 2.83698e-14
 1.83598e-13
 1.00916e-12
 4.91704e-12
 2.15351e-11
 8.54617e-11
 3.09203e-10
 1.02508e-09
 3.12708e-09
 8.80870e-09
 2.29787e-08
 5.56407e-08
 1.25286e-07
 2.62687e-07
 5.13347e-07
 9.35734e-07
 1.58483e-06
 2.44473e-06
 3.27229e-06
 3.80892e-06
 4.07429e-06
 4.19600e-06
 4.26498e-06
 4.34655e-06
 4.48235e-06
 4.71026e-06
 5.07461e-06
 5.50619e-06
 5.83495e-06
 6.01626e-06
 6.07977e-06
 6.01151e-06
 5.79951e-06
 5.43484e-06
 4.91157e-06
 4.22603e-06
 3.37353e-06
 2.37084e-06
 1.50280e-06
 8.36671e-07
 2.52235e-07
 0.00000e+00
 0.00000e+00
 8.50781e-25
 5.52534e-23
 1.73545e-21
 3.53158e-20
 5.25498e-19
 6.11265e-18
 5.79948e-17
 2.23684e-15
 2.19884e-14
 1.47216e-13
 8.24576e-13
 4.07603e-12
 1.80807e-11
 7.25978e-11
 2.65535e-10
 8.89302e-10
 2.73883e-09
 7.78408e-09
 2.04757e-08
 4.99653e-08
 1.13310e-07
 2.39096e-07
 4.69739e-07
 8.59202e-07
 1.46130e-06
 2.24011e-06
 2.90657e-06
 3.25614e-06
 3.38941e-06
 3.43047e-06
 3.45067e-06
 3.48832e-06
 3.57537e-06
 3.75161e-06
 4.05643e-06
 4.46709e-06
 4.82388e-06
 5.00339e-06
 5.04071e-06
 4.99116e-06
 4.85256e-06
 4.58723e-06
 4.16152e-06
 3.55231e-06
 2.75235e-06
 1.83581e-06
 1.09754e-06
 5.84080e-07
 1.69879e-07
 0.00000e+00
 0.00000e+00
 3.49602e-25
 2.45609e-23
 8.14391e-22
 1.72391e-20
 2.64284e-19
 3.14641e-18
 3.04093e-17
 1.66310e-15
 1.74373e-14
 1.20304e-13
 6.85620e-13
 3.43426e-12
 1.54139e-11
 6.25680e-11
 2.31195e-10
 7.81735e-10
 2.42923e-09
 6.96240e-09
 1.84586e-08
 4.53734e-08
 1.03594e-07
 2.19936e-07
 4.34412e-07
 7.97934e-07
 1.36027e-06
 2.04583e-06
 2.57088e-06
 2.80546e-06
 2.87409e-06
 2.86782e-06
 2.83391e-06
 2.82422e-06
 2.86784e-06
 2.99108e-06
 3.23592e-06
 3.61287e-06
 3.98730e-06
 4.19074e-06
 4.23808e-06
 4.21027e-06
 4.11055e-06
 3.89366e-06
 3.51707e-06
 2.95039e-06
 2.18872e-06
 1.37194e-06
 7.74522e-07
 3.94301e-07
 1.11337e-07
 0.00000e+00
 0.00000e+00
 1.38245e-25
 1.07057e-23
 3.76186e-22
 8.27406e-21
 1.30316e-19
 1.58266e-18
 1.55300e-17
 7.54894e-16
 1.30248e-14
 9.69076e-14
 5.63653e-13
 2.86426e-12
 1.30191e-11
 5.34643e-11
 1.99699e-10
 6.82051e-10
 2.13936e-09
 6.18505e-09
 1.65305e-08
 4.09391e-08
 9.41201e-08
 2.01109e-07
 3.99582e-07
 7.38016e-07
 1.26263e-06
 1.85431e-06
 2.25101e-06
 2.40020e-06
 2.42660e-06
 2.38155e-06
 2.28065e-06
 2.21021e-06
 2.21712e-06
 2.29769e-06
 2.49264e-06
 2.83441e-06
 3.22674e-06
 3.47718e-06
 3.55167e-06
 3.53966e-06
 3.45940e-06
 3.26732e-06
 2.91669e-06
 2.37258e-06
 1.65244e-06
 9.61626e-07
 5.17055e-07
 2.53262e-07
 6.97286e-08
 0.00000e+00
 0.00000e+00
 5.26894e-26
 4.58452e-24
 1.70840e-22
 3.89197e-21
 6.27373e-20
 7.74472e-19
 7.69133e-18
 6.35417e-17
 8.75123e-15
 7.33760e-14
 4.40283e-13
 2.27911e-12
 1.05174e-11
 4.37760e-11
 1.65530e-10
 5.71758e-10
 1.81209e-09
 5.28914e-09
 1.42609e-08
 3.56061e-08
 8.24769e-08
 1.77470e-07
 3.54973e-07
 6.60020e-07
 1.13218e-06
 1.62824e-06
 1.91836e-06
 2.00593e-06
 2.00058e-06
 1.91636e-06
 1.75518e-06
 1.63332e-06
 1.61367e-06
 1.66721e-06
 1.82316e-06
 2.12805e-06
 2.52575e-06
 2.81241e-06
 2.90841e-06
 2.90619e-06
 2.83533e-06
 2.65401e-06
 2.31195e-06
 1.77696e-06
 1.13827e-06
 6.19041e-07
 3.22115e-07
 1.53305e-07
 4.13746e-08
 0.00000e+00
 0.00000e+00
 1.93678e-26
 1.92659e-24
 7.59348e-23
 1.78361e-21
 2.93045e-20
 3.66447e-19
 3.67285e-18
 3.05508e-17
 5.49638e-15
 4.94142e-14
 3.04729e-13
 1.60768e-12
 7.55729e-12
 3.20159e-11
 1.23081e-10
 4.31737e-10
 1.38803e-09
 4.10541e-09
 1.12036e-08
 2.82799e-08
 6.61602e-08
 1.43661e-07
 2.89787e-07
 5.43240e-07
 9.34501e-07
 1.32466e-06
 1.52740e-06
 1.57386e-06
 1.54590e-06
 1.43171e-06
 1.24523e-06
 1.11317e-06
 1.08669e-06
 1.12382e-06
 1.24440e-06
 1.49245e-06
 1.84913e-06
 2.13507e-06
 2.23986e-06
 2.24062e-06
 2.17036e-06
 1.98927e-06
 1.65570e-06
 1.17417e-06
 6.92732e-07
 3.64352e-07
 1.86033e-07
 8.68240e-08
 2.31091e-08
 0.00000e+00
 0.00000e+00
 6.91568e-27
 8.01316e-25
 3.32808e-23
 8.02483e-22
 1.33915e-20
 1.69176e-19
 1.70776e-18
 1.42795e-17
 2.08616e-15
 2.63866e-14
 1.79144e-13
 9.74770e-13
 4.66840e-12
 2.01055e-11
 7.85222e-11
 2.79651e-10
 9.12233e-10
 2.73564e-09
 7.56482e-09
 1.93375e-08
 4.57828e-08
 1.00532e-07
 2.04897e-07
 3.87746e-07
 6.70863e-07
 9.48125e-07
 1.08491e-06
 1.11090e-06
 1.08032e-06
 9.75988e-07
 8.19755e-07
 7.16129e-07
 6.95884e-07
 7.22474e-07
 8.10697e-07
 9.93375e-07
 1.26830e-06
 1.49906e-06
 1.58436e-06
 1.58113e-06
 1.51386e-06
 1.34913e-06
 1.06253e-06
 6.98407e-07
 3.89998e-07
 2.02902e-07
 1.02262e-07
 4.69410e-08
 1.22420e-08
 0.00000e+00
 0.00000e+00
 2.31092e-27
 3.14623e-25
 1.36669e-23
 3.36465e-22
 5.68162e-21
 7.23197e-20
 7.33826e-19
 6.15886e-18
 4.38843e-17
 9.95174e-15
 8.50837e-14
 4.89684e-13
 2.38307e-12
 1.03354e-11
 4.05892e-11
 1.45374e-10
 4.77057e-10
 1.43956e-09
 4.00818e-09
 1.03220e-08
 2.46253e-08
 5.44860e-08
 1.11878e-07
 2.13176e-07
 3.71656e-07
 5.30836e-07
 6.13069e-07
 6.30539e-07
 6.14586e-07
 5.56470e-07
 4.67569e-07
 4.08177e-07
 3.97396e-07
 4.15685e-07
 4.74156e-07
 5.93491e-07
 7.63504e-07
 8.95609e-07
 9.38593e-07
 9.30342e-07
 8.79196e-07
 7.64243e-07
 5.77329e-07
 3.62226e-07
 1.96882e-07
 1.01242e-07
 5.03436e-08
 2.34349e-08
 6.56264e-09
 0.00000e+00
 0.00000e+00
 4.95094e-28
 7.63323e-26
 3.41196e-24
 8.50418e-23
 1.44566e-21
 1.84766e-20
 1.87984e-19
 1.58062e-18
 1.12774e-17
 2.40789e-15
 2.27126e-14
 1.36775e-13
 6.76593e-13
 2.95161e-12
 1.16230e-11
 4.17091e-11
 1.37117e-10
 4.14504e-10
 1.15566e-09
 2.97872e-09
 7.11091e-09
 1.57439e-08
 3.23680e-08
 6.17789e-08
 1.08297e-07
 1.56857e-07
 1.83662e-07
 1.90118e-07
 1.86064e-07
 1.69446e-07
 1.43084e-07
 1.25313e-07
 1.22483e-07
 1.29297e-07
 1.50284e-07
 1.92571e-07
 2.48806e-07
 2.87994e-07
 2.98391e-07
 2.93501e-07
 2.73617e-07
 2.32160e-07
 1.69347e-07
 1.02898e-07
 5.51666e-08
 2.81428e-08
 1.37760e-08
 6.85785e-09
 2.35480e-09
