Pressure
part
         1
hexa8
 1.00000e+00
 1.00000e+00
 1.00000e+00
 1.00000e+00
 1.00000e+00
 1.00000e+00
 1.00000e+00
 1.00000e+00
 1.00000e+00
 1.00000e+00
 1.00000e+00
 1.00000e+00
 1.00000e+00
 1.00000e+00
 1.00000e+00
 1.00000e+00
 1.00000e+00
 1.00000e+00
 1.00000e+00
 1.00000e+00
 1.00000e+00
 1.00000e+00
 1.00000e+00
 1.00000e+00
 1.00000e+00
 1.00000e+00
 1.00000e+00
 1.00000e+00
 1.00000e+00
 1.00000e+00
 1.00000e+00
 1.00000e+00
 1.00000e+00
 1.00000e+00
 1.00000e+00
 1.00000e+00
 1.00000e+00
 1.00000e+00
 1.00000e+00
 1.00000e+00
 1.00000e+00
 1.00000e+00
 1.00000e+00
 1.00000e+00
 1.00000e+00
 1.00000e+00
 1.00000e+00
 1.00000e+00
 1.00000e+00
 1.00000e+00
 1.00000e+00
 1.00000e+00
 1.00000e+00
 1.00000e+00
 1.00000e+00
 1.00000e+00
 1.00000e+00
 1.00000e+00
 1.00000e+00
 1.00000e+00
 1.00000e+00
 1.00000e+00
 1.00000e+00
 1.00000e+00
 1.00000e+00
 1.00000e+00
 1.00000e+00
 1.00000e+00
 1.00000e+00
 1.00000e+00
 1.00000e+00
 1.00000e+00
 1.00000e+00
 1.00000e+00
 1.00000e+00
 1.00000e+00
 1.00000e+00
 1.00000e+00
 1.00000e+00
 1.00000e+00
 1.00000e+00
 1.00000e+00
 1.00000e+00
 1.00000e+00
 1.00000e+00
 1.00000e+00
 1.00000e+00
 1.00000e+00
 1.00000e+00
 1.00000e+00
 1.00000e+00
 1.00000e+00
 1.00000e+00
 1.00000e+00
 1.00000e+00
 1.00000e+00
 1.00000e+00
 1.00000e+00
 1.00000e+00
 1.00000e+00
 1.00000e+00
 1.00000e+00
 1.00000e+00
 1.00000e+00
 1.00000e+00
 1.00000e+00
 1.00000e+00
 1.00000e+00
 1.00000e+00
 1.00000e+00
 1.00000e+00
 1.00000e+00
 1.00000e+00
 1.00000e+00
 1.00000e+00
 1.00000e+00
 1.00000e+00
 1.00000e+00
 1.00000e+00
 1.00000e+00
 1.00000e+00
 1.00000e+00
 1.00000e+00
 1.00000e+00
 1.00000e+00
 1.00000e+00
 1.00000e+00
 1.00000e+00
 1.00000e+00
 1.00000e+00
 1.00000e+00
 1.00000e+00
 1.00000e+00
 1.00000e+00
 1.00000e+00
 1.00000e+00
 1.00000e+00
 1.00000e+00
 1.00000e+00
 1.00000e+00
 1.00000e+00
 1.00000e+00
 1.00000e+00
 1.00000e+00
 1.00000e+00
 1.00000e+00
 1.00000e+00
 1.00000e+00
 1.00000e+00
 1.00000e+00
 1.00000e+00
 1.00000e+00
 1.00000e+00
 1.00000e+00
 1.00000e+00
 1.00000e+00
 1.00000e+00
 1.00000e+00
 1.00000e+00
 1.00000e+00
 1.00000e+00
 1.00000e+00
 1.00000e+00
 1.00000e+00
 1.00000e+00
 1.00000e+00
 1.00000e+00
 1.00000e+00
 1.00000e+00
 1.00000e+00
 1.00000e+00
 1.00000e+00
 1.00000e+00
 1.00000e+00
 1.00000e+00
 1.00000e+00
 1.00000e+00
 1.00000e+00
 1.00000e+00
 1.00000e+00
 1.00000e+00
 1.00000e+00
 1.00000e+00
 1.00000e+00
 1.00000e+00
 1.00000e+00
 1.00000e+00
 1.00000e+00
 1.00000e+00
 1.00000e+00
 1.00000e+00
 1.00000e+00
 1.00000e+00
 1.00000e+00
 1.00000e+00
 1.00000e+00
 1.00000e+00
 1.00000e+00
 1.00000e+00
 1.00000e+00
 1.00000e+00
 1.00000e+00
 1.00000e+00
 1.00000e+00
 1.00000e+00
 1.00000e+00
 1.00000e+00
 1.00000e+00
 1.00000e+00
 1.00000e+00
 1.00000e+00
 1.00000e+00
 1.00000e+00
 1.00000e+00
 1.00000e+00
 1.00000e+00
 1.00000e+00
 1.00000e+00
 1.00000e+00
 1.00000e+00
 1.00000e+00
 1.00000e+00
 1.00000e+00
 1.00000e+00
 1.00000e+00
 1.00000e+00
 1.00000e+00
 1.00000e+00
 1.00000e+00
 1.00000e+00
 1.00000e+00
 1.00000e+00
 1.00000e+00
 1.00000e+00
 1.00000e+00
 1.00000e+00
 1.00000e+00
 1.00000e+00
 1.00000e+00
 1.00000e+00
 1.00000e+00
 1.00000e+00
 1.00000e+00
 1.00000e+00
 1.00000e+00
 1.00000e+00
 1.00000e+00
 1.00000e+00
 1.00000e+00
 1.00000e+00
 1.00000e+00
 1.00000e+00
 1.00000e+00
 1.00000e+00
 1.00000e+00
 1.00000e+00
 1.00000e+00
 1.00000e+00
 1.00000e+00
 1.00000e+00
 1.00000e+00
 1.00000e+00
 1.00000e+00
 1.00000e+00
 1.00000e+00
 1.00000e+00
 1.00000e+00
 1.00000e+00
 1.00000e+00
 1.00000e+00
 1.00000e+00
 1.00000e+00
 1.00000e+00
 1.00000e+00
 1.00000e+00
 1.00000e+00
 1.00000e+00
 1.00000e+00
 1.00000e+00
 1.00000e+00
 1.00000e+00
 1.00000e+00
 1.00000e+00
 1.00000e+00
 1.00000e+00
 1.00000e+00
 1.00000e+00
 1.00000e+00
 1.00000e+00
 1.00000e+00
 1.00000e+00
 1.00000e+00
 1.00000e+00
 1.00000e+00
 1.00000e+00
 1.00000e+00
 1.00000e+00
 1.00000e+00
 1.00000e+00
 1.00000e+00
 1.00000e+00
 1.00000e+00
 1.00000e+00
 1.00000e+00
 1.00000e+00
 1.00000e+00
 1.00000e+00
 1.00000e+00
 1.00000e+00
 1.00000e+00
 1.00000e+00
 1.00000e+00
 1.00000e+00
 1.00000e+00
 1.00000e+00
 1.00000e+00
 1.00000e+00
 1.00000e+00
 1.00000e+00
 1.00000e+00
 1.00000e+00
 1.00000e+00
 1.00000e+00
 1.00000e+00
 1.00000e+00
 1.00000e+00
 1.00000e+00
 1.00000e+00
 1.00000e+00
 1.00000e+00
 1.00000e+00
 1.00000e+00
 1.00000e+00
 1.00000e+00
 1.00000e+00
 1.00000e+00
 1.00000e+00
 1.00000e+00
 1.00000e+00
 1.00000e+00
 1.00000e+00
 1.00000e+00
 1.00000e+00
 1.00000e+00
 1.00000e+00
 1.00000e+00
 1.00000e+00
 1.00000e+00
 1.00000e+00
 1.00000e+00
 1.00000e+00
 1.00000e+00
 1.00000e+00
 1.00000e+00
 1.00000e+00
 1.00000e+00
 1.00000e+00
 1.00000e+00
 1.00000e+00
 1.00000e+00
 1.00000e+00
 1.00000e+00
 1.00000e+00
 1.00000e+00
 1.00000e+00
 1.00000e+00
 1.00000e+00
 1.00000e+00
 1.00000e+00
 1.00000e+00
 1.00000e+00
 1.00000e+00
 1.00000e+00
 1.00000e+00
 1.00000e+00
 1.00000e+00
 1.00000e+00
 1.00000e+00
 1.00000e+00
 1.00000e+00
 1.00000e+00
 1.00000e+00
 1.00000e+00
 1.00000e+00
 1.00000e+00
 1.00000e+00
 1.00000e+00
 1.00000e+00
 1.00000e+00
 1.00000e+00
 1.00000e+00
 1.00000e+00
 1.00000e+00
 1.00000e+00
 1.00000e+00
 1.00000e+00
 1.00000e+00
 1.00000e+00
 1.00000e+00
 1.00000e+00
 1.00000e+00
 1.00000e+00
 1.00000e+00
 1.00000e+00
 1.00000e+00
 1.00000e+00
 1.00000e+00
 1.00000e+00
 1.00000e+00
 1.00000e+00
 1.00000e+00
 1.00000e+00
 1.00000e+00
 1.00000e+00
 1.00000e+00
 1.00000e+00
 1.00000e+00
 1.00000e+00
 1.00000e+00
 1.00000e+00
 1.00000e+00
 1.00000e+00
 1.00000e+00
 1.00000e+00
 1.00000e+00
 1.00000e+00
 1.00000e+00
 1.00000e+00
 1.00000e+00
 1.00000e+00
 1.00000e+00
 1.00000e+00
 1.00000e+00
 1.00000e+00
 1.00000e+00
 1.00000e+00
 1.00000e+00
 1.00000e+00
 1.00000e+00
 1.00000e+00
 1.00000e+00
 1.00000e+00
 1.00000e+00
 1.00000e+00
 1.00000e+00
 1.00000e+00
 1.00000e+00
 1.00000e+00
 1.00000e+00
 1.00000e+00
 9.99997e-01
 9.99997e-01
 9.99997e-01
 9.99997e-01
 9.99997e-01
 9.99997e-01
 9.99997e-01
 9.99997e-01
 9.99997e-01
 9.99997e-01
 9.99997e-01
 9.99997e-01
 9.99997e-01
 9.99997e-01
 9.99997e-01
 9.99997e-01
 9.99997e-01
 9.99997e-01
 9.99997e-01
 9.99997e-01
 9.99997e-01
 9.99997e-01
 9.99997e-01
 9.99997e-01
 9.99997e-01
 9.99987e-01
 9.99987e-01
 9.99987e-01
 9.99987e-01
 9.99987e-01
 9.99987e-01
 9.99987e-01
 9.99987e-01
 9.99987e-01
 9.99987e-01
 9.99987e-01
 9.99987e-01
 9.99987e-01
 9.99987e-01
 9.99987e-01
 9.99987e-01
 9.99987e-01
 9.99987e-01
 9.99987e-01
 9.99987e-01
 9.99987e-01
 9.99987e-01
 9.99987e-01
 9.99987e-01
 9.99987e-01
 9.99938e-01
 9.99938e-01
 9.99938e-01
 9.99938e-01
 9.99938e-01
 9.99938e-01
 9.99938e-01
 9.99938e-01
 9.99938e-01
 9.99938e-01
 9.99938e-01
 9.99938e-01
 9.99938e-01
 9.99938e-01
 9.99938e-01
 9.99938e-01
 9.99938e-01
 9.99938e-01
 9.99938e-01
 9.99938e-01
 9.99938e-01
 9.99938e-01
 9.99938e-01
 9.99938e-01
 9.99938e-01
 9.99742e-01
 9.99742e-01
 9.99742e-01
 9.99742e-01
 9.99742e-01
 9.99742e-01
 9.99742e-01
 9.99742e-01
 9.99742e-01
 9.99742e-01
 9.99742e-01
 9.99742e-01
 9.99742e-01
 9.99742e-01
 9.99742e-01
 9.99742e-01
 9.99742e-01
 9.99742e-01
 9.99742e-01
 9.99742e-01
 9.99742e-01
 9.99742e-01
 9.99742e-01
 9.99742e-01
 9.99742e-01
 9.99057e-01
 9.99057e-01
 9.99057e-01
 9.99057e-01
 9.99057e-01
 9.99057e-01
 9.99057e-01
 9.99057e-01
 9.99057e-01
 9.99057e-01
 9.99057e-01
 9.99057e-01
 9.99057e-01
 9.99057e-01
 9.99057e-01
 9.99057e-01
 9.99057e-01
 9.99057e-01
 9.99057e-01
 9.99057e-01
 9.99057e-01
 9.99057e-01
 9.99057e-01
 9.99057e-01
 9.99057e-01
 9.97005e-01
 9.97005e-01
 9.97005e-01
 9.97005e-01
 9.97005e-01
 9.97005e-01
 9.97005e-01
 9.97005e-01
 9.97005e-01
 9.97005e-01
 9.97005e-01
 9.97005e-01
 9.97005e-01
 9.97005e-01
 9.97005e-01
 9.97005e-01
 9.97005e-01
 9.97005e-01
 9.97005e-01
 9.97005e-01
 9.97005e-01
 9.97005e-01
 9.97005e-01
 9.97005e-01
 9.97005e-01
 9.91852e-01
 9.91852e-01
 9.91852e-01
 9.91852e-01
 9.91852e-01
 9.91852e-01
 9.91852e-01
 9.91852e-01
 9.91852e-01
 9.91852e-01
 9.91852e-01
 9.91852e-01
 9.91852e-01
 9.91852e-01
 9.91852e-01
 9.91852e-01
 9.91852e-01
 9.91852e-01
 9.91852e-01
 9.91852e-01
 9.91852e-01
 9.91852e-01
 9.91852e-01
 9.91852e-01
 9.91852e-01
part
         2
hexa8
 9.81163e-01
 9.81163e-01
 9.81163e-01
 9.81163e-01
 9.81163e-01
 9.81163e-01
 9.81163e-01
 9.81163e-01
 9.81163e-01
 9.81163e-01
 9.81163e-01
 9.81163e-01
 9.81163e-01
 9.81163e-01
 9.81163e-01
 9.81163e-01
 9.81163e-01
 9.81163e-01
 9.81163e-01
 9.81163e-01
 9.81163e-01
 9.81163e-01
 9.81163e-01
 9.81163e-01
 9.81163e-01
 9.62950e-01
 9.62950e-01
 9.62950e-01
 9.62950e-01
 9.62950e-01
 9.62950e-01
 9.62950e-01
 9.62950e-01
 9.62950e-01
 9.62950e-01
 9.62950e-01
 9.62950e-01
 9.62950e-01
 9.62950e-01
 9.62950e-01
 9.62950e-01
 9.62950e-01
 9.62950e-01
 9.62950e-01
 9.62950e-01
 9.62950e-01
 9.62950e-01
 9.62950e-01
 9.62950e-01
 9.62950e-01
 9.37053e-01
 9.37053e-01
 9.37053e-01
 9.37053e-01
 9.37053e-01
 9.37053e-01
 9.37053e-01
 9.37053e-01
 9.37053e-01
 9.37053e-01
 9.37053e-01
 9.37053e-01
 9.37053e-01
 9.37053e-01
 9.37053e-01
 9.37053e-01
 9.37053e-01
 9.37053e-01
 9.37053e-01
 9.37053e-01
 9.37053e-01
 9.37053e-01
 9.37053e-01
 9.37053e-01
 9.37053e-01
 9.05166e-01
 9.05166e-01
 9.05166e-01
 9.05166e-01
 9.05166e-01
 9.05166e-01
 9.05166e-01
 9.05166e-01
 9.05166e-01
 9.05166e-01
 9.05166e-01
 9.05166e-01
 9.05166e-01
 9.05166e-01
 9.05166e-01
 9.05166e-01
 9.05166e-01
 9.05166e-01
 9.05166e-01
 9.05166e-01
 9.05166e-01
 9.05166e-01
 9.05166e-01
 9.05166e-01
 9.05166e-01
 8.69564e-01
 8.69564e-01
 8.69564e-01
 8.69564e-01
 8.69564e-01
 8.69564e-01
 8.69564e-01
 8.69564e-01
 8.69564e-01
 8.69564e-01
 8.69564e-01
 8.69564e-01
 8.69564e-01
 8.69564e-01
 8.69564e-01
 8.69564e-01
 8.69564e-01
 8.69564e-01
 8.69564e-01
 8.69564e-01
 8.69564e-01
 8.69564e-01
 8.69564e-01
 8.69564e-01
 8.69564e-01
 8.32101e-01
 8.32101e-01
 8.32101e-01
 8.32101e-01
 8.32101e-01
 8.32101e-01
 8.32101e-01
 8.32101e-01
 8.32101e-01
 8.32101e-01
 8.32101e-01
 8.32101e-01
 8.32101e-01
 8.32101e-01
 8.32101e-01
 8.32101e-01
 8.32101e-01
 8.32101e-01
 8.32101e-01
 8.32101e-01
 8.32101e-01
 8.32101e-01
 8.32101e-01
 8.32101e-01
 8.32101e-01
 7.94017e-01
 7.94017e-01
 7.94017e-01
 7.94017e-01
 7.94017e-01
 7.94017e-01
 7.94017e-01
 7.94017e-01
 7.94017e-01
 7.94017e-01
 7.94017e-01
 7.94017e-01
 7.94017e-01
 7.94017e-01
 7.94017e-01
 7.94017e-01
 7.94017e-01
 7.94017e-01
 7.94017e-01
 7.94017e-01
 7.94017e-01
 7.94017e-01
 7.94017e-01
 7.94017e-01
 7.94017e-01
 7.56078e-01
 7.56078e-01
 7.56078e-01
 7.56078e-01
 7.56078e-01
 7.56078e-01
 7.56078e-01
 7.56078e-01
 7.56078e-01
 7.56078e-01
 7.56078e-01
 7.56078e-01
 7.56078e-01
 7.56078e-01
 7.56078e-01
 7.56078e-01
 7.56078e-01
 7.56078e-01
 7.56078e-01
 7.56078e-01
 7.56078e-01
 7.56078e-01
 7.56078e-01
 7.56078e-01
 7.56078e-01
 7.18739e-01
 7.18739e-01
 7.18739e-01
 7.18739e-01
 7.18739e-01
 7.18739e-01
 7.18739e-01
 7.18739e-01
 7.18739e-01
 7.18739e-01
 7.18739e-01
 7.18739e-01
 7.18739e-01
 7.18739e-01
 7.18739e-01
 7.18739e-01
 7.18739e-01
 7.18739e-01
 7.18739e-01
 7.18739e-01
 7.18739e-01
 7.18739e-01
 7.18739e-01
 7.18739e-01
 7.18739e-01
 6.82264e-01
 6.82264e-01
 6.82264e-01
 6.82264e-01
 6.82264e-01
 6.82264e-01
 6.82264e-01
 6.82264e-01
 6.82264e-01
 6.82264e-01
 6.82264e-01
 6.82264e-01
 6.82264e-01
 6.82264e-01
 6.82264e-01
 6.82264e-01
 6.82264e-01
 6.82264e-01
 6.82264e-01
 6.82264e-01
 6.82264e-01
 6.82264e-01
 6.82264e-01
 6.82264e-01
 6.82264e-01
 6.46806e-01
 6.46806e-01
 6.46806e-01
 6.46806e-01
 6.46806e-01
 6.46806e-01
 6.46806e-01
 6.46806e-01
 6.46806e-01
 6.46806e-01
 6.46806e-01
 6.46806e-01
 6.46806e-01
 6.46806e-01
 6.46806e-01
 6.46806e-01
 6.46806e-01
 6.46806e-01
 6.46806e-01
 6.46806e-01
 6.46806e-01
 6.46806e-01
 6.46806e-01
 6.46806e-01
 6.46806e-01
 6.12459e-01
 6.12459e-01
 6.12459e-01
 6.12459e-01
 6.12459e-01
 6.12459e-01
 6.12459e-01
 6.12459e-01
 6.12459e-01
 6.12459e-01
 6.12459e-01
 6.12459e-01
 6.12459e-01
 6.12459e-01
 6.12459e-01
 6.12459e-01
 6.12459e-01
 6.12459e-01
 6.12459e-01
 6.12459e-01
 6.12459e-01
 6.12459e-01
 6.12459e-01
 6.12459e-01
 6.12459e-01
 5.79284e-01
 5.79284e-01
 5.79284e-01
 5.79284e-01
 5.79284e-01
 5.79284e-01
 5.79284e-01
 5.79284e-01
 5.79284e-01
 5.79284e-01
 5.79284e-01
 5.79284e-01
 5.79284e-01
 5.79284e-01
 5.79284e-01
 5.79284e-01
 5.79284e-01
 5.79284e-01
 5.79284e-01
 5.79284e-01
 5.79284e-01
 5.79284e-01
 5.79284e-01
 5.79284e-01
 5.79284e-01
 5.47330e-01
 5.47330e-01
 5.47330e-01
 5.47330e-01
 5.47330e-01
 5.47330e-01
 5.47330e-01
 5.47330e-01
 5.47330e-01
 5.47330e-01
 5.47330e-01
 5.47330e-01
 5.47330e-01
 5.47330e-01
 5.47330e-01
 5.47330e-01
 5.47330e-01
 5.47330e-01
 5.47330e-01
 5.47330e-01
 5.47330e-01
 5.47330e-01
 5.47330e-01
 5.47330e-01
 5.47330e-01
 5.16633e-01
 5.16633e-01
 5.16633e-01
 5.16633e-01
 5.16633e-01
 5.16633e-01
 5.16633e-01
 5.16633e-01
 5.16633e-01
 5.16633e-01
 5.16633e-01
 5.16633e-01
 5.16633e-01
 5.16633e-01
 5.16633e-01
 5.16633e-01
 5.16633e-01
 5.16633e-01
 5.16633e-01
 5.16633e-01
 5.16633e-01
 5.16633e-01
 5.16633e-01
 5.16633e-01
 5.16633e-01
 4.87213e-01
 4.87213e-01
 4.87213e-01
 4.87213e-01
 4.87213e-01
 4.87213e-01
 4.87213e-01
 4.87213e-01
 4.87213e-01
 4.87213e-01
 4.87213e-01
 4.87213e-01
 4.87213e-01
 4.87213e-01
 4.87213e-01
 4.87213e-01
 4.87213e-01
 4.87213e-01
 4.87213e-01
 4.87213e-01
 4.87213e-01
 4.87213e-01
 4.87213e-01
 4.87213e-01
 4.87213e-01
 4.59055e-01
 4.59055e-01
 4.59055e-01
 4.59055e-01
 4.59055e-01
 4.59055e-01
 4.59055e-01
 4.59055e-01
 4.59055e-01
 4.59055e-01
 4.59055e-01
 4.59055e-01
 4.59055e-01
 4.59055e-01
 4.59055e-01
 4.59055e-01
 4.59055e-01
 4.59055e-01
 4.59055e-01
 4.59055e-01
 4.59055e-01
 4.59055e-01
 4.59055e-01
 4.59055e-01
 4.59055e-01
 4.32098e-01
 4.32098e-01
 4.32098e-01
 4.32098e-01
 4.32098e-01
 4.32098e-01
 4.32098e-01
 4.32098e-01
 4.32098e-01
 4.32098e-01
 4.32098e-01
 4.32098e-01
 4.32098e-01
 4.32098e-01
 4.32098e-01
 4.32098e-01
 4.32098e-01
 4.32098e-01
 4.32098e-01
 4.32098e-01
 4.32098e-01
 4.32098e-01
 4.32098e-01
 4.32098e-01
 4.32098e-01
 4.06191e-01
 4.06191e-01
 4.06191e-01
 4.06191e-01
 4.06191e-01
 4.06191e-01
 4.06191e-01
 4.06191e-01
 4.06191e-01
 4.06191e-01
 4.06191e-01
 4.06191e-01
 4.06191e-01
 4.06191e-01
 4.06191e-01
 4.06191e-01
 4.06191e-01
 4.06191e-01
 4.06191e-01
 4.06191e-01
 4.06191e-01
 4.06191e-01
 4.06191e-01
 4.06191e-01
 4.06191e-01
 3.80849e-01
 3.80849e-01
 3.80849e-01
 3.80849e-01
 3.80849e-01
 3.80849e-01
 3.80849e-01
 3.80849e-01
 3.80849e-01
 3.80849e-01
 3.80849e-01
 3.80849e-01
 3.80849e-01
 3.80849e-01
 3.80849e-01
 3.80849e-01
 3.80849e-01
 3.80849e-01
 3.80849e-01
 3.80849e-01
 3.80849e-01
 3.80849e-01
 3.80849e-01
 3.80849e-01
 3.80849e-01
 3.53658e-01
 3.53658e-01
 3.53658e-01
 3.53658e-01
 3.53658e-01
 3.53658e-01
 3.53658e-01
 3.53658e-01
 3.53658e-01
 3.53658e-01
 3.53658e-01
 3.53658e-01
 3.53658e-01
 3.53658e-01
 3.53658e-01
 3.53658e-01
 3.53658e-01
 3.53658e-01
 3.53658e-01
 3.53658e-01
 3.53658e-01
 3.53658e-01
 3.53658e-01
 3.53658e-01
 3.53658e-01
 3.09112e-01
 3.09112e-01
 3.09112e-01
 3.09112e-01
 3.09112e-01
 3.09112e-01
 3.09112e-01
 3.09112e-01
 3.09112e-01
 3.09112e-01
 3.09112e-01
 3.09112e-01
 3.09112e-01
 3.09112e-01
 3.09112e-01
 3.09112e-01
 3.09112e-01
 3.09112e-01
 3.09112e-01
 3.09112e-01
 3.09112e-01
 3.09112e-01
 3.09112e-01
 3.09112e-01
 3.09112e-01
 3.04999e-01
 3.04999e-01
 3.04999e-01
 3.04999e-01
 3.04999e-01
 3.04999e-01
 3.04999e-01
 3.04999e-01
 3.04999e-01
 3.04999e-01
 3.04999e-01
 3.04999e-01
 3.04999e-01
 3.04999e-01
 3.04999e-01
 3.04999e-01
 3.04999e-01
 3.04999e-01
 3.04999e-01
 3.04999e-01
 3.04999e-01
 3.04999e-01
 3.04999e-01
 3.04999e-01
 3.04999e-01
 3.04488e-01
 3.04488e-01
 3.04488e-01
 3.04488e-01
 3.04488e-01
 3.04488e-01
 3.04488e-01
 3.04488e-01
 3.04488e-01
 3.04488e-01
 3.04488e-01
 3.04488e-01
 3.04488e-01
 3.04488e-01
 3.04488e-01
 3.04488e-01
 3.04488e-01
 3.04488e-01
 3.04488e-01
 3.04488e-01
 3.04488e-01
 3.04488e-01
 3.04488e-01
 3.04488e-01
 3.04488e-01
 3.03040e-01
 3.03040e-01
 3.03040e-01
 3.03040e-01
 3.03040e-01
 3.03040e-01
 3.03040e-01
 3.03040e-01
 3.03040e-01
 3.03040e-01
 3.03040e-01
 3.03040e-01
 3.03040e-01
 3.03040e-01
 3.03040e-01
 3.03040e-01
 3.03040e-01
 3.03040e-01
 3.03040e-01
 3.03040e-01
 3.03040e-01
 3.03040e-01
 3.03040e-01
 3.03040e-01
 3.03040e-01
part
         3
hexa8
 3.00481e-01
 3.00481e-01
 3.00481e-01
 3.00481e-01
 3.00481e-01
 3.00481e-01
 3.00481e-01
 3.00481e-01
 3.00481e-01
 3.00481e-01
 3.00481e-01
 3.00481e-01
 3.00481e-01
 3.00481e-01
 3.00481e-01
 3.00481e-01
 3.00481e-01
 3.00481e-01
 3.00481e-01
 3.00481e-01
 3.00481e-01
 3.00481e-01
 3.00481e-01
 3.00481e-01
 3.00481e-01
 2.98724e-01
 2.98724e-01
 2.98724e-01
 2.98724e-01
 2.98724e-01
 2.98724e-01
 2.98724e-01
 2.98724e-01
 2.98724e-01
 2.98724e-01
 2.98724e-01
 2.98724e-01
 2.98724e-01
 2.98724e-01
 2.98724e-01
 2.98724e-01
 2.98724e-01
 2.98724e-01
 2.98724e-01
 2.98724e-01
 2.98724e-01
 2.98724e-01
 2.98724e-01
 2.98724e-01
 2.98724e-01
 2.99226e-01
 2.99226e-01
 2.99226e-01
 2.99226e-01
 2.99226e-01
 2.99226e-01
 2.99226e-01
 2.99226e-01
 2.99226e-01
 2.99226e-01
 2.99226e-01
 2.99226e-01
 2.99226e-01
 2.99226e-01
 2.99226e-01
 2.99226e-01
 2.99226e-01
 2.99226e-01
 2.99226e-01
 2.99226e-01
 2.99226e-01
 2.99226e-01
 2.99226e-01
 2.99226e-01
 2.99226e-01
 2.99381e-01
 2.99381e-01
 2.99381e-01
 2.99381e-01
 2.99381e-01
 2.99381e-01
 2.99381e-01
 2.99381e-01
 2.99381e-01
 2.99381e-01
 2.99381e-01
 2.99381e-01
 2.99381e-01
 2.99381e-01
 2.99381e-01
 2.99381e-01
 2.99381e-01
 2.99381e-01
 2.99381e-01
 2.99381e-01
 2.99381e-01
 2.99381e-01
 2.99381e-01
 2.99381e-01
 2.99381e-01
 2.99232e-01
 2.99232e-01
 2.99232e-01
 2.99232e-01
 2.99232e-01
 2.99232e-01
 2.99232e-01
 2.99232e-01
 2.99232e-01
 2.99232e-01
 2.99232e-01
 2.99232e-01
 2.99232e-01
 2.99232e-01
 2.99232e-01
 2.99232e-01
 2.99232e-01
 2.99232e-01
 2.99232e-01
 2.99232e-01
 2.99232e-01
 2.99232e-01
 2.99232e-01
 2.99232e-01
 2.99232e-01
 2.99249e-01
 2.99249e-01
 2.99249e-01
 2.99249e-01
 2.99249e-01
 2.99249e-01
 2.99249e-01
 2.99249e-01
 2.99249e-01
 2.99249e-01
 2.99249e-01
 2.99249e-01
 2.99249e-01
 2.99249e-01
 2.99249e-01
 2.99249e-01
 2.99249e-01
 2.99249e-01
 2.99249e-01
 2.99249e-01
 2.99249e-01
 2.99249e-01
 2.99249e-01
 2.99249e-01
 2.99249e-01
 2.99670e-01
 2.99670e-01
 2.99670e-01
 2.99670e-01
 2.99670e-01
 2.99670e-01
 2.99670e-01
 2.99670e-01
 2.99670e-01
 2.99670e-01
 2.99670e-01
 2.99670e-01
 2.99670e-01
 2.99670e-01
 2.99670e-01
 2.99670e-01
 2.99670e-01
 2.99670e-01
 2.99670e-01
 2.99670e-01
 2.99670e-01
 2.99670e-01
 2.99670e-01
 2.99670e-01
 2.99670e-01
 3.00698e-01
 3.00698e-01
 3.00698e-01
 3.00698e-01
 3.00698e-01
 3.00698e-01
 3.00698e-01
 3.00698e-01
 3.00698e-01
 3.00698e-01
 3.00698e-01
 3.00698e-01
 3.00698e-01
 3.00698e-01
 3.00698e-01
 3.00698e-01
 3.00698e-01
 3.00698e-01
 3.00698e-01
 3.00698e-01
 3.00698e-01
 3.00698e-01
 3.00698e-01
 3.00698e-01
 3.00698e-01
 3.01836e-01
 3.01836e-01
 3.01836e-01
 3.01836e-01
 3.01836e-01
 3.01836e-01
 3.01836e-01
 3.01836e-01
 3.01836e-01
 3.01836e-01
 3.01836e-01
 3.01836e-01
 3.01836e-01
 3.01836e-01
 3.01836e-01
 3.01836e-01
 3.01836e-01
 3.01836e-01
 3.01836e-01
 3.01836e-01
 3.01836e-01
 3.01836e-01
 3.01836e-01
 3.01836e-01
 3.01836e-01
 3.02653e-01
 3.02653e-01
 3.02653e-01
 3.02653e-01
 3.02653e-01
 3.02653e-01
 3.02653e-01
 3.02653e-01
 3.02653e-01
 3.02653e-01
 3.02653e-01
 3.02653e-01
 3.02653e-01
 3.02653e-01
 3.02653e-01
 3.02653e-01
 3.02653e-01
 3.02653e-01
 3.02653e-01
 3.02653e-01
 3.02653e-01
 3.02653e-01
 3.02653e-01
 3.02653e-01
 3.02653e-01
 3.03008e-01
 3.03008e-01
 3.03008e-01
 3.03008e-01
 3.03008e-01
 3.03008e-01
 3.03008e-01
 3.03008e-01
 3.03008e-01
 3.03008e-01
 3.03008e-01
 3.03008e-01
 3.03008e-01
 3.03008e-01
 3.03008e-01
 3.03008e-01
 3.03008e-01
 3.03008e-01
 3.03008e-01
 3.03008e-01
 3.03008e-01
 3.03008e-01
 3.03008e-01
 3.03008e-01
 3.03008e-01
 3.03062e-01
 3.03062e-01
 3.03062e-01
 3.03062e-01
 3.03062e-01
 3.03062e-01
 3.03062e-01
 3.03062e-01
 3.03062e-01
 3.03062e-01
 3.03062e-01
 3.03062e-01
 3.03062e-01
 3.03062e-01
 3.03062e-01
 3.03062e-01
 3.03062e-01
 3.03062e-01
 3.03062e-01
 3.03062e-01
 3.03062e-01
 3.03062e-01
 3.03062e-01
 3.03062e-01
 3.03062e-01
 3.03226e-01
 3.03226e-01
 3.03226e-01
 3.03226e-01
 3.03226e-01
 3.03226e-01
 3.03226e-01
 3.03226e-01
 3.03226e-01
 3.03226e-01
 3.03226e-01
 3.03226e-01
 3.03226e-01
 3.03226e-01
 3.03226e-01
 3.03226e-01
 3.03226e-01
 3.03226e-01
 3.03226e-01
 3.03226e-01
 3.03226e-01
 3.03226e-01
 3.03226e-01
 3.03226e-01
 3.03226e-01
 3.03540e-01
 3.03540e-01
 3.03540e-01
 3.03540e-01
 3.03540e-01
 3.03540e-01
 3.03540e-01
 3.03540e-01
 3.03540e-01
 3.03540e-01
 3.03540e-01
 3.03540e-01
 3.03540e-01
 3.03540e-01
 3.03540e-01
 3.03540e-01
 3.03540e-01
 3.03540e-01
 3.03540e-01
 3.03540e-01
 3.03540e-01
 3.03540e-01
 3.03540e-01
 3.03540e-01
 3.03540e-01
 3.03829e-01
 3.03829e-01
 3.03829e-01
 3.03829e-01
 3.03829e-01
 3.03829e-01
 3.03829e-01
 3.03829e-01
 3.03829e-01
 3.03829e-01
 3.03829e-01
 3.03829e-01
 3.03829e-01
 3.03829e-01
 3.03829e-01
 3.03829e-01
 3.03829e-01
 3.03829e-01
 3.03829e-01
 3.03829e-01
 3.03829e-01
 3.03829e-01
 3.03829e-01
 3.03829e-01
 3.03829e-01
 3.03991e-01
 3.03991e-01
 3.03991e-01
 3.03991e-01
 3.03991e-01
 3.03991e-01
 3.03991e-01
 3.03991e-01
 3.03991e-01
 3.03991e-01
 3.03991e-01
 3.03991e-01
 3.03991e-01
 3.03991e-01
 3.03991e-01
 3.03991e-01
 3.03991e-01
 3.03991e-01
 3.03991e-01
 3.03991e-01
 3.03991e-01
 3.03991e-01
 3.03991e-01
 3.03991e-01
 3.03991e-01
 3.04037e-01
 3.04037e-01
 3.04037e-01
 3.04037e-01
 3.04037e-01
 3.04037e-01
 3.04037e-01
 3.04037e-01
 3.04037e-01
 3.04037e-01
 3.04037e-01
 3.04037e-01
 3.04037e-01
 3.04037e-01
 3.04037e-01
 3.04037e-01
 3.04037e-01
 3.04037e-01
 3.04037e-01
 3.04037e-01
 3.04037e-01
 3.04037e-01
 3.04037e-01
 3.04037e-01
 3.04037e-01
 3.04036e-01
 3.04036e-01
 3.04036e-01
 3.04036e-01
 3.04036e-01
 3.04036e-01
 3.04036e-01
 3.04036e-01
 3.04036e-01
 3.04036e-01
 3.04036e-01
 3.04036e-01
 3.04036e-01
 3.04036e-01
 3.04036e-01
 3.04036e-01
 3.04036e-01
 3.04036e-01
 3.04036e-01
 3.04036e-01
 3.04036e-01
 3.04036e-01
 3.04036e-01
 3.04036e-01
 3.04036e-01
 3.04075e-01
 3.04075e-01
 3.04075e-01
 3.04075e-01
 3.04075e-01
 3.04075e-01
 3.04075e-01
 3.04075e-01
 3.04075e-01
 3.04075e-01
 3.04075e-01
 3.04075e-01
 3.04075e-01
 3.04075e-01
 3.04075e-01
 3.04075e-01
 3.04075e-01
 3.04075e-01
 3.04075e-01
 3.04075e-01
 3.04075e-01
 3.04075e-01
 3.04075e-01
 3.04075e-01
 3.04075e-01
 3.04177e-01
 3.04177e-01
 3.04177e-01
 3.04177e-01
 3.04177e-01
 3.04177e-01
 3.04177e-01
 3.04177e-01
 3.04177e-01
 3.04177e-01
 3.04177e-01
 3.04177e-01
 3.04177e-01
 3.04177e-01
 3.04177e-01
 3.04177e-01
 3.04177e-01
 3.04177e-01
 3.04177e-01
 3.04177e-01
 3.04177e-01
 3.04177e-01
 3.04177e-01
 3.04177e-01
 3.04177e-01
 3.04321e-01
 3.04321e-01
 3.04321e-01
 3.04321e-01
 3.04321e-01
 3.04321e-01
 3.04321e-01
 3.04321e-01
 3.04321e-01
 3.04321e-01
 3.04321e-01
 3.04321e-01
 3.04321e-01
 3.04321e-01
 3.04321e-01
 3.04321e-01
 3.04321e-01
 3.04321e-01
 3.04321e-01
 3.04321e-01
 3.04321e-01
 3.04321e-01
 3.04321e-01
 3.04321e-01
 3.04321e-01
 3.04402e-01
 3.04402e-01
 3.04402e-01
 3.04402e-01
 3.04402e-01
 3.04402e-01
 3.04402e-01
 3.04402e-01
 3.04402e-01
 3.04402e-01
 3.04402e-01
 3.04402e-01
 3.04402e-01
 3.04402e-01
 3.04402e-01
 3.04402e-01
 3.04402e-01
 3.04402e-01
 3.04402e-01
 3.04402e-01
 3.04402e-01
 3.04402e-01
 3.04402e-01
 3.04402e-01
 3.04402e-01
 3.04433e-01
 3.04433e-01
 3.04433e-01
 3.04433e-01
 3.04433e-01
 3.04433e-01
 3.04433e-01
 3.04433e-01
 3.04433e-01
 3.04433e-01
 3.04433e-01
 3.04433e-01
 3.04433e-01
 3.04433e-01
 3.04433e-01
 3.04433e-01
 3.04433e-01
 3.04433e-01
 3.04433e-01
 3.04433e-01
 3.04433e-01
 3.04433e-01
 3.04433e-01
 3.04433e-01
 3.04433e-01
 3.04447e-01
 3.04447e-01
 3.04447e-01
 3.04447e-01
 3.04447e-01
 3.04447e-01
 3.04447e-01
 3.04447e-01
 3.04447e-01
 3.04447e-01
 3.04447e-01
 3.04447e-01
 3.04447e-01
 3.04447e-01
 3.04447e-01
 3.04447e-01
 3.04447e-01
 3.04447e-01
 3.04447e-01
 3.04447e-01
 3.04447e-01
 3.04447e-01
 3.04447e-01
 3.04447e-01
 3.04447e-01
 3.04470e-01
 3.04470e-01
 3.04470e-01
 3.04470e-01
 3.04470e-01
 3.04470e-01
 3.04470e-01
 3.04470e-01
 3.04470e-01
 3.04470e-01
 3.04470e-01
 3.04470e-01
 3.04470e-01
 3.04470e-01
 3.04470e-01
 3.04470e-01
 3.04470e-01
 3.04470e-01
 3.04470e-01
 3.04470e-01
 3.04470e-01
 3.04470e-01
 3.04470e-01
 3.04470e-01
 3.04470e-01
part
         4
hexa8
 3.04575e-01
 3.04575e-01
 3.04575e-01
 3.04575e-01
 3.04575e-01
 3.04575e-01
 3.04575e-01
 3.04575e-01
 3.04575e-01
 3.04575e-01
 3.04575e-01
 3.04575e-01
 3.04575e-01
 3.04575e-01
 3.04575e-01
 3.04575e-01
 3.04575e-01
 3.04575e-01
 3.04575e-01
 3.04575e-01
 3.04575e-01
 3.04575e-01
 3.04575e-01
 3.04575e-01
 3.04575e-01
 3.04658e-01
 3.04658e-01
 3.04658e-01
 3.04658e-01
 3.04658e-01
 3.04658e-01
 3.04658e-01
 3.04658e-01
 3.04658e-01
 3.04658e-01
 3.04658e-01
 3.04658e-01
 3.04658e-01
 3.04658e-01
 3.04658e-01
 3.04658e-01
 3.04658e-01
 3.04658e-01
 3.04658e-01
 3.04658e-01
 3.04658e-01
 3.04658e-01
 3.04658e-01
 3.04658e-01
 3.04658e-01
 3.04650e-01
 3.04650e-01
 3.04650e-01
 3.04650e-01
 3.04650e-01
 3.04650e-01
 3.04650e-01
 3.04650e-01
 3.04650e-01
 3.04650e-01
 3.04650e-01
 3.04650e-01
 3.04650e-01
 3.04650e-01
 3.04650e-01
 3.04650e-01
 3.04650e-01
 3.04650e-01
 3.04650e-01
 3.04650e-01
 3.04650e-01
 3.04650e-01
 3.04650e-01
 3.04650e-01
 3.04650e-01
 3.04488e-01
 3.04488e-01
 3.04488e-01
 3.04488e-01
 3.04488e-01
 3.04488e-01
 3.04488e-01
 3.04488e-01
 3.04488e-01
 3.04488e-01
 3.04488e-01
 3.04488e-01
 3.04488e-01
 3.04488e-01
 3.04488e-01
 3.04488e-01
 3.04488e-01
 3.04488e-01
 3.04488e-01
 3.04488e-01
 3.04488e-01
 3.04488e-01
 3.04488e-01
 3.04488e-01
 3.04488e-01
 3.04071e-01
 3.04071e-01
 3.04071e-01
 3.04071e-01
 3.04071e-01
 3.04071e-01
 3.04071e-01
 3.04071e-01
 3.04071e-01
 3.04071e-01
 3.04071e-01
 3.04071e-01
 3.04071e-01
 3.04071e-01
 3.04071e-01
 3.04071e-01
 3.04071e-01
 3.04071e-01
 3.04071e-01
 3.04071e-01
 3.04071e-01
 3.04071e-01
 3.04071e-01
 3.04071e-01
 3.04071e-01
 3.02529e-01
 3.02529e-01
 3.02529e-01
 3.02529e-01
 3.02529e-01
 3.02529e-01
 3.02529e-01
 3.02529e-01
 3.02529e-01
 3.02529e-01
 3.02529e-01
 3.02529e-01
 3.02529e-01
 3.02529e-01
 3.02529e-01
 3.02529e-01
 3.02529e-01
 3.02529e-01
 3.02529e-01
 3.02529e-01
 3.02529e-01
 3.02529e-01
 3.02529e-01
 3.02529e-01
 3.02529e-01
 2.98806e-01
 2.98806e-01
 2.98806e-01
 2.98806e-01
 2.98806e-01
 2.98806e-01
 2.98806e-01
 2.98806e-01
 2.98806e-01
 2.98806e-01
 2.98806e-01
 2.98806e-01
 2.98806e-01
 2.98806e-01
 2.98806e-01
 2.98806e-01
 2.98806e-01
 2.98806e-01
 2.98806e-01
 2.98806e-01
 2.98806e-01
 2.98806e-01
 2.98806e-01
 2.98806e-01
 2.98806e-01
 2.86815e-01
 2.86815e-01
 2.86815e-01
 2.86815e-01
 2.86815e-01
 2.86815e-01
 2.86815e-01
 2.86815e-01
 2.86815e-01
 2.86815e-01
 2.86815e-01
 2.86815e-01
 2.86815e-01
 2.86815e-01
 2.86815e-01
 2.86815e-01
 2.86815e-01
 2.86815e-01
 2.86815e-01
 2.86815e-01
 2.86815e-01
 2.86815e-01
 2.86815e-01
 2.86815e-01
 2.86815e-01
 2.64102e-01
 2.64102e-01
 2.64102e-01
 2.64102e-01
 2.64102e-01
 2.64102e-01
 2.64102e-01
 2.64102e-01
 2.64102e-01
 2.64102e-01
 2.64102e-01
 2.64102e-01
 2.64102e-01
 2.64102e-01
 2.64102e-01
 2.64102e-01
 2.64102e-01
 2.64102e-01
 2.64102e-01
 2.64102e-01
 2.64102e-01
 2.64102e-01
 2.64102e-01
 2.64102e-01
 2.64102e-01
 2.24901e-01
 2.24901e-01
 2.24901e-01
 2.24901e-01
 2.24901e-01
 2.24901e-01
 2.24901e-01
 2.24901e-01
 2.24901e-01
 2.24901e-01
 2.24901e-01
 2.24901e-01
 2.24901e-01
 2.24901e-01
 2.24901e-01
 2.24901e-01
 2.24901e-01
 2.24901e-01
 2.24901e-01
 2.24901e-01
 2.24901e-01
 2.24901e-01
 2.24901e-01
 2.24901e-01
 2.24901e-01
 1.82406e-01
 1.82406e-01
 1.82406e-01
 1.82406e-01
 1.82406e-01
 1.82406e-01
 1.82406e-01
 1.82406e-01
 1.82406e-01
 1.82406e-01
 1.82406e-01
 1.82406e-01
 1.82406e-01
 1.82406e-01
 1.82406e-01
 1.82406e-01
 1.82406e-01
 1.82406e-01
 1.82406e-01
 1.82406e-01
 1.82406e-01
 1.82406e-01
 1.82406e-01
 1.82406e-01
 1.82406e-01
 1.44047e-01
 1.44047e-01
 1.44047e-01
 1.44047e-01
 1.44047e-01
 1.44047e-01
 1.44047e-01
 1.44047e-01
 1.44047e-01
 1.44047e-01
 1.44047e-01
 1.44047e-01
 1.44047e-01
 1.44047e-01
 1.44047e-01
 1.44047e-01
 1.44047e-01
 1.44047e-01
 1.44047e-01
 1.44047e-01
 1.44047e-01
 1.44047e-01
 1.44047e-01
 1.44047e-01
 1.44047e-01
 1.19751e-01
 1.19751e-01
 1.19751e-01
 1.19751e-01
 1.19751e-01
 1.19751e-01
 1.19751e-01
 1.19751e-01
 1.19751e-01
 1.19751e-01
 1.19751e-01
 1.19751e-01
 1.19751e-01
 1.19751e-01
 1.19751e-01
 1.19751e-01
 1.19751e-01
 1.19751e-01
 1.19751e-01
 1.19751e-01
 1.19751e-01
 1.19751e-01
 1.19751e-01
 1.19751e-01
 1.19751e-01
 1.07219e-01
 1.07219e-01
 1.07219e-01
 1.07219e-01
 1.07219e-01
 1.07219e-01
 1.07219e-01
 1.07219e-01
 1.07219e-01
 1.07219e-01
 1.07219e-01
 1.07219e-01
 1.07219e-01
 1.07219e-01
 1.07219e-01
 1.07219e-01
 1.07219e-01
 1.07219e-01
 1.07219e-01
 1.07219e-01
 1.07219e-01
 1.07219e-01
 1.07219e-01
 1.07219e-01
 1.07219e-01
 1.02168e-01
 1.02168e-01
 1.02168e-01
 1.02168e-01
 1.02168e-01
 1.02168e-01
 1.02168e-01
 1.02168e-01
 1.02168e-01
 1.02168e-01
 1.02168e-01
 1.02168e-01
 1.02168e-01
 1.02168e-01
 1.02168e-01
 1.02168e-01
 1.02168e-01
 1.02168e-01
 1.02168e-01
 1.02168e-01
 1.02168e-01
 1.02168e-01
 1.02168e-01
 1.02168e-01
 1.02168e-01
 1.00575e-01
 1.00575e-01
 1.00575e-01
 1.00575e-01
 1.00575e-01
 1.00575e-01
 1.00575e-01
 1.00575e-01
 1.00575e-01
 1.00575e-01
 1.00575e-01
 1.00575e-01
 1.00575e-01
 1.00575e-01
 1.00575e-01
 1.00575e-01
 1.00575e-01
 1.00575e-01
 1.00575e-01
 1.00575e-01
 1.00575e-01
 1.00575e-01
 1.00575e-01
 1.00575e-01
 1.00575e-01
 1.00145e-01
 1.00145e-01
 1.00145e-01
 1.00145e-01
 1.00145e-01
 1.00145e-01
 1.00145e-01
 1.00145e-01
 1.00145e-01
 1.00145e-01
 1.00145e-01
 1.00145e-01
 1.00145e-01
 1.00145e-01
 1.00145e-01
 1.00145e-01
 1.00145e-01
 1.00145e-01
 1.00145e-01
 1.00145e-01
 1.00145e-01
 1.00145e-01
 1.00145e-01
 1.00145e-01
 1.00145e-01
 1.00036e-01
 1.00036e-01
 1.00036e-01
 1.00036e-01
 1.00036e-01
 1.00036e-01
 1.00036e-01
 1.00036e-01
 1.00036e-01
 1.00036e-01
 1.00036e-01
 1.00036e-01
 1.00036e-01
 1.00036e-01
 1.00036e-01
 1.00036e-01
 1.00036e-01
 1.00036e-01
 1.00036e-01
 1.00036e-01
 1.00036e-01
 1.00036e-01
 1.00036e-01
 1.00036e-01
 1.00036e-01
 1.00009e-01
 1.00009e-01
 1.00009e-01
 1.00009e-01
 1.00009e-01
 1.00009e-01
 1.00009e-01
 1.00009e-01
 1.00009e-01
 1.00009e-01
 1.00009e-01
 1.00009e-01
 1.00009e-01
 1.00009e-01
 1.00009e-01
 1.00009e-01
 1.00009e-01
 1.00009e-01
 1.00009e-01
 1.00009e-01
 1.00009e-01
 1.00009e-01
 1.00009e-01
 1.00009e-01
 1.00009e-01
 1.00002e-01
 1.00002e-01
 1.00002e-01
 1.00002e-01
 1.00002e-01
 1.00002e-01
 1.00002e-01
 1.00002e-01
 1.00002e-01
 1.00002e-01
 1.00002e-01
 1.00002e-01
 1.00002e-01
 1.00002e-01
 1.00002e-01
 1.00002e-01
 1.00002e-01
 1.00002e-01
 1.00002e-01
 1.00002e-01
 1.00002e-01
 1.00002e-01
 1.00002e-01
 1.00002e-01
 1.00002e-01
 1.00000e-01
 1.00000e-01
 1.00000e-01
 1.00000e-01
 1.00000e-01
 1.00000e-01
 1.00000e-01
 1.00000e-01
 1.00000e-01
 1.00000e-01
 1.00000e-01
 1.00000e-01
 1.00000e-01
 1.00000e-01
 1.00000e-01
 1.00000e-01
 1.00000e-01
 1.00000e-01
 1.00000e-01
 1.00000e-01
 1.00000e-01
 1.00000e-01
 1.00000e-01
 1.00000e-01
 1.00000e-01
 1.00000e-01
 1.00000e-01
 1.00000e-01
 1.00000e-01
 1.00000e-01
 1.00000e-01
 1.00000e-01
 1.00000e-01
 1.00000e-01
 1.00000e-01
 1.00000e-01
 1.00000e-01
 1.00000e-01
 1.00000e-01
 1.00000e-01
 1.00000e-01
 1.00000e-01
 1.00000e-01
 1.00000e-01
 1.00000e-01
 1.00000e-01
 1.00000e-01
 1.00000e-01
 1.00000e-01
 1.00000e-01
 1.00000e-01
 1.00000e-01
 1.00000e-01
 1.00000e-01
 1.00000e-01
 1.00000e-01
 1.00000e-01
 1.00000e-01
 1.00000e-01
 1.00000e-01
 1.00000e-01
 1.00000e-01
 1.00000e-01
 1.00000e-01
 1.00000e-01
 1.00000e-01
 1.00000e-01
 1.00000e-01
 1.00000e-01
 1.00000e-01
 1.00000e-01
 1.00000e-01
 1.00000e-01
 1.00000e-01
 1.00000e-01
 1.00000e-01
 1.00000e-01
 1.00000e-01
 1.00000e-01
 1.00000e-01
 1.00000e-01
 1.00000e-01
 1.00000e-01
 1.00000e-01
 1.00000e-01
 1.00000e-01
 1.00000e-01
 1.00000e-01
 1.00000e-01
 1.00000e-01
 1.00000e-01
 1.00000e-01
 1.00000e-01
 1.00000e-01
 1.00000e-01
 1.00000e-01
 1.00000e-01
 1.00000e-01
 1.00000e-01
 1.00000e-01
 1.00000e-01
 1.00000e-01
 1.00000e-01
 1.00000e-01
 1.00000e-01
 1.00000e-01
 1.00000e-01
 1.00000e-01
 1.00000e-01
 1.00000e-01
 1.00000e-01
 1.00000e-01
 1.00000e-01
 1.00000e-01
 1.00000e-01
 1.00000e-01
 1.00000e-01
 1.00000e-01
 1.00000e-01
 1.00000e-01
 1.00000e-01
 1.00000e-01
 1.00000e-01
 1.00000e-01
 1.00000e-01
