PseudoViscosity
part
         1
hexa8
 9.71576e-16
 9.71576e-16
 9.06238e-33
 9.71576e-16
 9.71576e-16
 2.90196e-32
 2.34118e-31
 9.71576e-16
 3.60383e-31
 0.00000e+00
 0.00000e+00
 0.00000e+00
 0.00000e+00
 0.00000e+00
 0.00000e+00
 0.00000e+00
 0.00000e+00
 0.00000e+00
 0.00000e+00
 0.00000e+00
 0.00000e+00
 0.00000e+00
 0.00000e+00
 0.00000e+00
 0.00000e+00
 2.51270e-31
 1.08273e-48
 1.33865e-32
 1.09619e-31
 2.06288e-32
 9.71576e-16
 9.71576e-16
 5.94724e-31
 4.82531e-48
 0.00000e+00
 0.00000e+00
 0.00000e+00
 0.00000e+00
 0.00000e+00
 0.00000e+00
 0.00000e+00
 0.00000e+00
 0.00000e+00
 0.00000e+00
 0.00000e+00
 0.00000e+00
 0.00000e+00
 0.00000e+00
 0.00000e+00
 0.00000e+00
 1.94315e-15
 1.50603e-32
 9.71576e-16
 9.71576e-16
 0.00000e+00
 1.25118e-31
 3.43848e-46
 9.71576e-16
 0.00000e+00
 0.00000e+00
 0.00000e+00
 0.00000e+00
 0.00000e+00
 0.00000e+00
 0.00000e+00
 0.00000e+00
 0.00000e+00
 0.00000e+00
 0.00000e+00
 0.00000e+00
 0.00000e+00
 0.00000e+00
 0.00000e+00
 0.00000e+00
 0.00000e+00
 3.58999e-32
 1.37186e-48
 1.94315e-15
 3.93263e-31
 0.00000e+00
 1.94315e-15
 1.55995e-30
 1.31747e-31
 0.00000e+00
 0.00000e+00
 0.00000e+00
 0.00000e+00
 0.00000e+00
 0.00000e+00
 0.00000e+00
 0.00000e+00
 0.00000e+00
 0.00000e+00
 0.00000e+00
 0.00000e+00
 0.00000e+00
 0.00000e+00
 0.00000e+00
 0.00000e+00
 0.00000e+00
 0.00000e+00
 0.00000e+00
 2.40278e-31
 0.00000e+00
 0.00000e+00
 3.44428e-31
 7.52127e-31
 1.94315e-15
 9.71576e-16
 1.05928e-31
 0.00000e+00
 0.00000e+00
 0.00000e+00
 0.00000e+00
 0.00000e+00
 0.00000e+00
 0.00000e+00
 0.00000e+00
 0.00000e+00
 0.00000e+00
 0.00000e+00
 0.00000e+00
 0.00000e+00
 0.00000e+00
 0.00000e+00
 9.71576e-16
 0.00000e+00
 1.38852e-31
 8.87303e-32
 0.00000e+00
 0.00000e+00
 2.97334e-31
 9.71576e-16
 3.56296e-31
 0.00000e+00
 0.00000e+00
 0.00000e+00
 0.00000e+00
 0.00000e+00
 0.00000e+00
 0.00000e+00
 0.00000e+00
 0.00000e+00
 0.00000e+00
 0.00000e+00
 0.00000e+00
 0.00000e+00
 0.00000e+00
 0.00000e+00
 0.00000e+00
 1.52981e-32
 9.15658e-48
 1.44858e-47
 5.10504e-32
 1.59622e-47
 2.08810e-47
 9.71576e-16
 5.32898e-31
 3.25485e-47
 0.00000e+00
 0.00000e+00
 0.00000e+00
 0.00000e+00
 0.00000e+00
 0.00000e+00
 0.00000e+00
 0.00000e+00
 0.00000e+00
 0.00000e+00
 0.00000e+00
 0.00000e+00
 0.00000e+00
 0.00000e+00
 0.00000e+00
 0.00000e+00
 0.00000e+00
 0.00000e+00
 1.77435e-31
 9.71576e-16
 3.08765e-47
 2.04414e-31
-2.08810e-47
 9.71576e-16
 0.00000e+00
 0.00000e+00
 0.00000e+00
 0.00000e+00
 0.00000e+00
 0.00000e+00
 0.00000e+00
 0.00000e+00
 0.00000e+00
 0.00000e+00
 0.00000e+00
 0.00000e+00
 0.00000e+00
 0.00000e+00
 0.00000e+00
 0.00000e+00
 0.00000e+00
 2.21240e-31
 7.41988e-32
 0.00000e+00
 2.91473e-15
 6.53559e-31
 3.53814e-31
 0.00000e+00
 8.78801e-32
 0.00000e+00
 0.00000e+00
 0.00000e+00
 0.00000e+00
 0.00000e+00
 0.00000e+00
 0.00000e+00
 0.00000e+00
 0.00000e+00
 0.00000e+00
 0.00000e+00
 0.00000e+00
 0.00000e+00
 0.00000e+00
 0.00000e+00
 0.00000e+00
 0.00000e+00
 9.71576e-16
 9.71576e-16
 3.79522e-31
 9.71576e-16
 3.70921e-62
 1.31077e-47
 3.56794e-31
 9.71576e-16
 0.00000e+00
 4.50052e-48
 0.00000e+00
 0.00000e+00
 0.00000e+00
 0.00000e+00
 0.00000e+00
 0.00000e+00
 0.00000e+00
 0.00000e+00
 0.00000e+00
 0.00000e+00
 0.00000e+00
 0.00000e+00
 0.00000e+00
 0.00000e+00
 0.00000e+00
 0.00000e+00
 0.00000e+00
 9.71576e-16
 1.10890e-31
 1.89319e-31
 7.90316e-47
 2.76210e-32
 9.71576e-16
 4.58935e-31
 0.00000e+00
 0.00000e+00
 0.00000e+00
 0.00000e+00
 0.00000e+00
 0.00000e+00
 0.00000e+00
 0.00000e+00
 0.00000e+00
 0.00000e+00
 0.00000e+00
 0.00000e+00
 0.00000e+00
 0.00000e+00
 0.00000e+00
 0.00000e+00
 9.71576e-16
 3.60990e-31
 5.14573e-32
 9.71576e-16
 1.20721e-31
 0.00000e+00
 1.34937e-32
 9.71576e-16
 4.50042e-31
 0.00000e+00
 0.00000e+00
 0.00000e+00
 0.00000e+00
 0.00000e+00
 0.00000e+00
 0.00000e+00
 0.00000e+00
 0.00000e+00
 0.00000e+00
 0.00000e+00
 0.00000e+00
 0.00000e+00
 0.00000e+00
 0.00000e+00
 0.00000e+00
 1.75147e-31
 9.71576e-16
 2.36770e-32
 1.36659e-31
 7.56724e-31
 2.91473e-15
 5.79160e-47
 1.65975e-31
 0.00000e+00
 0.00000e+00
 0.00000e+00
 0.00000e+00
 0.00000e+00
 0.00000e+00
 0.00000e+00
 0.00000e+00
 0.00000e+00
 0.00000e+00
 0.00000e+00
 0.00000e+00
 0.00000e+00
 0.00000e+00
 0.00000e+00
 0.00000e+00
 0.00000e+00
 3.96959e-47
 3.54603e-31
 5.05988e-47
 1.94315e-15
 9.71576e-16
 1.94315e-15
 6.52678e-31
 0.00000e+00
 0.00000e+00
 0.00000e+00
 0.00000e+00
 0.00000e+00
 0.00000e+00
 0.00000e+00
 0.00000e+00
 0.00000e+00
 0.00000e+00
 0.00000e+00
 0.00000e+00
 0.00000e+00
 0.00000e+00
 0.00000e+00
 0.00000e+00
 0.00000e+00
 0.00000e+00
 3.15873e-31
 1.94315e-15
 5.39316e-31
 1.94315e-15
 9.71576e-16
 2.61012e-48
 5.70311e-47
 6.94043e-32
 0.00000e+00
 0.00000e+00
 0.00000e+00
 0.00000e+00
 0.00000e+00
 0.00000e+00
 0.00000e+00
 0.00000e+00
 0.00000e+00
 0.00000e+00
 0.00000e+00
 0.00000e+00
 0.00000e+00
 0.00000e+00
 0.00000e+00
 0.00000e+00
 0.00000e+00
 0.00000e+00
 0.00000e+00
 7.34107e-32
 1.03739e-30
 1.94315e-15
 7.18807e-31
 1.94315e-15
 2.09245e-31
 0.00000e+00
 0.00000e+00
 0.00000e+00
 0.00000e+00
 0.00000e+00
 0.00000e+00
 0.00000e+00
 0.00000e+00
 0.00000e+00
 0.00000e+00
 0.00000e+00
 0.00000e+00
 0.00000e+00
 0.00000e+00
 0.00000e+00
 0.00000e+00
 0.00000e+00
 1.99968e-31
 4.84519e-31
 9.71576e-16
 9.71576e-16
 8.06290e-32
 6.99591e-32
 0.00000e+00
 1.82843e-31
 0.00000e+00
 0.00000e+00
 0.00000e+00
 0.00000e+00
 0.00000e+00
 0.00000e+00
 0.00000e+00
 0.00000e+00
 0.00000e+00
 0.00000e+00
 0.00000e+00
 0.00000e+00
 0.00000e+00
 0.00000e+00
 0.00000e+00
 0.00000e+00
 0.00000e+00
 1.94315e-15
 1.94315e-15
 1.73062e-49
 0.00000e+00
 7.96169e-48
 1.52075e-49
 5.30397e-32
 0.00000e+00
 0.00000e+00
 0.00000e+00
 0.00000e+00
 0.00000e+00
 0.00000e+00
 0.00000e+00
 0.00000e+00
 0.00000e+00
 0.00000e+00
 0.00000e+00
 0.00000e+00
 0.00000e+00
 0.00000e+00
 0.00000e+00
 0.00000e+00
 0.00000e+00
 0.00000e+00
 8.20005e-47
 2.23675e-31
 1.56489e-46
 1.49415e-31
 1.93095e-46
 5.67392e-32
 9.71576e-16
 0.00000e+00
 0.00000e+00
 0.00000e+00
 0.00000e+00
 0.00000e+00
 0.00000e+00
 0.00000e+00
 0.00000e+00
 0.00000e+00
 0.00000e+00
 0.00000e+00
 0.00000e+00
 0.00000e+00
 0.00000e+00
 0.00000e+00
 0.00000e+00
 0.00000e+00
 0.00000e+00
 1.94937e-31
 9.71576e-16
 9.71151e-31
 1.94315e-15
 1.28609e-30
 1.94315e-15
 0.00000e+00
 0.00000e+00
 0.00000e+00
 0.00000e+00
 0.00000e+00
 0.00000e+00
 0.00000e+00
 0.00000e+00
 0.00000e+00
 0.00000e+00
 0.00000e+00
 0.00000e+00
 0.00000e+00
 0.00000e+00
 0.00000e+00
 0.00000e+00
 0.00000e+00
 0.00000e+00
 0.00000e+00
 0.00000e+00
 0.00000e+00
 0.00000e+00
 1.87684e-46
 0.00000e+00
 0.00000e+00
 2.28879e-31
 0.00000e+00
 0.00000e+00
 0.00000e+00
 0.00000e+00
 0.00000e+00
 0.00000e+00
 0.00000e+00
 0.00000e+00
 0.00000e+00
 0.00000e+00
 0.00000e+00
 0.00000e+00
 0.00000e+00
 0.00000e+00
 0.00000e+00
 0.00000e+00
 0.00000e+00
 0.00000e+00
 0.00000e+00
 2.77579e-47
 9.71576e-16
 5.34463e-31
 0.00000e+00
 9.71576e-16
 4.08987e-31
 0.00000e+00
 0.00000e+00
 0.00000e+00
 0.00000e+00
 0.00000e+00
 0.00000e+00
 0.00000e+00
 0.00000e+00
 0.00000e+00
 0.00000e+00
 0.00000e+00
 0.00000e+00
 0.00000e+00
 0.00000e+00
 0.00000e+00
 0.00000e+00
 0.00000e+00
 0.00000e+00
 4.15613e-31
 2.83086e-31
 0.00000e+00
 0.00000e+00
 0.00000e+00
 3.69266e-33
 6.91169e-48
 0.00000e+00
 0.00000e+00
 0.00000e+00
 0.00000e+00
 0.00000e+00
 0.00000e+00
 0.00000e+00
 0.00000e+00
 0.00000e+00
 0.00000e+00
 0.00000e+00
 0.00000e+00
 0.00000e+00
 0.00000e+00
 0.00000e+00
 0.00000e+00
 0.00000e+00
 0.00000e+00
 3.11137e-31
 2.60707e-31
 1.37743e-31
 0.00000e+00
 2.62954e-31
 3.79504e-32
 5.10625e-32
 0.00000e+00
 0.00000e+00
 0.00000e+00
 0.00000e+00
 0.00000e+00
 0.00000e+00
 0.00000e+00
 0.00000e+00
 0.00000e+00
 0.00000e+00
 0.00000e+00
 0.00000e+00
 0.00000e+00
 0.00000e+00
 0.00000e+00
 0.00000e+00
 0.00000e+00
 0.00000e+00
 9.71576e-16
 9.71576e-16
 9.71576e-16
 0.00000e+00
 2.91473e-15
 9.71576e-16
 9.71576e-16
 0.00000e+00
 0.00000e+00
 0.00000e+00
 0.00000e+00
 0.00000e+00
 0.00000e+00
 0.00000e+00
 0.00000e+00
 0.00000e+00
 0.00000e+00
 0.00000e+00
 0.00000e+00
 0.00000e+00
 0.00000e+00
 0.00000e+00
 0.00000e+00
 0.00000e+00
 0.00000e+00
part
         2
hexa8
 0.00000e+00
 0.00000e+00
 0.00000e+00
 0.00000e+00
 0.00000e+00
 0.00000e+00
 0.00000e+00
 0.00000e+00
 0.00000e+00
 0.00000e+00
 0.00000e+00
 0.00000e+00
 0.00000e+00
 0.00000e+00
 0.00000e+00
 0.00000e+00
 0.00000e+00
 0.00000e+00
 0.00000e+00
 0.00000e+00
 0.00000e+00
 0.00000e+00
 0.00000e+00
 0.00000e+00
 0.00000e+00
 0.00000e+00
 0.00000e+00
 0.00000e+00
 0.00000e+00
 0.00000e+00
 0.00000e+00
 0.00000e+00
 0.00000e+00
 0.00000e+00
 0.00000e+00
 0.00000e+00
 0.00000e+00
 0.00000e+00
 0.00000e+00
 0.00000e+00
 0.00000e+00
 0.00000e+00
 0.00000e+00
 0.00000e+00
 0.00000e+00
 0.00000e+00
 0.00000e+00
 0.00000e+00
 0.00000e+00
 0.00000e+00
 0.00000e+00
 0.00000e+00
 0.00000e+00
 0.00000e+00
 0.00000e+00
 0.00000e+00
 0.00000e+00
 0.00000e+00
 0.00000e+00
 0.00000e+00
 0.00000e+00
 0.00000e+00
 0.00000e+00
 0.00000e+00
 0.00000e+00
 0.00000e+00
 0.00000e+00
 0.00000e+00
 0.00000e+00
 0.00000e+00
 0.00000e+00
 0.00000e+00
 0.00000e+00
 0.00000e+00
 0.00000e+00
 0.00000e+00
 0.00000e+00
 0.00000e+00
 0.00000e+00
 0.00000e+00
 0.00000e+00
 0.00000e+00
 0.00000e+00
 0.00000e+00
 0.00000e+00
 0.00000e+00
 0.00000e+00
 0.00000e+00
 0.00000e+00
 0.00000e+00
 0.00000e+00
 0.00000e+00
 0.00000e+00
 0.00000e+00
 0.00000e+00
 0.00000e+00
 0.00000e+00
 0.00000e+00
 0.00000e+00
 0.00000e+00
 0.00000e+00
 0.00000e+00
 0.00000e+00
 0.00000e+00
 0.00000e+00
 0.00000e+00
 0.00000e+00
 0.00000e+00
 0.00000e+00
 0.00000e+00
 0.00000e+00
 0.00000e+00
 0.00000e+00
 0.00000e+00
 0.00000e+00
 0.00000e+00
 0.00000e+00
 0.00000e+00
 0.00000e+00
 0.00000e+00
 0.00000e+00
 0.00000e+00
 0.00000e+00
 0.00000e+00
 0.00000e+00
 0.00000e+00
 0.00000e+00
 0.00000e+00
 0.00000e+00
 0.00000e+00
 0.00000e+00
 0.00000e+00
 0.00000e+00
 0.00000e+00
 0.00000e+00
 0.00000e+00
 0.00000e+00
 0.00000e+00
 0.00000e+00
 0.00000e+00
 0.00000e+00
 0.00000e+00
 0.00000e+00
 0.00000e+00
 0.00000e+00
 0.00000e+00
 0.00000e+00
 0.00000e+00
 0.00000e+00
 0.00000e+00
 0.00000e+00
 0.00000e+00
 0.00000e+00
 0.00000e+00
 0.00000e+00
 0.00000e+00
 0.00000e+00
 0.00000e+00
 0.00000e+00
 0.00000e+00
 0.00000e+00
 0.00000e+00
 0.00000e+00
 0.00000e+00
 0.00000e+00
 0.00000e+00
 0.00000e+00
 0.00000e+00
 0.00000e+00
 0.00000e+00
 0.00000e+00
 0.00000e+00
 0.00000e+00
 0.00000e+00
 0.00000e+00
 0.00000e+00
 0.00000e+00
 0.00000e+00
 0.00000e+00
 0.00000e+00
 0.00000e+00
 0.00000e+00
 0.00000e+00
 0.00000e+00
 0.00000e+00
 0.00000e+00
 0.00000e+00
 0.00000e+00
 0.00000e+00
 0.00000e+00
 0.00000e+00
 0.00000e+00
 0.00000e+00
 0.00000e+00
 0.00000e+00
 0.00000e+00
 0.00000e+00
 0.00000e+00
 0.00000e+00
 0.00000e+00
 0.00000e+00
 0.00000e+00
 0.00000e+00
 0.00000e+00
 0.00000e+00
 0.00000e+00
 0.00000e+00
 0.00000e+00
 0.00000e+00
 0.00000e+00
 0.00000e+00
 0.00000e+00
 0.00000e+00
 0.00000e+00
 0.00000e+00
 0.00000e+00
 0.00000e+00
 0.00000e+00
 0.00000e+00
 0.00000e+00
 0.00000e+00
 0.00000e+00
 0.00000e+00
 0.00000e+00
 0.00000e+00
 0.00000e+00
 0.00000e+00
 0.00000e+00
 0.00000e+00
 0.00000e+00
 0.00000e+00
 0.00000e+00
 0.00000e+00
 0.00000e+00
 0.00000e+00
 0.00000e+00
 0.00000e+00
 0.00000e+00
 0.00000e+00
 0.00000e+00
 0.00000e+00
 0.00000e+00
 0.00000e+00
 0.00000e+00
 0.00000e+00
 0.00000e+00
 0.00000e+00
 0.00000e+00
 0.00000e+00
 0.00000e+00
 0.00000e+00
 0.00000e+00
 0.00000e+00
 0.00000e+00
 0.00000e+00
 0.00000e+00
 0.00000e+00
 0.00000e+00
 0.00000e+00
 0.00000e+00
 0.00000e+00
 0.00000e+00
 0.00000e+00
 0.00000e+00
 0.00000e+00
 0.00000e+00
 0.00000e+00
 0.00000e+00
 0.00000e+00
 0.00000e+00
 0.00000e+00
 0.00000e+00
 0.00000e+00
 0.00000e+00
 0.00000e+00
 0.00000e+00
 0.00000e+00
 0.00000e+00
 0.00000e+00
 0.00000e+00
 0.00000e+00
 0.00000e+00
 0.00000e+00
 0.00000e+00
 0.00000e+00
 0.00000e+00
 0.00000e+00
 0.00000e+00
 0.00000e+00
 0.00000e+00
 0.00000e+00
 0.00000e+00
 0.00000e+00
 0.00000e+00
 0.00000e+00
 0.00000e+00
 0.00000e+00
 0.00000e+00
 0.00000e+00
 0.00000e+00
 0.00000e+00
 0.00000e+00
 0.00000e+00
 0.00000e+00
 0.00000e+00
 0.00000e+00
 0.00000e+00
 0.00000e+00
 0.00000e+00
 0.00000e+00
 0.00000e+00
 0.00000e+00
 0.00000e+00
 0.00000e+00
 0.00000e+00
 0.00000e+00
 0.00000e+00
 0.00000e+00
 0.00000e+00
 0.00000e+00
 0.00000e+00
 0.00000e+00
 0.00000e+00
 0.00000e+00
 0.00000e+00
 0.00000e+00
 0.00000e+00
 0.00000e+00
 0.00000e+00
 0.00000e+00
 0.00000e+00
 0.00000e+00
 0.00000e+00
 0.00000e+00
 0.00000e+00
 0.00000e+00
 0.00000e+00
 0.00000e+00
 0.00000e+00
 0.00000e+00
 0.00000e+00
 0.00000e+00
 0.00000e+00
 0.00000e+00
 0.00000e+00
 0.00000e+00
 0.00000e+00
 0.00000e+00
 0.00000e+00
 0.00000e+00
 0.00000e+00
 0.00000e+00
 0.00000e+00
 0.00000e+00
 0.00000e+00
 0.00000e+00
 0.00000e+00
 0.00000e+00
 0.00000e+00
 0.00000e+00
 0.00000e+00
 0.00000e+00
 0.00000e+00
 0.00000e+00
 0.00000e+00
 0.00000e+00
 0.00000e+00
 0.00000e+00
 0.00000e+00
 0.00000e+00
 0.00000e+00
 0.00000e+00
 0.00000e+00
 0.00000e+00
 0.00000e+00
 0.00000e+00
 0.00000e+00
 0.00000e+00
 0.00000e+00
 0.00000e+00
 0.00000e+00
 0.00000e+00
 0.00000e+00
 0.00000e+00
 0.00000e+00
 0.00000e+00
 0.00000e+00
 0.00000e+00
 0.00000e+00
 0.00000e+00
 0.00000e+00
 0.00000e+00
 0.00000e+00
 0.00000e+00
 0.00000e+00
 0.00000e+00
 0.00000e+00
 0.00000e+00
 0.00000e+00
 0.00000e+00
 0.00000e+00
 0.00000e+00
 0.00000e+00
 0.00000e+00
 0.00000e+00
 0.00000e+00
 0.00000e+00
 0.00000e+00
 0.00000e+00
 0.00000e+00
 0.00000e+00
 0.00000e+00
 0.00000e+00
 0.00000e+00
 0.00000e+00
 0.00000e+00
 0.00000e+00
 0.00000e+00
 0.00000e+00
 0.00000e+00
 0.00000e+00
 0.00000e+00
 0.00000e+00
 0.00000e+00
 0.00000e+00
 0.00000e+00
 0.00000e+00
 0.00000e+00
 0.00000e+00
 0.00000e+00
 0.00000e+00
 0.00000e+00
 0.00000e+00
 0.00000e+00
 0.00000e+00
 0.00000e+00
 0.00000e+00
 0.00000e+00
 0.00000e+00
 0.00000e+00
 0.00000e+00
 0.00000e+00
 0.00000e+00
 0.00000e+00
 0.00000e+00
 0.00000e+00
 0.00000e+00
 0.00000e+00
 0.00000e+00
 0.00000e+00
 0.00000e+00
 0.00000e+00
 0.00000e+00
 0.00000e+00
 0.00000e+00
 0.00000e+00
 0.00000e+00
 0.00000e+00
 0.00000e+00
 0.00000e+00
 0.00000e+00
 0.00000e+00
 0.00000e+00
 0.00000e+00
 0.00000e+00
 0.00000e+00
 0.00000e+00
 0.00000e+00
 0.00000e+00
 0.00000e+00
 0.00000e+00
 0.00000e+00
 0.00000e+00
 0.00000e+00
 0.00000e+00
 0.00000e+00
 0.00000e+00
 0.00000e+00
 0.00000e+00
 0.00000e+00
 0.00000e+00
 0.00000e+00
 0.00000e+00
 0.00000e+00
 0.00000e+00
 0.00000e+00
 0.00000e+00
 0.00000e+00
 0.00000e+00
 0.00000e+00
 0.00000e+00
 0.00000e+00
 0.00000e+00
 0.00000e+00
 0.00000e+00
 0.00000e+00
 0.00000e+00
 0.00000e+00
 0.00000e+00
 0.00000e+00
 0.00000e+00
 0.00000e+00
 0.00000e+00
 0.00000e+00
 0.00000e+00
 0.00000e+00
 0.00000e+00
 0.00000e+00
 0.00000e+00
 0.00000e+00
 0.00000e+00
 0.00000e+00
 0.00000e+00
 0.00000e+00
 0.00000e+00
 0.00000e+00
 0.00000e+00
 0.00000e+00
 0.00000e+00
 0.00000e+00
 0.00000e+00
 0.00000e+00
 0.00000e+00
 0.00000e+00
 0.00000e+00
 0.00000e+00
 0.00000e+00
 0.00000e+00
 0.00000e+00
 0.00000e+00
 0.00000e+00
 0.00000e+00
 0.00000e+00
 0.00000e+00
 0.00000e+00
 0.00000e+00
 0.00000e+00
 0.00000e+00
 0.00000e+00
 0.00000e+00
 0.00000e+00
 0.00000e+00
 0.00000e+00
 0.00000e+00
 0.00000e+00
 0.00000e+00
 0.00000e+00
 0.00000e+00
 0.00000e+00
 0.00000e+00
 0.00000e+00
 0.00000e+00
 0.00000e+00
 0.00000e+00
 0.00000e+00
 0.00000e+00
 0.00000e+00
 0.00000e+00
 0.00000e+00
 0.00000e+00
 0.00000e+00
 0.00000e+00
 0.00000e+00
 0.00000e+00
 0.00000e+00
 0.00000e+00
 0.00000e+00
 0.00000e+00
 0.00000e+00
 0.00000e+00
 0.00000e+00
 0.00000e+00
 0.00000e+00
 0.00000e+00
 0.00000e+00
 0.00000e+00
 0.00000e+00
 0.00000e+00
 0.00000e+00
 0.00000e+00
 0.00000e+00
 0.00000e+00
 0.00000e+00
 0.00000e+00
 0.00000e+00
 0.00000e+00
 0.00000e+00
 0.00000e+00
 0.00000e+00
 0.00000e+00
 0.00000e+00
 0.00000e+00
 0.00000e+00
 0.00000e+00
 0.00000e+00
 0.00000e+00
 0.00000e+00
 0.00000e+00
 0.00000e+00
 0.00000e+00
 0.00000e+00
 0.00000e+00
 0.00000e+00
 0.00000e+00
 0.00000e+00
 0.00000e+00
 0.00000e+00
 0.00000e+00
 0.00000e+00
 0.00000e+00
 0.00000e+00
 0.00000e+00
 0.00000e+00
 0.00000e+00
 0.00000e+00
 0.00000e+00
 0.00000e+00
 0.00000e+00
 0.00000e+00
 0.00000e+00
 0.00000e+00
 0.00000e+00
 0.00000e+00
 0.00000e+00
 0.00000e+00
part
         3
hexa8
 0.00000e+00
 0.00000e+00
 5.50895e-06
 9.73254e-04
 4.10181e-04
 3.76756e-05
 3.36371e-04
 1.04688e-03
 1.30753e-03
 8.18589e-04
 2.87869e-04
 1.72953e-04
 2.38463e-04
 3.05716e-04
 2.04693e-04
 1.73400e-05
 0.00000e+00
 0.00000e+00
 1.71599e-05
 5.90038e-05
 4.16284e-05
 3.40917e-06
 0.00000e+00
 0.00000e+00
 0.00000e+00
 0.00000e+00
 0.00000e+00
 5.50895e-06
 9.73254e-04
 4.10181e-04
 3.76756e-05
 3.36371e-04
 1.04688e-03
 1.30753e-03
 8.18589e-04
 2.87869e-04
 1.72953e-04
 2.38463e-04
 3.05716e-04
 2.04693e-04
 1.73400e-05
 0.00000e+00
 0.00000e+00
 1.71599e-05
 5.90038e-05
 4.16284e-05
 3.40917e-06
 0.00000e+00
 0.00000e+00
 0.00000e+00
 0.00000e+00
 0.00000e+00
 5.50895e-06
 9.73254e-04
 4.10181e-04
 3.76756e-05
 3.36371e-04
 1.04688e-03
 1.30753e-03
 8.18589e-04
 2.87869e-04
 1.72953e-04
 2.38463e-04
 3.05716e-04
 2.04693e-04
 1.73400e-05
 0.00000e+00
 0.00000e+00
 1.71599e-05
 5.90038e-05
 4.16284e-05
 3.40917e-06
 0.00000e+00
 0.00000e+00
 0.00000e+00
 0.00000e+00
 0.00000e+00
 5.50895e-06
 9.73254e-04
 4.10181e-04
 3.76756e-05
 3.36371e-04
 1.04688e-03
 1.30753e-03
 8.18589e-04
 2.87869e-04
 1.72953e-04
 2.38463e-04
 3.05716e-04
 2.04693e-04
 1.73400e-05
 0.00000e+00
 0.00000e+00
 1.71599e-05
 5.90038e-05
 4.16284e-05
 3.40917e-06
 0.00000e+00
 0.00000e+00
 0.00000e+00
 0.00000e+00
 0.00000e+00
 5.50895e-06
 9.73254e-04
 4.10181e-04
 3.76756e-05
 3.36371e-04
 1.04688e-03
 1.30753e-03
 8.18589e-04
 2.87869e-04
 1.72953e-04
 2.38463e-04
 3.05716e-04
 2.04693e-04
 1.73400e-05
 0.00000e+00
 0.00000e+00
 1.71599e-05
 5.90038e-05
 4.16284e-05
 3.40917e-06
 0.00000e+00
 0.00000e+00
 0.00000e+00
 0.00000e+00
 0.00000e+00
 5.50895e-06
 9.73254e-04
 4.10181e-04
 3.76756e-05
 3.36371e-04
 1.04688e-03
 1.30753e-03
 8.18589e-04
 2.87869e-04
 1.72953e-04
 2.38463e-04
 3.05716e-04
 2.04693e-04
 1.73400e-05
 0.00000e+00
 0.00000e+00
 1.71599e-05
 5.90038e-05
 4.16284e-05
 3.40917e-06
 0.00000e+00
 0.00000e+00
 0.00000e+00
 0.00000e+00
 0.00000e+00
 5.50895e-06
 9.73254e-04
 4.10181e-04
 3.76756e-05
 3.36371e-04
 1.04688e-03
 1.30753e-03
 8.18589e-04
 2.87869e-04
 1.72953e-04
 2.38463e-04
 3.05716e-04
 2.04693e-04
 1.73400e-05
 0.00000e+00
 0.00000e+00
 1.71599e-05
 5.90038e-05
 4.16284e-05
 3.40917e-06
 0.00000e+00
 0.00000e+00
 0.00000e+00
 0.00000e+00
 0.00000e+00
 5.50895e-06
 9.73254e-04
 4.10181e-04
 3.76756e-05
 3.36371e-04
 1.04688e-03
 1.30753e-03
 8.18589e-04
 2.87869e-04
 1.72953e-04
 2.38463e-04
 3.05716e-04
 2.04693e-04
 1.73400e-05
 0.00000e+00
 0.00000e+00
 1.71599e-05
 5.90038e-05
 4.16284e-05
 3.40917e-06
 0.00000e+00
 0.00000e+00
 0.00000e+00
 0.00000e+00
 0.00000e+00
 5.50895e-06
 9.73254e-04
 4.10181e-04
 3.76756e-05
 3.36371e-04
 1.04688e-03
 1.30753e-03
 8.18589e-04
 2.87869e-04
 1.72953e-04
 2.38463e-04
 3.05716e-04
 2.04693e-04
 1.73400e-05
 0.00000e+00
 0.00000e+00
 1.71599e-05
 5.90038e-05
 4.16284e-05
 3.40917e-06
 0.00000e+00
 0.00000e+00
 0.00000e+00
 0.00000e+00
 0.00000e+00
 5.50895e-06
 9.73254e-04
 4.10181e-04
 3.76756e-05
 3.36371e-04
 1.04688e-03
 1.30753e-03
 8.18589e-04
 2.87869e-04
 1.72953e-04
 2.38463e-04
 3.05716e-04
 2.04693e-04
 1.73400e-05
 0.00000e+00
 0.00000e+00
 1.71599e-05
 5.90038e-05
 4.16284e-05
 3.40917e-06
 0.00000e+00
 0.00000e+00
 0.00000e+00
 0.00000e+00
 0.00000e+00
 5.50895e-06
 9.73254e-04
 4.10181e-04
 3.76756e-05
 3.36371e-04
 1.04688e-03
 1.30753e-03
 8.18589e-04
 2.87869e-04
 1.72953e-04
 2.38463e-04
 3.05716e-04
 2.04693e-04
 1.73400e-05
 0.00000e+00
 0.00000e+00
 1.71599e-05
 5.90038e-05
 4.16284e-05
 3.40917e-06
 0.00000e+00
 0.00000e+00
 0.00000e+00
 0.00000e+00
 0.00000e+00
 5.50895e-06
 9.73254e-04
 4.10181e-04
 3.76756e-05
 3.36371e-04
 1.04688e-03
 1.30753e-03
 8.18589e-04
 2.87869e-04
 1.72953e-04
 2.38463e-04
 3.05716e-04
 2.04693e-04
 1.73400e-05
 0.00000e+00
 0.00000e+00
 1.71599e-05
 5.90038e-05
 4.16284e-05
 3.40917e-06
 0.00000e+00
 0.00000e+00
 0.00000e+00
 0.00000e+00
 0.00000e+00
 5.50895e-06
 9.73254e-04
 4.10181e-04
 3.76756e-05
 3.36371e-04
 1.04688e-03
 1.30753e-03
 8.18589e-04
 2.87869e-04
 1.72953e-04
 2.38463e-04
 3.05716e-04
 2.04693e-04
 1.73400e-05
 0.00000e+00
 0.00000e+00
 1.71599e-05
 5.90038e-05
 4.16284e-05
 3.40917e-06
 0.00000e+00
 0.00000e+00
 0.00000e+00
 0.00000e+00
 0.00000e+00
 5.50895e-06
 9.73254e-04
 4.10181e-04
 3.76756e-05
 3.36371e-04
 1.04688e-03
 1.30753e-03
 8.18589e-04
 2.87869e-04
 1.72953e-04
 2.38463e-04
 3.05716e-04
 2.04693e-04
 1.73400e-05
 0.00000e+00
 0.00000e+00
 1.71599e-05
 5.90038e-05
 4.16284e-05
 3.40917e-06
 0.00000e+00
 0.00000e+00
 0.00000e+00
 0.00000e+00
 0.00000e+00
 5.50895e-06
 9.73254e-04
 4.10181e-04
 3.76756e-05
 3.36371e-04
 1.04688e-03
 1.30753e-03
 8.18589e-04
 2.87869e-04
 1.72953e-04
 2.38463e-04
 3.05716e-04
 2.04693e-04
 1.73400e-05
 0.00000e+00
 0.00000e+00
 1.71599e-05
 5.90038e-05
 4.16284e-05
 3.40917e-06
 0.00000e+00
 0.00000e+00
 0.00000e+00
 0.00000e+00
 0.00000e+00
 5.50895e-06
 9.73254e-04
 4.10181e-04
 3.76756e-05
 3.36371e-04
 1.04688e-03
 1.30753e-03
 8.18589e-04
 2.87869e-04
 1.72953e-04
 2.38463e-04
 3.05716e-04
 2.04693e-04
 1.73400e-05
 0.00000e+00
 0.00000e+00
 1.71599e-05
 5.90038e-05
 4.16284e-05
 3.40917e-06
 0.00000e+00
 0.00000e+00
 0.00000e+00
 0.00000e+00
 0.00000e+00
 5.50895e-06
 9.73254e-04
 4.10181e-04
 3.76756e-05
 3.36371e-04
 1.04688e-03
 1.30753e-03
 8.18589e-04
 2.87869e-04
 1.72953e-04
 2.38463e-04
 3.05716e-04
 2.04693e-04
 1.73400e-05
 0.00000e+00
 0.00000e+00
 1.71599e-05
 5.90038e-05
 4.16284e-05
 3.40917e-06
 0.00000e+00
 0.00000e+00
 0.00000e+00
 0.00000e+00
 0.00000e+00
 5.50895e-06
 9.73254e-04
 4.10181e-04
 3.76756e-05
 3.36371e-04
 1.04688e-03
 1.30753e-03
 8.18589e-04
 2.87869e-04
 1.72953e-04
 2.38463e-04
 3.05716e-04
 2.04693e-04
 1.73400e-05
 0.00000e+00
 0.00000e+00
 1.71599e-05
 5.90038e-05
 4.16284e-05
 3.40917e-06
 0.00000e+00
 0.00000e+00
 0.00000e+00
 0.00000e+00
 0.00000e+00
 5.50895e-06
 9.73254e-04
 4.10181e-04
 3.76756e-05
 3.36371e-04
 1.04688e-03
 1.30753e-03
 8.18589e-04
 2.87869e-04
 1.72953e-04
 2.38463e-04
 3.05716e-04
 2.04693e-04
 1.73400e-05
 0.00000e+00
 0.00000e+00
 1.71599e-05
 5.90038e-05
 4.16284e-05
 3.40917e-06
 0.00000e+00
 0.00000e+00
 0.00000e+00
 0.00000e+00
 0.00000e+00
 5.50895e-06
 9.73254e-04
 4.10181e-04
 3.76756e-05
 3.36371e-04
 1.04688e-03
 1.30753e-03
 8.18589e-04
 2.87869e-04
 1.72953e-04
 2.38463e-04
 3.05716e-04
 2.04693e-04
 1.73400e-05
 0.00000e+00
 0.00000e+00
 1.71599e-05
 5.90038e-05
 4.16284e-05
 3.40917e-06
 0.00000e+00
 0.00000e+00
 0.00000e+00
 0.00000e+00
 0.00000e+00
 5.50895e-06
 9.73254e-04
 4.10181e-04
 3.76756e-05
 3.36371e-04
 1.04688e-03
 1.30753e-03
 8.18589e-04
 2.87869e-04
 1.72953e-04
 2.38463e-04
 3.05716e-04
 2.04693e-04
 1.73400e-05
 0.00000e+00
 0.00000e+00
 1.71599e-05
 5.90038e-05
 4.16284e-05
 3.40917e-06
 0.00000e+00
 0.00000e+00
 0.00000e+00
 0.00000e+00
 0.00000e+00
 5.50895e-06
 9.73254e-04
 4.10181e-04
 3.76756e-05
 3.36371e-04
 1.04688e-03
 1.30753e-03
 8.18589e-04
 2.87869e-04
 1.72953e-04
 2.38463e-04
 3.05716e-04
 2.04693e-04
 1.73400e-05
 0.00000e+00
 0.00000e+00
 1.71599e-05
 5.90038e-05
 4.16284e-05
 3.40917e-06
 0.00000e+00
 0.00000e+00
 0.00000e+00
 0.00000e+00
 0.00000e+00
 5.50895e-06
 9.73254e-04
 4.10181e-04
 3.76756e-05
 3.36371e-04
 1.04688e-03
 1.30753e-03
 8.18589e-04
 2.87869e-04
 1.72953e-04
 2.38463e-04
 3.05716e-04
 2.04693e-04
 1.73400e-05
 0.00000e+00
 0.00000e+00
 1.71599e-05
 5.90038e-05
 4.16284e-05
 3.40917e-06
 0.00000e+00
 0.00000e+00
 0.00000e+00
 0.00000e+00
 0.00000e+00
 5.50895e-06
 9.73254e-04
 4.10181e-04
 3.76756e-05
 3.36371e-04
 1.04688e-03
 1.30753e-03
 8.18589e-04
 2.87869e-04
 1.72953e-04
 2.38463e-04
 3.05716e-04
 2.04693e-04
 1.73400e-05
 0.00000e+00
 0.00000e+00
 1.71599e-05
 5.90038e-05
 4.16284e-05
 3.40917e-06
 0.00000e+00
 0.00000e+00
 0.00000e+00
 0.00000e+00
 0.00000e+00
 5.50895e-06
 9.73254e-04
 4.10181e-04
 3.76756e-05
 3.36371e-04
 1.04688e-03
 1.30753e-03
 8.18589e-04
 2.87869e-04
 1.72953e-04
 2.38463e-04
 3.05716e-04
 2.04693e-04
 1.73400e-05
 0.00000e+00
 0.00000e+00
 1.71599e-05
 5.90038e-05
 4.16284e-05
 3.40917e-06
 0.00000e+00
 0.00000e+00
 0.00000e+00
part
         4
hexa8
 0.00000e+00
 0.00000e+00
 0.00000e+00
 7.43722e-05
 9.29673e-05
 1.70226e-03
 2.11707e-03
 1.37242e-02
 1.93966e-02
 4.62929e-02
 4.75584e-02
 4.43905e-02
 2.55726e-02
 1.03204e-02
 3.10206e-03
 8.06718e-04
 2.00691e-04
 4.91669e-05
 1.19389e-05
 2.87427e-06
 6.85289e-07
 1.61540e-07
 3.75916e-08
 8.69779e-09
 2.36444e-09
 0.00000e+00
 0.00000e+00
 0.00000e+00
 7.43722e-05
 9.29673e-05
 1.70226e-03
 2.11707e-03
 1.37242e-02
 1.93966e-02
 4.62929e-02
 4.75584e-02
 4.43905e-02
 2.55726e-02
 1.03204e-02
 3.10206e-03
 8.06718e-04
 2.00691e-04
 4.91669e-05
 1.19389e-05
 2.87427e-06
 6.85289e-07
 1.61540e-07
 3.75916e-08
 8.69779e-09
 2.36444e-09
 0.00000e+00
 0.00000e+00
 0.00000e+00
 7.43722e-05
 9.29673e-05
 1.70226e-03
 2.11707e-03
 1.37242e-02
 1.93966e-02
 4.62929e-02
 4.75584e-02
 4.43905e-02
 2.55726e-02
 1.03204e-02
 3.10206e-03
 8.06718e-04
 2.00691e-04
 4.91669e-05
 1.19389e-05
 2.87427e-06
 6.85289e-07
 1.61540e-07
 3.75916e-08
 8.69779e-09
 2.36444e-09
 0.00000e+00
 0.00000e+00
 0.00000e+00
 7.43722e-05
 9.29673e-05
 1.70226e-03
 2.11707e-03
 1.37242e-02
 1.93966e-02
 4.62929e-02
 4.75584e-02
 4.43905e-02
 2.55726e-02
 1.03204e-02
 3.10206e-03
 8.06718e-04
 2.00691e-04
 4.91669e-05
 1.19389e-05
 2.87427e-06
 6.85289e-07
 1.61540e-07
 3.75916e-08
 8.69779e-09
 2.36444e-09
 0.00000e+00
 0.00000e+00
 0.00000e+00
 7.43722e-05
 9.29673e-05
 1.70226e-03
 2.11707e-03
 1.37242e-02
 1.93966e-02
 4.62929e-02
 4.75584e-02
 4.43905e-02
 2.55726e-02
 1.03204e-02
 3.10206e-03
 8.06718e-04
 2.00691e-04
 4.91669e-05
 1.19389e-05
 2.87427e-06
 6.85289e-07
 1.61540e-07
 3.75916e-08
 8.69779e-09
 2.36444e-09
 0.00000e+00
 0.00000e+00
 0.00000e+00
 7.43722e-05
 9.29673e-05
 1.70226e-03
 2.11707e-03
 1.37242e-02
 1.93966e-02
 4.62929e-02
 4.75584e-02
 4.43905e-02
 2.55726e-02
 1.03204e-02
 3.10206e-03
 8.06718e-04
 2.00691e-04
 4.91669e-05
 1.19389e-05
 2.87427e-06
 6.85289e-07
 1.61540e-07
 3.75916e-08
 8.69779e-09
 2.36444e-09
 0.00000e+00
 0.00000e+00
 0.00000e+00
 7.43722e-05
 9.29673e-05
 1.70226e-03
 2.11707e-03
 1.37242e-02
 1.93966e-02
 4.62929e-02
 4.75584e-02
 4.43905e-02
 2.55726e-02
 1.03204e-02
 3.10206e-03
 8.06718e-04
 2.00691e-04
 4.91669e-05
 1.19389e-05
 2.87427e-06
 6.85289e-07
 1.61540e-07
 3.75916e-08
 8.69779e-09
 2.36444e-09
 0.00000e+00
 0.00000e+00
 0.00000e+00
 7.43722e-05
 9.29673e-05
 1.70226e-03
 2.11707e-03
 1.37242e-02
 1.93966e-02
 4.62929e-02
 4.75584e-02
 4.43905e-02
 2.55726e-02
 1.03204e-02
 3.10206e-03
 8.06718e-04
 2.00691e-04
 4.91669e-05
 1.19389e-05
 2.87427e-06
 6.85289e-07
 1.61540e-07
 3.75916e-08
 8.69780e-09
 2.36444e-09
 0.00000e+00
 0.00000e+00
 0.00000e+00
 7.43722e-05
 9.29673e-05
 1.70226e-03
 2.11707e-03
 1.37242e-02
 1.93966e-02
 4.62929e-02
 4.75584e-02
 4.43905e-02
 2.55726e-02
 1.03204e-02
 3.10206e-03
 8.06718e-04
 2.00691e-04
 4.91669e-05
 1.19389e-05
 2.87427e-06
 6.85289e-07
 1.61540e-07
 3.75916e-08
 8.69779e-09
 2.36444e-09
 0.00000e+00
 0.00000e+00
 0.00000e+00
 7.43722e-05
 9.29673e-05
 1.70226e-03
 2.11707e-03
 1.37242e-02
 1.93966e-02
 4.62929e-02
 4.75584e-02
 4.43905e-02
 2.55726e-02
 1.03204e-02
 3.10206e-03
 8.06718e-04
 2.00691e-04
 4.91669e-05
 1.19389e-05
 2.87427e-06
 6.85289e-07
 1.61540e-07
 3.75916e-08
 8.69779e-09
 2.36444e-09
 0.00000e+00
 0.00000e+00
 0.00000e+00
 7.43722e-05
 9.29673e-05
 1.70226e-03
 2.11707e-03
 1.37242e-02
 1.93966e-02
 4.62929e-02
 4.75584e-02
 4.43905e-02
 2.55726e-02
 1.03204e-02
 3.10206e-03
 8.06718e-04
 2.00691e-04
 4.91669e-05
 1.19389e-05
 2.87427e-06
 6.85289e-07
 1.61540e-07
 3.75916e-08
 8.69779e-09
 2.36444e-09
 0.00000e+00
 0.00000e+00
 0.00000e+00
 7.43722e-05
 9.29673e-05
 1.70226e-03
 2.11707e-03
 1.37242e-02
 1.93966e-02
 4.62929e-02
 4.75584e-02
 4.43905e-02
 2.55726e-02
 1.03204e-02
 3.10206e-03
 8.06718e-04
 2.00691e-04
 4.91669e-05
 1.19389e-05
 2.87427e-06
 6.85289e-07
 1.61540e-07
 3.75916e-08
 8.69779e-09
 2.36444e-09
 0.00000e+00
 0.00000e+00
 0.00000e+00
 7.43722e-05
 9.29673e-05
 1.70226e-03
 2.11707e-03
 1.37242e-02
 1.93966e-02
 4.62929e-02
 4.75584e-02
 4.43905e-02
 2.55726e-02
 1.03204e-02
 3.10206e-03
 8.06718e-04
 2.00691e-04
 4.91669e-05
 1.19389e-05
 2.87427e-06
 6.85289e-07
 1.61540e-07
 3.75916e-08
 8.69779e-09
 2.36444e-09
 0.00000e+00
 0.00000e+00
 0.00000e+00
 7.43722e-05
 9.29673e-05
 1.70226e-03
 2.11707e-03
 1.37242e-02
 1.93966e-02
 4.62929e-02
 4.75584e-02
 4.43905e-02
 2.55726e-02
 1.03204e-02
 3.10206e-03
 8.06718e-04
 2.00691e-04
 4.91669e-05
 1.19389e-05
 2.87427e-06
 6.85289e-07
 1.61540e-07
 3.75916e-08
 8.69780e-09
 2.36444e-09
 0.00000e+00
 0.00000e+00
 0.00000e+00
 7.43722e-05
 9.29673e-05
 1.70226e-03
 2.11707e-03
 1.37242e-02
 1.93966e-02
 4.62929e-02
 4.75584e-02
 4.43905e-02
 2.55726e-02
 1.03204e-02
 3.10206e-03
 8.06718e-04
 2.00691e-04
 4.91669e-05
 1.19389e-05
 2.87427e-06
 6.85289e-07
 1.61540e-07
 3.75916e-08
 8.69779e-09
 2.36444e-09
 0.00000e+00
 0.00000e+00
 0.00000e+00
 7.43722e-05
 9.29673e-05
 1.70226e-03
 2.11707e-03
 1.37242e-02
 1.93966e-02
 4.62929e-02
 4.75584e-02
 4.43905e-02
 2.55726e-02
 1.03204e-02
 3.10206e-03
 8.06718e-04
 2.00691e-04
 4.91669e-05
 1.19389e-05
 2.87427e-06
 6.85289e-07
 1.61540e-07
 3.75916e-08
 8.69779e-09
 2.36444e-09
 0.00000e+00
 0.00000e+00
 0.00000e+00
 7.43722e-05
 9.29673e-05
 1.70226e-03
 2.11707e-03
 1.37242e-02
 1.93966e-02
 4.62929e-02
 4.75584e-02
 4.43905e-02
 2.55726e-02
 1.03204e-02
 3.10206e-03
 8.06718e-04
 2.00691e-04
 4.91669e-05
 1.19389e-05
 2.87427e-06
 6.85289e-07
 1.61540e-07
 3.75916e-08
 8.69780e-09
 2.36444e-09
 0.00000e+00
 0.00000e+00
 0.00000e+00
 7.43722e-05
 9.29673e-05
 1.70226e-03
 2.11707e-03
 1.37242e-02
 1.93966e-02
 4.62929e-02
 4.75584e-02
 4.43905e-02
 2.55726e-02
 1.03204e-02
 3.10206e-03
 8.06718e-04
 2.00691e-04
 4.91669e-05
 1.19389e-05
 2.87427e-06
 6.85289e-07
 1.61540e-07
 3.75916e-08
 8.69779e-09
 2.36444e-09
 0.00000e+00
 0.00000e+00
 0.00000e+00
 7.43722e-05
 9.29673e-05
 1.70226e-03
 2.11707e-03
 1.37242e-02
 1.93966e-02
 4.62929e-02
 4.75584e-02
 4.43905e-02
 2.55726e-02
 1.03204e-02
 3.10206e-03
 8.06718e-04
 2.00691e-04
 4.91669e-05
 1.19389e-05
 2.87427e-06
 6.85289e-07
 1.61540e-07
 3.75916e-08
 8.69779e-09
 2.36444e-09
 0.00000e+00
 0.00000e+00
 0.00000e+00
 7.43722e-05
 9.29673e-05
 1.70226e-03
 2.11707e-03
 1.37242e-02
 1.93966e-02
 4.62929e-02
 4.75584e-02
 4.43905e-02
 2.55726e-02
 1.03204e-02
 3.10206e-03
 8.06718e-04
 2.00691e-04
 4.91669e-05
 1.19389e-05
 2.87427e-06
 6.85289e-07
 1.61540e-07
 3.75916e-08
 8.69779e-09
 2.36444e-09
 0.00000e+00
 0.00000e+00
 0.00000e+00
 7.43722e-05
 9.29673e-05
 1.70226e-03
 2.11707e-03
 1.37242e-02
 1.93966e-02
 4.62929e-02
 4.75584e-02
 4.43905e-02
 2.55726e-02
 1.03204e-02
 3.10206e-03
 8.06718e-04
 2.00691e-04
 4.91669e-05
 1.19389e-05
 2.87427e-06
 6.85289e-07
 1.61540e-07
 3.75916e-08
 8.69779e-09
 2.36444e-09
 0.00000e+00
 0.00000e+00
 0.00000e+00
 7.43722e-05
 9.29673e-05
 1.70226e-03
 2.11707e-03
 1.37242e-02
 1.93966e-02
 4.62929e-02
 4.75584e-02
 4.43905e-02
 2.55726e-02
 1.03204e-02
 3.10206e-03
 8.06718e-04
 2.00691e-04
 4.91669e-05
 1.19389e-05
 2.87427e-06
 6.85289e-07
 1.61540e-07
 3.75916e-08
 8.69780e-09
 2.36444e-09
 0.00000e+00
 0.00000e+00
 0.00000e+00
 7.43722e-05
 9.29673e-05
 1.70226e-03
 2.11707e-03
 1.37242e-02
 1.93966e-02
 4.62929e-02
 4.75584e-02
 4.43905e-02
 2.55726e-02
 1.03204e-02
 3.10206e-03
 8.06718e-04
 2.00691e-04
 4.91669e-05
 1.19389e-05
 2.87427e-06
 6.85289e-07
 1.61540e-07
 3.75916e-08
 8.69779e-09
 2.36444e-09
 0.00000e+00
 0.00000e+00
 0.00000e+00
 7.43722e-05
 9.29673e-05
 1.70226e-03
 2.11707e-03
 1.37242e-02
 1.93966e-02
 4.62929e-02
 4.75584e-02
 4.43905e-02
 2.55726e-02
 1.03204e-02
 3.10206e-03
 8.06718e-04
 2.00691e-04
 4.91669e-05
 1.19389e-05
 2.87427e-06
 6.85289e-07
 1.61540e-07
 3.75916e-08
 8.69779e-09
 2.36444e-09
 0.00000e+00
 0.00000e+00
 0.00000e+00
 7.43722e-05
 9.29673e-05
 1.70226e-03
 2.11707e-03
 1.37242e-02
 1.93966e-02
 4.62929e-02
 4.75584e-02
 4.43905e-02
 2.55726e-02
 1.03204e-02
 3.10206e-03
 8.06718e-04
 2.00691e-04
 4.91669e-05
 1.19389e-05
 2.87427e-06
 6.85289e-07
 1.61540e-07
 3.75916e-08
 8.69779e-09
 2.36444e-09
