PseudoViscosity
part
         1
hexa8
 9.64333e-16
 9.64333e-16
 2.98948e-32
 0.00000e+00
 5.59245e-32
 9.64333e-16
 1.57427e-31
 3.06312e-49
 0.00000e+00
 8.98807e-32
 1.50230e-32
 9.64333e-16
 9.64333e-16
 2.28788e-32
 4.77456e-32
 0.00000e+00
 6.22026e-32
 5.24800e-32
 3.65365e-31
 1.02171e-31
 9.64333e-16
 9.64333e-16
 1.74452e-31
 1.92867e-15
 4.18887e-49
 0.00000e+00
 0.00000e+00
 1.37526e-31
 9.64333e-16
 2.06411e-33
 1.49085e-31
 2.18658e-48
 5.42917e-65
 9.64333e-16
 5.61265e-32
 9.64333e-16
 3.32223e-31
 1.27405e-47
 3.97738e-32
 8.39840e-48
 0.00000e+00
 0.00000e+00
 0.00000e+00
 9.64333e-16
 0.00000e+00
 0.00000e+00
 0.00000e+00
 2.31849e-47
 4.88758e-31
 0.00000e+00
 0.00000e+00
 0.00000e+00
 0.00000e+00
 0.00000e+00
 0.00000e+00
 0.00000e+00
 0.00000e+00
 0.00000e+00
 0.00000e+00
 0.00000e+00
 0.00000e+00
 0.00000e+00
 0.00000e+00
 0.00000e+00
 0.00000e+00
 0.00000e+00
 0.00000e+00
 0.00000e+00
 0.00000e+00
 0.00000e+00
 0.00000e+00
 0.00000e+00
 0.00000e+00
 0.00000e+00
 0.00000e+00
 0.00000e+00
 0.00000e+00
 0.00000e+00
 0.00000e+00
 0.00000e+00
 0.00000e+00
 0.00000e+00
 0.00000e+00
 0.00000e+00
 0.00000e+00
 0.00000e+00
 0.00000e+00
 0.00000e+00
 0.00000e+00
 0.00000e+00
 0.00000e+00
 0.00000e+00
 0.00000e+00
 0.00000e+00
 0.00000e+00
 0.00000e+00
 0.00000e+00
 0.00000e+00
 0.00000e+00
 0.00000e+00
 0.00000e+00
 0.00000e+00
 0.00000e+00
 0.00000e+00
 0.00000e+00
 0.00000e+00
 0.00000e+00
 0.00000e+00
 0.00000e+00
 0.00000e+00
 0.00000e+00
 0.00000e+00
 0.00000e+00
 0.00000e+00
 0.00000e+00
 0.00000e+00
 0.00000e+00
 0.00000e+00
 0.00000e+00
 0.00000e+00
 0.00000e+00
 0.00000e+00
 0.00000e+00
 0.00000e+00
 0.00000e+00
 9.64333e-16
 9.64333e-16
 9.64333e-16
 0.00000e+00
 9.64333e-16
 2.11061e-64
 7.44042e-48
 2.06239e-31
 3.53995e-31
 1.92867e-15
 2.25196e-48
 1.44447e-31
 9.64333e-16
 9.64333e-16
 9.64333e-16
 8.56956e-32
 2.33574e-31
 8.83505e-32
 3.20117e-48
 9.64333e-16
 2.08280e-31
 9.64333e-16
 9.64333e-16
 2.42701e-31
 4.86242e-31
 2.89300e-15
 9.64333e-16
 8.54783e-47
 1.16574e-30
 9.64333e-16
 3.09828e-32
 5.02015e-31
 4.53434e-32
 1.92867e-15
 5.32950e-31
 1.90676e-46
 9.64333e-16
 1.19066e-31
 5.70841e-31
 5.32207e-31
 1.75600e-31
 0.00000e+00
 0.00000e+00
 1.92867e-15
 8.39366e-31
 9.19514e-48
 0.00000e+00
 1.85626e-47
 5.50755e-31
 6.13714e-46
 0.00000e+00
 0.00000e+00
 0.00000e+00
 0.00000e+00
 0.00000e+00
 0.00000e+00
 0.00000e+00
 0.00000e+00
 0.00000e+00
 0.00000e+00
 0.00000e+00
 0.00000e+00
 0.00000e+00
 0.00000e+00
 0.00000e+00
 0.00000e+00
 0.00000e+00
 0.00000e+00
 0.00000e+00
 0.00000e+00
 0.00000e+00
 0.00000e+00
 0.00000e+00
 0.00000e+00
 0.00000e+00
 0.00000e+00
 0.00000e+00
 0.00000e+00
 0.00000e+00
 0.00000e+00
 0.00000e+00
 0.00000e+00
 0.00000e+00
 0.00000e+00
 0.00000e+00
 0.00000e+00
 0.00000e+00
 0.00000e+00
 0.00000e+00
 0.00000e+00
 0.00000e+00
 0.00000e+00
 0.00000e+00
 0.00000e+00
 0.00000e+00
 0.00000e+00
 0.00000e+00
 0.00000e+00
 0.00000e+00
 0.00000e+00
 0.00000e+00
 0.00000e+00
 0.00000e+00
 0.00000e+00
 0.00000e+00
 0.00000e+00
 0.00000e+00
 0.00000e+00
 0.00000e+00
 0.00000e+00
 0.00000e+00
 0.00000e+00
 0.00000e+00
 0.00000e+00
 0.00000e+00
 0.00000e+00
 0.00000e+00
 0.00000e+00
 0.00000e+00
 0.00000e+00
 0.00000e+00
 0.00000e+00
 0.00000e+00
 0.00000e+00
 0.00000e+00
 2.38282e-33
 3.70911e-32
 2.40949e-47
 2.87074e-31
 9.64333e-16
 0.00000e+00
 1.03200e-31
 4.27199e-32
 9.64333e-16
 6.86476e-31
 3.05763e-31
 9.64333e-16
 6.20184e-48
 4.44919e-31
 9.64333e-16
 1.92867e-15
 1.92867e-15
 3.70001e-31
 9.64333e-16
 5.10468e-31
 1.04554e-47
 1.50159e-31
 9.23791e-31
 0.00000e+00
 0.00000e+00
 2.89300e-15
 4.27896e-31
 2.89300e-15
 5.76075e-47
 2.46042e-48
 2.70629e-31
 1.14699e-31
 6.83612e-48
 0.00000e+00
 0.00000e+00
 5.78053e-31
 7.47769e-31
 1.70049e-46
 0.00000e+00
 1.92867e-15
 1.92867e-15
 9.64333e-16
 0.00000e+00
 2.29815e-31
 2.89300e-15
 3.55981e-31
 4.60266e-31
 2.39498e-64
 2.00885e-46
 3.69495e-30
 0.00000e+00
 0.00000e+00
 0.00000e+00
 0.00000e+00
 0.00000e+00
 0.00000e+00
 0.00000e+00
 0.00000e+00
 0.00000e+00
 0.00000e+00
 0.00000e+00
 0.00000e+00
 0.00000e+00
 0.00000e+00
 0.00000e+00
 0.00000e+00
 0.00000e+00
 0.00000e+00
 0.00000e+00
 0.00000e+00
 0.00000e+00
 0.00000e+00
 0.00000e+00
 0.00000e+00
 0.00000e+00
 0.00000e+00
 0.00000e+00
 0.00000e+00
 0.00000e+00
 0.00000e+00
 0.00000e+00
 0.00000e+00
 0.00000e+00
 0.00000e+00
 0.00000e+00
 0.00000e+00
 0.00000e+00
 0.00000e+00
 0.00000e+00
 0.00000e+00
 0.00000e+00
 0.00000e+00
 0.00000e+00
 0.00000e+00
 0.00000e+00
 0.00000e+00
 0.00000e+00
 0.00000e+00
 0.00000e+00
 0.00000e+00
 0.00000e+00
 0.00000e+00
 0.00000e+00
 0.00000e+00
 0.00000e+00
 0.00000e+00
 0.00000e+00
 0.00000e+00
 0.00000e+00
 0.00000e+00
 0.00000e+00
 0.00000e+00
 0.00000e+00
 0.00000e+00
 0.00000e+00
 0.00000e+00
 0.00000e+00
 0.00000e+00
 0.00000e+00
 0.00000e+00
 0.00000e+00
 0.00000e+00
 0.00000e+00
 0.00000e+00
 0.00000e+00
 2.99504e-32
 4.57500e-48
 9.07293e-32
 1.38097e-31
 1.92867e-15
 9.64333e-16
 7.51755e-32
 9.64333e-16
 9.64333e-16
 1.92867e-15
 5.73237e-31
 4.49206e-31
 1.92867e-15
 1.92867e-15
 9.58504e-31
 2.89300e-15
 9.64333e-16
 1.92867e-15
 4.62303e-31
 5.15142e-48
 5.46875e-32
 2.44687e-63
 1.49170e-31
 9.64333e-16
 9.64333e-16
 9.64333e-16
 1.73086e-31
 3.00894e-31
 5.86485e-47
 2.49216e-31
 1.48969e-31
 9.64333e-16
 1.31679e-31
 0.00000e+00
 0.00000e+00
 9.82201e-48
 1.92867e-15
 2.06656e-31
 0.00000e+00
 3.11584e-31
 2.60228e-32
 1.36286e-32
 0.00000e+00
 4.61271e-63
 8.96580e-47
 2.71693e-47
 2.53459e-47
 0.00000e+00
 0.00000e+00
 0.00000e+00
 0.00000e+00
 0.00000e+00
 0.00000e+00
 0.00000e+00
 0.00000e+00
 0.00000e+00
 0.00000e+00
 0.00000e+00
 0.00000e+00
 0.00000e+00
 0.00000e+00
 0.00000e+00
 0.00000e+00
 0.00000e+00
 0.00000e+00
 0.00000e+00
 0.00000e+00
 0.00000e+00
 0.00000e+00
 0.00000e+00
 0.00000e+00
 0.00000e+00
 0.00000e+00
 0.00000e+00
 0.00000e+00
 0.00000e+00
 0.00000e+00
 0.00000e+00
 0.00000e+00
 0.00000e+00
 0.00000e+00
 0.00000e+00
 0.00000e+00
 0.00000e+00
 0.00000e+00
 0.00000e+00
 0.00000e+00
 0.00000e+00
 0.00000e+00
 0.00000e+00
 0.00000e+00
 0.00000e+00
 0.00000e+00
 0.00000e+00
 0.00000e+00
 0.00000e+00
 0.00000e+00
 0.00000e+00
 0.00000e+00
 0.00000e+00
 0.00000e+00
 0.00000e+00
 0.00000e+00
 0.00000e+00
 0.00000e+00
 0.00000e+00
 0.00000e+00
 0.00000e+00
 0.00000e+00
 0.00000e+00
 0.00000e+00
 0.00000e+00
 0.00000e+00
 0.00000e+00
 0.00000e+00
 0.00000e+00
 0.00000e+00
 0.00000e+00
 0.00000e+00
 0.00000e+00
 0.00000e+00
 0.00000e+00
 0.00000e+00
 0.00000e+00
 0.00000e+00
 9.64333e-16
 3.16856e-32
 9.64333e-16
 6.96368e-32
 4.15708e-64
 8.05196e-32
 9.64333e-16
 9.64333e-16
 1.69858e-31
 9.64333e-16
 3.34063e-31
 3.49384e-47
 2.29060e-31
 2.28552e-31
 2.58200e-31
 1.92867e-15
 5.33637e-31
 1.37340e-47
 0.00000e+00
 0.00000e+00
 9.64333e-16
 9.64333e-16
 0.00000e+00
 1.77387e-30
 1.92867e-15
 1.52167e-31
 1.92867e-15
 2.58830e-31
 3.85733e-15
 1.48087e-31
 2.89300e-15
 4.66053e-31
 9.64333e-16
 9.64835e-32
 0.00000e+00
 5.77149e-32
 1.42832e-47
 0.00000e+00
 0.00000e+00
 9.64333e-16
 0.00000e+00
 0.00000e+00
 0.00000e+00
 0.00000e+00
 3.45600e-31
 0.00000e+00
 0.00000e+00
 0.00000e+00
 0.00000e+00
 0.00000e+00
 0.00000e+00
 0.00000e+00
 0.00000e+00
 0.00000e+00
 0.00000e+00
 0.00000e+00
 0.00000e+00
 0.00000e+00
 0.00000e+00
 0.00000e+00
 0.00000e+00
 0.00000e+00
 0.00000e+00
 0.00000e+00
 0.00000e+00
 0.00000e+00
 0.00000e+00
 0.00000e+00
 0.00000e+00
 0.00000e+00
 0.00000e+00
 0.00000e+00
 0.00000e+00
 0.00000e+00
 0.00000e+00
 0.00000e+00
 0.00000e+00
 0.00000e+00
 0.00000e+00
 0.00000e+00
 0.00000e+00
 0.00000e+00
 0.00000e+00
 0.00000e+00
 0.00000e+00
 0.00000e+00
 0.00000e+00
 0.00000e+00
 0.00000e+00
 0.00000e+00
 0.00000e+00
 0.00000e+00
 0.00000e+00
 0.00000e+00
 0.00000e+00
 0.00000e+00
 0.00000e+00
 0.00000e+00
 0.00000e+00
 0.00000e+00
 0.00000e+00
 0.00000e+00
 0.00000e+00
 0.00000e+00
 0.00000e+00
 0.00000e+00
 0.00000e+00
 0.00000e+00
 0.00000e+00
 0.00000e+00
 0.00000e+00
 0.00000e+00
 0.00000e+00
 0.00000e+00
 0.00000e+00
 0.00000e+00
 0.00000e+00
 0.00000e+00
 0.00000e+00
 0.00000e+00
 0.00000e+00
 0.00000e+00
 0.00000e+00
 0.00000e+00
 0.00000e+00
part
         2
hexa8
 0.00000e+00
 0.00000e+00
 0.00000e+00
 0.00000e+00
 0.00000e+00
 0.00000e+00
 0.00000e+00
 0.00000e+00
 0.00000e+00
 0.00000e+00
 0.00000e+00
 0.00000e+00
 0.00000e+00
 0.00000e+00
 0.00000e+00
 0.00000e+00
 0.00000e+00
 0.00000e+00
 0.00000e+00
 0.00000e+00
 0.00000e+00
 0.00000e+00
 0.00000e+00
 0.00000e+00
 0.00000e+00
 0.00000e+00
 0.00000e+00
 0.00000e+00
 0.00000e+00
 0.00000e+00
 0.00000e+00
 0.00000e+00
 0.00000e+00
 0.00000e+00
 0.00000e+00
 0.00000e+00
 0.00000e+00
 0.00000e+00
 0.00000e+00
 0.00000e+00
 0.00000e+00
 0.00000e+00
 0.00000e+00
 0.00000e+00
 0.00000e+00
 0.00000e+00
 0.00000e+00
 0.00000e+00
 0.00000e+00
 0.00000e+00
 0.00000e+00
 0.00000e+00
 0.00000e+00
 0.00000e+00
 0.00000e+00
 0.00000e+00
 0.00000e+00
 0.00000e+00
 0.00000e+00
 0.00000e+00
 0.00000e+00
 0.00000e+00
 0.00000e+00
 0.00000e+00
 0.00000e+00
 0.00000e+00
 0.00000e+00
 0.00000e+00
 0.00000e+00
 0.00000e+00
 0.00000e+00
 0.00000e+00
 0.00000e+00
 0.00000e+00
 0.00000e+00
 0.00000e+00
 0.00000e+00
 0.00000e+00
 0.00000e+00
 0.00000e+00
 0.00000e+00
 0.00000e+00
 0.00000e+00
 0.00000e+00
 0.00000e+00
 0.00000e+00
 0.00000e+00
 0.00000e+00
 0.00000e+00
 0.00000e+00
 0.00000e+00
 0.00000e+00
 0.00000e+00
 0.00000e+00
 0.00000e+00
 0.00000e+00
 0.00000e+00
 0.00000e+00
 0.00000e+00
 0.00000e+00
 0.00000e+00
 0.00000e+00
 0.00000e+00
 0.00000e+00
 0.00000e+00
 0.00000e+00
 0.00000e+00
 0.00000e+00
 0.00000e+00
 0.00000e+00
 0.00000e+00
 0.00000e+00
 0.00000e+00
 0.00000e+00
 0.00000e+00
 0.00000e+00
 0.00000e+00
 0.00000e+00
 0.00000e+00
 0.00000e+00
 0.00000e+00
 0.00000e+00
 0.00000e+00
 0.00000e+00
 0.00000e+00
 0.00000e+00
 0.00000e+00
 0.00000e+00
 0.00000e+00
 0.00000e+00
 0.00000e+00
 0.00000e+00
 0.00000e+00
 0.00000e+00
 0.00000e+00
 0.00000e+00
 0.00000e+00
 0.00000e+00
 0.00000e+00
 0.00000e+00
 0.00000e+00
 0.00000e+00
 0.00000e+00
 0.00000e+00
 0.00000e+00
 0.00000e+00
 0.00000e+00
 0.00000e+00
 0.00000e+00
 0.00000e+00
 0.00000e+00
 0.00000e+00
 0.00000e+00
 0.00000e+00
 0.00000e+00
 0.00000e+00
 0.00000e+00
 0.00000e+00
 0.00000e+00
 0.00000e+00
 0.00000e+00
 0.00000e+00
 0.00000e+00
 0.00000e+00
 0.00000e+00
 0.00000e+00
 0.00000e+00
 0.00000e+00
 0.00000e+00
 0.00000e+00
 0.00000e+00
 0.00000e+00
 0.00000e+00
 0.00000e+00
 0.00000e+00
 0.00000e+00
 0.00000e+00
 0.00000e+00
 0.00000e+00
 0.00000e+00
 0.00000e+00
 0.00000e+00
 0.00000e+00
 0.00000e+00
 0.00000e+00
 0.00000e+00
 0.00000e+00
 0.00000e+00
 0.00000e+00
 0.00000e+00
 0.00000e+00
 0.00000e+00
 0.00000e+00
 0.00000e+00
 0.00000e+00
 0.00000e+00
 0.00000e+00
 0.00000e+00
 0.00000e+00
 0.00000e+00
 0.00000e+00
 0.00000e+00
 0.00000e+00
 0.00000e+00
 0.00000e+00
 0.00000e+00
 0.00000e+00
 0.00000e+00
 0.00000e+00
 0.00000e+00
 0.00000e+00
 0.00000e+00
 0.00000e+00
 0.00000e+00
 0.00000e+00
 0.00000e+00
 0.00000e+00
 0.00000e+00
 0.00000e+00
 0.00000e+00
 0.00000e+00
 0.00000e+00
 0.00000e+00
 0.00000e+00
 0.00000e+00
 0.00000e+00
 0.00000e+00
 0.00000e+00
 0.00000e+00
 0.00000e+00
 0.00000e+00
 0.00000e+00
 0.00000e+00
 0.00000e+00
 0.00000e+00
 0.00000e+00
 0.00000e+00
 0.00000e+00
 0.00000e+00
 0.00000e+00
 0.00000e+00
 0.00000e+00
 0.00000e+00
 0.00000e+00
 0.00000e+00
 0.00000e+00
 0.00000e+00
 0.00000e+00
 0.00000e+00
 0.00000e+00
 0.00000e+00
 0.00000e+00
 0.00000e+00
 0.00000e+00
 0.00000e+00
 0.00000e+00
 0.00000e+00
 0.00000e+00
 0.00000e+00
 0.00000e+00
 0.00000e+00
 0.00000e+00
 0.00000e+00
 0.00000e+00
 0.00000e+00
 0.00000e+00
 0.00000e+00
 0.00000e+00
 0.00000e+00
 0.00000e+00
 0.00000e+00
 0.00000e+00
 0.00000e+00
 0.00000e+00
 0.00000e+00
 0.00000e+00
 0.00000e+00
 0.00000e+00
 0.00000e+00
 0.00000e+00
 0.00000e+00
 0.00000e+00
 0.00000e+00
 0.00000e+00
 0.00000e+00
 0.00000e+00
 0.00000e+00
 0.00000e+00
 0.00000e+00
 0.00000e+00
 0.00000e+00
 0.00000e+00
 0.00000e+00
 0.00000e+00
 0.00000e+00
 0.00000e+00
 0.00000e+00
 0.00000e+00
 0.00000e+00
 0.00000e+00
 0.00000e+00
 0.00000e+00
 0.00000e+00
 0.00000e+00
 0.00000e+00
 0.00000e+00
 0.00000e+00
 0.00000e+00
 0.00000e+00
 0.00000e+00
 0.00000e+00
 0.00000e+00
 0.00000e+00
 0.00000e+00
 0.00000e+00
 0.00000e+00
 0.00000e+00
 0.00000e+00
 0.00000e+00
 0.00000e+00
 0.00000e+00
 0.00000e+00
 0.00000e+00
 0.00000e+00
 0.00000e+00
 0.00000e+00
 0.00000e+00
 0.00000e+00
 0.00000e+00
 0.00000e+00
 0.00000e+00
 0.00000e+00
 0.00000e+00
 0.00000e+00
 0.00000e+00
 0.00000e+00
 0.00000e+00
 0.00000e+00
 0.00000e+00
 0.00000e+00
 0.00000e+00
 0.00000e+00
 0.00000e+00
 0.00000e+00
 0.00000e+00
 0.00000e+00
 0.00000e+00
 0.00000e+00
 0.00000e+00
 0.00000e+00
 0.00000e+00
 0.00000e+00
 0.00000e+00
 0.00000e+00
 0.00000e+00
 0.00000e+00
 0.00000e+00
 0.00000e+00
 0.00000e+00
 0.00000e+00
 0.00000e+00
 0.00000e+00
 0.00000e+00
 0.00000e+00
 0.00000e+00
 0.00000e+00
 0.00000e+00
 0.00000e+00
 0.00000e+00
 0.00000e+00
 0.00000e+00
 0.00000e+00
 0.00000e+00
 0.00000e+00
 0.00000e+00
 0.00000e+00
 0.00000e+00
 0.00000e+00
 0.00000e+00
 0.00000e+00
 0.00000e+00
 0.00000e+00
 0.00000e+00
 0.00000e+00
 0.00000e+00
 0.00000e+00
 0.00000e+00
 0.00000e+00
 0.00000e+00
 0.00000e+00
 0.00000e+00
 0.00000e+00
 0.00000e+00
 0.00000e+00
 0.00000e+00
 0.00000e+00
 0.00000e+00
 0.00000e+00
 0.00000e+00
 0.00000e+00
 0.00000e+00
 0.00000e+00
 0.00000e+00
 0.00000e+00
 0.00000e+00
 0.00000e+00
 0.00000e+00
 0.00000e+00
 0.00000e+00
 0.00000e+00
 0.00000e+00
 0.00000e+00
 0.00000e+00
 0.00000e+00
 0.00000e+00
 0.00000e+00
 0.00000e+00
 0.00000e+00
 0.00000e+00
 0.00000e+00
 0.00000e+00
 0.00000e+00
 0.00000e+00
 0.00000e+00
 0.00000e+00
 0.00000e+00
 0.00000e+00
 0.00000e+00
 0.00000e+00
 0.00000e+00
 0.00000e+00
 0.00000e+00
 0.00000e+00
 0.00000e+00
 0.00000e+00
 0.00000e+00
 0.00000e+00
 0.00000e+00
 0.00000e+00
 0.00000e+00
 0.00000e+00
 0.00000e+00
 0.00000e+00
 0.00000e+00
 0.00000e+00
 0.00000e+00
 0.00000e+00
 0.00000e+00
 0.00000e+00
 0.00000e+00
 0.00000e+00
 0.00000e+00
 0.00000e+00
 0.00000e+00
 0.00000e+00
 0.00000e+00
 0.00000e+00
 0.00000e+00
 0.00000e+00
 0.00000e+00
 0.00000e+00
 0.00000e+00
 0.00000e+00
 0.00000e+00
 0.00000e+00
 0.00000e+00
 0.00000e+00
 0.00000e+00
 0.00000e+00
 0.00000e+00
 0.00000e+00
 0.00000e+00
 0.00000e+00
 0.00000e+00
 0.00000e+00
 0.00000e+00
 0.00000e+00
 0.00000e+00
 0.00000e+00
 0.00000e+00
 0.00000e+00
 0.00000e+00
 0.00000e+00
 0.00000e+00
 0.00000e+00
 0.00000e+00
 0.00000e+00
 0.00000e+00
 0.00000e+00
 0.00000e+00
 0.00000e+00
 0.00000e+00
 0.00000e+00
 0.00000e+00
 0.00000e+00
 0.00000e+00
 0.00000e+00
 0.00000e+00
 0.00000e+00
 0.00000e+00
 0.00000e+00
 0.00000e+00
 0.00000e+00
 0.00000e+00
 0.00000e+00
 0.00000e+00
 0.00000e+00
 0.00000e+00
 0.00000e+00
 0.00000e+00
 0.00000e+00
 0.00000e+00
 0.00000e+00
 0.00000e+00
 0.00000e+00
 0.00000e+00
 0.00000e+00
 0.00000e+00
 0.00000e+00
 0.00000e+00
 0.00000e+00
 0.00000e+00
 0.00000e+00
 0.00000e+00
 0.00000e+00
 0.00000e+00
 0.00000e+00
 0.00000e+00
 0.00000e+00
 0.00000e+00
 0.00000e+00
 0.00000e+00
 0.00000e+00
 0.00000e+00
 0.00000e+00
 0.00000e+00
 0.00000e+00
 0.00000e+00
 0.00000e+00
 0.00000e+00
 0.00000e+00
 0.00000e+00
 0.00000e+00
 0.00000e+00
 0.00000e+00
 0.00000e+00
 0.00000e+00
 0.00000e+00
 0.00000e+00
 0.00000e+00
 0.00000e+00
 0.00000e+00
 0.00000e+00
 0.00000e+00
 0.00000e+00
 0.00000e+00
 0.00000e+00
 0.00000e+00
 0.00000e+00
 0.00000e+00
 0.00000e+00
 0.00000e+00
 0.00000e+00
 0.00000e+00
 0.00000e+00
 0.00000e+00
 0.00000e+00
 0.00000e+00
 0.00000e+00
 0.00000e+00
 0.00000e+00
 0.00000e+00
 0.00000e+00
 0.00000e+00
 0.00000e+00
 0.00000e+00
 0.00000e+00
 0.00000e+00
 0.00000e+00
 0.00000e+00
 0.00000e+00
 0.00000e+00
 0.00000e+00
 0.00000e+00
 0.00000e+00
 0.00000e+00
 0.00000e+00
 0.00000e+00
 0.00000e+00
 0.00000e+00
 0.00000e+00
 0.00000e+00
 0.00000e+00
 0.00000e+00
 0.00000e+00
 0.00000e+00
 0.00000e+00
 0.00000e+00
 0.00000e+00
 0.00000e+00
 0.00000e+00
 0.00000e+00
 0.00000e+00
 0.00000e+00
 0.00000e+00
 0.00000e+00
 0.00000e+00
 0.00000e+00
 0.00000e+00
 0.00000e+00
 0.00000e+00
 0.00000e+00
 0.00000e+00
 0.00000e+00
 0.00000e+00
 0.00000e+00
 0.00000e+00
 0.00000e+00
 0.00000e+00
 0.00000e+00
 0.00000e+00
 0.00000e+00
 0.00000e+00
 0.00000e+00
 0.00000e+00
part
         3
hexa8
 0.00000e+00
 0.00000e+00
 0.00000e+00
 0.00000e+00
 0.00000e+00
 0.00000e+00
 0.00000e+00
 0.00000e+00
 0.00000e+00
 0.00000e+00
 0.00000e+00
 0.00000e+00
 0.00000e+00
 0.00000e+00
 0.00000e+00
 0.00000e+00
 0.00000e+00
 0.00000e+00
 0.00000e+00
 0.00000e+00
 2.50090e-05
 2.50090e-05
 2.50090e-05
 2.50090e-05
 2.50090e-05
 1.72808e-04
 1.72808e-04
 1.72808e-04
 1.72808e-04
 1.72808e-04
 1.27312e-04
 1.27312e-04
 1.27312e-04
 1.27312e-04
 1.27312e-04
 6.98895e-05
 6.98895e-05
 6.98895e-05
 6.98895e-05
 6.98895e-05
 8.82711e-05
 8.82711e-05
 8.82711e-05
 8.82711e-05
 8.82711e-05
 1.54441e-04
 1.54441e-04
 1.54441e-04
 1.54441e-04
 1.54441e-04
 2.00322e-04
 2.00322e-04
 2.00322e-04
 2.00322e-04
 2.00322e-04
 1.62711e-04
 1.62711e-04
 1.62711e-04
 1.62711e-04
 1.62711e-04
 9.74382e-05
 9.74382e-05
 9.74382e-05
 9.74382e-05
 9.74382e-05
 7.27719e-05
 7.27719e-05
 7.27719e-05
 7.27719e-05
 7.27719e-05
 7.40947e-05
 7.40947e-05
 7.40947e-05
 7.40947e-05
 7.40947e-05
 6.87469e-05
 6.87469e-05
 6.87469e-05
 6.87469e-05
 6.87469e-05
 5.14737e-05
 5.14737e-05
 5.14737e-05
 5.14737e-05
 5.14737e-05
 3.16928e-05
 3.16928e-05
 3.16928e-05
 3.16928e-05
 3.16928e-05
 2.07935e-05
 2.07935e-05
 2.07935e-05
 2.07935e-05
 2.07935e-05
 1.72203e-05
 1.72203e-05
 1.72203e-05
 1.72203e-05
 1.72203e-05
 1.67127e-05
 1.67127e-05
 1.67127e-05
 1.67127e-05
 1.67127e-05
 1.62593e-05
 1.62593e-05
 1.62593e-05
 1.62593e-05
 1.62593e-05
 1.68355e-05
 1.68355e-05
 1.68355e-05
 1.68355e-05
 1.68355e-05
 1.93679e-05
 1.93679e-05
 1.93679e-05
 1.93679e-05
 1.93679e-05
 2.62993e-05
 2.62993e-05
 2.62993e-05
 2.62993e-05
 2.62993e-05
 0.00000e+00
 0.00000e+00
 0.00000e+00
 0.00000e+00
 0.00000e+00
 0.00000e+00
 0.00000e+00
 0.00000e+00
 0.00000e+00
 0.00000e+00
 0.00000e+00
 0.00000e+00
 0.00000e+00
 0.00000e+00
 0.00000e+00
 0.00000e+00
 0.00000e+00
 0.00000e+00
 0.00000e+00
 0.00000e+00
 2.50090e-05
 2.50090e-05
 2.50090e-05
 2.50090e-05
 2.50090e-05
 1.72808e-04
 1.72808e-04
 1.72808e-04
 1.72808e-04
 1.72808e-04
 1.27312e-04
 1.27312e-04
 1.27312e-04
 1.27312e-04
 1.27312e-04
 6.98895e-05
 6.98895e-05
 6.98895e-05
 6.98895e-05
 6.98895e-05
 8.82711e-05
 8.82711e-05
 8.82711e-05
 8.82711e-05
 8.82711e-05
 1.54441e-04
 1.54441e-04
 1.54441e-04
 1.54441e-04
 1.54441e-04
 2.00322e-04
 2.00322e-04
 2.00322e-04
 2.00322e-04
 2.00322e-04
 1.62711e-04
 1.62711e-04
 1.62711e-04
 1.62711e-04
 1.62711e-04
 9.74382e-05
 9.74382e-05
 9.74382e-05
 9.74382e-05
 9.74382e-05
 7.27719e-05
 7.27719e-05
 7.27719e-05
 7.27719e-05
 7.27719e-05
 7.40947e-05
 7.40947e-05
 7.40947e-05
 7.40947e-05
 7.40947e-05
 6.87469e-05
 6.87469e-05
 6.87469e-05
 6.87469e-05
 6.87469e-05
 5.14737e-05
 5.14737e-05
 5.14737e-05
 5.14737e-05
 5.14737e-05
 3.16928e-05
 3.16928e-05
 3.16928e-05
 3.16928e-05
 3.16928e-05
 2.07935e-05
 2.07935e-05
 2.07935e-05
 2.07935e-05
 2.07935e-05
 1.72203e-05
 1.72203e-05
 1.72203e-05
 1.72203e-05
 1.72203e-05
 1.67127e-05
 1.67127e-05
 1.67127e-05
 1.67127e-05
 1.67127e-05
 1.62593e-05
 1.62593e-05
 1.62593e-05
 1.62593e-05
 1.62593e-05
 1.68355e-05
 1.68355e-05
 1.68355e-05
 1.68355e-05
 1.68355e-05
 1.93679e-05
 1.93679e-05
 1.93679e-05
 1.93679e-05
 1.93679e-05
 2.62993e-05
 2.62993e-05
 2.62993e-05
 2.62993e-05
 2.62993e-05
 0.00000e+00
 0.00000e+00
 0.00000e+00
 0.00000e+00
 0.00000e+00
 0.00000e+00
 0.00000e+00
 0.00000e+00
 0.00000e+00
 0.00000e+00
 0.00000e+00
 0.00000e+00
 0.00000e+00
 0.00000e+00
 0.00000e+00
 0.00000e+00
 0.00000e+00
 0.00000e+00
 0.00000e+00
 0.00000e+00
 2.50090e-05
 2.50090e-05
 2.50090e-05
 2.50090e-05
 2.50090e-05
 1.72808e-04
 1.72808e-04
 1.72808e-04
 1.72808e-04
 1.72808e-04
 1.27312e-04
 1.27312e-04
 1.27312e-04
 1.27312e-04
 1.27312e-04
 6.98895e-05
 6.98895e-05
 6.98895e-05
 6.98895e-05
 6.98895e-05
 8.82711e-05
 8.82711e-05
 8.82711e-05
 8.82711e-05
 8.82711e-05
 1.54441e-04
 1.54441e-04
 1.54441e-04
 1.54441e-04
 1.54441e-04
 2.00322e-04
 2.00322e-04
 2.00322e-04
 2.00322e-04
 2.00322e-04
 1.62711e-04
 1.62711e-04
 1.62711e-04
 1.62711e-04
 1.62711e-04
 9.74382e-05
 9.74382e-05
 9.74382e-05
 9.74382e-05
 9.74382e-05
 7.27719e-05
 7.27719e-05
 7.27719e-05
 7.27719e-05
 7.27719e-05
 7.40947e-05
 7.40947e-05
 7.40947e-05
 7.40947e-05
 7.40947e-05
 6.87469e-05
 6.87469e-05
 6.87469e-05
 6.87469e-05
 6.87469e-05
 5.14737e-05
 5.14737e-05
 5.14737e-05
 5.14737e-05
 5.14737e-05
 3.16928e-05
 3.16928e-05
 3.16928e-05
 3.16928e-05
 3.16928e-05
 2.07935e-05
 2.07935e-05
 2.07935e-05
 2.07935e-05
 2.07935e-05
 1.72203e-05
 1.72203e-05
 1.72203e-05
 1.72203e-05
 1.72203e-05
 1.67127e-05
 1.67127e-05
 1.67127e-05
 1.67127e-05
 1.67127e-05
 1.62593e-05
 1.62593e-05
 1.62593e-05
 1.62593e-05
 1.62593e-05
 1.68355e-05
 1.68355e-05
 1.68355e-05
 1.68355e-05
 1.68355e-05
 1.93679e-05
 1.93679e-05
 1.93679e-05
 1.93679e-05
 1.93679e-05
 2.62993e-05
 2.62993e-05
 2.62993e-05
 2.62993e-05
 2.62993e-05
 0.00000e+00
 0.00000e+00
 0.00000e+00
 0.00000e+00
 0.00000e+00
 0.00000e+00
 0.00000e+00
 0.00000e+00
 0.00000e+00
 0.00000e+00
 0.00000e+00
 0.00000e+00
 0.00000e+00
 0.00000e+00
 0.00000e+00
 0.00000e+00
 0.00000e+00
 0.00000e+00
 0.00000e+00
 0.00000e+00
 2.50090e-05
 2.50090e-05
 2.50090e-05
 2.50090e-05
 2.50090e-05
 1.72808e-04
 1.72808e-04
 1.72808e-04
 1.72808e-04
 1.72808e-04
 1.27312e-04
 1.27312e-04
 1.27312e-04
 1.27312e-04
 1.27312e-04
 6.98895e-05
 6.98895e-05
 6.98895e-05
 6.98895e-05
 6.98895e-05
 8.82711e-05
 8.82711e-05
 8.82711e-05
 8.82711e-05
 8.82711e-05
 1.54441e-04
 1.54441e-04
 1.54441e-04
 1.54441e-04
 1.54441e-04
 2.00322e-04
 2.00322e-04
 2.00322e-04
 2.00322e-04
 2.00322e-04
 1.62711e-04
 1.62711e-04
 1.62711e-04
 1.62711e-04
 1.62711e-04
 9.74382e-05
 9.74382e-05
 9.74382e-05
 9.74382e-05
 9.74382e-05
 7.27719e-05
 7.27719e-05
 7.27719e-05
 7.27719e-05
 7.27719e-05
 7.40947e-05
 7.40947e-05
 7.40947e-05
 7.40947e-05
 7.40947e-05
 6.87469e-05
 6.87469e-05
 6.87469e-05
 6.87469e-05
 6.87469e-05
 5.14737e-05
 5.14737e-05
 5.14737e-05
 5.14737e-05
 5.14737e-05
 3.16928e-05
 3.16928e-05
 3.16928e-05
 3.16928e-05
 3.16928e-05
 2.07935e-05
 2.07935e-05
 2.07935e-05
 2.07935e-05
 2.07935e-05
 1.72203e-05
 1.72203e-05
 1.72203e-05
 1.72203e-05
 1.72203e-05
 1.67127e-05
 1.67127e-05
 1.67127e-05
 1.67127e-05
 1.67127e-05
 1.62593e-05
 1.62593e-05
 1.62593e-05
 1.62593e-05
 1.62593e-05
 1.68355e-05
 1.68355e-05
 1.68355e-05
 1.68355e-05
 1.68355e-05
 1.93679e-05
 1.93679e-05
 1.93679e-05
 1.93679e-05
 1.93679e-05
 2.62993e-05
 2.62993e-05
 2.62993e-05
 2.62993e-05
 2.62993e-05
 0.00000e+00
 0.00000e+00
 0.00000e+00
 0.00000e+00
 0.00000e+00
 0.00000e+00
 0.00000e+00
 0.00000e+00
 0.00000e+00
 0.00000e+00
 0.00000e+00
 0.00000e+00
 0.00000e+00
 0.00000e+00
 0.00000e+00
 0.00000e+00
 0.00000e+00
 0.00000e+00
 0.00000e+00
 0.00000e+00
 2.50090e-05
 2.50090e-05
 2.50090e-05
 2.50090e-05
 2.50090e-05
 1.72808e-04
 1.72808e-04
 1.72808e-04
 1.72808e-04
 1.72808e-04
 1.27312e-04
 1.27312e-04
 1.27312e-04
 1.27312e-04
 1.27312e-04
 6.98895e-05
 6.98895e-05
 6.98895e-05
 6.98895e-05
 6.98895e-05
 8.82711e-05
 8.82711e-05
 8.82711e-05
 8.82711e-05
 8.82711e-05
 1.54441e-04
 1.54441e-04
 1.54441e-04
 1.54441e-04
 1.54441e-04
 2.00322e-04
 2.00322e-04
 2.00322e-04
 2.00322e-04
 2.00322e-04
 1.62711e-04
 1.62711e-04
 1.62711e-04
 1.62711e-04
 1.62711e-04
 9.74382e-05
 9.74382e-05
 9.74382e-05
 9.74382e-05
 9.74382e-05
 7.27719e-05
 7.27719e-05
 7.27719e-05
 7.27719e-05
 7.27719e-05
 7.40947e-05
 7.40947e-05
 7.40947e-05
 7.40947e-05
 7.40947e-05
 6.87469e-05
 6.87469e-05
 6.87469e-05
 6.87469e-05
 6.87469e-05
 5.14737e-05
 5.14737e-05
 5.14737e-05
 5.14737e-05
 5.14737e-05
 3.16928e-05
 3.16928e-05
 3.16928e-05
 3.16928e-05
 3.16928e-05
 2.07935e-05
 2.07935e-05
 2.07935e-05
 2.07935e-05
 2.07935e-05
 1.72203e-05
 1.72203e-05
 1.72203e-05
 1.72203e-05
 1.72203e-05
 1.67127e-05
 1.67127e-05
 1.67127e-05
 1.67127e-05
 1.67127e-05
 1.62593e-05
 1.62593e-05
 1.62593e-05
 1.62593e-05
 1.62593e-05
 1.68355e-05
 1.68355e-05
 1.68355e-05
 1.68355e-05
 1.68355e-05
 1.93679e-05
 1.93679e-05
 1.93679e-05
 1.93679e-05
 1.93679e-05
 2.62993e-05
 2.62993e-05
 2.62993e-05
 2.62993e-05
 2.62993e-05
part
         4
hexa8
 4.74719e-05
 4.74719e-05
 4.74719e-05
 4.74719e-05
 4.74719e-05
 1.03691e-04
 1.03691e-04
 1.03691e-04
 1.03691e-04
 1.03691e-04
 2.40653e-04
 2.40653e-04
 2.40653e-04
 2.40653e-04
 2.40653e-04
 5.68670e-04
 5.68670e-04
 5.68670e-04
 5.68670e-04
 5.68670e-04
 1.34653e-03
 1.34653e-03
 1.34653e-03
 1.34653e-03
 1.34653e-03
 3.14329e-03
 3.14329e-03
 3.14329e-03
 3.14329e-03
 3.14329e-03
 7.08138e-03
 7.08138e-03
 7.08138e-03
 7.08138e-03
 7.08138e-03
 1.47878e-02
 1.47878e-02
 1.47878e-02
 1.47878e-02
 1.47878e-02
 2.68669e-02
 2.68669e-02
 2.68669e-02
 2.68669e-02
 2.68669e-02
 3.98877e-02
 3.98877e-02
 3.98877e-02
 3.98877e-02
 3.98877e-02
 4.40640e-02
 4.40640e-02
 4.40640e-02
 4.40640e-02
 4.40640e-02
 3.56292e-02
 3.56292e-02
 3.56292e-02
 3.56292e-02
 3.56292e-02
 2.11702e-02
 2.11702e-02
 2.11702e-02
 2.11702e-02
 2.11702e-02
 8.90127e-03
 8.90127e-03
 8.90127e-03
 8.90127e-03
 8.90127e-03
 2.78268e-03
 2.78268e-03
 2.78268e-03
 2.78268e-03
 2.78268e-03
 7.45930e-04
 7.45930e-04
 7.45930e-04
 7.45930e-04
 7.45930e-04
 1.89144e-04
 1.89144e-04
 1.89144e-04
 1.89144e-04
 1.89144e-04
 4.69337e-05
 4.69337e-05
 4.69337e-05
 4.69337e-05
 4.69337e-05
 1.14871e-05
 1.14871e-05
 1.14871e-05
 1.14871e-05
 1.14871e-05
 2.77417e-06
 2.77417e-06
 2.77417e-06
 2.77417e-06
 2.77417e-06
 6.60056e-07
 6.60056e-07
 6.60056e-07
 6.60056e-07
 6.60056e-07
 1.54421e-07
 1.54421e-07
 1.54421e-07
 1.54421e-07
 1.54421e-07
 3.54687e-08
 3.54687e-08
 3.54687e-08
 3.54687e-08
 3.54687e-08
 8.05304e-09
 8.05304e-09
 8.05304e-09
 8.05304e-09
 8.05304e-09
 2.13146e-09
 2.13145e-09
 2.13146e-09
 2.13146e-09
 2.13146e-09
 4.74719e-05
 4.74719e-05
 4.74719e-05
 4.74719e-05
 4.74719e-05
 1.03691e-04
 1.03691e-04
 1.03691e-04
 1.03691e-04
 1.03691e-04
 2.40653e-04
 2.40653e-04
 2.40653e-04
 2.40653e-04
 2.40653e-04
 5.68670e-04
 5.68670e-04
 5.68670e-04
 5.68670e-04
 5.68670e-04
 1.34653e-03
 1.34653e-03
 1.34653e-03
 1.34653e-03
 1.34653e-03
 3.14329e-03
 3.14329e-03
 3.14329e-03
 3.14329e-03
 3.14329e-03
 7.08138e-03
 7.08138e-03
 7.08138e-03
 7.08138e-03
 7.08138e-03
 1.47878e-02
 1.47878e-02
 1.47878e-02
 1.47878e-02
 1.47878e-02
 2.68669e-02
 2.68669e-02
 2.68669e-02
 2.68669e-02
 2.68669e-02
 3.98877e-02
 3.98877e-02
 3.98877e-02
 3.98877e-02
 3.98877e-02
 4.40640e-02
 4.40640e-02
 4.40640e-02
 4.40640e-02
 4.40640e-02
 3.56292e-02
 3.56292e-02
 3.56292e-02
 3.56292e-02
 3.56292e-02
 2.11702e-02
 2.11702e-02
 2.11702e-02
 2.11702e-02
 2.11702e-02
 8.90127e-03
 8.90127e-03
 8.90127e-03
 8.90127e-03
 8.90127e-03
 2.78268e-03
 2.78268e-03
 2.78268e-03
 2.78268e-03
 2.78268e-03
 7.45930e-04
 7.45930e-04
 7.45930e-04
 7.45930e-04
 7.45930e-04
 1.89144e-04
 1.89144e-04
 1.89144e-04
 1.89144e-04
 1.89144e-04
 4.69337e-05
 4.69337e-05
 4.69337e-05
 4.69337e-05
 4.69337e-05
 1.14871e-05
 1.14871e-05
 1.14871e-05
 1.14871e-05
 1.14871e-05
 2.77417e-06
 2.77417e-06
 2.77417e-06
 2.77417e-06
 2.77417e-06
 6.60056e-07
 6.60056e-07
 6.60056e-07
 6.60056e-07
 6.60056e-07
 1.54421e-07
 1.54421e-07
 1.54421e-07
 1.54421e-07
 1.54421e-07
 3.54687e-08
 3.54687e-08
 3.54687e-08
 3.54687e-08
 3.54687e-08
 8.05304e-09
 8.05304e-09
 8.05304e-09
 8.05304e-09
 8.05304e-09
 2.13146e-09
 2.13146e-09
 2.13146e-09
 2.13146e-09
 2.13146e-09
 4.74719e-05
 4.74719e-05
 4.74719e-05
 4.74719e-05
 4.74719e-05
 1.03691e-04
 1.03691e-04
 1.03691e-04
 1.03691e-04
 1.03691e-04
 2.40653e-04
 2.40653e-04
 2.40653e-04
 2.40653e-04
 2.40653e-04
 5.68670e-04
 5.68670e-04
 5.68670e-04
 5.68670e-04
 5.68670e-04
 1.34653e-03
 1.34653e-03
 1.34653e-03
 1.34653e-03
 1.34653e-03
 3.14329e-03
 3.14329e-03
 3.14329e-03
 3.14329e-03
 3.14329e-03
 7.08138e-03
 7.08138e-03
 7.08138e-03
 7.08138e-03
 7.08138e-03
 1.47878e-02
 1.47878e-02
 1.47878e-02
 1.47878e-02
 1.47878e-02
 2.68669e-02
 2.68669e-02
 2.68669e-02
 2.68669e-02
 2.68669e-02
 3.98877e-02
 3.98877e-02
 3.98877e-02
 3.98877e-02
 3.98877e-02
 4.40640e-02
 4.40640e-02
 4.40640e-02
 4.40640e-02
 4.40640e-02
 3.56292e-02
 3.56292e-02
 3.56292e-02
 3.56292e-02
 3.56292e-02
 2.11702e-02
 2.11702e-02
 2.11702e-02
 2.11702e-02
 2.11702e-02
 8.90127e-03
 8.90127e-03
 8.90127e-03
 8.90127e-03
 8.90127e-03
 2.78268e-03
 2.78268e-03
 2.78268e-03
 2.78268e-03
 2.78268e-03
 7.45930e-04
 7.45930e-04
 7.45930e-04
 7.45930e-04
 7.45930e-04
 1.89144e-04
 1.89144e-04
 1.89144e-04
 1.89144e-04
 1.89144e-04
 4.69337e-05
 4.69337e-05
 4.69337e-05
 4.69337e-05
 4.69337e-05
 1.14871e-05
 1.14871e-05
 1.14871e-05
 1.14871e-05
 1.14871e-05
 2.77417e-06
 2.77417e-06
 2.77417e-06
 2.77417e-06
 2.77417e-06
 6.60056e-07
 6.60056e-07
 6.60056e-07
 6.60056e-07
 6.60056e-07
 1.54421e-07
 1.54421e-07
 1.54421e-07
 1.54421e-07
 1.54421e-07
 3.54687e-08
 3.54687e-08
 3.54687e-08
 3.54687e-08
 3.54687e-08
 8.05304e-09
 8.05304e-09
 8.05304e-09
 8.05304e-09
 8.05304e-09
 2.13146e-09
 2.13146e-09
 2.13146e-09
 2.13146e-09
 2.13146e-09
 4.74719e-05
 4.74719e-05
 4.74719e-05
 4.74719e-05
 4.74719e-05
 1.03691e-04
 1.03691e-04
 1.03691e-04
 1.03691e-04
 1.03691e-04
 2.40653e-04
 2.40653e-04
 2.40653e-04
 2.40653e-04
 2.40653e-04
 5.68670e-04
 5.68670e-04
 5.68670e-04
 5.68670e-04
 5.68670e-04
 1.34653e-03
 1.34653e-03
 1.34653e-03
 1.34653e-03
 1.34653e-03
 3.14329e-03
 3.14329e-03
 3.14329e-03
 3.14329e-03
 3.14329e-03
 7.08138e-03
 7.08138e-03
 7.08138e-03
 7.08138e-03
 7.08138e-03
 1.47878e-02
 1.47878e-02
 1.47878e-02
 1.47878e-02
 1.47878e-02
 2.68669e-02
 2.68669e-02
 2.68669e-02
 2.68669e-02
 2.68669e-02
 3.98877e-02
 3.98877e-02
 3.98877e-02
 3.98877e-02
 3.98877e-02
 4.40640e-02
 4.40640e-02
 4.40640e-02
 4.40640e-02
 4.40640e-02
 3.56292e-02
 3.56292e-02
 3.56292e-02
 3.56292e-02
 3.56292e-02
 2.11702e-02
 2.11702e-02
 2.11702e-02
 2.11702e-02
 2.11702e-02
 8.90127e-03
 8.90127e-03
 8.90127e-03
 8.90127e-03
 8.90127e-03
 2.78268e-03
 2.78268e-03
 2.78268e-03
 2.78268e-03
 2.78268e-03
 7.45930e-04
 7.45930e-04
 7.45930e-04
 7.45930e-04
 7.45930e-04
 1.89144e-04
 1.89144e-04
 1.89144e-04
 1.89144e-04
 1.89144e-04
 4.69337e-05
 4.69337e-05
 4.69337e-05
 4.69337e-05
 4.69337e-05
 1.14871e-05
 1.14871e-05
 1.14871e-05
 1.14871e-05
 1.14871e-05
 2.77417e-06
 2.77417e-06
 2.77417e-06
 2.77417e-06
 2.77417e-06
 6.60056e-07
 6.60056e-07
 6.60056e-07
 6.60056e-07
 6.60056e-07
 1.54421e-07
 1.54421e-07
 1.54421e-07
 1.54421e-07
 1.54421e-07
 3.54687e-08
 3.54687e-08
 3.54687e-08
 3.54687e-08
 3.54687e-08
 8.05304e-09
 8.05304e-09
 8.05304e-09
 8.05304e-09
 8.05303e-09
 2.13146e-09
 2.13146e-09
 2.13146e-09
 2.13146e-09
 2.13146e-09
 4.74719e-05
 4.74719e-05
 4.74719e-05
 4.74719e-05
 4.74719e-05
 1.03691e-04
 1.03691e-04
 1.03691e-04
 1.03691e-04
 1.03691e-04
 2.40653e-04
 2.40653e-04
 2.40653e-04
 2.40653e-04
 2.40653e-04
 5.68670e-04
 5.68670e-04
 5.68670e-04
 5.68670e-04
 5.68670e-04
 1.34653e-03
 1.34653e-03
 1.34653e-03
 1.34653e-03
 1.34653e-03
 3.14329e-03
 3.14329e-03
 3.14329e-03
 3.14329e-03
 3.14329e-03
 7.08138e-03
 7.08138e-03
 7.08138e-03
 7.08138e-03
 7.08138e-03
 1.47878e-02
 1.47878e-02
 1.47878e-02
 1.47878e-02
 1.47878e-02
 2.68669e-02
 2.68669e-02
 2.68669e-02
 2.68669e-02
 2.68669e-02
 3.98877e-02
 3.98877e-02
 3.98877e-02
 3.98877e-02
 3.98877e-02
 4.40640e-02
 4.40640e-02
 4.40640e-02
 4.40640e-02
 4.40640e-02
 3.56292e-02
 3.56292e-02
 3.56292e-02
 3.56292e-02
 3.56292e-02
 2.11702e-02
 2.11702e-02
 2.11702e-02
 2.11702e-02
 2.11702e-02
 8.90127e-03
 8.90127e-03
 8.90127e-03
 8.90127e-03
 8.90127e-03
 2.78268e-03
 2.78268e-03
 2.78268e-03
 2.78268e-03
 2.78268e-03
 7.45930e-04
 7.45930e-04
 7.45930e-04
 7.45930e-04
 7.45930e-04
 1.89144e-04
 1.89144e-04
 1.89144e-04
 1.89144e-04
 1.89144e-04
 4.69337e-05
 4.69337e-05
 4.69337e-05
 4.69337e-05
 4.69337e-05
 1.14871e-05
 1.14871e-05
 1.14871e-05
 1.14871e-05
 1.14871e-05
 2.77417e-06
 2.77417e-06
 2.77417e-06
 2.77417e-06
 2.77417e-06
 6.60056e-07
 6.60056e-07
 6.60056e-07
 6.60056e-07
 6.60056e-07
 1.54421e-07
 1.54421e-07
 1.54421e-07
 1.54421e-07
 1.54421e-07
 3.54687e-08
 3.54687e-08
 3.54687e-08
 3.54687e-08
 3.54687e-08
 8.05304e-09
 8.05304e-09
 8.05304e-09
 8.05304e-09
 8.05304e-09
 2.13146e-09
 2.13146e-09
 2.13146e-09
 2.13146e-09
 2.13146e-09
