NodeMass
part
         1
coordinates
 5.00000e-07
 1.00000e-06
 1.00000e-06
 1.00000e-06
 1.00000e-06
 1.00000e-06
 1.00000e-06
 1.00000e-06
 1.00000e-06
 1.00000e-06
 1.00000e-06
 1.00000e-06
 1.00000e-06
 1.00000e-06
 1.00000e-06
 1.00000e-06
 1.00000e-06
 1.00000e-06
 9.99998e-07
 9.99989e-07
 9.99953e-07
 9.99811e-07
 9.99327e-07
 9.97900e-07
 9.94326e-07
 9.86846e-07
 9.73871e-07
 9.55031e-07
 9.31440e-07
 9.04843e-07
 8.76701e-07
 8.47936e-07
 8.19092e-07
 7.90504e-07
 7.62352e-07
 7.34700e-07
 7.07547e-07
 6.80907e-07
 6.55397e-07
 6.31346e-07
 6.08242e-07
 5.85766e-07
 5.64419e-07
 5.44009e-07
 5.24000e-07
 5.05277e-07
 4.87692e-07
 4.71367e-07
 4.56249e-07
 4.42732e-07
 4.34505e-07
 4.29955e-07
 4.25594e-07
 1.00000e-06
 2.00000e-06
 2.00000e-06
 2.00000e-06
 2.00000e-06
 2.00000e-06
 2.00000e-06
 2.00000e-06
 2.00000e-06
 2.00000e-06
 2.00000e-06
 2.00000e-06
 2.00000e-06
 2.00000e-06
 2.00000e-06
 2.00000e-06
 2.00000e-06
 2.00000e-06
 2.00000e-06
 1.99998e-06
 1.99991e-06
 1.99962e-06
 1.99865e-06
 1.99580e-06
 1.98865e-06
 1.97369e-06
 1.94774e-06
 1.91006e-06
 1.86288e-06
 1.80969e-06
 1.75340e-06
 1.69587e-06
 1.63818e-06
 1.58101e-06
 1.52470e-06
 1.46940e-06
 1.41509e-06
 1.36181e-06
 1.31079e-06
 1.26269e-06
 1.21648e-06
 1.17153e-06
 1.12884e-06
 1.08802e-06
 1.04800e-06
 1.01055e-06
 9.75384e-07
 9.42733e-07
 9.12497e-07
 8.85465e-07
 8.69010e-07
 8.59910e-07
 8.51188e-07
 1.00000e-06
 2.00000e-06
 2.00000e-06
 2.00000e-06
 2.00000e-06
 2.00000e-06
 2.00000e-06
 2.00000e-06
 2.00000e-06
 2.00000e-06
 2.00000e-06
 2.00000e-06
 2.00000e-06
 2.00000e-06
 2.00000e-06
 2.00000e-06
 2.00000e-06
 2.00000e-06
 2.00000e-06
 1.99998e-06
 1.99991e-06
 1.99962e-06
 1.99865e-06
 1.99580e-06
 1.98865e-06
 1.97369e-06
 1.94774e-06
 1.91006e-06
 1.86288e-06
 1.80969e-06
 1.75340e-06
 1.69587e-06
 1.63818e-06
 1.58101e-06
 1.52470e-06
 1.46940e-06
 1.41509e-06
 1.36181e-06
 1.31079e-06
 1.26269e-06
 1.21648e-06
 1.17153e-06
 1.12884e-06
 1.08802e-06
 1.04800e-06
 1.01055e-06
 9.75384e-07
 9.42733e-07
 9.12497e-07
 8.85465e-07
 8.69010e-07
 8.59910e-07
 8.51188e-07
 1.00000e-06
 2.00000e-06
 2.00000e-06
 2.00000e-06
 2.00000e-06
 2.00000e-06
 2.00000e-06
 2.00000e-06
 2.00000e-06
 2.00000e-06
 2.00000e-06
 2.00000e-06
 2.00000e-06
 2.00000e-06
 2.00000e-06
 2.00000e-06
 2.00000e-06
 2.00000e-06
 2.00000e-06
 1.99998e-06
 1.99991e-06
 1.99962e-06
 1.99865e-06
 1.99580e-06
 1.98865e-06
 1.97369e-06
 1.94774e-06
 1.91006e-06
 1.86288e-06
 1.80969e-06
 1.75340e-06
 1.69587e-06
 1.63818e-06
 1.58101e-06
 1.52470e-06
 1.46940e-06
 1.41509e-06
 1.36181e-06
 1.31079e-06
 1.26269e-06
 1.21648e-06
 1.17153e-06
 1.12884e-06
 1.08802e-06
 1.04800e-06
 1.01055e-06
 9.75384e-07
 9.42733e-07
 9.12497e-07
 8.85465e-07
 8.69010e-07
 8.59910e-07
 8.51188e-07
 1.00000e-06
 2.00000e-06
 2.00000e-06
 2.00000e-06
 2.00000e-06
 2.00000e-06
 2.00000e-06
 2.00000e-06
 2.00000e-06
 2.00000e-06
 2.00000e-06
 2.00000e-06
 2.00000e-06
 2.00000e-06
 2.00000e-06
 2.00000e-06
 2.00000e-06
 2.00000e-06
 2.00000e-06
 1.99998e-06
 1.99991e-06
 1.99962e-06
 1.99865e-06
 1.99580e-06
 1.98865e-06
 1.97369e-06
 1.94774e-06
 1.91006e-06
 1.86288e-06
 1.80969e-06
 1.75340e-06
 1.69587e-06
 1.63818e-06
 1.58101e-06
 1.52470e-06
 1.46940e-06
 1.41509e-06
 1.36181e-06
 1.31079e-06
 1.26269e-06
 1.21648e-06
 1.17153e-06
 1.12884e-06
 1.08802e-06
 1.04800e-06
 1.01055e-06
 9.75384e-07
 9.42733e-07
 9.12497e-07
 8.85465e-07
 8.69010e-07
 8.59910e-07
 8.51188e-07
 1.00000e-06
 2.00000e-06
 2.00000e-06
 2.00000e-06
 2.00000e-06
 2.00000e-06
 2.00000e-06
 2.00000e-06
 2.00000e-06
 2.00000e-06
 2.00000e-06
 2.00000e-06
 2.00000e-06
 2.00000e-06
 2.00000e-06
 2.00000e-06
 2.00000e-06
 2.00000e-06
 2.00000e-06
 1.99998e-06
 1.99991e-06
 1.99962e-06
 1.99865e-06
 1.99580e-06
 1.98865e-06
 1.97369e-06
 1.94774e-06
 1.91006e-06
 1.86288e-06
 1.80969e-06
 1.75340e-06
 1.69587e-06
 1.63818e-06
 1.58101e-06
 1.52470e-06
 1.46940e-06
 1.41509e-06
 1.36181e-06
 1.31079e-06
 1.26269e-06
 1.21648e-06
 1.17153e-06
 1.12884e-06
 1.08802e-06
 1.04800e-06
 1.01055e-06
 9.75384e-07
 9.42733e-07
 9.12497e-07
 8.85465e-07
 8.69010e-07
 8.59910e-07
 8.51188e-07
 2.00000e-06
 4.00000e-06
 4.00000e-06
 4.00000e-06
 4.00000e-06
 4.00000e-06
 4.00000e-06
 4.00000e-06
 4.00000e-06
 4.00000e-06
 4.00000e-06
 4.00000e-06
 4.00000e-06
 4.00000e-06
 4.00000e-06
 4.00000e-06
 4.00000e-06
 4.00000e-06
 3.99999e-06
 3.99996e-06
 3.99981e-06
 3.99924e-06
 3.99731e-06
 3.99160e-06
 3.97730e-06
 3.94738e-06
 3.89548e-06
 3.82012e-06
 3.72576e-06
 3.61937e-06
 3.50680e-06
 3.39174e-06
 3.27637e-06
 3.16201e-06
 3.04941e-06
 2.93880e-06
 2.83019e-06
 2.72363e-06
 2.62159e-06
 2.52538e-06
 2.43297e-06
 2.34306e-06
 2.25768e-06
 2.17604e-06
 2.09600e-06
 2.02111e-06
 1.95077e-06
 1.88547e-06
 1.82499e-06
 1.77093e-06
 1.73802e-06
 1.71982e-06
 1.70238e-06
 2.00000e-06
 4.00000e-06
 4.00000e-06
 4.00000e-06
 4.00000e-06
 4.00000e-06
 4.00000e-06
 4.00000e-06
 4.00000e-06
 4.00000e-06
 4.00000e-06
 4.00000e-06
 4.00000e-06
 4.00000e-06
 4.00000e-06
 4.00000e-06
 4.00000e-06
 4.00000e-06
 3.99999e-06
 3.99996e-06
 3.99981e-06
 3.99924e-06
 3.99731e-06
 3.99160e-06
 3.97730e-06
 3.94738e-06
 3.89548e-06
 3.82012e-06
 3.72576e-06
 3.61937e-06
 3.50680e-06
 3.39174e-06
 3.27637e-06
 3.16201e-06
 3.04941e-06
 2.93880e-06
 2.83019e-06
 2.72363e-06
 2.62159e-06
 2.52538e-06
 2.43297e-06
 2.34306e-06
 2.25768e-06
 2.17604e-06
 2.09600e-06
 2.02111e-06
 1.95077e-06
 1.88547e-06
 1.82499e-06
 1.77093e-06
 1.73802e-06
 1.71982e-06
 1.70238e-06
 2.00000e-06
 4.00000e-06
 4.00000e-06
 4.00000e-06
 4.00000e-06
 4.00000e-06
 4.00000e-06
 4.00000e-06
 4.00000e-06
 4.00000e-06
 4.00000e-06
 4.00000e-06
 4.00000e-06
 4.00000e-06
 4.00000e-06
 4.00000e-06
 4.00000e-06
 4.00000e-06
 3.99999e-06
 3.99996e-06
 3.99981e-06
 3.99924e-06
 3.99731e-06
 3.99160e-06
 3.97730e-06
 3.94738e-06
 3.89548e-06
 3.82012e-06
 3.72576e-06
 3.61937e-06
 3.50680e-06
 3.39174e-06
 3.27637e-06
 3.16201e-06
 3.04941e-06
 2.93880e-06
 2.83019e-06
 2.72363e-06
 2.62159e-06
 2.52538e-06
 2.43297e-06
 2.34306e-06
 2.25768e-06
 2.17604e-06
 2.09600e-06
 2.02111e-06
 1.95077e-06
 1.88547e-06
 1.82499e-06
 1.77093e-06
 1.73802e-06
 1.71982e-06
 1.70238e-06
 2.00000e-06
 4.00000e-06
 4.00000e-06
 4.00000e-06
 4.00000e-06
 4.00000e-06
 4.00000e-06
 4.00000e-06
 4.00000e-06
 4.00000e-06
 4.00000e-06
 4.00000e-06
 4.00000e-06
 4.00000e-06
 4.00000e-06
 4.00000e-06
 4.00000e-06
 4.00000e-06
 3.99999e-06
 3.99996e-06
 3.99981e-06
 3.99924e-06
 3.99731e-06
 3.99160e-06
 3.97730e-06
 3.94738e-06
 3.89548e-06
 3.82012e-06
 3.72576e-06
 3.61937e-06
 3.50680e-06
 3.39174e-06
 3.27637e-06
 3.16201e-06
 3.04941e-06
 2.93880e-06
 2.83019e-06
 2.72363e-06
 2.62159e-06
 2.52538e-06
 2.43297e-06
 2.34306e-06
 2.25768e-06
 2.17604e-06
 2.09600e-06
 2.02111e-06
 1.95077e-06
 1.88547e-06
 1.82499e-06
 1.77093e-06
 1.73802e-06
 1.71982e-06
 1.70238e-06
 1.00000e-06
 2.00000e-06
 2.00000e-06
 2.00000e-06
 2.00000e-06
 2.00000e-06
 2.00000e-06
 2.00000e-06
 2.00000e-06
 2.00000e-06
 2.00000e-06
 2.00000e-06
 2.00000e-06
 2.00000e-06
 2.00000e-06
 2.00000e-06
 2.00000e-06
 2.00000e-06
 2.00000e-06
 1.99998e-06
 1.99991e-06
 1.99962e-06
 1.99865e-06
 1.99580e-06
 1.98865e-06
 1.97369e-06
 1.94774e-06
 1.91006e-06
 1.86288e-06
 1.80969e-06
 1.75340e-06
 1.69587e-06
 1.63818e-06
 1.58101e-06
 1.52470e-06
 1.46940e-06
 1.41509e-06
 1.36181e-06
 1.31079e-06
 1.26269e-06
 1.21648e-06
 1.17153e-06
 1.12884e-06
 1.08802e-06
 1.04800e-06
 1.01055e-06
 9.75384e-07
 9.42733e-07
 9.12497e-07
 8.85465e-07
 8.69010e-07
 8.59910e-07
 8.51188e-07
 2.00000e-06
 4.00000e-06
 4.00000e-06
 4.00000e-06
 4.00000e-06
 4.00000e-06
 4.00000e-06
 4.00000e-06
 4.00000e-06
 4.00000e-06
 4.00000e-06
 4.00000e-06
 4.00000e-06
 4.00000e-06
 4.00000e-06
 4.00000e-06
 4.00000e-06
 4.00000e-06
 3.99999e-06
 3.99996e-06
 3.99981e-06
 3.99924e-06
 3.99731e-06
 3.99160e-06
 3.97730e-06
 3.94738e-06
 3.89548e-06
 3.82012e-06
 3.72576e-06
 3.61937e-06
 3.50680e-06
 3.39174e-06
 3.27637e-06
 3.16201e-06
 3.04941e-06
 2.93880e-06
 2.83019e-06
 2.72363e-06
 2.62159e-06
 2.52538e-06
 2.43297e-06
 2.34306e-06
 2.25768e-06
 2.17604e-06
 2.09600e-06
 2.02111e-06
 1.95077e-06
 1.88547e-06
 1.82499e-06
 1.77093e-06
 1.73802e-06
 1.71982e-06
 1.70238e-06
 2.00000e-06
 4.00000e-06
 4.00000e-06
 4.00000e-06
 4.00000e-06
 4.00000e-06
 4.00000e-06
 4.00000e-06
 4.00000e-06
 4.00000e-06
 4.00000e-06
 4.00000e-06
 4.00000e-06
 4.00000e-06
 4.00000e-06
 4.00000e-06
 4.00000e-06
 4.00000e-06
 3.99999e-06
 3.99996e-06
 3.99981e-06
 3.99924e-06
 3.99731e-06
 3.99160e-06
 3.97730e-06
 3.94738e-06
 3.89548e-06
 3.82012e-06
 3.72576e-06
 3.61937e-06
 3.50680e-06
 3.39174e-06
 3.27637e-06
 3.16201e-06
 3.04941e-06
 2.93880e-06
 2.83019e-06
 2.72363e-06
 2.62159e-06
 2.52538e-06
 2.43297e-06
 2.34306e-06
 2.25768e-06
 2.17604e-06
 2.09600e-06
 2.02111e-06
 1.95077e-06
 1.88547e-06
 1.82499e-06
 1.77093e-06
 1.73802e-06
 1.71982e-06
 1.70238e-06
 2.00000e-06
 4.00000e-06
 4.00000e-06
 4.00000e-06
 4.00000e-06
 4.00000e-06
 4.00000e-06
 4.00000e-06
 4.00000e-06
 4.00000e-06
 4.00000e-06
 4.00000e-06
 4.00000e-06
 4.00000e-06
 4.00000e-06
 4.00000e-06
 4.00000e-06
 4.00000e-06
 3.99999e-06
 3.99996e-06
 3.99981e-06
 3.99924e-06
 3.99731e-06
 3.99160e-06
 3.97730e-06
 3.94738e-06
 3.89548e-06
 3.82012e-06
 3.72576e-06
 3.61937e-06
 3.50680e-06
 3.39174e-06
 3.27637e-06
 3.16201e-06
 3.04941e-06
 2.93880e-06
 2.83019e-06
 2.72363e-06
 2.62159e-06
 2.52538e-06
 2.43297e-06
 2.34306e-06
 2.25768e-06
 2.17604e-06
 2.09600e-06
 2.02111e-06
 1.95077e-06
 1.88547e-06
 1.82499e-06
 1.77093e-06
 1.73802e-06
 1.71982e-06
 1.70238e-06
 2.00000e-06
 4.00000e-06
 4.00000e-06
 4.00000e-06
 4.00000e-06
 4.00000e-06
 4.00000e-06
 4.00000e-06
 4.00000e-06
 4.00000e-06
 4.00000e-06
 4.00000e-06
 4.00000e-06
 4.00000e-06
 4.00000e-06
 4.00000e-06
 4.00000e-06
 4.00000e-06
 3.99999e-06
 3.99996e-06
 3.99981e-06
 3.99924e-06
 3.99731e-06
 3.99160e-06
 3.97730e-06
 3.94738e-06
 3.89548e-06
 3.82012e-06
 3.72576e-06
 3.61937e-06
 3.50680e-06
 3.39174e-06
 3.27637e-06
 3.16201e-06
 3.04941e-06
 2.93880e-06
 2.83019e-06
 2.72363e-06
 2.62159e-06
 2.52538e-06
 2.43297e-06
 2.34306e-06
 2.25768e-06
 2.17604e-06
 2.09600e-06
 2.02111e-06
 1.95077e-06
 1.88547e-06
 1.82499e-06
 1.77093e-06
 1.73802e-06
 1.71982e-06
 1.70238e-06
 1.00000e-06
 2.00000e-06
 2.00000e-06
 2.00000e-06
 2.00000e-06
 2.00000e-06
 2.00000e-06
 2.00000e-06
 2.00000e-06
 2.00000e-06
 2.00000e-06
 2.00000e-06
 2.00000e-06
 2.00000e-06
 2.00000e-06
 2.00000e-06
 2.00000e-06
 2.00000e-06
 2.00000e-06
 1.99998e-06
 1.99991e-06
 1.99962e-06
 1.99865e-06
 1.99580e-06
 1.98865e-06
 1.97369e-06
 1.94774e-06
 1.91006e-06
 1.86288e-06
 1.80969e-06
 1.75340e-06
 1.69587e-06
 1.63818e-06
 1.58101e-06
 1.52470e-06
 1.46940e-06
 1.41509e-06
 1.36181e-06
 1.31079e-06
 1.26269e-06
 1.21648e-06
 1.17153e-06
 1.12884e-06
 1.08802e-06
 1.04800e-06
 1.01055e-06
 9.75384e-07
 9.42733e-07
 9.12497e-07
 8.85465e-07
 8.69010e-07
 8.59910e-07
 8.51188e-07
 2.00000e-06
 4.00000e-06
 4.00000e-06
 4.00000e-06
 4.00000e-06
 4.00000e-06
 4.00000e-06
 4.00000e-06
 4.00000e-06
 4.00000e-06
 4.00000e-06
 4.00000e-06
 4.00000e-06
 4.00000e-06
 4.00000e-06
 4.00000e-06
 4.00000e-06
 4.00000e-06
 3.99999e-06
 3.99996e-06
 3.99981e-06
 3.99924e-06
 3.99731e-06
 3.99160e-06
 3.97730e-06
 3.94738e-06
 3.89548e-06
 3.82012e-06
 3.72576e-06
 3.61937e-06
 3.50680e-06
 3.39174e-06
 3.27637e-06
 3.16201e-06
 3.04941e-06
 2.93880e-06
 2.83019e-06
 2.72363e-06
 2.62159e-06
 2.52538e-06
 2.43297e-06
 2.34306e-06
 2.25768e-06
 2.17604e-06
 2.09600e-06
 2.02111e-06
 1.95077e-06
 1.88547e-06
 1.82499e-06
 1.77093e-06
 1.73802e-06
 1.71982e-06
 1.70238e-06
 2.00000e-06
 4.00000e-06
 4.00000e-06
 4.00000e-06
 4.00000e-06
 4.00000e-06
 4.00000e-06
 4.00000e-06
 4.00000e-06
 4.00000e-06
 4.00000e-06
 4.00000e-06
 4.00000e-06
 4.00000e-06
 4.00000e-06
 4.00000e-06
 4.00000e-06
 4.00000e-06
 3.99999e-06
 3.99996e-06
 3.99981e-06
 3.99924e-06
 3.99731e-06
 3.99160e-06
 3.97730e-06
 3.94738e-06
 3.89548e-06
 3.82012e-06
 3.72576e-06
 3.61937e-06
 3.50680e-06
 3.39174e-06
 3.27637e-06
 3.16201e-06
 3.04941e-06
 2.93880e-06
 2.83019e-06
 2.72363e-06
 2.62159e-06
 2.52538e-06
 2.43297e-06
 2.34306e-06
 2.25768e-06
 2.17604e-06
 2.09600e-06
 2.02111e-06
 1.95077e-06
 1.88547e-06
 1.82499e-06
 1.77093e-06
 1.73802e-06
 1.71982e-06
 1.70238e-06
 2.00000e-06
 4.00000e-06
 4.00000e-06
 4.00000e-06
 4.00000e-06
 4.00000e-06
 4.00000e-06
 4.00000e-06
 4.00000e-06
 4.00000e-06
 4.00000e-06
 4.00000e-06
 4.00000e-06
 4.00000e-06
 4.00000e-06
 4.00000e-06
 4.00000e-06
 4.00000e-06
 3.99999e-06
 3.99996e-06
 3.99981e-06
 3.99924e-06
 3.99731e-06
 3.99160e-06
 3.97730e-06
 3.94738e-06
 3.89548e-06
 3.82012e-06
 3.72576e-06
 3.61937e-06
 3.50680e-06
 3.39174e-06
 3.27637e-06
 3.16201e-06
 3.04941e-06
 2.93880e-06
 2.83019e-06
 2.72363e-06
 2.62159e-06
 2.52538e-06
 2.43297e-06
 2.34306e-06
 2.25768e-06
 2.17604e-06
 2.09600e-06
 2.02111e-06
 1.95077e-06
 1.88547e-06
 1.82499e-06
 1.77093e-06
 1.73802e-06
 1.71982e-06
 1.70238e-06
 2.00000e-06
 4.00000e-06
 4.00000e-06
 4.00000e-06
 4.00000e-06
 4.00000e-06
 4.00000e-06
 4.00000e-06
 4.00000e-06
 4.00000e-06
 4.00000e-06
 4.00000e-06
 4.00000e-06
 4.00000e-06
 4.00000e-06
 4.00000e-06
 4.00000e-06
 4.00000e-06
 3.99999e-06
 3.99996e-06
 3.99981e-06
 3.99924e-06
 3.99731e-06
 3.99160e-06
 3.97730e-06
 3.94738e-06
 3.89548e-06
 3.82012e-06
 3.72576e-06
 3.61937e-06
 3.50680e-06
 3.39174e-06
 3.27637e-06
 3.16201e-06
 3.04941e-06
 2.93880e-06
 2.83019e-06
 2.72363e-06
 2.62159e-06
 2.52538e-06
 2.43297e-06
 2.34306e-06
 2.25768e-06
 2.17604e-06
 2.09600e-06
 2.02111e-06
 1.95077e-06
 1.88547e-06
 1.82499e-06
 1.77093e-06
 1.73802e-06
 1.71982e-06
 1.70238e-06
 1.00000e-06
 2.00000e-06
 2.00000e-06
 2.00000e-06
 2.00000e-06
 2.00000e-06
 2.00000e-06
 2.00000e-06
 2.00000e-06
 2.00000e-06
 2.00000e-06
 2.00000e-06
 2.00000e-06
 2.00000e-06
 2.00000e-06
 2.00000e-06
 2.00000e-06
 2.00000e-06
 2.00000e-06
 1.99998e-06
 1.99991e-06
 1.99962e-06
 1.99865e-06
 1.99580e-06
 1.98865e-06
 1.97369e-06
 1.94774e-06
 1.91006e-06
 1.86288e-06
 1.80969e-06
 1.75340e-06
 1.69587e-06
 1.63818e-06
 1.58101e-06
 1.52470e-06
 1.46940e-06
 1.41509e-06
 1.36181e-06
 1.31079e-06
 1.26269e-06
 1.21648e-06
 1.17153e-06
 1.12884e-06
 1.08802e-06
 1.04800e-06
 1.01055e-06
 9.75384e-07
 9.42733e-07
 9.12497e-07
 8.85465e-07
 8.69010e-07
 8.59910e-07
 8.51188e-07
 2.00000e-06
 4.00000e-06
 4.00000e-06
 4.00000e-06
 4.00000e-06
 4.00000e-06
 4.00000e-06
 4.00000e-06
 4.00000e-06
 4.00000e-06
 4.00000e-06
 4.00000e-06
 4.00000e-06
 4.00000e-06
 4.00000e-06
 4.00000e-06
 4.00000e-06
 4.00000e-06
 3.99999e-06
 3.99996e-06
 3.99981e-06
 3.99924e-06
 3.99731e-06
 3.99160e-06
 3.97730e-06
 3.94738e-06
 3.89548e-06
 3.82012e-06
 3.72576e-06
 3.61937e-06
 3.50680e-06
 3.39174e-06
 3.27637e-06
 3.16201e-06
 3.04941e-06
 2.93880e-06
 2.83019e-06
 2.72363e-06
 2.62159e-06
 2.52538e-06
 2.43297e-06
 2.34306e-06
 2.25768e-06
 2.17604e-06
 2.09600e-06
 2.02111e-06
 1.95077e-06
 1.88547e-06
 1.82499e-06
 1.77093e-06
 1.73802e-06
 1.71982e-06
 1.70238e-06
 2.00000e-06
 4.00000e-06
 4.00000e-06
 4.00000e-06
 4.00000e-06
 4.00000e-06
 4.00000e-06
 4.00000e-06
 4.00000e-06
 4.00000e-06
 4.00000e-06
 4.00000e-06
 4.00000e-06
 4.00000e-06
 4.00000e-06
 4.00000e-06
 4.00000e-06
 4.00000e-06
 3.99999e-06
 3.99996e-06
 3.99981e-06
 3.99924e-06
 3.99731e-06
 3.99160e-06
 3.97730e-06
 3.94738e-06
 3.89548e-06
 3.82012e-06
 3.72576e-06
 3.61937e-06
 3.50680e-06
 3.39174e-06
 3.27637e-06
 3.16201e-06
 3.04941e-06
 2.93880e-06
 2.83019e-06
 2.72363e-06
 2.62159e-06
 2.52538e-06
 2.43297e-06
 2.34306e-06
 2.25768e-06
 2.17604e-06
 2.09600e-06
 2.02111e-06
 1.95077e-06
 1.88547e-06
 1.82499e-06
 1.77093e-06
 1.73802e-06
 1.71982e-06
 1.70238e-06
 2.00000e-06
 4.00000e-06
 4.00000e-06
 4.00000e-06
 4.00000e-06
 4.00000e-06
 4.00000e-06
 4.00000e-06
 4.00000e-06
 4.00000e-06
 4.00000e-06
 4.00000e-06
 4.00000e-06
 4.00000e-06
 4.00000e-06
 4.00000e-06
 4.00000e-06
 4.00000e-06
 3.99999e-06
 3.99996e-06
 3.99981e-06
 3.99924e-06
 3.99731e-06
 3.99160e-06
 3.97730e-06
 3.94738e-06
 3.89548e-06
 3.82012e-06
 3.72576e-06
 3.61937e-06
 3.50680e-06
 3.39174e-06
 3.27637e-06
 3.16201e-06
 3.04941e-06
 2.93880e-06
 2.83019e-06
 2.72363e-06
 2.62159e-06
 2.52538e-06
 2.43297e-06
 2.34306e-06
 2.25768e-06
 2.17604e-06
 2.09600e-06
 2.02111e-06
 1.95077e-06
 1.88547e-06
 1.82499e-06
 1.77093e-06
 1.73802e-06
 1.71982e-06
 1.70238e-06
 2.00000e-06
 4.00000e-06
 4.00000e-06
 4.00000e-06
 4.00000e-06
 4.00000e-06
 4.00000e-06
 4.00000e-06
 4.00000e-06
 4.00000e-06
 4.00000e-06
 4.00000e-06
 4.00000e-06
 4.00000e-06
 4.00000e-06
 4.00000e-06
 4.00000e-06
 4.00000e-06
 3.99999e-06
 3.99996e-06
 3.99981e-06
 3.99924e-06
 3.99731e-06
 3.99160e-06
 3.97730e-06
 3.94738e-06
 3.89548e-06
 3.82012e-06
 3.72576e-06
 3.61937e-06
 3.50680e-06
 3.39174e-06
 3.27637e-06
 3.16201e-06
 3.04941e-06
 2.93880e-06
 2.83019e-06
 2.72363e-06
 2.62159e-06
 2.52538e-06
 2.43297e-06
 2.34306e-06
 2.25768e-06
 2.17604e-06
 2.09600e-06
 2.02111e-06
 1.95077e-06
 1.88547e-06
 1.82499e-06
 1.77093e-06
 1.73802e-06
 1.71982e-06
 1.70238e-06
 5.00000e-07
 1.00000e-06
 1.00000e-06
 1.00000e-06
 1.00000e-06
 1.00000e-06
 1.00000e-06
 1.00000e-06
 1.00000e-06
 1.00000e-06
 1.00000e-06
 1.00000e-06
 1.00000e-06
 1.00000e-06
 1.00000e-06
 1.00000e-06
 1.00000e-06
 1.00000e-06
 9.99998e-07
 9.99989e-07
 9.99953e-07
 9.99811e-07
 9.99327e-07
 9.97900e-07
 9.94326e-07
 9.86846e-07
 9.73871e-07
 9.55031e-07
 9.31440e-07
 9.04843e-07
 8.76701e-07
 8.47936e-07
 8.19092e-07
 7.90504e-07
 7.62352e-07
 7.34700e-07
 7.07547e-07
 6.80907e-07
 6.55397e-07
 6.31346e-07
 6.08242e-07
 5.85766e-07
 5.64419e-07
 5.44009e-07
 5.24000e-07
 5.05277e-07
 4.87692e-07
 4.71367e-07
 4.56249e-07
 4.42732e-07
 4.34505e-07
 4.29955e-07
 4.25594e-07
 1.00000e-06
 2.00000e-06
 2.00000e-06
 2.00000e-06
 2.00000e-06
 2.00000e-06
 2.00000e-06
 2.00000e-06
 2.00000e-06
 2.00000e-06
 2.00000e-06
 2.00000e-06
 2.00000e-06
 2.00000e-06
 2.00000e-06
 2.00000e-06
 2.00000e-06
 2.00000e-06
 2.00000e-06
 1.99998e-06
 1.99991e-06
 1.99962e-06
 1.99865e-06
 1.99580e-06
 1.98865e-06
 1.97369e-06
 1.94774e-06
 1.91006e-06
 1.86288e-06
 1.80969e-06
 1.75340e-06
 1.69587e-06
 1.63818e-06
 1.58101e-06
 1.52470e-06
 1.46940e-06
 1.41509e-06
 1.36181e-06
 1.31079e-06
 1.26269e-06
 1.21648e-06
 1.17153e-06
 1.12884e-06
 1.08802e-06
 1.04800e-06
 1.01055e-06
 9.75384e-07
 9.42733e-07
 9.12497e-07
 8.85465e-07
 8.69010e-07
 8.59910e-07
 8.51188e-07
 1.00000e-06
 2.00000e-06
 2.00000e-06
 2.00000e-06
 2.00000e-06
 2.00000e-06
 2.00000e-06
 2.00000e-06
 2.00000e-06
 2.00000e-06
 2.00000e-06
 2.00000e-06
 2.00000e-06
 2.00000e-06
 2.00000e-06
 2.00000e-06
 2.00000e-06
 2.00000e-06
 2.00000e-06
 1.99998e-06
 1.99991e-06
 1.99962e-06
 1.99865e-06
 1.99580e-06
 1.98865e-06
 1.97369e-06
 1.94774e-06
 1.91006e-06
 1.86288e-06
 1.80969e-06
 1.75340e-06
 1.69587e-06
 1.63818e-06
 1.58101e-06
 1.52470e-06
 1.46940e-06
 1.41509e-06
 1.36181e-06
 1.31079e-06
 1.26269e-06
 1.21648e-06
 1.17153e-06
 1.12884e-06
 1.08802e-06
 1.04800e-06
 1.01055e-06
 9.75384e-07
 9.42733e-07
 9.12497e-07
 8.85465e-07
 8.69010e-07
 8.59910e-07
 8.51188e-07
 1.00000e-06
 2.00000e-06
 2.00000e-06
 2.00000e-06
 2.00000e-06
 2.00000e-06
 2.00000e-06
 2.00000e-06
 2.00000e-06
 2.00000e-06
 2.00000e-06
 2.00000e-06
 2.00000e-06
 2.00000e-06
 2.00000e-06
 2.00000e-06
 2.00000e-06
 2.00000e-06
 2.00000e-06
 1.99998e-06
 1.99991e-06
 1.99962e-06
 1.99865e-06
 1.99580e-06
 1.98865e-06
 1.97369e-06
 1.94774e-06
 1.91006e-06
 1.86288e-06
 1.80969e-06
 1.75340e-06
 1.69587e-06
 1.63818e-06
 1.58101e-06
 1.52470e-06
 1.46940e-06
 1.41509e-06
 1.36181e-06
 1.31079e-06
 1.26269e-06
 1.21648e-06
 1.17153e-06
 1.12884e-06
 1.08802e-06
 1.04800e-06
 1.01055e-06
 9.75384e-07
 9.42733e-07
 9.12497e-07
 8.85465e-07
 8.69010e-07
 8.59910e-07
 8.51188e-07
 1.00000e-06
 2.00000e-06
 2.00000e-06
 2.00000e-06
 2.00000e-06
 2.00000e-06
 2.00000e-06
 2.00000e-06
 2.00000e-06
 2.00000e-06
 2.00000e-06
 2.00000e-06
 2.00000e-06
 2.00000e-06
 2.00000e-06
 2.00000e-06
 2.00000e-06
 2.00000e-06
 2.00000e-06
 1.99998e-06
 1.99991e-06
 1.99962e-06
 1.99865e-06
 1.99580e-06
 1.98865e-06
 1.97369e-06
 1.94774e-06
 1.91006e-06
 1.86288e-06
 1.80969e-06
 1.75340e-06
 1.69587e-06
 1.63818e-06
 1.58101e-06
 1.52470e-06
 1.46940e-06
 1.41509e-06
 1.36181e-06
 1.31079e-06
 1.26269e-06
 1.21648e-06
 1.17153e-06
 1.12884e-06
 1.08802e-06
 1.04800e-06
 1.01055e-06
 9.75384e-07
 9.42733e-07
 9.12497e-07
 8.85465e-07
 8.69010e-07
 8.59910e-07
 8.51188e-07
part
         2
coordinates
 4.56249e-07
 4.42732e-07
 4.34505e-07
 4.29955e-07
 4.25594e-07
 4.23295e-07
 4.23089e-07
 4.23407e-07
 4.24237e-07
 4.25088e-07
 4.25348e-07
 4.25155e-07
 4.24807e-07
 4.24622e-07
 4.24664e-07
 4.24491e-07
 4.23007e-07
 4.18284e-07
 4.07630e-07
 3.88037e-07
 3.57138e-07
 3.19834e-07
 2.91478e-07
 2.77272e-07
 2.70590e-07
 2.67816e-07
 2.66873e-07
 2.66678e-07
 2.66714e-07
 2.66790e-07
 2.66853e-07
 2.66901e-07
 2.66921e-07
 2.66776e-07
 2.65635e-07
 2.59777e-07
 2.38573e-07
 1.92835e-07
 1.47758e-07
 1.28970e-07
 1.25478e-07
 1.25051e-07
 1.25005e-07
 1.25001e-07
 1.25000e-07
 1.25000e-07
 1.25000e-07
 1.25000e-07
 1.25000e-07
 1.25000e-07
 1.25000e-07
 1.25000e-07
 6.25000e-08
 9.12497e-07
 8.85465e-07
 8.69010e-07
 8.59910e-07
 8.51188e-07
 8.46591e-07
 8.46178e-07
 8.46815e-07
 8.48473e-07
 8.50176e-07
 8.50695e-07
 8.50311e-07
 8.49614e-07
 8.49245e-07
 8.49328e-07
 8.48983e-07
 8.46013e-07
 8.36567e-07
 8.15260e-07
 7.76075e-07
 7.14275e-07
 6.39668e-07
 5.82956e-07
 5.54544e-07
 5.41180e-07
 5.35632e-07
 5.33746e-07
 5.33356e-07
 5.33428e-07
 5.33579e-07
 5.33707e-07
 5.33801e-07
 5.33841e-07
 5.33552e-07
 5.31270e-07
 5.19555e-07
 4.77147e-07
 3.85669e-07
 2.95517e-07
 2.57939e-07
 2.50955e-07
 2.50103e-07
 2.50011e-07
 2.50001e-07
 2.50000e-07
 2.50000e-07
 2.50000e-07
 2.50000e-07
 2.50000e-07
 2.50000e-07
 2.50000e-07
 2.50000e-07
 1.25000e-07
 9.12497e-07
 8.85465e-07
 8.69010e-07
 8.59910e-07
 8.51188e-07
 8.46591e-07
 8.46178e-07
 8.46815e-07
 8.48473e-07
 8.50176e-07
 8.50695e-07
 8.50311e-07
 8.49614e-07
 8.49245e-07
 8.49328e-07
 8.48983e-07
 8.46013e-07
 8.36567e-07
 8.15260e-07
 7.76075e-07
 7.14275e-07
 6.39668e-07
 5.82956e-07
 5.54544e-07
 5.41180e-07
 5.35632e-07
 5.33746e-07
 5.33356e-07
 5.33428e-07
 5.33579e-07
 5.33707e-07
 5.33801e-07
 5.33841e-07
 5.33552e-07
 5.31270e-07
 5.19555e-07
 4.77147e-07
 3.85669e-07
 2.95517e-07
 2.57939e-07
 2.50955e-07
 2.50103e-07
 2.50011e-07
 2.50001e-07
 2.50000e-07
 2.50000e-07
 2.50000e-07
 2.50000e-07
 2.50000e-07
 2.50000e-07
 2.50000e-07
 2.50000e-07
 1.25000e-07
 9.12497e-07
 8.85465e-07
 8.69010e-07
 8.59910e-07
 8.51188e-07
 8.46591e-07
 8.46178e-07
 8.46815e-07
 8.48473e-07
 8.50176e-07
 8.50695e-07
 8.50311e-07
 8.49614e-07
 8.49245e-07
 8.49328e-07
 8.48983e-07
 8.46013e-07
 8.36567e-07
 8.15260e-07
 7.76075e-07
 7.14275e-07
 6.39668e-07
 5.82956e-07
 5.54544e-07
 5.41180e-07
 5.35632e-07
 5.33746e-07
 5.33356e-07
 5.33428e-07
 5.33579e-07
 5.33707e-07
 5.33801e-07
 5.33841e-07
 5.33552e-07
 5.31270e-07
 5.19555e-07
 4.77147e-07
 3.85669e-07
 2.95517e-07
 2.57939e-07
 2.50955e-07
 2.50103e-07
 2.50011e-07
 2.50001e-07
 2.50000e-07
 2.50000e-07
 2.50000e-07
 2.50000e-07
 2.50000e-07
 2.50000e-07
 2.50000e-07
 2.50000e-07
 1.25000e-07
 9.12497e-07
 8.85465e-07
 8.69010e-07
 8.59910e-07
 8.51188e-07
 8.46591e-07
 8.46178e-07
 8.46815e-07
 8.48473e-07
 8.50176e-07
 8.50695e-07
 8.50311e-07
 8.49614e-07
 8.49245e-07
 8.49328e-07
 8.48983e-07
 8.46013e-07
 8.36567e-07
 8.15260e-07
 7.76075e-07
 7.14275e-07
 6.39668e-07
 5.82956e-07
 5.54544e-07
 5.41180e-07
 5.35632e-07
 5.33746e-07
 5.33356e-07
 5.33428e-07
 5.33579e-07
 5.33707e-07
 5.33801e-07
 5.33841e-07
 5.33552e-07
 5.31270e-07
 5.19555e-07
 4.77147e-07
 3.85669e-07
 2.95517e-07
 2.57939e-07
 2.50955e-07
 2.50103e-07
 2.50011e-07
 2.50001e-07
 2.50000e-07
 2.50000e-07
 2.50000e-07
 2.50000e-07
 2.50000e-07
 2.50000e-07
 2.50000e-07
 2.50000e-07
 1.25000e-07
 9.12497e-07
 8.85465e-07
 8.69010e-07
 8.59910e-07
 8.51188e-07
 8.46591e-07
 8.46178e-07
 8.46815e-07
 8.48473e-07
 8.50176e-07
 8.50695e-07
 8.50311e-07
 8.49614e-07
 8.49245e-07
 8.49328e-07
 8.48983e-07
 8.46013e-07
 8.36567e-07
 8.15260e-07
 7.76075e-07
 7.14275e-07
 6.39668e-07
 5.82956e-07
 5.54544e-07
 5.41180e-07
 5.35632e-07
 5.33746e-07
 5.33356e-07
 5.33428e-07
 5.33579e-07
 5.33707e-07
 5.33801e-07
 5.33841e-07
 5.33552e-07
 5.31270e-07
 5.19555e-07
 4.77147e-07
 3.85669e-07
 2.95517e-07
 2.57939e-07
 2.50955e-07
 2.50103e-07
 2.50011e-07
 2.50001e-07
 2.50000e-07
 2.50000e-07
 2.50000e-07
 2.50000e-07
 2.50000e-07
 2.50000e-07
 2.50000e-07
 2.50000e-07
 1.25000e-07
 1.82499e-06
 1.77093e-06
 1.73802e-06
 1.71982e-06
 1.70238e-06
 1.69318e-06
 1.69236e-06
 1.69363e-06
 1.69695e-06
 1.70035e-06
 1.70139e-06
 1.70062e-06
 1.69923e-06
 1.69849e-06
 1.69866e-06
 1.69797e-06
 1.69203e-06
 1.67313e-06
 1.63052e-06
 1.55215e-06
 1.42855e-06
 1.27934e-06
 1.16591e-06
 1.10909e-06
 1.08236e-06
 1.07126e-06
 1.06749e-06
 1.06671e-06
 1.06686e-06
 1.06716e-06
 1.06741e-06
 1.06760e-06
 1.06768e-06
 1.06710e-06
 1.06254e-06
 1.03911e-06
 9.54293e-07
 7.71338e-07
 5.91034e-07
 5.15878e-07
 5.01911e-07
 5.00206e-07
 5.00022e-07
 5.00002e-07
 5.00000e-07
 5.00000e-07
 5.00000e-07
 5.00000e-07
 5.00000e-07
 5.00000e-07
 5.00000e-07
 5.00000e-07
 2.50000e-07
 1.82499e-06
 1.77093e-06
 1.73802e-06
 1.71982e-06
 1.70238e-06
 1.69318e-06
 1.69236e-06
 1.69363e-06
 1.69695e-06
 1.70035e-06
 1.70139e-06
 1.70062e-06
 1.69923e-06
 1.69849e-06
 1.69866e-06
 1.69797e-06
 1.69203e-06
 1.67313e-06
 1.63052e-06
 1.55215e-06
 1.42855e-06
 1.27934e-06
 1.16591e-06
 1.10909e-06
 1.08236e-06
 1.07126e-06
 1.06749e-06
 1.06671e-06
 1.06686e-06
 1.06716e-06
 1.06741e-06
 1.06760e-06
 1.06768e-06
 1.06710e-06
 1.06254e-06
 1.03911e-06
 9.54293e-07
 7.71338e-07
 5.91034e-07
 5.15878e-07
 5.01911e-07
 5.00206e-07
 5.00022e-07
 5.00002e-07
 5.00000e-07
 5.00000e-07
 5.00000e-07
 5.00000e-07
 5.00000e-07
 5.00000e-07
 5.00000e-07
 5.00000e-07
 2.50000e-07
 1.82499e-06
 1.77093e-06
 1.73802e-06
 1.71982e-06
 1.70238e-06
 1.69318e-06
 1.69236e-06
 1.69363e-06
 1.69695e-06
 1.70035e-06
 1.70139e-06
 1.70062e-06
 1.69923e-06
 1.69849e-06
 1.69866e-06
 1.69797e-06
 1.69203e-06
 1.67313e-06
 1.63052e-06
 1.55215e-06
 1.42855e-06
 1.27934e-06
 1.16591e-06
 1.10909e-06
 1.08236e-06
 1.07126e-06
 1.06749e-06
 1.06671e-06
 1.06686e-06
 1.06716e-06
 1.06741e-06
 1.06760e-06
 1.06768e-06
 1.06710e-06
 1.06254e-06
 1.03911e-06
 9.54293e-07
 7.71338e-07
 5.91034e-07
 5.15878e-07
 5.01911e-07
 5.00206e-07
 5.00022e-07
 5.00002e-07
 5.00000e-07
 5.00000e-07
 5.00000e-07
 5.00000e-07
 5.00000e-07
 5.00000e-07
 5.00000e-07
 5.00000e-07
 2.50000e-07
 1.82499e-06
 1.77093e-06
 1.73802e-06
 1.71982e-06
 1.70238e-06
 1.69318e-06
 1.69236e-06
 1.69363e-06
 1.69695e-06
 1.70035e-06
 1.70139e-06
 1.70062e-06
 1.69923e-06
 1.69849e-06
 1.69866e-06
 1.69797e-06
 1.69203e-06
 1.67313e-06
 1.63052e-06
 1.55215e-06
 1.42855e-06
 1.27934e-06
 1.16591e-06
 1.10909e-06
 1.08236e-06
 1.07126e-06
 1.06749e-06
 1.06671e-06
 1.06686e-06
 1.06716e-06
 1.06741e-06
 1.06760e-06
 1.06768e-06
 1.06710e-06
 1.06254e-06
 1.03911e-06
 9.54293e-07
 7.71338e-07
 5.91034e-07
 5.15878e-07
 5.01911e-07
 5.00206e-07
 5.00022e-07
 5.00002e-07
 5.00000e-07
 5.00000e-07
 5.00000e-07
 5.00000e-07
 5.00000e-07
 5.00000e-07
 5.00000e-07
 5.00000e-07
 2.50000e-07
 9.12497e-07
 8.85465e-07
 8.69010e-07
 8.59910e-07
 8.51188e-07
 8.46591e-07
 8.46178e-07
 8.46815e-07
 8.48473e-07
 8.50176e-07
 8.50695e-07
 8.50311e-07
 8.49614e-07
 8.49245e-07
 8.49328e-07
 8.48983e-07
 8.46013e-07
 8.36567e-07
 8.15260e-07
 7.76075e-07
 7.14275e-07
 6.39668e-07
 5.82956e-07
 5.54544e-07
 5.41180e-07
 5.35632e-07
 5.33746e-07
 5.33356e-07
 5.33428e-07
 5.33579e-07
 5.33707e-07
 5.33801e-07
 5.33841e-07
 5.33552e-07
 5.31270e-07
 5.19555e-07
 4.77147e-07
 3.85669e-07
 2.95517e-07
 2.57939e-07
 2.50955e-07
 2.50103e-07
 2.50011e-07
 2.50001e-07
 2.50000e-07
 2.50000e-07
 2.50000e-07
 2.50000e-07
 2.50000e-07
 2.50000e-07
 2.50000e-07
 2.50000e-07
 1.25000e-07
 1.82499e-06
 1.77093e-06
 1.73802e-06
 1.71982e-06
 1.70238e-06
 1.69318e-06
 1.69236e-06
 1.69363e-06
 1.69695e-06
 1.70035e-06
 1.70139e-06
 1.70062e-06
 1.69923e-06
 1.69849e-06
 1.69866e-06
 1.69797e-06
 1.69203e-06
 1.67313e-06
 1.63052e-06
 1.55215e-06
 1.42855e-06
 1.27934e-06
 1.16591e-06
 1.10909e-06
 1.08236e-06
 1.07126e-06
 1.06749e-06
 1.06671e-06
 1.06686e-06
 1.06716e-06
 1.06741e-06
 1.06760e-06
 1.06768e-06
 1.06710e-06
 1.06254e-06
 1.03911e-06
 9.54293e-07
 7.71338e-07
 5.91034e-07
 5.15878e-07
 5.01911e-07
 5.00206e-07
 5.00022e-07
 5.00002e-07
 5.00000e-07
 5.00000e-07
 5.00000e-07
 5.00000e-07
 5.00000e-07
 5.00000e-07
 5.00000e-07
 5.00000e-07
 2.50000e-07
 1.82499e-06
 1.77093e-06
 1.73802e-06
 1.71982e-06
 1.70238e-06
 1.69318e-06
 1.69236e-06
 1.69363e-06
 1.69695e-06
 1.70035e-06
 1.70139e-06
 1.70062e-06
 1.69923e-06
 1.69849e-06
 1.69866e-06
 1.69797e-06
 1.69203e-06
 1.67313e-06
 1.63052e-06
 1.55215e-06
 1.42855e-06
 1.27934e-06
 1.16591e-06
 1.10909e-06
 1.08236e-06
 1.07126e-06
 1.06749e-06
 1.06671e-06
 1.06686e-06
 1.06716e-06
 1.06741e-06
 1.06760e-06
 1.06768e-06
 1.06710e-06
 1.06254e-06
 1.03911e-06
 9.54293e-07
 7.71338e-07
 5.91034e-07
 5.15878e-07
 5.01911e-07
 5.00206e-07
 5.00022e-07
 5.00002e-07
 5.00000e-07
 5.00000e-07
 5.00000e-07
 5.00000e-07
 5.00000e-07
 5.00000e-07
 5.00000e-07
 5.00000e-07
 2.50000e-07
 1.82499e-06
 1.77093e-06
 1.73802e-06
 1.71982e-06
 1.70238e-06
 1.69318e-06
 1.69236e-06
 1.69363e-06
 1.69695e-06
 1.70035e-06
 1.70139e-06
 1.70062e-06
 1.69923e-06
 1.69849e-06
 1.69866e-06
 1.69797e-06
 1.69203e-06
 1.67313e-06
 1.63052e-06
 1.55215e-06
 1.42855e-06
 1.27934e-06
 1.16591e-06
 1.10909e-06
 1.08236e-06
 1.07126e-06
 1.06749e-06
 1.06671e-06
 1.06686e-06
 1.06716e-06
 1.06741e-06
 1.06760e-06
 1.06768e-06
 1.06710e-06
 1.06254e-06
 1.03911e-06
 9.54293e-07
 7.71338e-07
 5.91034e-07
 5.15878e-07
 5.01911e-07
 5.00206e-07
 5.00022e-07
 5.00002e-07
 5.00000e-07
 5.00000e-07
 5.00000e-07
 5.00000e-07
 5.00000e-07
 5.00000e-07
 5.00000e-07
 5.00000e-07
 2.50000e-07
 1.82499e-06
 1.77093e-06
 1.73802e-06
 1.71982e-06
 1.70238e-06
 1.69318e-06
 1.69236e-06
 1.69363e-06
 1.69695e-06
 1.70035e-06
 1.70139e-06
 1.70062e-06
 1.69923e-06
 1.69849e-06
 1.69866e-06
 1.69797e-06
 1.69203e-06
 1.67313e-06
 1.63052e-06
 1.55215e-06
 1.42855e-06
 1.27934e-06
 1.16591e-06
 1.10909e-06
 1.08236e-06
 1.07126e-06
 1.06749e-06
 1.06671e-06
 1.06686e-06
 1.06716e-06
 1.06741e-06
 1.06760e-06
 1.06768e-06
 1.06710e-06
 1.06254e-06
 1.03911e-06
 9.54293e-07
 7.71338e-07
 5.91034e-07
 5.15878e-07
 5.01911e-07
 5.00206e-07
 5.00022e-07
 5.00002e-07
 5.00000e-07
 5.00000e-07
 5.00000e-07
 5.00000e-07
 5.00000e-07
 5.00000e-07
 5.00000e-07
 5.00000e-07
 2.50000e-07
 9.12497e-07
 8.85465e-07
 8.69010e-07
 8.59910e-07
 8.51188e-07
 8.46591e-07
 8.46178e-07
 8.46815e-07
 8.48473e-07
 8.50176e-07
 8.50695e-07
 8.50311e-07
 8.49614e-07
 8.49245e-07
 8.49328e-07
 8.48983e-07
 8.46013e-07
 8.36567e-07
 8.15260e-07
 7.76075e-07
 7.14275e-07
 6.39668e-07
 5.82956e-07
 5.54544e-07
 5.41180e-07
 5.35632e-07
 5.33746e-07
 5.33356e-07
 5.33428e-07
 5.33579e-07
 5.33707e-07
 5.33801e-07
 5.33841e-07
 5.33552e-07
 5.31270e-07
 5.19555e-07
 4.77147e-07
 3.85669e-07
 2.95517e-07
 2.57939e-07
 2.50955e-07
 2.50103e-07
 2.50011e-07
 2.50001e-07
 2.50000e-07
 2.50000e-07
 2.50000e-07
 2.50000e-07
 2.50000e-07
 2.50000e-07
 2.50000e-07
 2.50000e-07
 1.25000e-07
 1.82499e-06
 1.77093e-06
 1.73802e-06
 1.71982e-06
 1.70238e-06
 1.69318e-06
 1.69236e-06
 1.69363e-06
 1.69695e-06
 1.70035e-06
 1.70139e-06
 1.70062e-06
 1.69923e-06
 1.69849e-06
 1.69866e-06
 1.69797e-06
 1.69203e-06
 1.67313e-06
 1.63052e-06
 1.55215e-06
 1.42855e-06
 1.27934e-06
 1.16591e-06
 1.10909e-06
 1.08236e-06
 1.07126e-06
 1.06749e-06
 1.06671e-06
 1.06686e-06
 1.06716e-06
 1.06741e-06
 1.06760e-06
 1.06768e-06
 1.06710e-06
 1.06254e-06
 1.03911e-06
 9.54293e-07
 7.71338e-07
 5.91034e-07
 5.15878e-07
 5.01911e-07
 5.00206e-07
 5.00022e-07
 5.00002e-07
 5.00000e-07
 5.00000e-07
 5.00000e-07
 5.00000e-07
 5.00000e-07
 5.00000e-07
 5.00000e-07
 5.00000e-07
 2.50000e-07
 1.82499e-06
 1.77093e-06
 1.73802e-06
 1.71982e-06
 1.70238e-06
 1.69318e-06
 1.69236e-06
 1.69363e-06
 1.69695e-06
 1.70035e-06
 1.70139e-06
 1.70062e-06
 1.69923e-06
 1.69849e-06
 1.69866e-06
 1.69797e-06
 1.69203e-06
 1.67313e-06
 1.63052e-06
 1.55215e-06
 1.42855e-06
 1.27934e-06
 1.16591e-06
 1.10909e-06
 1.08236e-06
 1.07126e-06
 1.06749e-06
 1.06671e-06
 1.06686e-06
 1.06716e-06
 1.06741e-06
 1.06760e-06
 1.06768e-06
 1.06710e-06
 1.06254e-06
 1.03911e-06
 9.54293e-07
 7.71338e-07
 5.91034e-07
 5.15878e-07
 5.01911e-07
 5.00206e-07
 5.00022e-07
 5.00002e-07
 5.00000e-07
 5.00000e-07
 5.00000e-07
 5.00000e-07
 5.00000e-07
 5.00000e-07
 5.00000e-07
 5.00000e-07
 2.50000e-07
 1.82499e-06
 1.77093e-06
 1.73802e-06
 1.71982e-06
 1.70238e-06
 1.69318e-06
 1.69236e-06
 1.69363e-06
 1.69695e-06
 1.70035e-06
 1.70139e-06
 1.70062e-06
 1.69923e-06
 1.69849e-06
 1.69866e-06
 1.69797e-06
 1.69203e-06
 1.67313e-06
 1.63052e-06
 1.55215e-06
 1.42855e-06
 1.27934e-06
 1.16591e-06
 1.10909e-06
 1.08236e-06
 1.07126e-06
 1.06749e-06
 1.06671e-06
 1.06686e-06
 1.06716e-06
 1.06741e-06
 1.06760e-06
 1.06768e-06
 1.06710e-06
 1.06254e-06
 1.03911e-06
 9.54293e-07
 7.71338e-07
 5.91034e-07
 5.15878e-07
 5.01911e-07
 5.00206e-07
 5.00022e-07
 5.00002e-07
 5.00000e-07
 5.00000e-07
 5.00000e-07
 5.00000e-07
 5.00000e-07
 5.00000e-07
 5.00000e-07
 5.00000e-07
 2.50000e-07
 1.82499e-06
 1.77093e-06
 1.73802e-06
 1.71982e-06
 1.70238e-06
 1.69318e-06
 1.69236e-06
 1.69363e-06
 1.69695e-06
 1.70035e-06
 1.70139e-06
 1.70062e-06
 1.69923e-06
 1.69849e-06
 1.69866e-06
 1.69797e-06
 1.69203e-06
 1.67313e-06
 1.63052e-06
 1.55215e-06
 1.42855e-06
 1.27934e-06
 1.16591e-06
 1.10909e-06
 1.08236e-06
 1.07126e-06
 1.06749e-06
 1.06671e-06
 1.06686e-06
 1.06716e-06
 1.06741e-06
 1.06760e-06
 1.06768e-06
 1.06710e-06
 1.06254e-06
 1.03911e-06
 9.54293e-07
 7.71338e-07
 5.91034e-07
 5.15878e-07
 5.01911e-07
 5.00206e-07
 5.00022e-07
 5.00002e-07
 5.00000e-07
 5.00000e-07
 5.00000e-07
 5.00000e-07
 5.00000e-07
 5.00000e-07
 5.00000e-07
 5.00000e-07
 2.50000e-07
 9.12497e-07
 8.85465e-07
 8.69010e-07
 8.59910e-07
 8.51188e-07
 8.46591e-07
 8.46178e-07
 8.46815e-07
 8.48473e-07
 8.50176e-07
 8.50695e-07
 8.50311e-07
 8.49614e-07
 8.49245e-07
 8.49328e-07
 8.48983e-07
 8.46013e-07
 8.36567e-07
 8.15260e-07
 7.76075e-07
 7.14275e-07
 6.39668e-07
 5.82956e-07
 5.54544e-07
 5.41180e-07
 5.35632e-07
 5.33746e-07
 5.33356e-07
 5.33428e-07
 5.33579e-07
 5.33707e-07
 5.33801e-07
 5.33841e-07
 5.33552e-07
 5.31270e-07
 5.19555e-07
 4.77147e-07
 3.85669e-07
 2.95517e-07
 2.57939e-07
 2.50955e-07
 2.50103e-07
 2.50011e-07
 2.50001e-07
 2.50000e-07
 2.50000e-07
 2.50000e-07
 2.50000e-07
 2.50000e-07
 2.50000e-07
 2.50000e-07
 2.50000e-07
 1.25000e-07
 1.82499e-06
 1.77093e-06
 1.73802e-06
 1.71982e-06
 1.70238e-06
 1.69318e-06
 1.69236e-06
 1.69363e-06
 1.69695e-06
 1.70035e-06
 1.70139e-06
 1.70062e-06
 1.69923e-06
 1.69849e-06
 1.69866e-06
 1.69797e-06
 1.69203e-06
 1.67313e-06
 1.63052e-06
 1.55215e-06
 1.42855e-06
 1.27934e-06
 1.16591e-06
 1.10909e-06
 1.08236e-06
 1.07126e-06
 1.06749e-06
 1.06671e-06
 1.06686e-06
 1.06716e-06
 1.06741e-06
 1.06760e-06
 1.06768e-06
 1.06710e-06
 1.06254e-06
 1.03911e-06
 9.54293e-07
 7.71338e-07
 5.91034e-07
 5.15878e-07
 5.01911e-07
 5.00206e-07
 5.00022e-07
 5.00002e-07
 5.00000e-07
 5.00000e-07
 5.00000e-07
 5.00000e-07
 5.00000e-07
 5.00000e-07
 5.00000e-07
 5.00000e-07
 2.50000e-07
 1.82499e-06
 1.77093e-06
 1.73802e-06
 1.71982e-06
 1.70238e-06
 1.69318e-06
 1.69236e-06
 1.69363e-06
 1.69695e-06
 1.70035e-06
 1.70139e-06
 1.70062e-06
 1.69923e-06
 1.69849e-06
 1.69866e-06
 1.69797e-06
 1.69203e-06
 1.67313e-06
 1.63052e-06
 1.55215e-06
 1.42855e-06
 1.27934e-06
 1.16591e-06
 1.10909e-06
 1.08236e-06
 1.07126e-06
 1.06749e-06
 1.06671e-06
 1.06686e-06
 1.06716e-06
 1.06741e-06
 1.06760e-06
 1.06768e-06
 1.06710e-06
 1.06254e-06
 1.03911e-06
 9.54293e-07
 7.71338e-07
 5.91034e-07
 5.15878e-07
 5.01911e-07
 5.00206e-07
 5.00022e-07
 5.00002e-07
 5.00000e-07
 5.00000e-07
 5.00000e-07
 5.00000e-07
 5.00000e-07
 5.00000e-07
 5.00000e-07
 5.00000e-07
 2.50000e-07
 1.82499e-06
 1.77093e-06
 1.73802e-06
 1.71982e-06
 1.70238e-06
 1.69318e-06
 1.69236e-06
 1.69363e-06
 1.69695e-06
 1.70035e-06
 1.70139e-06
 1.70062e-06
 1.69923e-06
 1.69849e-06
 1.69866e-06
 1.69797e-06
 1.69203e-06
 1.67313e-06
 1.63052e-06
 1.55215e-06
 1.42855e-06
 1.27934e-06
 1.16591e-06
 1.10909e-06
 1.08236e-06
 1.07126e-06
 1.06749e-06
 1.06671e-06
 1.06686e-06
 1.06716e-06
 1.06741e-06
 1.06760e-06
 1.06768e-06
 1.06710e-06
 1.06254e-06
 1.03911e-06
 9.54293e-07
 7.71338e-07
 5.91034e-07
 5.15878e-07
 5.01911e-07
 5.00206e-07
 5.00022e-07
 5.00002e-07
 5.00000e-07
 5.00000e-07
 5.00000e-07
 5.00000e-07
 5.00000e-07
 5.00000e-07
 5.00000e-07
 5.00000e-07
 2.50000e-07
 1.82499e-06
 1.77093e-06
 1.73802e-06
 1.71982e-06
 1.70238e-06
 1.69318e-06
 1.69236e-06
 1.69363e-06
 1.69695e-06
 1.70035e-06
 1.70139e-06
 1.70062e-06
 1.69923e-06
 1.69849e-06
 1.69866e-06
 1.69797e-06
 1.69203e-06
 1.67313e-06
 1.63052e-06
 1.55215e-06
 1.42855e-06
 1.27934e-06
 1.16591e-06
 1.10909e-06
 1.08236e-06
 1.07126e-06
 1.06749e-06
 1.06671e-06
 1.06686e-06
 1.06716e-06
 1.06741e-06
 1.06760e-06
 1.06768e-06
 1.06710e-06
 1.06254e-06
 1.03911e-06
 9.54293e-07
 7.71338e-07
 5.91034e-07
 5.15878e-07
 5.01911e-07
 5.00206e-07
 5.00022e-07
 5.00002e-07
 5.00000e-07
 5.00000e-07
 5.00000e-07
 5.00000e-07
 5.00000e-07
 5.00000e-07
 5.00000e-07
 5.00000e-07
 2.50000e-07
 4.56249e-07
 4.42732e-07
 4.34505e-07
 4.29955e-07
 4.25594e-07
 4.23295e-07
 4.23089e-07
 4.23407e-07
 4.24237e-07
 4.25088e-07
 4.25348e-07
 4.25155e-07
 4.24807e-07
 4.24622e-07
 4.24664e-07
 4.24491e-07
 4.23007e-07
 4.18284e-07
 4.07630e-07
 3.88037e-07
 3.57138e-07
 3.19834e-07
 2.91478e-07
 2.77272e-07
 2.70590e-07
 2.67816e-07
 2.66873e-07
 2.66678e-07
 2.66714e-07
 2.66790e-07
 2.66853e-07
 2.66901e-07
 2.66921e-07
 2.66776e-07
 2.65635e-07
 2.59777e-07
 2.38573e-07
 1.92835e-07
 1.47758e-07
 1.28970e-07
 1.25478e-07
 1.25051e-07
 1.25005e-07
 1.25001e-07
 1.25000e-07
 1.25000e-07
 1.25000e-07
 1.25000e-07
 1.25000e-07
 1.25000e-07
 1.25000e-07
 1.25000e-07
 6.25000e-08
 9.12497e-07
 8.85465e-07
 8.69010e-07
 8.59910e-07
 8.51188e-07
 8.46591e-07
 8.46178e-07
 8.46815e-07
 8.48473e-07
 8.50176e-07
 8.50695e-07
 8.50311e-07
 8.49614e-07
 8.49245e-07
 8.49328e-07
 8.48983e-07
 8.46013e-07
 8.36567e-07
 8.15260e-07
 7.76075e-07
 7.14275e-07
 6.39668e-07
 5.82956e-07
 5.54544e-07
 5.41180e-07
 5.35632e-07
 5.33746e-07
 5.33356e-07
 5.33428e-07
 5.33579e-07
 5.33707e-07
 5.33801e-07
 5.33841e-07
 5.33552e-07
 5.31270e-07
 5.19555e-07
 4.77147e-07
 3.85669e-07
 2.95517e-07
 2.57939e-07
 2.50955e-07
 2.50103e-07
 2.50011e-07
 2.50001e-07
 2.50000e-07
 2.50000e-07
 2.50000e-07
 2.50000e-07
 2.50000e-07
 2.50000e-07
 2.50000e-07
 2.50000e-07
 1.25000e-07
 9.12497e-07
 8.85465e-07
 8.69010e-07
 8.59910e-07
 8.51188e-07
 8.46591e-07
 8.46178e-07
 8.46815e-07
 8.48473e-07
 8.50176e-07
 8.50695e-07
 8.50311e-07
 8.49614e-07
 8.49245e-07
 8.49328e-07
 8.48983e-07
 8.46013e-07
 8.36567e-07
 8.15260e-07
 7.76075e-07
 7.14275e-07
 6.39668e-07
 5.82956e-07
 5.54544e-07
 5.41180e-07
 5.35632e-07
 5.33746e-07
 5.33356e-07
 5.33428e-07
 5.33579e-07
 5.33707e-07
 5.33801e-07
 5.33841e-07
 5.33552e-07
 5.31270e-07
 5.19555e-07
 4.77147e-07
 3.85669e-07
 2.95517e-07
 2.57939e-07
 2.50955e-07
 2.50103e-07
 2.50011e-07
 2.50001e-07
 2.50000e-07
 2.50000e-07
 2.50000e-07
 2.50000e-07
 2.50000e-07
 2.50000e-07
 2.50000e-07
 2.50000e-07
 1.25000e-07
 9.12497e-07
 8.85465e-07
 8.69010e-07
 8.59910e-07
 8.51188e-07
 8.46591e-07
 8.46178e-07
 8.46815e-07
 8.48473e-07
 8.50176e-07
 8.50695e-07
 8.50311e-07
 8.49614e-07
 8.49245e-07
 8.49328e-07
 8.48983e-07
 8.46013e-07
 8.36567e-07
 8.15260e-07
 7.76075e-07
 7.14275e-07
 6.39668e-07
 5.82956e-07
 5.54544e-07
 5.41180e-07
 5.35632e-07
 5.33746e-07
 5.33356e-07
 5.33428e-07
 5.33579e-07
 5.33707e-07
 5.33801e-07
 5.33841e-07
 5.33552e-07
 5.31270e-07
 5.19555e-07
 4.77147e-07
 3.85669e-07
 2.95517e-07
 2.57939e-07
 2.50955e-07
 2.50103e-07
 2.50011e-07
 2.50001e-07
 2.50000e-07
 2.50000e-07
 2.50000e-07
 2.50000e-07
 2.50000e-07
 2.50000e-07
 2.50000e-07
 2.50000e-07
 1.25000e-07
 9.12497e-07
 8.85465e-07
 8.69010e-07
 8.59910e-07
 8.51188e-07
 8.46591e-07
 8.46178e-07
 8.46815e-07
 8.48473e-07
 8.50176e-07
 8.50695e-07
 8.50311e-07
 8.49614e-07
 8.49245e-07
 8.49328e-07
 8.48983e-07
 8.46013e-07
 8.36567e-07
 8.15260e-07
 7.76075e-07
 7.14275e-07
 6.39668e-07
 5.82956e-07
 5.54544e-07
 5.41180e-07
 5.35632e-07
 5.33746e-07
 5.33356e-07
 5.33428e-07
 5.33579e-07
 5.33707e-07
 5.33801e-07
 5.33841e-07
 5.33552e-07
 5.31270e-07
 5.19555e-07
 4.77147e-07
 3.85669e-07
 2.95517e-07
 2.57939e-07
 2.50955e-07
 2.50103e-07
 2.50011e-07
 2.50001e-07
 2.50000e-07
 2.50000e-07
 2.50000e-07
 2.50000e-07
 2.50000e-07
 2.50000e-07
 2.50000e-07
 2.50000e-07
 1.25000e-07
part
         3
coordinates
 5.00000e-07
 1.00000e-06
 1.00000e-06
 1.00000e-06
 1.00000e-06
 1.00000e-06
 1.00000e-06
 1.00000e-06
 1.00000e-06
 1.00000e-06
 1.00000e-06
 1.00000e-06
 1.00000e-06
 1.00000e-06
 1.00000e-06
 1.00000e-06
 1.00000e-06
 1.00000e-06
 9.99998e-07
 9.99989e-07
 9.99953e-07
 9.99811e-07
 9.99327e-07
 9.97900e-07
 9.94326e-07
 9.86846e-07
 9.73871e-07
 9.55031e-07
 9.31440e-07
 9.04843e-07
 8.76701e-07
 8.47936e-07
 8.19092e-07
 7.90504e-07
 7.62352e-07
 7.34700e-07
 7.07547e-07
 6.80907e-07
 6.55397e-07
 6.31346e-07
 6.08242e-07
 5.85766e-07
 5.64419e-07
 5.44009e-07
 5.24000e-07
 5.05277e-07
 4.87692e-07
 4.71367e-07
 4.56249e-07
 4.42732e-07
 4.34505e-07
 4.29955e-07
 4.25594e-07
 1.00000e-06
 2.00000e-06
 2.00000e-06
 2.00000e-06
 2.00000e-06
 2.00000e-06
 2.00000e-06
 2.00000e-06
 2.00000e-06
 2.00000e-06
 2.00000e-06
 2.00000e-06
 2.00000e-06
 2.00000e-06
 2.00000e-06
 2.00000e-06
 2.00000e-06
 2.00000e-06
 2.00000e-06
 1.99998e-06
 1.99991e-06
 1.99962e-06
 1.99865e-06
 1.99580e-06
 1.98865e-06
 1.97369e-06
 1.94774e-06
 1.91006e-06
 1.86288e-06
 1.80969e-06
 1.75340e-06
 1.69587e-06
 1.63818e-06
 1.58101e-06
 1.52470e-06
 1.46940e-06
 1.41509e-06
 1.36181e-06
 1.31079e-06
 1.26269e-06
 1.21648e-06
 1.17153e-06
 1.12884e-06
 1.08802e-06
 1.04800e-06
 1.01055e-06
 9.75384e-07
 9.42733e-07
 9.12497e-07
 8.85465e-07
 8.69010e-07
 8.59910e-07
 8.51188e-07
 1.00000e-06
 2.00000e-06
 2.00000e-06
 2.00000e-06
 2.00000e-06
 2.00000e-06
 2.00000e-06
 2.00000e-06
 2.00000e-06
 2.00000e-06
 2.00000e-06
 2.00000e-06
 2.00000e-06
 2.00000e-06
 2.00000e-06
 2.00000e-06
 2.00000e-06
 2.00000e-06
 2.00000e-06
 1.99998e-06
 1.99991e-06
 1.99962e-06
 1.99865e-06
 1.99580e-06
 1.98865e-06
 1.97369e-06
 1.94774e-06
 1.91006e-06
 1.86288e-06
 1.80969e-06
 1.75340e-06
 1.69587e-06
 1.63818e-06
 1.58101e-06
 1.52470e-06
 1.46940e-06
 1.41509e-06
 1.36181e-06
 1.31079e-06
 1.26269e-06
 1.21648e-06
 1.17153e-06
 1.12884e-06
 1.08802e-06
 1.04800e-06
 1.01055e-06
 9.75384e-07
 9.42733e-07
 9.12497e-07
 8.85465e-07
 8.69010e-07
 8.59910e-07
 8.51188e-07
 1.00000e-06
 2.00000e-06
 2.00000e-06
 2.00000e-06
 2.00000e-06
 2.00000e-06
 2.00000e-06
 2.00000e-06
 2.00000e-06
 2.00000e-06
 2.00000e-06
 2.00000e-06
 2.00000e-06
 2.00000e-06
 2.00000e-06
 2.00000e-06
 2.00000e-06
 2.00000e-06
 2.00000e-06
 1.99998e-06
 1.99991e-06
 1.99962e-06
 1.99865e-06
 1.99580e-06
 1.98865e-06
 1.97369e-06
 1.94774e-06
 1.91006e-06
 1.86288e-06
 1.80969e-06
 1.75340e-06
 1.69587e-06
 1.63818e-06
 1.58101e-06
 1.52470e-06
 1.46940e-06
 1.41509e-06
 1.36181e-06
 1.31079e-06
 1.26269e-06
 1.21648e-06
 1.17153e-06
 1.12884e-06
 1.08802e-06
 1.04800e-06
 1.01055e-06
 9.75384e-07
 9.42733e-07
 9.12497e-07
 8.85465e-07
 8.69010e-07
 8.59910e-07
 8.51188e-07
 1.00000e-06
 2.00000e-06
 2.00000e-06
 2.00000e-06
 2.00000e-06
 2.00000e-06
 2.00000e-06
 2.00000e-06
 2.00000e-06
 2.00000e-06
 2.00000e-06
 2.00000e-06
 2.00000e-06
 2.00000e-06
 2.00000e-06
 2.00000e-06
 2.00000e-06
 2.00000e-06
 2.00000e-06
 1.99998e-06
 1.99991e-06
 1.99962e-06
 1.99865e-06
 1.99580e-06
 1.98865e-06
 1.97369e-06
 1.94774e-06
 1.91006e-06
 1.86288e-06
 1.80969e-06
 1.75340e-06
 1.69587e-06
 1.63818e-06
 1.58101e-06
 1.52470e-06
 1.46940e-06
 1.41509e-06
 1.36181e-06
 1.31079e-06
 1.26269e-06
 1.21648e-06
 1.17153e-06
 1.12884e-06
 1.08802e-06
 1.04800e-06
 1.01055e-06
 9.75384e-07
 9.42733e-07
 9.12497e-07
 8.85465e-07
 8.69010e-07
 8.59910e-07
 8.51188e-07
 5.00000e-07
 1.00000e-06
 1.00000e-06
 1.00000e-06
 1.00000e-06
 1.00000e-06
 1.00000e-06
 1.00000e-06
 1.00000e-06
 1.00000e-06
 1.00000e-06
 1.00000e-06
 1.00000e-06
 1.00000e-06
 1.00000e-06
 1.00000e-06
 1.00000e-06
 1.00000e-06
 9.99998e-07
 9.99989e-07
 9.99953e-07
 9.99811e-07
 9.99327e-07
 9.97900e-07
 9.94326e-07
 9.86846e-07
 9.73871e-07
 9.55031e-07
 9.31440e-07
 9.04843e-07
 8.76701e-07
 8.47936e-07
 8.19092e-07
 7.90504e-07
 7.62352e-07
 7.34700e-07
 7.07547e-07
 6.80907e-07
 6.55397e-07
 6.31346e-07
 6.08242e-07
 5.85766e-07
 5.64419e-07
 5.44009e-07
 5.24000e-07
 5.05277e-07
 4.87692e-07
 4.71367e-07
 4.56249e-07
 4.42732e-07
 4.34505e-07
 4.29955e-07
 4.25594e-07
 1.00000e-06
 2.00000e-06
 2.00000e-06
 2.00000e-06
 2.00000e-06
 2.00000e-06
 2.00000e-06
 2.00000e-06
 2.00000e-06
 2.00000e-06
 2.00000e-06
 2.00000e-06
 2.00000e-06
 2.00000e-06
 2.00000e-06
 2.00000e-06
 2.00000e-06
 2.00000e-06
 2.00000e-06
 1.99998e-06
 1.99991e-06
 1.99962e-06
 1.99865e-06
 1.99580e-06
 1.98865e-06
 1.97369e-06
 1.94774e-06
 1.91006e-06
 1.86288e-06
 1.80969e-06
 1.75340e-06
 1.69587e-06
 1.63818e-06
 1.58101e-06
 1.52470e-06
 1.46940e-06
 1.41509e-06
 1.36181e-06
 1.31079e-06
 1.26269e-06
 1.21648e-06
 1.17153e-06
 1.12884e-06
 1.08802e-06
 1.04800e-06
 1.01055e-06
 9.75384e-07
 9.42733e-07
 9.12497e-07
 8.85465e-07
 8.69010e-07
 8.59910e-07
 8.51188e-07
 2.00000e-06
 4.00000e-06
 4.00000e-06
 4.00000e-06
 4.00000e-06
 4.00000e-06
 4.00000e-06
 4.00000e-06
 4.00000e-06
 4.00000e-06
 4.00000e-06
 4.00000e-06
 4.00000e-06
 4.00000e-06
 4.00000e-06
 4.00000e-06
 4.00000e-06
 4.00000e-06
 3.99999e-06
 3.99996e-06
 3.99981e-06
 3.99924e-06
 3.99731e-06
 3.99160e-06
 3.97730e-06
 3.94738e-06
 3.89548e-06
 3.82012e-06
 3.72576e-06
 3.61937e-06
 3.50680e-06
 3.39174e-06
 3.27637e-06
 3.16201e-06
 3.04941e-06
 2.93880e-06
 2.83019e-06
 2.72363e-06
 2.62159e-06
 2.52538e-06
 2.43297e-06
 2.34306e-06
 2.25768e-06
 2.17604e-06
 2.09600e-06
 2.02111e-06
 1.95077e-06
 1.88547e-06
 1.82499e-06
 1.77093e-06
 1.73802e-06
 1.71982e-06
 1.70238e-06
 2.00000e-06
 4.00000e-06
 4.00000e-06
 4.00000e-06
 4.00000e-06
 4.00000e-06
 4.00000e-06
 4.00000e-06
 4.00000e-06
 4.00000e-06
 4.00000e-06
 4.00000e-06
 4.00000e-06
 4.00000e-06
 4.00000e-06
 4.00000e-06
 4.00000e-06
 4.00000e-06
 3.99999e-06
 3.99996e-06
 3.99981e-06
 3.99924e-06
 3.99731e-06
 3.99160e-06
 3.97730e-06
 3.94738e-06
 3.89548e-06
 3.82012e-06
 3.72576e-06
 3.61937e-06
 3.50680e-06
 3.39174e-06
 3.27637e-06
 3.16201e-06
 3.04941e-06
 2.93880e-06
 2.83019e-06
 2.72363e-06
 2.62159e-06
 2.52538e-06
 2.43297e-06
 2.34306e-06
 2.25768e-06
 2.17604e-06
 2.09600e-06
 2.02111e-06
 1.95077e-06
 1.88547e-06
 1.82499e-06
 1.77093e-06
 1.73802e-06
 1.71982e-06
 1.70238e-06
 2.00000e-06
 4.00000e-06
 4.00000e-06
 4.00000e-06
 4.00000e-06
 4.00000e-06
 4.00000e-06
 4.00000e-06
 4.00000e-06
 4.00000e-06
 4.00000e-06
 4.00000e-06
 4.00000e-06
 4.00000e-06
 4.00000e-06
 4.00000e-06
 4.00000e-06
 4.00000e-06
 3.99999e-06
 3.99996e-06
 3.99981e-06
 3.99924e-06
 3.99731e-06
 3.99160e-06
 3.97730e-06
 3.94738e-06
 3.89548e-06
 3.82012e-06
 3.72576e-06
 3.61937e-06
 3.50680e-06
 3.39174e-06
 3.27637e-06
 3.16201e-06
 3.04941e-06
 2.93880e-06
 2.83019e-06
 2.72363e-06
 2.62159e-06
 2.52538e-06
 2.43297e-06
 2.34306e-06
 2.25768e-06
 2.17604e-06
 2.09600e-06
 2.02111e-06
 1.95077e-06
 1.88547e-06
 1.82499e-06
 1.77093e-06
 1.73802e-06
 1.71982e-06
 1.70238e-06
 2.00000e-06
 4.00000e-06
 4.00000e-06
 4.00000e-06
 4.00000e-06
 4.00000e-06
 4.00000e-06
 4.00000e-06
 4.00000e-06
 4.00000e-06
 4.00000e-06
 4.00000e-06
 4.00000e-06
 4.00000e-06
 4.00000e-06
 4.00000e-06
 4.00000e-06
 4.00000e-06
 3.99999e-06
 3.99996e-06
 3.99981e-06
 3.99924e-06
 3.99731e-06
 3.99160e-06
 3.97730e-06
 3.94738e-06
 3.89548e-06
 3.82012e-06
 3.72576e-06
 3.61937e-06
 3.50680e-06
 3.39174e-06
 3.27637e-06
 3.16201e-06
 3.04941e-06
 2.93880e-06
 2.83019e-06
 2.72363e-06
 2.62159e-06
 2.52538e-06
 2.43297e-06
 2.34306e-06
 2.25768e-06
 2.17604e-06
 2.09600e-06
 2.02111e-06
 1.95077e-06
 1.88547e-06
 1.82499e-06
 1.77093e-06
 1.73802e-06
 1.71982e-06
 1.70238e-06
 1.00000e-06
 2.00000e-06
 2.00000e-06
 2.00000e-06
 2.00000e-06
 2.00000e-06
 2.00000e-06
 2.00000e-06
 2.00000e-06
 2.00000e-06
 2.00000e-06
 2.00000e-06
 2.00000e-06
 2.00000e-06
 2.00000e-06
 2.00000e-06
 2.00000e-06
 2.00000e-06
 2.00000e-06
 1.99998e-06
 1.99991e-06
 1.99962e-06
 1.99865e-06
 1.99580e-06
 1.98865e-06
 1.97369e-06
 1.94774e-06
 1.91006e-06
 1.86288e-06
 1.80969e-06
 1.75340e-06
 1.69587e-06
 1.63818e-06
 1.58101e-06
 1.52470e-06
 1.46940e-06
 1.41509e-06
 1.36181e-06
 1.31079e-06
 1.26269e-06
 1.21648e-06
 1.17153e-06
 1.12884e-06
 1.08802e-06
 1.04800e-06
 1.01055e-06
 9.75384e-07
 9.42733e-07
 9.12497e-07
 8.85465e-07
 8.69010e-07
 8.59910e-07
 8.51188e-07
 1.00000e-06
 2.00000e-06
 2.00000e-06
 2.00000e-06
 2.00000e-06
 2.00000e-06
 2.00000e-06
 2.00000e-06
 2.00000e-06
 2.00000e-06
 2.00000e-06
 2.00000e-06
 2.00000e-06
 2.00000e-06
 2.00000e-06
 2.00000e-06
 2.00000e-06
 2.00000e-06
 2.00000e-06
 1.99998e-06
 1.99991e-06
 1.99962e-06
 1.99865e-06
 1.99580e-06
 1.98865e-06
 1.97369e-06
 1.94774e-06
 1.91006e-06
 1.86288e-06
 1.80969e-06
 1.75340e-06
 1.69587e-06
 1.63818e-06
 1.58101e-06
 1.52470e-06
 1.46940e-06
 1.41509e-06
 1.36181e-06
 1.31079e-06
 1.26269e-06
 1.21648e-06
 1.17153e-06
 1.12884e-06
 1.08802e-06
 1.04800e-06
 1.01055e-06
 9.75384e-07
 9.42733e-07
 9.12497e-07
 8.85465e-07
 8.69010e-07
 8.59910e-07
 8.51188e-07
 2.00000e-06
 4.00000e-06
 4.00000e-06
 4.00000e-06
 4.00000e-06
 4.00000e-06
 4.00000e-06
 4.00000e-06
 4.00000e-06
 4.00000e-06
 4.00000e-06
 4.00000e-06
 4.00000e-06
 4.00000e-06
 4.00000e-06
 4.00000e-06
 4.00000e-06
 4.00000e-06
 3.99999e-06
 3.99996e-06
 3.99981e-06
 3.99924e-06
 3.99731e-06
 3.99160e-06
 3.97730e-06
 3.94738e-06
 3.89548e-06
 3.82012e-06
 3.72576e-06
 3.61937e-06
 3.50680e-06
 3.39174e-06
 3.27637e-06
 3.16201e-06
 3.04941e-06
 2.93880e-06
 2.83019e-06
 2.72363e-06
 2.62159e-06
 2.52538e-06
 2.43297e-06
 2.34306e-06
 2.25768e-06
 2.17604e-06
 2.09600e-06
 2.02111e-06
 1.95077e-06
 1.88547e-06
 1.82499e-06
 1.77093e-06
 1.73802e-06
 1.71982e-06
 1.70238e-06
 2.00000e-06
 4.00000e-06
 4.00000e-06
 4.00000e-06
 4.00000e-06
 4.00000e-06
 4.00000e-06
 4.00000e-06
 4.00000e-06
 4.00000e-06
 4.00000e-06
 4.00000e-06
 4.00000e-06
 4.00000e-06
 4.00000e-06
 4.00000e-06
 4.00000e-06
 4.00000e-06
 3.99999e-06
 3.99996e-06
 3.99981e-06
 3.99924e-06
 3.99731e-06
 3.99160e-06
 3.97730e-06
 3.94738e-06
 3.89548e-06
 3.82012e-06
 3.72576e-06
 3.61937e-06
 3.50680e-06
 3.39174e-06
 3.27637e-06
 3.16201e-06
 3.04941e-06
 2.93880e-06
 2.83019e-06
 2.72363e-06
 2.62159e-06
 2.52538e-06
 2.43297e-06
 2.34306e-06
 2.25768e-06
 2.17604e-06
 2.09600e-06
 2.02111e-06
 1.95077e-06
 1.88547e-06
 1.82499e-06
 1.77093e-06
 1.73802e-06
 1.71982e-06
 1.70238e-06
 2.00000e-06
 4.00000e-06
 4.00000e-06
 4.00000e-06
 4.00000e-06
 4.00000e-06
 4.00000e-06
 4.00000e-06
 4.00000e-06
 4.00000e-06
 4.00000e-06
 4.00000e-06
 4.00000e-06
 4.00000e-06
 4.00000e-06
 4.00000e-06
 4.00000e-06
 4.00000e-06
 3.99999e-06
 3.99996e-06
 3.99981e-06
 3.99924e-06
 3.99731e-06
 3.99160e-06
 3.97730e-06
 3.94738e-06
 3.89548e-06
 3.82012e-06
 3.72576e-06
 3.61937e-06
 3.50680e-06
 3.39174e-06
 3.27637e-06
 3.16201e-06
 3.04941e-06
 2.93880e-06
 2.83019e-06
 2.72363e-06
 2.62159e-06
 2.52538e-06
 2.43297e-06
 2.34306e-06
 2.25768e-06
 2.17604e-06
 2.09600e-06
 2.02111e-06
 1.95077e-06
 1.88547e-06
 1.82499e-06
 1.77093e-06
 1.73802e-06
 1.71982e-06
 1.70238e-06
 2.00000e-06
 4.00000e-06
 4.00000e-06
 4.00000e-06
 4.00000e-06
 4.00000e-06
 4.00000e-06
 4.00000e-06
 4.00000e-06
 4.00000e-06
 4.00000e-06
 4.00000e-06
 4.00000e-06
 4.00000e-06
 4.00000e-06
 4.00000e-06
 4.00000e-06
 4.00000e-06
 3.99999e-06
 3.99996e-06
 3.99981e-06
 3.99924e-06
 3.99731e-06
 3.99160e-06
 3.97730e-06
 3.94738e-06
 3.89548e-06
 3.82012e-06
 3.72576e-06
 3.61937e-06
 3.50680e-06
 3.39174e-06
 3.27637e-06
 3.16201e-06
 3.04941e-06
 2.93880e-06
 2.83019e-06
 2.72363e-06
 2.62159e-06
 2.52538e-06
 2.43297e-06
 2.34306e-06
 2.25768e-06
 2.17604e-06
 2.09600e-06
 2.02111e-06
 1.95077e-06
 1.88547e-06
 1.82499e-06
 1.77093e-06
 1.73802e-06
 1.71982e-06
 1.70238e-06
 1.00000e-06
 2.00000e-06
 2.00000e-06
 2.00000e-06
 2.00000e-06
 2.00000e-06
 2.00000e-06
 2.00000e-06
 2.00000e-06
 2.00000e-06
 2.00000e-06
 2.00000e-06
 2.00000e-06
 2.00000e-06
 2.00000e-06
 2.00000e-06
 2.00000e-06
 2.00000e-06
 2.00000e-06
 1.99998e-06
 1.99991e-06
 1.99962e-06
 1.99865e-06
 1.99580e-06
 1.98865e-06
 1.97369e-06
 1.94774e-06
 1.91006e-06
 1.86288e-06
 1.80969e-06
 1.75340e-06
 1.69587e-06
 1.63818e-06
 1.58101e-06
 1.52470e-06
 1.46940e-06
 1.41509e-06
 1.36181e-06
 1.31079e-06
 1.26269e-06
 1.21648e-06
 1.17153e-06
 1.12884e-06
 1.08802e-06
 1.04800e-06
 1.01055e-06
 9.75384e-07
 9.42733e-07
 9.12497e-07
 8.85465e-07
 8.69010e-07
 8.59910e-07
 8.51188e-07
 1.00000e-06
 2.00000e-06
 2.00000e-06
 2.00000e-06
 2.00000e-06
 2.00000e-06
 2.00000e-06
 2.00000e-06
 2.00000e-06
 2.00000e-06
 2.00000e-06
 2.00000e-06
 2.00000e-06
 2.00000e-06
 2.00000e-06
 2.00000e-06
 2.00000e-06
 2.00000e-06
 2.00000e-06
 1.99998e-06
 1.99991e-06
 1.99962e-06
 1.99865e-06
 1.99580e-06
 1.98865e-06
 1.97369e-06
 1.94774e-06
 1.91006e-06
 1.86288e-06
 1.80969e-06
 1.75340e-06
 1.69587e-06
 1.63818e-06
 1.58101e-06
 1.52470e-06
 1.46940e-06
 1.41509e-06
 1.36181e-06
 1.31079e-06
 1.26269e-06
 1.21648e-06
 1.17153e-06
 1.12884e-06
 1.08802e-06
 1.04800e-06
 1.01055e-06
 9.75384e-07
 9.42733e-07
 9.12497e-07
 8.85465e-07
 8.69010e-07
 8.59910e-07
 8.51188e-07
 2.00000e-06
 4.00000e-06
 4.00000e-06
 4.00000e-06
 4.00000e-06
 4.00000e-06
 4.00000e-06
 4.00000e-06
 4.00000e-06
 4.00000e-06
 4.00000e-06
 4.00000e-06
 4.00000e-06
 4.00000e-06
 4.00000e-06
 4.00000e-06
 4.00000e-06
 4.00000e-06
 3.99999e-06
 3.99996e-06
 3.99981e-06
 3.99924e-06
 3.99731e-06
 3.99160e-06
 3.97730e-06
 3.94738e-06
 3.89548e-06
 3.82012e-06
 3.72576e-06
 3.61937e-06
 3.50680e-06
 3.39174e-06
 3.27637e-06
 3.16201e-06
 3.04941e-06
 2.93880e-06
 2.83019e-06
 2.72363e-06
 2.62159e-06
 2.52538e-06
 2.43297e-06
 2.34306e-06
 2.25768e-06
 2.17604e-06
 2.09600e-06
 2.02111e-06
 1.95077e-06
 1.88547e-06
 1.82499e-06
 1.77093e-06
 1.73802e-06
 1.71982e-06
 1.70238e-06
 2.00000e-06
 4.00000e-06
 4.00000e-06
 4.00000e-06
 4.00000e-06
 4.00000e-06
 4.00000e-06
 4.00000e-06
 4.00000e-06
 4.00000e-06
 4.00000e-06
 4.00000e-06
 4.00000e-06
 4.00000e-06
 4.00000e-06
 4.00000e-06
 4.00000e-06
 4.00000e-06
 3.99999e-06
 3.99996e-06
 3.99981e-06
 3.99924e-06
 3.99731e-06
 3.99160e-06
 3.97730e-06
 3.94738e-06
 3.89548e-06
 3.82012e-06
 3.72576e-06
 3.61937e-06
 3.50680e-06
 3.39174e-06
 3.27637e-06
 3.16201e-06
 3.04941e-06
 2.93880e-06
 2.83019e-06
 2.72363e-06
 2.62159e-06
 2.52538e-06
 2.43297e-06
 2.34306e-06
 2.25768e-06
 2.17604e-06
 2.09600e-06
 2.02111e-06
 1.95077e-06
 1.88547e-06
 1.82499e-06
 1.77093e-06
 1.73802e-06
 1.71982e-06
 1.70238e-06
 2.00000e-06
 4.00000e-06
 4.00000e-06
 4.00000e-06
 4.00000e-06
 4.00000e-06
 4.00000e-06
 4.00000e-06
 4.00000e-06
 4.00000e-06
 4.00000e-06
 4.00000e-06
 4.00000e-06
 4.00000e-06
 4.00000e-06
 4.00000e-06
 4.00000e-06
 4.00000e-06
 3.99999e-06
 3.99996e-06
 3.99981e-06
 3.99924e-06
 3.99731e-06
 3.99160e-06
 3.97730e-06
 3.94738e-06
 3.89548e-06
 3.82012e-06
 3.72576e-06
 3.61937e-06
 3.50680e-06
 3.39174e-06
 3.27637e-06
 3.16201e-06
 3.04941e-06
 2.93880e-06
 2.83019e-06
 2.72363e-06
 2.62159e-06
 2.52538e-06
 2.43297e-06
 2.34306e-06
 2.25768e-06
 2.17604e-06
 2.09600e-06
 2.02111e-06
 1.95077e-06
 1.88547e-06
 1.82499e-06
 1.77093e-06
 1.73802e-06
 1.71982e-06
 1.70238e-06
 2.00000e-06
 4.00000e-06
 4.00000e-06
 4.00000e-06
 4.00000e-06
 4.00000e-06
 4.00000e-06
 4.00000e-06
 4.00000e-06
 4.00000e-06
 4.00000e-06
 4.00000e-06
 4.00000e-06
 4.00000e-06
 4.00000e-06
 4.00000e-06
 4.00000e-06
 4.00000e-06
 3.99999e-06
 3.99996e-06
 3.99981e-06
 3.99924e-06
 3.99731e-06
 3.99160e-06
 3.97730e-06
 3.94738e-06
 3.89548e-06
 3.82012e-06
 3.72576e-06
 3.61937e-06
 3.50680e-06
 3.39174e-06
 3.27637e-06
 3.16201e-06
 3.04941e-06
 2.93880e-06
 2.83019e-06
 2.72363e-06
 2.62159e-06
 2.52538e-06
 2.43297e-06
 2.34306e-06
 2.25768e-06
 2.17604e-06
 2.09600e-06
 2.02111e-06
 1.95077e-06
 1.88547e-06
 1.82499e-06
 1.77093e-06
 1.73802e-06
 1.71982e-06
 1.70238e-06
 1.00000e-06
 2.00000e-06
 2.00000e-06
 2.00000e-06
 2.00000e-06
 2.00000e-06
 2.00000e-06
 2.00000e-06
 2.00000e-06
 2.00000e-06
 2.00000e-06
 2.00000e-06
 2.00000e-06
 2.00000e-06
 2.00000e-06
 2.00000e-06
 2.00000e-06
 2.00000e-06
 2.00000e-06
 1.99998e-06
 1.99991e-06
 1.99962e-06
 1.99865e-06
 1.99580e-06
 1.98865e-06
 1.97369e-06
 1.94774e-06
 1.91006e-06
 1.86288e-06
 1.80969e-06
 1.75340e-06
 1.69587e-06
 1.63818e-06
 1.58101e-06
 1.52470e-06
 1.46940e-06
 1.41509e-06
 1.36181e-06
 1.31079e-06
 1.26269e-06
 1.21648e-06
 1.17153e-06
 1.12884e-06
 1.08802e-06
 1.04800e-06
 1.01055e-06
 9.75384e-07
 9.42733e-07
 9.12497e-07
 8.85465e-07
 8.69010e-07
 8.59910e-07
 8.51188e-07
 1.00000e-06
 2.00000e-06
 2.00000e-06
 2.00000e-06
 2.00000e-06
 2.00000e-06
 2.00000e-06
 2.00000e-06
 2.00000e-06
 2.00000e-06
 2.00000e-06
 2.00000e-06
 2.00000e-06
 2.00000e-06
 2.00000e-06
 2.00000e-06
 2.00000e-06
 2.00000e-06
 2.00000e-06
 1.99998e-06
 1.99991e-06
 1.99962e-06
 1.99865e-06
 1.99580e-06
 1.98865e-06
 1.97369e-06
 1.94774e-06
 1.91006e-06
 1.86288e-06
 1.80969e-06
 1.75340e-06
 1.69587e-06
 1.63818e-06
 1.58101e-06
 1.52470e-06
 1.46940e-06
 1.41509e-06
 1.36181e-06
 1.31079e-06
 1.26269e-06
 1.21648e-06
 1.17153e-06
 1.12884e-06
 1.08802e-06
 1.04800e-06
 1.01055e-06
 9.75384e-07
 9.42733e-07
 9.12497e-07
 8.85465e-07
 8.69010e-07
 8.59910e-07
 8.51188e-07
 2.00000e-06
 4.00000e-06
 4.00000e-06
 4.00000e-06
 4.00000e-06
 4.00000e-06
 4.00000e-06
 4.00000e-06
 4.00000e-06
 4.00000e-06
 4.00000e-06
 4.00000e-06
 4.00000e-06
 4.00000e-06
 4.00000e-06
 4.00000e-06
 4.00000e-06
 4.00000e-06
 3.99999e-06
 3.99996e-06
 3.99981e-06
 3.99924e-06
 3.99731e-06
 3.99160e-06
 3.97730e-06
 3.94738e-06
 3.89548e-06
 3.82012e-06
 3.72576e-06
 3.61937e-06
 3.50680e-06
 3.39174e-06
 3.27637e-06
 3.16201e-06
 3.04941e-06
 2.93880e-06
 2.83019e-06
 2.72363e-06
 2.62159e-06
 2.52538e-06
 2.43297e-06
 2.34306e-06
 2.25768e-06
 2.17604e-06
 2.09600e-06
 2.02111e-06
 1.95077e-06
 1.88547e-06
 1.82499e-06
 1.77093e-06
 1.73802e-06
 1.71982e-06
 1.70238e-06
 2.00000e-06
 4.00000e-06
 4.00000e-06
 4.00000e-06
 4.00000e-06
 4.00000e-06
 4.00000e-06
 4.00000e-06
 4.00000e-06
 4.00000e-06
 4.00000e-06
 4.00000e-06
 4.00000e-06
 4.00000e-06
 4.00000e-06
 4.00000e-06
 4.00000e-06
 4.00000e-06
 3.99999e-06
 3.99996e-06
 3.99981e-06
 3.99924e-06
 3.99731e-06
 3.99160e-06
 3.97730e-06
 3.94738e-06
 3.89548e-06
 3.82012e-06
 3.72576e-06
 3.61937e-06
 3.50680e-06
 3.39174e-06
 3.27637e-06
 3.16201e-06
 3.04941e-06
 2.93880e-06
 2.83019e-06
 2.72363e-06
 2.62159e-06
 2.52538e-06
 2.43297e-06
 2.34306e-06
 2.25768e-06
 2.17604e-06
 2.09600e-06
 2.02111e-06
 1.95077e-06
 1.88547e-06
 1.82499e-06
 1.77093e-06
 1.73802e-06
 1.71982e-06
 1.70238e-06
 2.00000e-06
 4.00000e-06
 4.00000e-06
 4.00000e-06
 4.00000e-06
 4.00000e-06
 4.00000e-06
 4.00000e-06
 4.00000e-06
 4.00000e-06
 4.00000e-06
 4.00000e-06
 4.00000e-06
 4.00000e-06
 4.00000e-06
 4.00000e-06
 4.00000e-06
 4.00000e-06
 3.99999e-06
 3.99996e-06
 3.99981e-06
 3.99924e-06
 3.99731e-06
 3.99160e-06
 3.97730e-06
 3.94738e-06
 3.89548e-06
 3.82012e-06
 3.72576e-06
 3.61937e-06
 3.50680e-06
 3.39174e-06
 3.27637e-06
 3.16201e-06
 3.04941e-06
 2.93880e-06
 2.83019e-06
 2.72363e-06
 2.62159e-06
 2.52538e-06
 2.43297e-06
 2.34306e-06
 2.25768e-06
 2.17604e-06
 2.09600e-06
 2.02111e-06
 1.95077e-06
 1.88547e-06
 1.82499e-06
 1.77093e-06
 1.73802e-06
 1.71982e-06
 1.70238e-06
 2.00000e-06
 4.00000e-06
 4.00000e-06
 4.00000e-06
 4.00000e-06
 4.00000e-06
 4.00000e-06
 4.00000e-06
 4.00000e-06
 4.00000e-06
 4.00000e-06
 4.00000e-06
 4.00000e-06
 4.00000e-06
 4.00000e-06
 4.00000e-06
 4.00000e-06
 4.00000e-06
 3.99999e-06
 3.99996e-06
 3.99981e-06
 3.99924e-06
 3.99731e-06
 3.99160e-06
 3.97730e-06
 3.94738e-06
 3.89548e-06
 3.82012e-06
 3.72576e-06
 3.61937e-06
 3.50680e-06
 3.39174e-06
 3.27637e-06
 3.16201e-06
 3.04941e-06
 2.93880e-06
 2.83019e-06
 2.72363e-06
 2.62159e-06
 2.52538e-06
 2.43297e-06
 2.34306e-06
 2.25768e-06
 2.17604e-06
 2.09600e-06
 2.02111e-06
 1.95077e-06
 1.88547e-06
 1.82499e-06
 1.77093e-06
 1.73802e-06
 1.71982e-06
 1.70238e-06
 1.00000e-06
 2.00000e-06
 2.00000e-06
 2.00000e-06
 2.00000e-06
 2.00000e-06
 2.00000e-06
 2.00000e-06
 2.00000e-06
 2.00000e-06
 2.00000e-06
 2.00000e-06
 2.00000e-06
 2.00000e-06
 2.00000e-06
 2.00000e-06
 2.00000e-06
 2.00000e-06
 2.00000e-06
 1.99998e-06
 1.99991e-06
 1.99962e-06
 1.99865e-06
 1.99580e-06
 1.98865e-06
 1.97369e-06
 1.94774e-06
 1.91006e-06
 1.86288e-06
 1.80969e-06
 1.75340e-06
 1.69587e-06
 1.63818e-06
 1.58101e-06
 1.52470e-06
 1.46940e-06
 1.41509e-06
 1.36181e-06
 1.31079e-06
 1.26269e-06
 1.21648e-06
 1.17153e-06
 1.12884e-06
 1.08802e-06
 1.04800e-06
 1.01055e-06
 9.75384e-07
 9.42733e-07
 9.12497e-07
 8.85465e-07
 8.69010e-07
 8.59910e-07
 8.51188e-07
 5.00000e-07
 1.00000e-06
 1.00000e-06
 1.00000e-06
 1.00000e-06
 1.00000e-06
 1.00000e-06
 1.00000e-06
 1.00000e-06
 1.00000e-06
 1.00000e-06
 1.00000e-06
 1.00000e-06
 1.00000e-06
 1.00000e-06
 1.00000e-06
 1.00000e-06
 1.00000e-06
 9.99998e-07
 9.99989e-07
 9.99953e-07
 9.99811e-07
 9.99327e-07
 9.97900e-07
 9.94326e-07
 9.86846e-07
 9.73871e-07
 9.55031e-07
 9.31440e-07
 9.04843e-07
 8.76701e-07
 8.47936e-07
 8.19092e-07
 7.90504e-07
 7.62352e-07
 7.34700e-07
 7.07547e-07
 6.80907e-07
 6.55397e-07
 6.31346e-07
 6.08242e-07
 5.85766e-07
 5.64419e-07
 5.44009e-07
 5.24000e-07
 5.05277e-07
 4.87692e-07
 4.71367e-07
 4.56249e-07
 4.42732e-07
 4.34505e-07
 4.29955e-07
 4.25594e-07
 1.00000e-06
 2.00000e-06
 2.00000e-06
 2.00000e-06
 2.00000e-06
 2.00000e-06
 2.00000e-06
 2.00000e-06
 2.00000e-06
 2.00000e-06
 2.00000e-06
 2.00000e-06
 2.00000e-06
 2.00000e-06
 2.00000e-06
 2.00000e-06
 2.00000e-06
 2.00000e-06
 2.00000e-06
 1.99998e-06
 1.99991e-06
 1.99962e-06
 1.99865e-06
 1.99580e-06
 1.98865e-06
 1.97369e-06
 1.94774e-06
 1.91006e-06
 1.86288e-06
 1.80969e-06
 1.75340e-06
 1.69587e-06
 1.63818e-06
 1.58101e-06
 1.52470e-06
 1.46940e-06
 1.41509e-06
 1.36181e-06
 1.31079e-06
 1.26269e-06
 1.21648e-06
 1.17153e-06
 1.12884e-06
 1.08802e-06
 1.04800e-06
 1.01055e-06
 9.75384e-07
 9.42733e-07
 9.12497e-07
 8.85465e-07
 8.69010e-07
 8.59910e-07
 8.51188e-07
 1.00000e-06
 2.00000e-06
 2.00000e-06
 2.00000e-06
 2.00000e-06
 2.00000e-06
 2.00000e-06
 2.00000e-06
 2.00000e-06
 2.00000e-06
 2.00000e-06
 2.00000e-06
 2.00000e-06
 2.00000e-06
 2.00000e-06
 2.00000e-06
 2.00000e-06
 2.00000e-06
 2.00000e-06
 1.99998e-06
 1.99991e-06
 1.99962e-06
 1.99865e-06
 1.99580e-06
 1.98865e-06
 1.97369e-06
 1.94774e-06
 1.91006e-06
 1.86288e-06
 1.80969e-06
 1.75340e-06
 1.69587e-06
 1.63818e-06
 1.58101e-06
 1.52470e-06
 1.46940e-06
 1.41509e-06
 1.36181e-06
 1.31079e-06
 1.26269e-06
 1.21648e-06
 1.17153e-06
 1.12884e-06
 1.08802e-06
 1.04800e-06
 1.01055e-06
 9.75384e-07
 9.42733e-07
 9.12497e-07
 8.85465e-07
 8.69010e-07
 8.59910e-07
 8.51188e-07
 1.00000e-06
 2.00000e-06
 2.00000e-06
 2.00000e-06
 2.00000e-06
 2.00000e-06
 2.00000e-06
 2.00000e-06
 2.00000e-06
 2.00000e-06
 2.00000e-06
 2.00000e-06
 2.00000e-06
 2.00000e-06
 2.00000e-06
 2.00000e-06
 2.00000e-06
 2.00000e-06
 2.00000e-06
 1.99998e-06
 1.99991e-06
 1.99962e-06
 1.99865e-06
 1.99580e-06
 1.98865e-06
 1.97369e-06
 1.94774e-06
 1.91006e-06
 1.86288e-06
 1.80969e-06
 1.75340e-06
 1.69587e-06
 1.63818e-06
 1.58101e-06
 1.52470e-06
 1.46940e-06
 1.41509e-06
 1.36181e-06
 1.31079e-06
 1.26269e-06
 1.21648e-06
 1.17153e-06
 1.12884e-06
 1.08802e-06
 1.04800e-06
 1.01055e-06
 9.75384e-07
 9.42733e-07
 9.12497e-07
 8.85465e-07
 8.69010e-07
 8.59910e-07
 8.51188e-07
 1.00000e-06
 2.00000e-06
 2.00000e-06
 2.00000e-06
 2.00000e-06
 2.00000e-06
 2.00000e-06
 2.00000e-06
 2.00000e-06
 2.00000e-06
 2.00000e-06
 2.00000e-06
 2.00000e-06
 2.00000e-06
 2.00000e-06
 2.00000e-06
 2.00000e-06
 2.00000e-06
 2.00000e-06
 1.99998e-06
 1.99991e-06
 1.99962e-06
 1.99865e-06
 1.99580e-06
 1.98865e-06
 1.97369e-06
 1.94774e-06
 1.91006e-06
 1.86288e-06
 1.80969e-06
 1.75340e-06
 1.69587e-06
 1.63818e-06
 1.58101e-06
 1.52470e-06
 1.46940e-06
 1.41509e-06
 1.36181e-06
 1.31079e-06
 1.26269e-06
 1.21648e-06
 1.17153e-06
 1.12884e-06
 1.08802e-06
 1.04800e-06
 1.01055e-06
 9.75384e-07
 9.42733e-07
 9.12497e-07
 8.85465e-07
 8.69010e-07
 8.59910e-07
 8.51188e-07
 5.00000e-07
 1.00000e-06
 1.00000e-06
 1.00000e-06
 1.00000e-06
 1.00000e-06
 1.00000e-06
 1.00000e-06
 1.00000e-06
 1.00000e-06
 1.00000e-06
 1.00000e-06
 1.00000e-06
 1.00000e-06
 1.00000e-06
 1.00000e-06
 1.00000e-06
 1.00000e-06
 9.99998e-07
 9.99989e-07
 9.99953e-07
 9.99811e-07
 9.99327e-07
 9.97900e-07
 9.94326e-07
 9.86846e-07
 9.73871e-07
 9.55031e-07
 9.31440e-07
 9.04843e-07
 8.76701e-07
 8.47936e-07
 8.19092e-07
 7.90504e-07
 7.62352e-07
 7.34700e-07
 7.07547e-07
 6.80907e-07
 6.55397e-07
 6.31346e-07
 6.08242e-07
 5.85766e-07
 5.64419e-07
 5.44009e-07
 5.24000e-07
 5.05277e-07
 4.87692e-07
 4.71367e-07
 4.56249e-07
 4.42732e-07
 4.34505e-07
 4.29955e-07
 4.25594e-07
part
         4
coordinates
 4.56249e-07
 4.42732e-07
 4.34505e-07
 4.29955e-07
 4.25594e-07
 4.23295e-07
 4.23089e-07
 4.23407e-07
 4.24237e-07
 4.25088e-07
 4.25348e-07
 4.25155e-07
 4.24807e-07
 4.24622e-07
 4.24664e-07
 4.24491e-07
 4.23007e-07
 4.18284e-07
 4.07630e-07
 3.88037e-07
 3.57138e-07
 3.19834e-07
 2.91478e-07
 2.77272e-07
 2.70590e-07
 2.67816e-07
 2.66873e-07
 2.66678e-07
 2.66714e-07
 2.66790e-07
 2.66853e-07
 2.66901e-07
 2.66921e-07
 2.66776e-07
 2.65635e-07
 2.59777e-07
 2.38573e-07
 1.92835e-07
 1.47758e-07
 1.28970e-07
 1.25478e-07
 1.25051e-07
 1.25005e-07
 1.25001e-07
 1.25000e-07
 1.25000e-07
 1.25000e-07
 1.25000e-07
 1.25000e-07
 1.25000e-07
 1.25000e-07
 1.25000e-07
 6.25000e-08
 9.12497e-07
 8.85465e-07
 8.69010e-07
 8.59910e-07
 8.51188e-07
 8.46591e-07
 8.46178e-07
 8.46815e-07
 8.48473e-07
 8.50176e-07
 8.50695e-07
 8.50311e-07
 8.49614e-07
 8.49245e-07
 8.49328e-07
 8.48983e-07
 8.46013e-07
 8.36567e-07
 8.15260e-07
 7.76075e-07
 7.14275e-07
 6.39668e-07
 5.82956e-07
 5.54544e-07
 5.41180e-07
 5.35632e-07
 5.33746e-07
 5.33356e-07
 5.33428e-07
 5.33579e-07
 5.33707e-07
 5.33801e-07
 5.33841e-07
 5.33552e-07
 5.31270e-07
 5.19555e-07
 4.77147e-07
 3.85669e-07
 2.95517e-07
 2.57939e-07
 2.50955e-07
 2.50103e-07
 2.50011e-07
 2.50001e-07
 2.50000e-07
 2.50000e-07
 2.50000e-07
 2.50000e-07
 2.50000e-07
 2.50000e-07
 2.50000e-07
 2.50000e-07
 1.25000e-07
 9.12497e-07
 8.85465e-07
 8.69010e-07
 8.59910e-07
 8.51188e-07
 8.46591e-07
 8.46178e-07
 8.46815e-07
 8.48473e-07
 8.50176e-07
 8.50695e-07
 8.50311e-07
 8.49614e-07
 8.49245e-07
 8.49328e-07
 8.48983e-07
 8.46013e-07
 8.36567e-07
 8.15260e-07
 7.76075e-07
 7.14275e-07
 6.39668e-07
 5.82956e-07
 5.54544e-07
 5.41180e-07
 5.35632e-07
 5.33746e-07
 5.33356e-07
 5.33428e-07
 5.33579e-07
 5.33707e-07
 5.33801e-07
 5.33841e-07
 5.33552e-07
 5.31270e-07
 5.19555e-07
 4.77147e-07
 3.85669e-07
 2.95517e-07
 2.57939e-07
 2.50955e-07
 2.50103e-07
 2.50011e-07
 2.50001e-07
 2.50000e-07
 2.50000e-07
 2.50000e-07
 2.50000e-07
 2.50000e-07
 2.50000e-07
 2.50000e-07
 2.50000e-07
 1.25000e-07
 9.12497e-07
 8.85465e-07
 8.69010e-07
 8.59910e-07
 8.51188e-07
 8.46591e-07
 8.46178e-07
 8.46815e-07
 8.48473e-07
 8.50176e-07
 8.50695e-07
 8.50311e-07
 8.49614e-07
 8.49245e-07
 8.49328e-07
 8.48983e-07
 8.46013e-07
 8.36567e-07
 8.15260e-07
 7.76075e-07
 7.14275e-07
 6.39668e-07
 5.82956e-07
 5.54544e-07
 5.41180e-07
 5.35632e-07
 5.33746e-07
 5.33356e-07
 5.33428e-07
 5.33579e-07
 5.33707e-07
 5.33801e-07
 5.33841e-07
 5.33552e-07
 5.31270e-07
 5.19555e-07
 4.77147e-07
 3.85669e-07
 2.95517e-07
 2.57939e-07
 2.50955e-07
 2.50103e-07
 2.50011e-07
 2.50001e-07
 2.50000e-07
 2.50000e-07
 2.50000e-07
 2.50000e-07
 2.50000e-07
 2.50000e-07
 2.50000e-07
 2.50000e-07
 1.25000e-07
 9.12497e-07
 8.85465e-07
 8.69010e-07
 8.59910e-07
 8.51188e-07
 8.46591e-07
 8.46178e-07
 8.46815e-07
 8.48473e-07
 8.50176e-07
 8.50695e-07
 8.50311e-07
 8.49614e-07
 8.49245e-07
 8.49328e-07
 8.48983e-07
 8.46013e-07
 8.36567e-07
 8.15260e-07
 7.76075e-07
 7.14275e-07
 6.39668e-07
 5.82956e-07
 5.54544e-07
 5.41180e-07
 5.35632e-07
 5.33746e-07
 5.33356e-07
 5.33428e-07
 5.33579e-07
 5.33707e-07
 5.33801e-07
 5.33841e-07
 5.33552e-07
 5.31270e-07
 5.19555e-07
 4.77147e-07
 3.85669e-07
 2.95517e-07
 2.57939e-07
 2.50955e-07
 2.50103e-07
 2.50011e-07
 2.50001e-07
 2.50000e-07
 2.50000e-07
 2.50000e-07
 2.50000e-07
 2.50000e-07
 2.50000e-07
 2.50000e-07
 2.50000e-07
 1.25000e-07
 4.56249e-07
 4.42732e-07
 4.34505e-07
 4.29955e-07
 4.25594e-07
 4.23295e-07
 4.23089e-07
 4.23407e-07
 4.24237e-07
 4.25088e-07
 4.25348e-07
 4.25155e-07
 4.24807e-07
 4.24622e-07
 4.24664e-07
 4.24491e-07
 4.23007e-07
 4.18284e-07
 4.07630e-07
 3.88037e-07
 3.57138e-07
 3.19834e-07
 2.91478e-07
 2.77272e-07
 2.70590e-07
 2.67816e-07
 2.66873e-07
 2.66678e-07
 2.66714e-07
 2.66790e-07
 2.66853e-07
 2.66901e-07
 2.66921e-07
 2.66776e-07
 2.65635e-07
 2.59777e-07
 2.38573e-07
 1.92835e-07
 1.47758e-07
 1.28970e-07
 1.25478e-07
 1.25051e-07
 1.25005e-07
 1.25001e-07
 1.25000e-07
 1.25000e-07
 1.25000e-07
 1.25000e-07
 1.25000e-07
 1.25000e-07
 1.25000e-07
 1.25000e-07
 6.25000e-08
 9.12497e-07
 8.85465e-07
 8.69010e-07
 8.59910e-07
 8.51188e-07
 8.46591e-07
 8.46178e-07
 8.46815e-07
 8.48473e-07
 8.50176e-07
 8.50695e-07
 8.50311e-07
 8.49614e-07
 8.49245e-07
 8.49328e-07
 8.48983e-07
 8.46013e-07
 8.36567e-07
 8.15260e-07
 7.76075e-07
 7.14275e-07
 6.39668e-07
 5.82956e-07
 5.54544e-07
 5.41180e-07
 5.35632e-07
 5.33746e-07
 5.33356e-07
 5.33428e-07
 5.33579e-07
 5.33707e-07
 5.33801e-07
 5.33841e-07
 5.33552e-07
 5.31270e-07
 5.19555e-07
 4.77147e-07
 3.85669e-07
 2.95517e-07
 2.57939e-07
 2.50955e-07
 2.50103e-07
 2.50011e-07
 2.50001e-07
 2.50000e-07
 2.50000e-07
 2.50000e-07
 2.50000e-07
 2.50000e-07
 2.50000e-07
 2.50000e-07
 2.50000e-07
 1.25000e-07
 1.82499e-06
 1.77093e-06
 1.73802e-06
 1.71982e-06
 1.70238e-06
 1.69318e-06
 1.69236e-06
 1.69363e-06
 1.69695e-06
 1.70035e-06
 1.70139e-06
 1.70062e-06
 1.69923e-06
 1.69849e-06
 1.69866e-06
 1.69797e-06
 1.69203e-06
 1.67313e-06
 1.63052e-06
 1.55215e-06
 1.42855e-06
 1.27934e-06
 1.16591e-06
 1.10909e-06
 1.08236e-06
 1.07126e-06
 1.06749e-06
 1.06671e-06
 1.06686e-06
 1.06716e-06
 1.06741e-06
 1.06760e-06
 1.06768e-06
 1.06710e-06
 1.06254e-06
 1.03911e-06
 9.54293e-07
 7.71338e-07
 5.91034e-07
 5.15878e-07
 5.01911e-07
 5.00206e-07
 5.00022e-07
 5.00002e-07
 5.00000e-07
 5.00000e-07
 5.00000e-07
 5.00000e-07
 5.00000e-07
 5.00000e-07
 5.00000e-07
 5.00000e-07
 2.50000e-07
 1.82499e-06
 1.77093e-06
 1.73802e-06
 1.71982e-06
 1.70238e-06
 1.69318e-06
 1.69236e-06
 1.69363e-06
 1.69695e-06
 1.70035e-06
 1.70139e-06
 1.70062e-06
 1.69923e-06
 1.69849e-06
 1.69866e-06
 1.69797e-06
 1.69203e-06
 1.67313e-06
 1.63052e-06
 1.55215e-06
 1.42855e-06
 1.27934e-06
 1.16591e-06
 1.10909e-06
 1.08236e-06
 1.07126e-06
 1.06749e-06
 1.06671e-06
 1.06686e-06
 1.06716e-06
 1.06741e-06
 1.06760e-06
 1.06768e-06
 1.06710e-06
 1.06254e-06
 1.03911e-06
 9.54293e-07
 7.71338e-07
 5.91034e-07
 5.15878e-07
 5.01911e-07
 5.00206e-07
 5.00022e-07
 5.00002e-07
 5.00000e-07
 5.00000e-07
 5.00000e-07
 5.00000e-07
 5.00000e-07
 5.00000e-07
 5.00000e-07
 5.00000e-07
 2.50000e-07
 1.82499e-06
 1.77093e-06
 1.73802e-06
 1.71982e-06
 1.70238e-06
 1.69318e-06
 1.69236e-06
 1.69363e-06
 1.69695e-06
 1.70035e-06
 1.70139e-06
 1.70062e-06
 1.69923e-06
 1.69849e-06
 1.69866e-06
 1.69797e-06
 1.69203e-06
 1.67313e-06
 1.63052e-06
 1.55215e-06
 1.42855e-06
 1.27934e-06
 1.16591e-06
 1.10909e-06
 1.08236e-06
 1.07126e-06
 1.06749e-06
 1.06671e-06
 1.06686e-06
 1.06716e-06
 1.06741e-06
 1.06760e-06
 1.06768e-06
 1.06710e-06
 1.06254e-06
 1.03911e-06
 9.54293e-07
 7.71338e-07
 5.91034e-07
 5.15878e-07
 5.01911e-07
 5.00206e-07
 5.00022e-07
 5.00002e-07
 5.00000e-07
 5.00000e-07
 5.00000e-07
 5.00000e-07
 5.00000e-07
 5.00000e-07
 5.00000e-07
 5.00000e-07
 2.50000e-07
 1.82499e-06
 1.77093e-06
 1.73802e-06
 1.71982e-06
 1.70238e-06
 1.69318e-06
 1.69236e-06
 1.69363e-06
 1.69695e-06
 1.70035e-06
 1.70139e-06
 1.70062e-06
 1.69923e-06
 1.69849e-06
 1.69866e-06
 1.69797e-06
 1.69203e-06
 1.67313e-06
 1.63052e-06
 1.55215e-06
 1.42855e-06
 1.27934e-06
 1.16591e-06
 1.10909e-06
 1.08236e-06
 1.07126e-06
 1.06749e-06
 1.06671e-06
 1.06686e-06
 1.06716e-06
 1.06741e-06
 1.06760e-06
 1.06768e-06
 1.06710e-06
 1.06254e-06
 1.03911e-06
 9.54293e-07
 7.71338e-07
 5.91034e-07
 5.15878e-07
 5.01911e-07
 5.00206e-07
 5.00022e-07
 5.00002e-07
 5.00000e-07
 5.00000e-07
 5.00000e-07
 5.00000e-07
 5.00000e-07
 5.00000e-07
 5.00000e-07
 5.00000e-07
 2.50000e-07
 9.12497e-07
 8.85465e-07
 8.69010e-07
 8.59910e-07
 8.51188e-07
 8.46591e-07
 8.46178e-07
 8.46815e-07
 8.48473e-07
 8.50176e-07
 8.50695e-07
 8.50311e-07
 8.49614e-07
 8.49245e-07
 8.49328e-07
 8.48983e-07
 8.46013e-07
 8.36567e-07
 8.15260e-07
 7.76075e-07
 7.14275e-07
 6.39668e-07
 5.82956e-07
 5.54544e-07
 5.41180e-07
 5.35632e-07
 5.33746e-07
 5.33356e-07
 5.33428e-07
 5.33579e-07
 5.33707e-07
 5.33801e-07
 5.33841e-07
 5.33552e-07
 5.31270e-07
 5.19555e-07
 4.77147e-07
 3.85669e-07
 2.95517e-07
 2.57939e-07
 2.50955e-07
 2.50103e-07
 2.50011e-07
 2.50001e-07
 2.50000e-07
 2.50000e-07
 2.50000e-07
 2.50000e-07
 2.50000e-07
 2.50000e-07
 2.50000e-07
 2.50000e-07
 1.25000e-07
 9.12497e-07
 8.85465e-07
 8.69010e-07
 8.59910e-07
 8.51188e-07
 8.46591e-07
 8.46178e-07
 8.46815e-07
 8.48473e-07
 8.50176e-07
 8.50695e-07
 8.50311e-07
 8.49614e-07
 8.49245e-07
 8.49328e-07
 8.48983e-07
 8.46013e-07
 8.36567e-07
 8.15260e-07
 7.76075e-07
 7.14275e-07
 6.39668e-07
 5.82956e-07
 5.54544e-07
 5.41180e-07
 5.35632e-07
 5.33746e-07
 5.33356e-07
 5.33428e-07
 5.33579e-07
 5.33707e-07
 5.33801e-07
 5.33841e-07
 5.33552e-07
 5.31270e-07
 5.19555e-07
 4.77147e-07
 3.85669e-07
 2.95517e-07
 2.57939e-07
 2.50955e-07
 2.50103e-07
 2.50011e-07
 2.50001e-07
 2.50000e-07
 2.50000e-07
 2.50000e-07
 2.50000e-07
 2.50000e-07
 2.50000e-07
 2.50000e-07
 2.50000e-07
 1.25000e-07
 1.82499e-06
 1.77093e-06
 1.73802e-06
 1.71982e-06
 1.70238e-06
 1.69318e-06
 1.69236e-06
 1.69363e-06
 1.69695e-06
 1.70035e-06
 1.70139e-06
 1.70062e-06
 1.69923e-06
 1.69849e-06
 1.69866e-06
 1.69797e-06
 1.69203e-06
 1.67313e-06
 1.63052e-06
 1.55215e-06
 1.42855e-06
 1.27934e-06
 1.16591e-06
 1.10909e-06
 1.08236e-06
 1.07126e-06
 1.06749e-06
 1.06671e-06
 1.06686e-06
 1.06716e-06
 1.06741e-06
 1.06760e-06
 1.06768e-06
 1.06710e-06
 1.06254e-06
 1.03911e-06
 9.54293e-07
 7.71338e-07
 5.91034e-07
 5.15878e-07
 5.01911e-07
 5.00206e-07
 5.00022e-07
 5.00002e-07
 5.00000e-07
 5.00000e-07
 5.00000e-07
 5.00000e-07
 5.00000e-07
 5.00000e-07
 5.00000e-07
 5.00000e-07
 2.50000e-07
 1.82499e-06
 1.77093e-06
 1.73802e-06
 1.71982e-06
 1.70238e-06
 1.69318e-06
 1.69236e-06
 1.69363e-06
 1.69695e-06
 1.70035e-06
 1.70139e-06
 1.70062e-06
 1.69923e-06
 1.69849e-06
 1.69866e-06
 1.69797e-06
 1.69203e-06
 1.67313e-06
 1.63052e-06
 1.55215e-06
 1.42855e-06
 1.27934e-06
 1.16591e-06
 1.10909e-06
 1.08236e-06
 1.07126e-06
 1.06749e-06
 1.06671e-06
 1.06686e-06
 1.06716e-06
 1.06741e-06
 1.06760e-06
 1.06768e-06
 1.06710e-06
 1.06254e-06
 1.03911e-06
 9.54293e-07
 7.71338e-07
 5.91034e-07
 5.15878e-07
 5.01911e-07
 5.00206e-07
 5.00022e-07
 5.00002e-07
 5.00000e-07
 5.00000e-07
 5.00000e-07
 5.00000e-07
 5.00000e-07
 5.00000e-07
 5.00000e-07
 5.00000e-07
 2.50000e-07
 1.82499e-06
 1.77093e-06
 1.73802e-06
 1.71982e-06
 1.70238e-06
 1.69318e-06
 1.69236e-06
 1.69363e-06
 1.69695e-06
 1.70035e-06
 1.70139e-06
 1.70062e-06
 1.69923e-06
 1.69849e-06
 1.69866e-06
 1.69797e-06
 1.69203e-06
 1.67313e-06
 1.63052e-06
 1.55215e-06
 1.42855e-06
 1.27934e-06
 1.16591e-06
 1.10909e-06
 1.08236e-06
 1.07126e-06
 1.06749e-06
 1.06671e-06
 1.06686e-06
 1.06716e-06
 1.06741e-06
 1.06760e-06
 1.06768e-06
 1.06710e-06
 1.06254e-06
 1.03911e-06
 9.54293e-07
 7.71338e-07
 5.91034e-07
 5.15878e-07
 5.01911e-07
 5.00206e-07
 5.00022e-07
 5.00002e-07
 5.00000e-07
 5.00000e-07
 5.00000e-07
 5.00000e-07
 5.00000e-07
 5.00000e-07
 5.00000e-07
 5.00000e-07
 2.50000e-07
 1.82499e-06
 1.77093e-06
 1.73802e-06
 1.71982e-06
 1.70238e-06
 1.69318e-06
 1.69236e-06
 1.69363e-06
 1.69695e-06
 1.70035e-06
 1.70139e-06
 1.70062e-06
 1.69923e-06
 1.69849e-06
 1.69866e-06
 1.69797e-06
 1.69203e-06
 1.67313e-06
 1.63052e-06
 1.55215e-06
 1.42855e-06
 1.27934e-06
 1.16591e-06
 1.10909e-06
 1.08236e-06
 1.07126e-06
 1.06749e-06
 1.06671e-06
 1.06686e-06
 1.06716e-06
 1.06741e-06
 1.06760e-06
 1.06768e-06
 1.06710e-06
 1.06254e-06
 1.03911e-06
 9.54293e-07
 7.71338e-07
 5.91034e-07
 5.15878e-07
 5.01911e-07
 5.00206e-07
 5.00022e-07
 5.00002e-07
 5.00000e-07
 5.00000e-07
 5.00000e-07
 5.00000e-07
 5.00000e-07
 5.00000e-07
 5.00000e-07
 5.00000e-07
 2.50000e-07
 9.12497e-07
 8.85465e-07
 8.69010e-07
 8.59910e-07
 8.51188e-07
 8.46591e-07
 8.46178e-07
 8.46815e-07
 8.48473e-07
 8.50176e-07
 8.50695e-07
 8.50311e-07
 8.49614e-07
 8.49245e-07
 8.49328e-07
 8.48983e-07
 8.46013e-07
 8.36567e-07
 8.15260e-07
 7.76075e-07
 7.14275e-07
 6.39668e-07
 5.82956e-07
 5.54544e-07
 5.41180e-07
 5.35632e-07
 5.33746e-07
 5.33356e-07
 5.33428e-07
 5.33579e-07
 5.33707e-07
 5.33801e-07
 5.33841e-07
 5.33552e-07
 5.31270e-07
 5.19555e-07
 4.77147e-07
 3.85669e-07
 2.95517e-07
 2.57939e-07
 2.50955e-07
 2.50103e-07
 2.50011e-07
 2.50001e-07
 2.50000e-07
 2.50000e-07
 2.50000e-07
 2.50000e-07
 2.50000e-07
 2.50000e-07
 2.50000e-07
 2.50000e-07
 1.25000e-07
 9.12497e-07
 8.85465e-07
 8.69010e-07
 8.59910e-07
 8.51188e-07
 8.46591e-07
 8.46178e-07
 8.46815e-07
 8.48473e-07
 8.50176e-07
 8.50695e-07
 8.50311e-07
 8.49614e-07
 8.49245e-07
 8.49328e-07
 8.48983e-07
 8.46013e-07
 8.36567e-07
 8.15260e-07
 7.76075e-07
 7.14275e-07
 6.39668e-07
 5.82956e-07
 5.54544e-07
 5.41180e-07
 5.35632e-07
 5.33746e-07
 5.33356e-07
 5.33428e-07
 5.33579e-07
 5.33707e-07
 5.33801e-07
 5.33841e-07
 5.33552e-07
 5.31270e-07
 5.19555e-07
 4.77147e-07
 3.85669e-07
 2.95517e-07
 2.57939e-07
 2.50955e-07
 2.50103e-07
 2.50011e-07
 2.50001e-07
 2.50000e-07
 2.50000e-07
 2.50000e-07
 2.50000e-07
 2.50000e-07
 2.50000e-07
 2.50000e-07
 2.50000e-07
 1.25000e-07
 1.82499e-06
 1.77093e-06
 1.73802e-06
 1.71982e-06
 1.70238e-06
 1.69318e-06
 1.69236e-06
 1.69363e-06
 1.69695e-06
 1.70035e-06
 1.70139e-06
 1.70062e-06
 1.69923e-06
 1.69849e-06
 1.69866e-06
 1.69797e-06
 1.69203e-06
 1.67313e-06
 1.63052e-06
 1.55215e-06
 1.42855e-06
 1.27934e-06
 1.16591e-06
 1.10909e-06
 1.08236e-06
 1.07126e-06
 1.06749e-06
 1.06671e-06
 1.06686e-06
 1.06716e-06
 1.06741e-06
 1.06760e-06
 1.06768e-06
 1.06710e-06
 1.06254e-06
 1.03911e-06
 9.54293e-07
 7.71338e-07
 5.91034e-07
 5.15878e-07
 5.01911e-07
 5.00206e-07
 5.00022e-07
 5.00002e-07
 5.00000e-07
 5.00000e-07
 5.00000e-07
 5.00000e-07
 5.00000e-07
 5.00000e-07
 5.00000e-07
 5.00000e-07
 2.50000e-07
 1.82499e-06
 1.77093e-06
 1.73802e-06
 1.71982e-06
 1.70238e-06
 1.69318e-06
 1.69236e-06
 1.69363e-06
 1.69695e-06
 1.70035e-06
 1.70139e-06
 1.70062e-06
 1.69923e-06
 1.69849e-06
 1.69866e-06
 1.69797e-06
 1.69203e-06
 1.67313e-06
 1.63052e-06
 1.55215e-06
 1.42855e-06
 1.27934e-06
 1.16591e-06
 1.10909e-06
 1.08236e-06
 1.07126e-06
 1.06749e-06
 1.06671e-06
 1.06686e-06
 1.06716e-06
 1.06741e-06
 1.06760e-06
 1.06768e-06
 1.06710e-06
 1.06254e-06
 1.03911e-06
 9.54293e-07
 7.71338e-07
 5.91034e-07
 5.15878e-07
 5.01911e-07
 5.00206e-07
 5.00022e-07
 5.00002e-07
 5.00000e-07
 5.00000e-07
 5.00000e-07
 5.00000e-07
 5.00000e-07
 5.00000e-07
 5.00000e-07
 5.00000e-07
 2.50000e-07
 1.82499e-06
 1.77093e-06
 1.73802e-06
 1.71982e-06
 1.70238e-06
 1.69318e-06
 1.69236e-06
 1.69363e-06
 1.69695e-06
 1.70035e-06
 1.70139e-06
 1.70062e-06
 1.69923e-06
 1.69849e-06
 1.69866e-06
 1.69797e-06
 1.69203e-06
 1.67313e-06
 1.63052e-06
 1.55215e-06
 1.42855e-06
 1.27934e-06
 1.16591e-06
 1.10909e-06
 1.08236e-06
 1.07126e-06
 1.06749e-06
 1.06671e-06
 1.06686e-06
 1.06716e-06
 1.06741e-06
 1.06760e-06
 1.06768e-06
 1.06710e-06
 1.06254e-06
 1.03911e-06
 9.54293e-07
 7.71338e-07
 5.91034e-07
 5.15878e-07
 5.01911e-07
 5.00206e-07
 5.00022e-07
 5.00002e-07
 5.00000e-07
 5.00000e-07
 5.00000e-07
 5.00000e-07
 5.00000e-07
 5.00000e-07
 5.00000e-07
 5.00000e-07
 2.50000e-07
 1.82499e-06
 1.77093e-06
 1.73802e-06
 1.71982e-06
 1.70238e-06
 1.69318e-06
 1.69236e-06
 1.69363e-06
 1.69695e-06
 1.70035e-06
 1.70139e-06
 1.70062e-06
 1.69923e-06
 1.69849e-06
 1.69866e-06
 1.69797e-06
 1.69203e-06
 1.67313e-06
 1.63052e-06
 1.55215e-06
 1.42855e-06
 1.27934e-06
 1.16591e-06
 1.10909e-06
 1.08236e-06
 1.07126e-06
 1.06749e-06
 1.06671e-06
 1.06686e-06
 1.06716e-06
 1.06741e-06
 1.06760e-06
 1.06768e-06
 1.06710e-06
 1.06254e-06
 1.03911e-06
 9.54293e-07
 7.71338e-07
 5.91034e-07
 5.15878e-07
 5.01911e-07
 5.00206e-07
 5.00022e-07
 5.00002e-07
 5.00000e-07
 5.00000e-07
 5.00000e-07
 5.00000e-07
 5.00000e-07
 5.00000e-07
 5.00000e-07
 5.00000e-07
 2.50000e-07
 9.12497e-07
 8.85465e-07
 8.69010e-07
 8.59910e-07
 8.51188e-07
 8.46591e-07
 8.46178e-07
 8.46815e-07
 8.48473e-07
 8.50176e-07
 8.50695e-07
 8.50311e-07
 8.49614e-07
 8.49245e-07
 8.49328e-07
 8.48983e-07
 8.46013e-07
 8.36567e-07
 8.15260e-07
 7.76075e-07
 7.14275e-07
 6.39668e-07
 5.82956e-07
 5.54544e-07
 5.41180e-07
 5.35632e-07
 5.33746e-07
 5.33356e-07
 5.33428e-07
 5.33579e-07
 5.33707e-07
 5.33801e-07
 5.33841e-07
 5.33552e-07
 5.31270e-07
 5.19555e-07
 4.77147e-07
 3.85669e-07
 2.95517e-07
 2.57939e-07
 2.50955e-07
 2.50103e-07
 2.50011e-07
 2.50001e-07
 2.50000e-07
 2.50000e-07
 2.50000e-07
 2.50000e-07
 2.50000e-07
 2.50000e-07
 2.50000e-07
 2.50000e-07
 1.25000e-07
 9.12497e-07
 8.85465e-07
 8.69010e-07
 8.59910e-07
 8.51188e-07
 8.46591e-07
 8.46178e-07
 8.46815e-07
 8.48473e-07
 8.50176e-07
 8.50695e-07
 8.50311e-07
 8.49614e-07
 8.49245e-07
 8.49328e-07
 8.48983e-07
 8.46013e-07
 8.36567e-07
 8.15260e-07
 7.76075e-07
 7.14275e-07
 6.39668e-07
 5.82956e-07
 5.54544e-07
 5.41180e-07
 5.35632e-07
 5.33746e-07
 5.33356e-07
 5.33428e-07
 5.33579e-07
 5.33707e-07
 5.33801e-07
 5.33841e-07
 5.33552e-07
 5.31270e-07
 5.19555e-07
 4.77147e-07
 3.85669e-07
 2.95517e-07
 2.57939e-07
 2.50955e-07
 2.50103e-07
 2.50011e-07
 2.50001e-07
 2.50000e-07
 2.50000e-07
 2.50000e-07
 2.50000e-07
 2.50000e-07
 2.50000e-07
 2.50000e-07
 2.50000e-07
 1.25000e-07
 1.82499e-06
 1.77093e-06
 1.73802e-06
 1.71982e-06
 1.70238e-06
 1.69318e-06
 1.69236e-06
 1.69363e-06
 1.69695e-06
 1.70035e-06
 1.70139e-06
 1.70062e-06
 1.69923e-06
 1.69849e-06
 1.69866e-06
 1.69797e-06
 1.69203e-06
 1.67313e-06
 1.63052e-06
 1.55215e-06
 1.42855e-06
 1.27934e-06
 1.16591e-06
 1.10909e-06
 1.08236e-06
 1.07126e-06
 1.06749e-06
 1.06671e-06
 1.06686e-06
 1.06716e-06
 1.06741e-06
 1.06760e-06
 1.06768e-06
 1.06710e-06
 1.06254e-06
 1.03911e-06
 9.54293e-07
 7.71338e-07
 5.91034e-07
 5.15878e-07
 5.01911e-07
 5.00206e-07
 5.00022e-07
 5.00002e-07
 5.00000e-07
 5.00000e-07
 5.00000e-07
 5.00000e-07
 5.00000e-07
 5.00000e-07
 5.00000e-07
 5.00000e-07
 2.50000e-07
 1.82499e-06
 1.77093e-06
 1.73802e-06
 1.71982e-06
 1.70238e-06
 1.69318e-06
 1.69236e-06
 1.69363e-06
 1.69695e-06
 1.70035e-06
 1.70139e-06
 1.70062e-06
 1.69923e-06
 1.69849e-06
 1.69866e-06
 1.69797e-06
 1.69203e-06
 1.67313e-06
 1.63052e-06
 1.55215e-06
 1.42855e-06
 1.27934e-06
 1.16591e-06
 1.10909e-06
 1.08236e-06
 1.07126e-06
 1.06749e-06
 1.06671e-06
 1.06686e-06
 1.06716e-06
 1.06741e-06
 1.06760e-06
 1.06768e-06
 1.06710e-06
 1.06254e-06
 1.03911e-06
 9.54293e-07
 7.71338e-07
 5.91034e-07
 5.15878e-07
 5.01911e-07
 5.00206e-07
 5.00022e-07
 5.00002e-07
 5.00000e-07
 5.00000e-07
 5.00000e-07
 5.00000e-07
 5.00000e-07
 5.00000e-07
 5.00000e-07
 5.00000e-07
 2.50000e-07
 1.82499e-06
 1.77093e-06
 1.73802e-06
 1.71982e-06
 1.70238e-06
 1.69318e-06
 1.69236e-06
 1.69363e-06
 1.69695e-06
 1.70035e-06
 1.70139e-06
 1.70062e-06
 1.69923e-06
 1.69849e-06
 1.69866e-06
 1.69797e-06
 1.69203e-06
 1.67313e-06
 1.63052e-06
 1.55215e-06
 1.42855e-06
 1.27934e-06
 1.16591e-06
 1.10909e-06
 1.08236e-06
 1.07126e-06
 1.06749e-06
 1.06671e-06
 1.06686e-06
 1.06716e-06
 1.06741e-06
 1.06760e-06
 1.06768e-06
 1.06710e-06
 1.06254e-06
 1.03911e-06
 9.54293e-07
 7.71338e-07
 5.91034e-07
 5.15878e-07
 5.01911e-07
 5.00206e-07
 5.00022e-07
 5.00002e-07
 5.00000e-07
 5.00000e-07
 5.00000e-07
 5.00000e-07
 5.00000e-07
 5.00000e-07
 5.00000e-07
 5.00000e-07
 2.50000e-07
 1.82499e-06
 1.77093e-06
 1.73802e-06
 1.71982e-06
 1.70238e-06
 1.69318e-06
 1.69236e-06
 1.69363e-06
 1.69695e-06
 1.70035e-06
 1.70139e-06
 1.70062e-06
 1.69923e-06
 1.69849e-06
 1.69866e-06
 1.69797e-06
 1.69203e-06
 1.67313e-06
 1.63052e-06
 1.55215e-06
 1.42855e-06
 1.27934e-06
 1.16591e-06
 1.10909e-06
 1.08236e-06
 1.07126e-06
 1.06749e-06
 1.06671e-06
 1.06686e-06
 1.06716e-06
 1.06741e-06
 1.06760e-06
 1.06768e-06
 1.06710e-06
 1.06254e-06
 1.03911e-06
 9.54293e-07
 7.71338e-07
 5.91034e-07
 5.15878e-07
 5.01911e-07
 5.00206e-07
 5.00022e-07
 5.00002e-07
 5.00000e-07
 5.00000e-07
 5.00000e-07
 5.00000e-07
 5.00000e-07
 5.00000e-07
 5.00000e-07
 5.00000e-07
 2.50000e-07
 9.12497e-07
 8.85465e-07
 8.69010e-07
 8.59910e-07
 8.51188e-07
 8.46591e-07
 8.46178e-07
 8.46815e-07
 8.48473e-07
 8.50176e-07
 8.50695e-07
 8.50311e-07
 8.49614e-07
 8.49245e-07
 8.49328e-07
 8.48983e-07
 8.46013e-07
 8.36567e-07
 8.15260e-07
 7.76075e-07
 7.14275e-07
 6.39668e-07
 5.82956e-07
 5.54544e-07
 5.41180e-07
 5.35632e-07
 5.33746e-07
 5.33356e-07
 5.33428e-07
 5.33579e-07
 5.33707e-07
 5.33801e-07
 5.33841e-07
 5.33552e-07
 5.31270e-07
 5.19555e-07
 4.77147e-07
 3.85669e-07
 2.95517e-07
 2.57939e-07
 2.50955e-07
 2.50103e-07
 2.50011e-07
 2.50001e-07
 2.50000e-07
 2.50000e-07
 2.50000e-07
 2.50000e-07
 2.50000e-07
 2.50000e-07
 2.50000e-07
 2.50000e-07
 1.25000e-07
 4.56249e-07
 4.42732e-07
 4.34505e-07
 4.29955e-07
 4.25594e-07
 4.23295e-07
 4.23089e-07
 4.23407e-07
 4.24237e-07
 4.25088e-07
 4.25348e-07
 4.25155e-07
 4.24807e-07
 4.24622e-07
 4.24664e-07
 4.24491e-07
 4.23007e-07
 4.18284e-07
 4.07630e-07
 3.88037e-07
 3.57138e-07
 3.19834e-07
 2.91478e-07
 2.77272e-07
 2.70590e-07
 2.67816e-07
 2.66873e-07
 2.66678e-07
 2.66714e-07
 2.66790e-07
 2.66853e-07
 2.66901e-07
 2.66921e-07
 2.66776e-07
 2.65635e-07
 2.59777e-07
 2.38573e-07
 1.92835e-07
 1.47758e-07
 1.28970e-07
 1.25478e-07
 1.25051e-07
 1.25005e-07
 1.25001e-07
 1.25000e-07
 1.25000e-07
 1.25000e-07
 1.25000e-07
 1.25000e-07
 1.25000e-07
 1.25000e-07
 1.25000e-07
 6.25000e-08
 9.12497e-07
 8.85465e-07
 8.69010e-07
 8.59910e-07
 8.51188e-07
 8.46591e-07
 8.46178e-07
 8.46815e-07
 8.48473e-07
 8.50176e-07
 8.50695e-07
 8.50311e-07
 8.49614e-07
 8.49245e-07
 8.49328e-07
 8.48983e-07
 8.46013e-07
 8.36567e-07
 8.15260e-07
 7.76075e-07
 7.14275e-07
 6.39668e-07
 5.82956e-07
 5.54544e-07
 5.41180e-07
 5.35632e-07
 5.33746e-07
 5.33356e-07
 5.33428e-07
 5.33579e-07
 5.33707e-07
 5.33801e-07
 5.33841e-07
 5.33552e-07
 5.31270e-07
 5.19555e-07
 4.77147e-07
 3.85669e-07
 2.95517e-07
 2.57939e-07
 2.50955e-07
 2.50103e-07
 2.50011e-07
 2.50001e-07
 2.50000e-07
 2.50000e-07
 2.50000e-07
 2.50000e-07
 2.50000e-07
 2.50000e-07
 2.50000e-07
 2.50000e-07
 1.25000e-07
 9.12497e-07
 8.85465e-07
 8.69010e-07
 8.59910e-07
 8.51188e-07
 8.46591e-07
 8.46178e-07
 8.46815e-07
 8.48473e-07
 8.50176e-07
 8.50695e-07
 8.50311e-07
 8.49614e-07
 8.49245e-07
 8.49328e-07
 8.48983e-07
 8.46013e-07
 8.36567e-07
 8.15260e-07
 7.76075e-07
 7.14275e-07
 6.39668e-07
 5.82956e-07
 5.54544e-07
 5.41180e-07
 5.35632e-07
 5.33746e-07
 5.33356e-07
 5.33428e-07
 5.33579e-07
 5.33707e-07
 5.33801e-07
 5.33841e-07
 5.33552e-07
 5.31270e-07
 5.19555e-07
 4.77147e-07
 3.85669e-07
 2.95517e-07
 2.57939e-07
 2.50955e-07
 2.50103e-07
 2.50011e-07
 2.50001e-07
 2.50000e-07
 2.50000e-07
 2.50000e-07
 2.50000e-07
 2.50000e-07
 2.50000e-07
 2.50000e-07
 2.50000e-07
 1.25000e-07
 9.12497e-07
 8.85465e-07
 8.69010e-07
 8.59910e-07
 8.51188e-07
 8.46591e-07
 8.46178e-07
 8.46815e-07
 8.48473e-07
 8.50176e-07
 8.50695e-07
 8.50311e-07
 8.49614e-07
 8.49245e-07
 8.49328e-07
 8.48983e-07
 8.46013e-07
 8.36567e-07
 8.15260e-07
 7.76075e-07
 7.14275e-07
 6.39668e-07
 5.82956e-07
 5.54544e-07
 5.41180e-07
 5.35632e-07
 5.33746e-07
 5.33356e-07
 5.33428e-07
 5.33579e-07
 5.33707e-07
 5.33801e-07
 5.33841e-07
 5.33552e-07
 5.31270e-07
 5.19555e-07
 4.77147e-07
 3.85669e-07
 2.95517e-07
 2.57939e-07
 2.50955e-07
 2.50103e-07
 2.50011e-07
 2.50001e-07
 2.50000e-07
 2.50000e-07
 2.50000e-07
 2.50000e-07
 2.50000e-07
 2.50000e-07
 2.50000e-07
 2.50000e-07
 1.25000e-07
 9.12497e-07
 8.85465e-07
 8.69010e-07
 8.59910e-07
 8.51188e-07
 8.46591e-07
 8.46178e-07
 8.46815e-07
 8.48473e-07
 8.50176e-07
 8.50695e-07
 8.50311e-07
 8.49614e-07
 8.49245e-07
 8.49328e-07
 8.48983e-07
 8.46013e-07
 8.36567e-07
 8.15260e-07
 7.76075e-07
 7.14275e-07
 6.39668e-07
 5.82956e-07
 5.54544e-07
 5.41180e-07
 5.35632e-07
 5.33746e-07
 5.33356e-07
 5.33428e-07
 5.33579e-07
 5.33707e-07
 5.33801e-07
 5.33841e-07
 5.33552e-07
 5.31270e-07
 5.19555e-07
 4.77147e-07
 3.85669e-07
 2.95517e-07
 2.57939e-07
 2.50955e-07
 2.50103e-07
 2.50011e-07
 2.50001e-07
 2.50000e-07
 2.50000e-07
 2.50000e-07
 2.50000e-07
 2.50000e-07
 2.50000e-07
 2.50000e-07
 2.50000e-07
 1.25000e-07
 4.56249e-07
 4.42732e-07
 4.34505e-07
 4.29955e-07
 4.25594e-07
 4.23295e-07
 4.23089e-07
 4.23407e-07
 4.24237e-07
 4.25088e-07
 4.25348e-07
 4.25155e-07
 4.24807e-07
 4.24622e-07
 4.24664e-07
 4.24491e-07
 4.23007e-07
 4.18284e-07
 4.07630e-07
 3.88037e-07
 3.57138e-07
 3.19834e-07
 2.91478e-07
 2.77272e-07
 2.70590e-07
 2.67816e-07
 2.66873e-07
 2.66678e-07
 2.66714e-07
 2.66790e-07
 2.66853e-07
 2.66901e-07
 2.66921e-07
 2.66776e-07
 2.65635e-07
 2.59777e-07
 2.38573e-07
 1.92835e-07
 1.47758e-07
 1.28970e-07
 1.25478e-07
 1.25051e-07
 1.25005e-07
 1.25001e-07
 1.25000e-07
 1.25000e-07
 1.25000e-07
 1.25000e-07
 1.25000e-07
 1.25000e-07
 1.25000e-07
 1.25000e-07
 6.25000e-08
