InternalEnergy
part
         1
hexa8
 2.50000e+00
 2.50000e+00
 2.50000e+00
 2.50000e+00
 2.50000e+00
 2.50000e+00
 2.50000e+00
 2.50000e+00
 2.50000e+00
 2.50000e+00
 2.50000e+00
 2.50000e+00
 2.50000e+00
 2.50000e+00
 2.50000e+00
 2.50000e+00
 2.50000e+00
 2.50000e+00
 2.50000e+00
 2.49999e+00
 2.49995e+00
 2.49980e+00
 2.49925e+00
 2.49754e+00
 2.49315e+00
 2.50000e+00
 2.50000e+00
 2.50000e+00
 2.50000e+00
 2.50000e+00
 2.50000e+00
 2.50000e+00
 2.50000e+00
 2.50000e+00
 2.50000e+00
 2.50000e+00
 2.50000e+00
 2.50000e+00
 2.50000e+00
 2.50000e+00
 2.50000e+00
 2.50000e+00
 2.50000e+00
 2.50000e+00
 2.49999e+00
 2.49995e+00
 2.49980e+00
 2.49925e+00
 2.49754e+00
 2.49315e+00
 2.50000e+00
 2.50000e+00
 2.50000e+00
 2.50000e+00
 2.50000e+00
 2.50000e+00
 2.50000e+00
 2.50000e+00
 2.50000e+00
 2.50000e+00
 2.50000e+00
 2.50000e+00
 2.50000e+00
 2.50000e+00
 2.50000e+00
 2.50000e+00
 2.50000e+00
 2.50000e+00
 2.50000e+00
 2.49999e+00
 2.49995e+00
 2.49980e+00
 2.49925e+00
 2.49754e+00
 2.49315e+00
 2.50000e+00
 2.50000e+00
 2.50000e+00
 2.50000e+00
 2.50000e+00
 2.50000e+00
 2.50000e+00
 2.50000e+00
 2.50000e+00
 2.50000e+00
 2.50000e+00
 2.50000e+00
 2.50000e+00
 2.50000e+00
 2.50000e+00
 2.50000e+00
 2.50000e+00
 2.50000e+00
 2.50000e+00
 2.49999e+00
 2.49995e+00
 2.49980e+00
 2.49925e+00
 2.49754e+00
 2.49315e+00
 2.50000e+00
 2.50000e+00
 2.50000e+00
 2.50000e+00
 2.50000e+00
 2.50000e+00
 2.50000e+00
 2.50000e+00
 2.50000e+00
 2.50000e+00
 2.50000e+00
 2.50000e+00
 2.50000e+00
 2.50000e+00
 2.50000e+00
 2.50000e+00
 2.50000e+00
 2.50000e+00
 2.50000e+00
 2.49999e+00
 2.49995e+00
 2.49980e+00
 2.49925e+00
 2.49754e+00
 2.49315e+00
 2.50000e+00
 2.50000e+00
 2.50000e+00
 2.50000e+00
 2.50000e+00
 2.50000e+00
 2.50000e+00
 2.50000e+00
 2.50000e+00
 2.50000e+00
 2.50000e+00
 2.50000e+00
 2.50000e+00
 2.50000e+00
 2.50000e+00
 2.50000e+00
 2.50000e+00
 2.50000e+00
 2.50000e+00
 2.49999e+00
 2.49995e+00
 2.49980e+00
 2.49925e+00
 2.49754e+00
 2.49315e+00
 2.50000e+00
 2.50000e+00
 2.50000e+00
 2.50000e+00
 2.50000e+00
 2.50000e+00
 2.50000e+00
 2.50000e+00
 2.50000e+00
 2.50000e+00
 2.50000e+00
 2.50000e+00
 2.50000e+00
 2.50000e+00
 2.50000e+00
 2.50000e+00
 2.50000e+00
 2.50000e+00
 2.50000e+00
 2.49999e+00
 2.49995e+00
 2.49980e+00
 2.49925e+00
 2.49754e+00
 2.49315e+00
 2.50000e+00
 2.50000e+00
 2.50000e+00
 2.50000e+00
 2.50000e+00
 2.50000e+00
 2.50000e+00
 2.50000e+00
 2.50000e+00
 2.50000e+00
 2.50000e+00
 2.50000e+00
 2.50000e+00
 2.50000e+00
 2.50000e+00
 2.50000e+00
 2.50000e+00
 2.50000e+00
 2.50000e+00
 2.49999e+00
 2.49995e+00
 2.49980e+00
 2.49925e+00
 2.49754e+00
 2.49315e+00
 2.50000e+00
 2.50000e+00
 2.50000e+00
 2.50000e+00
 2.50000e+00
 2.50000e+00
 2.50000e+00
 2.50000e+00
 2.50000e+00
 2.50000e+00
 2.50000e+00
 2.50000e+00
 2.50000e+00
 2.50000e+00
 2.50000e+00
 2.50000e+00
 2.50000e+00
 2.50000e+00
 2.50000e+00
 2.49999e+00
 2.49995e+00
 2.49980e+00
 2.49925e+00
 2.49754e+00
 2.49315e+00
 2.50000e+00
 2.50000e+00
 2.50000e+00
 2.50000e+00
 2.50000e+00
 2.50000e+00
 2.50000e+00
 2.50000e+00
 2.50000e+00
 2.50000e+00
 2.50000e+00
 2.50000e+00
 2.50000e+00
 2.50000e+00
 2.50000e+00
 2.50000e+00
 2.50000e+00
 2.50000e+00
 2.50000e+00
 2.49999e+00
 2.49995e+00
 2.49980e+00
 2.49925e+00
 2.49754e+00
 2.49315e+00
 2.50000e+00
 2.50000e+00
 2.50000e+00
 2.50000e+00
 2.50000e+00
 2.50000e+00
 2.50000e+00
 2.50000e+00
 2.50000e+00
 2.50000e+00
 2.50000e+00
 2.50000e+00
 2.50000e+00
 2.50000e+00
 2.50000e+00
 2.50000e+00
 2.50000e+00
 2.50000e+00
 2.50000e+00
 2.49999e+00
 2.49995e+00
 2.49980e+00
 2.49925e+00
 2.49754e+00
 2.49315e+00
 2.50000e+00
 2.50000e+00
 2.50000e+00
 2.50000e+00
 2.50000e+00
 2.50000e+00
 2.50000e+00
 2.50000e+00
 2.50000e+00
 2.50000e+00
 2.50000e+00
 2.50000e+00
 2.50000e+00
 2.50000e+00
 2.50000e+00
 2.50000e+00
 2.50000e+00
 2.50000e+00
 2.50000e+00
 2.49999e+00
 2.49995e+00
 2.49980e+00
 2.49925e+00
 2.49754e+00
 2.49315e+00
 2.50000e+00
 2.50000e+00
 2.50000e+00
 2.50000e+00
 2.50000e+00
 2.50000e+00
 2.50000e+00
 2.50000e+00
 2.50000e+00
 2.50000e+00
 2.50000e+00
 2.50000e+00
 2.50000e+00
 2.50000e+00
 2.50000e+00
 2.50000e+00
 2.50000e+00
 2.50000e+00
 2.50000e+00
 2.49999e+00
 2.49995e+00
 2.49980e+00
 2.49925e+00
 2.49754e+00
 2.49315e+00
 2.50000e+00
 2.50000e+00
 2.50000e+00
 2.50000e+00
 2.50000e+00
 2.50000e+00
 2.50000e+00
 2.50000e+00
 2.50000e+00
 2.50000e+00
 2.50000e+00
 2.50000e+00
 2.50000e+00
 2.50000e+00
 2.50000e+00
 2.50000e+00
 2.50000e+00
 2.50000e+00
 2.50000e+00
 2.49999e+00
 2.49995e+00
 2.49980e+00
 2.49925e+00
 2.49754e+00
 2.49315e+00
 2.50000e+00
 2.50000e+00
 2.50000e+00
 2.50000e+00
 2.50000e+00
 2.50000e+00
 2.50000e+00
 2.50000e+00
 2.50000e+00
 2.50000e+00
 2.50000e+00
 2.50000e+00
 2.50000e+00
 2.50000e+00
 2.50000e+00
 2.50000e+00
 2.50000e+00
 2.50000e+00
 2.50000e+00
 2.49999e+00
 2.49995e+00
 2.49980e+00
 2.49925e+00
 2.49754e+00
 2.49315e+00
 2.50000e+00
 2.50000e+00
 2.50000e+00
 2.50000e+00
 2.50000e+00
 2.50000e+00
 2.50000e+00
 2.50000e+00
 2.50000e+00
 2.50000e+00
 2.50000e+00
 2.50000e+00
 2.50000e+00
 2.50000e+00
 2.50000e+00
 2.50000e+00
 2.50000e+00
 2.50000e+00
 2.50000e+00
 2.49999e+00
 2.49995e+00
 2.49980e+00
 2.49925e+00
 2.49754e+00
 2.49315e+00
 2.50000e+00
 2.50000e+00
 2.50000e+00
 2.50000e+00
 2.50000e+00
 2.50000e+00
 2.50000e+00
 2.50000e+00
 2.50000e+00
 2.50000e+00
 2.50000e+00
 2.50000e+00
 2.50000e+00
 2.50000e+00
 2.50000e+00
 2.50000e+00
 2.50000e+00
 2.50000e+00
 2.50000e+00
 2.49999e+00
 2.49995e+00
 2.49980e+00
 2.49925e+00
 2.49754e+00
 2.49315e+00
 2.50000e+00
 2.50000e+00
 2.50000e+00
 2.50000e+00
 2.50000e+00
 2.50000e+00
 2.50000e+00
 2.50000e+00
 2.50000e+00
 2.50000e+00
 2.50000e+00
 2.50000e+00
 2.50000e+00
 2.50000e+00
 2.50000e+00
 2.50000e+00
 2.50000e+00
 2.50000e+00
 2.50000e+00
 2.49999e+00
 2.49995e+00
 2.49980e+00
 2.49925e+00
 2.49754e+00
 2.49315e+00
 2.50000e+00
 2.50000e+00
 2.50000e+00
 2.50000e+00
 2.50000e+00
 2.50000e+00
 2.50000e+00
 2.50000e+00
 2.50000e+00
 2.50000e+00
 2.50000e+00
 2.50000e+00
 2.50000e+00
 2.50000e+00
 2.50000e+00
 2.50000e+00
 2.50000e+00
 2.50000e+00
 2.50000e+00
 2.49999e+00
 2.49995e+00
 2.49980e+00
 2.49925e+00
 2.49754e+00
 2.49315e+00
 2.50000e+00
 2.50000e+00
 2.50000e+00
 2.50000e+00
 2.50000e+00
 2.50000e+00
 2.50000e+00
 2.50000e+00
 2.50000e+00
 2.50000e+00
 2.50000e+00
 2.50000e+00
 2.50000e+00
 2.50000e+00
 2.50000e+00
 2.50000e+00
 2.50000e+00
 2.50000e+00
 2.50000e+00
 2.49999e+00
 2.49995e+00
 2.49980e+00
 2.49925e+00
 2.49754e+00
 2.49315e+00
 2.50000e+00
 2.50000e+00
 2.50000e+00
 2.50000e+00
 2.50000e+00
 2.50000e+00
 2.50000e+00
 2.50000e+00
 2.50000e+00
 2.50000e+00
 2.50000e+00
 2.50000e+00
 2.50000e+00
 2.50000e+00
 2.50000e+00
 2.50000e+00
 2.50000e+00
 2.50000e+00
 2.50000e+00
 2.49999e+00
 2.49995e+00
 2.49980e+00
 2.49925e+00
 2.49754e+00
 2.49315e+00
 2.50000e+00
 2.50000e+00
 2.50000e+00
 2.50000e+00
 2.50000e+00
 2.50000e+00
 2.50000e+00
 2.50000e+00
 2.50000e+00
 2.50000e+00
 2.50000e+00
 2.50000e+00
 2.50000e+00
 2.50000e+00
 2.50000e+00
 2.50000e+00
 2.50000e+00
 2.50000e+00
 2.50000e+00
 2.49999e+00
 2.49995e+00
 2.49980e+00
 2.49925e+00
 2.49754e+00
 2.49315e+00
 2.50000e+00
 2.50000e+00
 2.50000e+00
 2.50000e+00
 2.50000e+00
 2.50000e+00
 2.50000e+00
 2.50000e+00
 2.50000e+00
 2.50000e+00
 2.50000e+00
 2.50000e+00
 2.50000e+00
 2.50000e+00
 2.50000e+00
 2.50000e+00
 2.50000e+00
 2.50000e+00
 2.50000e+00
 2.49999e+00
 2.49995e+00
 2.49980e+00
 2.49925e+00
 2.49754e+00
 2.49315e+00
 2.50000e+00
 2.50000e+00
 2.50000e+00
 2.50000e+00
 2.50000e+00
 2.50000e+00
 2.50000e+00
 2.50000e+00
 2.50000e+00
 2.50000e+00
 2.50000e+00
 2.50000e+00
 2.50000e+00
 2.50000e+00
 2.50000e+00
 2.50000e+00
 2.50000e+00
 2.50000e+00
 2.50000e+00
 2.49999e+00
 2.49995e+00
 2.49980e+00
 2.49925e+00
 2.49754e+00
 2.49315e+00
 2.50000e+00
 2.50000e+00
 2.50000e+00
 2.50000e+00
 2.50000e+00
 2.50000e+00
 2.50000e+00
 2.50000e+00
 2.50000e+00
 2.50000e+00
 2.50000e+00
 2.50000e+00
 2.50000e+00
 2.50000e+00
 2.50000e+00
 2.50000e+00
 2.50000e+00
 2.50000e+00
 2.50000e+00
 2.49999e+00
 2.49995e+00
 2.49980e+00
 2.49925e+00
 2.49754e+00
 2.49315e+00
part
         2
hexa8
 2.48376e+00
 2.46732e+00
 2.44362e+00
 2.41465e+00
 2.38307e+00
 2.35070e+00
 2.31835e+00
 2.28632e+00
 2.25468e+00
 2.22349e+00
 2.19276e+00
 2.16255e+00
 2.13285e+00
 2.10369e+00
 2.07509e+00
 2.04704e+00
 2.01958e+00
 1.99272e+00
 1.96650e+00
 1.94097e+00
 1.91621e+00
 1.89233e+00
 1.86951e+00
 1.84796e+00
 1.82801e+00
 2.48376e+00
 2.46732e+00
 2.44362e+00
 2.41465e+00
 2.38307e+00
 2.35070e+00
 2.31835e+00
 2.28632e+00
 2.25468e+00
 2.22349e+00
 2.19276e+00
 2.16255e+00
 2.13285e+00
 2.10369e+00
 2.07509e+00
 2.04704e+00
 2.01958e+00
 1.99272e+00
 1.96650e+00
 1.94097e+00
 1.91621e+00
 1.89233e+00
 1.86951e+00
 1.84796e+00
 1.82801e+00
 2.48376e+00
 2.46732e+00
 2.44362e+00
 2.41465e+00
 2.38307e+00
 2.35070e+00
 2.31835e+00
 2.28632e+00
 2.25468e+00
 2.22349e+00
 2.19276e+00
 2.16255e+00
 2.13285e+00
 2.10369e+00
 2.07509e+00
 2.04704e+00
 2.01958e+00
 1.99272e+00
 1.96650e+00
 1.94097e+00
 1.91621e+00
 1.89233e+00
 1.86951e+00
 1.84796e+00
 1.82801e+00
 2.48376e+00
 2.46732e+00
 2.44362e+00
 2.41465e+00
 2.38307e+00
 2.35070e+00
 2.31835e+00
 2.28632e+00
 2.25468e+00
 2.22349e+00
 2.19276e+00
 2.16255e+00
 2.13285e+00
 2.10369e+00
 2.07509e+00
 2.04704e+00
 2.01958e+00
 1.99272e+00
 1.96650e+00
 1.94097e+00
 1.91621e+00
 1.89233e+00
 1.86951e+00
 1.84796e+00
 1.82801e+00
 2.48376e+00
 2.46732e+00
 2.44362e+00
 2.41465e+00
 2.38307e+00
 2.35070e+00
 2.31835e+00
 2.28632e+00
 2.25468e+00
 2.22349e+00
 2.19276e+00
 2.16255e+00
 2.13285e+00
 2.10369e+00
 2.07509e+00
 2.04704e+00
 2.01958e+00
 1.99272e+00
 1.96650e+00
 1.94097e+00
 1.91621e+00
 1.89233e+00
 1.86951e+00
 1.84796e+00
 1.82801e+00
 2.48376e+00
 2.46732e+00
 2.44362e+00
 2.41465e+00
 2.38307e+00
 2.35070e+00
 2.31835e+00
 2.28632e+00
 2.25468e+00
 2.22349e+00
 2.19276e+00
 2.16255e+00
 2.13285e+00
 2.10369e+00
 2.07509e+00
 2.04704e+00
 2.01958e+00
 1.99272e+00
 1.96650e+00
 1.94097e+00
 1.91621e+00
 1.89233e+00
 1.86951e+00
 1.84796e+00
 1.82801e+00
 2.48376e+00
 2.46732e+00
 2.44362e+00
 2.41465e+00
 2.38307e+00
 2.35070e+00
 2.31835e+00
 2.28632e+00
 2.25468e+00
 2.22349e+00
 2.19276e+00
 2.16255e+00
 2.13285e+00
 2.10369e+00
 2.07509e+00
 2.04704e+00
 2.01958e+00
 1.99272e+00
 1.96650e+00
 1.94097e+00
 1.91621e+00
 1.89233e+00
 1.86951e+00
 1.84796e+00
 1.82801e+00
 2.48376e+00
 2.46732e+00
 2.44362e+00
 2.41465e+00
 2.38307e+00
 2.35070e+00
 2.31835e+00
 2.28632e+00
 2.25468e+00
 2.22349e+00
 2.19276e+00
 2.16255e+00
 2.13285e+00
 2.10369e+00
 2.07509e+00
 2.04704e+00
 2.01958e+00
 1.99272e+00
 1.96650e+00
 1.94097e+00
 1.91621e+00
 1.89233e+00
 1.86951e+00
 1.84796e+00
 1.82801e+00
 2.48376e+00
 2.46732e+00
 2.44362e+00
 2.41465e+00
 2.38307e+00
 2.35070e+00
 2.31835e+00
 2.28632e+00
 2.25468e+00
 2.22349e+00
 2.19276e+00
 2.16255e+00
 2.13285e+00
 2.10369e+00
 2.07509e+00
 2.04704e+00
 2.01958e+00
 1.99272e+00
 1.96650e+00
 1.94097e+00
 1.91621e+00
 1.89233e+00
 1.86951e+00
 1.84796e+00
 1.82801e+00
 2.48376e+00
 2.46732e+00
 2.44362e+00
 2.41465e+00
 2.38307e+00
 2.35070e+00
 2.31835e+00
 2.28632e+00
 2.25468e+00
 2.22349e+00
 2.19276e+00
 2.16255e+00
 2.13285e+00
 2.10369e+00
 2.07509e+00
 2.04704e+00
 2.01958e+00
 1.99272e+00
 1.96650e+00
 1.94097e+00
 1.91621e+00
 1.89233e+00
 1.86951e+00
 1.84796e+00
 1.82801e+00
 2.48376e+00
 2.46732e+00
 2.44362e+00
 2.41465e+00
 2.38307e+00
 2.35070e+00
 2.31835e+00
 2.28632e+00
 2.25468e+00
 2.22349e+00
 2.19276e+00
 2.16255e+00
 2.13285e+00
 2.10369e+00
 2.07509e+00
 2.04704e+00
 2.01958e+00
 1.99272e+00
 1.96650e+00
 1.94097e+00
 1.91621e+00
 1.89233e+00
 1.86951e+00
 1.84796e+00
 1.82801e+00
 2.48376e+00
 2.46732e+00
 2.44362e+00
 2.41465e+00
 2.38307e+00
 2.35070e+00
 2.31835e+00
 2.28632e+00
 2.25468e+00
 2.22349e+00
 2.19276e+00
 2.16255e+00
 2.13285e+00
 2.10369e+00
 2.07509e+00
 2.04704e+00
 2.01958e+00
 1.99272e+00
 1.96650e+00
 1.94097e+00
 1.91621e+00
 1.89233e+00
 1.86951e+00
 1.84796e+00
 1.82801e+00
 2.48376e+00
 2.46732e+00
 2.44362e+00
 2.41465e+00
 2.38307e+00
 2.35070e+00
 2.31835e+00
 2.28632e+00
 2.25468e+00
 2.22349e+00
 2.19276e+00
 2.16255e+00
 2.13285e+00
 2.10369e+00
 2.07509e+00
 2.04704e+00
 2.01958e+00
 1.99272e+00
 1.96650e+00
 1.94097e+00
 1.91621e+00
 1.89233e+00
 1.86951e+00
 1.84796e+00
 1.82801e+00
 2.48376e+00
 2.46732e+00
 2.44362e+00
 2.41465e+00
 2.38307e+00
 2.35070e+00
 2.31835e+00
 2.28632e+00
 2.25468e+00
 2.22349e+00
 2.19276e+00
 2.16255e+00
 2.13285e+00
 2.10369e+00
 2.07509e+00
 2.04704e+00
 2.01958e+00
 1.99272e+00
 1.96650e+00
 1.94097e+00
 1.91621e+00
 1.89233e+00
 1.86951e+00
 1.84796e+00
 1.82801e+00
 2.48376e+00
 2.46732e+00
 2.44362e+00
 2.41465e+00
 2.38307e+00
 2.35070e+00
 2.31835e+00
 2.28632e+00
 2.25468e+00
 2.22349e+00
 2.19276e+00
 2.16255e+00
 2.13285e+00
 2.10369e+00
 2.07509e+00
 2.04704e+00
 2.01958e+00
 1.99272e+00
 1.96650e+00
 1.94097e+00
 1.91621e+00
 1.89233e+00
 1.86951e+00
 1.84796e+00
 1.82801e+00
 2.48376e+00
 2.46732e+00
 2.44362e+00
 2.41465e+00
 2.38307e+00
 2.35070e+00
 2.31835e+00
 2.28632e+00
 2.25468e+00
 2.22349e+00
 2.19276e+00
 2.16255e+00
 2.13285e+00
 2.10369e+00
 2.07509e+00
 2.04704e+00
 2.01958e+00
 1.99272e+00
 1.96650e+00
 1.94097e+00
 1.91621e+00
 1.89233e+00
 1.86951e+00
 1.84796e+00
 1.82801e+00
 2.48376e+00
 2.46732e+00
 2.44362e+00
 2.41465e+00
 2.38307e+00
 2.35070e+00
 2.31835e+00
 2.28632e+00
 2.25468e+00
 2.22349e+00
 2.19276e+00
 2.16255e+00
 2.13285e+00
 2.10369e+00
 2.07509e+00
 2.04704e+00
 2.01958e+00
 1.99272e+00
 1.96650e+00
 1.94097e+00
 1.91621e+00
 1.89233e+00
 1.86951e+00
 1.84796e+00
 1.82801e+00
 2.48376e+00
 2.46732e+00
 2.44362e+00
 2.41465e+00
 2.38307e+00
 2.35070e+00
 2.31835e+00
 2.28632e+00
 2.25468e+00
 2.22349e+00
 2.19276e+00
 2.16255e+00
 2.13285e+00
 2.10369e+00
 2.07509e+00
 2.04704e+00
 2.01958e+00
 1.99272e+00
 1.96650e+00
 1.94097e+00
 1.91621e+00
 1.89233e+00
 1.86951e+00
 1.84796e+00
 1.82801e+00
 2.48376e+00
 2.46732e+00
 2.44362e+00
 2.41465e+00
 2.38307e+00
 2.35070e+00
 2.31835e+00
 2.28632e+00
 2.25468e+00
 2.22349e+00
 2.19276e+00
 2.16255e+00
 2.13285e+00
 2.10369e+00
 2.07509e+00
 2.04704e+00
 2.01958e+00
 1.99272e+00
 1.96650e+00
 1.94097e+00
 1.91621e+00
 1.89233e+00
 1.86951e+00
 1.84796e+00
 1.82801e+00
 2.48376e+00
 2.46732e+00
 2.44362e+00
 2.41465e+00
 2.38307e+00
 2.35070e+00
 2.31835e+00
 2.28632e+00
 2.25468e+00
 2.22349e+00
 2.19276e+00
 2.16255e+00
 2.13285e+00
 2.10369e+00
 2.07509e+00
 2.04704e+00
 2.01958e+00
 1.99272e+00
 1.96650e+00
 1.94097e+00
 1.91621e+00
 1.89233e+00
 1.86951e+00
 1.84796e+00
 1.82801e+00
 2.48376e+00
 2.46732e+00
 2.44362e+00
 2.41465e+00
 2.38307e+00
 2.35070e+00
 2.31835e+00
 2.28632e+00
 2.25468e+00
 2.22349e+00
 2.19276e+00
 2.16255e+00
 2.13285e+00
 2.10369e+00
 2.07509e+00
 2.04704e+00
 2.01958e+00
 1.99272e+00
 1.96650e+00
 1.94097e+00
 1.91621e+00
 1.89233e+00
 1.86951e+00
 1.84796e+00
 1.82801e+00
 2.48376e+00
 2.46732e+00
 2.44362e+00
 2.41465e+00
 2.38307e+00
 2.35070e+00
 2.31835e+00
 2.28632e+00
 2.25468e+00
 2.22349e+00
 2.19276e+00
 2.16255e+00
 2.13285e+00
 2.10369e+00
 2.07509e+00
 2.04704e+00
 2.01958e+00
 1.99272e+00
 1.96650e+00
 1.94097e+00
 1.91621e+00
 1.89233e+00
 1.86951e+00
 1.84796e+00
 1.82801e+00
 2.48376e+00
 2.46732e+00
 2.44362e+00
 2.41465e+00
 2.38307e+00
 2.35070e+00
 2.31835e+00
 2.28632e+00
 2.25468e+00
 2.22349e+00
 2.19276e+00
 2.16255e+00
 2.13285e+00
 2.10369e+00
 2.07509e+00
 2.04704e+00
 2.01958e+00
 1.99272e+00
 1.96650e+00
 1.94097e+00
 1.91621e+00
 1.89233e+00
 1.86951e+00
 1.84796e+00
 1.82801e+00
 2.48376e+00
 2.46732e+00
 2.44362e+00
 2.41465e+00
 2.38307e+00
 2.35070e+00
 2.31835e+00
 2.28632e+00
 2.25468e+00
 2.22349e+00
 2.19276e+00
 2.16255e+00
 2.13285e+00
 2.10369e+00
 2.07509e+00
 2.04704e+00
 2.01958e+00
 1.99272e+00
 1.96650e+00
 1.94097e+00
 1.91621e+00
 1.89233e+00
 1.86951e+00
 1.84796e+00
 1.82801e+00
 2.48376e+00
 2.46732e+00
 2.44362e+00
 2.41465e+00
 2.38307e+00
 2.35070e+00
 2.31835e+00
 2.28632e+00
 2.25468e+00
 2.22349e+00
 2.19276e+00
 2.16255e+00
 2.13285e+00
 2.10369e+00
 2.07509e+00
 2.04704e+00
 2.01958e+00
 1.99272e+00
 1.96650e+00
 1.94097e+00
 1.91621e+00
 1.89233e+00
 1.86951e+00
 1.84796e+00
 1.82801e+00
part
         3
hexa8
 1.81006e+00
 1.79462e+00
 1.78228e+00
 1.77363e+00
 1.77189e+00
 1.77244e+00
 1.77403e+00
 1.77629e+00
 1.77903e+00
 1.78214e+00
 1.78561e+00
 1.78945e+00
 1.79367e+00
 1.79821e+00
 1.80285e+00
 1.80715e+00
 1.81065e+00
 1.89741e+00
 2.32930e+00
 2.87517e+00
 2.93720e+00
 2.92766e+00
 2.91711e+00
 2.90667e+00
 2.89711e+00
 1.81006e+00
 1.79462e+00
 1.78228e+00
 1.77363e+00
 1.77189e+00
 1.77244e+00
 1.77403e+00
 1.77629e+00
 1.77903e+00
 1.78214e+00
 1.78561e+00
 1.78945e+00
 1.79367e+00
 1.79821e+00
 1.80285e+00
 1.80715e+00
 1.81065e+00
 1.89741e+00
 2.32930e+00
 2.87517e+00
 2.93720e+00
 2.92766e+00
 2.91711e+00
 2.90667e+00
 2.89711e+00
 1.81006e+00
 1.79462e+00
 1.78228e+00
 1.77363e+00
 1.77189e+00
 1.77244e+00
 1.77403e+00
 1.77629e+00
 1.77903e+00
 1.78214e+00
 1.78561e+00
 1.78945e+00
 1.79367e+00
 1.79821e+00
 1.80285e+00
 1.80715e+00
 1.81065e+00
 1.89741e+00
 2.32930e+00
 2.87517e+00
 2.93720e+00
 2.92766e+00
 2.91711e+00
 2.90667e+00
 2.89711e+00
 1.81006e+00
 1.79462e+00
 1.78228e+00
 1.77363e+00
 1.77189e+00
 1.77244e+00
 1.77403e+00
 1.77629e+00
 1.77903e+00
 1.78214e+00
 1.78561e+00
 1.78945e+00
 1.79367e+00
 1.79821e+00
 1.80285e+00
 1.80715e+00
 1.81065e+00
 1.89741e+00
 2.32930e+00
 2.87517e+00
 2.93720e+00
 2.92766e+00
 2.91711e+00
 2.90667e+00
 2.89711e+00
 1.81006e+00
 1.79462e+00
 1.78228e+00
 1.77363e+00
 1.77189e+00
 1.77244e+00
 1.77403e+00
 1.77629e+00
 1.77903e+00
 1.78214e+00
 1.78561e+00
 1.78945e+00
 1.79367e+00
 1.79821e+00
 1.80285e+00
 1.80715e+00
 1.81065e+00
 1.89741e+00
 2.32930e+00
 2.87517e+00
 2.93720e+00
 2.92766e+00
 2.91711e+00
 2.90667e+00
 2.89711e+00
 1.81006e+00
 1.79462e+00
 1.78228e+00
 1.77363e+00
 1.77189e+00
 1.77244e+00
 1.77403e+00
 1.77629e+00
 1.77903e+00
 1.78214e+00
 1.78561e+00
 1.78945e+00
 1.79367e+00
 1.79821e+00
 1.80285e+00
 1.80715e+00
 1.81065e+00
 1.89741e+00
 2.32930e+00
 2.87517e+00
 2.93720e+00
 2.92766e+00
 2.91711e+00
 2.90667e+00
 2.89711e+00
 1.81006e+00
 1.79462e+00
 1.78228e+00
 1.77363e+00
 1.77189e+00
 1.77244e+00
 1.77403e+00
 1.77629e+00
 1.77903e+00
 1.78214e+00
 1.78561e+00
 1.78945e+00
 1.79367e+00
 1.79821e+00
 1.80285e+00
 1.80715e+00
 1.81065e+00
 1.89741e+00
 2.32930e+00
 2.87517e+00
 2.93720e+00
 2.92766e+00
 2.91711e+00
 2.90667e+00
 2.89711e+00
 1.81006e+00
 1.79462e+00
 1.78228e+00
 1.77363e+00
 1.77189e+00
 1.77244e+00
 1.77403e+00
 1.77629e+00
 1.77903e+00
 1.78214e+00
 1.78561e+00
 1.78945e+00
 1.79367e+00
 1.79821e+00
 1.80285e+00
 1.80715e+00
 1.81065e+00
 1.89741e+00
 2.32930e+00
 2.87517e+00
 2.93720e+00
 2.92766e+00
 2.91711e+00
 2.90667e+00
 2.89711e+00
 1.81006e+00
 1.79462e+00
 1.78228e+00
 1.77363e+00
 1.77189e+00
 1.77244e+00
 1.77403e+00
 1.77629e+00
 1.77903e+00
 1.78214e+00
 1.78561e+00
 1.78945e+00
 1.79367e+00
 1.79821e+00
 1.80285e+00
 1.80715e+00
 1.81065e+00
 1.89741e+00
 2.32930e+00
 2.87517e+00
 2.93720e+00
 2.92766e+00
 2.91711e+00
 2.90667e+00
 2.89711e+00
 1.81006e+00
 1.79462e+00
 1.78228e+00
 1.77363e+00
 1.77189e+00
 1.77244e+00
 1.77403e+00
 1.77629e+00
 1.77903e+00
 1.78214e+00
 1.78561e+00
 1.78945e+00
 1.79367e+00
 1.79821e+00
 1.80285e+00
 1.80715e+00
 1.81065e+00
 1.89741e+00
 2.32930e+00
 2.87517e+00
 2.93720e+00
 2.92766e+00
 2.91711e+00
 2.90667e+00
 2.89711e+00
 1.81006e+00
 1.79462e+00
 1.78228e+00
 1.77363e+00
 1.77189e+00
 1.77244e+00
 1.77403e+00
 1.77629e+00
 1.77903e+00
 1.78214e+00
 1.78561e+00
 1.78945e+00
 1.79367e+00
 1.79821e+00
 1.80285e+00
 1.80715e+00
 1.81065e+00
 1.89741e+00
 2.32930e+00
 2.87517e+00
 2.93720e+00
 2.92766e+00
 2.91711e+00
 2.90667e+00
 2.89711e+00
 1.81006e+00
 1.79462e+00
 1.78228e+00
 1.77363e+00
 1.77189e+00
 1.77244e+00
 1.77403e+00
 1.77629e+00
 1.77903e+00
 1.78214e+00
 1.78561e+00
 1.78945e+00
 1.79367e+00
 1.79821e+00
 1.80285e+00
 1.80715e+00
 1.81065e+00
 1.89741e+00
 2.32930e+00
 2.87517e+00
 2.93720e+00
 2.92766e+00
 2.91711e+00
 2.90667e+00
 2.89711e+00
 1.81006e+00
 1.79462e+00
 1.78228e+00
 1.77363e+00
 1.77189e+00
 1.77244e+00
 1.77403e+00
 1.77629e+00
 1.77903e+00
 1.78214e+00
 1.78561e+00
 1.78945e+00
 1.79367e+00
 1.79821e+00
 1.80285e+00
 1.80715e+00
 1.81065e+00
 1.89741e+00
 2.32930e+00
 2.87517e+00
 2.93720e+00
 2.92766e+00
 2.91711e+00
 2.90667e+00
 2.89711e+00
 1.81006e+00
 1.79462e+00
 1.78228e+00
 1.77363e+00
 1.77189e+00
 1.77244e+00
 1.77403e+00
 1.77629e+00
 1.77903e+00
 1.78214e+00
 1.78561e+00
 1.78945e+00
 1.79367e+00
 1.79821e+00
 1.80285e+00
 1.80715e+00
 1.81065e+00
 1.89741e+00
 2.32930e+00
 2.87517e+00
 2.93720e+00
 2.92766e+00
 2.91711e+00
 2.90667e+00
 2.89711e+00
 1.81006e+00
 1.79462e+00
 1.78228e+00
 1.77363e+00
 1.77189e+00
 1.77244e+00
 1.77403e+00
 1.77629e+00
 1.77903e+00
 1.78214e+00
 1.78561e+00
 1.78945e+00
 1.79367e+00
 1.79821e+00
 1.80285e+00
 1.80715e+00
 1.81065e+00
 1.89741e+00
 2.32930e+00
 2.87517e+00
 2.93720e+00
 2.92766e+00
 2.91711e+00
 2.90667e+00
 2.89711e+00
 1.81006e+00
 1.79462e+00
 1.78228e+00
 1.77363e+00
 1.77189e+00
 1.77244e+00
 1.77403e+00
 1.77629e+00
 1.77903e+00
 1.78214e+00
 1.78561e+00
 1.78945e+00
 1.79367e+00
 1.79821e+00
 1.80285e+00
 1.80715e+00
 1.81065e+00
 1.89741e+00
 2.32930e+00
 2.87517e+00
 2.93720e+00
 2.92766e+00
 2.91711e+00
 2.90667e+00
 2.89711e+00
 1.81006e+00
 1.79462e+00
 1.78228e+00
 1.77363e+00
 1.77189e+00
 1.77244e+00
 1.77403e+00
 1.77629e+00
 1.77903e+00
 1.78214e+00
 1.78561e+00
 1.78945e+00
 1.79367e+00
 1.79821e+00
 1.80285e+00
 1.80715e+00
 1.81065e+00
 1.89741e+00
 2.32930e+00
 2.87517e+00
 2.93720e+00
 2.92766e+00
 2.91711e+00
 2.90667e+00
 2.89711e+00
 1.81006e+00
 1.79462e+00
 1.78228e+00
 1.77363e+00
 1.77189e+00
 1.77244e+00
 1.77403e+00
 1.77629e+00
 1.77903e+00
 1.78214e+00
 1.78561e+00
 1.78945e+00
 1.79367e+00
 1.79821e+00
 1.80285e+00
 1.80715e+00
 1.81065e+00
 1.89741e+00
 2.32930e+00
 2.87517e+00
 2.93720e+00
 2.92766e+00
 2.91711e+00
 2.90667e+00
 2.89711e+00
 1.81006e+00
 1.79462e+00
 1.78228e+00
 1.77363e+00
 1.77189e+00
 1.77244e+00
 1.77403e+00
 1.77629e+00
 1.77903e+00
 1.78214e+00
 1.78561e+00
 1.78945e+00
 1.79367e+00
 1.79821e+00
 1.80285e+00
 1.80715e+00
 1.81065e+00
 1.89741e+00
 2.32930e+00
 2.87517e+00
 2.93720e+00
 2.92766e+00
 2.91711e+00
 2.90667e+00
 2.89711e+00
 1.81006e+00
 1.79462e+00
 1.78228e+00
 1.77363e+00
 1.77189e+00
 1.77244e+00
 1.77403e+00
 1.77629e+00
 1.77903e+00
 1.78214e+00
 1.78561e+00
 1.78945e+00
 1.79367e+00
 1.79821e+00
 1.80285e+00
 1.80715e+00
 1.81065e+00
 1.89741e+00
 2.32930e+00
 2.87517e+00
 2.93720e+00
 2.92766e+00
 2.91711e+00
 2.90667e+00
 2.89711e+00
 1.81006e+00
 1.79462e+00
 1.78228e+00
 1.77363e+00
 1.77189e+00
 1.77244e+00
 1.77403e+00
 1.77629e+00
 1.77903e+00
 1.78214e+00
 1.78561e+00
 1.78945e+00
 1.79367e+00
 1.79821e+00
 1.80285e+00
 1.80715e+00
 1.81065e+00
 1.89741e+00
 2.32930e+00
 2.87517e+00
 2.93720e+00
 2.92766e+00
 2.91711e+00
 2.90667e+00
 2.89711e+00
 1.81006e+00
 1.79462e+00
 1.78228e+00
 1.77363e+00
 1.77189e+00
 1.77244e+00
 1.77403e+00
 1.77629e+00
 1.77903e+00
 1.78214e+00
 1.78561e+00
 1.78945e+00
 1.79367e+00
 1.79821e+00
 1.80285e+00
 1.80715e+00
 1.81065e+00
 1.89741e+00
 2.32930e+00
 2.87517e+00
 2.93720e+00
 2.92766e+00
 2.91711e+00
 2.90667e+00
 2.89711e+00
 1.81006e+00
 1.79462e+00
 1.78228e+00
 1.77363e+00
 1.77189e+00
 1.77244e+00
 1.77403e+00
 1.77629e+00
 1.77903e+00
 1.78214e+00
 1.78561e+00
 1.78945e+00
 1.79367e+00
 1.79821e+00
 1.80285e+00
 1.80715e+00
 1.81065e+00
 1.89741e+00
 2.32930e+00
 2.87517e+00
 2.93720e+00
 2.92766e+00
 2.91711e+00
 2.90667e+00
 2.89711e+00
 1.81006e+00
 1.79462e+00
 1.78228e+00
 1.77363e+00
 1.77189e+00
 1.77244e+00
 1.77403e+00
 1.77629e+00
 1.77903e+00
 1.78214e+00
 1.78561e+00
 1.78945e+00
 1.79367e+00
 1.79821e+00
 1.80285e+00
 1.80715e+00
 1.81065e+00
 1.89741e+00
 2.32930e+00
 2.87517e+00
 2.93720e+00
 2.92766e+00
 2.91711e+00
 2.90667e+00
 2.89711e+00
 1.81006e+00
 1.79462e+00
 1.78228e+00
 1.77363e+00
 1.77189e+00
 1.77244e+00
 1.77403e+00
 1.77629e+00
 1.77903e+00
 1.78214e+00
 1.78561e+00
 1.78945e+00
 1.79367e+00
 1.79821e+00
 1.80285e+00
 1.80715e+00
 1.81065e+00
 1.89741e+00
 2.32930e+00
 2.87517e+00
 2.93720e+00
 2.92766e+00
 2.91711e+00
 2.90667e+00
 2.89711e+00
part
         4
hexa8
 2.88883e+00
 2.88183e+00
 2.87578e+00
 2.86984e+00
 2.86236e+00
 2.85009e+00
 2.82703e+00
 2.78365e+00
 2.70876e+00
 2.59319e+00
 2.44168e+00
 2.27814e+00
 2.14129e+00
 2.05502e+00
 2.01669e+00
 2.00434e+00
 2.00106e+00
 2.00025e+00
 2.00006e+00
 2.00001e+00
 2.00000e+00
 2.00000e+00
 2.00000e+00
 2.00000e+00
 2.00000e+00
 2.88883e+00
 2.88183e+00
 2.87578e+00
 2.86984e+00
 2.86236e+00
 2.85009e+00
 2.82703e+00
 2.78365e+00
 2.70876e+00
 2.59319e+00
 2.44168e+00
 2.27814e+00
 2.14129e+00
 2.05502e+00
 2.01669e+00
 2.00434e+00
 2.00106e+00
 2.00025e+00
 2.00006e+00
 2.00001e+00
 2.00000e+00
 2.00000e+00
 2.00000e+00
 2.00000e+00
 2.00000e+00
 2.88883e+00
 2.88183e+00
 2.87578e+00
 2.86984e+00
 2.86236e+00
 2.85009e+00
 2.82703e+00
 2.78365e+00
 2.70876e+00
 2.59319e+00
 2.44168e+00
 2.27814e+00
 2.14129e+00
 2.05502e+00
 2.01669e+00
 2.00434e+00
 2.00106e+00
 2.00025e+00
 2.00006e+00
 2.00001e+00
 2.00000e+00
 2.00000e+00
 2.00000e+00
 2.00000e+00
 2.00000e+00
 2.88883e+00
 2.88183e+00
 2.87578e+00
 2.86984e+00
 2.86236e+00
 2.85009e+00
 2.82703e+00
 2.78365e+00
 2.70876e+00
 2.59319e+00
 2.44168e+00
 2.27814e+00
 2.14129e+00
 2.05502e+00
 2.01669e+00
 2.00434e+00
 2.00106e+00
 2.00025e+00
 2.00006e+00
 2.00001e+00
 2.00000e+00
 2.00000e+00
 2.00000e+00
 2.00000e+00
 2.00000e+00
 2.88883e+00
 2.88183e+00
 2.87578e+00
 2.86984e+00
 2.86236e+00
 2.85009e+00
 2.82703e+00
 2.78365e+00
 2.70876e+00
 2.59319e+00
 2.44168e+00
 2.27814e+00
 2.14129e+00
 2.05502e+00
 2.01669e+00
 2.00434e+00
 2.00106e+00
 2.00025e+00
 2.00006e+00
 2.00001e+00
 2.00000e+00
 2.00000e+00
 2.00000e+00
 2.00000e+00
 2.00000e+00
 2.88883e+00
 2.88183e+00
 2.87578e+00
 2.86984e+00
 2.86236e+00
 2.85009e+00
 2.82703e+00
 2.78365e+00
 2.70876e+00
 2.59319e+00
 2.44168e+00
 2.27814e+00
 2.14129e+00
 2.05502e+00
 2.01669e+00
 2.00434e+00
 2.00106e+00
 2.00025e+00
 2.00006e+00
 2.00001e+00
 2.00000e+00
 2.00000e+00
 2.00000e+00
 2.00000e+00
 2.00000e+00
 2.88883e+00
 2.88183e+00
 2.87578e+00
 2.86984e+00
 2.86236e+00
 2.85009e+00
 2.82703e+00
 2.78365e+00
 2.70876e+00
 2.59319e+00
 2.44168e+00
 2.27814e+00
 2.14129e+00
 2.05502e+00
 2.01669e+00
 2.00434e+00
 2.00106e+00
 2.00025e+00
 2.00006e+00
 2.00001e+00
 2.00000e+00
 2.00000e+00
 2.00000e+00
 2.00000e+00
 2.00000e+00
 2.88883e+00
 2.88183e+00
 2.87578e+00
 2.86984e+00
 2.86236e+00
 2.85009e+00
 2.82703e+00
 2.78365e+00
 2.70876e+00
 2.59319e+00
 2.44168e+00
 2.27814e+00
 2.14129e+00
 2.05502e+00
 2.01669e+00
 2.00434e+00
 2.00106e+00
 2.00025e+00
 2.00006e+00
 2.00001e+00
 2.00000e+00
 2.00000e+00
 2.00000e+00
 2.00000e+00
 2.00000e+00
 2.88883e+00
 2.88183e+00
 2.87578e+00
 2.86984e+00
 2.86236e+00
 2.85009e+00
 2.82703e+00
 2.78365e+00
 2.70876e+00
 2.59319e+00
 2.44168e+00
 2.27814e+00
 2.14129e+00
 2.05502e+00
 2.01669e+00
 2.00434e+00
 2.00106e+00
 2.00025e+00
 2.00006e+00
 2.00001e+00
 2.00000e+00
 2.00000e+00
 2.00000e+00
 2.00000e+00
 2.00000e+00
 2.88883e+00
 2.88183e+00
 2.87578e+00
 2.86984e+00
 2.86236e+00
 2.85009e+00
 2.82703e+00
 2.78365e+00
 2.70876e+00
 2.59319e+00
 2.44168e+00
 2.27814e+00
 2.14129e+00
 2.05502e+00
 2.01669e+00
 2.00434e+00
 2.00106e+00
 2.00025e+00
 2.00006e+00
 2.00001e+00
 2.00000e+00
 2.00000e+00
 2.00000e+00
 2.00000e+00
 2.00000e+00
 2.88883e+00
 2.88183e+00
 2.87578e+00
 2.86984e+00
 2.86236e+00
 2.85009e+00
 2.82703e+00
 2.78365e+00
 2.70876e+00
 2.59319e+00
 2.44168e+00
 2.27814e+00
 2.14129e+00
 2.05502e+00
 2.01669e+00
 2.00434e+00
 2.00106e+00
 2.00025e+00
 2.00006e+00
 2.00001e+00
 2.00000e+00
 2.00000e+00
 2.00000e+00
 2.00000e+00
 2.00000e+00
 2.88883e+00
 2.88183e+00
 2.87578e+00
 2.86984e+00
 2.86236e+00
 2.85009e+00
 2.82703e+00
 2.78365e+00
 2.70876e+00
 2.59319e+00
 2.44168e+00
 2.27814e+00
 2.14129e+00
 2.05502e+00
 2.01669e+00
 2.00434e+00
 2.00106e+00
 2.00025e+00
 2.00006e+00
 2.00001e+00
 2.00000e+00
 2.00000e+00
 2.00000e+00
 2.00000e+00
 2.00000e+00
 2.88883e+00
 2.88183e+00
 2.87578e+00
 2.86984e+00
 2.86236e+00
 2.85009e+00
 2.82703e+00
 2.78365e+00
 2.70876e+00
 2.59319e+00
 2.44168e+00
 2.27814e+00
 2.14129e+00
 2.05502e+00
 2.01669e+00
 2.00434e+00
 2.00106e+00
 2.00025e+00
 2.00006e+00
 2.00001e+00
 2.00000e+00
 2.00000e+00
 2.00000e+00
 2.00000e+00
 2.00000e+00
 2.88883e+00
 2.88183e+00
 2.87578e+00
 2.86984e+00
 2.86236e+00
 2.85009e+00
 2.82703e+00
 2.78365e+00
 2.70876e+00
 2.59319e+00
 2.44168e+00
 2.27814e+00
 2.14129e+00
 2.05502e+00
 2.01669e+00
 2.00434e+00
 2.00106e+00
 2.00025e+00
 2.00006e+00
 2.00001e+00
 2.00000e+00
 2.00000e+00
 2.00000e+00
 2.00000e+00
 2.00000e+00
 2.88883e+00
 2.88183e+00
 2.87578e+00
 2.86984e+00
 2.86236e+00
 2.85009e+00
 2.82703e+00
 2.78365e+00
 2.70876e+00
 2.59319e+00
 2.44168e+00
 2.27814e+00
 2.14129e+00
 2.05502e+00
 2.01669e+00
 2.00434e+00
 2.00106e+00
 2.00025e+00
 2.00006e+00
 2.00001e+00
 2.00000e+00
 2.00000e+00
 2.00000e+00
 2.00000e+00
 2.00000e+00
 2.88883e+00
 2.88183e+00
 2.87578e+00
 2.86984e+00
 2.86236e+00
 2.85009e+00
 2.82703e+00
 2.78365e+00
 2.70876e+00
 2.59319e+00
 2.44168e+00
 2.27814e+00
 2.14129e+00
 2.05502e+00
 2.01669e+00
 2.00434e+00
 2.00106e+00
 2.00025e+00
 2.00006e+00
 2.00001e+00
 2.00000e+00
 2.00000e+00
 2.00000e+00
 2.00000e+00
 2.00000e+00
 2.88883e+00
 2.88183e+00
 2.87578e+00
 2.86984e+00
 2.86236e+00
 2.85009e+00
 2.82703e+00
 2.78365e+00
 2.70876e+00
 2.59319e+00
 2.44168e+00
 2.27814e+00
 2.14129e+00
 2.05502e+00
 2.01669e+00
 2.00434e+00
 2.00106e+00
 2.00025e+00
 2.00006e+00
 2.00001e+00
 2.00000e+00
 2.00000e+00
 2.00000e+00
 2.00000e+00
 2.00000e+00
 2.88883e+00
 2.88183e+00
 2.87578e+00
 2.86984e+00
 2.86236e+00
 2.85009e+00
 2.82703e+00
 2.78365e+00
 2.70876e+00
 2.59319e+00
 2.44168e+00
 2.27814e+00
 2.14129e+00
 2.05502e+00
 2.01669e+00
 2.00434e+00
 2.00106e+00
 2.00025e+00
 2.00006e+00
 2.00001e+00
 2.00000e+00
 2.00000e+00
 2.00000e+00
 2.00000e+00
 2.00000e+00
 2.88883e+00
 2.88183e+00
 2.87578e+00
 2.86984e+00
 2.86236e+00
 2.85009e+00
 2.82703e+00
 2.78365e+00
 2.70876e+00
 2.59319e+00
 2.44168e+00
 2.27814e+00
 2.14129e+00
 2.05502e+00
 2.01669e+00
 2.00434e+00
 2.00106e+00
 2.00025e+00
 2.00006e+00
 2.00001e+00
 2.00000e+00
 2.00000e+00
 2.00000e+00
 2.00000e+00
 2.00000e+00
 2.88883e+00
 2.88183e+00
 2.87578e+00
 2.86984e+00
 2.86236e+00
 2.85009e+00
 2.82703e+00
 2.78365e+00
 2.70876e+00
 2.59319e+00
 2.44168e+00
 2.27814e+00
 2.14129e+00
 2.05502e+00
 2.01669e+00
 2.00434e+00
 2.00106e+00
 2.00025e+00
 2.00006e+00
 2.00001e+00
 2.00000e+00
 2.00000e+00
 2.00000e+00
 2.00000e+00
 2.00000e+00
 2.88883e+00
 2.88183e+00
 2.87578e+00
 2.86984e+00
 2.86236e+00
 2.85009e+00
 2.82703e+00
 2.78365e+00
 2.70876e+00
 2.59319e+00
 2.44168e+00
 2.27814e+00
 2.14129e+00
 2.05502e+00
 2.01669e+00
 2.00434e+00
 2.00106e+00
 2.00025e+00
 2.00006e+00
 2.00001e+00
 2.00000e+00
 2.00000e+00
 2.00000e+00
 2.00000e+00
 2.00000e+00
 2.88883e+00
 2.88183e+00
 2.87578e+00
 2.86984e+00
 2.86236e+00
 2.85009e+00
 2.82703e+00
 2.78365e+00
 2.70876e+00
 2.59319e+00
 2.44168e+00
 2.27814e+00
 2.14129e+00
 2.05502e+00
 2.01669e+00
 2.00434e+00
 2.00106e+00
 2.00025e+00
 2.00006e+00
 2.00001e+00
 2.00000e+00
 2.00000e+00
 2.00000e+00
 2.00000e+00
 2.00000e+00
 2.88883e+00
 2.88183e+00
 2.87578e+00
 2.86984e+00
 2.86236e+00
 2.85009e+00
 2.82703e+00
 2.78365e+00
 2.70876e+00
 2.59319e+00
 2.44168e+00
 2.27814e+00
 2.14129e+00
 2.05502e+00
 2.01669e+00
 2.00434e+00
 2.00106e+00
 2.00025e+00
 2.00006e+00
 2.00001e+00
 2.00000e+00
 2.00000e+00
 2.00000e+00
 2.00000e+00
 2.00000e+00
 2.88883e+00
 2.88183e+00
 2.87578e+00
 2.86984e+00
 2.86236e+00
 2.85009e+00
 2.82703e+00
 2.78365e+00
 2.70876e+00
 2.59319e+00
 2.44168e+00
 2.27814e+00
 2.14129e+00
 2.05502e+00
 2.01669e+00
 2.00434e+00
 2.00106e+00
 2.00025e+00
 2.00006e+00
 2.00001e+00
 2.00000e+00
 2.00000e+00
 2.00000e+00
 2.00000e+00
 2.00000e+00
 2.88883e+00
 2.88183e+00
 2.87578e+00
 2.86984e+00
 2.86236e+00
 2.85009e+00
 2.82703e+00
 2.78365e+00
 2.70876e+00
 2.59319e+00
 2.44168e+00
 2.27814e+00
 2.14129e+00
 2.05502e+00
 2.01669e+00
 2.00434e+00
 2.00106e+00
 2.00025e+00
 2.00006e+00
 2.00001e+00
 2.00000e+00
 2.00000e+00
 2.00000e+00
 2.00000e+00
 2.00000e+00
