PseudoViscosity
part
         1
hexa8
 9.87078e-16
 9.87078e-16
 9.87078e-16
 9.87078e-16
 0.00000e+00
 9.87078e-16
 9.96204e-32
 0.00000e+00
 9.87078e-16
 5.36037e-31
 1.10290e-31
 9.87078e-16
 1.97416e-15
 4.98093e-31
 1.97416e-15
 9.87078e-16
 9.87078e-16
 3.12581e-32
 5.91732e-48
 5.63160e-31
 2.20086e-31
 3.05060e-31
 9.87078e-16
 0.00000e+00
 0.00000e+00
 9.87078e-16
 2.08573e-32
 9.87078e-16
 2.97690e-31
 0.00000e+00
 9.87078e-16
 3.33181e-32
 9.54046e-48
 2.85415e-31
 1.97416e-15
 7.16824e-32
 2.57546e-31
 1.97416e-15
 3.49216e-31
 1.97416e-15
 9.87078e-16
 5.94822e-31
 2.16065e-31
 9.12042e-32
 9.87078e-16
 1.21119e-31
 9.87078e-16
 5.90075e-31
 1.97416e-15
 9.29221e-32
 2.90897e-31
 1.11682e-31
 3.42472e-31
 3.07431e-31
 1.14822e-30
 1.15469e-30
 2.86114e-31
 2.48506e-32
 1.97416e-15
 7.32222e-48
 9.87078e-16
 1.97416e-15
 9.87078e-16
 1.18255e-31
 9.87078e-16
 1.31172e-31
 9.87078e-16
 1.57726e-30
 4.29721e-31
 2.41887e-31
 1.55176e-47
 4.85992e-31
 1.97416e-15
 1.97416e-15
 1.97416e-15
 9.87078e-16
 9.87078e-16
 9.87078e-16
 2.51833e-31
 1.97416e-15
 1.97416e-15
 5.51707e-32
 2.45884e-32
 9.87078e-16
 1.16894e-30
 9.87078e-16
 1.66835e-31
 3.04590e-31
 1.97416e-15
 9.87078e-16
 7.50516e-33
 9.09867e-31
 1.97416e-15
 2.96123e-15
 2.73052e-31
 0.00000e+00
 3.20882e-47
 8.28479e-31
 9.87078e-16
 2.96123e-15
 0.00000e+00
 1.08525e-63
 9.87078e-16
 9.87078e-16
 1.97416e-15
 4.07039e-31
 2.10227e-47
 0.00000e+00
 1.97416e-15
 1.97416e-15
 0.00000e+00
 5.60760e-32
 0.00000e+00
 4.10869e-31
 3.56567e-31
 0.00000e+00
 1.97416e-15
 1.97416e-15
 9.87078e-16
 6.08556e-33
 9.87078e-16
 1.97416e-15
 1.02752e-31
 2.83784e-31
 6.89726e-49
 0.00000e+00
 3.71636e-31
 3.70685e-49
 0.00000e+00
 2.93283e-47
 9.87078e-16
 1.57479e-31
 4.68531e-31
 1.71092e-31
 3.12083e-63
 2.14749e-47
 1.00656e-48
 1.78486e-31
 9.44476e-48
 0.00000e+00
 3.46773e-63
 1.71740e-47
 9.87078e-16
 1.38283e-31
 2.32271e-30
 3.82232e-31
 7.26679e-31
 7.81471e-33
 0.00000e+00
 1.82041e-47
 9.00975e-47
 9.87078e-16
 8.95462e-34
 9.87078e-16
 1.12825e-31
 4.91114e-47
 3.60999e-31
 9.87078e-16
 1.30830e-33
 6.30580e-48
 2.09430e-31
 1.97416e-15
 9.87078e-16
 6.69761e-48
 0.00000e+00
 1.43037e-31
 1.25923e-31
 1.97416e-15
 1.45935e-31
 2.96123e-15
 0.00000e+00
 1.37754e-31
 1.97416e-15
 0.00000e+00
 1.22188e-31
 1.80152e-31
 9.87078e-16
 0.00000e+00
 9.07227e-32
 0.00000e+00
 2.43520e-32
 1.01767e-32
 0.00000e+00
 0.00000e+00
 0.00000e+00
 3.94831e-15
 9.87078e-16
 0.00000e+00
 1.80682e-63
 0.00000e+00
 9.87078e-16
 6.47558e-32
 0.00000e+00
 2.56135e-47
 0.00000e+00
 1.97416e-15
 2.96123e-15
 9.38662e-31
 0.00000e+00
 0.00000e+00
 2.02120e-48
 9.96160e-32
 0.00000e+00
 0.00000e+00
 0.00000e+00
 0.00000e+00
 1.79985e-49
 0.00000e+00
 0.00000e+00
 0.00000e+00
 7.27899e-31
 1.77525e-31
 0.00000e+00
 0.00000e+00
 0.00000e+00
 0.00000e+00
 0.00000e+00
 0.00000e+00
 0.00000e+00
 0.00000e+00
 1.69939e-30
 2.51310e-30
 0.00000e+00
 0.00000e+00
 0.00000e+00
 0.00000e+00
 0.00000e+00
 0.00000e+00
 0.00000e+00
 0.00000e+00
 0.00000e+00
 0.00000e+00
 0.00000e+00
 0.00000e+00
 0.00000e+00
 0.00000e+00
 0.00000e+00
 0.00000e+00
 0.00000e+00
 0.00000e+00
 0.00000e+00
 0.00000e+00
 0.00000e+00
 0.00000e+00
 0.00000e+00
 0.00000e+00
 0.00000e+00
 0.00000e+00
 0.00000e+00
 0.00000e+00
 0.00000e+00
 0.00000e+00
 0.00000e+00
 0.00000e+00
 0.00000e+00
 0.00000e+00
 0.00000e+00
 0.00000e+00
 0.00000e+00
 0.00000e+00
 0.00000e+00
 0.00000e+00
 0.00000e+00
 0.00000e+00
 0.00000e+00
 0.00000e+00
 0.00000e+00
 0.00000e+00
 0.00000e+00
 0.00000e+00
 0.00000e+00
 0.00000e+00
 0.00000e+00
 0.00000e+00
 0.00000e+00
 0.00000e+00
 0.00000e+00
 0.00000e+00
 0.00000e+00
 0.00000e+00
 0.00000e+00
 0.00000e+00
 0.00000e+00
 0.00000e+00
 0.00000e+00
 0.00000e+00
 0.00000e+00
 0.00000e+00
 0.00000e+00
 0.00000e+00
 0.00000e+00
 0.00000e+00
 0.00000e+00
 0.00000e+00
 0.00000e+00
 0.00000e+00
 0.00000e+00
 0.00000e+00
 0.00000e+00
 0.00000e+00
 0.00000e+00
 0.00000e+00
 0.00000e+00
 0.00000e+00
 0.00000e+00
 0.00000e+00
 0.00000e+00
 0.00000e+00
 0.00000e+00
 0.00000e+00
 0.00000e+00
 0.00000e+00
 0.00000e+00
 0.00000e+00
 0.00000e+00
 0.00000e+00
 0.00000e+00
 0.00000e+00
 0.00000e+00
 0.00000e+00
 0.00000e+00
 0.00000e+00
 0.00000e+00
 0.00000e+00
 0.00000e+00
 0.00000e+00
 0.00000e+00
 0.00000e+00
 0.00000e+00
 0.00000e+00
 0.00000e+00
 0.00000e+00
 0.00000e+00
 0.00000e+00
 0.00000e+00
 0.00000e+00
 0.00000e+00
 0.00000e+00
 0.00000e+00
 0.00000e+00
 0.00000e+00
 0.00000e+00
 0.00000e+00
 0.00000e+00
 0.00000e+00
 0.00000e+00
 0.00000e+00
 0.00000e+00
 0.00000e+00
 0.00000e+00
 0.00000e+00
 0.00000e+00
 0.00000e+00
 0.00000e+00
 0.00000e+00
 0.00000e+00
 0.00000e+00
 0.00000e+00
 0.00000e+00
 0.00000e+00
 0.00000e+00
 0.00000e+00
 0.00000e+00
 0.00000e+00
 0.00000e+00
 0.00000e+00
 0.00000e+00
 0.00000e+00
 0.00000e+00
 0.00000e+00
 0.00000e+00
 0.00000e+00
 0.00000e+00
 0.00000e+00
 0.00000e+00
 0.00000e+00
 0.00000e+00
 0.00000e+00
 0.00000e+00
 0.00000e+00
 0.00000e+00
 0.00000e+00
 0.00000e+00
 0.00000e+00
 0.00000e+00
 0.00000e+00
 0.00000e+00
 0.00000e+00
 0.00000e+00
 0.00000e+00
 0.00000e+00
 0.00000e+00
 0.00000e+00
 0.00000e+00
 0.00000e+00
 0.00000e+00
 0.00000e+00
 0.00000e+00
 0.00000e+00
 0.00000e+00
 0.00000e+00
 0.00000e+00
 0.00000e+00
 0.00000e+00
 0.00000e+00
 0.00000e+00
 0.00000e+00
 0.00000e+00
 0.00000e+00
 0.00000e+00
 0.00000e+00
 0.00000e+00
 0.00000e+00
 0.00000e+00
 0.00000e+00
 0.00000e+00
 0.00000e+00
 0.00000e+00
 0.00000e+00
 0.00000e+00
 0.00000e+00
 0.00000e+00
 0.00000e+00
 0.00000e+00
 0.00000e+00
 0.00000e+00
 0.00000e+00
 0.00000e+00
 0.00000e+00
 0.00000e+00
 0.00000e+00
 0.00000e+00
 0.00000e+00
 0.00000e+00
 0.00000e+00
 0.00000e+00
 0.00000e+00
 0.00000e+00
 0.00000e+00
 0.00000e+00
 0.00000e+00
 0.00000e+00
 0.00000e+00
 0.00000e+00
 0.00000e+00
 0.00000e+00
 0.00000e+00
 0.00000e+00
 0.00000e+00
 0.00000e+00
 0.00000e+00
 0.00000e+00
 0.00000e+00
 0.00000e+00
 0.00000e+00
 0.00000e+00
 0.00000e+00
 0.00000e+00
 0.00000e+00
 0.00000e+00
 0.00000e+00
 0.00000e+00
 0.00000e+00
 0.00000e+00
 0.00000e+00
 0.00000e+00
 0.00000e+00
 0.00000e+00
 0.00000e+00
 0.00000e+00
 0.00000e+00
 0.00000e+00
 0.00000e+00
 0.00000e+00
 0.00000e+00
 0.00000e+00
 0.00000e+00
 0.00000e+00
 0.00000e+00
 0.00000e+00
 0.00000e+00
 0.00000e+00
 0.00000e+00
 0.00000e+00
 0.00000e+00
 0.00000e+00
 0.00000e+00
 0.00000e+00
 0.00000e+00
 0.00000e+00
 0.00000e+00
 0.00000e+00
 0.00000e+00
 0.00000e+00
 0.00000e+00
 0.00000e+00
 0.00000e+00
 0.00000e+00
 0.00000e+00
 0.00000e+00
 0.00000e+00
 0.00000e+00
 0.00000e+00
 0.00000e+00
 0.00000e+00
 0.00000e+00
 0.00000e+00
 0.00000e+00
 0.00000e+00
 0.00000e+00
 0.00000e+00
 0.00000e+00
 0.00000e+00
 0.00000e+00
 0.00000e+00
 0.00000e+00
 0.00000e+00
 0.00000e+00
 0.00000e+00
 0.00000e+00
 0.00000e+00
 0.00000e+00
 0.00000e+00
 0.00000e+00
 0.00000e+00
 0.00000e+00
 0.00000e+00
 0.00000e+00
 0.00000e+00
 0.00000e+00
 0.00000e+00
 0.00000e+00
 0.00000e+00
 0.00000e+00
 0.00000e+00
 0.00000e+00
 0.00000e+00
 0.00000e+00
 0.00000e+00
 0.00000e+00
 0.00000e+00
 0.00000e+00
 0.00000e+00
 0.00000e+00
 0.00000e+00
 0.00000e+00
 0.00000e+00
 0.00000e+00
 0.00000e+00
 0.00000e+00
 0.00000e+00
 0.00000e+00
 0.00000e+00
 0.00000e+00
 0.00000e+00
 0.00000e+00
 0.00000e+00
 0.00000e+00
 0.00000e+00
 0.00000e+00
 0.00000e+00
 0.00000e+00
 0.00000e+00
 0.00000e+00
 0.00000e+00
 0.00000e+00
 0.00000e+00
 0.00000e+00
 0.00000e+00
 0.00000e+00
 0.00000e+00
 0.00000e+00
 0.00000e+00
 0.00000e+00
 0.00000e+00
 0.00000e+00
 0.00000e+00
 0.00000e+00
 0.00000e+00
 0.00000e+00
 0.00000e+00
 0.00000e+00
 0.00000e+00
 0.00000e+00
 0.00000e+00
 0.00000e+00
 0.00000e+00
 0.00000e+00
 0.00000e+00
 0.00000e+00
 0.00000e+00
 0.00000e+00
 0.00000e+00
 0.00000e+00
 0.00000e+00
 0.00000e+00
 0.00000e+00
 0.00000e+00
 0.00000e+00
 0.00000e+00
 0.00000e+00
 0.00000e+00
 0.00000e+00
 0.00000e+00
 0.00000e+00
 0.00000e+00
 0.00000e+00
 0.00000e+00
 0.00000e+00
 0.00000e+00
 0.00000e+00
 0.00000e+00
 0.00000e+00
 0.00000e+00
 0.00000e+00
 0.00000e+00
 0.00000e+00
 0.00000e+00
 0.00000e+00
 0.00000e+00
 0.00000e+00
 0.00000e+00
 0.00000e+00
 0.00000e+00
 0.00000e+00
part
         2
hexa8
 0.00000e+00
 0.00000e+00
 0.00000e+00
 0.00000e+00
 0.00000e+00
 0.00000e+00
 0.00000e+00
 0.00000e+00
 0.00000e+00
 0.00000e+00
 0.00000e+00
 0.00000e+00
 0.00000e+00
 0.00000e+00
 0.00000e+00
 0.00000e+00
 0.00000e+00
 0.00000e+00
 0.00000e+00
 0.00000e+00
 0.00000e+00
 0.00000e+00
 0.00000e+00
 0.00000e+00
 0.00000e+00
 0.00000e+00
 0.00000e+00
 0.00000e+00
 0.00000e+00
 0.00000e+00
 0.00000e+00
 0.00000e+00
 0.00000e+00
 0.00000e+00
 0.00000e+00
 0.00000e+00
 0.00000e+00
 0.00000e+00
 0.00000e+00
 0.00000e+00
 0.00000e+00
 0.00000e+00
 0.00000e+00
 0.00000e+00
 0.00000e+00
 0.00000e+00
 0.00000e+00
 0.00000e+00
 0.00000e+00
 0.00000e+00
 0.00000e+00
 0.00000e+00
 0.00000e+00
 0.00000e+00
 0.00000e+00
 0.00000e+00
 0.00000e+00
 0.00000e+00
 0.00000e+00
 0.00000e+00
 0.00000e+00
 0.00000e+00
 0.00000e+00
 0.00000e+00
 0.00000e+00
 0.00000e+00
 0.00000e+00
 0.00000e+00
 0.00000e+00
 0.00000e+00
 0.00000e+00
 0.00000e+00
 0.00000e+00
 0.00000e+00
 0.00000e+00
 0.00000e+00
 0.00000e+00
 0.00000e+00
 0.00000e+00
 0.00000e+00
 0.00000e+00
 0.00000e+00
 0.00000e+00
 0.00000e+00
 0.00000e+00
 0.00000e+00
 0.00000e+00
 0.00000e+00
 0.00000e+00
 0.00000e+00
 0.00000e+00
 0.00000e+00
 0.00000e+00
 0.00000e+00
 0.00000e+00
 0.00000e+00
 0.00000e+00
 0.00000e+00
 0.00000e+00
 0.00000e+00
 0.00000e+00
 0.00000e+00
 0.00000e+00
 0.00000e+00
 0.00000e+00
 0.00000e+00
 0.00000e+00
 0.00000e+00
 0.00000e+00
 0.00000e+00
 0.00000e+00
 0.00000e+00
 0.00000e+00
 0.00000e+00
 0.00000e+00
 0.00000e+00
 0.00000e+00
 0.00000e+00
 0.00000e+00
 0.00000e+00
 0.00000e+00
 0.00000e+00
 0.00000e+00
 0.00000e+00
 0.00000e+00
 0.00000e+00
 0.00000e+00
 0.00000e+00
 0.00000e+00
 0.00000e+00
 0.00000e+00
 0.00000e+00
 0.00000e+00
 0.00000e+00
 0.00000e+00
 0.00000e+00
 0.00000e+00
 0.00000e+00
 0.00000e+00
 0.00000e+00
 0.00000e+00
 0.00000e+00
 0.00000e+00
 0.00000e+00
 0.00000e+00
 0.00000e+00
 0.00000e+00
 0.00000e+00
 0.00000e+00
 0.00000e+00
 0.00000e+00
 0.00000e+00
 0.00000e+00
 0.00000e+00
 0.00000e+00
 0.00000e+00
 0.00000e+00
 0.00000e+00
 0.00000e+00
 0.00000e+00
 0.00000e+00
 0.00000e+00
 0.00000e+00
 0.00000e+00
 0.00000e+00
 0.00000e+00
 0.00000e+00
 0.00000e+00
 0.00000e+00
 0.00000e+00
 0.00000e+00
 0.00000e+00
 0.00000e+00
 0.00000e+00
 0.00000e+00
 0.00000e+00
 0.00000e+00
 0.00000e+00
 0.00000e+00
 0.00000e+00
 0.00000e+00
 0.00000e+00
 0.00000e+00
 0.00000e+00
 0.00000e+00
 0.00000e+00
 0.00000e+00
 0.00000e+00
 0.00000e+00
 0.00000e+00
 0.00000e+00
 0.00000e+00
 0.00000e+00
 0.00000e+00
 0.00000e+00
 0.00000e+00
 0.00000e+00
 0.00000e+00
 0.00000e+00
 0.00000e+00
 0.00000e+00
 0.00000e+00
 0.00000e+00
 0.00000e+00
 0.00000e+00
 0.00000e+00
 0.00000e+00
 0.00000e+00
 0.00000e+00
 0.00000e+00
 0.00000e+00
 0.00000e+00
 0.00000e+00
 0.00000e+00
 0.00000e+00
 0.00000e+00
 0.00000e+00
 0.00000e+00
 0.00000e+00
 0.00000e+00
 0.00000e+00
 0.00000e+00
 0.00000e+00
 0.00000e+00
 0.00000e+00
 0.00000e+00
 0.00000e+00
 0.00000e+00
 0.00000e+00
 0.00000e+00
 0.00000e+00
 0.00000e+00
 0.00000e+00
 0.00000e+00
 0.00000e+00
 0.00000e+00
 0.00000e+00
 0.00000e+00
 0.00000e+00
 0.00000e+00
 0.00000e+00
 0.00000e+00
 0.00000e+00
 0.00000e+00
 0.00000e+00
 0.00000e+00
 0.00000e+00
 0.00000e+00
 0.00000e+00
 0.00000e+00
 0.00000e+00
 0.00000e+00
 0.00000e+00
 0.00000e+00
 0.00000e+00
 0.00000e+00
 0.00000e+00
 0.00000e+00
 0.00000e+00
 0.00000e+00
 0.00000e+00
 0.00000e+00
 0.00000e+00
 0.00000e+00
 0.00000e+00
 0.00000e+00
 0.00000e+00
 0.00000e+00
 0.00000e+00
 0.00000e+00
 0.00000e+00
 0.00000e+00
 0.00000e+00
 0.00000e+00
 0.00000e+00
 0.00000e+00
 0.00000e+00
 0.00000e+00
 0.00000e+00
 0.00000e+00
 0.00000e+00
 0.00000e+00
 0.00000e+00
 0.00000e+00
 0.00000e+00
 0.00000e+00
 0.00000e+00
 0.00000e+00
 0.00000e+00
 0.00000e+00
 0.00000e+00
 0.00000e+00
 0.00000e+00
 0.00000e+00
 0.00000e+00
 0.00000e+00
 0.00000e+00
 0.00000e+00
 0.00000e+00
 0.00000e+00
 0.00000e+00
 0.00000e+00
 0.00000e+00
 0.00000e+00
 0.00000e+00
 0.00000e+00
 0.00000e+00
 0.00000e+00
 0.00000e+00
 0.00000e+00
 0.00000e+00
 0.00000e+00
 0.00000e+00
 0.00000e+00
 0.00000e+00
 0.00000e+00
 0.00000e+00
 0.00000e+00
 0.00000e+00
 0.00000e+00
 0.00000e+00
 0.00000e+00
 0.00000e+00
 0.00000e+00
 0.00000e+00
 0.00000e+00
 0.00000e+00
 0.00000e+00
 0.00000e+00
 0.00000e+00
 0.00000e+00
 0.00000e+00
 0.00000e+00
 0.00000e+00
 0.00000e+00
 0.00000e+00
 0.00000e+00
 0.00000e+00
 0.00000e+00
 0.00000e+00
 0.00000e+00
 0.00000e+00
 0.00000e+00
 0.00000e+00
 0.00000e+00
 0.00000e+00
 0.00000e+00
 0.00000e+00
 0.00000e+00
 0.00000e+00
 0.00000e+00
 0.00000e+00
 0.00000e+00
 0.00000e+00
 0.00000e+00
 0.00000e+00
 0.00000e+00
 0.00000e+00
 0.00000e+00
 0.00000e+00
 0.00000e+00
 0.00000e+00
 0.00000e+00
 0.00000e+00
 0.00000e+00
 0.00000e+00
 0.00000e+00
 0.00000e+00
 0.00000e+00
 0.00000e+00
 0.00000e+00
 0.00000e+00
 0.00000e+00
 0.00000e+00
 0.00000e+00
 0.00000e+00
 0.00000e+00
 0.00000e+00
 0.00000e+00
 0.00000e+00
 0.00000e+00
 0.00000e+00
 0.00000e+00
 0.00000e+00
 0.00000e+00
 0.00000e+00
 0.00000e+00
 0.00000e+00
 0.00000e+00
 0.00000e+00
 0.00000e+00
 0.00000e+00
 0.00000e+00
 0.00000e+00
 0.00000e+00
 0.00000e+00
 0.00000e+00
 0.00000e+00
 0.00000e+00
 0.00000e+00
 0.00000e+00
 0.00000e+00
 0.00000e+00
 0.00000e+00
 0.00000e+00
 0.00000e+00
 0.00000e+00
 0.00000e+00
 0.00000e+00
 0.00000e+00
 0.00000e+00
 0.00000e+00
 0.00000e+00
 0.00000e+00
 0.00000e+00
 0.00000e+00
 0.00000e+00
 0.00000e+00
 0.00000e+00
 0.00000e+00
 0.00000e+00
 0.00000e+00
 0.00000e+00
 0.00000e+00
 0.00000e+00
 0.00000e+00
 0.00000e+00
 0.00000e+00
 0.00000e+00
 0.00000e+00
 0.00000e+00
 0.00000e+00
 0.00000e+00
 0.00000e+00
 0.00000e+00
 0.00000e+00
 0.00000e+00
 0.00000e+00
 0.00000e+00
 0.00000e+00
 0.00000e+00
 0.00000e+00
 0.00000e+00
 0.00000e+00
 0.00000e+00
 0.00000e+00
 0.00000e+00
 0.00000e+00
 0.00000e+00
 0.00000e+00
 0.00000e+00
 0.00000e+00
 0.00000e+00
 0.00000e+00
 0.00000e+00
 0.00000e+00
 0.00000e+00
 0.00000e+00
 0.00000e+00
 0.00000e+00
 0.00000e+00
 0.00000e+00
 0.00000e+00
 0.00000e+00
 0.00000e+00
 0.00000e+00
 0.00000e+00
 0.00000e+00
 0.00000e+00
 0.00000e+00
 0.00000e+00
 0.00000e+00
 0.00000e+00
 0.00000e+00
 0.00000e+00
 0.00000e+00
 0.00000e+00
 0.00000e+00
 0.00000e+00
 0.00000e+00
 0.00000e+00
 0.00000e+00
 0.00000e+00
 0.00000e+00
 0.00000e+00
 0.00000e+00
 0.00000e+00
 0.00000e+00
 0.00000e+00
 0.00000e+00
 0.00000e+00
 0.00000e+00
 0.00000e+00
 0.00000e+00
 0.00000e+00
 0.00000e+00
 0.00000e+00
 0.00000e+00
 0.00000e+00
 0.00000e+00
 0.00000e+00
 0.00000e+00
 0.00000e+00
 0.00000e+00
 0.00000e+00
 0.00000e+00
 0.00000e+00
 0.00000e+00
 0.00000e+00
 0.00000e+00
 0.00000e+00
 0.00000e+00
 0.00000e+00
 0.00000e+00
 0.00000e+00
 0.00000e+00
 0.00000e+00
 0.00000e+00
 0.00000e+00
 0.00000e+00
 0.00000e+00
 0.00000e+00
 0.00000e+00
 0.00000e+00
 0.00000e+00
 0.00000e+00
 0.00000e+00
 0.00000e+00
 0.00000e+00
 0.00000e+00
 0.00000e+00
 0.00000e+00
 0.00000e+00
 0.00000e+00
 0.00000e+00
 0.00000e+00
 0.00000e+00
 0.00000e+00
 0.00000e+00
 0.00000e+00
 0.00000e+00
 0.00000e+00
 0.00000e+00
 0.00000e+00
 0.00000e+00
 0.00000e+00
 0.00000e+00
 0.00000e+00
 0.00000e+00
 0.00000e+00
 0.00000e+00
 0.00000e+00
 0.00000e+00
 0.00000e+00
 0.00000e+00
 0.00000e+00
 0.00000e+00
 0.00000e+00
 0.00000e+00
 0.00000e+00
 0.00000e+00
 0.00000e+00
 0.00000e+00
 0.00000e+00
 0.00000e+00
 0.00000e+00
 0.00000e+00
 0.00000e+00
 0.00000e+00
 0.00000e+00
 0.00000e+00
 0.00000e+00
 0.00000e+00
 0.00000e+00
 0.00000e+00
 0.00000e+00
 0.00000e+00
 0.00000e+00
 0.00000e+00
 0.00000e+00
 0.00000e+00
 0.00000e+00
 0.00000e+00
 0.00000e+00
 0.00000e+00
 0.00000e+00
 0.00000e+00
 0.00000e+00
 0.00000e+00
 0.00000e+00
 0.00000e+00
 0.00000e+00
 0.00000e+00
 0.00000e+00
 0.00000e+00
 0.00000e+00
 0.00000e+00
 0.00000e+00
 0.00000e+00
 0.00000e+00
 0.00000e+00
 0.00000e+00
 0.00000e+00
 0.00000e+00
 0.00000e+00
 0.00000e+00
 0.00000e+00
 0.00000e+00
 0.00000e+00
 0.00000e+00
 0.00000e+00
 0.00000e+00
 0.00000e+00
 0.00000e+00
 0.00000e+00
 0.00000e+00
 0.00000e+00
 0.00000e+00
 0.00000e+00
 0.00000e+00
 0.00000e+00
 0.00000e+00
 0.00000e+00
 0.00000e+00
 0.00000e+00
part
         3
hexa8
 0.00000e+00
 0.00000e+00
 0.00000e+00
 0.00000e+00
 0.00000e+00
 0.00000e+00
 0.00000e+00
 0.00000e+00
 0.00000e+00
 0.00000e+00
 0.00000e+00
 0.00000e+00
 0.00000e+00
 0.00000e+00
 0.00000e+00
 0.00000e+00
 0.00000e+00
 0.00000e+00
 0.00000e+00
 0.00000e+00
 0.00000e+00
 0.00000e+00
 0.00000e+00
 0.00000e+00
 0.00000e+00
 0.00000e+00
 0.00000e+00
 0.00000e+00
 0.00000e+00
 0.00000e+00
 0.00000e+00
 0.00000e+00
 0.00000e+00
 0.00000e+00
 0.00000e+00
 0.00000e+00
 0.00000e+00
 0.00000e+00
 0.00000e+00
 0.00000e+00
 0.00000e+00
 0.00000e+00
 0.00000e+00
 0.00000e+00
 0.00000e+00
 0.00000e+00
 0.00000e+00
 0.00000e+00
 0.00000e+00
 0.00000e+00
 0.00000e+00
 0.00000e+00
 0.00000e+00
 0.00000e+00
 0.00000e+00
 0.00000e+00
 0.00000e+00
 0.00000e+00
 0.00000e+00
 0.00000e+00
 0.00000e+00
 0.00000e+00
 0.00000e+00
 0.00000e+00
 0.00000e+00
 0.00000e+00
 0.00000e+00
 0.00000e+00
 0.00000e+00
 0.00000e+00
 0.00000e+00
 0.00000e+00
 0.00000e+00
 0.00000e+00
 0.00000e+00
 3.79892e-49
 3.79892e-49
 3.79892e-49
 3.79892e-49
 3.79892e-49
 3.79892e-49
 3.79892e-49
 3.79892e-49
 3.79892e-49
 3.79892e-49
 3.79892e-49
 3.79892e-49
 3.79892e-49
 3.79892e-49
 3.79892e-49
 3.79892e-49
 3.79892e-49
 3.79892e-49
 3.79892e-49
 3.79892e-49
 3.79892e-49
 3.79892e-49
 3.79892e-49
 3.79892e-49
 3.79892e-49
 3.42301e-13
 3.42301e-13
 3.42301e-13
 3.42301e-13
 3.42301e-13
 3.42301e-13
 3.42301e-13
 3.42301e-13
 3.42301e-13
 3.42301e-13
 3.42301e-13
 3.42301e-13
 3.42301e-13
 3.42301e-13
 3.42301e-13
 3.42301e-13
 3.42301e-13
 3.42301e-13
 3.42301e-13
 3.42301e-13
 3.42301e-13
 3.42301e-13
 3.42301e-13
 3.42301e-13
 3.42301e-13
 6.55088e-12
 6.55088e-12
 6.55088e-12
 6.55088e-12
 6.55088e-12
 6.55088e-12
 6.55088e-12
 6.55088e-12
 6.55088e-12
 6.55088e-12
 6.55088e-12
 6.55088e-12
 6.55088e-12
 6.55088e-12
 6.55088e-12
 6.55088e-12
 6.55088e-12
 6.55088e-12
 6.55088e-12
 6.55088e-12
 6.55088e-12
 6.55088e-12
 6.55088e-12
 6.55088e-12
 6.55088e-12
 4.97163e-11
 4.97163e-11
 4.97163e-11
 4.97163e-11
 4.97163e-11
 4.97163e-11
 4.97163e-11
 4.97163e-11
 4.97163e-11
 4.97163e-11
 4.97163e-11
 4.97163e-11
 4.97163e-11
 4.97163e-11
 4.97163e-11
 4.97163e-11
 4.97163e-11
 4.97163e-11
 4.97163e-11
 4.97163e-11
 4.97163e-11
 4.97163e-11
 4.97163e-11
 4.97163e-11
 4.97163e-11
 1.75709e-10
 1.75709e-10
 1.75709e-10
 1.75709e-10
 1.75709e-10
 1.75709e-10
 1.75709e-10
 1.75709e-10
 1.75709e-10
 1.75709e-10
 1.75709e-10
 1.75709e-10
 1.75709e-10
 1.75709e-10
 1.75709e-10
 1.75709e-10
 1.75709e-10
 1.75709e-10
 1.75709e-10
 1.75709e-10
 1.75709e-10
 1.75709e-10
 1.75709e-10
 1.75709e-10
 1.75709e-10
 5.71225e-10
 5.71225e-10
 5.71225e-10
 5.71225e-10
 5.71225e-10
 5.71225e-10
 5.71225e-10
 5.71225e-10
 5.71225e-10
 5.71225e-10
 5.71225e-10
 5.71225e-10
 5.71225e-10
 5.71225e-10
 5.71225e-10
 5.71225e-10
 5.71225e-10
 5.71225e-10
 5.71225e-10
 5.71225e-10
 5.71225e-10
 5.71225e-10
 5.71225e-10
 5.71225e-10
 5.71225e-10
 7.60328e-09
 7.60328e-09
 7.60328e-09
 7.60328e-09
 7.60328e-09
 7.60328e-09
 7.60328e-09
 7.60328e-09
 7.60328e-09
 7.60328e-09
 7.60328e-09
 7.60328e-09
 7.60328e-09
 7.60328e-09
 7.60328e-09
 7.60328e-09
 7.60328e-09
 7.60328e-09
 7.60328e-09
 7.60328e-09
 7.60328e-09
 7.60328e-09
 7.60328e-09
 7.60328e-09
 7.60328e-09
 2.19869e-08
 2.19869e-08
 2.19869e-08
 2.19869e-08
 2.19869e-08
 2.19869e-08
 2.19869e-08
 2.19869e-08
 2.19869e-08
 2.19869e-08
 2.19869e-08
 2.19869e-08
 2.19869e-08
 2.19869e-08
 2.19869e-08
 2.19869e-08
 2.19869e-08
 2.19869e-08
 2.19869e-08
 2.19869e-08
 2.19869e-08
 2.19869e-08
 2.19869e-08
 2.19869e-08
 2.19869e-08
 1.76287e-08
 1.76287e-08
 1.76287e-08
 1.76287e-08
 1.76287e-08
 1.76287e-08
 1.76287e-08
 1.76287e-08
 1.76287e-08
 1.76287e-08
 1.76287e-08
 1.76287e-08
 1.76287e-08
 1.76287e-08
 1.76287e-08
 1.76287e-08
 1.76287e-08
 1.76287e-08
 1.76287e-08
 1.76287e-08
 1.76287e-08
 1.76287e-08
 1.76287e-08
 1.76287e-08
 1.76287e-08
 2.13415e-09
 2.13415e-09
 2.13415e-09
 2.13415e-09
 2.13415e-09
 2.13415e-09
 2.13415e-09
 2.13415e-09
 2.13415e-09
 2.13415e-09
 2.13415e-09
 2.13415e-09
 2.13415e-09
 2.13415e-09
 2.13415e-09
 2.13415e-09
 2.13415e-09
 2.13415e-09
 2.13415e-09
 2.13415e-09
 2.13415e-09
 2.13415e-09
 2.13415e-09
 2.13415e-09
 2.13415e-09
 6.24419e-10
 6.24419e-10
 6.24419e-10
 6.24419e-10
 6.24419e-10
 6.24419e-10
 6.24419e-10
 6.24419e-10
 6.24419e-10
 6.24419e-10
 6.24419e-10
 6.24419e-10
 6.24419e-10
 6.24419e-10
 6.24419e-10
 6.24419e-10
 6.24419e-10
 6.24419e-10
 6.24419e-10
 6.24419e-10
 6.24419e-10
 6.24419e-10
 6.24419e-10
 6.24419e-10
 6.24419e-10
 8.58344e-07
 8.58344e-07
 8.58344e-07
 8.58344e-07
 8.58344e-07
 8.58344e-07
 8.58344e-07
 8.58344e-07
 8.58344e-07
 8.58344e-07
 8.58344e-07
 8.58344e-07
 8.58344e-07
 8.58344e-07
 8.58344e-07
 8.58344e-07
 8.58344e-07
 8.58344e-07
 8.58344e-07
 8.58344e-07
 8.58344e-07
 8.58344e-07
 8.58344e-07
 8.58344e-07
 8.58344e-07
 4.68820e-06
 4.68820e-06
 4.68820e-06
 4.68820e-06
 4.68820e-06
 4.68820e-06
 4.68820e-06
 4.68820e-06
 4.68820e-06
 4.68820e-06
 4.68820e-06
 4.68820e-06
 4.68820e-06
 4.68820e-06
 4.68820e-06
 4.68820e-06
 4.68820e-06
 4.68820e-06
 4.68820e-06
 4.68820e-06
 4.68820e-06
 4.68820e-06
 4.68820e-06
 4.68820e-06
 4.68820e-06
 5.45050e-06
 5.45050e-06
 5.45050e-06
 5.45050e-06
 5.45050e-06
 5.45050e-06
 5.45050e-06
 5.45050e-06
 5.45050e-06
 5.45050e-06
 5.45050e-06
 5.45050e-06
 5.45050e-06
 5.45050e-06
 5.45050e-06
 5.45050e-06
 5.45050e-06
 5.45050e-06
 5.45050e-06
 5.45050e-06
 5.45050e-06
 5.45050e-06
 5.45050e-06
 5.45050e-06
 5.45050e-06
 1.15354e-06
 1.15354e-06
 1.15354e-06
 1.15354e-06
 1.15354e-06
 1.15354e-06
 1.15354e-06
 1.15354e-06
 1.15354e-06
 1.15354e-06
 1.15354e-06
 1.15354e-06
 1.15354e-06
 1.15354e-06
 1.15354e-06
 1.15354e-06
 1.15354e-06
 1.15354e-06
 1.15354e-06
 1.15354e-06
 1.15354e-06
 1.15354e-06
 1.15354e-06
 1.15354e-06
 1.15354e-06
 1.28793e-06
 1.28793e-06
 1.28793e-06
 1.28793e-06
 1.28793e-06
 1.28793e-06
 1.28793e-06
 1.28793e-06
 1.28793e-06
 1.28793e-06
 1.28793e-06
 1.28793e-06
 1.28793e-06
 1.28793e-06
 1.28793e-06
 1.28793e-06
 1.28793e-06
 1.28793e-06
 1.28793e-06
 1.28793e-06
 1.28793e-06
 1.28793e-06
 1.28793e-06
 1.28793e-06
 1.28793e-06
 9.90954e-06
 9.90954e-06
 9.90954e-06
 9.90954e-06
 9.90954e-06
 9.90954e-06
 9.90954e-06
 9.90954e-06
 9.90954e-06
 9.90954e-06
 9.90954e-06
 9.90954e-06
 9.90954e-06
 9.90954e-06
 9.90954e-06
 9.90954e-06
 9.90954e-06
 9.90954e-06
 9.90954e-06
 9.90954e-06
 9.90954e-06
 9.90954e-06
 9.90954e-06
 9.90954e-06
 9.90954e-06
 4.99928e-05
 4.99928e-05
 4.99928e-05
 4.99928e-05
 4.99928e-05
 4.99928e-05
 4.99928e-05
 4.99928e-05
 4.99928e-05
 4.99928e-05
 4.99928e-05
 4.99928e-05
 4.99928e-05
 4.99928e-05
 4.99928e-05
 4.99928e-05
 4.99928e-05
 4.99928e-05
 4.99928e-05
 4.99928e-05
 4.99928e-05
 4.99928e-05
 4.99928e-05
 4.99928e-05
 4.99928e-05
 8.74358e-05
 8.74358e-05
 8.74358e-05
 8.74358e-05
 8.74358e-05
 8.74358e-05
 8.74358e-05
 8.74358e-05
 8.74358e-05
 8.74358e-05
 8.74358e-05
 8.74358e-05
 8.74358e-05
 8.74358e-05
 8.74358e-05
 8.74358e-05
 8.74358e-05
 8.74358e-05
 8.74358e-05
 8.74358e-05
 8.74358e-05
 8.74358e-05
 8.74358e-05
 8.74358e-05
 8.74358e-05
 3.82068e-05
 3.82068e-05
 3.82068e-05
 3.82068e-05
 3.82068e-05
 3.82068e-05
 3.82068e-05
 3.82068e-05
 3.82068e-05
 3.82068e-05
 3.82068e-05
 3.82068e-05
 3.82068e-05
 3.82068e-05
 3.82068e-05
 3.82068e-05
 3.82068e-05
 3.82068e-05
 3.82068e-05
 3.82068e-05
 3.82068e-05
 3.82068e-05
 3.82068e-05
 3.82068e-05
 3.82068e-05
 1.64122e-05
 1.64122e-05
 1.64122e-05
 1.64122e-05
 1.64122e-05
 1.64122e-05
 1.64122e-05
 1.64122e-05
 1.64122e-05
 1.64122e-05
 1.64122e-05
 1.64122e-05
 1.64122e-05
 1.64122e-05
 1.64122e-05
 1.64122e-05
 1.64122e-05
 1.64122e-05
 1.64122e-05
 1.64122e-05
 1.64122e-05
 1.64122e-05
 1.64122e-05
 1.64122e-05
 1.64122e-05
 1.54058e-05
 1.54058e-05
 1.54058e-05
 1.54058e-05
 1.54058e-05
 1.54058e-05
 1.54058e-05
 1.54058e-05
 1.54058e-05
 1.54058e-05
 1.54058e-05
 1.54058e-05
 1.54058e-05
 1.54058e-05
 1.54058e-05
 1.54058e-05
 1.54058e-05
 1.54058e-05
 1.54058e-05
 1.54058e-05
 1.54058e-05
 1.54058e-05
 1.54058e-05
 1.54058e-05
 1.54058e-05
part
         4
hexa8
 3.01347e-05
 3.01347e-05
 3.01347e-05
 3.01347e-05
 3.01347e-05
 3.01347e-05
 3.01347e-05
 3.01347e-05
 3.01347e-05
 3.01347e-05
 3.01347e-05
 3.01347e-05
 3.01347e-05
 3.01347e-05
 3.01347e-05
 3.01347e-05
 3.01347e-05
 3.01347e-05
 3.01347e-05
 3.01347e-05
 3.01347e-05
 3.01347e-05
 3.01347e-05
 3.01347e-05
 3.01347e-05
 8.76959e-05
 8.76959e-05
 8.76959e-05
 8.76959e-05
 8.76959e-05
 8.76959e-05
 8.76959e-05
 8.76959e-05
 8.76959e-05
 8.76959e-05
 8.76959e-05
 8.76959e-05
 8.76959e-05
 8.76959e-05
 8.76959e-05
 8.76959e-05
 8.76959e-05
 8.76959e-05
 8.76959e-05
 8.76959e-05
 8.76959e-05
 8.76959e-05
 8.76959e-05
 8.76959e-05
 8.76959e-05
 2.05378e-04
 2.05378e-04
 2.05378e-04
 2.05378e-04
 2.05378e-04
 2.05378e-04
 2.05378e-04
 2.05378e-04
 2.05378e-04
 2.05378e-04
 2.05378e-04
 2.05378e-04
 2.05378e-04
 2.05378e-04
 2.05378e-04
 2.05378e-04
 2.05378e-04
 2.05378e-04
 2.05378e-04
 2.05378e-04
 2.05378e-04
 2.05378e-04
 2.05378e-04
 2.05378e-04
 2.05378e-04
 4.98953e-04
 4.98953e-04
 4.98953e-04
 4.98953e-04
 4.98953e-04
 4.98953e-04
 4.98953e-04
 4.98953e-04
 4.98953e-04
 4.98953e-04
 4.98953e-04
 4.98953e-04
 4.98953e-04
 4.98953e-04
 4.98953e-04
 4.98953e-04
 4.98953e-04
 4.98953e-04
 4.98953e-04
 4.98953e-04
 4.98953e-04
 4.98953e-04
 4.98953e-04
 4.98953e-04
 4.98953e-04
 1.21561e-03
 1.21561e-03
 1.21561e-03
 1.21561e-03
 1.21561e-03
 1.21561e-03
 1.21561e-03
 1.21561e-03
 1.21561e-03
 1.21561e-03
 1.21561e-03
 1.21561e-03
 1.21561e-03
 1.21561e-03
 1.21561e-03
 1.21561e-03
 1.21561e-03
 1.21561e-03
 1.21561e-03
 1.21561e-03
 1.21561e-03
 1.21561e-03
 1.21561e-03
 1.21561e-03
 1.21561e-03
 2.81299e-03
 2.81299e-03
 2.81299e-03
 2.81299e-03
 2.81299e-03
 2.81299e-03
 2.81299e-03
 2.81299e-03
 2.81299e-03
 2.81299e-03
 2.81299e-03
 2.81299e-03
 2.81299e-03
 2.81299e-03
 2.81299e-03
 2.81299e-03
 2.81299e-03
 2.81299e-03
 2.81299e-03
 2.81299e-03
 2.81299e-03
 2.81299e-03
 2.81299e-03
 2.81299e-03
 2.81299e-03
 6.11846e-03
 6.11846e-03
 6.11846e-03
 6.11846e-03
 6.11846e-03
 6.11846e-03
 6.11846e-03
 6.11846e-03
 6.11846e-03
 6.11846e-03
 6.11846e-03
 6.11846e-03
 6.11846e-03
 6.11846e-03
 6.11846e-03
 6.11846e-03
 6.11846e-03
 6.11846e-03
 6.11846e-03
 6.11846e-03
 6.11846e-03
 6.11846e-03
 6.11846e-03
 6.11846e-03
 6.11846e-03
 1.28503e-02
 1.28503e-02
 1.28503e-02
 1.28503e-02
 1.28503e-02
 1.28503e-02
 1.28503e-02
 1.28503e-02
 1.28503e-02
 1.28503e-02
 1.28503e-02
 1.28503e-02
 1.28503e-02
 1.28503e-02
 1.28503e-02
 1.28503e-02
 1.28503e-02
 1.28503e-02
 1.28503e-02
 1.28503e-02
 1.28503e-02
 1.28503e-02
 1.28503e-02
 1.28503e-02
 1.28503e-02
 2.26637e-02
 2.26637e-02
 2.26637e-02
 2.26637e-02
 2.26637e-02
 2.26637e-02
 2.26637e-02
 2.26637e-02
 2.26637e-02
 2.26637e-02
 2.26637e-02
 2.26637e-02
 2.26637e-02
 2.26637e-02
 2.26637e-02
 2.26637e-02
 2.26637e-02
 2.26637e-02
 2.26637e-02
 2.26637e-02
 2.26637e-02
 2.26637e-02
 2.26637e-02
 2.26637e-02
 2.26637e-02
 3.52059e-02
 3.52059e-02
 3.52059e-02
 3.52059e-02
 3.52059e-02
 3.52059e-02
 3.52059e-02
 3.52059e-02
 3.52059e-02
 3.52059e-02
 3.52059e-02
 3.52059e-02
 3.52059e-02
 3.52059e-02
 3.52059e-02
 3.52059e-02
 3.52059e-02
 3.52059e-02
 3.52059e-02
 3.52059e-02
 3.52059e-02
 3.52059e-02
 3.52059e-02
 3.52059e-02
 3.52059e-02
 4.36093e-02
 4.36093e-02
 4.36093e-02
 4.36093e-02
 4.36093e-02
 4.36093e-02
 4.36093e-02
 4.36093e-02
 4.36093e-02
 4.36093e-02
 4.36093e-02
 4.36093e-02
 4.36093e-02
 4.36093e-02
 4.36093e-02
 4.36093e-02
 4.36093e-02
 4.36093e-02
 4.36093e-02
 4.36093e-02
 4.36093e-02
 4.36093e-02
 4.36093e-02
 4.36093e-02
 4.36093e-02
 3.92586e-02
 3.92586e-02
 3.92586e-02
 3.92586e-02
 3.92586e-02
 3.92586e-02
 3.92586e-02
 3.92586e-02
 3.92586e-02
 3.92586e-02
 3.92586e-02
 3.92586e-02
 3.92586e-02
 3.92586e-02
 3.92586e-02
 3.92586e-02
 3.92586e-02
 3.92586e-02
 3.92586e-02
 3.92586e-02
 3.92586e-02
 3.92586e-02
 3.92586e-02
 3.92586e-02
 3.92586e-02
 2.61783e-02
 2.61783e-02
 2.61783e-02
 2.61783e-02
 2.61783e-02
 2.61783e-02
 2.61783e-02
 2.61783e-02
 2.61783e-02
 2.61783e-02
 2.61783e-02
 2.61783e-02
 2.61783e-02
 2.61783e-02
 2.61783e-02
 2.61783e-02
 2.61783e-02
 2.61783e-02
 2.61783e-02
 2.61783e-02
 2.61783e-02
 2.61783e-02
 2.61783e-02
 2.61783e-02
 2.61783e-02
 1.25433e-02
 1.25433e-02
 1.25433e-02
 1.25433e-02
 1.25433e-02
 1.25433e-02
 1.25433e-02
 1.25433e-02
 1.25433e-02
 1.25433e-02
 1.25433e-02
 1.25433e-02
 1.25433e-02
 1.25433e-02
 1.25433e-02
 1.25433e-02
 1.25433e-02
 1.25433e-02
 1.25433e-02
 1.25433e-02
 1.25433e-02
 1.25433e-02
 1.25433e-02
 1.25433e-02
 1.25433e-02
 4.36110e-03
 4.36110e-03
 4.36110e-03
 4.36110e-03
 4.36110e-03
 4.36110e-03
 4.36110e-03
 4.36110e-03
 4.36110e-03
 4.36110e-03
 4.36110e-03
 4.36110e-03
 4.36110e-03
 4.36110e-03
 4.36110e-03
 4.36110e-03
 4.36110e-03
 4.36110e-03
 4.36110e-03
 4.36110e-03
 4.36110e-03
 4.36110e-03
 4.36110e-03
 4.36110e-03
 4.36110e-03
 1.23891e-03
 1.23891e-03
 1.23891e-03
 1.23891e-03
 1.23891e-03
 1.23891e-03
 1.23891e-03
 1.23891e-03
 1.23891e-03
 1.23891e-03
 1.23891e-03
 1.23891e-03
 1.23891e-03
 1.23891e-03
 1.23891e-03
 1.23891e-03
 1.23891e-03
 1.23891e-03
 1.23891e-03
 1.23891e-03
 1.23891e-03
 1.23891e-03
 1.23891e-03
 1.23891e-03
 1.23891e-03
 3.24756e-04
 3.24756e-04
 3.24756e-04
 3.24756e-04
 3.24756e-04
 3.24756e-04
 3.24756e-04
 3.24756e-04
 3.24756e-04
 3.24756e-04
 3.24756e-04
 3.24756e-04
 3.24756e-04
 3.24756e-04
 3.24756e-04
 3.24756e-04
 3.24756e-04
 3.24756e-04
 3.24756e-04
 3.24756e-04
 3.24756e-04
 3.24756e-04
 3.24756e-04
 3.24756e-04
 3.24756e-04
 8.26822e-05
 8.26822e-05
 8.26822e-05
 8.26822e-05
 8.26822e-05
 8.26822e-05
 8.26822e-05
 8.26822e-05
 8.26822e-05
 8.26822e-05
 8.26822e-05
 8.26822e-05
 8.26822e-05
 8.26822e-05
 8.26822e-05
 8.26822e-05
 8.26822e-05
 8.26822e-05
 8.26822e-05
 8.26822e-05
 8.26822e-05
 8.26822e-05
 8.26822e-05
 8.26822e-05
 8.26822e-05
 2.07300e-05
 2.07300e-05
 2.07300e-05
 2.07300e-05
 2.07300e-05
 2.07300e-05
 2.07300e-05
 2.07300e-05
 2.07300e-05
 2.07300e-05
 2.07300e-05
 2.07300e-05
 2.07300e-05
 2.07300e-05
 2.07300e-05
 2.07300e-05
 2.07300e-05
 2.07300e-05
 2.07300e-05
 2.07300e-05
 2.07300e-05
 2.07300e-05
 2.07300e-05
 2.07300e-05
 2.07300e-05
 5.12749e-06
 5.12749e-06
 5.12749e-06
 5.12749e-06
 5.12749e-06
 5.12749e-06
 5.12749e-06
 5.12749e-06
 5.12749e-06
 5.12749e-06
 5.12749e-06
 5.12749e-06
 5.12749e-06
 5.12749e-06
 5.12749e-06
 5.12749e-06
 5.12749e-06
 5.12749e-06
 5.12749e-06
 5.12749e-06
 5.12749e-06
 5.12749e-06
 5.12749e-06
 5.12749e-06
 5.12749e-06
 1.24942e-06
 1.24942e-06
 1.24942e-06
 1.24942e-06
 1.24942e-06
 1.24942e-06
 1.24942e-06
 1.24942e-06
 1.24942e-06
 1.24942e-06
 1.24942e-06
 1.24942e-06
 1.24942e-06
 1.24942e-06
 1.24942e-06
 1.24942e-06
 1.24942e-06
 1.24942e-06
 1.24942e-06
 1.24942e-06
 1.24942e-06
 1.24942e-06
 1.24942e-06
 1.24942e-06
 1.24942e-06
 2.99287e-07
 2.99287e-07
 2.99287e-07
 2.99287e-07
 2.99287e-07
 2.99287e-07
 2.99287e-07
 2.99287e-07
 2.99287e-07
 2.99287e-07
 2.99287e-07
 2.99287e-07
 2.99287e-07
 2.99287e-07
 2.99287e-07
 2.99287e-07
 2.99287e-07
 2.99287e-07
 2.99287e-07
 2.99287e-07
 2.99287e-07
 2.99287e-07
 2.99287e-07
 2.99287e-07
 2.99287e-07
 7.03564e-08
 7.03564e-08
 7.03564e-08
 7.03564e-08
 7.03564e-08
 7.03564e-08
 7.03564e-08
 7.03564e-08
 7.03564e-08
 7.03564e-08
 7.03564e-08
 7.03564e-08
 7.03564e-08
 7.03564e-08
 7.03564e-08
 7.03564e-08
 7.03564e-08
 7.03564e-08
 7.03564e-08
 7.03564e-08
 7.03564e-08
 7.03564e-08
 7.03564e-08
 7.03564e-08
 7.03564e-08
 1.63474e-08
 1.63474e-08
 1.63474e-08
 1.63474e-08
 1.63474e-08
 1.63474e-08
 1.63474e-08
 1.63474e-08
 1.63474e-08
 1.63474e-08
 1.63474e-08
 1.63474e-08
 1.63474e-08
 1.63474e-08
 1.63474e-08
 1.63474e-08
 1.63474e-08
 1.63474e-08
 1.63474e-08
 1.63474e-08
 1.63474e-08
 1.63474e-08
 1.63474e-08
 1.63474e-08
 1.63474e-08
 4.43546e-09
 4.43546e-09
 4.43546e-09
 4.43546e-09
 4.43546e-09
 4.43546e-09
 4.43546e-09
 4.43546e-09
 4.43546e-09
 4.43546e-09
 4.43546e-09
 4.43546e-09
 4.43546e-09
 4.43546e-09
 4.43546e-09
 4.43546e-09
 4.43546e-09
 4.43546e-09
 4.43546e-09
 4.43546e-09
 4.43546e-09
 4.43546e-09
 4.43546e-09
 4.43546e-09
 4.43545e-09
