PseudoViscosity
part
         1
hexa8
 1.93825e-15
 0.00000e+00
 0.00000e+00
 2.80195e-32
 9.69127e-16
 9.69127e-16
 3.34490e-31
 1.93825e-15
 3.94496e-31
 0.00000e+00
 0.00000e+00
 0.00000e+00
 0.00000e+00
 0.00000e+00
 0.00000e+00
 0.00000e+00
 0.00000e+00
 0.00000e+00
 0.00000e+00
 0.00000e+00
 0.00000e+00
 0.00000e+00
 0.00000e+00
 0.00000e+00
 0.00000e+00
 9.69127e-16
 1.06785e-31
 5.88409e-32
 0.00000e+00
 9.69127e-16
 9.30460e-32
 9.69127e-16
 2.47075e-31
 3.67429e-31
 0.00000e+00
 0.00000e+00
 0.00000e+00
 0.00000e+00
 0.00000e+00
 0.00000e+00
 0.00000e+00
 0.00000e+00
 0.00000e+00
 0.00000e+00
 0.00000e+00
 0.00000e+00
 0.00000e+00
 0.00000e+00
 0.00000e+00
 0.00000e+00
 0.00000e+00
 1.67162e-31
 9.69127e-16
 0.00000e+00
 1.97804e-31
 6.80743e-32
 0.00000e+00
 4.93105e-31
 2.90738e-15
 8.11130e-31
 0.00000e+00
 0.00000e+00
 0.00000e+00
 0.00000e+00
 0.00000e+00
 0.00000e+00
 0.00000e+00
 0.00000e+00
 0.00000e+00
 0.00000e+00
 0.00000e+00
 0.00000e+00
 0.00000e+00
 0.00000e+00
 0.00000e+00
 1.00813e-31
 0.00000e+00
 1.93825e-15
 6.20298e-31
 0.00000e+00
 9.69127e-16
 6.47961e-31
 9.72858e-32
 2.80143e-31
 0.00000e+00
 0.00000e+00
 0.00000e+00
 0.00000e+00
 0.00000e+00
 0.00000e+00
 0.00000e+00
 0.00000e+00
 0.00000e+00
 0.00000e+00
 0.00000e+00
 0.00000e+00
 0.00000e+00
 0.00000e+00
 0.00000e+00
 0.00000e+00
 9.69127e-16
 0.00000e+00
 2.26186e-31
 0.00000e+00
 0.00000e+00
 1.72538e-31
 2.24156e-31
 9.69127e-16
 9.69127e-16
 0.00000e+00
 0.00000e+00
 0.00000e+00
 0.00000e+00
 0.00000e+00
 0.00000e+00
 0.00000e+00
 0.00000e+00
 0.00000e+00
 0.00000e+00
 0.00000e+00
 0.00000e+00
 0.00000e+00
 0.00000e+00
 0.00000e+00
 0.00000e+00
 0.00000e+00
 0.00000e+00
 2.73466e-31
 0.00000e+00
 8.43728e-32
 8.40584e-32
 9.69127e-16
 1.93825e-15
 6.89579e-31
 0.00000e+00
 0.00000e+00
 0.00000e+00
 0.00000e+00
 0.00000e+00
 0.00000e+00
 0.00000e+00
 0.00000e+00
 0.00000e+00
 0.00000e+00
 0.00000e+00
 0.00000e+00
 0.00000e+00
 0.00000e+00
 0.00000e+00
 0.00000e+00
 9.69127e-16
 7.35103e-32
 9.69127e-16
 2.01594e-31
 1.93825e-15
 3.47117e-31
 1.93825e-15
 3.55481e-31
 0.00000e+00
 0.00000e+00
 0.00000e+00
 0.00000e+00
 0.00000e+00
 0.00000e+00
 0.00000e+00
 0.00000e+00
 0.00000e+00
 0.00000e+00
 0.00000e+00
 0.00000e+00
 0.00000e+00
 0.00000e+00
 0.00000e+00
 0.00000e+00
 0.00000e+00
 0.00000e+00
 0.00000e+00
 6.55451e-33
 2.92803e-31
 9.69127e-16
 4.45318e-31
 1.93825e-15
 0.00000e+00
 1.90468e-31
 0.00000e+00
 0.00000e+00
 0.00000e+00
 0.00000e+00
 0.00000e+00
 0.00000e+00
 0.00000e+00
 0.00000e+00
 0.00000e+00
 0.00000e+00
 0.00000e+00
 0.00000e+00
 0.00000e+00
 0.00000e+00
 0.00000e+00
 0.00000e+00
 2.15940e-31
 9.80386e-32
 9.69127e-16
 1.69595e-31
 3.12227e-31
 1.34808e-31
 9.69127e-16
 3.88561e-32
 1.93825e-15
 1.22172e-30
 0.00000e+00
 0.00000e+00
 0.00000e+00
 0.00000e+00
 0.00000e+00
 0.00000e+00
 0.00000e+00
 0.00000e+00
 0.00000e+00
 0.00000e+00
 0.00000e+00
 0.00000e+00
 0.00000e+00
 0.00000e+00
 0.00000e+00
 9.69127e-16
 9.69127e-16
 5.74765e-31
 9.69127e-16
 0.00000e+00
 0.00000e+00
 0.00000e+00
 6.41274e-31
 9.69127e-16
 0.00000e+00
 0.00000e+00
 0.00000e+00
 0.00000e+00
 0.00000e+00
 0.00000e+00
 0.00000e+00
 0.00000e+00
 0.00000e+00
 0.00000e+00
 0.00000e+00
 0.00000e+00
 0.00000e+00
 0.00000e+00
 0.00000e+00
 0.00000e+00
 0.00000e+00
 0.00000e+00
 1.93825e-15
 0.00000e+00
 9.69127e-16
 0.00000e+00
 0.00000e+00
 5.26076e-31
 1.24730e-31
 0.00000e+00
 0.00000e+00
 0.00000e+00
 0.00000e+00
 0.00000e+00
 0.00000e+00
 0.00000e+00
 0.00000e+00
 0.00000e+00
 0.00000e+00
 0.00000e+00
 0.00000e+00
 0.00000e+00
 0.00000e+00
 0.00000e+00
 0.00000e+00
 4.50192e-32
 0.00000e+00
 9.69127e-16
 1.73221e-31
 1.93825e-15
 1.60826e-31
 5.55364e-32
 9.69127e-16
 4.67870e-31
 0.00000e+00
 0.00000e+00
 0.00000e+00
 0.00000e+00
 0.00000e+00
 0.00000e+00
 0.00000e+00
 0.00000e+00
 0.00000e+00
 0.00000e+00
 0.00000e+00
 0.00000e+00
 0.00000e+00
 0.00000e+00
 0.00000e+00
 0.00000e+00
 0.00000e+00
 0.00000e+00
 0.00000e+00
 2.30502e-31
 1.93825e-15
 1.93825e-15
 3.71987e-31
 0.00000e+00
 0.00000e+00
 0.00000e+00
 0.00000e+00
 0.00000e+00
 0.00000e+00
 0.00000e+00
 0.00000e+00
 0.00000e+00
 0.00000e+00
 0.00000e+00
 0.00000e+00
 0.00000e+00
 0.00000e+00
 0.00000e+00
 0.00000e+00
 0.00000e+00
 0.00000e+00
 5.65785e-31
 6.38821e-31
 9.69127e-16
 2.54864e-31
 2.90738e-15
 9.69127e-16
 1.93825e-15
 9.41157e-31
 0.00000e+00
 0.00000e+00
 0.00000e+00
 0.00000e+00
 0.00000e+00
 0.00000e+00
 0.00000e+00
 0.00000e+00
 0.00000e+00
 0.00000e+00
 0.00000e+00
 0.00000e+00
 0.00000e+00
 0.00000e+00
 0.00000e+00
 0.00000e+00
 0.00000e+00
 1.93825e-15
 2.90738e-15
 1.40097e-31
 9.69127e-16
 9.69127e-16
 9.69127e-16
 8.72128e-32
 0.00000e+00
 1.54447e-31
 0.00000e+00
 0.00000e+00
 0.00000e+00
 0.00000e+00
 0.00000e+00
 0.00000e+00
 0.00000e+00
 0.00000e+00
 0.00000e+00
 0.00000e+00
 0.00000e+00
 0.00000e+00
 0.00000e+00
 0.00000e+00
 0.00000e+00
 0.00000e+00
 0.00000e+00
 7.84876e-31
 1.93825e-15
 3.83237e-31
 9.69127e-16
 1.47634e-31
 0.00000e+00
 0.00000e+00
 9.69127e-16
 3.96160e-31
 0.00000e+00
 0.00000e+00
 0.00000e+00
 0.00000e+00
 0.00000e+00
 0.00000e+00
 0.00000e+00
 0.00000e+00
 0.00000e+00
 0.00000e+00
 0.00000e+00
 0.00000e+00
 0.00000e+00
 0.00000e+00
 0.00000e+00
 0.00000e+00
 2.21539e-31
 9.69127e-16
 0.00000e+00
 2.16114e-31
 0.00000e+00
 1.00829e-31
 2.00740e-31
 0.00000e+00
 0.00000e+00
 0.00000e+00
 0.00000e+00
 0.00000e+00
 0.00000e+00
 0.00000e+00
 0.00000e+00
 0.00000e+00
 0.00000e+00
 0.00000e+00
 0.00000e+00
 0.00000e+00
 0.00000e+00
 0.00000e+00
 0.00000e+00
 0.00000e+00
 0.00000e+00
 0.00000e+00
 0.00000e+00
 0.00000e+00
 0.00000e+00
 4.64100e-31
 1.93825e-15
 0.00000e+00
 0.00000e+00
 0.00000e+00
 0.00000e+00
 0.00000e+00
 0.00000e+00
 0.00000e+00
 0.00000e+00
 0.00000e+00
 0.00000e+00
 0.00000e+00
 0.00000e+00
 0.00000e+00
 0.00000e+00
 0.00000e+00
 0.00000e+00
 0.00000e+00
 0.00000e+00
 0.00000e+00
 0.00000e+00
 1.31023e-31
 0.00000e+00
 0.00000e+00
 0.00000e+00
 0.00000e+00
 0.00000e+00
 0.00000e+00
 0.00000e+00
 0.00000e+00
 0.00000e+00
 0.00000e+00
 0.00000e+00
 0.00000e+00
 0.00000e+00
 0.00000e+00
 0.00000e+00
 0.00000e+00
 0.00000e+00
 0.00000e+00
 0.00000e+00
 0.00000e+00
 0.00000e+00
 0.00000e+00
 0.00000e+00
 7.53960e-31
 9.69127e-16
 0.00000e+00
 7.62406e-32
 1.12090e-31
 0.00000e+00
 0.00000e+00
 0.00000e+00
 0.00000e+00
 0.00000e+00
 0.00000e+00
 0.00000e+00
 0.00000e+00
 0.00000e+00
 0.00000e+00
 0.00000e+00
 0.00000e+00
 0.00000e+00
 0.00000e+00
 0.00000e+00
 0.00000e+00
 0.00000e+00
 0.00000e+00
 0.00000e+00
 9.69127e-16
 2.26644e-31
 9.69127e-16
 1.09650e-31
 0.00000e+00
 9.69127e-16
 5.09883e-32
 0.00000e+00
 0.00000e+00
 0.00000e+00
 0.00000e+00
 0.00000e+00
 0.00000e+00
 0.00000e+00
 0.00000e+00
 0.00000e+00
 0.00000e+00
 0.00000e+00
 0.00000e+00
 0.00000e+00
 0.00000e+00
 0.00000e+00
 0.00000e+00
 0.00000e+00
 0.00000e+00
 1.93825e-15
 6.06884e-31
 9.69127e-16
 3.64761e-31
 2.90738e-15
 1.70985e-30
 0.00000e+00
 0.00000e+00
 0.00000e+00
 0.00000e+00
 0.00000e+00
 0.00000e+00
 0.00000e+00
 0.00000e+00
 0.00000e+00
 0.00000e+00
 0.00000e+00
 0.00000e+00
 0.00000e+00
 0.00000e+00
 0.00000e+00
 0.00000e+00
 0.00000e+00
 0.00000e+00
 0.00000e+00
 9.69127e-16
 1.59468e-31
 0.00000e+00
 0.00000e+00
 7.36460e-32
 0.00000e+00
 1.92815e-31
 0.00000e+00
 0.00000e+00
 0.00000e+00
 0.00000e+00
 0.00000e+00
 0.00000e+00
 0.00000e+00
 0.00000e+00
 0.00000e+00
 0.00000e+00
 0.00000e+00
 0.00000e+00
 0.00000e+00
 0.00000e+00
 0.00000e+00
 0.00000e+00
 0.00000e+00
 0.00000e+00
 9.69127e-16
 9.69127e-16
 4.85559e-31
 0.00000e+00
 3.00521e-31
 0.00000e+00
 1.10557e-31
 0.00000e+00
 0.00000e+00
 0.00000e+00
 0.00000e+00
 0.00000e+00
 0.00000e+00
 0.00000e+00
 0.00000e+00
 0.00000e+00
 0.00000e+00
 0.00000e+00
 0.00000e+00
 0.00000e+00
 0.00000e+00
 0.00000e+00
 0.00000e+00
 0.00000e+00
 0.00000e+00
 9.69127e-16
 1.93825e-15
 9.69127e-16
 3.75354e-31
 2.90738e-15
 0.00000e+00
 9.69127e-16
 3.74612e-32
 0.00000e+00
 0.00000e+00
 0.00000e+00
 0.00000e+00
 0.00000e+00
 0.00000e+00
 0.00000e+00
 0.00000e+00
 0.00000e+00
 0.00000e+00
 0.00000e+00
 0.00000e+00
 0.00000e+00
 0.00000e+00
 0.00000e+00
 0.00000e+00
 0.00000e+00
part
         2
hexa8
 0.00000e+00
 0.00000e+00
 0.00000e+00
 0.00000e+00
 0.00000e+00
 0.00000e+00
 0.00000e+00
 0.00000e+00
 0.00000e+00
 0.00000e+00
 0.00000e+00
 0.00000e+00
 0.00000e+00
 0.00000e+00
 0.00000e+00
 0.00000e+00
 0.00000e+00
 0.00000e+00
 0.00000e+00
 0.00000e+00
 0.00000e+00
 0.00000e+00
 0.00000e+00
 0.00000e+00
 0.00000e+00
 0.00000e+00
 0.00000e+00
 0.00000e+00
 0.00000e+00
 0.00000e+00
 0.00000e+00
 0.00000e+00
 0.00000e+00
 0.00000e+00
 0.00000e+00
 0.00000e+00
 0.00000e+00
 0.00000e+00
 0.00000e+00
 0.00000e+00
 0.00000e+00
 0.00000e+00
 0.00000e+00
 0.00000e+00
 0.00000e+00
 0.00000e+00
 0.00000e+00
 0.00000e+00
 0.00000e+00
 0.00000e+00
 0.00000e+00
 0.00000e+00
 0.00000e+00
 0.00000e+00
 0.00000e+00
 0.00000e+00
 0.00000e+00
 0.00000e+00
 0.00000e+00
 0.00000e+00
 0.00000e+00
 0.00000e+00
 0.00000e+00
 0.00000e+00
 0.00000e+00
 0.00000e+00
 0.00000e+00
 0.00000e+00
 0.00000e+00
 0.00000e+00
 0.00000e+00
 0.00000e+00
 0.00000e+00
 0.00000e+00
 0.00000e+00
 0.00000e+00
 0.00000e+00
 0.00000e+00
 0.00000e+00
 0.00000e+00
 0.00000e+00
 0.00000e+00
 0.00000e+00
 0.00000e+00
 0.00000e+00
 0.00000e+00
 0.00000e+00
 0.00000e+00
 0.00000e+00
 0.00000e+00
 0.00000e+00
 0.00000e+00
 0.00000e+00
 0.00000e+00
 0.00000e+00
 0.00000e+00
 0.00000e+00
 0.00000e+00
 0.00000e+00
 0.00000e+00
 0.00000e+00
 0.00000e+00
 0.00000e+00
 0.00000e+00
 0.00000e+00
 0.00000e+00
 0.00000e+00
 0.00000e+00
 0.00000e+00
 0.00000e+00
 0.00000e+00
 0.00000e+00
 0.00000e+00
 0.00000e+00
 0.00000e+00
 0.00000e+00
 0.00000e+00
 0.00000e+00
 0.00000e+00
 0.00000e+00
 0.00000e+00
 0.00000e+00
 0.00000e+00
 0.00000e+00
 0.00000e+00
 0.00000e+00
 0.00000e+00
 0.00000e+00
 0.00000e+00
 0.00000e+00
 0.00000e+00
 0.00000e+00
 0.00000e+00
 0.00000e+00
 0.00000e+00
 0.00000e+00
 0.00000e+00
 0.00000e+00
 0.00000e+00
 0.00000e+00
 0.00000e+00
 0.00000e+00
 0.00000e+00
 0.00000e+00
 0.00000e+00
 0.00000e+00
 0.00000e+00
 0.00000e+00
 0.00000e+00
 0.00000e+00
 0.00000e+00
 0.00000e+00
 0.00000e+00
 0.00000e+00
 0.00000e+00
 0.00000e+00
 0.00000e+00
 0.00000e+00
 0.00000e+00
 0.00000e+00
 0.00000e+00
 0.00000e+00
 0.00000e+00
 0.00000e+00
 0.00000e+00
 0.00000e+00
 0.00000e+00
 0.00000e+00
 0.00000e+00
 0.00000e+00
 0.00000e+00
 0.00000e+00
 0.00000e+00
 0.00000e+00
 0.00000e+00
 0.00000e+00
 0.00000e+00
 0.00000e+00
 0.00000e+00
 0.00000e+00
 0.00000e+00
 0.00000e+00
 0.00000e+00
 0.00000e+00
 0.00000e+00
 0.00000e+00
 0.00000e+00
 0.00000e+00
 0.00000e+00
 0.00000e+00
 0.00000e+00
 0.00000e+00
 0.00000e+00
 0.00000e+00
 0.00000e+00
 0.00000e+00
 0.00000e+00
 0.00000e+00
 0.00000e+00
 0.00000e+00
 0.00000e+00
 0.00000e+00
 0.00000e+00
 0.00000e+00
 0.00000e+00
 0.00000e+00
 0.00000e+00
 0.00000e+00
 0.00000e+00
 0.00000e+00
 0.00000e+00
 0.00000e+00
 0.00000e+00
 0.00000e+00
 0.00000e+00
 0.00000e+00
 0.00000e+00
 0.00000e+00
 0.00000e+00
 0.00000e+00
 0.00000e+00
 0.00000e+00
 0.00000e+00
 0.00000e+00
 0.00000e+00
 0.00000e+00
 0.00000e+00
 0.00000e+00
 0.00000e+00
 0.00000e+00
 0.00000e+00
 0.00000e+00
 0.00000e+00
 0.00000e+00
 0.00000e+00
 0.00000e+00
 0.00000e+00
 0.00000e+00
 0.00000e+00
 0.00000e+00
 0.00000e+00
 0.00000e+00
 0.00000e+00
 0.00000e+00
 0.00000e+00
 0.00000e+00
 0.00000e+00
 0.00000e+00
 0.00000e+00
 0.00000e+00
 0.00000e+00
 0.00000e+00
 0.00000e+00
 0.00000e+00
 0.00000e+00
 0.00000e+00
 0.00000e+00
 0.00000e+00
 0.00000e+00
 0.00000e+00
 0.00000e+00
 0.00000e+00
 0.00000e+00
 0.00000e+00
 0.00000e+00
 0.00000e+00
 0.00000e+00
 0.00000e+00
 0.00000e+00
 0.00000e+00
 0.00000e+00
 0.00000e+00
 0.00000e+00
 0.00000e+00
 0.00000e+00
 0.00000e+00
 0.00000e+00
 0.00000e+00
 0.00000e+00
 0.00000e+00
 0.00000e+00
 0.00000e+00
 0.00000e+00
 0.00000e+00
 0.00000e+00
 0.00000e+00
 0.00000e+00
 0.00000e+00
 0.00000e+00
 0.00000e+00
 0.00000e+00
 0.00000e+00
 0.00000e+00
 0.00000e+00
 0.00000e+00
 0.00000e+00
 0.00000e+00
 0.00000e+00
 0.00000e+00
 0.00000e+00
 0.00000e+00
 0.00000e+00
 0.00000e+00
 0.00000e+00
 0.00000e+00
 0.00000e+00
 0.00000e+00
 0.00000e+00
 0.00000e+00
 0.00000e+00
 0.00000e+00
 0.00000e+00
 0.00000e+00
 0.00000e+00
 0.00000e+00
 0.00000e+00
 0.00000e+00
 0.00000e+00
 0.00000e+00
 0.00000e+00
 0.00000e+00
 0.00000e+00
 0.00000e+00
 0.00000e+00
 0.00000e+00
 0.00000e+00
 0.00000e+00
 0.00000e+00
 0.00000e+00
 0.00000e+00
 0.00000e+00
 0.00000e+00
 0.00000e+00
 0.00000e+00
 0.00000e+00
 0.00000e+00
 0.00000e+00
 0.00000e+00
 0.00000e+00
 0.00000e+00
 0.00000e+00
 0.00000e+00
 0.00000e+00
 0.00000e+00
 0.00000e+00
 0.00000e+00
 0.00000e+00
 0.00000e+00
 0.00000e+00
 0.00000e+00
 0.00000e+00
 0.00000e+00
 0.00000e+00
 0.00000e+00
 0.00000e+00
 0.00000e+00
 0.00000e+00
 0.00000e+00
 0.00000e+00
 0.00000e+00
 0.00000e+00
 0.00000e+00
 0.00000e+00
 0.00000e+00
 0.00000e+00
 0.00000e+00
 0.00000e+00
 0.00000e+00
 0.00000e+00
 0.00000e+00
 0.00000e+00
 0.00000e+00
 0.00000e+00
 0.00000e+00
 0.00000e+00
 0.00000e+00
 0.00000e+00
 0.00000e+00
 0.00000e+00
 0.00000e+00
 0.00000e+00
 0.00000e+00
 0.00000e+00
 0.00000e+00
 0.00000e+00
 0.00000e+00
 0.00000e+00
 0.00000e+00
 0.00000e+00
 0.00000e+00
 0.00000e+00
 0.00000e+00
 0.00000e+00
 0.00000e+00
 0.00000e+00
 0.00000e+00
 0.00000e+00
 0.00000e+00
 0.00000e+00
 0.00000e+00
 0.00000e+00
 0.00000e+00
 0.00000e+00
 0.00000e+00
 0.00000e+00
 0.00000e+00
 0.00000e+00
 0.00000e+00
 0.00000e+00
 0.00000e+00
 0.00000e+00
 0.00000e+00
 0.00000e+00
 0.00000e+00
 0.00000e+00
 0.00000e+00
 0.00000e+00
 0.00000e+00
 0.00000e+00
 0.00000e+00
 0.00000e+00
 0.00000e+00
 0.00000e+00
 0.00000e+00
 0.00000e+00
 0.00000e+00
 0.00000e+00
 0.00000e+00
 0.00000e+00
 0.00000e+00
 0.00000e+00
 0.00000e+00
 0.00000e+00
 0.00000e+00
 0.00000e+00
 0.00000e+00
 0.00000e+00
 0.00000e+00
 0.00000e+00
 0.00000e+00
 0.00000e+00
 0.00000e+00
 0.00000e+00
 0.00000e+00
 0.00000e+00
 0.00000e+00
 0.00000e+00
 0.00000e+00
 0.00000e+00
 0.00000e+00
 0.00000e+00
 0.00000e+00
 0.00000e+00
 0.00000e+00
 0.00000e+00
 0.00000e+00
 0.00000e+00
 0.00000e+00
 0.00000e+00
 0.00000e+00
 0.00000e+00
 0.00000e+00
 0.00000e+00
 0.00000e+00
 0.00000e+00
 0.00000e+00
 0.00000e+00
 0.00000e+00
 0.00000e+00
 0.00000e+00
 0.00000e+00
 0.00000e+00
 0.00000e+00
 0.00000e+00
 0.00000e+00
 0.00000e+00
 0.00000e+00
 0.00000e+00
 0.00000e+00
 0.00000e+00
 0.00000e+00
 0.00000e+00
 0.00000e+00
 0.00000e+00
 0.00000e+00
 0.00000e+00
 0.00000e+00
 0.00000e+00
 0.00000e+00
 0.00000e+00
 0.00000e+00
 0.00000e+00
 0.00000e+00
 0.00000e+00
 0.00000e+00
 0.00000e+00
 0.00000e+00
 0.00000e+00
 0.00000e+00
 0.00000e+00
 0.00000e+00
 0.00000e+00
 0.00000e+00
 0.00000e+00
 0.00000e+00
 0.00000e+00
 0.00000e+00
 0.00000e+00
 0.00000e+00
 0.00000e+00
 0.00000e+00
 0.00000e+00
 0.00000e+00
 0.00000e+00
 0.00000e+00
 0.00000e+00
 0.00000e+00
 0.00000e+00
 0.00000e+00
 0.00000e+00
 0.00000e+00
 0.00000e+00
 0.00000e+00
 0.00000e+00
 0.00000e+00
 0.00000e+00
 0.00000e+00
 0.00000e+00
 0.00000e+00
 0.00000e+00
 0.00000e+00
 0.00000e+00
 0.00000e+00
 0.00000e+00
 0.00000e+00
 0.00000e+00
 0.00000e+00
 0.00000e+00
 0.00000e+00
 0.00000e+00
 0.00000e+00
 0.00000e+00
 0.00000e+00
 0.00000e+00
 0.00000e+00
 0.00000e+00
 0.00000e+00
 0.00000e+00
 0.00000e+00
 0.00000e+00
 0.00000e+00
 0.00000e+00
 0.00000e+00
 0.00000e+00
 0.00000e+00
 0.00000e+00
 0.00000e+00
 0.00000e+00
 0.00000e+00
 0.00000e+00
 0.00000e+00
 0.00000e+00
 0.00000e+00
 0.00000e+00
 0.00000e+00
 0.00000e+00
 0.00000e+00
 0.00000e+00
 0.00000e+00
 0.00000e+00
 0.00000e+00
 0.00000e+00
 0.00000e+00
 0.00000e+00
 0.00000e+00
 0.00000e+00
 0.00000e+00
 0.00000e+00
 0.00000e+00
 0.00000e+00
 0.00000e+00
 0.00000e+00
 0.00000e+00
 0.00000e+00
 0.00000e+00
 0.00000e+00
 0.00000e+00
 0.00000e+00
 0.00000e+00
 0.00000e+00
 0.00000e+00
 0.00000e+00
 0.00000e+00
 0.00000e+00
 0.00000e+00
 0.00000e+00
 0.00000e+00
 0.00000e+00
 0.00000e+00
 0.00000e+00
 0.00000e+00
 0.00000e+00
 0.00000e+00
 0.00000e+00
 0.00000e+00
 0.00000e+00
 0.00000e+00
 0.00000e+00
 0.00000e+00
 0.00000e+00
 0.00000e+00
 0.00000e+00
 0.00000e+00
 0.00000e+00
 0.00000e+00
 0.00000e+00
 0.00000e+00
 0.00000e+00
 0.00000e+00
 0.00000e+00
 0.00000e+00
 0.00000e+00
 0.00000e+00
 0.00000e+00
 0.00000e+00
part
         3
hexa8
 0.00000e+00
 0.00000e+00
 0.00000e+00
 0.00000e+00
 0.00000e+00
 2.44083e-04
 6.40949e-04
 8.20410e-04
 8.58213e-04
 8.21960e-04
 7.14539e-04
 5.72304e-04
 4.24040e-04
 2.92334e-04
 1.87758e-04
 1.16931e-04
 8.95873e-05
 2.00675e-05
 2.46517e-05
 6.63523e-06
 1.27369e-05
 1.11272e-05
 3.73072e-06
 4.50329e-13
 1.04389e-07
 0.00000e+00
 0.00000e+00
 0.00000e+00
 0.00000e+00
 0.00000e+00
 2.44083e-04
 6.40949e-04
 8.20410e-04
 8.58213e-04
 8.21960e-04
 7.14539e-04
 5.72304e-04
 4.24040e-04
 2.92334e-04
 1.87758e-04
 1.16931e-04
 8.95873e-05
 2.00675e-05
 2.46517e-05
 6.63523e-06
 1.27369e-05
 1.11272e-05
 3.73072e-06
 4.50329e-13
 1.04389e-07
 0.00000e+00
 0.00000e+00
 0.00000e+00
 0.00000e+00
 0.00000e+00
 2.44083e-04
 6.40949e-04
 8.20410e-04
 8.58213e-04
 8.21960e-04
 7.14539e-04
 5.72304e-04
 4.24040e-04
 2.92334e-04
 1.87758e-04
 1.16931e-04
 8.95873e-05
 2.00675e-05
 2.46517e-05
 6.63523e-06
 1.27369e-05
 1.11272e-05
 3.73072e-06
 4.50329e-13
 1.04389e-07
 0.00000e+00
 0.00000e+00
 0.00000e+00
 0.00000e+00
 0.00000e+00
 2.44083e-04
 6.40949e-04
 8.20410e-04
 8.58213e-04
 8.21960e-04
 7.14539e-04
 5.72304e-04
 4.24040e-04
 2.92334e-04
 1.87758e-04
 1.16931e-04
 8.95873e-05
 2.00675e-05
 2.46517e-05
 6.63523e-06
 1.27369e-05
 1.11272e-05
 3.73072e-06
 4.50329e-13
 1.04389e-07
 0.00000e+00
 0.00000e+00
 0.00000e+00
 0.00000e+00
 0.00000e+00
 2.44083e-04
 6.40949e-04
 8.20410e-04
 8.58213e-04
 8.21960e-04
 7.14539e-04
 5.72304e-04
 4.24040e-04
 2.92334e-04
 1.87758e-04
 1.16931e-04
 8.95873e-05
 2.00675e-05
 2.46517e-05
 6.63523e-06
 1.27369e-05
 1.11272e-05
 3.73072e-06
 4.50329e-13
 1.04389e-07
 0.00000e+00
 0.00000e+00
 0.00000e+00
 0.00000e+00
 0.00000e+00
 2.44083e-04
 6.40949e-04
 8.20410e-04
 8.58213e-04
 8.21960e-04
 7.14539e-04
 5.72304e-04
 4.24040e-04
 2.92334e-04
 1.87758e-04
 1.16931e-04
 8.95873e-05
 2.00675e-05
 2.46517e-05
 6.63523e-06
 1.27369e-05
 1.11272e-05
 3.73072e-06
 4.50329e-13
 1.04389e-07
 0.00000e+00
 0.00000e+00
 0.00000e+00
 0.00000e+00
 0.00000e+00
 2.44083e-04
 6.40949e-04
 8.20410e-04
 8.58213e-04
 8.21960e-04
 7.14539e-04
 5.72304e-04
 4.24040e-04
 2.92334e-04
 1.87758e-04
 1.16931e-04
 8.95873e-05
 2.00675e-05
 2.46517e-05
 6.63523e-06
 1.27369e-05
 1.11272e-05
 3.73072e-06
 4.50329e-13
 1.04389e-07
 0.00000e+00
 0.00000e+00
 0.00000e+00
 0.00000e+00
 0.00000e+00
 2.44083e-04
 6.40949e-04
 8.20410e-04
 8.58213e-04
 8.21960e-04
 7.14539e-04
 5.72304e-04
 4.24040e-04
 2.92334e-04
 1.87758e-04
 1.16931e-04
 8.95873e-05
 2.00675e-05
 2.46517e-05
 6.63523e-06
 1.27369e-05
 1.11272e-05
 3.73072e-06
 4.50329e-13
 1.04389e-07
 0.00000e+00
 0.00000e+00
 0.00000e+00
 0.00000e+00
 0.00000e+00
 2.44083e-04
 6.40949e-04
 8.20410e-04
 8.58213e-04
 8.21960e-04
 7.14539e-04
 5.72304e-04
 4.24040e-04
 2.92334e-04
 1.87758e-04
 1.16931e-04
 8.95873e-05
 2.00675e-05
 2.46517e-05
 6.63523e-06
 1.27369e-05
 1.11272e-05
 3.73072e-06
 4.50329e-13
 1.04389e-07
 0.00000e+00
 0.00000e+00
 0.00000e+00
 0.00000e+00
 0.00000e+00
 2.44083e-04
 6.40949e-04
 8.20410e-04
 8.58213e-04
 8.21960e-04
 7.14539e-04
 5.72304e-04
 4.24040e-04
 2.92334e-04
 1.87758e-04
 1.16931e-04
 8.95873e-05
 2.00675e-05
 2.46517e-05
 6.63523e-06
 1.27369e-05
 1.11272e-05
 3.73072e-06
 4.50329e-13
 1.04389e-07
 0.00000e+00
 0.00000e+00
 0.00000e+00
 0.00000e+00
 0.00000e+00
 2.44083e-04
 6.40949e-04
 8.20410e-04
 8.58213e-04
 8.21960e-04
 7.14539e-04
 5.72304e-04
 4.24040e-04
 2.92334e-04
 1.87758e-04
 1.16931e-04
 8.95873e-05
 2.00675e-05
 2.46517e-05
 6.63523e-06
 1.27369e-05
 1.11272e-05
 3.73072e-06
 4.50329e-13
 1.04389e-07
 0.00000e+00
 0.00000e+00
 0.00000e+00
 0.00000e+00
 0.00000e+00
 2.44083e-04
 6.40949e-04
 8.20410e-04
 8.58213e-04
 8.21960e-04
 7.14539e-04
 5.72304e-04
 4.24040e-04
 2.92334e-04
 1.87758e-04
 1.16931e-04
 8.95873e-05
 2.00675e-05
 2.46517e-05
 6.63523e-06
 1.27369e-05
 1.11272e-05
 3.73072e-06
 4.50329e-13
 1.04389e-07
 0.00000e+00
 0.00000e+00
 0.00000e+00
 0.00000e+00
 0.00000e+00
 2.44083e-04
 6.40949e-04
 8.20410e-04
 8.58213e-04
 8.21960e-04
 7.14539e-04
 5.72304e-04
 4.24040e-04
 2.92334e-04
 1.87758e-04
 1.16931e-04
 8.95873e-05
 2.00675e-05
 2.46517e-05
 6.63523e-06
 1.27369e-05
 1.11272e-05
 3.73072e-06
 4.50329e-13
 1.04389e-07
 0.00000e+00
 0.00000e+00
 0.00000e+00
 0.00000e+00
 0.00000e+00
 2.44083e-04
 6.40949e-04
 8.20410e-04
 8.58213e-04
 8.21960e-04
 7.14539e-04
 5.72304e-04
 4.24040e-04
 2.92334e-04
 1.87758e-04
 1.16931e-04
 8.95873e-05
 2.00675e-05
 2.46517e-05
 6.63523e-06
 1.27369e-05
 1.11272e-05
 3.73072e-06
 4.50329e-13
 1.04389e-07
 0.00000e+00
 0.00000e+00
 0.00000e+00
 0.00000e+00
 0.00000e+00
 2.44083e-04
 6.40949e-04
 8.20410e-04
 8.58213e-04
 8.21960e-04
 7.14539e-04
 5.72304e-04
 4.24040e-04
 2.92334e-04
 1.87758e-04
 1.16931e-04
 8.95873e-05
 2.00675e-05
 2.46517e-05
 6.63523e-06
 1.27369e-05
 1.11272e-05
 3.73072e-06
 4.50329e-13
 1.04389e-07
 0.00000e+00
 0.00000e+00
 0.00000e+00
 0.00000e+00
 0.00000e+00
 2.44083e-04
 6.40949e-04
 8.20410e-04
 8.58213e-04
 8.21960e-04
 7.14539e-04
 5.72304e-04
 4.24040e-04
 2.92334e-04
 1.87758e-04
 1.16931e-04
 8.95873e-05
 2.00675e-05
 2.46517e-05
 6.63523e-06
 1.27369e-05
 1.11272e-05
 3.73072e-06
 4.50329e-13
 1.04389e-07
 0.00000e+00
 0.00000e+00
 0.00000e+00
 0.00000e+00
 0.00000e+00
 2.44083e-04
 6.40949e-04
 8.20410e-04
 8.58213e-04
 8.21960e-04
 7.14539e-04
 5.72304e-04
 4.24040e-04
 2.92334e-04
 1.87758e-04
 1.16931e-04
 8.95873e-05
 2.00675e-05
 2.46517e-05
 6.63523e-06
 1.27369e-05
 1.11272e-05
 3.73072e-06
 4.50329e-13
 1.04389e-07
 0.00000e+00
 0.00000e+00
 0.00000e+00
 0.00000e+00
 0.00000e+00
 2.44083e-04
 6.40949e-04
 8.20410e-04
 8.58213e-04
 8.21960e-04
 7.14539e-04
 5.72304e-04
 4.24040e-04
 2.92334e-04
 1.87758e-04
 1.16931e-04
 8.95873e-05
 2.00675e-05
 2.46517e-05
 6.63523e-06
 1.27369e-05
 1.11272e-05
 3.73072e-06
 4.50329e-13
 1.04389e-07
 0.00000e+00
 0.00000e+00
 0.00000e+00
 0.00000e+00
 0.00000e+00
 2.44083e-04
 6.40949e-04
 8.20410e-04
 8.58213e-04
 8.21960e-04
 7.14539e-04
 5.72304e-04
 4.24040e-04
 2.92334e-04
 1.87758e-04
 1.16931e-04
 8.95873e-05
 2.00675e-05
 2.46517e-05
 6.63523e-06
 1.27369e-05
 1.11272e-05
 3.73072e-06
 4.50329e-13
 1.04389e-07
 0.00000e+00
 0.00000e+00
 0.00000e+00
 0.00000e+00
 0.00000e+00
 2.44083e-04
 6.40949e-04
 8.20410e-04
 8.58213e-04
 8.21960e-04
 7.14539e-04
 5.72304e-04
 4.24040e-04
 2.92334e-04
 1.87758e-04
 1.16931e-04
 8.95873e-05
 2.00675e-05
 2.46517e-05
 6.63523e-06
 1.27369e-05
 1.11272e-05
 3.73072e-06
 4.50329e-13
 1.04389e-07
 0.00000e+00
 0.00000e+00
 0.00000e+00
 0.00000e+00
 0.00000e+00
 2.44083e-04
 6.40949e-04
 8.20410e-04
 8.58213e-04
 8.21960e-04
 7.14539e-04
 5.72304e-04
 4.24040e-04
 2.92334e-04
 1.87758e-04
 1.16931e-04
 8.95873e-05
 2.00675e-05
 2.46517e-05
 6.63523e-06
 1.27369e-05
 1.11272e-05
 3.73072e-06
 4.50329e-13
 1.04389e-07
 0.00000e+00
 0.00000e+00
 0.00000e+00
 0.00000e+00
 0.00000e+00
 2.44083e-04
 6.40949e-04
 8.20410e-04
 8.58213e-04
 8.21960e-04
 7.14539e-04
 5.72304e-04
 4.24040e-04
 2.92334e-04
 1.87758e-04
 1.16931e-04
 8.95873e-05
 2.00675e-05
 2.46517e-05
 6.63523e-06
 1.27369e-05
 1.11272e-05
 3.73072e-06
 4.50329e-13
 1.04389e-07
 0.00000e+00
 0.00000e+00
 0.00000e+00
 0.00000e+00
 0.00000e+00
 2.44083e-04
 6.40949e-04
 8.20410e-04
 8.58213e-04
 8.21960e-04
 7.14539e-04
 5.72304e-04
 4.24040e-04
 2.92334e-04
 1.87758e-04
 1.16931e-04
 8.95873e-05
 2.00675e-05
 2.46517e-05
 6.63523e-06
 1.27369e-05
 1.11272e-05
 3.73072e-06
 4.50329e-13
 1.04389e-07
 0.00000e+00
 0.00000e+00
 0.00000e+00
 0.00000e+00
 0.00000e+00
 2.44083e-04
 6.40949e-04
 8.20410e-04
 8.58213e-04
 8.21960e-04
 7.14539e-04
 5.72304e-04
 4.24040e-04
 2.92334e-04
 1.87758e-04
 1.16931e-04
 8.95873e-05
 2.00675e-05
 2.46517e-05
 6.63523e-06
 1.27369e-05
 1.11272e-05
 3.73072e-06
 4.50329e-13
 1.04389e-07
 0.00000e+00
 0.00000e+00
 0.00000e+00
 0.00000e+00
 0.00000e+00
 2.44083e-04
 6.40949e-04
 8.20410e-04
 8.58213e-04
 8.21960e-04
 7.14539e-04
 5.72304e-04
 4.24040e-04
 2.92334e-04
 1.87758e-04
 1.16931e-04
 8.95873e-05
 2.00675e-05
 2.46517e-05
 6.63523e-06
 1.27369e-05
 1.11272e-05
 3.73072e-06
 4.50329e-13
 1.04389e-07
part
         4
hexa8
 1.54227e-05
 6.93937e-05
 2.28524e-04
 6.20948e-04
 1.55767e-03
 3.58604e-03
 7.71838e-03
 1.46289e-02
 2.43225e-02
 3.39453e-02
 4.01731e-02
 3.65115e-02
 2.57864e-02
 1.25625e-02
 4.15402e-03
 1.10670e-03
 2.74284e-04
 6.60629e-05
 1.56484e-05
 3.65291e-06
 8.39857e-07
 1.89962e-07
 4.22310e-08
 9.29050e-09
 2.38002e-09
 1.54227e-05
 6.93937e-05
 2.28524e-04
 6.20948e-04
 1.55767e-03
 3.58604e-03
 7.71838e-03
 1.46289e-02
 2.43225e-02
 3.39453e-02
 4.01731e-02
 3.65115e-02
 2.57864e-02
 1.25625e-02
 4.15402e-03
 1.10670e-03
 2.74284e-04
 6.60629e-05
 1.56484e-05
 3.65291e-06
 8.39857e-07
 1.89962e-07
 4.22310e-08
 9.29049e-09
 2.38002e-09
 1.54227e-05
 6.93937e-05
 2.28524e-04
 6.20948e-04
 1.55767e-03
 3.58604e-03
 7.71838e-03
 1.46289e-02
 2.43225e-02
 3.39453e-02
 4.01731e-02
 3.65115e-02
 2.57864e-02
 1.25625e-02
 4.15402e-03
 1.10670e-03
 2.74284e-04
 6.60629e-05
 1.56484e-05
 3.65291e-06
 8.39857e-07
 1.89962e-07
 4.22310e-08
 9.29050e-09
 2.38002e-09
 1.54227e-05
 6.93937e-05
 2.28524e-04
 6.20948e-04
 1.55767e-03
 3.58604e-03
 7.71838e-03
 1.46289e-02
 2.43225e-02
 3.39453e-02
 4.01731e-02
 3.65115e-02
 2.57864e-02
 1.25625e-02
 4.15402e-03
 1.10670e-03
 2.74284e-04
 6.60629e-05
 1.56484e-05
 3.65291e-06
 8.39857e-07
 1.89962e-07
 4.22310e-08
 9.29050e-09
 2.38002e-09
 1.54227e-05
 6.93937e-05
 2.28524e-04
 6.20948e-04
 1.55767e-03
 3.58604e-03
 7.71838e-03
 1.46289e-02
 2.43225e-02
 3.39453e-02
 4.01731e-02
 3.65115e-02
 2.57864e-02
 1.25625e-02
 4.15402e-03
 1.10670e-03
 2.74284e-04
 6.60629e-05
 1.56484e-05
 3.65291e-06
 8.39857e-07
 1.89962e-07
 4.22310e-08
 9.29050e-09
 2.38002e-09
 1.54227e-05
 6.93937e-05
 2.28524e-04
 6.20948e-04
 1.55767e-03
 3.58604e-03
 7.71838e-03
 1.46289e-02
 2.43225e-02
 3.39453e-02
 4.01731e-02
 3.65115e-02
 2.57864e-02
 1.25625e-02
 4.15402e-03
 1.10670e-03
 2.74284e-04
 6.60629e-05
 1.56484e-05
 3.65291e-06
 8.39857e-07
 1.89962e-07
 4.22310e-08
 9.29049e-09
 2.38002e-09
 1.54227e-05
 6.93937e-05
 2.28524e-04
 6.20948e-04
 1.55767e-03
 3.58604e-03
 7.71838e-03
 1.46289e-02
 2.43225e-02
 3.39453e-02
 4.01731e-02
 3.65115e-02
 2.57864e-02
 1.25625e-02
 4.15402e-03
 1.10670e-03
 2.74284e-04
 6.60629e-05
 1.56484e-05
 3.65291e-06
 8.39857e-07
 1.89962e-07
 4.22310e-08
 9.29049e-09
 2.38002e-09
 1.54227e-05
 6.93937e-05
 2.28524e-04
 6.20948e-04
 1.55767e-03
 3.58604e-03
 7.71838e-03
 1.46289e-02
 2.43225e-02
 3.39453e-02
 4.01731e-02
 3.65115e-02
 2.57864e-02
 1.25625e-02
 4.15402e-03
 1.10670e-03
 2.74284e-04
 6.60629e-05
 1.56484e-05
 3.65291e-06
 8.39857e-07
 1.89962e-07
 4.22310e-08
 9.29050e-09
 2.38002e-09
 1.54227e-05
 6.93937e-05
 2.28524e-04
 6.20948e-04
 1.55767e-03
 3.58604e-03
 7.71838e-03
 1.46289e-02
 2.43225e-02
 3.39453e-02
 4.01731e-02
 3.65115e-02
 2.57864e-02
 1.25625e-02
 4.15402e-03
 1.10670e-03
 2.74284e-04
 6.60629e-05
 1.56484e-05
 3.65291e-06
 8.39857e-07
 1.89962e-07
 4.22310e-08
 9.29050e-09
 2.38002e-09
 1.54227e-05
 6.93937e-05
 2.28524e-04
 6.20948e-04
 1.55767e-03
 3.58604e-03
 7.71838e-03
 1.46289e-02
 2.43225e-02
 3.39453e-02
 4.01731e-02
 3.65115e-02
 2.57864e-02
 1.25625e-02
 4.15402e-03
 1.10670e-03
 2.74284e-04
 6.60629e-05
 1.56484e-05
 3.65291e-06
 8.39857e-07
 1.89962e-07
 4.22310e-08
 9.29050e-09
 2.38002e-09
 1.54227e-05
 6.93937e-05
 2.28524e-04
 6.20948e-04
 1.55767e-03
 3.58604e-03
 7.71838e-03
 1.46289e-02
 2.43225e-02
 3.39453e-02
 4.01731e-02
 3.65115e-02
 2.57864e-02
 1.25625e-02
 4.15402e-03
 1.10670e-03
 2.74284e-04
 6.60629e-05
 1.56484e-05
 3.65291e-06
 8.39857e-07
 1.89962e-07
 4.22310e-08
 9.29050e-09
 2.38002e-09
 1.54227e-05
 6.93937e-05
 2.28524e-04
 6.20948e-04
 1.55767e-03
 3.58604e-03
 7.71838e-03
 1.46289e-02
 2.43225e-02
 3.39453e-02
 4.01731e-02
 3.65115e-02
 2.57864e-02
 1.25625e-02
 4.15402e-03
 1.10670e-03
 2.74284e-04
 6.60629e-05
 1.56484e-05
 3.65291e-06
 8.39857e-07
 1.89962e-07
 4.22310e-08
 9.29050e-09
 2.38002e-09
 1.54227e-05
 6.93937e-05
 2.28524e-04
 6.20948e-04
 1.55767e-03
 3.58604e-03
 7.71838e-03
 1.46289e-02
 2.43225e-02
 3.39453e-02
 4.01731e-02
 3.65115e-02
 2.57864e-02
 1.25625e-02
 4.15402e-03
 1.10670e-03
 2.74284e-04
 6.60629e-05
 1.56484e-05
 3.65291e-06
 8.39857e-07
 1.89962e-07
 4.22310e-08
 9.29050e-09
 2.38002e-09
 1.54227e-05
 6.93937e-05
 2.28524e-04
 6.20948e-04
 1.55767e-03
 3.58604e-03
 7.71838e-03
 1.46289e-02
 2.43225e-02
 3.39453e-02
 4.01731e-02
 3.65115e-02
 2.57864e-02
 1.25625e-02
 4.15402e-03
 1.10670e-03
 2.74284e-04
 6.60629e-05
 1.56484e-05
 3.65291e-06
 8.39857e-07
 1.89962e-07
 4.22310e-08
 9.29050e-09
 2.38002e-09
 1.54227e-05
 6.93937e-05
 2.28524e-04
 6.20948e-04
 1.55767e-03
 3.58604e-03
 7.71838e-03
 1.46289e-02
 2.43225e-02
 3.39453e-02
 4.01731e-02
 3.65115e-02
 2.57864e-02
 1.25625e-02
 4.15402e-03
 1.10670e-03
 2.74284e-04
 6.60629e-05
 1.56484e-05
 3.65291e-06
 8.39857e-07
 1.89962e-07
 4.22310e-08
 9.29050e-09
 2.38002e-09
 1.54227e-05
 6.93937e-05
 2.28524e-04
 6.20948e-04
 1.55767e-03
 3.58604e-03
 7.71838e-03
 1.46289e-02
 2.43225e-02
 3.39453e-02
 4.01731e-02
 3.65115e-02
 2.57864e-02
 1.25625e-02
 4.15402e-03
 1.10670e-03
 2.74284e-04
 6.60629e-05
 1.56484e-05
 3.65291e-06
 8.39857e-07
 1.89962e-07
 4.22310e-08
 9.29049e-09
 2.38002e-09
 1.54227e-05
 6.93937e-05
 2.28524e-04
 6.20948e-04
 1.55767e-03
 3.58604e-03
 7.71838e-03
 1.46289e-02
 2.43225e-02
 3.39453e-02
 4.01731e-02
 3.65115e-02
 2.57864e-02
 1.25625e-02
 4.15402e-03
 1.10670e-03
 2.74284e-04
 6.60629e-05
 1.56484e-05
 3.65291e-06
 8.39857e-07
 1.89962e-07
 4.22310e-08
 9.29050e-09
 2.38002e-09
 1.54227e-05
 6.93937e-05
 2.28524e-04
 6.20948e-04
 1.55767e-03
 3.58604e-03
 7.71838e-03
 1.46289e-02
 2.43225e-02
 3.39453e-02
 4.01731e-02
 3.65115e-02
 2.57864e-02
 1.25625e-02
 4.15402e-03
 1.10670e-03
 2.74284e-04
 6.60629e-05
 1.56484e-05
 3.65291e-06
 8.39857e-07
 1.89962e-07
 4.22310e-08
 9.29050e-09
 2.38002e-09
 1.54227e-05
 6.93937e-05
 2.28524e-04
 6.20948e-04
 1.55767e-03
 3.58604e-03
 7.71838e-03
 1.46289e-02
 2.43225e-02
 3.39453e-02
 4.01731e-02
 3.65115e-02
 2.57864e-02
 1.25625e-02
 4.15402e-03
 1.10670e-03
 2.74284e-04
 6.60629e-05
 1.56484e-05
 3.65291e-06
 8.39857e-07
 1.89962e-07
 4.22310e-08
 9.29050e-09
 2.38002e-09
 1.54227e-05
 6.93937e-05
 2.28524e-04
 6.20948e-04
 1.55767e-03
 3.58604e-03
 7.71838e-03
 1.46289e-02
 2.43225e-02
 3.39453e-02
 4.01731e-02
 3.65115e-02
 2.57864e-02
 1.25625e-02
 4.15402e-03
 1.10670e-03
 2.74284e-04
 6.60629e-05
 1.56484e-05
 3.65291e-06
 8.39857e-07
 1.89962e-07
 4.22310e-08
 9.29050e-09
 2.38002e-09
 1.54227e-05
 6.93937e-05
 2.28524e-04
 6.20948e-04
 1.55767e-03
 3.58604e-03
 7.71838e-03
 1.46289e-02
 2.43225e-02
 3.39453e-02
 4.01731e-02
 3.65115e-02
 2.57864e-02
 1.25625e-02
 4.15402e-03
 1.10670e-03
 2.74284e-04
 6.60629e-05
 1.56484e-05
 3.65291e-06
 8.39857e-07
 1.89962e-07
 4.22310e-08
 9.29049e-09
 2.38002e-09
 1.54227e-05
 6.93937e-05
 2.28524e-04
 6.20948e-04
 1.55767e-03
 3.58604e-03
 7.71838e-03
 1.46289e-02
 2.43225e-02
 3.39453e-02
 4.01731e-02
 3.65115e-02
 2.57864e-02
 1.25625e-02
 4.15402e-03
 1.10670e-03
 2.74284e-04
 6.60629e-05
 1.56484e-05
 3.65291e-06
 8.39857e-07
 1.89962e-07
 4.22310e-08
 9.29050e-09
 2.38002e-09
 1.54227e-05
 6.93937e-05
 2.28524e-04
 6.20948e-04
 1.55767e-03
 3.58604e-03
 7.71838e-03
 1.46289e-02
 2.43225e-02
 3.39453e-02
 4.01731e-02
 3.65115e-02
 2.57864e-02
 1.25625e-02
 4.15402e-03
 1.10670e-03
 2.74284e-04
 6.60629e-05
 1.56484e-05
 3.65291e-06
 8.39857e-07
 1.89962e-07
 4.22310e-08
 9.29049e-09
 2.38002e-09
 1.54227e-05
 6.93937e-05
 2.28524e-04
 6.20948e-04
 1.55767e-03
 3.58604e-03
 7.71838e-03
 1.46289e-02
 2.43225e-02
 3.39453e-02
 4.01731e-02
 3.65115e-02
 2.57864e-02
 1.25625e-02
 4.15402e-03
 1.10670e-03
 2.74284e-04
 6.60629e-05
 1.56484e-05
 3.65291e-06
 8.39857e-07
 1.89962e-07
 4.22310e-08
 9.29050e-09
 2.38002e-09
 1.54227e-05
 6.93937e-05
 2.28524e-04
 6.20948e-04
 1.55767e-03
 3.58604e-03
 7.71838e-03
 1.46289e-02
 2.43225e-02
 3.39453e-02
 4.01731e-02
 3.65115e-02
 2.57864e-02
 1.25625e-02
 4.15402e-03
 1.10670e-03
 2.74284e-04
 6.60629e-05
 1.56484e-05
 3.65291e-06
 8.39857e-07
 1.89962e-07
 4.22310e-08
 9.29050e-09
 2.38002e-09
