PseudoViscosity
part
         1
hexa8
 0.00000e+00
 1.17138e-15
 0.00000e+00
 0.00000e+00
 1.17138e-15
 0.00000e+00
 0.00000e+00
 0.00000e+00
 1.17138e-15
 0.00000e+00
 2.34277e-15
 0.00000e+00
 0.00000e+00
 0.00000e+00
 0.00000e+00
 0.00000e+00
 0.00000e+00
 0.00000e+00
 0.00000e+00
 0.00000e+00
 0.00000e+00
 0.00000e+00
 0.00000e+00
 0.00000e+00
 0.00000e+00
 1.17138e-15
 1.17138e-15
 0.00000e+00
 0.00000e+00
 0.00000e+00
 1.17138e-15
 0.00000e+00
 1.17138e-15
 3.51415e-15
 0.00000e+00
 0.00000e+00
 2.34277e-15
 0.00000e+00
 0.00000e+00
 0.00000e+00
 0.00000e+00
 0.00000e+00
 0.00000e+00
 0.00000e+00
 0.00000e+00
 0.00000e+00
 0.00000e+00
 0.00000e+00
 0.00000e+00
 0.00000e+00
 0.00000e+00
 0.00000e+00
 2.34277e-15
 0.00000e+00
 1.17138e-15
 0.00000e+00
 1.17138e-15
 0.00000e+00
 3.51415e-15
 0.00000e+00
 0.00000e+00
 0.00000e+00
 0.00000e+00
 0.00000e+00
 0.00000e+00
 0.00000e+00
 0.00000e+00
 0.00000e+00
 0.00000e+00
 0.00000e+00
 0.00000e+00
 0.00000e+00
 0.00000e+00
 0.00000e+00
 0.00000e+00
 0.00000e+00
 0.00000e+00
 0.00000e+00
 1.17138e-15
 1.17138e-15
 1.17138e-15
 0.00000e+00
 0.00000e+00
 4.68554e-15
 0.00000e+00
 0.00000e+00
 2.34277e-15
 0.00000e+00
 0.00000e+00
 0.00000e+00
 0.00000e+00
 0.00000e+00
 0.00000e+00
 0.00000e+00
 0.00000e+00
 0.00000e+00
 0.00000e+00
 0.00000e+00
 0.00000e+00
 0.00000e+00
 3.51415e-15
 2.34277e-15
 0.00000e+00
 1.17138e-15
 1.17138e-15
 1.17138e-15
 0.00000e+00
 0.00000e+00
 1.17138e-15
 2.34277e-15
 3.51415e-15
 2.34277e-15
 0.00000e+00
 0.00000e+00
 0.00000e+00
 0.00000e+00
 0.00000e+00
 0.00000e+00
 0.00000e+00
 0.00000e+00
 0.00000e+00
 0.00000e+00
 0.00000e+00
 0.00000e+00
 0.00000e+00
 1.17138e-15
 1.17138e-15
 0.00000e+00
 0.00000e+00
 0.00000e+00
 0.00000e+00
 0.00000e+00
 1.17138e-15
 0.00000e+00
 0.00000e+00
 2.34277e-15
 0.00000e+00
 0.00000e+00
 0.00000e+00
 0.00000e+00
 0.00000e+00
 0.00000e+00
 0.00000e+00
 0.00000e+00
 0.00000e+00
 0.00000e+00
 0.00000e+00
 0.00000e+00
 0.00000e+00
 0.00000e+00
 1.17138e-15
 1.17138e-15
 0.00000e+00
 1.17138e-15
 0.00000e+00
 0.00000e+00
 0.00000e+00
 0.00000e+00
 0.00000e+00
 0.00000e+00
 0.00000e+00
 1.17138e-15
 0.00000e+00
 0.00000e+00
 0.00000e+00
 0.00000e+00
 0.00000e+00
 0.00000e+00
 0.00000e+00
 0.00000e+00
 0.00000e+00
 0.00000e+00
 0.00000e+00
 0.00000e+00
 0.00000e+00
 0.00000e+00
 0.00000e+00
 0.00000e+00
 0.00000e+00
 0.00000e+00
 0.00000e+00
 0.00000e+00
 0.00000e+00
 0.00000e+00
 1.17138e-15
 0.00000e+00
 2.34277e-15
 0.00000e+00
 0.00000e+00
 0.00000e+00
 0.00000e+00
 0.00000e+00
 0.00000e+00
 0.00000e+00
 0.00000e+00
 0.00000e+00
 0.00000e+00
 0.00000e+00
 0.00000e+00
 0.00000e+00
 1.17138e-15
 0.00000e+00
 1.17138e-15
 0.00000e+00
 0.00000e+00
 0.00000e+00
 0.00000e+00
 2.34277e-15
 0.00000e+00
 0.00000e+00
 0.00000e+00
 0.00000e+00
 0.00000e+00
 0.00000e+00
 0.00000e+00
 0.00000e+00
 0.00000e+00
 0.00000e+00
 0.00000e+00
 0.00000e+00
 0.00000e+00
 0.00000e+00
 0.00000e+00
 0.00000e+00
 0.00000e+00
 1.17138e-15
 1.17138e-15
 0.00000e+00
 2.34277e-15
 0.00000e+00
 1.17138e-15
 0.00000e+00
 3.51415e-15
 0.00000e+00
 0.00000e+00
 0.00000e+00
 0.00000e+00
 0.00000e+00
 0.00000e+00
 0.00000e+00
 0.00000e+00
 0.00000e+00
 0.00000e+00
 0.00000e+00
 0.00000e+00
 0.00000e+00
 0.00000e+00
 0.00000e+00
 0.00000e+00
 0.00000e+00
 0.00000e+00
 0.00000e+00
 1.17138e-15
 1.17138e-15
 0.00000e+00
 0.00000e+00
 0.00000e+00
 0.00000e+00
 2.34277e-15
 1.17138e-15
 4.68554e-15
 1.17138e-15
 0.00000e+00
 0.00000e+00
 0.00000e+00
 0.00000e+00
 0.00000e+00
 0.00000e+00
 0.00000e+00
 0.00000e+00
 0.00000e+00
 0.00000e+00
 0.00000e+00
 0.00000e+00
 0.00000e+00
 0.00000e+00
 2.34277e-15
 0.00000e+00
 0.00000e+00
 3.51415e-15
 1.17138e-15
 0.00000e+00
 0.00000e+00
 0.00000e+00
 1.17138e-15
 0.00000e+00
 3.51415e-15
 0.00000e+00
 0.00000e+00
 0.00000e+00
 0.00000e+00
 0.00000e+00
 0.00000e+00
 0.00000e+00
 0.00000e+00
 0.00000e+00
 0.00000e+00
 0.00000e+00
 0.00000e+00
 0.00000e+00
 0.00000e+00
 1.17138e-15
 0.00000e+00
 0.00000e+00
 3.51415e-15
 2.34277e-15
 0.00000e+00
 1.17138e-15
 0.00000e+00
 0.00000e+00
 0.00000e+00
 0.00000e+00
 0.00000e+00
 0.00000e+00
 0.00000e+00
 0.00000e+00
 0.00000e+00
 0.00000e+00
 0.00000e+00
 0.00000e+00
 0.00000e+00
 0.00000e+00
 0.00000e+00
 0.00000e+00
 0.00000e+00
 0.00000e+00
 0.00000e+00
 0.00000e+00
 1.17138e-15
 2.34277e-15
 1.17138e-15
 1.17138e-15
 1.17138e-15
 0.00000e+00
 3.51415e-15
 0.00000e+00
 3.51415e-15
 0.00000e+00
 0.00000e+00
 0.00000e+00
 0.00000e+00
 0.00000e+00
 0.00000e+00
 0.00000e+00
 0.00000e+00
 0.00000e+00
 0.00000e+00
 0.00000e+00
 0.00000e+00
 0.00000e+00
 1.17138e-15
 0.00000e+00
 0.00000e+00
 0.00000e+00
 0.00000e+00
 3.51415e-15
 0.00000e+00
 0.00000e+00
 0.00000e+00
 1.17138e-15
 0.00000e+00
 0.00000e+00
 0.00000e+00
 0.00000e+00
 0.00000e+00
 0.00000e+00
 0.00000e+00
 0.00000e+00
 0.00000e+00
 0.00000e+00
 0.00000e+00
 0.00000e+00
 0.00000e+00
 0.00000e+00
 0.00000e+00
 3.51415e-15
 1.17138e-15
 1.17138e-15
 0.00000e+00
 0.00000e+00
 0.00000e+00
 0.00000e+00
 0.00000e+00
 0.00000e+00
 1.17138e-15
 0.00000e+00
 1.17138e-15
 1.17138e-15
 0.00000e+00
 0.00000e+00
 0.00000e+00
 0.00000e+00
 0.00000e+00
 0.00000e+00
 0.00000e+00
 0.00000e+00
 0.00000e+00
 0.00000e+00
 0.00000e+00
 0.00000e+00
 1.17138e-15
 1.17138e-15
 0.00000e+00
 0.00000e+00
 2.34277e-15
 0.00000e+00
 0.00000e+00
 2.34277e-15
 0.00000e+00
 1.17138e-15
 0.00000e+00
 0.00000e+00
 1.17138e-15
 0.00000e+00
 0.00000e+00
 0.00000e+00
 0.00000e+00
 0.00000e+00
 0.00000e+00
 0.00000e+00
 0.00000e+00
 0.00000e+00
 0.00000e+00
 0.00000e+00
 0.00000e+00
 1.17138e-15
 0.00000e+00
 0.00000e+00
 0.00000e+00
 0.00000e+00
 0.00000e+00
 1.17138e-15
 0.00000e+00
 0.00000e+00
 4.68554e-15
 0.00000e+00
 1.17138e-15
 0.00000e+00
 0.00000e+00
 0.00000e+00
 0.00000e+00
 0.00000e+00
 0.00000e+00
 0.00000e+00
 0.00000e+00
 0.00000e+00
 0.00000e+00
 0.00000e+00
 0.00000e+00
 0.00000e+00
 0.00000e+00
 0.00000e+00
 0.00000e+00
 0.00000e+00
 1.17138e-15
 0.00000e+00
 0.00000e+00
 0.00000e+00
 0.00000e+00
 3.51415e-15
 1.17138e-15
 0.00000e+00
 0.00000e+00
 0.00000e+00
 0.00000e+00
 0.00000e+00
 0.00000e+00
 0.00000e+00
 0.00000e+00
 0.00000e+00
 0.00000e+00
 0.00000e+00
 0.00000e+00
 0.00000e+00
 0.00000e+00
 1.17138e-15
 0.00000e+00
 1.17138e-15
 0.00000e+00
 0.00000e+00
 0.00000e+00
 4.68554e-15
 1.17138e-15
 0.00000e+00
 3.51415e-15
 0.00000e+00
 0.00000e+00
 0.00000e+00
 0.00000e+00
 0.00000e+00
 0.00000e+00
 0.00000e+00
 0.00000e+00
 0.00000e+00
 0.00000e+00
 0.00000e+00
 0.00000e+00
 0.00000e+00
 0.00000e+00
 0.00000e+00
 0.00000e+00
 2.34277e-15
 1.17138e-15
 0.00000e+00
 0.00000e+00
 0.00000e+00
 0.00000e+00
 0.00000e+00
 0.00000e+00
 0.00000e+00
 0.00000e+00
 3.51415e-15
 0.00000e+00
 0.00000e+00
 0.00000e+00
 0.00000e+00
 0.00000e+00
 0.00000e+00
 0.00000e+00
 0.00000e+00
 0.00000e+00
 0.00000e+00
 0.00000e+00
 0.00000e+00
 0.00000e+00
 1.17138e-15
 0.00000e+00
 1.17138e-15
 0.00000e+00
 0.00000e+00
 0.00000e+00
 0.00000e+00
 1.17138e-15
 0.00000e+00
 1.17138e-15
 0.00000e+00
 2.34277e-15
 0.00000e+00
 0.00000e+00
 0.00000e+00
 0.00000e+00
 0.00000e+00
 0.00000e+00
 0.00000e+00
 0.00000e+00
 0.00000e+00
 0.00000e+00
 0.00000e+00
 0.00000e+00
 0.00000e+00
 0.00000e+00
 0.00000e+00
 2.34277e-15
 0.00000e+00
 1.17138e-15
 1.17138e-15
 2.34277e-15
 0.00000e+00
 0.00000e+00
 0.00000e+00
 0.00000e+00
 3.51415e-15
 0.00000e+00
 0.00000e+00
 0.00000e+00
 0.00000e+00
 0.00000e+00
 0.00000e+00
 0.00000e+00
 0.00000e+00
 0.00000e+00
 0.00000e+00
 0.00000e+00
 0.00000e+00
 0.00000e+00
 0.00000e+00
 0.00000e+00
 0.00000e+00
 0.00000e+00
 0.00000e+00
 1.17138e-15
 0.00000e+00
 0.00000e+00
 0.00000e+00
 2.34277e-15
 0.00000e+00
 9.37108e-15
 0.00000e+00
 0.00000e+00
 0.00000e+00
 0.00000e+00
 0.00000e+00
 0.00000e+00
 0.00000e+00
 0.00000e+00
 0.00000e+00
 0.00000e+00
 0.00000e+00
 0.00000e+00
 0.00000e+00
 1.17138e-15
 0.00000e+00
 2.34277e-15
 0.00000e+00
 0.00000e+00
 0.00000e+00
 1.17138e-15
 1.17138e-15
 0.00000e+00
 0.00000e+00
 0.00000e+00
 2.34277e-15
 0.00000e+00
 0.00000e+00
 0.00000e+00
 0.00000e+00
 0.00000e+00
 0.00000e+00
 0.00000e+00
 0.00000e+00
 0.00000e+00
 0.00000e+00
 0.00000e+00
 0.00000e+00
 0.00000e+00
part
         2
hexa8
 0.00000e+00
 0.00000e+00
 0.00000e+00
 0.00000e+00
 0.00000e+00
 0.00000e+00
 0.00000e+00
 0.00000e+00
 0.00000e+00
 0.00000e+00
 0.00000e+00
 0.00000e+00
 0.00000e+00
 0.00000e+00
 0.00000e+00
 0.00000e+00
 0.00000e+00
 0.00000e+00
 0.00000e+00
 0.00000e+00
 0.00000e+00
 0.00000e+00
 0.00000e+00
 0.00000e+00
 0.00000e+00
 0.00000e+00
 0.00000e+00
 0.00000e+00
 0.00000e+00
 0.00000e+00
 0.00000e+00
 0.00000e+00
 0.00000e+00
 0.00000e+00
 0.00000e+00
 0.00000e+00
 0.00000e+00
 0.00000e+00
 0.00000e+00
 0.00000e+00
 0.00000e+00
 0.00000e+00
 0.00000e+00
 0.00000e+00
 0.00000e+00
 0.00000e+00
 0.00000e+00
 0.00000e+00
 0.00000e+00
 0.00000e+00
 0.00000e+00
 0.00000e+00
 0.00000e+00
 0.00000e+00
 0.00000e+00
 0.00000e+00
 0.00000e+00
 0.00000e+00
 0.00000e+00
 0.00000e+00
 0.00000e+00
 0.00000e+00
 0.00000e+00
 0.00000e+00
 0.00000e+00
 0.00000e+00
 0.00000e+00
 0.00000e+00
 0.00000e+00
 0.00000e+00
 0.00000e+00
 0.00000e+00
 0.00000e+00
 0.00000e+00
 0.00000e+00
 0.00000e+00
 0.00000e+00
 0.00000e+00
 0.00000e+00
 0.00000e+00
 0.00000e+00
 0.00000e+00
 0.00000e+00
 0.00000e+00
 0.00000e+00
 0.00000e+00
 0.00000e+00
 0.00000e+00
 0.00000e+00
 0.00000e+00
 0.00000e+00
 0.00000e+00
 0.00000e+00
 0.00000e+00
 0.00000e+00
 0.00000e+00
 0.00000e+00
 0.00000e+00
 0.00000e+00
 0.00000e+00
 0.00000e+00
 0.00000e+00
 0.00000e+00
 0.00000e+00
 0.00000e+00
 0.00000e+00
 0.00000e+00
 0.00000e+00
 0.00000e+00
 0.00000e+00
 0.00000e+00
 0.00000e+00
 0.00000e+00
 0.00000e+00
 0.00000e+00
 0.00000e+00
 0.00000e+00
 0.00000e+00
 0.00000e+00
 0.00000e+00
 0.00000e+00
 0.00000e+00
 0.00000e+00
 0.00000e+00
 0.00000e+00
 0.00000e+00
 0.00000e+00
 0.00000e+00
 0.00000e+00
 0.00000e+00
 0.00000e+00
 0.00000e+00
 0.00000e+00
 0.00000e+00
 0.00000e+00
 0.00000e+00
 0.00000e+00
 0.00000e+00
 0.00000e+00
 0.00000e+00
 0.00000e+00
 0.00000e+00
 0.00000e+00
 0.00000e+00
 0.00000e+00
 0.00000e+00
 0.00000e+00
 0.00000e+00
 0.00000e+00
 0.00000e+00
 0.00000e+00
 0.00000e+00
 0.00000e+00
 0.00000e+00
 0.00000e+00
 0.00000e+00
 0.00000e+00
 0.00000e+00
 0.00000e+00
 0.00000e+00
 0.00000e+00
 0.00000e+00
 0.00000e+00
 0.00000e+00
 0.00000e+00
 0.00000e+00
 0.00000e+00
 0.00000e+00
 0.00000e+00
 0.00000e+00
 0.00000e+00
 0.00000e+00
 0.00000e+00
 0.00000e+00
 0.00000e+00
 0.00000e+00
 0.00000e+00
 0.00000e+00
 0.00000e+00
 0.00000e+00
 0.00000e+00
 0.00000e+00
 0.00000e+00
 0.00000e+00
 0.00000e+00
 0.00000e+00
 0.00000e+00
 0.00000e+00
 0.00000e+00
 0.00000e+00
 0.00000e+00
 0.00000e+00
 0.00000e+00
 0.00000e+00
 0.00000e+00
 0.00000e+00
 0.00000e+00
 0.00000e+00
 0.00000e+00
 0.00000e+00
 0.00000e+00
 0.00000e+00
 0.00000e+00
 0.00000e+00
 0.00000e+00
 0.00000e+00
 0.00000e+00
 0.00000e+00
 0.00000e+00
 0.00000e+00
 0.00000e+00
 0.00000e+00
 0.00000e+00
 0.00000e+00
 0.00000e+00
 0.00000e+00
 0.00000e+00
 0.00000e+00
 0.00000e+00
 0.00000e+00
 0.00000e+00
 0.00000e+00
 0.00000e+00
 0.00000e+00
 0.00000e+00
 0.00000e+00
 0.00000e+00
 0.00000e+00
 0.00000e+00
 0.00000e+00
 0.00000e+00
 0.00000e+00
 0.00000e+00
 0.00000e+00
 0.00000e+00
 0.00000e+00
 0.00000e+00
 0.00000e+00
 0.00000e+00
 0.00000e+00
 0.00000e+00
 0.00000e+00
 0.00000e+00
 0.00000e+00
 0.00000e+00
 0.00000e+00
 0.00000e+00
 0.00000e+00
 0.00000e+00
 0.00000e+00
 0.00000e+00
 0.00000e+00
 0.00000e+00
 0.00000e+00
 0.00000e+00
 0.00000e+00
 0.00000e+00
 0.00000e+00
 0.00000e+00
 0.00000e+00
 0.00000e+00
 0.00000e+00
 0.00000e+00
 0.00000e+00
 0.00000e+00
 0.00000e+00
 0.00000e+00
 0.00000e+00
 0.00000e+00
 0.00000e+00
 0.00000e+00
 0.00000e+00
 0.00000e+00
 0.00000e+00
 0.00000e+00
 0.00000e+00
 0.00000e+00
 0.00000e+00
 0.00000e+00
 0.00000e+00
 0.00000e+00
 0.00000e+00
 0.00000e+00
 0.00000e+00
 0.00000e+00
 0.00000e+00
 0.00000e+00
 0.00000e+00
 0.00000e+00
 0.00000e+00
 0.00000e+00
 0.00000e+00
 0.00000e+00
 0.00000e+00
 0.00000e+00
 0.00000e+00
 0.00000e+00
 0.00000e+00
 0.00000e+00
 0.00000e+00
 0.00000e+00
 0.00000e+00
 0.00000e+00
 0.00000e+00
 0.00000e+00
 0.00000e+00
 0.00000e+00
 0.00000e+00
 0.00000e+00
 0.00000e+00
 0.00000e+00
 0.00000e+00
 0.00000e+00
 0.00000e+00
 0.00000e+00
 0.00000e+00
 0.00000e+00
 0.00000e+00
 0.00000e+00
 0.00000e+00
 0.00000e+00
 0.00000e+00
 0.00000e+00
 0.00000e+00
 0.00000e+00
 0.00000e+00
 0.00000e+00
 0.00000e+00
 0.00000e+00
 0.00000e+00
 0.00000e+00
 0.00000e+00
 0.00000e+00
 0.00000e+00
 0.00000e+00
 0.00000e+00
 0.00000e+00
 0.00000e+00
 0.00000e+00
 0.00000e+00
 0.00000e+00
 0.00000e+00
 0.00000e+00
 0.00000e+00
 0.00000e+00
 0.00000e+00
 0.00000e+00
 0.00000e+00
 0.00000e+00
 0.00000e+00
 0.00000e+00
 0.00000e+00
 0.00000e+00
 0.00000e+00
 0.00000e+00
 0.00000e+00
 0.00000e+00
 0.00000e+00
 0.00000e+00
 0.00000e+00
 0.00000e+00
 0.00000e+00
 0.00000e+00
 0.00000e+00
 0.00000e+00
 0.00000e+00
 0.00000e+00
 0.00000e+00
 0.00000e+00
 0.00000e+00
 0.00000e+00
 0.00000e+00
 0.00000e+00
 0.00000e+00
 0.00000e+00
 0.00000e+00
 0.00000e+00
 0.00000e+00
 0.00000e+00
 0.00000e+00
 0.00000e+00
 0.00000e+00
 0.00000e+00
 0.00000e+00
 0.00000e+00
 0.00000e+00
 0.00000e+00
 0.00000e+00
 0.00000e+00
 0.00000e+00
 0.00000e+00
 0.00000e+00
 0.00000e+00
 0.00000e+00
 0.00000e+00
 0.00000e+00
 0.00000e+00
 0.00000e+00
 0.00000e+00
 0.00000e+00
 0.00000e+00
 0.00000e+00
 0.00000e+00
 0.00000e+00
 0.00000e+00
 0.00000e+00
 0.00000e+00
 0.00000e+00
 0.00000e+00
 0.00000e+00
 0.00000e+00
 0.00000e+00
 0.00000e+00
 0.00000e+00
 0.00000e+00
 0.00000e+00
 0.00000e+00
 0.00000e+00
 0.00000e+00
 0.00000e+00
 0.00000e+00
 0.00000e+00
 0.00000e+00
 0.00000e+00
 0.00000e+00
 0.00000e+00
 0.00000e+00
 0.00000e+00
 0.00000e+00
 0.00000e+00
 0.00000e+00
 0.00000e+00
 0.00000e+00
 0.00000e+00
 0.00000e+00
 0.00000e+00
 0.00000e+00
 0.00000e+00
 0.00000e+00
 0.00000e+00
 0.00000e+00
 0.00000e+00
 0.00000e+00
 0.00000e+00
 0.00000e+00
 0.00000e+00
 0.00000e+00
 0.00000e+00
 0.00000e+00
 0.00000e+00
 0.00000e+00
 0.00000e+00
 0.00000e+00
 0.00000e+00
 0.00000e+00
 0.00000e+00
 0.00000e+00
 0.00000e+00
 0.00000e+00
 0.00000e+00
 0.00000e+00
 0.00000e+00
 0.00000e+00
 0.00000e+00
 0.00000e+00
 0.00000e+00
 0.00000e+00
 0.00000e+00
 0.00000e+00
 0.00000e+00
 0.00000e+00
 0.00000e+00
 0.00000e+00
 0.00000e+00
 0.00000e+00
 0.00000e+00
 0.00000e+00
 0.00000e+00
 0.00000e+00
 0.00000e+00
 0.00000e+00
 0.00000e+00
 0.00000e+00
 0.00000e+00
 0.00000e+00
 0.00000e+00
 0.00000e+00
 0.00000e+00
 0.00000e+00
 0.00000e+00
 0.00000e+00
 0.00000e+00
 0.00000e+00
 0.00000e+00
 0.00000e+00
 0.00000e+00
 0.00000e+00
 0.00000e+00
 0.00000e+00
 0.00000e+00
 0.00000e+00
 0.00000e+00
 0.00000e+00
 0.00000e+00
 0.00000e+00
 0.00000e+00
 0.00000e+00
 0.00000e+00
 0.00000e+00
 0.00000e+00
 0.00000e+00
 0.00000e+00
 0.00000e+00
 0.00000e+00
 0.00000e+00
 0.00000e+00
 0.00000e+00
 0.00000e+00
 0.00000e+00
 0.00000e+00
 0.00000e+00
 0.00000e+00
 0.00000e+00
 0.00000e+00
 0.00000e+00
 0.00000e+00
 0.00000e+00
 0.00000e+00
 0.00000e+00
 0.00000e+00
 0.00000e+00
 0.00000e+00
 0.00000e+00
 0.00000e+00
 0.00000e+00
 0.00000e+00
 0.00000e+00
 0.00000e+00
 0.00000e+00
 0.00000e+00
 0.00000e+00
 0.00000e+00
 0.00000e+00
 0.00000e+00
 0.00000e+00
 0.00000e+00
 0.00000e+00
 0.00000e+00
 0.00000e+00
 0.00000e+00
 0.00000e+00
 0.00000e+00
 0.00000e+00
 0.00000e+00
 0.00000e+00
 0.00000e+00
 0.00000e+00
 0.00000e+00
 0.00000e+00
 0.00000e+00
 0.00000e+00
 0.00000e+00
 0.00000e+00
 0.00000e+00
 0.00000e+00
 0.00000e+00
 0.00000e+00
 0.00000e+00
 0.00000e+00
 0.00000e+00
 0.00000e+00
 0.00000e+00
 0.00000e+00
 0.00000e+00
 0.00000e+00
 0.00000e+00
 0.00000e+00
 0.00000e+00
 0.00000e+00
 0.00000e+00
 0.00000e+00
 0.00000e+00
 0.00000e+00
 0.00000e+00
 0.00000e+00
 0.00000e+00
 0.00000e+00
 0.00000e+00
 0.00000e+00
 0.00000e+00
 0.00000e+00
 0.00000e+00
 0.00000e+00
 0.00000e+00
 0.00000e+00
 0.00000e+00
 0.00000e+00
 0.00000e+00
 0.00000e+00
 0.00000e+00
 0.00000e+00
 0.00000e+00
 0.00000e+00
 0.00000e+00
 0.00000e+00
 0.00000e+00
 0.00000e+00
 0.00000e+00
 0.00000e+00
 0.00000e+00
 0.00000e+00
 0.00000e+00
 0.00000e+00
 0.00000e+00
 0.00000e+00
 0.00000e+00
 0.00000e+00
 0.00000e+00
 0.00000e+00
 0.00000e+00
 0.00000e+00
 0.00000e+00
 0.00000e+00
 0.00000e+00
 0.00000e+00
part
         3
hexa8
 0.00000e+00
 0.00000e+00
 0.00000e+00
 0.00000e+00
 0.00000e+00
-1.08596e-08
-3.92434e-08
-1.17308e-07
-1.59291e-07
-1.41300e-07
 1.96412e-07
 2.24852e-07
 5.40476e-08
-3.23085e-06
-7.80257e-06
 1.25164e-05
 4.11277e-05
 0.00000e+00
 1.54874e-04
 2.22004e-04
 4.38082e-05
 6.63289e-07
 0.00000e+00
 0.00000e+00
 0.00000e+00
 0.00000e+00
 0.00000e+00
 0.00000e+00
 0.00000e+00
 0.00000e+00
-1.08596e-08
-3.92434e-08
-1.17308e-07
-1.59291e-07
-1.41300e-07
 1.96412e-07
 2.24852e-07
 5.40476e-08
-3.23085e-06
-7.80257e-06
 1.25164e-05
 4.11277e-05
 0.00000e+00
 1.54874e-04
 2.22004e-04
 4.38082e-05
 6.63289e-07
 0.00000e+00
 0.00000e+00
 0.00000e+00
 0.00000e+00
 0.00000e+00
 0.00000e+00
 0.00000e+00
 0.00000e+00
-1.08596e-08
-3.92434e-08
-1.17308e-07
-1.59291e-07
-1.41300e-07
 1.96412e-07
 2.24852e-07
 5.40476e-08
-3.23085e-06
-7.80257e-06
 1.25164e-05
 4.11277e-05
 0.00000e+00
 1.54874e-04
 2.22004e-04
 4.38082e-05
 6.63289e-07
 0.00000e+00
 0.00000e+00
 0.00000e+00
 0.00000e+00
 0.00000e+00
 0.00000e+00
 0.00000e+00
 0.00000e+00
-1.08596e-08
-3.92434e-08
-1.17308e-07
-1.59291e-07
-1.41300e-07
 1.96412e-07
 2.24852e-07
 5.40476e-08
-3.23085e-06
-7.80257e-06
 1.25164e-05
 4.11277e-05
 0.00000e+00
 1.54874e-04
 2.22004e-04
 4.38082e-05
 6.63289e-07
 0.00000e+00
 0.00000e+00
 0.00000e+00
 0.00000e+00
 0.00000e+00
 0.00000e+00
 0.00000e+00
 0.00000e+00
-1.08596e-08
-3.92434e-08
-1.17308e-07
-1.59291e-07
-1.41300e-07
 1.96412e-07
 2.24852e-07
 5.40476e-08
-3.23085e-06
-7.80257e-06
 1.25164e-05
 4.11277e-05
 0.00000e+00
 1.54874e-04
 2.22004e-04
 4.38082e-05
 6.63289e-07
 0.00000e+00
 0.00000e+00
 0.00000e+00
 0.00000e+00
 0.00000e+00
 0.00000e+00
 0.00000e+00
 0.00000e+00
-1.08596e-08
-3.92434e-08
-1.17308e-07
-1.59291e-07
-1.41300e-07
 1.96412e-07
 2.24852e-07
 5.40476e-08
-3.23085e-06
-7.80257e-06
 1.25164e-05
 4.11277e-05
 0.00000e+00
 1.54874e-04
 2.22004e-04
 4.38082e-05
 6.63289e-07
 0.00000e+00
 0.00000e+00
 0.00000e+00
 0.00000e+00
 0.00000e+00
 0.00000e+00
 0.00000e+00
 0.00000e+00
-1.08596e-08
-3.92434e-08
-1.17308e-07
-1.59291e-07
-1.41300e-07
 1.96412e-07
 2.24852e-07
 5.40476e-08
-3.23085e-06
-7.80257e-06
 1.25164e-05
 4.11277e-05
 0.00000e+00
 1.54874e-04
 2.22004e-04
 4.38082e-05
 6.63289e-07
 0.00000e+00
 0.00000e+00
 0.00000e+00
 0.00000e+00
 0.00000e+00
 0.00000e+00
 0.00000e+00
 0.00000e+00
-1.08596e-08
-3.92434e-08
-1.17308e-07
-1.59291e-07
-1.41300e-07
 1.96412e-07
 2.24852e-07
 5.40476e-08
-3.23085e-06
-7.80257e-06
 1.25164e-05
 4.11277e-05
 0.00000e+00
 1.54874e-04
 2.22004e-04
 4.38082e-05
 6.63289e-07
 0.00000e+00
 0.00000e+00
 0.00000e+00
 0.00000e+00
 0.00000e+00
 0.00000e+00
 0.00000e+00
 0.00000e+00
-1.08596e-08
-3.92434e-08
-1.17308e-07
-1.59291e-07
-1.41300e-07
 1.96412e-07
 2.24852e-07
 5.40476e-08
-3.23085e-06
-7.80257e-06
 1.25164e-05
 4.11277e-05
 0.00000e+00
 1.54874e-04
 2.22004e-04
 4.38082e-05
 6.63289e-07
 0.00000e+00
 0.00000e+00
 0.00000e+00
 0.00000e+00
 0.00000e+00
 0.00000e+00
 0.00000e+00
 0.00000e+00
-1.08596e-08
-3.92434e-08
-1.17308e-07
-1.59291e-07
-1.41300e-07
 1.96412e-07
 2.24852e-07
 5.40476e-08
-3.23085e-06
-7.80257e-06
 1.25164e-05
 4.11277e-05
 0.00000e+00
 1.54874e-04
 2.22004e-04
 4.38082e-05
 6.63289e-07
 0.00000e+00
 0.00000e+00
 0.00000e+00
 0.00000e+00
 0.00000e+00
 0.00000e+00
 0.00000e+00
 0.00000e+00
-1.08596e-08
-3.92434e-08
-1.17308e-07
-1.59291e-07
-1.41300e-07
 1.96412e-07
 2.24852e-07
 5.40476e-08
-3.23085e-06
-7.80257e-06
 1.25164e-05
 4.11277e-05
 0.00000e+00
 1.54874e-04
 2.22004e-04
 4.38082e-05
 6.63289e-07
 0.00000e+00
 0.00000e+00
 0.00000e+00
 0.00000e+00
 0.00000e+00
 0.00000e+00
 0.00000e+00
 0.00000e+00
-1.08596e-08
-3.92434e-08
-1.17308e-07
-1.59291e-07
-1.41300e-07
 1.96412e-07
 2.24852e-07
 5.40476e-08
-3.23085e-06
-7.80257e-06
 1.25164e-05
 4.11277e-05
 0.00000e+00
 1.54874e-04
 2.22004e-04
 4.38082e-05
 6.63289e-07
 0.00000e+00
 0.00000e+00
 0.00000e+00
 0.00000e+00
 0.00000e+00
 0.00000e+00
 0.00000e+00
 0.00000e+00
-1.08596e-08
-3.92434e-08
-1.17308e-07
-1.59291e-07
-1.41300e-07
 1.96412e-07
 2.24852e-07
 5.40476e-08
-3.23085e-06
-7.80257e-06
 1.25164e-05
 4.11277e-05
 0.00000e+00
 1.54874e-04
 2.22004e-04
 4.38082e-05
 6.63289e-07
 0.00000e+00
 0.00000e+00
 0.00000e+00
 0.00000e+00
 0.00000e+00
 0.00000e+00
 0.00000e+00
 0.00000e+00
-1.08596e-08
-3.92434e-08
-1.17308e-07
-1.59291e-07
-1.41300e-07
 1.96412e-07
 2.24852e-07
 5.40476e-08
-3.23085e-06
-7.80257e-06
 1.25164e-05
 4.11277e-05
 0.00000e+00
 1.54874e-04
 2.22004e-04
 4.38082e-05
 6.63289e-07
 0.00000e+00
 0.00000e+00
 0.00000e+00
 0.00000e+00
 0.00000e+00
 0.00000e+00
 0.00000e+00
 0.00000e+00
-1.08596e-08
-3.92434e-08
-1.17308e-07
-1.59291e-07
-1.41300e-07
 1.96412e-07
 2.24852e-07
 5.40476e-08
-3.23085e-06
-7.80257e-06
 1.25164e-05
 4.11277e-05
 0.00000e+00
 1.54874e-04
 2.22004e-04
 4.38082e-05
 6.63289e-07
 0.00000e+00
 0.00000e+00
 0.00000e+00
 0.00000e+00
 0.00000e+00
 0.00000e+00
 0.00000e+00
 0.00000e+00
-1.08596e-08
-3.92434e-08
-1.17308e-07
-1.59291e-07
-1.41300e-07
 1.96412e-07
 2.24852e-07
 5.40476e-08
-3.23085e-06
-7.80257e-06
 1.25164e-05
 4.11277e-05
 0.00000e+00
 1.54874e-04
 2.22004e-04
 4.38082e-05
 6.63289e-07
 0.00000e+00
 0.00000e+00
 0.00000e+00
 0.00000e+00
 0.00000e+00
 0.00000e+00
 0.00000e+00
 0.00000e+00
-1.08596e-08
-3.92434e-08
-1.17308e-07
-1.59291e-07
-1.41300e-07
 1.96412e-07
 2.24852e-07
 5.40476e-08
-3.23085e-06
-7.80257e-06
 1.25164e-05
 4.11277e-05
 0.00000e+00
 1.54874e-04
 2.22004e-04
 4.38082e-05
 6.63289e-07
 0.00000e+00
 0.00000e+00
 0.00000e+00
 0.00000e+00
 0.00000e+00
 0.00000e+00
 0.00000e+00
 0.00000e+00
-1.08596e-08
-3.92434e-08
-1.17308e-07
-1.59291e-07
-1.41300e-07
 1.96412e-07
 2.24852e-07
 5.40476e-08
-3.23085e-06
-7.80257e-06
 1.25164e-05
 4.11277e-05
 0.00000e+00
 1.54874e-04
 2.22004e-04
 4.38082e-05
 6.63289e-07
 0.00000e+00
 0.00000e+00
 0.00000e+00
 0.00000e+00
 0.00000e+00
 0.00000e+00
 0.00000e+00
 0.00000e+00
-1.08596e-08
-3.92434e-08
-1.17308e-07
-1.59291e-07
-1.41300e-07
 1.96412e-07
 2.24852e-07
 5.40476e-08
-3.23085e-06
-7.80257e-06
 1.25164e-05
 4.11277e-05
 0.00000e+00
 1.54874e-04
 2.22004e-04
 4.38082e-05
 6.63289e-07
 0.00000e+00
 0.00000e+00
 0.00000e+00
 0.00000e+00
 0.00000e+00
 0.00000e+00
 0.00000e+00
 0.00000e+00
-1.08596e-08
-3.92434e-08
-1.17308e-07
-1.59291e-07
-1.41300e-07
 1.96412e-07
 2.24852e-07
 5.40476e-08
-3.23085e-06
-7.80257e-06
 1.25164e-05
 4.11277e-05
 0.00000e+00
 1.54874e-04
 2.22004e-04
 4.38082e-05
 6.63289e-07
 0.00000e+00
 0.00000e+00
 0.00000e+00
 0.00000e+00
 0.00000e+00
 0.00000e+00
 0.00000e+00
 0.00000e+00
-1.08596e-08
-3.92434e-08
-1.17308e-07
-1.59291e-07
-1.41300e-07
 1.96412e-07
 2.24852e-07
 5.40476e-08
-3.23085e-06
-7.80257e-06
 1.25164e-05
 4.11277e-05
 0.00000e+00
 1.54874e-04
 2.22004e-04
 4.38082e-05
 6.63289e-07
 0.00000e+00
 0.00000e+00
 0.00000e+00
 0.00000e+00
 0.00000e+00
 0.00000e+00
 0.00000e+00
 0.00000e+00
-1.08596e-08
-3.92434e-08
-1.17308e-07
-1.59291e-07
-1.41300e-07
 1.96412e-07
 2.24852e-07
 5.40476e-08
-3.23085e-06
-7.80257e-06
 1.25164e-05
 4.11277e-05
 0.00000e+00
 1.54874e-04
 2.22004e-04
 4.38082e-05
 6.63289e-07
 0.00000e+00
 0.00000e+00
 0.00000e+00
 0.00000e+00
 0.00000e+00
 0.00000e+00
 0.00000e+00
 0.00000e+00
-1.08596e-08
-3.92434e-08
-1.17308e-07
-1.59291e-07
-1.41300e-07
 1.96412e-07
 2.24852e-07
 5.40476e-08
-3.23085e-06
-7.80257e-06
 1.25164e-05
 4.11277e-05
 0.00000e+00
 1.54874e-04
 2.22004e-04
 4.38082e-05
 6.63289e-07
 0.00000e+00
 0.00000e+00
 0.00000e+00
 0.00000e+00
 0.00000e+00
 0.00000e+00
 0.00000e+00
 0.00000e+00
-1.08596e-08
-3.92434e-08
-1.17308e-07
-1.59291e-07
-1.41300e-07
 1.96412e-07
 2.24852e-07
 5.40476e-08
-3.23085e-06
-7.80257e-06
 1.25164e-05
 4.11277e-05
 0.00000e+00
 1.54874e-04
 2.22004e-04
 4.38082e-05
 6.63289e-07
 0.00000e+00
 0.00000e+00
 0.00000e+00
 0.00000e+00
 0.00000e+00
 0.00000e+00
 0.00000e+00
 0.00000e+00
-1.08596e-08
-3.92434e-08
-1.17308e-07
-1.59291e-07
-1.41300e-07
 1.96412e-07
 2.24852e-07
 5.40476e-08
-3.23085e-06
-7.80257e-06
 1.25164e-05
 4.11277e-05
 0.00000e+00
 1.54874e-04
 2.22004e-04
 4.38082e-05
 6.63289e-07
 0.00000e+00
 0.00000e+00
 0.00000e+00
part
         4
hexa8
 0.00000e+00
 9.01318e-05
 4.13969e-04
 1.01671e-03
 2.26119e-03
 4.73762e-03
 9.74297e-03
 1.68245e-02
 2.56975e-02
 3.14794e-02
 4.10627e-02
 3.97840e-02
 2.81004e-02
 1.44903e-02
 5.45234e-03
 1.65494e-03
 4.56202e-04
 1.20990e-04
 3.14154e-05
 8.01414e-06
 2.00815e-06
 4.93729e-07
 1.19014e-07
 2.83248e-08
 8.14078e-09
 0.00000e+00
 9.01318e-05
 4.13969e-04
 1.01671e-03
 2.26119e-03
 4.73762e-03
 9.74297e-03
 1.68245e-02
 2.56975e-02
 3.14794e-02
 4.10627e-02
 3.97840e-02
 2.81004e-02
 1.44903e-02
 5.45234e-03
 1.65494e-03
 4.56202e-04
 1.20990e-04
 3.14154e-05
 8.01414e-06
 2.00815e-06
 4.93729e-07
 1.19014e-07
 2.83248e-08
 8.14078e-09
 0.00000e+00
 9.01318e-05
 4.13969e-04
 1.01671e-03
 2.26119e-03
 4.73762e-03
 9.74297e-03
 1.68245e-02
 2.56975e-02
 3.14794e-02
 4.10627e-02
 3.97840e-02
 2.81004e-02
 1.44903e-02
 5.45234e-03
 1.65494e-03
 4.56202e-04
 1.20990e-04
 3.14154e-05
 8.01414e-06
 2.00815e-06
 4.93729e-07
 1.19014e-07
 2.83248e-08
 8.14078e-09
 0.00000e+00
 9.01318e-05
 4.13969e-04
 1.01671e-03
 2.26119e-03
 4.73762e-03
 9.74297e-03
 1.68245e-02
 2.56975e-02
 3.14794e-02
 4.10627e-02
 3.97840e-02
 2.81004e-02
 1.44903e-02
 5.45234e-03
 1.65494e-03
 4.56202e-04
 1.20990e-04
 3.14154e-05
 8.01414e-06
 2.00815e-06
 4.93729e-07
 1.19014e-07
 2.83248e-08
 8.14078e-09
 0.00000e+00
 9.01318e-05
 4.13969e-04
 1.01671e-03
 2.26119e-03
 4.73762e-03
 9.74297e-03
 1.68245e-02
 2.56975e-02
 3.14794e-02
 4.10627e-02
 3.97840e-02
 2.81004e-02
 1.44903e-02
 5.45234e-03
 1.65494e-03
 4.56202e-04
 1.20990e-04
 3.14154e-05
 8.01414e-06
 2.00815e-06
 4.93729e-07
 1.19014e-07
 2.83248e-08
 8.14078e-09
 0.00000e+00
 9.01318e-05
 4.13969e-04
 1.01671e-03
 2.26119e-03
 4.73762e-03
 9.74297e-03
 1.68245e-02
 2.56975e-02
 3.14794e-02
 4.10627e-02
 3.97840e-02
 2.81004e-02
 1.44903e-02
 5.45234e-03
 1.65494e-03
 4.56202e-04
 1.20990e-04
 3.14154e-05
 8.01414e-06
 2.00815e-06
 4.93729e-07
 1.19014e-07
 2.83248e-08
 8.14078e-09
 0.00000e+00
 9.01318e-05
 4.13969e-04
 1.01671e-03
 2.26119e-03
 4.73762e-03
 9.74297e-03
 1.68245e-02
 2.56975e-02
 3.14794e-02
 4.10627e-02
 3.97840e-02
 2.81004e-02
 1.44903e-02
 5.45234e-03
 1.65494e-03
 4.56202e-04
 1.20990e-04
 3.14154e-05
 8.01414e-06
 2.00815e-06
 4.93729e-07
 1.19014e-07
 2.83248e-08
 8.14078e-09
 0.00000e+00
 9.01318e-05
 4.13969e-04
 1.01671e-03
 2.26119e-03
 4.73762e-03
 9.74297e-03
 1.68245e-02
 2.56975e-02
 3.14794e-02
 4.10627e-02
 3.97840e-02
 2.81004e-02
 1.44903e-02
 5.45234e-03
 1.65494e-03
 4.56202e-04
 1.20990e-04
 3.14154e-05
 8.01414e-06
 2.00815e-06
 4.93729e-07
 1.19014e-07
 2.83248e-08
 8.14078e-09
 0.00000e+00
 9.01318e-05
 4.13969e-04
 1.01671e-03
 2.26119e-03
 4.73762e-03
 9.74297e-03
 1.68245e-02
 2.56975e-02
 3.14794e-02
 4.10627e-02
 3.97840e-02
 2.81004e-02
 1.44903e-02
 5.45234e-03
 1.65494e-03
 4.56202e-04
 1.20990e-04
 3.14154e-05
 8.01414e-06
 2.00815e-06
 4.93729e-07
 1.19014e-07
 2.83248e-08
 8.14078e-09
 0.00000e+00
 9.01318e-05
 4.13969e-04
 1.01671e-03
 2.26119e-03
 4.73762e-03
 9.74297e-03
 1.68245e-02
 2.56975e-02
 3.14794e-02
 4.10627e-02
 3.97840e-02
 2.81004e-02
 1.44903e-02
 5.45234e-03
 1.65494e-03
 4.56202e-04
 1.20990e-04
 3.14154e-05
 8.01414e-06
 2.00815e-06
 4.93729e-07
 1.19014e-07
 2.83248e-08
 8.14078e-09
 0.00000e+00
 9.01318e-05
 4.13969e-04
 1.01671e-03
 2.26119e-03
 4.73762e-03
 9.74297e-03
 1.68245e-02
 2.56975e-02
 3.14794e-02
 4.10627e-02
 3.97840e-02
 2.81004e-02
 1.44903e-02
 5.45234e-03
 1.65494e-03
 4.56202e-04
 1.20990e-04
 3.14154e-05
 8.01414e-06
 2.00815e-06
 4.93729e-07
 1.19014e-07
 2.83248e-08
 8.14078e-09
 0.00000e+00
 9.01318e-05
 4.13969e-04
 1.01671e-03
 2.26119e-03
 4.73762e-03
 9.74297e-03
 1.68245e-02
 2.56975e-02
 3.14794e-02
 4.10627e-02
 3.97840e-02
 2.81004e-02
 1.44903e-02
 5.45234e-03
 1.65494e-03
 4.56202e-04
 1.20990e-04
 3.14154e-05
 8.01414e-06
 2.00815e-06
 4.93729e-07
 1.19014e-07
 2.83248e-08
 8.14078e-09
 0.00000e+00
 9.01318e-05
 4.13969e-04
 1.01671e-03
 2.26119e-03
 4.73762e-03
 9.74297e-03
 1.68245e-02
 2.56975e-02
 3.14794e-02
 4.10627e-02
 3.97840e-02
 2.81004e-02
 1.44903e-02
 5.45234e-03
 1.65494e-03
 4.56202e-04
 1.20990e-04
 3.14154e-05
 8.01414e-06
 2.00815e-06
 4.93729e-07
 1.19014e-07
 2.83248e-08
 8.14078e-09
 0.00000e+00
 9.01318e-05
 4.13969e-04
 1.01671e-03
 2.26119e-03
 4.73762e-03
 9.74297e-03
 1.68245e-02
 2.56975e-02
 3.14794e-02
 4.10627e-02
 3.97840e-02
 2.81004e-02
 1.44903e-02
 5.45234e-03
 1.65494e-03
 4.56202e-04
 1.20990e-04
 3.14154e-05
 8.01414e-06
 2.00815e-06
 4.93729e-07
 1.19014e-07
 2.83248e-08
 8.14078e-09
 0.00000e+00
 9.01318e-05
 4.13969e-04
 1.01671e-03
 2.26119e-03
 4.73762e-03
 9.74297e-03
 1.68245e-02
 2.56975e-02
 3.14794e-02
 4.10627e-02
 3.97840e-02
 2.81004e-02
 1.44903e-02
 5.45234e-03
 1.65494e-03
 4.56202e-04
 1.20990e-04
 3.14154e-05
 8.01414e-06
 2.00815e-06
 4.93729e-07
 1.19014e-07
 2.83248e-08
 8.14078e-09
 0.00000e+00
 9.01318e-05
 4.13969e-04
 1.01671e-03
 2.26119e-03
 4.73762e-03
 9.74297e-03
 1.68245e-02
 2.56975e-02
 3.14794e-02
 4.10627e-02
 3.97840e-02
 2.81004e-02
 1.44903e-02
 5.45234e-03
 1.65494e-03
 4.56202e-04
 1.20990e-04
 3.14154e-05
 8.01414e-06
 2.00815e-06
 4.93729e-07
 1.19014e-07
 2.83248e-08
 8.14077e-09
 0.00000e+00
 9.01318e-05
 4.13969e-04
 1.01671e-03
 2.26119e-03
 4.73762e-03
 9.74297e-03
 1.68245e-02
 2.56975e-02
 3.14794e-02
 4.10627e-02
 3.97840e-02
 2.81004e-02
 1.44903e-02
 5.45234e-03
 1.65494e-03
 4.56202e-04
 1.20990e-04
 3.14154e-05
 8.01414e-06
 2.00815e-06
 4.93729e-07
 1.19014e-07
 2.83248e-08
 8.14078e-09
 0.00000e+00
 9.01318e-05
 4.13969e-04
 1.01671e-03
 2.26119e-03
 4.73762e-03
 9.74297e-03
 1.68245e-02
 2.56975e-02
 3.14794e-02
 4.10627e-02
 3.97840e-02
 2.81004e-02
 1.44903e-02
 5.45234e-03
 1.65494e-03
 4.56202e-04
 1.20990e-04
 3.14154e-05
 8.01414e-06
 2.00815e-06
 4.93729e-07
 1.19014e-07
 2.83248e-08
 8.14078e-09
 0.00000e+00
 9.01318e-05
 4.13969e-04
 1.01671e-03
 2.26119e-03
 4.73762e-03
 9.74297e-03
 1.68245e-02
 2.56975e-02
 3.14794e-02
 4.10627e-02
 3.97840e-02
 2.81004e-02
 1.44903e-02
 5.45234e-03
 1.65494e-03
 4.56202e-04
 1.20990e-04
 3.14154e-05
 8.01414e-06
 2.00815e-06
 4.93729e-07
 1.19014e-07
 2.83248e-08
 8.14078e-09
 0.00000e+00
 9.01318e-05
 4.13969e-04
 1.01671e-03
 2.26119e-03
 4.73762e-03
 9.74297e-03
 1.68245e-02
 2.56975e-02
 3.14794e-02
 4.10627e-02
 3.97840e-02
 2.81004e-02
 1.44903e-02
 5.45234e-03
 1.65494e-03
 4.56202e-04
 1.20990e-04
 3.14154e-05
 8.01414e-06
 2.00815e-06
 4.93729e-07
 1.19014e-07
 2.83248e-08
 8.14078e-09
 0.00000e+00
 9.01318e-05
 4.13969e-04
 1.01671e-03
 2.26119e-03
 4.73762e-03
 9.74297e-03
 1.68245e-02
 2.56975e-02
 3.14794e-02
 4.10627e-02
 3.97840e-02
 2.81004e-02
 1.44903e-02
 5.45234e-03
 1.65494e-03
 4.56202e-04
 1.20990e-04
 3.14154e-05
 8.01414e-06
 2.00815e-06
 4.93729e-07
 1.19014e-07
 2.83248e-08
 8.14078e-09
 0.00000e+00
 9.01318e-05
 4.13969e-04
 1.01671e-03
 2.26119e-03
 4.73762e-03
 9.74297e-03
 1.68245e-02
 2.56975e-02
 3.14794e-02
 4.10627e-02
 3.97840e-02
 2.81004e-02
 1.44903e-02
 5.45234e-03
 1.65494e-03
 4.56202e-04
 1.20990e-04
 3.14154e-05
 8.01414e-06
 2.00815e-06
 4.93729e-07
 1.19014e-07
 2.83248e-08
 8.14078e-09
 0.00000e+00
 9.01318e-05
 4.13969e-04
 1.01671e-03
 2.26119e-03
 4.73762e-03
 9.74297e-03
 1.68245e-02
 2.56975e-02
 3.14794e-02
 4.10627e-02
 3.97840e-02
 2.81004e-02
 1.44903e-02
 5.45234e-03
 1.65494e-03
 4.56202e-04
 1.20990e-04
 3.14154e-05
 8.01414e-06
 2.00815e-06
 4.93729e-07
 1.19014e-07
 2.83248e-08
 8.14078e-09
 0.00000e+00
 9.01318e-05
 4.13969e-04
 1.01671e-03
 2.26119e-03
 4.73762e-03
 9.74297e-03
 1.68245e-02
 2.56975e-02
 3.14794e-02
 4.10627e-02
 3.97840e-02
 2.81004e-02
 1.44903e-02
 5.45234e-03
 1.65494e-03
 4.56202e-04
 1.20990e-04
 3.14154e-05
 8.01414e-06
 2.00815e-06
 4.93729e-07
 1.19014e-07
 2.83248e-08
 8.14078e-09
 0.00000e+00
 9.01318e-05
 4.13969e-04
 1.01671e-03
 2.26119e-03
 4.73762e-03
 9.74297e-03
 1.68245e-02
 2.56975e-02
 3.14794e-02
 4.10627e-02
 3.97840e-02
 2.81004e-02
 1.44903e-02
 5.45234e-03
 1.65494e-03
 4.56202e-04
 1.20990e-04
 3.14154e-05
 8.01414e-06
 2.00815e-06
 4.93729e-07
 1.19014e-07
 2.83248e-08
 8.14078e-09
