PseudoViscosity
part
         1
quad4
 4.91247e-08
 9.22608e-08
 8.47815e-08
 9.13493e-08
 1.08359e-07
 9.38095e-08
 1.21380e-07
 1.18857e-07
 1.17773e-07
 1.45582e-07
 1.53408e-07
 1.63221e-07
 1.71762e-07
 1.75706e-07
 1.92013e-07
 1.93406e-07
 2.06691e-07
 2.33734e-07
 2.49053e-07
 2.50678e-07
 2.55779e-07
 2.72554e-07
 2.96585e-07
 3.21700e-07
 3.46000e-07
 3.73252e-07
 4.05125e-07
 4.39744e-07
 4.82990e-07
 5.33827e-07
 5.95647e-07
 6.70263e-07
 7.58374e-07
 8.73183e-07
 1.02094e-06
 1.23179e-06
 1.51412e-06
 1.96297e-06
 2.62581e-06
 3.15692e-06
 2.73672e-06
 4.04630e-07
 0.00000e+00
 0.00000e+00
 0.00000e+00
 0.00000e+00
 0.00000e+00
 0.00000e+00
 0.00000e+00
 0.00000e+00
 0.00000e+00
 1.88657e-05
 2.23297e-06
 2.13263e-08
 1.14293e-10
 1.41294e-14
 0.00000e+00
 0.00000e+00
 0.00000e+00
 0.00000e+00
 9.16385e-08
 7.56805e-08
 9.19909e-08
 9.59294e-08
 9.68685e-08
 1.11277e-07
 1.13627e-07
 1.04470e-07
 1.11165e-07
 1.23049e-07
 1.24187e-07
 1.41222e-07
 1.49380e-07
 1.49405e-07
 1.52083e-07
 1.64308e-07
 1.78820e-07
 1.98574e-07
 2.13972e-07
 2.27695e-07
 2.31689e-07
 2.51309e-07
 2.76372e-07
 3.02587e-07
 3.29548e-07
 3.58063e-07
 3.89849e-07
 4.28364e-07
 4.72019e-07
 5.25792e-07
 5.87028e-07
 6.62673e-07
 7.51938e-07
 8.68346e-07
 1.01975e-06
 1.22882e-06
 1.51921e-06
 1.97358e-06
 2.63894e-06
 3.16033e-06
 2.71645e-06
 3.49126e-07
 0.00000e+00
 0.00000e+00
 0.00000e+00
 0.00000e+00
 0.00000e+00
 0.00000e+00
 0.00000e+00
 0.00000e+00
 0.00000e+00
 1.88123e-05
 2.08430e-06
 1.98937e-08
 1.02435e-10
 1.21261e-14
 0.00000e+00
 0.00000e+00
 0.00000e+00
 0.00000e+00
 8.56284e-08
 9.11761e-08
 1.05748e-07
 8.45411e-08
 9.56234e-08
 8.59875e-08
 1.05787e-07
 1.06126e-07
 1.05057e-07
 1.34014e-07
 1.30863e-07
 1.28302e-07
 1.38311e-07
 1.49617e-07
 1.57788e-07
 1.71619e-07
 1.76740e-07
 1.99733e-07
 2.14843e-07
 2.24512e-07
 2.36900e-07
 2.51345e-07
 2.74773e-07
 3.02037e-07
 3.28458e-07
 3.57053e-07
 3.92113e-07
 4.26691e-07
 4.73404e-07
 5.24307e-07
 5.89103e-07
 6.65494e-07
 7.56668e-07
 8.75148e-07
 1.02355e-06
 1.24470e-06
 1.53066e-06
 1.99342e-06
 2.66553e-06
 3.17223e-06
 2.66281e-06
 1.92084e-07
 0.00000e+00
 0.00000e+00
 0.00000e+00
 0.00000e+00
 0.00000e+00
 0.00000e+00
 0.00000e+00
 0.00000e+00
 0.00000e+00
 1.86136e-05
 1.80472e-06
 1.72444e-08
 8.19296e-11
 8.70612e-15
 0.00000e+00
 0.00000e+00
 0.00000e+00
 0.00000e+00
 8.86685e-08
 9.73656e-08
 8.38053e-08
 9.09340e-08
 8.57452e-08
 9.43223e-08
 9.37354e-08
 9.64460e-08
 1.08157e-07
 1.11626e-07
 1.17797e-07
 1.37999e-07
 1.35881e-07
 1.53250e-07
 1.49143e-07
 1.72092e-07
 1.86028e-07
 2.00518e-07
 2.11133e-07
 2.34007e-07
 2.37390e-07
 2.55058e-07
 2.80352e-07
 3.05948e-07
 3.32618e-07
 3.62740e-07
 3.94243e-07
 4.34668e-07
 4.76186e-07
 5.33265e-07
 5.93685e-07
 6.72099e-07
 7.65017e-07
 8.81324e-07
 1.04280e-06
 1.25557e-06
 1.55651e-06
 2.03341e-06
 2.71382e-06
 3.18038e-06
 2.57253e-06
 0.00000e+00
 0.00000e+00
 0.00000e+00
 0.00000e+00
 0.00000e+00
 0.00000e+00
 0.00000e+00
 0.00000e+00
 0.00000e+00
 0.00000e+00
 1.81095e-05
 1.43346e-06
 1.38314e-08
 5.80183e-11
 5.20234e-15
 0.00000e+00
 0.00000e+00
 0.00000e+00
 0.00000e+00
 1.08296e-07
 9.59625e-08
 9.59863e-08
 8.55024e-08
 8.74060e-08
 8.69151e-08
 1.01201e-07
 9.58545e-08
 1.01087e-07
 1.03884e-07
 1.15195e-07
 1.30599e-07
 1.32494e-07
 1.48741e-07
 1.52726e-07
 1.72825e-07
 1.82283e-07
 1.98251e-07
 2.16149e-07
 2.26225e-07
 2.42712e-07
 2.56857e-07
 2.79528e-07
 3.07356e-07
 3.34892e-07
 3.62597e-07
 4.00043e-07
 4.33972e-07
 4.84388e-07
 5.34987e-07
 6.03910e-07
 6.80599e-07
 7.73565e-07
 9.00108e-07
 1.05374e-06
 1.28643e-06
 1.58761e-06
 2.08805e-06
 2.77005e-06
 3.19118e-06
 2.46688e-06
 0.00000e+00
 0.00000e+00
 0.00000e+00
 0.00000e+00
 0.00000e+00
 0.00000e+00
 0.00000e+00
 0.00000e+00
 0.00000e+00
 0.00000e+00
 1.71032e-05
 1.02998e-06
 1.02126e-08
 3.59882e-11
 2.60498e-15
 0.00000e+00
 0.00000e+00
 0.00000e+00
 0.00000e+00
 9.32749e-08
 1.11351e-07
 8.56444e-08
 9.42248e-08
 8.68210e-08
 9.44851e-08
 9.29732e-08
 1.01558e-07
 9.75833e-08
 1.09376e-07
 1.16478e-07
 1.27260e-07
 1.36439e-07
 1.50453e-07
 1.57375e-07
 1.72135e-07
 1.89850e-07
 2.00868e-07
 2.11617e-07
 2.38342e-07
 2.43306e-07
 2.60024e-07
 2.85797e-07
 3.11825e-07
 3.38400e-07
 3.70656e-07
 4.00179e-07
 4.45441e-07
 4.86702e-07
 5.47859e-07
 6.10502e-07
 6.91066e-07
 7.90886e-07
 9.09793e-07
 1.08657e-06
 1.30834e-06
 1.63472e-06
 2.15387e-06
 2.84379e-06
 3.20540e-06
 2.32762e-06
 0.00000e+00
 0.00000e+00
 0.00000e+00
 0.00000e+00
 0.00000e+00
 0.00000e+00
 0.00000e+00
 0.00000e+00
 0.00000e+00
 0.00000e+00
 1.54067e-05
 6.59266e-07
 6.89103e-09
 1.92990e-11
 8.91177e-16
 0.00000e+00
 0.00000e+00
 0.00000e+00
 0.00000e+00
 1.21228e-07
 1.13365e-07
 1.05742e-07
 9.35319e-08
 1.01194e-07
 9.29409e-08
 9.91023e-08
 9.80318e-08
 1.05292e-07
 1.09038e-07
 1.22937e-07
 1.30795e-07
 1.45145e-07
 1.47368e-07
 1.61532e-07
 1.77946e-07
 1.89790e-07
 1.98745e-07
 2.24327e-07
 2.32718e-07
 2.49836e-07
 2.66296e-07
 2.88746e-07
 3.15121e-07
 3.45211e-07
 3.72883e-07
 4.12892e-07
 4.46916e-07
 5.01182e-07
 5.51552e-07
 6.24805e-07
 7.05462e-07
 8.02910e-07
 9.39918e-07
 1.10407e-06
 1.35471e-06
 1.68570e-06
 2.24108e-06
 2.93428e-06
 3.21567e-06
 2.13705e-06
 0.00000e+00
 0.00000e+00
 0.00000e+00
 0.00000e+00
 0.00000e+00
 0.00000e+00
 0.00000e+00
 0.00000e+00
 0.00000e+00
 3.97502e-06
 1.29349e-05
 3.72333e-07
 4.21184e-09
 8.80880e-12
 2.97059e-16
 0.00000e+00
 0.00000e+00
 0.00000e+00
 0.00000e+00
 1.18720e-07
 1.04402e-07
 1.06034e-07
 9.64661e-08
 9.57986e-08
 1.01564e-07
 9.80142e-08
 1.06440e-07
 1.11681e-07
 1.19044e-07
 1.28214e-07
 1.38285e-07
 1.46283e-07
 1.53469e-07
 1.69386e-07
 1.79747e-07
 1.92066e-07
 2.08826e-07
 2.19143e-07
 2.44617e-07
 2.52345e-07
 2.69306e-07
 2.94955e-07
 3.22265e-07
 3.47973e-07
 3.85306e-07
 4.13997e-07
 4.63422e-07
 5.05283e-07
 5.70305e-07
 6.36787e-07
 7.19021e-07
 8.31998e-07
 9.53957e-07
 1.15389e-06
 1.39166e-06
 1.75905e-06
 2.34742e-06
 3.04152e-06
 3.21014e-06
 1.87546e-06
 0.00000e+00
 0.00000e+00
 0.00000e+00
 0.00000e+00
 0.00000e+00
 0.00000e+00
 0.00000e+00
 0.00000e+00
 0.00000e+00
 1.06871e-05
 9.84006e-06
 1.88683e-07
 2.30765e-09
 3.35802e-12
 0.00000e+00
 0.00000e+00
 0.00000e+00
 0.00000e+00
 0.00000e+00
 1.17713e-07
 1.11072e-07
 1.05052e-07
 1.08097e-07
 1.01102e-07
 9.75396e-08
 1.05292e-07
 1.11671e-07
 1.18940e-07
 1.24367e-07
 1.32704e-07
 1.42909e-07
 1.50047e-07
 1.57765e-07
 1.74489e-07
 1.85072e-07
 1.98171e-07
 2.05973e-07
 2.35617e-07
 2.43063e-07
 2.57546e-07
 2.77714e-07
 3.02312e-07
 3.27405e-07
 3.61265e-07
 3.86132e-07
 4.31504e-07
 4.65296e-07
 5.26273e-07
 5.79928e-07
 6.53990e-07
 7.44279e-07
 8.47760e-07
 1.00094e-06
 1.18334e-06
 1.45579e-06
 1.84333e-06
 2.48065e-06
 3.15958e-06
 3.17286e-06
 1.52034e-06
 0.00000e+00
 0.00000e+00
 0.00000e+00
 0.00000e+00
 0.00000e+00
 0.00000e+00
 0.00000e+00
 0.00000e+00
 0.00000e+00
 1.60586e-05
 6.61981e-06
 9.14205e-08
 1.11726e-09
 1.04391e-12
 0.00000e+00
 0.00000e+00
 0.00000e+00
 0.00000e+00
 0.00000e+00
 1.45504e-07
 1.23009e-07
 1.33947e-07
 1.11617e-07
 1.03843e-07
 1.09378e-07
 1.09017e-07
 1.19044e-07
 1.24362e-07
 1.30276e-07
 1.39527e-07
 1.48403e-07
 1.53467e-07
 1.69849e-07
 1.80186e-07
 1.91923e-07
 1.98515e-07
 2.25067e-07
 2.33612e-07
 2.52538e-07
 2.64310e-07
 2.84058e-07
 3.09337e-07
 3.40510e-07
 3.64098e-07
 4.05389e-07
 4.32547e-07
 4.88275e-07
 5.31626e-07
 5.99904e-07
 6.75377e-07
 7.62265e-07
 8.89939e-07
 1.02226e-06
 1.24996e-06
 1.51558e-06
 1.95686e-06
 2.63839e-06
 3.28175e-06
 3.08188e-06
 1.04577e-06
 0.00000e+00
 0.00000e+00
 0.00000e+00
 0.00000e+00
 0.00000e+00
 0.00000e+00
 0.00000e+00
 0.00000e+00
 0.00000e+00
 1.90060e-05
 3.81136e-06
 4.48179e-08
 4.65111e-10
 2.56553e-13
 0.00000e+00
 0.00000e+00
 0.00000e+00
 0.00000e+00
 0.00000e+00
 1.53363e-07
 1.24136e-07
 1.30835e-07
 1.17755e-07
 1.15179e-07
 1.16450e-07
 1.22930e-07
 1.28199e-07
 1.32704e-07
 1.39524e-07
 1.49577e-07
 1.53597e-07
 1.66704e-07
 1.75612e-07
 1.87217e-07
 1.92634e-07
 2.14748e-07
 2.24048e-07
 2.48472e-07
 2.55944e-07
 2.70796e-07
 2.93640e-07
 3.21600e-07
 3.44765e-07
 3.83676e-07
 4.06830e-07
 4.57600e-07
 4.93587e-07
 5.56720e-07
 6.17654e-07
 6.95688e-07
 8.02523e-07
 9.06649e-07
 1.08918e-06
 1.29742e-06
 1.60545e-06
 2.09337e-06
 2.82450e-06
 3.39347e-06
 2.90986e-06
 4.22053e-07
 0.00000e+00
 0.00000e+00
 0.00000e+00
 0.00000e+00
 0.00000e+00
 0.00000e+00
 0.00000e+00
 0.00000e+00
 0.00000e+00
 1.86923e-05
 1.80767e-06
 2.12706e-08
 1.58684e-10
 4.82759e-14
 0.00000e+00
 0.00000e+00
 0.00000e+00
 0.00000e+00
 0.00000e+00
 1.63182e-07
 1.41201e-07
 1.28267e-07
 1.37987e-07
 1.30568e-07
 1.27253e-07
 1.30774e-07
 1.38284e-07
 1.42900e-07
 1.48402e-07
 1.53595e-07
 1.66025e-07
 1.74136e-07
 1.81735e-07
 1.89040e-07
 2.08594e-07
 2.16287e-07
 2.43505e-07
 2.49955e-07
 2.63051e-07
 2.81152e-07
 3.05512e-07
 3.28300e-07
 3.64301e-07
 3.85195e-07
 4.32621e-07
 4.61698e-07
 5.21900e-07
 5.71285e-07
 6.42847e-07
 7.30689e-07
 8.21749e-07
 9.69291e-07
 1.12787e-06
 1.38138e-06
 1.70402e-06
 2.26865e-06
 3.03302e-06
 3.47490e-06
 2.62045e-06
 0.00000e+00
 0.00000e+00
 0.00000e+00
 0.00000e+00
 0.00000e+00
 0.00000e+00
 0.00000e+00
 0.00000e+00
 0.00000e+00
 0.00000e+00
 1.51595e-05
 6.82494e-07
 9.04583e-09
 4.23617e-11
 6.77142e-15
 0.00000e+00
 0.00000e+00
 0.00000e+00
 0.00000e+00
 0.00000e+00
 1.71732e-07
 1.49349e-07
 1.38299e-07
 1.35853e-07
 1.32490e-07
 1.36417e-07
 1.45142e-07
 1.46270e-07
 1.50046e-07
 1.53462e-07
 1.66704e-07
 1.74135e-07
 1.80543e-07
 1.87176e-07
 2.05475e-07
 2.11004e-07
 2.38619e-07
 2.45169e-07
 2.59136e-07
 2.72143e-07
 2.92500e-07
 3.14555e-07
 3.48467e-07
 3.67620e-07
 4.12010e-07
 4.35372e-07
 4.92171e-07
 5.31820e-07
 5.99724e-07
 6.73214e-07
 7.50806e-07
 8.79058e-07
 9.97145e-07
 1.21510e-06
 1.45562e-06
 1.84066e-06
 2.48075e-06
 3.25693e-06
 3.49438e-06
 2.16945e-06
 0.00000e+00
 0.00000e+00
 0.00000e+00
 0.00000e+00
 0.00000e+00
 0.00000e+00
 0.00000e+00
 0.00000e+00
 0.00000e+00
 1.16321e-05
 9.73483e-06
 2.13143e-07
 3.30562e-09
 8.80776e-12
 5.94118e-16
 0.00000e+00
 0.00000e+00
 0.00000e+00
 0.00000e+00
 0.00000e+00
 1.75684e-07
 1.49391e-07
 1.49595e-07
 1.53240e-07
 1.48724e-07
 1.50450e-07
 1.47357e-07
 1.53466e-07
 1.57758e-07
 1.69848e-07
 1.75609e-07
 1.81734e-07
 1.87176e-07
 2.04404e-07
 2.08442e-07
 2.35630e-07
 2.41689e-07
 2.56893e-07
 2.66404e-07
 2.83185e-07
 3.03507e-07
 3.34893e-07
 3.53284e-07
 3.95877e-07
 4.14484e-07
 4.68585e-07
 5.00566e-07
 5.63524e-07
 6.25848e-07
 6.97711e-07
 8.05465e-07
 9.01254e-07
 1.08385e-06
 1.27928e-06
 1.56611e-06
 2.00858e-06
 2.73839e-06
 3.47678e-06
 3.40906e-06
 1.50113e-06
 0.00000e+00
 0.00000e+00
 0.00000e+00
 0.00000e+00
 0.00000e+00
 0.00000e+00
 0.00000e+00
 0.00000e+00
 0.00000e+00
 1.87938e-05
 4.78965e-06
 6.92008e-08
 1.01763e-09
 1.37020e-12
 1.44721e-16
 0.00000e+00
 0.00000e+00
 0.00000e+00
 0.00000e+00
 0.00000e+00
 1.92001e-07
 1.52073e-07
 1.57778e-07
 1.49132e-07
 1.52716e-07
 1.57362e-07
 1.61526e-07
 1.69380e-07
 1.74487e-07
 1.80181e-07
 1.87215e-07
 1.89037e-07
 2.05475e-07
 2.08442e-07
 2.34827e-07
 2.39896e-07
 2.55364e-07
 2.62914e-07
 2.77160e-07
 2.95101e-07
 3.24066e-07
 3.41836e-07
 3.82300e-07
 3.98260e-07
 4.49447e-07
 4.75566e-07
 5.36617e-07
 5.87699e-07
 6.54948e-07
 7.49917e-07
 8.29357e-07
 9.81595e-07
 1.13697e-06
 1.38545e-06
 1.68871e-06
 2.23166e-06
 3.03468e-06
 3.66163e-06
 3.16289e-06
 5.67082e-07
 0.00000e+00
 0.00000e+00
 0.00000e+00
 0.00000e+00
 0.00000e+00
 0.00000e+00
 0.00000e+00
 0.00000e+00
 0.00000e+00
 1.85239e-05
 1.72144e-06
 2.44890e-08
 2.49216e-10
 1.51668e-13
 0.00000e+00
 0.00000e+00
 0.00000e+00
 0.00000e+00
 0.00000e+00
 0.00000e+00
 1.93394e-07
 1.64301e-07
 1.71608e-07
 1.72087e-07
 1.72816e-07
 1.72131e-07
 1.77938e-07
 1.79743e-07
 1.85066e-07
 1.91922e-07
 1.92631e-07
 2.08593e-07
 2.11003e-07
 2.35630e-07
 2.39896e-07
 2.54685e-07
 2.61275e-07
 2.73959e-07
 2.89612e-07
 3.16114e-07
 3.33142e-07
 3.71731e-07
 3.85675e-07
 4.34151e-07
 4.55859e-07
 5.12964e-07
 5.56571e-07
 6.19749e-07
 7.00222e-07
 7.72974e-07
 9.08602e-07
 1.02368e-06
 1.24414e-06
 1.48267e-06
 1.86130e-06
 2.51218e-06
 3.35808e-06
 3.76044e-06
 2.68275e-06
 0.00000e+00
 0.00000e+00
 0.00000e+00
 0.00000e+00
 0.00000e+00
 0.00000e+00
 0.00000e+00
 0.00000e+00
 0.00000e+00
 6.30534e-06
 1.26190e-05
 4.40661e-07
 7.68495e-09
 4.30564e-11
 1.11968e-14
 0.00000e+00
 0.00000e+00
 0.00000e+00
 0.00000e+00
 0.00000e+00
 0.00000e+00
 2.06681e-07
 1.78810e-07
 1.76735e-07
 1.86018e-07
 1.82278e-07
 1.89841e-07
 1.89787e-07
 1.92060e-07
 1.98169e-07
 1.98511e-07
 2.14746e-07
 2.16285e-07
 2.38619e-07
 2.41688e-07
 2.55364e-07
 2.61275e-07
 2.73009e-07
 2.86964e-07
 3.11320e-07
 3.27350e-07
 3.64127e-07
 3.76498e-07
 4.22768e-07
 4.40500e-07
 4.95700e-07
 5.31142e-07
 5.91723e-07
 6.61665e-07
 7.25915e-07
 8.46276e-07
 9.45821e-07
 1.13543e-06
 1.33200e-06
 1.62272e-06
 2.08527e-06
 2.86059e-06
 3.67434e-06
 3.70025e-06
 1.86904e-06
 0.00000e+00
 0.00000e+00
 0.00000e+00
 0.00000e+00
 0.00000e+00
 0.00000e+00
 0.00000e+00
 0.00000e+00
 0.00000e+00
 1.83719e-05
 5.81501e-06
 1.02994e-07
 1.95198e-09
 5.19491e-12
 5.94118e-16
 0.00000e+00
 0.00000e+00
 0.00000e+00
 0.00000e+00
 0.00000e+00
 0.00000e+00
 2.33726e-07
 1.98568e-07
 1.99725e-07
 2.00513e-07
 1.98245e-07
 2.00864e-07
 1.98740e-07
 2.08823e-07
 2.05970e-07
 2.25065e-07
 2.24046e-07
 2.43505e-07
 2.45169e-07
 2.56893e-07
 2.62914e-07
 2.73959e-07
 2.86964e-07
 3.09773e-07
 3.24341e-07
 3.59486e-07
 3.70526e-07
 4.14977e-07
 4.29470e-07
 4.82866e-07
 5.11974e-07
 5.71699e-07
 6.31189e-07
 6.94895e-07
 8.02880e-07
 8.76533e-07
 1.04765e-06
 1.21554e-06
 1.46456e-06
 1.79238e-06
 2.39119e-06
 3.26419e-06
 3.92487e-06
 3.38574e-06
 6.79912e-07
 0.00000e+00
 0.00000e+00
 0.00000e+00
 0.00000e+00
 0.00000e+00
 0.00000e+00
 0.00000e+00
 0.00000e+00
 0.00000e+00
 1.84535e-05
 1.74520e-06
 2.92355e-08
 3.83682e-10
 4.15952e-13
 0.00000e+00
 0.00000e+00
 0.00000e+00
 0.00000e+00
 0.00000e+00
 0.00000e+00
 0.00000e+00
 2.49048e-07
 2.13967e-07
 2.14839e-07
 2.11129e-07
 2.16145e-07
 2.11613e-07
 2.24325e-07
 2.19140e-07
 2.35615e-07
 2.33610e-07
 2.48471e-07
 2.49954e-07
 2.59136e-07
 2.66404e-07
 2.77160e-07
 2.89612e-07
 3.11320e-07
 3.24341e-07
 3.57946e-07
 3.67615e-07
 4.10340e-07
 4.22235e-07
 4.74043e-07
 4.98462e-07
 5.55753e-07
 6.08762e-07
 6.66449e-07
 7.65289e-07
 8.32082e-07
 9.83384e-07
 1.11585e-06
 1.34647e-06
 1.60382e-06
 2.03752e-06
 2.78667e-06
 3.68965e-06
 4.01417e-06
 2.68056e-06
 0.00000e+00
 0.00000e+00
 0.00000e+00
 0.00000e+00
 0.00000e+00
 0.00000e+00
 0.00000e+00
 0.00000e+00
 0.00000e+00
 1.10953e-05
 1.08134e-05
 3.41523e-07
 7.41558e-09
 5.07434e-11
 2.07941e-14
 0.00000e+00
 0.00000e+00
 0.00000e+00
 0.00000e+00
 0.00000e+00
 0.00000e+00
 0.00000e+00
 2.50674e-07
 2.27693e-07
 2.24509e-07
 2.34005e-07
 2.26222e-07
 2.38340e-07
 2.32716e-07
 2.44616e-07
 2.43061e-07
 2.52537e-07
 2.55943e-07
 2.63050e-07
 2.72143e-07
 2.83185e-07
 2.95101e-07
 3.16114e-07
 3.27350e-07
 3.59486e-07
 3.67615e-07
 4.08854e-07
 4.18844e-07
 4.68637e-07
 4.89619e-07
 5.44769e-07
 5.92354e-07
 6.45447e-07
 7.37228e-07
 7.94508e-07
 9.29257e-07
 1.04583e-06
 1.25746e-06
 1.47260e-06
 1.80032e-06
 2.37711e-06
 3.27004e-06
 4.06084e-06
 3.81043e-06
 1.45582e-06
 0.00000e+00
 0.00000e+00
 0.00000e+00
 0.00000e+00
 0.00000e+00
 0.00000e+00
 0.00000e+00
 0.00000e+00
 0.00000e+00
 1.99991e-05
 3.74268e-06
 6.99460e-08
 1.44426e-09
 4.16474e-12
 6.32203e-16
 0.00000e+00
 0.00000e+00
 0.00000e+00
 0.00000e+00
 0.00000e+00
 0.00000e+00
 0.00000e+00
 2.55777e-07
 2.31687e-07
 2.36899e-07
 2.37388e-07
 2.42710e-07
 2.43305e-07
 2.49835e-07
 2.52343e-07
 2.57546e-07
 2.64309e-07
 2.70796e-07
 2.81151e-07
 2.92499e-07
 3.03506e-07
 3.24066e-07
 3.33142e-07
 3.64127e-07
 3.70526e-07
 4.10340e-07
 4.18844e-07
 4.66987e-07
 4.85244e-07
 5.38108e-07
 5.81373e-07
 6.31879e-07
 7.15140e-07
 7.68696e-07
 8.95876e-07
 9.91654e-07
 1.18272e-06
 1.37536e-06
 1.64657e-06
 2.07613e-06
 2.84145e-06
 3.79494e-06
 4.24877e-06
 3.12556e-06
 0.00000e+00
 0.00000e+00
 0.00000e+00
 0.00000e+00
 0.00000e+00
 0.00000e+00
 0.00000e+00
 0.00000e+00
 0.00000e+00
 3.97420e-06
 1.42417e-05
 7.40306e-07
 1.65795e-08
 2.03013e-10
 2.03067e-13
 0.00000e+00
 0.00000e+00
 0.00000e+00
 0.00000e+00
 0.00000e+00
 0.00000e+00
 0.00000e+00
 0.00000e+00
 2.72552e-07
 2.51308e-07
 2.51344e-07
 2.55057e-07
 2.56855e-07
 2.60024e-07
 2.66294e-07
 2.69306e-07
 2.77713e-07
 2.84058e-07
 2.93640e-07
 3.05511e-07
 3.14554e-07
 3.34893e-07
 3.41836e-07
 3.71731e-07
 3.76498e-07
 4.14977e-07
 4.22235e-07
 4.68637e-07
 4.85244e-07
 5.36128e-07
 5.75852e-07
 6.24191e-07
 7.01055e-07
 7.51982e-07
 8.71048e-07
 9.49929e-07
 1.12946e-06
 1.30155e-06
 1.54146e-06
 1.87246e-06
 2.48661e-06
 3.41868e-06
 4.25508e-06
 4.06439e-06
 1.77391e-06
 0.00000e+00
 0.00000e+00
 0.00000e+00
 0.00000e+00
 0.00000e+00
 0.00000e+00
 0.00000e+00
 0.00000e+00
 0.00000e+00
 1.97489e-05
 5.24125e-06
 1.16580e-07
 3.05532e-09
 1.61734e-11
 5.61366e-15
 0.00000e+00
 0.00000e+00
 0.00000e+00
 0.00000e+00
 0.00000e+00
 0.00000e+00
 0.00000e+00
 0.00000e+00
 2.96584e-07
 2.76371e-07
 2.74772e-07
 2.80351e-07
 2.79527e-07
 2.85796e-07
 2.88745e-07
 2.94954e-07
 3.02311e-07
 3.09337e-07
 3.21600e-07
 3.28300e-07
 3.48467e-07
 3.53283e-07
 3.82300e-07
 3.85674e-07
 4.22768e-07
 4.29470e-07
 4.74043e-07
 4.89619e-07
 5.38108e-07
 5.75852e-07
 6.21613e-07
 6.94587e-07
 7.41524e-07
 8.55370e-07
 9.23875e-07
 1.08875e-06
 1.24290e-06
 1.46982e-06
 1.74068e-06
 2.22556e-06
 3.05331e-06
 4.03812e-06
 4.46154e-06
 3.23634e-06
 0.00000e+00
 0.00000e+00
 0.00000e+00
 0.00000e+00
 0.00000e+00
 0.00000e+00
 0.00000e+00
 0.00000e+00
 0.00000e+00
 1.99290e-06
 1.53365e-05
 9.93967e-07
 2.42727e-08
 3.98670e-10
 7.19250e-13
 3.80845e-17
 0.00000e+00
 0.00000e+00
 0.00000e+00
 0.00000e+00
 0.00000e+00
 0.00000e+00
 0.00000e+00
 0.00000e+00
 3.21700e-07
 3.02586e-07
 3.02036e-07
 3.05948e-07
 3.07356e-07
 3.11825e-07
 3.15120e-07
 3.22264e-07
 3.27405e-07
 3.40510e-07
 3.44765e-07
 3.64301e-07
 3.67619e-07
 3.95877e-07
 3.98259e-07
 4.34151e-07
 4.40500e-07
 4.82866e-07
 4.98462e-07
 5.44769e-07
 5.81373e-07
 6.24191e-07
 6.94587e-07
 7.36209e-07
 8.47421e-07
 9.10128e-07
 1.06321e-06
 1.20474e-06
 1.41976e-06
 1.65351e-06
 2.04715e-06
 2.75370e-06
 3.74692e-06
 4.52642e-06
 4.13261e-06
 1.58430e-06
 0.00000e+00
 0.00000e+00
 0.00000e+00
 0.00000e+00
 0.00000e+00
 0.00000e+00
 0.00000e+00
 0.00000e+00
 0.00000e+00
 2.00093e-05
 5.33355e-06
 1.33772e-07
 4.05563e-09
 2.95669e-11
 1.65896e-14
 0.00000e+00
 0.00000e+00
 0.00000e+00
 0.00000e+00
 0.00000e+00
 0.00000e+00
 0.00000e+00
 0.00000e+00
 0.00000e+00
 3.45999e-07
 3.29547e-07
 3.28458e-07
 3.32617e-07
 3.34891e-07
 3.38400e-07
 3.45211e-07
 3.47973e-07
 3.61264e-07
 3.64098e-07
 3.83676e-07
 3.85195e-07
 4.12010e-07
 4.14484e-07
 4.49447e-07
 4.55859e-07
 4.95700e-07
 5.11974e-07
 5.55753e-07
 5.92354e-07
 6.31879e-07
 7.01055e-07
 7.41524e-07
 8.47421e-07
 9.03290e-07
 1.05119e-06
 1.18235e-06
 1.38716e-06
 1.59877e-06
 1.93246e-06
 2.53370e-06
 3.46957e-06
 4.42205e-06
 4.59098e-06
 2.87657e-06
 0.00000e+00
 0.00000e+00
 0.00000e+00
 0.00000e+00
 0.00000e+00
 0.00000e+00
 0.00000e+00
 0.00000e+00
 0.00000e+00
 6.10078e-06
 1.41487e-05
 8.61433e-07
 2.46027e-08
 4.61079e-10
 1.09608e-12
 1.52338e-16
 0.00000e+00
 0.00000e+00
 0.00000e+00
 0.00000e+00
 0.00000e+00
 0.00000e+00
 0.00000e+00
 0.00000e+00
 0.00000e+00
 3.73252e-07
 3.58063e-07
 3.57053e-07
 3.62740e-07
 3.62596e-07
 3.70655e-07
 3.72883e-07
 3.85305e-07
 3.86131e-07
 4.05389e-07
 4.06830e-07
 4.32621e-07
 4.35372e-07
 4.68585e-07
 4.75566e-07
 5.12964e-07
 5.31142e-07
 5.71699e-07
 6.08762e-07
 6.45447e-07
 7.15140e-07
 7.51982e-07
 8.55370e-07
 9.10128e-07
 1.05119e-06
 1.17230e-06
 1.37087e-06
 1.56890e-06
 1.86489e-06
 2.38783e-06
 3.24869e-06
 4.25978e-06
 4.78169e-06
 3.80151e-06
 1.70553e-07
 0.00000e+00
 0.00000e+00
 0.00000e+00
 0.00000e+00
 0.00000e+00
 0.00000e+00
 0.00000e+00
 0.00000e+00
 0.00000e+00
 2.03651e-05
 3.98061e-06
 1.06789e-07
 3.51890e-09
 2.80509e-11
 1.96745e-14
 0.00000e+00
 0.00000e+00
 0.00000e+00
 0.00000e+00
 0.00000e+00
 0.00000e+00
 0.00000e+00
 0.00000e+00
 0.00000e+00
 0.00000e+00
 4.05125e-07
 3.89849e-07
 3.92113e-07
 3.94243e-07
 4.00043e-07
 4.00179e-07
 4.12891e-07
 4.13997e-07
 4.31503e-07
 4.32546e-07
 4.57600e-07
 4.61698e-07
 4.92170e-07
 5.00566e-07
 5.36617e-07
 5.56571e-07
 5.91723e-07
 6.31189e-07
 6.66449e-07
 7.37227e-07
 7.68696e-07
 8.71048e-07
 9.23875e-07
 1.06321e-06
 1.18235e-06
 1.37087e-06
 1.55870e-06
 1.83368e-06
 2.30570e-06
 3.09977e-06
 4.10926e-06
 4.82774e-06
 4.35887e-06
 1.71357e-06
 0.00000e+00
 0.00000e+00
 0.00000e+00
 0.00000e+00
 0.00000e+00
 0.00000e+00
 0.00000e+00
 0.00000e+00
 0.00000e+00
 1.46678e-05
 1.05901e-05
 4.85008e-07
 1.74352e-08
 3.25467e-10
 7.70878e-13
 2.58975e-16
 0.00000e+00
 0.00000e+00
 0.00000e+00
 0.00000e+00
 0.00000e+00
 0.00000e+00
 0.00000e+00
 0.00000e+00
 0.00000e+00
 0.00000e+00
 4.39744e-07
 4.28364e-07
 4.26690e-07
 4.34667e-07
 4.33972e-07
 4.45441e-07
 4.46916e-07
 4.63422e-07
 4.65296e-07
 4.88275e-07
 4.93587e-07
 5.21900e-07
 5.31820e-07
 5.63524e-07
 5.87699e-07
 6.19749e-07
 6.61665e-07
 6.94895e-07
 7.65289e-07
 7.94508e-07
 8.95876e-07
 9.49929e-07
 1.08875e-06
 1.20474e-06
 1.38716e-06
 1.56890e-06
 1.83368e-06
 2.27931e-06
 3.02562e-06
 4.00762e-06
 4.81656e-06
 4.66660e-06
 2.64233e-06
 0.00000e+00
 0.00000e+00
 0.00000e+00
 0.00000e+00
 0.00000e+00
 0.00000e+00
 0.00000e+00
 0.00000e+00
 0.00000e+00
 0.00000e+00
 1.79044e-05
 2.01240e-06
 6.23119e-08
 1.98526e-09
 1.39314e-11
 9.70393e-15
 0.00000e+00
 0.00000e+00
 0.00000e+00
 0.00000e+00
 0.00000e+00
 0.00000e+00
 0.00000e+00
 0.00000e+00
 0.00000e+00
 0.00000e+00
 0.00000e+00
 4.82990e-07
 4.72019e-07
 4.73404e-07
 4.76186e-07
 4.84388e-07
 4.86701e-07
 5.01182e-07
 5.05283e-07
 5.26273e-07
 5.31626e-07
 5.56720e-07
 5.71285e-07
 5.99724e-07
 6.25848e-07
 6.54948e-07
 7.00222e-07
 7.25915e-07
 8.02880e-07
 8.32082e-07
 9.29257e-07
 9.91654e-07
 1.12946e-06
 1.24290e-06
 1.41976e-06
 1.59877e-06
 1.86489e-06
 2.30570e-06
 3.02562e-06
 3.97212e-06
 4.79919e-06
 4.81653e-06
 3.12802e-06
 0.00000e+00
 0.00000e+00
 0.00000e+00
 0.00000e+00
 0.00000e+00
 0.00000e+00
 0.00000e+00
 0.00000e+00
 0.00000e+00
 0.00000e+00
 2.05339e-05
 5.58748e-06
 1.92184e-07
 8.36331e-09
 1.31321e-10
 2.46399e-13
 0.00000e+00
 0.00000e+00
 0.00000e+00
 0.00000e+00
 0.00000e+00
 0.00000e+00
 0.00000e+00
 0.00000e+00
 0.00000e+00
 0.00000e+00
 0.00000e+00
 0.00000e+00
 5.33827e-07
 5.25792e-07
 5.24306e-07
 5.33265e-07
 5.34987e-07
 5.47859e-07
 5.51552e-07
 5.70305e-07
 5.79928e-07
 5.99904e-07
 6.17654e-07
 6.42847e-07
 6.73214e-07
 6.97711e-07
 7.49917e-07
 7.72974e-07
 8.46276e-07
 8.76533e-07
 9.83384e-07
 1.04583e-06
 1.18272e-06
 1.30155e-06
 1.46982e-06
 1.65351e-06
 1.93246e-06
 2.38783e-06
 3.09977e-06
 4.00762e-06
 4.79919e-06
 4.86080e-06
 3.35263e-06
 0.00000e+00
 0.00000e+00
 0.00000e+00
 0.00000e+00
 0.00000e+00
 0.00000e+00
 0.00000e+00
 0.00000e+00
 0.00000e+00
 0.00000e+00
 1.55559e-05
 1.09135e-05
 6.10851e-07
 2.61045e-08
 6.97343e-10
 3.37084e-12
 1.98801e-15
 0.00000e+00
 0.00000e+00
 0.00000e+00
 0.00000e+00
 0.00000e+00
 0.00000e+00
 0.00000e+00
 0.00000e+00
 0.00000e+00
 0.00000e+00
 0.00000e+00
 0.00000e+00
 5.95647e-07
 5.87028e-07
 5.89103e-07
 5.93684e-07
 6.03910e-07
 6.10502e-07
 6.24805e-07
 6.36787e-07
 6.53990e-07
 6.75377e-07
 6.95688e-07
 7.30689e-07
 7.50806e-07
 8.05465e-07
 8.29357e-07
 9.08602e-07
 9.45821e-07
 1.04765e-06
 1.11585e-06
 1.25746e-06
 1.37536e-06
 1.54146e-06
 1.74068e-06
 2.04715e-06
 2.53370e-06
 3.24869e-06
 4.10926e-06
 4.81656e-06
 4.81653e-06
 3.35263e-06
 0.00000e+00
 0.00000e+00
 0.00000e+00
 0.00000e+00
 0.00000e+00
 0.00000e+00
 0.00000e+00
 0.00000e+00
 0.00000e+00
 0.00000e+00
 4.45042e-06
 1.62778e-05
 1.68446e-06
 6.51716e-08
 2.54112e-09
 2.65447e-11
 3.29659e-14
 0.00000e+00
 0.00000e+00
 0.00000e+00
 0.00000e+00
 0.00000e+00
 0.00000e+00
 0.00000e+00
 0.00000e+00
 0.00000e+00
 0.00000e+00
 0.00000e+00
 0.00000e+00
 0.00000e+00
 6.70263e-07
 6.62673e-07
 6.65494e-07
 6.72099e-07
 6.80599e-07
 6.91066e-07
 7.05462e-07
 7.19020e-07
 7.44279e-07
 7.62265e-07
 8.02523e-07
 8.21749e-07
 8.79058e-07
 9.01254e-07
 9.81595e-07
 1.02368e-06
 1.13543e-06
 1.21554e-06
 1.34647e-06
 1.47260e-06
 1.64657e-06
 1.87246e-06
 2.22556e-06
 2.75370e-06
 3.46957e-06
 4.25978e-06
 4.82774e-06
 4.66660e-06
 3.12802e-06
 0.00000e+00
 0.00000e+00
 0.00000e+00
 0.00000e+00
 0.00000e+00
 0.00000e+00
 0.00000e+00
 0.00000e+00
 0.00000e+00
 0.00000e+00
 0.00000e+00
 1.97353e-05
 3.57596e-06
 1.39688e-07
 7.07904e-09
 1.32236e-10
 3.45846e-13
 1.67572e-16
 0.00000e+00
 0.00000e+00
 0.00000e+00
 0.00000e+00
 0.00000e+00
 0.00000e+00
 0.00000e+00
 0.00000e+00
 0.00000e+00
 0.00000e+00
 0.00000e+00
 0.00000e+00
 0.00000e+00
 7.58374e-07
 7.51938e-07
 7.56668e-07
 7.65018e-07
 7.73565e-07
 7.90886e-07
 8.02910e-07
 8.31998e-07
 8.47760e-07
 8.89939e-07
 9.06649e-07
 9.69291e-07
 9.97145e-07
 1.08385e-06
 1.13697e-06
 1.24414e-06
 1.33200e-06
 1.46456e-06
 1.60382e-06
 1.80032e-06
 2.07613e-06
 2.48661e-06
 3.05331e-06
 3.74692e-06
 4.42205e-06
 4.78169e-06
 4.35887e-06
 2.64233e-06
 0.00000e+00
 0.00000e+00
 0.00000e+00
 0.00000e+00
 0.00000e+00
 0.00000e+00
 0.00000e+00
 0.00000e+00
 0.00000e+00
 0.00000e+00
 0.00000e+00
 2.07357e-05
 6.04090e-06
 2.74781e-07
 1.57761e-08
 4.38825e-10
 2.25587e-12
 1.71380e-15
 0.00000e+00
 0.00000e+00
 0.00000e+00
 0.00000e+00
 0.00000e+00
 0.00000e+00
 0.00000e+00
 0.00000e+00
 0.00000e+00
 0.00000e+00
 0.00000e+00
 0.00000e+00
 0.00000e+00
 0.00000e+00
 8.73183e-07
 8.68346e-07
 8.75148e-07
 8.81324e-07
 9.00108e-07
 9.09793e-07
 9.39918e-07
 9.53957e-07
 1.00094e-06
 1.02226e-06
 1.08918e-06
 1.12787e-06
 1.21510e-06
 1.27928e-06
 1.38545e-06
 1.48267e-06
 1.62272e-06
 1.79238e-06
 2.03752e-06
 2.37711e-06
 2.84145e-06
 3.41868e-06
 4.03812e-06
 4.52642e-06
 4.59098e-06
 3.80151e-06
 1.71357e-06
 0.00000e+00
 0.00000e+00
 0.00000e+00
 0.00000e+00
 0.00000e+00
 0.00000e+00
 0.00000e+00
 0.00000e+00
 0.00000e+00
 0.00000e+00
 0.00000e+00
 1.98977e-05
 8.56593e-06
 5.00585e-07
 2.90923e-08
 1.07565e-09
 9.75587e-12
 1.27583e-14
 0.00000e+00
 0.00000e+00
 0.00000e+00
 0.00000e+00
 0.00000e+00
 0.00000e+00
 0.00000e+00
 0.00000e+00
 0.00000e+00
 0.00000e+00
 0.00000e+00
 0.00000e+00
 0.00000e+00
 0.00000e+00
 0.00000e+00
 1.02094e-06
 1.01975e-06
 1.02355e-06
 1.04280e-06
 1.05374e-06
 1.08657e-06
 1.10407e-06
 1.15389e-06
 1.18334e-06
 1.24996e-06
 1.29742e-06
 1.38138e-06
 1.45562e-06
 1.56611e-06
 1.68871e-06
 1.86130e-06
 2.08527e-06
 2.39119e-06
 2.78667e-06
 3.27004e-06
 3.79494e-06
 4.25508e-06
 4.46154e-06
 4.13261e-06
 2.87657e-06
 1.70553e-07
 0.00000e+00
 0.00000e+00
 0.00000e+00
 0.00000e+00
 0.00000e+00
 0.00000e+00
 0.00000e+00
 0.00000e+00
 0.00000e+00
 0.00000e+00
 0.00000e+00
 1.83962e-05
 1.06529e-05
 7.99351e-07
 4.59580e-08
 2.11300e-09
 2.96467e-11
 6.38982e-14
 0.00000e+00
 0.00000e+00
 0.00000e+00
 0.00000e+00
 0.00000e+00
 0.00000e+00
 0.00000e+00
 0.00000e+00
 0.00000e+00
 0.00000e+00
 0.00000e+00
 0.00000e+00
 0.00000e+00
 0.00000e+00
 0.00000e+00
 0.00000e+00
 1.23179e-06
 1.22882e-06
 1.24470e-06
 1.25557e-06
 1.28643e-06
 1.30834e-06
 1.35471e-06
 1.39166e-06
 1.45579e-06
 1.51558e-06
 1.60545e-06
 1.70402e-06
 1.84066e-06
 2.00858e-06
 2.23166e-06
 2.51218e-06
 2.86059e-06
 3.26419e-06
 3.68965e-06
 4.06084e-06
 4.24877e-06
 4.06439e-06
 3.23634e-06
 1.58430e-06
 0.00000e+00
 0.00000e+00
 0.00000e+00
 0.00000e+00
 0.00000e+00
 0.00000e+00
 0.00000e+00
 0.00000e+00
 0.00000e+00
 0.00000e+00
 0.00000e+00
 0.00000e+00
 1.73316e-05
 1.19892e-05
 1.08914e-06
 6.31709e-08
 3.42864e-09
 6.68042e-11
 2.19245e-13
 2.58975e-16
 0.00000e+00
 0.00000e+00
 0.00000e+00
 0.00000e+00
 0.00000e+00
 0.00000e+00
 0.00000e+00
 0.00000e+00
 0.00000e+00
 0.00000e+00
 0.00000e+00
 0.00000e+00
 0.00000e+00
 0.00000e+00
 0.00000e+00
 0.00000e+00
 1.51412e-06
 1.51921e-06
 1.53066e-06
 1.55651e-06
 1.58761e-06
 1.63472e-06
 1.68570e-06
 1.75905e-06
 1.84333e-06
 1.95686e-06
 2.09337e-06
 2.26865e-06
 2.48075e-06
 2.73839e-06
 3.03468e-06
 3.35808e-06
 3.67434e-06
 3.92487e-06
 4.01417e-06
 3.81043e-06
 3.12556e-06
 1.77391e-06
 0.00000e+00
 0.00000e+00
 0.00000e+00
 0.00000e+00
 0.00000e+00
 0.00000e+00
 0.00000e+00
 0.00000e+00
 0.00000e+00
 0.00000e+00
 0.00000e+00
 0.00000e+00
 0.00000e+00
 1.73316e-05
 1.24442e-05
 1.26788e-06
 7.62411e-08
 4.68847e-09
 1.16208e-10
 5.33740e-13
 6.24586e-16
 0.00000e+00
 0.00000e+00
 0.00000e+00
 0.00000e+00
 0.00000e+00
 0.00000e+00
 0.00000e+00
 0.00000e+00
 0.00000e+00
 0.00000e+00
 0.00000e+00
 0.00000e+00
 0.00000e+00
 0.00000e+00
 0.00000e+00
 0.00000e+00
 0.00000e+00
 1.96297e-06
 1.97358e-06
 1.99342e-06
 2.03341e-06
 2.08805e-06
 2.15387e-06
 2.24108e-06
 2.34742e-06
 2.48065e-06
 2.63839e-06
 2.82450e-06
 3.03302e-06
 3.25693e-06
 3.47678e-06
 3.66163e-06
 3.76044e-06
 3.70025e-06
 3.38574e-06
 2.68056e-06
 1.45582e-06
 0.00000e+00
 0.00000e+00
 0.00000e+00
 0.00000e+00
 0.00000e+00
 0.00000e+00
 0.00000e+00
 0.00000e+00
 0.00000e+00
 0.00000e+00
 0.00000e+00
 0.00000e+00
 0.00000e+00
 0.00000e+00
 1.83962e-05
 1.19892e-05
 1.26788e-06
 8.11420e-08
 5.46755e-09
 1.60327e-10
 9.49648e-13
 1.28726e-15
 0.00000e+00
 0.00000e+00
 0.00000e+00
 0.00000e+00
 0.00000e+00
 0.00000e+00
 0.00000e+00
 0.00000e+00
 0.00000e+00
 0.00000e+00
 0.00000e+00
 0.00000e+00
 0.00000e+00
 0.00000e+00
 0.00000e+00
 0.00000e+00
 0.00000e+00
 0.00000e+00
 2.62581e-06
 2.63894e-06
 2.66553e-06
 2.71382e-06
 2.77005e-06
 2.84379e-06
 2.93428e-06
 3.04152e-06
 3.15958e-06
 3.28175e-06
 3.39347e-06
 3.47490e-06
 3.49438e-06
 3.40906e-06
 3.16289e-06
 2.68275e-06
 1.86904e-06
 6.79912e-07
 0.00000e+00
 0.00000e+00
 0.00000e+00
 0.00000e+00
 0.00000e+00
 0.00000e+00
 0.00000e+00
 0.00000e+00
 0.00000e+00
 0.00000e+00
 0.00000e+00
 0.00000e+00
 0.00000e+00
 0.00000e+00
 0.00000e+00
 1.98977e-05
 1.06529e-05
 1.08914e-06
 7.62411e-08
 5.46755e-09
 1.78183e-10
 1.26043e-12
 2.14797e-15
 0.00000e+00
 0.00000e+00
 0.00000e+00
 0.00000e+00
 0.00000e+00
 0.00000e+00
 0.00000e+00
 0.00000e+00
 0.00000e+00
 0.00000e+00
 0.00000e+00
 0.00000e+00
 0.00000e+00
 0.00000e+00
 0.00000e+00
 0.00000e+00
 0.00000e+00
 0.00000e+00
 0.00000e+00
 3.15692e-06
 3.16033e-06
 3.17223e-06
 3.18038e-06
 3.19118e-06
 3.20540e-06
 3.21567e-06
 3.21014e-06
 3.17286e-06
 3.08188e-06
 2.90986e-06
 2.62045e-06
 2.16945e-06
 1.50113e-06
 5.67082e-07
 0.00000e+00
 0.00000e+00
 0.00000e+00
 0.00000e+00
 0.00000e+00
 0.00000e+00
 0.00000e+00
 0.00000e+00
 0.00000e+00
 0.00000e+00
 0.00000e+00
 0.00000e+00
 0.00000e+00
 0.00000e+00
 0.00000e+00
 0.00000e+00
 0.00000e+00
 2.07357e-05
 8.56593e-06
 7.99351e-07
 6.31709e-08
 4.68847e-09
 1.60327e-10
 1.26055e-12
 2.49073e-15
 0.00000e+00
 0.00000e+00
 0.00000e+00
 0.00000e+00
 0.00000e+00
 0.00000e+00
 0.00000e+00
 0.00000e+00
 0.00000e+00
 0.00000e+00
 0.00000e+00
 0.00000e+00
 0.00000e+00
 0.00000e+00
 0.00000e+00
 0.00000e+00
 0.00000e+00
 0.00000e+00
 0.00000e+00
 0.00000e+00
 2.73672e-06
 2.71645e-06
 2.66281e-06
 2.57253e-06
 2.46688e-06
 2.32762e-06
 2.13705e-06
 1.87546e-06
 1.52034e-06
 1.04577e-06
 4.22053e-07
 0.00000e+00
 0.00000e+00
 0.00000e+00
 0.00000e+00
 0.00000e+00
 0.00000e+00
 0.00000e+00
 0.00000e+00
 0.00000e+00
 0.00000e+00
 0.00000e+00
 0.00000e+00
 0.00000e+00
 0.00000e+00
 0.00000e+00
 0.00000e+00
 0.00000e+00
 0.00000e+00
 0.00000e+00
 4.45042e-06
 1.97353e-05
 6.04090e-06
 5.00585e-07
 4.59580e-08
 3.42864e-09
 1.16208e-10
 9.49709e-13
 2.09465e-15
 0.00000e+00
 0.00000e+00
 0.00000e+00
 0.00000e+00
 0.00000e+00
 0.00000e+00
 0.00000e+00
 0.00000e+00
 0.00000e+00
 0.00000e+00
 0.00000e+00
 0.00000e+00
 0.00000e+00
 0.00000e+00
 0.00000e+00
 0.00000e+00
 0.00000e+00
 0.00000e+00
 0.00000e+00
 0.00000e+00
 0.00000e+00
 4.04630e-07
 3.49126e-07
 1.92084e-07
 0.00000e+00
 0.00000e+00
 0.00000e+00
 0.00000e+00
 0.00000e+00
 0.00000e+00
 0.00000e+00
 0.00000e+00
 0.00000e+00
 0.00000e+00
 0.00000e+00
 0.00000e+00
 0.00000e+00
 0.00000e+00
 0.00000e+00
 0.00000e+00
 0.00000e+00
 0.00000e+00
 0.00000e+00
 0.00000e+00
 0.00000e+00
 0.00000e+00
 0.00000e+00
 0.00000e+00
 0.00000e+00
 0.00000e+00
 1.55559e-05
 1.62778e-05
 3.57596e-06
 2.74781e-07
 2.90923e-08
 2.11300e-09
 6.68042e-11
 5.33778e-13
 1.35581e-15
 0.00000e+00
 0.00000e+00
 0.00000e+00
 0.00000e+00
 0.00000e+00
 0.00000e+00
 0.00000e+00
 0.00000e+00
 0.00000e+00
 0.00000e+00
 0.00000e+00
 0.00000e+00
 0.00000e+00
 0.00000e+00
 0.00000e+00
 0.00000e+00
 0.00000e+00
 0.00000e+00
 0.00000e+00
 0.00000e+00
 0.00000e+00
 0.00000e+00
 0.00000e+00
 0.00000e+00
 0.00000e+00
 0.00000e+00
 0.00000e+00
 0.00000e+00
 0.00000e+00
 0.00000e+00
 0.00000e+00
 0.00000e+00
 0.00000e+00
 0.00000e+00
 0.00000e+00
 0.00000e+00
 0.00000e+00
 0.00000e+00
 0.00000e+00
 0.00000e+00
 0.00000e+00
 0.00000e+00
 0.00000e+00
 0.00000e+00
 0.00000e+00
 0.00000e+00
 0.00000e+00
 0.00000e+00
 0.00000e+00
 0.00000e+00
 2.05339e-05
 1.09135e-05
 1.68446e-06
 1.39688e-07
 1.57761e-08
 1.07565e-09
 2.96466e-11
 2.19283e-13
 5.86501e-16
 0.00000e+00
 0.00000e+00
 0.00000e+00
 0.00000e+00
 0.00000e+00
 0.00000e+00
 0.00000e+00
 0.00000e+00
 0.00000e+00
 0.00000e+00
 0.00000e+00
 0.00000e+00
 0.00000e+00
 0.00000e+00
 0.00000e+00
 0.00000e+00
 0.00000e+00
 0.00000e+00
 0.00000e+00
 0.00000e+00
 0.00000e+00
 0.00000e+00
 0.00000e+00
 0.00000e+00
 0.00000e+00
 0.00000e+00
 0.00000e+00
 0.00000e+00
 0.00000e+00
 0.00000e+00
 0.00000e+00
 0.00000e+00
 0.00000e+00
 0.00000e+00
 0.00000e+00
 0.00000e+00
 0.00000e+00
 0.00000e+00
 0.00000e+00
 0.00000e+00
 0.00000e+00
 0.00000e+00
 0.00000e+00
 0.00000e+00
 0.00000e+00
 0.00000e+00
 0.00000e+00
 0.00000e+00
 0.00000e+00
 1.46678e-05
 1.79044e-05
 5.58748e-06
 6.10851e-07
 6.51716e-08
 7.07904e-09
 4.38825e-10
 9.75577e-12
 6.38753e-14
 1.21870e-16
 0.00000e+00
 0.00000e+00
 0.00000e+00
 0.00000e+00
 0.00000e+00
 0.00000e+00
 0.00000e+00
 0.00000e+00
 0.00000e+00
 0.00000e+00
 0.00000e+00
 0.00000e+00
 0.00000e+00
 0.00000e+00
 0.00000e+00
 0.00000e+00
 0.00000e+00
 0.00000e+00
 0.00000e+00
 0.00000e+00
 0.00000e+00
 0.00000e+00
 0.00000e+00
 0.00000e+00
 0.00000e+00
 0.00000e+00
 0.00000e+00
 0.00000e+00
 0.00000e+00
 0.00000e+00
 0.00000e+00
 0.00000e+00
 0.00000e+00
 0.00000e+00
 0.00000e+00
 0.00000e+00
 0.00000e+00
 0.00000e+00
 0.00000e+00
 0.00000e+00
 0.00000e+00
 0.00000e+00
 0.00000e+00
 0.00000e+00
 0.00000e+00
 0.00000e+00
 0.00000e+00
 0.00000e+00
 6.10078e-06
 2.03651e-05
 1.05901e-05
 2.01240e-06
 1.92184e-07
 2.61045e-08
 2.54112e-09
 1.32236e-10
 2.25588e-12
 1.27355e-14
 0.00000e+00
 0.00000e+00
 0.00000e+00
 0.00000e+00
 0.00000e+00
 0.00000e+00
 0.00000e+00
 0.00000e+00
 0.00000e+00
 0.00000e+00
 0.00000e+00
 0.00000e+00
 0.00000e+00
 0.00000e+00
 0.00000e+00
 0.00000e+00
 0.00000e+00
 0.00000e+00
 0.00000e+00
 0.00000e+00
 0.00000e+00
 0.00000e+00
 0.00000e+00
 0.00000e+00
 0.00000e+00
 0.00000e+00
 0.00000e+00
 0.00000e+00
 0.00000e+00
 0.00000e+00
 0.00000e+00
 0.00000e+00
 0.00000e+00
 0.00000e+00
 0.00000e+00
 0.00000e+00
 0.00000e+00
 0.00000e+00
 0.00000e+00
 0.00000e+00
 0.00000e+00
 0.00000e+00
 0.00000e+00
 0.00000e+00
 0.00000e+00
 0.00000e+00
 0.00000e+00
 0.00000e+00
 1.99290e-06
 2.00093e-05
 1.41487e-05
 3.98061e-06
 4.85008e-07
 6.23119e-08
 8.36331e-09
 6.97343e-10
 2.65447e-11
 3.45869e-13
 1.94993e-15
 0.00000e+00
 0.00000e+00
 0.00000e+00
 0.00000e+00
 0.00000e+00
 0.00000e+00
 0.00000e+00
 0.00000e+00
 0.00000e+00
 0.00000e+00
 0.00000e+00
 0.00000e+00
 0.00000e+00
 0.00000e+00
 0.00000e+00
 0.00000e+00
 0.00000e+00
 0.00000e+00
 0.00000e+00
 0.00000e+00
 0.00000e+00
 0.00000e+00
 0.00000e+00
 0.00000e+00
 0.00000e+00
 0.00000e+00
 0.00000e+00
 0.00000e+00
 0.00000e+00
 0.00000e+00
 0.00000e+00
 0.00000e+00
 0.00000e+00
 0.00000e+00
 0.00000e+00
 0.00000e+00
 0.00000e+00
 0.00000e+00
 0.00000e+00
 0.00000e+00
 0.00000e+00
 0.00000e+00
 0.00000e+00
 0.00000e+00
 0.00000e+00
 0.00000e+00
 0.00000e+00
 3.97420e-06
 1.97489e-05
 1.53365e-05
 5.33355e-06
 8.61433e-07
 1.06789e-07
 1.74352e-08
 1.98526e-09
 1.31321e-10
 3.37087e-12
 3.32859e-14
 1.67572e-16
 0.00000e+00
 0.00000e+00
 0.00000e+00
 0.00000e+00
 0.00000e+00
 0.00000e+00
 0.00000e+00
 0.00000e+00
 0.00000e+00
 0.00000e+00
 0.00000e+00
 0.00000e+00
 0.00000e+00
 0.00000e+00
 0.00000e+00
 0.00000e+00
 0.00000e+00
 0.00000e+00
 0.00000e+00
 0.00000e+00
 0.00000e+00
 0.00000e+00
 0.00000e+00
 0.00000e+00
 0.00000e+00
 0.00000e+00
 0.00000e+00
 0.00000e+00
 0.00000e+00
 0.00000e+00
 0.00000e+00
 0.00000e+00
 0.00000e+00
 0.00000e+00
 0.00000e+00
 0.00000e+00
 0.00000e+00
 0.00000e+00
 0.00000e+00
 0.00000e+00
 0.00000e+00
 0.00000e+00
 0.00000e+00
 0.00000e+00
 0.00000e+00
 0.00000e+00
 1.10953e-05
 1.99991e-05
 1.42417e-05
 5.24125e-06
 9.93967e-07
 1.33772e-07
 2.46027e-08
 3.51890e-09
 3.25467e-10
 1.39314e-11
 2.46430e-13
 1.95754e-15
 0.00000e+00
 0.00000e+00
 0.00000e+00
 0.00000e+00
 0.00000e+00
 0.00000e+00
 0.00000e+00
 0.00000e+00
 0.00000e+00
 0.00000e+00
 0.00000e+00
 0.00000e+00
 0.00000e+00
 0.00000e+00
 0.00000e+00
 0.00000e+00
 0.00000e+00
 0.00000e+00
 0.00000e+00
 0.00000e+00
 0.00000e+00
 0.00000e+00
 0.00000e+00
 0.00000e+00
 0.00000e+00
 0.00000e+00
 0.00000e+00
 0.00000e+00
 0.00000e+00
 0.00000e+00
 0.00000e+00
 0.00000e+00
 0.00000e+00
 0.00000e+00
 0.00000e+00
 0.00000e+00
 0.00000e+00
 0.00000e+00
 0.00000e+00
 0.00000e+00
 0.00000e+00
 0.00000e+00
 0.00000e+00
 0.00000e+00
 0.00000e+00
 6.30534e-06
 1.83719e-05
 1.84535e-05
 1.08134e-05
 3.74268e-06
 7.40306e-07
 1.16580e-07
 2.42727e-08
 4.05563e-09
 4.61079e-10
 2.80510e-11
 7.70878e-13
 9.52113e-15
 0.00000e+00
 0.00000e+00
 0.00000e+00
 0.00000e+00
 0.00000e+00
 0.00000e+00
 0.00000e+00
 0.00000e+00
 0.00000e+00
 0.00000e+00
 0.00000e+00
 0.00000e+00
 0.00000e+00
 0.00000e+00
 0.00000e+00
 0.00000e+00
 0.00000e+00
 0.00000e+00
 0.00000e+00
 0.00000e+00
 0.00000e+00
 0.00000e+00
 0.00000e+00
 0.00000e+00
 0.00000e+00
 0.00000e+00
 0.00000e+00
 0.00000e+00
 0.00000e+00
 0.00000e+00
 0.00000e+00
 0.00000e+00
 0.00000e+00
 0.00000e+00
 0.00000e+00
 0.00000e+00
 0.00000e+00
 0.00000e+00
 0.00000e+00
 0.00000e+00
 0.00000e+00
 0.00000e+00
 0.00000e+00
 0.00000e+00
 1.16321e-05
 1.87938e-05
 1.85239e-05
 1.26190e-05
 5.81501e-06
 1.74520e-06
 3.41523e-07
 6.99460e-08
 1.65795e-08
 3.05532e-09
 3.98670e-10
 2.95670e-11
 1.09612e-12
 1.97125e-14
 1.14254e-16
 0.00000e+00
 0.00000e+00
 0.00000e+00
 0.00000e+00
 0.00000e+00
 0.00000e+00
 0.00000e+00
 0.00000e+00
 0.00000e+00
 0.00000e+00
 0.00000e+00
 0.00000e+00
 0.00000e+00
 0.00000e+00
 0.00000e+00
 0.00000e+00
 0.00000e+00
 0.00000e+00
 0.00000e+00
 0.00000e+00
 0.00000e+00
 0.00000e+00
 0.00000e+00
 0.00000e+00
 0.00000e+00
 0.00000e+00
 0.00000e+00
 0.00000e+00
 0.00000e+00
 0.00000e+00
 0.00000e+00
 0.00000e+00
 0.00000e+00
 0.00000e+00
 0.00000e+00
 0.00000e+00
 0.00000e+00
 0.00000e+00
 0.00000e+00
 3.97502e-06
 1.06871e-05
 1.60586e-05
 1.90060e-05
 1.86923e-05
 1.51595e-05
 9.73483e-06
 4.78965e-06
 1.72144e-06
 4.40661e-07
 1.02994e-07
 2.92355e-08
 7.41558e-09
 1.44426e-09
 2.03013e-10
 1.61733e-11
 7.19327e-13
 1.67343e-14
 2.28507e-16
 0.00000e+00
 0.00000e+00
 0.00000e+00
 0.00000e+00
 0.00000e+00
 0.00000e+00
 0.00000e+00
 0.00000e+00
 0.00000e+00
 0.00000e+00
 0.00000e+00
 0.00000e+00
 0.00000e+00
 0.00000e+00
 0.00000e+00
 0.00000e+00
 0.00000e+00
 0.00000e+00
 0.00000e+00
 0.00000e+00
 0.00000e+00
 0.00000e+00
 0.00000e+00
 0.00000e+00
 0.00000e+00
 0.00000e+00
 0.00000e+00
 0.00000e+00
 0.00000e+00
 0.00000e+00
 0.00000e+00
 0.00000e+00
 0.00000e+00
 0.00000e+00
 0.00000e+00
 1.88657e-05
 1.88123e-05
 1.86136e-05
 1.81095e-05
 1.71032e-05
 1.54067e-05
 1.29349e-05
 9.84006e-06
 6.61981e-06
 3.81136e-06
 1.80767e-06
 6.82494e-07
 2.13143e-07
 6.92008e-08
 2.44890e-08
 7.68495e-09
 1.95198e-09
 3.83682e-10
 5.07436e-11
 4.16462e-12
 2.03181e-13
 5.57557e-15
 7.61690e-17
 0.00000e+00
 0.00000e+00
 0.00000e+00
 0.00000e+00
 0.00000e+00
 0.00000e+00
 0.00000e+00
 0.00000e+00
 0.00000e+00
 0.00000e+00
 0.00000e+00
 0.00000e+00
 0.00000e+00
 0.00000e+00
 0.00000e+00
 0.00000e+00
 0.00000e+00
 0.00000e+00
 0.00000e+00
 0.00000e+00
 0.00000e+00
 0.00000e+00
 0.00000e+00
 0.00000e+00
 0.00000e+00
 0.00000e+00
 0.00000e+00
 0.00000e+00
 0.00000e+00
 0.00000e+00
 0.00000e+00
 0.00000e+00
 0.00000e+00
 0.00000e+00
 0.00000e+00
 0.00000e+00
 0.00000e+00
 2.23297e-06
 2.08430e-06
 1.80472e-06
 1.43346e-06
 1.02998e-06
 6.59266e-07
 3.72333e-07
 1.88683e-07
 9.14205e-08
 4.48179e-08
 2.12706e-08
 9.04583e-09
 3.30562e-09
 1.01763e-09
 2.49216e-10
 4.30565e-11
 5.19502e-12
 4.15952e-13
 2.09769e-14
 7.84541e-16
 0.00000e+00
 0.00000e+00
 0.00000e+00
 0.00000e+00
 0.00000e+00
 0.00000e+00
 0.00000e+00
 0.00000e+00
 0.00000e+00
 0.00000e+00
 0.00000e+00
 0.00000e+00
 0.00000e+00
 0.00000e+00
 0.00000e+00
 0.00000e+00
 0.00000e+00
 0.00000e+00
 0.00000e+00
 0.00000e+00
 0.00000e+00
 0.00000e+00
 0.00000e+00
 0.00000e+00
 0.00000e+00
 0.00000e+00
 0.00000e+00
 0.00000e+00
 0.00000e+00
 0.00000e+00
 0.00000e+00
 0.00000e+00
 0.00000e+00
 0.00000e+00
 0.00000e+00
 0.00000e+00
 0.00000e+00
 0.00000e+00
 0.00000e+00
 0.00000e+00
 2.13263e-08
 1.98937e-08
 1.72444e-08
 1.38314e-08
 1.02126e-08
 6.89103e-09
 4.21184e-09
 2.30765e-09
 1.11726e-09
 4.65111e-10
 1.58684e-10
 4.23619e-11
 8.80776e-12
 1.37016e-12
 1.51668e-13
 1.13416e-14
 4.49397e-16
 0.00000e+00
 0.00000e+00
 0.00000e+00
 0.00000e+00
 0.00000e+00
 0.00000e+00
 0.00000e+00
 0.00000e+00
 0.00000e+00
 0.00000e+00
 0.00000e+00
 0.00000e+00
 0.00000e+00
 0.00000e+00
 0.00000e+00
 0.00000e+00
 0.00000e+00
 0.00000e+00
 0.00000e+00
 0.00000e+00
 0.00000e+00
 0.00000e+00
 0.00000e+00
 0.00000e+00
 0.00000e+00
 0.00000e+00
 0.00000e+00
 0.00000e+00
 0.00000e+00
 0.00000e+00
 0.00000e+00
 0.00000e+00
 0.00000e+00
 0.00000e+00
 0.00000e+00
 0.00000e+00
 0.00000e+00
 0.00000e+00
 0.00000e+00
 0.00000e+00
 0.00000e+00
 0.00000e+00
 0.00000e+00
 1.14293e-10
 1.02435e-10
 8.19295e-11
 5.80181e-11
 3.59882e-11
 1.92988e-11
 8.80895e-12
 3.35803e-12
 1.04383e-12
 2.56553e-13
 4.83445e-14
 6.91615e-15
 5.94118e-16
 0.00000e+00
 0.00000e+00
 0.00000e+00
 0.00000e+00
 0.00000e+00
 0.00000e+00
 0.00000e+00
 0.00000e+00
 0.00000e+00
 0.00000e+00
 0.00000e+00
 0.00000e+00
 0.00000e+00
 0.00000e+00
 0.00000e+00
 0.00000e+00
 0.00000e+00
 0.00000e+00
 0.00000e+00
 0.00000e+00
 0.00000e+00
 0.00000e+00
 0.00000e+00
 0.00000e+00
 0.00000e+00
 0.00000e+00
 0.00000e+00
 0.00000e+00
 0.00000e+00
 0.00000e+00
 0.00000e+00
 0.00000e+00
 0.00000e+00
 0.00000e+00
 0.00000e+00
 0.00000e+00
 0.00000e+00
 0.00000e+00
 0.00000e+00
 0.00000e+00
 0.00000e+00
 0.00000e+00
 0.00000e+00
 0.00000e+00
 0.00000e+00
 0.00000e+00
 0.00000e+00
 1.41370e-14
 1.18290e-14
 8.77467e-15
 5.20996e-15
 2.45264e-15
 1.11207e-15
 1.52338e-16
 0.00000e+00
 7.61690e-17
 0.00000e+00
 0.00000e+00
 0.00000e+00
 0.00000e+00
 0.00000e+00
 0.00000e+00
 0.00000e+00
 0.00000e+00
 0.00000e+00
 0.00000e+00
 0.00000e+00
 0.00000e+00
 0.00000e+00
 0.00000e+00
 0.00000e+00
 0.00000e+00
 0.00000e+00
 0.00000e+00
 0.00000e+00
 0.00000e+00
 0.00000e+00
 0.00000e+00
 0.00000e+00
 0.00000e+00
 0.00000e+00
 0.00000e+00
 0.00000e+00
 0.00000e+00
 0.00000e+00
 0.00000e+00
 0.00000e+00
 0.00000e+00
 0.00000e+00
 0.00000e+00
 0.00000e+00
 0.00000e+00
 0.00000e+00
 0.00000e+00
 0.00000e+00
 0.00000e+00
 0.00000e+00
 0.00000e+00
 0.00000e+00
 0.00000e+00
 0.00000e+00
 0.00000e+00
 0.00000e+00
 0.00000e+00
 0.00000e+00
 0.00000e+00
 0.00000e+00
 0.00000e+00
 0.00000e+00
 0.00000e+00
 0.00000e+00
 0.00000e+00
 0.00000e+00
 0.00000e+00
 0.00000e+00
 0.00000e+00
 0.00000e+00
 0.00000e+00
 0.00000e+00
 0.00000e+00
 0.00000e+00
 0.00000e+00
 0.00000e+00
 0.00000e+00
 0.00000e+00
 0.00000e+00
 0.00000e+00
 0.00000e+00
 0.00000e+00
 0.00000e+00
 0.00000e+00
 0.00000e+00
 0.00000e+00
 0.00000e+00
 0.00000e+00
 0.00000e+00
 0.00000e+00
 0.00000e+00
 0.00000e+00
 0.00000e+00
 0.00000e+00
 0.00000e+00
 0.00000e+00
 0.00000e+00
 0.00000e+00
 0.00000e+00
 0.00000e+00
 0.00000e+00
 0.00000e+00
 0.00000e+00
 0.00000e+00
 0.00000e+00
 0.00000e+00
 0.00000e+00
 0.00000e+00
 0.00000e+00
 0.00000e+00
 0.00000e+00
 0.00000e+00
 0.00000e+00
 0.00000e+00
 0.00000e+00
 0.00000e+00
 0.00000e+00
 0.00000e+00
 0.00000e+00
 0.00000e+00
 0.00000e+00
 0.00000e+00
 0.00000e+00
 0.00000e+00
 0.00000e+00
 0.00000e+00
 0.00000e+00
 0.00000e+00
 0.00000e+00
 0.00000e+00
 0.00000e+00
 0.00000e+00
 0.00000e+00
 0.00000e+00
 0.00000e+00
 0.00000e+00
 0.00000e+00
 0.00000e+00
 0.00000e+00
 0.00000e+00
 0.00000e+00
 0.00000e+00
 0.00000e+00
 0.00000e+00
 0.00000e+00
 0.00000e+00
 0.00000e+00
 0.00000e+00
 0.00000e+00
 0.00000e+00
 0.00000e+00
 0.00000e+00
 0.00000e+00
 0.00000e+00
 0.00000e+00
 0.00000e+00
 0.00000e+00
 0.00000e+00
 0.00000e+00
 0.00000e+00
 0.00000e+00
 0.00000e+00
 0.00000e+00
 0.00000e+00
 0.00000e+00
 0.00000e+00
 0.00000e+00
 0.00000e+00
 0.00000e+00
 0.00000e+00
 0.00000e+00
 0.00000e+00
 0.00000e+00
 0.00000e+00
 0.00000e+00
 0.00000e+00
 0.00000e+00
 0.00000e+00
 0.00000e+00
 0.00000e+00
 0.00000e+00
 0.00000e+00
 0.00000e+00
 0.00000e+00
 0.00000e+00
 0.00000e+00
 0.00000e+00
 0.00000e+00
 0.00000e+00
 0.00000e+00
 0.00000e+00
 0.00000e+00
 0.00000e+00
 0.00000e+00
 0.00000e+00
 0.00000e+00
 0.00000e+00
 0.00000e+00
 0.00000e+00
 0.00000e+00
 0.00000e+00
 0.00000e+00
 0.00000e+00
 0.00000e+00
 0.00000e+00
 0.00000e+00
 0.00000e+00
 0.00000e+00
 0.00000e+00
 0.00000e+00
 0.00000e+00
 0.00000e+00
 0.00000e+00
 0.00000e+00
 0.00000e+00
 0.00000e+00
 0.00000e+00
 0.00000e+00
 0.00000e+00
 0.00000e+00
 0.00000e+00
 0.00000e+00
 0.00000e+00
 0.00000e+00
 0.00000e+00
 0.00000e+00
 0.00000e+00
 0.00000e+00
 0.00000e+00
 0.00000e+00
 0.00000e+00
 0.00000e+00
 0.00000e+00
 0.00000e+00
 0.00000e+00
 0.00000e+00
 0.00000e+00
 0.00000e+00
 0.00000e+00
 0.00000e+00
 0.00000e+00
 0.00000e+00
 0.00000e+00
 0.00000e+00
 0.00000e+00
 0.00000e+00
 0.00000e+00
 0.00000e+00
 0.00000e+00
 0.00000e+00
 0.00000e+00
 0.00000e+00
 0.00000e+00
 0.00000e+00
 0.00000e+00
 0.00000e+00
 0.00000e+00
 0.00000e+00
 0.00000e+00
 0.00000e+00
 0.00000e+00
 0.00000e+00
 0.00000e+00
 0.00000e+00
 0.00000e+00
 0.00000e+00
 0.00000e+00
 0.00000e+00
 0.00000e+00
 0.00000e+00
 0.00000e+00
 0.00000e+00
 0.00000e+00
 0.00000e+00
 0.00000e+00
 0.00000e+00
 0.00000e+00
 0.00000e+00
 0.00000e+00
 0.00000e+00
 0.00000e+00
 0.00000e+00
 0.00000e+00
 0.00000e+00
 0.00000e+00
 0.00000e+00
 0.00000e+00
 0.00000e+00
 0.00000e+00
 0.00000e+00
 0.00000e+00
 0.00000e+00
 0.00000e+00
 0.00000e+00
 0.00000e+00
 0.00000e+00
 0.00000e+00
 0.00000e+00
 0.00000e+00
 0.00000e+00
