NodeMass
part
         1
coordinates
 5.00000e-07
 1.00000e-06
 1.00000e-06
 1.00000e-06
 1.00000e-06
 5.00000e-07
 1.00000e-06
 2.00000e-06
 2.00000e-06
 2.00000e-06
 2.00000e-06
 1.00000e-06
 1.00000e-06
 2.00000e-06
 2.00000e-06
 2.00000e-06
 2.00000e-06
 1.00000e-06
 1.00000e-06
 2.00000e-06
 2.00000e-06
 2.00000e-06
 2.00000e-06
 1.00000e-06
 1.00000e-06
 2.00000e-06
 2.00000e-06
 2.00000e-06
 2.00000e-06
 1.00000e-06
 1.00000e-06
 2.00000e-06
 2.00000e-06
 2.00000e-06
 2.00000e-06
 1.00000e-06
 1.00000e-06
 2.00000e-06
 2.00000e-06
 2.00000e-06
 2.00000e-06
 1.00000e-06
 1.00000e-06
 2.00000e-06
 2.00000e-06
 2.00000e-06
 2.00000e-06
 1.00000e-06
 1.00000e-06
 2.00000e-06
 2.00000e-06
 2.00000e-06
 2.00000e-06
 1.00000e-06
 1.00000e-06
 2.00000e-06
 2.00000e-06
 2.00000e-06
 2.00000e-06
 1.00000e-06
 1.00000e-06
 2.00000e-06
 2.00000e-06
 2.00000e-06
 2.00000e-06
 1.00000e-06
 1.00000e-06
 2.00000e-06
 2.00000e-06
 2.00000e-06
 2.00000e-06
 1.00000e-06
 1.00000e-06
 2.00000e-06
 2.00000e-06
 2.00000e-06
 2.00000e-06
 1.00000e-06
 1.00000e-06
 2.00000e-06
 2.00000e-06
 2.00000e-06
 2.00000e-06
 1.00000e-06
 1.00000e-06
 2.00000e-06
 2.00000e-06
 2.00000e-06
 2.00000e-06
 1.00000e-06
 1.00000e-06
 2.00000e-06
 2.00000e-06
 2.00000e-06
 2.00000e-06
 1.00000e-06
 1.00000e-06
 2.00000e-06
 2.00000e-06
 2.00000e-06
 2.00000e-06
 1.00000e-06
 1.00000e-06
 2.00000e-06
 2.00000e-06
 2.00000e-06
 2.00000e-06
 1.00000e-06
 9.99999e-07
 2.00000e-06
 2.00000e-06
 2.00000e-06
 2.00000e-06
 9.99999e-07
 9.99992e-07
 1.99998e-06
 1.99998e-06
 1.99998e-06
 1.99998e-06
 9.99992e-07
 9.99963e-07
 1.99993e-06
 1.99993e-06
 1.99993e-06
 1.99993e-06
 9.99963e-07
 9.99839e-07
 1.99968e-06
 1.99968e-06
 1.99968e-06
 1.99968e-06
 9.99839e-07
 9.99389e-07
 1.99878e-06
 1.99878e-06
 1.99878e-06
 1.99878e-06
 9.99389e-07
 9.97983e-07
 1.99597e-06
 1.99597e-06
 1.99597e-06
 1.99597e-06
 9.97983e-07
 9.94273e-07
 1.98855e-06
 1.98855e-06
 1.98855e-06
 1.98855e-06
 9.94273e-07
 9.86180e-07
 1.97236e-06
 1.97236e-06
 1.97236e-06
 1.97236e-06
 9.86180e-07
 9.71770e-07
 1.94354e-06
 1.94354e-06
 1.94354e-06
 1.94354e-06
 9.71770e-07
 9.50734e-07
 1.90147e-06
 1.90147e-06
 1.90147e-06
 1.90147e-06
 9.50734e-07
 1.00000e-06
 2.00000e-06
 2.00000e-06
 2.00000e-06
 2.00000e-06
 1.00000e-06
 2.00000e-06
 4.00000e-06
 4.00000e-06
 4.00000e-06
 4.00000e-06
 2.00000e-06
 2.00000e-06
 4.00000e-06
 4.00000e-06
 4.00000e-06
 4.00000e-06
 2.00000e-06
 2.00000e-06
 4.00000e-06
 4.00000e-06
 4.00000e-06
 4.00000e-06
 2.00000e-06
 2.00000e-06
 4.00000e-06
 4.00000e-06
 4.00000e-06
 4.00000e-06
 2.00000e-06
 2.00000e-06
 4.00000e-06
 4.00000e-06
 4.00000e-06
 4.00000e-06
 2.00000e-06
 2.00000e-06
 4.00000e-06
 4.00000e-06
 4.00000e-06
 4.00000e-06
 2.00000e-06
 2.00000e-06
 4.00000e-06
 4.00000e-06
 4.00000e-06
 4.00000e-06
 2.00000e-06
 2.00000e-06
 4.00000e-06
 4.00000e-06
 4.00000e-06
 4.00000e-06
 2.00000e-06
 2.00000e-06
 4.00000e-06
 4.00000e-06
 4.00000e-06
 4.00000e-06
 2.00000e-06
 2.00000e-06
 4.00000e-06
 4.00000e-06
 4.00000e-06
 4.00000e-06
 2.00000e-06
 2.00000e-06
 4.00000e-06
 4.00000e-06
 4.00000e-06
 4.00000e-06
 2.00000e-06
 2.00000e-06
 4.00000e-06
 4.00000e-06
 4.00000e-06
 4.00000e-06
 2.00000e-06
 2.00000e-06
 4.00000e-06
 4.00000e-06
 4.00000e-06
 4.00000e-06
 2.00000e-06
 2.00000e-06
 4.00000e-06
 4.00000e-06
 4.00000e-06
 4.00000e-06
 2.00000e-06
 2.00000e-06
 4.00000e-06
 4.00000e-06
 4.00000e-06
 4.00000e-06
 2.00000e-06
 2.00000e-06
 4.00000e-06
 4.00000e-06
 4.00000e-06
 4.00000e-06
 2.00000e-06
 2.00000e-06
 4.00000e-06
 4.00000e-06
 4.00000e-06
 4.00000e-06
 2.00000e-06
 2.00000e-06
 3.99999e-06
 3.99999e-06
 3.99999e-06
 3.99999e-06
 2.00000e-06
 1.99998e-06
 3.99997e-06
 3.99997e-06
 3.99997e-06
 3.99997e-06
 1.99998e-06
 1.99993e-06
 3.99985e-06
 3.99985e-06
 3.99985e-06
 3.99985e-06
 1.99993e-06
 1.99968e-06
 3.99936e-06
 3.99936e-06
 3.99936e-06
 3.99936e-06
 1.99968e-06
 1.99878e-06
 3.99756e-06
 3.99756e-06
 3.99756e-06
 3.99756e-06
 1.99878e-06
 1.99597e-06
 3.99193e-06
 3.99193e-06
 3.99193e-06
 3.99193e-06
 1.99597e-06
 1.98855e-06
 3.97709e-06
 3.97709e-06
 3.97709e-06
 3.97709e-06
 1.98855e-06
 1.97236e-06
 3.94472e-06
 3.94472e-06
 3.94472e-06
 3.94472e-06
 1.97236e-06
 1.94354e-06
 3.88708e-06
 3.88708e-06
 3.88708e-06
 3.88708e-06
 1.94354e-06
 1.90147e-06
 3.80294e-06
 3.80294e-06
 3.80294e-06
 3.80294e-06
 1.90147e-06
 1.00000e-06
 2.00000e-06
 2.00000e-06
 2.00000e-06
 2.00000e-06
 1.00000e-06
 2.00000e-06
 4.00000e-06
 4.00000e-06
 4.00000e-06
 4.00000e-06
 2.00000e-06
 2.00000e-06
 4.00000e-06
 4.00000e-06
 4.00000e-06
 4.00000e-06
 2.00000e-06
 2.00000e-06
 4.00000e-06
 4.00000e-06
 4.00000e-06
 4.00000e-06
 2.00000e-06
 2.00000e-06
 4.00000e-06
 4.00000e-06
 4.00000e-06
 4.00000e-06
 2.00000e-06
 2.00000e-06
 4.00000e-06
 4.00000e-06
 4.00000e-06
 4.00000e-06
 2.00000e-06
 2.00000e-06
 4.00000e-06
 4.00000e-06
 4.00000e-06
 4.00000e-06
 2.00000e-06
 2.00000e-06
 4.00000e-06
 4.00000e-06
 4.00000e-06
 4.00000e-06
 2.00000e-06
 2.00000e-06
 4.00000e-06
 4.00000e-06
 4.00000e-06
 4.00000e-06
 2.00000e-06
 2.00000e-06
 4.00000e-06
 4.00000e-06
 4.00000e-06
 4.00000e-06
 2.00000e-06
 2.00000e-06
 4.00000e-06
 4.00000e-06
 4.00000e-06
 4.00000e-06
 2.00000e-06
 2.00000e-06
 4.00000e-06
 4.00000e-06
 4.00000e-06
 4.00000e-06
 2.00000e-06
 2.00000e-06
 4.00000e-06
 4.00000e-06
 4.00000e-06
 4.00000e-06
 2.00000e-06
 2.00000e-06
 4.00000e-06
 4.00000e-06
 4.00000e-06
 4.00000e-06
 2.00000e-06
 2.00000e-06
 4.00000e-06
 4.00000e-06
 4.00000e-06
 4.00000e-06
 2.00000e-06
 2.00000e-06
 4.00000e-06
 4.00000e-06
 4.00000e-06
 4.00000e-06
 2.00000e-06
 2.00000e-06
 4.00000e-06
 4.00000e-06
 4.00000e-06
 4.00000e-06
 2.00000e-06
 2.00000e-06
 4.00000e-06
 4.00000e-06
 4.00000e-06
 4.00000e-06
 2.00000e-06
 2.00000e-06
 3.99999e-06
 3.99999e-06
 3.99999e-06
 3.99999e-06
 2.00000e-06
 1.99998e-06
 3.99997e-06
 3.99997e-06
 3.99997e-06
 3.99997e-06
 1.99998e-06
 1.99993e-06
 3.99985e-06
 3.99985e-06
 3.99985e-06
 3.99985e-06
 1.99993e-06
 1.99968e-06
 3.99936e-06
 3.99936e-06
 3.99936e-06
 3.99936e-06
 1.99968e-06
 1.99878e-06
 3.99756e-06
 3.99756e-06
 3.99756e-06
 3.99756e-06
 1.99878e-06
 1.99597e-06
 3.99193e-06
 3.99193e-06
 3.99193e-06
 3.99193e-06
 1.99597e-06
 1.98855e-06
 3.97709e-06
 3.97709e-06
 3.97709e-06
 3.97709e-06
 1.98855e-06
 1.97236e-06
 3.94472e-06
 3.94472e-06
 3.94472e-06
 3.94472e-06
 1.97236e-06
 1.94354e-06
 3.88708e-06
 3.88708e-06
 3.88708e-06
 3.88708e-06
 1.94354e-06
 1.90147e-06
 3.80294e-06
 3.80294e-06
 3.80294e-06
 3.80294e-06
 1.90147e-06
 1.00000e-06
 2.00000e-06
 2.00000e-06
 2.00000e-06
 2.00000e-06
 1.00000e-06
 2.00000e-06
 4.00000e-06
 4.00000e-06
 4.00000e-06
 4.00000e-06
 2.00000e-06
 2.00000e-06
 4.00000e-06
 4.00000e-06
 4.00000e-06
 4.00000e-06
 2.00000e-06
 2.00000e-06
 4.00000e-06
 4.00000e-06
 4.00000e-06
 4.00000e-06
 2.00000e-06
 2.00000e-06
 4.00000e-06
 4.00000e-06
 4.00000e-06
 4.00000e-06
 2.00000e-06
 2.00000e-06
 4.00000e-06
 4.00000e-06
 4.00000e-06
 4.00000e-06
 2.00000e-06
 2.00000e-06
 4.00000e-06
 4.00000e-06
 4.00000e-06
 4.00000e-06
 2.00000e-06
 2.00000e-06
 4.00000e-06
 4.00000e-06
 4.00000e-06
 4.00000e-06
 2.00000e-06
 2.00000e-06
 4.00000e-06
 4.00000e-06
 4.00000e-06
 4.00000e-06
 2.00000e-06
 2.00000e-06
 4.00000e-06
 4.00000e-06
 4.00000e-06
 4.00000e-06
 2.00000e-06
 2.00000e-06
 4.00000e-06
 4.00000e-06
 4.00000e-06
 4.00000e-06
 2.00000e-06
 2.00000e-06
 4.00000e-06
 4.00000e-06
 4.00000e-06
 4.00000e-06
 2.00000e-06
 2.00000e-06
 4.00000e-06
 4.00000e-06
 4.00000e-06
 4.00000e-06
 2.00000e-06
 2.00000e-06
 4.00000e-06
 4.00000e-06
 4.00000e-06
 4.00000e-06
 2.00000e-06
 2.00000e-06
 4.00000e-06
 4.00000e-06
 4.00000e-06
 4.00000e-06
 2.00000e-06
 2.00000e-06
 4.00000e-06
 4.00000e-06
 4.00000e-06
 4.00000e-06
 2.00000e-06
 2.00000e-06
 4.00000e-06
 4.00000e-06
 4.00000e-06
 4.00000e-06
 2.00000e-06
 2.00000e-06
 4.00000e-06
 4.00000e-06
 4.00000e-06
 4.00000e-06
 2.00000e-06
 2.00000e-06
 3.99999e-06
 3.99999e-06
 3.99999e-06
 3.99999e-06
 2.00000e-06
 1.99998e-06
 3.99997e-06
 3.99997e-06
 3.99997e-06
 3.99997e-06
 1.99998e-06
 1.99993e-06
 3.99985e-06
 3.99985e-06
 3.99985e-06
 3.99985e-06
 1.99993e-06
 1.99968e-06
 3.99936e-06
 3.99936e-06
 3.99936e-06
 3.99936e-06
 1.99968e-06
 1.99878e-06
 3.99756e-06
 3.99756e-06
 3.99756e-06
 3.99756e-06
 1.99878e-06
 1.99597e-06
 3.99193e-06
 3.99193e-06
 3.99193e-06
 3.99193e-06
 1.99597e-06
 1.98855e-06
 3.97709e-06
 3.97709e-06
 3.97709e-06
 3.97709e-06
 1.98855e-06
 1.97236e-06
 3.94472e-06
 3.94472e-06
 3.94472e-06
 3.94472e-06
 1.97236e-06
 1.94354e-06
 3.88708e-06
 3.88708e-06
 3.88708e-06
 3.88708e-06
 1.94354e-06
 1.90147e-06
 3.80294e-06
 3.80294e-06
 3.80294e-06
 3.80294e-06
 1.90147e-06
 1.00000e-06
 2.00000e-06
 2.00000e-06
 2.00000e-06
 2.00000e-06
 1.00000e-06
 2.00000e-06
 4.00000e-06
 4.00000e-06
 4.00000e-06
 4.00000e-06
 2.00000e-06
 2.00000e-06
 4.00000e-06
 4.00000e-06
 4.00000e-06
 4.00000e-06
 2.00000e-06
 2.00000e-06
 4.00000e-06
 4.00000e-06
 4.00000e-06
 4.00000e-06
 2.00000e-06
 2.00000e-06
 4.00000e-06
 4.00000e-06
 4.00000e-06
 4.00000e-06
 2.00000e-06
 2.00000e-06
 4.00000e-06
 4.00000e-06
 4.00000e-06
 4.00000e-06
 2.00000e-06
 2.00000e-06
 4.00000e-06
 4.00000e-06
 4.00000e-06
 4.00000e-06
 2.00000e-06
 2.00000e-06
 4.00000e-06
 4.00000e-06
 4.00000e-06
 4.00000e-06
 2.00000e-06
 2.00000e-06
 4.00000e-06
 4.00000e-06
 4.00000e-06
 4.00000e-06
 2.00000e-06
 2.00000e-06
 4.00000e-06
 4.00000e-06
 4.00000e-06
 4.00000e-06
 2.00000e-06
 2.00000e-06
 4.00000e-06
 4.00000e-06
 4.00000e-06
 4.00000e-06
 2.00000e-06
 2.00000e-06
 4.00000e-06
 4.00000e-06
 4.00000e-06
 4.00000e-06
 2.00000e-06
 2.00000e-06
 4.00000e-06
 4.00000e-06
 4.00000e-06
 4.00000e-06
 2.00000e-06
 2.00000e-06
 4.00000e-06
 4.00000e-06
 4.00000e-06
 4.00000e-06
 2.00000e-06
 2.00000e-06
 4.00000e-06
 4.00000e-06
 4.00000e-06
 4.00000e-06
 2.00000e-06
 2.00000e-06
 4.00000e-06
 4.00000e-06
 4.00000e-06
 4.00000e-06
 2.00000e-06
 2.00000e-06
 4.00000e-06
 4.00000e-06
 4.00000e-06
 4.00000e-06
 2.00000e-06
 2.00000e-06
 4.00000e-06
 4.00000e-06
 4.00000e-06
 4.00000e-06
 2.00000e-06
 2.00000e-06
 3.99999e-06
 3.99999e-06
 3.99999e-06
 3.99999e-06
 2.00000e-06
 1.99998e-06
 3.99997e-06
 3.99997e-06
 3.99997e-06
 3.99997e-06
 1.99998e-06
 1.99993e-06
 3.99985e-06
 3.99985e-06
 3.99985e-06
 3.99985e-06
 1.99993e-06
 1.99968e-06
 3.99936e-06
 3.99936e-06
 3.99936e-06
 3.99936e-06
 1.99968e-06
 1.99878e-06
 3.99756e-06
 3.99756e-06
 3.99756e-06
 3.99756e-06
 1.99878e-06
 1.99597e-06
 3.99193e-06
 3.99193e-06
 3.99193e-06
 3.99193e-06
 1.99597e-06
 1.98855e-06
 3.97709e-06
 3.97709e-06
 3.97709e-06
 3.97709e-06
 1.98855e-06
 1.97236e-06
 3.94472e-06
 3.94472e-06
 3.94472e-06
 3.94472e-06
 1.97236e-06
 1.94354e-06
 3.88708e-06
 3.88708e-06
 3.88708e-06
 3.88708e-06
 1.94354e-06
 1.90147e-06
 3.80294e-06
 3.80294e-06
 3.80294e-06
 3.80294e-06
 1.90147e-06
 5.00000e-07
 1.00000e-06
 1.00000e-06
 1.00000e-06
 1.00000e-06
 5.00000e-07
 1.00000e-06
 2.00000e-06
 2.00000e-06
 2.00000e-06
 2.00000e-06
 1.00000e-06
 1.00000e-06
 2.00000e-06
 2.00000e-06
 2.00000e-06
 2.00000e-06
 1.00000e-06
 1.00000e-06
 2.00000e-06
 2.00000e-06
 2.00000e-06
 2.00000e-06
 1.00000e-06
 1.00000e-06
 2.00000e-06
 2.00000e-06
 2.00000e-06
 2.00000e-06
 1.00000e-06
 1.00000e-06
 2.00000e-06
 2.00000e-06
 2.00000e-06
 2.00000e-06
 1.00000e-06
 1.00000e-06
 2.00000e-06
 2.00000e-06
 2.00000e-06
 2.00000e-06
 1.00000e-06
 1.00000e-06
 2.00000e-06
 2.00000e-06
 2.00000e-06
 2.00000e-06
 1.00000e-06
 1.00000e-06
 2.00000e-06
 2.00000e-06
 2.00000e-06
 2.00000e-06
 1.00000e-06
 1.00000e-06
 2.00000e-06
 2.00000e-06
 2.00000e-06
 2.00000e-06
 1.00000e-06
 1.00000e-06
 2.00000e-06
 2.00000e-06
 2.00000e-06
 2.00000e-06
 1.00000e-06
 1.00000e-06
 2.00000e-06
 2.00000e-06
 2.00000e-06
 2.00000e-06
 1.00000e-06
 1.00000e-06
 2.00000e-06
 2.00000e-06
 2.00000e-06
 2.00000e-06
 1.00000e-06
 1.00000e-06
 2.00000e-06
 2.00000e-06
 2.00000e-06
 2.00000e-06
 1.00000e-06
 1.00000e-06
 2.00000e-06
 2.00000e-06
 2.00000e-06
 2.00000e-06
 1.00000e-06
 1.00000e-06
 2.00000e-06
 2.00000e-06
 2.00000e-06
 2.00000e-06
 1.00000e-06
 1.00000e-06
 2.00000e-06
 2.00000e-06
 2.00000e-06
 2.00000e-06
 1.00000e-06
 1.00000e-06
 2.00000e-06
 2.00000e-06
 2.00000e-06
 2.00000e-06
 1.00000e-06
 9.99999e-07
 2.00000e-06
 2.00000e-06
 2.00000e-06
 2.00000e-06
 9.99999e-07
 9.99992e-07
 1.99998e-06
 1.99998e-06
 1.99998e-06
 1.99998e-06
 9.99992e-07
 9.99963e-07
 1.99993e-06
 1.99993e-06
 1.99993e-06
 1.99993e-06
 9.99963e-07
 9.99839e-07
 1.99968e-06
 1.99968e-06
 1.99968e-06
 1.99968e-06
 9.99839e-07
 9.99389e-07
 1.99878e-06
 1.99878e-06
 1.99878e-06
 1.99878e-06
 9.99389e-07
 9.97983e-07
 1.99597e-06
 1.99597e-06
 1.99597e-06
 1.99597e-06
 9.97983e-07
 9.94273e-07
 1.98855e-06
 1.98855e-06
 1.98855e-06
 1.98855e-06
 9.94273e-07
 9.86180e-07
 1.97236e-06
 1.97236e-06
 1.97236e-06
 1.97236e-06
 9.86180e-07
 9.71770e-07
 1.94354e-06
 1.94354e-06
 1.94354e-06
 1.94354e-06
 9.71770e-07
 9.50734e-07
 1.90147e-06
 1.90147e-06
 1.90147e-06
 1.90147e-06
 9.50734e-07
part
         2
coordinates
 9.97983e-07
 1.99597e-06
 1.99597e-06
 1.99597e-06
 1.99597e-06
 9.97983e-07
 9.94273e-07
 1.98855e-06
 1.98855e-06
 1.98855e-06
 1.98855e-06
 9.94273e-07
 9.86180e-07
 1.97236e-06
 1.97236e-06
 1.97236e-06
 1.97236e-06
 9.86180e-07
 9.71770e-07
 1.94354e-06
 1.94354e-06
 1.94354e-06
 1.94354e-06
 9.71770e-07
 9.50734e-07
 1.90147e-06
 1.90147e-06
 1.90147e-06
 1.90147e-06
 9.50734e-07
 9.24805e-07
 1.84961e-06
 1.84961e-06
 1.84961e-06
 1.84961e-06
 9.24805e-07
 8.96423e-07
 1.79285e-06
 1.79285e-06
 1.79285e-06
 1.79285e-06
 8.96423e-07
 8.67343e-07
 1.73469e-06
 1.73469e-06
 1.73469e-06
 1.73469e-06
 8.67343e-07
 8.38437e-07
 1.67687e-06
 1.67687e-06
 1.67687e-06
 1.67687e-06
 8.38437e-07
 8.10074e-07
 1.62015e-06
 1.62015e-06
 1.62015e-06
 1.62015e-06
 8.10074e-07
 7.82404e-07
 1.56481e-06
 1.56481e-06
 1.56481e-06
 1.56481e-06
 7.82404e-07
 7.55508e-07
 1.51102e-06
 1.51102e-06
 1.51102e-06
 1.51102e-06
 7.55508e-07
 7.29456e-07
 1.45891e-06
 1.45891e-06
 1.45891e-06
 1.45891e-06
 7.29456e-07
 7.04312e-07
 1.40862e-06
 1.40862e-06
 1.40862e-06
 1.40862e-06
 7.04312e-07
 6.80104e-07
 1.36021e-06
 1.36021e-06
 1.36021e-06
 1.36021e-06
 6.80104e-07
 6.56836e-07
 1.31367e-06
 1.31367e-06
 1.31367e-06
 1.31367e-06
 6.56836e-07
 6.34493e-07
 1.26899e-06
 1.26899e-06
 1.26899e-06
 1.26899e-06
 6.34493e-07
 6.13051e-07
 1.22610e-06
 1.22610e-06
 1.22610e-06
 1.22610e-06
 6.13051e-07
 5.92488e-07
 1.18498e-06
 1.18498e-06
 1.18498e-06
 1.18498e-06
 5.92488e-07
 5.72795e-07
 1.14559e-06
 1.14559e-06
 1.14559e-06
 1.14559e-06
 5.72795e-07
 5.53973e-07
 1.10795e-06
 1.10795e-06
 1.10795e-06
 1.10795e-06
 5.53973e-07
 5.36042e-07
 1.07208e-06
 1.07208e-06
 1.07208e-06
 1.07208e-06
 5.36042e-07
 5.19039e-07
 1.03808e-06
 1.03808e-06
 1.03808e-06
 1.03808e-06
 5.19039e-07
 5.03025e-07
 1.00605e-06
 1.00605e-06
 1.00605e-06
 1.00605e-06
 5.03025e-07
 4.88088e-07
 9.76176e-07
 9.76176e-07
 9.76176e-07
 9.76176e-07
 4.88088e-07
 4.74347e-07
 9.48693e-07
 9.48693e-07
 9.48693e-07
 9.48693e-07
 4.74347e-07
 4.61949e-07
 9.23899e-07
 9.23899e-07
 9.23899e-07
 9.23899e-07
 4.61949e-07
 4.51067e-07
 9.02133e-07
 9.02133e-07
 9.02133e-07
 9.02133e-07
 4.51067e-07
 4.41867e-07
 8.83734e-07
 8.83734e-07
 8.83734e-07
 8.83734e-07
 4.41867e-07
 4.34475e-07
 8.68949e-07
 8.68949e-07
 8.68949e-07
 8.68949e-07
 4.34475e-07
 1.99597e-06
 3.99193e-06
 3.99193e-06
 3.99193e-06
 3.99193e-06
 1.99597e-06
 1.98855e-06
 3.97709e-06
 3.97709e-06
 3.97709e-06
 3.97709e-06
 1.98855e-06
 1.97236e-06
 3.94472e-06
 3.94472e-06
 3.94472e-06
 3.94472e-06
 1.97236e-06
 1.94354e-06
 3.88708e-06
 3.88708e-06
 3.88708e-06
 3.88708e-06
 1.94354e-06
 1.90147e-06
 3.80294e-06
 3.80294e-06
 3.80294e-06
 3.80294e-06
 1.90147e-06
 1.84961e-06
 3.69922e-06
 3.69922e-06
 3.69922e-06
 3.69922e-06
 1.84961e-06
 1.79285e-06
 3.58569e-06
 3.58569e-06
 3.58569e-06
 3.58569e-06
 1.79285e-06
 1.73469e-06
 3.46937e-06
 3.46937e-06
 3.46937e-06
 3.46937e-06
 1.73469e-06
 1.67687e-06
 3.35375e-06
 3.35375e-06
 3.35375e-06
 3.35375e-06
 1.67687e-06
 1.62015e-06
 3.24029e-06
 3.24029e-06
 3.24029e-06
 3.24029e-06
 1.62015e-06
 1.56481e-06
 3.12962e-06
 3.12962e-06
 3.12962e-06
 3.12962e-06
 1.56481e-06
 1.51102e-06
 3.02203e-06
 3.02203e-06
 3.02203e-06
 3.02203e-06
 1.51102e-06
 1.45891e-06
 2.91783e-06
 2.91783e-06
 2.91783e-06
 2.91783e-06
 1.45891e-06
 1.40862e-06
 2.81725e-06
 2.81725e-06
 2.81725e-06
 2.81725e-06
 1.40862e-06
 1.36021e-06
 2.72042e-06
 2.72042e-06
 2.72042e-06
 2.72042e-06
 1.36021e-06
 1.31367e-06
 2.62735e-06
 2.62735e-06
 2.62735e-06
 2.62735e-06
 1.31367e-06
 1.26899e-06
 2.53797e-06
 2.53797e-06
 2.53797e-06
 2.53797e-06
 1.26899e-06
 1.22610e-06
 2.45220e-06
 2.45220e-06
 2.45220e-06
 2.45220e-06
 1.22610e-06
 1.18498e-06
 2.36995e-06
 2.36995e-06
 2.36995e-06
 2.36995e-06
 1.18498e-06
 1.14559e-06
 2.29118e-06
 2.29118e-06
 2.29118e-06
 2.29118e-06
 1.14559e-06
 1.10795e-06
 2.21589e-06
 2.21589e-06
 2.21589e-06
 2.21589e-06
 1.10795e-06
 1.07208e-06
 2.14417e-06
 2.14417e-06
 2.14417e-06
 2.14417e-06
 1.07208e-06
 1.03808e-06
 2.07615e-06
 2.07615e-06
 2.07615e-06
 2.07615e-06
 1.03808e-06
 1.00605e-06
 2.01210e-06
 2.01210e-06
 2.01210e-06
 2.01210e-06
 1.00605e-06
 9.76176e-07
 1.95235e-06
 1.95235e-06
 1.95235e-06
 1.95235e-06
 9.76176e-07
 9.48693e-07
 1.89739e-06
 1.89739e-06
 1.89739e-06
 1.89739e-06
 9.48693e-07
 9.23899e-07
 1.84780e-06
 1.84780e-06
 1.84780e-06
 1.84780e-06
 9.23899e-07
 9.02133e-07
 1.80427e-06
 1.80427e-06
 1.80427e-06
 1.80427e-06
 9.02133e-07
 8.83734e-07
 1.76747e-06
 1.76747e-06
 1.76747e-06
 1.76747e-06
 8.83734e-07
 8.68949e-07
 1.73790e-06
 1.73790e-06
 1.73790e-06
 1.73790e-06
 8.68949e-07
 1.99597e-06
 3.99193e-06
 3.99193e-06
 3.99193e-06
 3.99193e-06
 1.99597e-06
 1.98855e-06
 3.97709e-06
 3.97709e-06
 3.97709e-06
 3.97709e-06
 1.98855e-06
 1.97236e-06
 3.94472e-06
 3.94472e-06
 3.94472e-06
 3.94472e-06
 1.97236e-06
 1.94354e-06
 3.88708e-06
 3.88708e-06
 3.88708e-06
 3.88708e-06
 1.94354e-06
 1.90147e-06
 3.80294e-06
 3.80294e-06
 3.80294e-06
 3.80294e-06
 1.90147e-06
 1.84961e-06
 3.69922e-06
 3.69922e-06
 3.69922e-06
 3.69922e-06
 1.84961e-06
 1.79285e-06
 3.58569e-06
 3.58569e-06
 3.58569e-06
 3.58569e-06
 1.79285e-06
 1.73469e-06
 3.46937e-06
 3.46937e-06
 3.46937e-06
 3.46937e-06
 1.73469e-06
 1.67687e-06
 3.35375e-06
 3.35375e-06
 3.35375e-06
 3.35375e-06
 1.67687e-06
 1.62015e-06
 3.24029e-06
 3.24029e-06
 3.24029e-06
 3.24029e-06
 1.62015e-06
 1.56481e-06
 3.12962e-06
 3.12962e-06
 3.12962e-06
 3.12962e-06
 1.56481e-06
 1.51102e-06
 3.02203e-06
 3.02203e-06
 3.02203e-06
 3.02203e-06
 1.51102e-06
 1.45891e-06
 2.91783e-06
 2.91783e-06
 2.91783e-06
 2.91783e-06
 1.45891e-06
 1.40862e-06
 2.81725e-06
 2.81725e-06
 2.81725e-06
 2.81725e-06
 1.40862e-06
 1.36021e-06
 2.72042e-06
 2.72042e-06
 2.72042e-06
 2.72042e-06
 1.36021e-06
 1.31367e-06
 2.62735e-06
 2.62735e-06
 2.62735e-06
 2.62735e-06
 1.31367e-06
 1.26899e-06
 2.53797e-06
 2.53797e-06
 2.53797e-06
 2.53797e-06
 1.26899e-06
 1.22610e-06
 2.45220e-06
 2.45220e-06
 2.45220e-06
 2.45220e-06
 1.22610e-06
 1.18498e-06
 2.36995e-06
 2.36995e-06
 2.36995e-06
 2.36995e-06
 1.18498e-06
 1.14559e-06
 2.29118e-06
 2.29118e-06
 2.29118e-06
 2.29118e-06
 1.14559e-06
 1.10795e-06
 2.21589e-06
 2.21589e-06
 2.21589e-06
 2.21589e-06
 1.10795e-06
 1.07208e-06
 2.14417e-06
 2.14417e-06
 2.14417e-06
 2.14417e-06
 1.07208e-06
 1.03808e-06
 2.07615e-06
 2.07615e-06
 2.07615e-06
 2.07615e-06
 1.03808e-06
 1.00605e-06
 2.01210e-06
 2.01210e-06
 2.01210e-06
 2.01210e-06
 1.00605e-06
 9.76176e-07
 1.95235e-06
 1.95235e-06
 1.95235e-06
 1.95235e-06
 9.76176e-07
 9.48693e-07
 1.89739e-06
 1.89739e-06
 1.89739e-06
 1.89739e-06
 9.48693e-07
 9.23899e-07
 1.84780e-06
 1.84780e-06
 1.84780e-06
 1.84780e-06
 9.23899e-07
 9.02133e-07
 1.80427e-06
 1.80427e-06
 1.80427e-06
 1.80427e-06
 9.02133e-07
 8.83734e-07
 1.76747e-06
 1.76747e-06
 1.76747e-06
 1.76747e-06
 8.83734e-07
 8.68949e-07
 1.73790e-06
 1.73790e-06
 1.73790e-06
 1.73790e-06
 8.68949e-07
 1.99597e-06
 3.99193e-06
 3.99193e-06
 3.99193e-06
 3.99193e-06
 1.99597e-06
 1.98855e-06
 3.97709e-06
 3.97709e-06
 3.97709e-06
 3.97709e-06
 1.98855e-06
 1.97236e-06
 3.94472e-06
 3.94472e-06
 3.94472e-06
 3.94472e-06
 1.97236e-06
 1.94354e-06
 3.88708e-06
 3.88708e-06
 3.88708e-06
 3.88708e-06
 1.94354e-06
 1.90147e-06
 3.80294e-06
 3.80294e-06
 3.80294e-06
 3.80294e-06
 1.90147e-06
 1.84961e-06
 3.69922e-06
 3.69922e-06
 3.69922e-06
 3.69922e-06
 1.84961e-06
 1.79285e-06
 3.58569e-06
 3.58569e-06
 3.58569e-06
 3.58569e-06
 1.79285e-06
 1.73469e-06
 3.46937e-06
 3.46937e-06
 3.46937e-06
 3.46937e-06
 1.73469e-06
 1.67687e-06
 3.35375e-06
 3.35375e-06
 3.35375e-06
 3.35375e-06
 1.67687e-06
 1.62015e-06
 3.24029e-06
 3.24029e-06
 3.24029e-06
 3.24029e-06
 1.62015e-06
 1.56481e-06
 3.12962e-06
 3.12962e-06
 3.12962e-06
 3.12962e-06
 1.56481e-06
 1.51102e-06
 3.02203e-06
 3.02203e-06
 3.02203e-06
 3.02203e-06
 1.51102e-06
 1.45891e-06
 2.91783e-06
 2.91783e-06
 2.91783e-06
 2.91783e-06
 1.45891e-06
 1.40862e-06
 2.81725e-06
 2.81725e-06
 2.81725e-06
 2.81725e-06
 1.40862e-06
 1.36021e-06
 2.72042e-06
 2.72042e-06
 2.72042e-06
 2.72042e-06
 1.36021e-06
 1.31367e-06
 2.62735e-06
 2.62735e-06
 2.62735e-06
 2.62735e-06
 1.31367e-06
 1.26899e-06
 2.53797e-06
 2.53797e-06
 2.53797e-06
 2.53797e-06
 1.26899e-06
 1.22610e-06
 2.45220e-06
 2.45220e-06
 2.45220e-06
 2.45220e-06
 1.22610e-06
 1.18498e-06
 2.36995e-06
 2.36995e-06
 2.36995e-06
 2.36995e-06
 1.18498e-06
 1.14559e-06
 2.29118e-06
 2.29118e-06
 2.29118e-06
 2.29118e-06
 1.14559e-06
 1.10795e-06
 2.21589e-06
 2.21589e-06
 2.21589e-06
 2.21589e-06
 1.10795e-06
 1.07208e-06
 2.14417e-06
 2.14417e-06
 2.14417e-06
 2.14417e-06
 1.07208e-06
 1.03808e-06
 2.07615e-06
 2.07615e-06
 2.07615e-06
 2.07615e-06
 1.03808e-06
 1.00605e-06
 2.01210e-06
 2.01210e-06
 2.01210e-06
 2.01210e-06
 1.00605e-06
 9.76176e-07
 1.95235e-06
 1.95235e-06
 1.95235e-06
 1.95235e-06
 9.76176e-07
 9.48693e-07
 1.89739e-06
 1.89739e-06
 1.89739e-06
 1.89739e-06
 9.48693e-07
 9.23899e-07
 1.84780e-06
 1.84780e-06
 1.84780e-06
 1.84780e-06
 9.23899e-07
 9.02133e-07
 1.80427e-06
 1.80427e-06
 1.80427e-06
 1.80427e-06
 9.02133e-07
 8.83734e-07
 1.76747e-06
 1.76747e-06
 1.76747e-06
 1.76747e-06
 8.83734e-07
 8.68949e-07
 1.73790e-06
 1.73790e-06
 1.73790e-06
 1.73790e-06
 8.68949e-07
 1.99597e-06
 3.99193e-06
 3.99193e-06
 3.99193e-06
 3.99193e-06
 1.99597e-06
 1.98855e-06
 3.97709e-06
 3.97709e-06
 3.97709e-06
 3.97709e-06
 1.98855e-06
 1.97236e-06
 3.94472e-06
 3.94472e-06
 3.94472e-06
 3.94472e-06
 1.97236e-06
 1.94354e-06
 3.88708e-06
 3.88708e-06
 3.88708e-06
 3.88708e-06
 1.94354e-06
 1.90147e-06
 3.80294e-06
 3.80294e-06
 3.80294e-06
 3.80294e-06
 1.90147e-06
 1.84961e-06
 3.69922e-06
 3.69922e-06
 3.69922e-06
 3.69922e-06
 1.84961e-06
 1.79285e-06
 3.58569e-06
 3.58569e-06
 3.58569e-06
 3.58569e-06
 1.79285e-06
 1.73469e-06
 3.46937e-06
 3.46937e-06
 3.46937e-06
 3.46937e-06
 1.73469e-06
 1.67687e-06
 3.35375e-06
 3.35375e-06
 3.35375e-06
 3.35375e-06
 1.67687e-06
 1.62015e-06
 3.24029e-06
 3.24029e-06
 3.24029e-06
 3.24029e-06
 1.62015e-06
 1.56481e-06
 3.12962e-06
 3.12962e-06
 3.12962e-06
 3.12962e-06
 1.56481e-06
 1.51102e-06
 3.02203e-06
 3.02203e-06
 3.02203e-06
 3.02203e-06
 1.51102e-06
 1.45891e-06
 2.91783e-06
 2.91783e-06
 2.91783e-06
 2.91783e-06
 1.45891e-06
 1.40862e-06
 2.81725e-06
 2.81725e-06
 2.81725e-06
 2.81725e-06
 1.40862e-06
 1.36021e-06
 2.72042e-06
 2.72042e-06
 2.72042e-06
 2.72042e-06
 1.36021e-06
 1.31367e-06
 2.62735e-06
 2.62735e-06
 2.62735e-06
 2.62735e-06
 1.31367e-06
 1.26899e-06
 2.53797e-06
 2.53797e-06
 2.53797e-06
 2.53797e-06
 1.26899e-06
 1.22610e-06
 2.45220e-06
 2.45220e-06
 2.45220e-06
 2.45220e-06
 1.22610e-06
 1.18498e-06
 2.36995e-06
 2.36995e-06
 2.36995e-06
 2.36995e-06
 1.18498e-06
 1.14559e-06
 2.29118e-06
 2.29118e-06
 2.29118e-06
 2.29118e-06
 1.14559e-06
 1.10795e-06
 2.21589e-06
 2.21589e-06
 2.21589e-06
 2.21589e-06
 1.10795e-06
 1.07208e-06
 2.14417e-06
 2.14417e-06
 2.14417e-06
 2.14417e-06
 1.07208e-06
 1.03808e-06
 2.07615e-06
 2.07615e-06
 2.07615e-06
 2.07615e-06
 1.03808e-06
 1.00605e-06
 2.01210e-06
 2.01210e-06
 2.01210e-06
 2.01210e-06
 1.00605e-06
 9.76176e-07
 1.95235e-06
 1.95235e-06
 1.95235e-06
 1.95235e-06
 9.76176e-07
 9.48693e-07
 1.89739e-06
 1.89739e-06
 1.89739e-06
 1.89739e-06
 9.48693e-07
 9.23899e-07
 1.84780e-06
 1.84780e-06
 1.84780e-06
 1.84780e-06
 9.23899e-07
 9.02133e-07
 1.80427e-06
 1.80427e-06
 1.80427e-06
 1.80427e-06
 9.02133e-07
 8.83734e-07
 1.76747e-06
 1.76747e-06
 1.76747e-06
 1.76747e-06
 8.83734e-07
 8.68949e-07
 1.73790e-06
 1.73790e-06
 1.73790e-06
 1.73790e-06
 8.68949e-07
 9.97983e-07
 1.99597e-06
 1.99597e-06
 1.99597e-06
 1.99597e-06
 9.97983e-07
 9.94273e-07
 1.98855e-06
 1.98855e-06
 1.98855e-06
 1.98855e-06
 9.94273e-07
 9.86180e-07
 1.97236e-06
 1.97236e-06
 1.97236e-06
 1.97236e-06
 9.86180e-07
 9.71770e-07
 1.94354e-06
 1.94354e-06
 1.94354e-06
 1.94354e-06
 9.71770e-07
 9.50734e-07
 1.90147e-06
 1.90147e-06
 1.90147e-06
 1.90147e-06
 9.50734e-07
 9.24805e-07
 1.84961e-06
 1.84961e-06
 1.84961e-06
 1.84961e-06
 9.24805e-07
 8.96423e-07
 1.79285e-06
 1.79285e-06
 1.79285e-06
 1.79285e-06
 8.96423e-07
 8.67343e-07
 1.73469e-06
 1.73469e-06
 1.73469e-06
 1.73469e-06
 8.67343e-07
 8.38437e-07
 1.67687e-06
 1.67687e-06
 1.67687e-06
 1.67687e-06
 8.38437e-07
 8.10074e-07
 1.62015e-06
 1.62015e-06
 1.62015e-06
 1.62015e-06
 8.10074e-07
 7.82404e-07
 1.56481e-06
 1.56481e-06
 1.56481e-06
 1.56481e-06
 7.82404e-07
 7.55508e-07
 1.51102e-06
 1.51102e-06
 1.51102e-06
 1.51102e-06
 7.55508e-07
 7.29456e-07
 1.45891e-06
 1.45891e-06
 1.45891e-06
 1.45891e-06
 7.29456e-07
 7.04312e-07
 1.40862e-06
 1.40862e-06
 1.40862e-06
 1.40862e-06
 7.04312e-07
 6.80104e-07
 1.36021e-06
 1.36021e-06
 1.36021e-06
 1.36021e-06
 6.80104e-07
 6.56836e-07
 1.31367e-06
 1.31367e-06
 1.31367e-06
 1.31367e-06
 6.56836e-07
 6.34493e-07
 1.26899e-06
 1.26899e-06
 1.26899e-06
 1.26899e-06
 6.34493e-07
 6.13051e-07
 1.22610e-06
 1.22610e-06
 1.22610e-06
 1.22610e-06
 6.13051e-07
 5.92488e-07
 1.18498e-06
 1.18498e-06
 1.18498e-06
 1.18498e-06
 5.92488e-07
 5.72795e-07
 1.14559e-06
 1.14559e-06
 1.14559e-06
 1.14559e-06
 5.72795e-07
 5.53973e-07
 1.10795e-06
 1.10795e-06
 1.10795e-06
 1.10795e-06
 5.53973e-07
 5.36042e-07
 1.07208e-06
 1.07208e-06
 1.07208e-06
 1.07208e-06
 5.36042e-07
 5.19039e-07
 1.03808e-06
 1.03808e-06
 1.03808e-06
 1.03808e-06
 5.19039e-07
 5.03025e-07
 1.00605e-06
 1.00605e-06
 1.00605e-06
 1.00605e-06
 5.03025e-07
 4.88088e-07
 9.76176e-07
 9.76176e-07
 9.76176e-07
 9.76176e-07
 4.88088e-07
 4.74347e-07
 9.48693e-07
 9.48693e-07
 9.48693e-07
 9.48693e-07
 4.74347e-07
 4.61949e-07
 9.23899e-07
 9.23899e-07
 9.23899e-07
 9.23899e-07
 4.61949e-07
 4.51067e-07
 9.02133e-07
 9.02133e-07
 9.02133e-07
 9.02133e-07
 4.51067e-07
 4.41867e-07
 8.83734e-07
 8.83734e-07
 8.83734e-07
 8.83734e-07
 4.41867e-07
 4.34475e-07
 8.68949e-07
 8.68949e-07
 8.68949e-07
 8.68949e-07
 4.34475e-07
part
         3
coordinates
 4.74347e-07
 9.48693e-07
 9.48693e-07
 9.48693e-07
 9.48693e-07
 4.74347e-07
 4.61949e-07
 9.23899e-07
 9.23899e-07
 9.23899e-07
 9.23899e-07
 4.61949e-07
 4.51067e-07
 9.02133e-07
 9.02133e-07
 9.02133e-07
 9.02133e-07
 4.51067e-07
 4.41867e-07
 8.83734e-07
 8.83734e-07
 8.83734e-07
 8.83734e-07
 4.41867e-07
 4.34475e-07
 8.68949e-07
 8.68949e-07
 8.68949e-07
 8.68949e-07
 4.34475e-07
 4.28918e-07
 8.57835e-07
 8.57835e-07
 8.57835e-07
 8.57835e-07
 4.28918e-07
 4.25085e-07
 8.50170e-07
 8.50170e-07
 8.50170e-07
 8.50170e-07
 4.25085e-07
 4.22724e-07
 8.45448e-07
 8.45448e-07
 8.45448e-07
 8.45448e-07
 4.22724e-07
 4.21483e-07
 8.42966e-07
 8.42966e-07
 8.42966e-07
 8.42966e-07
 4.21483e-07
 4.20962e-07
 8.41925e-07
 8.41925e-07
 8.41925e-07
 8.41925e-07
 4.20962e-07
 4.20805e-07
 8.41609e-07
 8.41609e-07
 8.41609e-07
 8.41609e-07
 4.20805e-07
 4.20786e-07
 8.41572e-07
 8.41572e-07
 8.41572e-07
 8.41572e-07
 4.20786e-07
 4.20737e-07
 8.41474e-07
 8.41474e-07
 8.41474e-07
 8.41474e-07
 4.20737e-07
 4.20417e-07
 8.40834e-07
 8.40834e-07
 8.40834e-07
 8.40834e-07
 4.20417e-07
 4.19538e-07
 8.39076e-07
 8.39076e-07
 8.39076e-07
 8.39076e-07
 4.19538e-07
 4.17680e-07
 8.35359e-07
 8.35359e-07
 8.35359e-07
 8.35359e-07
 4.17680e-07
 4.14032e-07
 8.28063e-07
 8.28063e-07
 8.28063e-07
 8.28063e-07
 4.14032e-07
 4.07299e-07
 8.14597e-07
 8.14597e-07
 8.14597e-07
 8.14597e-07
 4.07299e-07
 3.95695e-07
 7.91390e-07
 7.91390e-07
 7.91390e-07
 7.91390e-07
 3.95695e-07
 3.77184e-07
 7.54367e-07
 7.54367e-07
 7.54367e-07
 7.54367e-07
 3.77184e-07
 3.49710e-07
 6.99420e-07
 6.99420e-07
 6.99420e-07
 6.99420e-07
 3.49710e-07
 3.16657e-07
 6.33314e-07
 6.33314e-07
 6.33314e-07
 6.33314e-07
 3.16657e-07
 2.89649e-07
 5.79299e-07
 5.79299e-07
 5.79299e-07
 5.79299e-07
 2.89649e-07
 2.74202e-07
 5.48405e-07
 5.48405e-07
 5.48405e-07
 5.48405e-07
 2.74202e-07
 2.66671e-07
 5.33343e-07
 5.33343e-07
 5.33343e-07
 5.33343e-07
 2.66671e-07
 2.63655e-07
 5.27309e-07
 5.27309e-07
 5.27309e-07
 5.27309e-07
 2.63655e-07
 2.62848e-07
 5.25697e-07
 5.25697e-07
 5.25697e-07
 5.25697e-07
 2.62848e-07
 2.62949e-07
 5.25898e-07
 5.25898e-07
 5.25898e-07
 5.25898e-07
 2.62949e-07
 2.63301e-07
 5.26602e-07
 5.26602e-07
 5.26602e-07
 5.26602e-07
 2.63301e-07
 2.63578e-07
 5.27155e-07
 5.27155e-07
 5.27155e-07
 5.27155e-07
 2.63578e-07
 9.48693e-07
 1.89739e-06
 1.89739e-06
 1.89739e-06
 1.89739e-06
 9.48693e-07
 9.23899e-07
 1.84780e-06
 1.84780e-06
 1.84780e-06
 1.84780e-06
 9.23899e-07
 9.02133e-07
 1.80427e-06
 1.80427e-06
 1.80427e-06
 1.80427e-06
 9.02133e-07
 8.83734e-07
 1.76747e-06
 1.76747e-06
 1.76747e-06
 1.76747e-06
 8.83734e-07
 8.68949e-07
 1.73790e-06
 1.73790e-06
 1.73790e-06
 1.73790e-06
 8.68949e-07
 8.57835e-07
 1.71567e-06
 1.71567e-06
 1.71567e-06
 1.71567e-06
 8.57835e-07
 8.50170e-07
 1.70034e-06
 1.70034e-06
 1.70034e-06
 1.70034e-06
 8.50170e-07
 8.45448e-07
 1.69090e-06
 1.69090e-06
 1.69090e-06
 1.69090e-06
 8.45448e-07
 8.42966e-07
 1.68593e-06
 1.68593e-06
 1.68593e-06
 1.68593e-06
 8.42966e-07
 8.41925e-07
 1.68385e-06
 1.68385e-06
 1.68385e-06
 1.68385e-06
 8.41925e-07
 8.41609e-07
 1.68322e-06
 1.68322e-06
 1.68322e-06
 1.68322e-06
 8.41609e-07
 8.41572e-07
 1.68314e-06
 1.68314e-06
 1.68314e-06
 1.68314e-06
 8.41572e-07
 8.41474e-07
 1.68295e-06
 1.68295e-06
 1.68295e-06
 1.68295e-06
 8.41474e-07
 8.40834e-07
 1.68167e-06
 1.68167e-06
 1.68167e-06
 1.68167e-06
 8.40834e-07
 8.39076e-07
 1.67815e-06
 1.67815e-06
 1.67815e-06
 1.67815e-06
 8.39076e-07
 8.35359e-07
 1.67072e-06
 1.67072e-06
 1.67072e-06
 1.67072e-06
 8.35359e-07
 8.28063e-07
 1.65613e-06
 1.65613e-06
 1.65613e-06
 1.65613e-06
 8.28063e-07
 8.14597e-07
 1.62919e-06
 1.62919e-06
 1.62919e-06
 1.62919e-06
 8.14597e-07
 7.91390e-07
 1.58278e-06
 1.58278e-06
 1.58278e-06
 1.58278e-06
 7.91390e-07
 7.54367e-07
 1.50873e-06
 1.50873e-06
 1.50873e-06
 1.50873e-06
 7.54367e-07
 6.99420e-07
 1.39884e-06
 1.39884e-06
 1.39884e-06
 1.39884e-06
 6.99420e-07
 6.33314e-07
 1.26663e-06
 1.26663e-06
 1.26663e-06
 1.26663e-06
 6.33314e-07
 5.79299e-07
 1.15860e-06
 1.15860e-06
 1.15860e-06
 1.15860e-06
 5.79299e-07
 5.48405e-07
 1.09681e-06
 1.09681e-06
 1.09681e-06
 1.09681e-06
 5.48405e-07
 5.33343e-07
 1.06669e-06
 1.06669e-06
 1.06669e-06
 1.06669e-06
 5.33343e-07
 5.27309e-07
 1.05462e-06
 1.05462e-06
 1.05462e-06
 1.05462e-06
 5.27309e-07
 5.25697e-07
 1.05139e-06
 1.05139e-06
 1.05139e-06
 1.05139e-06
 5.25697e-07
 5.25898e-07
 1.05180e-06
 1.05180e-06
 1.05180e-06
 1.05180e-06
 5.25898e-07
 5.26602e-07
 1.05320e-06
 1.05320e-06
 1.05320e-06
 1.05320e-06
 5.26602e-07
 5.27155e-07
 1.05431e-06
 1.05431e-06
 1.05431e-06
 1.05431e-06
 5.27155e-07
 9.48693e-07
 1.89739e-06
 1.89739e-06
 1.89739e-06
 1.89739e-06
 9.48693e-07
 9.23899e-07
 1.84780e-06
 1.84780e-06
 1.84780e-06
 1.84780e-06
 9.23899e-07
 9.02133e-07
 1.80427e-06
 1.80427e-06
 1.80427e-06
 1.80427e-06
 9.02133e-07
 8.83734e-07
 1.76747e-06
 1.76747e-06
 1.76747e-06
 1.76747e-06
 8.83734e-07
 8.68949e-07
 1.73790e-06
 1.73790e-06
 1.73790e-06
 1.73790e-06
 8.68949e-07
 8.57835e-07
 1.71567e-06
 1.71567e-06
 1.71567e-06
 1.71567e-06
 8.57835e-07
 8.50170e-07
 1.70034e-06
 1.70034e-06
 1.70034e-06
 1.70034e-06
 8.50170e-07
 8.45448e-07
 1.69090e-06
 1.69090e-06
 1.69090e-06
 1.69090e-06
 8.45448e-07
 8.42966e-07
 1.68593e-06
 1.68593e-06
 1.68593e-06
 1.68593e-06
 8.42966e-07
 8.41925e-07
 1.68385e-06
 1.68385e-06
 1.68385e-06
 1.68385e-06
 8.41925e-07
 8.41609e-07
 1.68322e-06
 1.68322e-06
 1.68322e-06
 1.68322e-06
 8.41609e-07
 8.41572e-07
 1.68314e-06
 1.68314e-06
 1.68314e-06
 1.68314e-06
 8.41572e-07
 8.41474e-07
 1.68295e-06
 1.68295e-06
 1.68295e-06
 1.68295e-06
 8.41474e-07
 8.40834e-07
 1.68167e-06
 1.68167e-06
 1.68167e-06
 1.68167e-06
 8.40834e-07
 8.39076e-07
 1.67815e-06
 1.67815e-06
 1.67815e-06
 1.67815e-06
 8.39076e-07
 8.35359e-07
 1.67072e-06
 1.67072e-06
 1.67072e-06
 1.67072e-06
 8.35359e-07
 8.28063e-07
 1.65613e-06
 1.65613e-06
 1.65613e-06
 1.65613e-06
 8.28063e-07
 8.14597e-07
 1.62919e-06
 1.62919e-06
 1.62919e-06
 1.62919e-06
 8.14597e-07
 7.91390e-07
 1.58278e-06
 1.58278e-06
 1.58278e-06
 1.58278e-06
 7.91390e-07
 7.54367e-07
 1.50873e-06
 1.50873e-06
 1.50873e-06
 1.50873e-06
 7.54367e-07
 6.99420e-07
 1.39884e-06
 1.39884e-06
 1.39884e-06
 1.39884e-06
 6.99420e-07
 6.33314e-07
 1.26663e-06
 1.26663e-06
 1.26663e-06
 1.26663e-06
 6.33314e-07
 5.79299e-07
 1.15860e-06
 1.15860e-06
 1.15860e-06
 1.15860e-06
 5.79299e-07
 5.48405e-07
 1.09681e-06
 1.09681e-06
 1.09681e-06
 1.09681e-06
 5.48405e-07
 5.33343e-07
 1.06669e-06
 1.06669e-06
 1.06669e-06
 1.06669e-06
 5.33343e-07
 5.27309e-07
 1.05462e-06
 1.05462e-06
 1.05462e-06
 1.05462e-06
 5.27309e-07
 5.25697e-07
 1.05139e-06
 1.05139e-06
 1.05139e-06
 1.05139e-06
 5.25697e-07
 5.25898e-07
 1.05180e-06
 1.05180e-06
 1.05180e-06
 1.05180e-06
 5.25898e-07
 5.26602e-07
 1.05320e-06
 1.05320e-06
 1.05320e-06
 1.05320e-06
 5.26602e-07
 5.27155e-07
 1.05431e-06
 1.05431e-06
 1.05431e-06
 1.05431e-06
 5.27155e-07
 9.48693e-07
 1.89739e-06
 1.89739e-06
 1.89739e-06
 1.89739e-06
 9.48693e-07
 9.23899e-07
 1.84780e-06
 1.84780e-06
 1.84780e-06
 1.84780e-06
 9.23899e-07
 9.02133e-07
 1.80427e-06
 1.80427e-06
 1.80427e-06
 1.80427e-06
 9.02133e-07
 8.83734e-07
 1.76747e-06
 1.76747e-06
 1.76747e-06
 1.76747e-06
 8.83734e-07
 8.68949e-07
 1.73790e-06
 1.73790e-06
 1.73790e-06
 1.73790e-06
 8.68949e-07
 8.57835e-07
 1.71567e-06
 1.71567e-06
 1.71567e-06
 1.71567e-06
 8.57835e-07
 8.50170e-07
 1.70034e-06
 1.70034e-06
 1.70034e-06
 1.70034e-06
 8.50170e-07
 8.45448e-07
 1.69090e-06
 1.69090e-06
 1.69090e-06
 1.69090e-06
 8.45448e-07
 8.42966e-07
 1.68593e-06
 1.68593e-06
 1.68593e-06
 1.68593e-06
 8.42966e-07
 8.41925e-07
 1.68385e-06
 1.68385e-06
 1.68385e-06
 1.68385e-06
 8.41925e-07
 8.41609e-07
 1.68322e-06
 1.68322e-06
 1.68322e-06
 1.68322e-06
 8.41609e-07
 8.41572e-07
 1.68314e-06
 1.68314e-06
 1.68314e-06
 1.68314e-06
 8.41572e-07
 8.41474e-07
 1.68295e-06
 1.68295e-06
 1.68295e-06
 1.68295e-06
 8.41474e-07
 8.40834e-07
 1.68167e-06
 1.68167e-06
 1.68167e-06
 1.68167e-06
 8.40834e-07
 8.39076e-07
 1.67815e-06
 1.67815e-06
 1.67815e-06
 1.67815e-06
 8.39076e-07
 8.35359e-07
 1.67072e-06
 1.67072e-06
 1.67072e-06
 1.67072e-06
 8.35359e-07
 8.28063e-07
 1.65613e-06
 1.65613e-06
 1.65613e-06
 1.65613e-06
 8.28063e-07
 8.14597e-07
 1.62919e-06
 1.62919e-06
 1.62919e-06
 1.62919e-06
 8.14597e-07
 7.91390e-07
 1.58278e-06
 1.58278e-06
 1.58278e-06
 1.58278e-06
 7.91390e-07
 7.54367e-07
 1.50873e-06
 1.50873e-06
 1.50873e-06
 1.50873e-06
 7.54367e-07
 6.99420e-07
 1.39884e-06
 1.39884e-06
 1.39884e-06
 1.39884e-06
 6.99420e-07
 6.33314e-07
 1.26663e-06
 1.26663e-06
 1.26663e-06
 1.26663e-06
 6.33314e-07
 5.79299e-07
 1.15860e-06
 1.15860e-06
 1.15860e-06
 1.15860e-06
 5.79299e-07
 5.48405e-07
 1.09681e-06
 1.09681e-06
 1.09681e-06
 1.09681e-06
 5.48405e-07
 5.33343e-07
 1.06669e-06
 1.06669e-06
 1.06669e-06
 1.06669e-06
 5.33343e-07
 5.27309e-07
 1.05462e-06
 1.05462e-06
 1.05462e-06
 1.05462e-06
 5.27309e-07
 5.25697e-07
 1.05139e-06
 1.05139e-06
 1.05139e-06
 1.05139e-06
 5.25697e-07
 5.25898e-07
 1.05180e-06
 1.05180e-06
 1.05180e-06
 1.05180e-06
 5.25898e-07
 5.26602e-07
 1.05320e-06
 1.05320e-06
 1.05320e-06
 1.05320e-06
 5.26602e-07
 5.27155e-07
 1.05431e-06
 1.05431e-06
 1.05431e-06
 1.05431e-06
 5.27155e-07
 9.48693e-07
 1.89739e-06
 1.89739e-06
 1.89739e-06
 1.89739e-06
 9.48693e-07
 9.23899e-07
 1.84780e-06
 1.84780e-06
 1.84780e-06
 1.84780e-06
 9.23899e-07
 9.02133e-07
 1.80427e-06
 1.80427e-06
 1.80427e-06
 1.80427e-06
 9.02133e-07
 8.83734e-07
 1.76747e-06
 1.76747e-06
 1.76747e-06
 1.76747e-06
 8.83734e-07
 8.68949e-07
 1.73790e-06
 1.73790e-06
 1.73790e-06
 1.73790e-06
 8.68949e-07
 8.57835e-07
 1.71567e-06
 1.71567e-06
 1.71567e-06
 1.71567e-06
 8.57835e-07
 8.50170e-07
 1.70034e-06
 1.70034e-06
 1.70034e-06
 1.70034e-06
 8.50170e-07
 8.45448e-07
 1.69090e-06
 1.69090e-06
 1.69090e-06
 1.69090e-06
 8.45448e-07
 8.42966e-07
 1.68593e-06
 1.68593e-06
 1.68593e-06
 1.68593e-06
 8.42966e-07
 8.41925e-07
 1.68385e-06
 1.68385e-06
 1.68385e-06
 1.68385e-06
 8.41925e-07
 8.41609e-07
 1.68322e-06
 1.68322e-06
 1.68322e-06
 1.68322e-06
 8.41609e-07
 8.41572e-07
 1.68314e-06
 1.68314e-06
 1.68314e-06
 1.68314e-06
 8.41572e-07
 8.41474e-07
 1.68295e-06
 1.68295e-06
 1.68295e-06
 1.68295e-06
 8.41474e-07
 8.40834e-07
 1.68167e-06
 1.68167e-06
 1.68167e-06
 1.68167e-06
 8.40834e-07
 8.39076e-07
 1.67815e-06
 1.67815e-06
 1.67815e-06
 1.67815e-06
 8.39076e-07
 8.35359e-07
 1.67072e-06
 1.67072e-06
 1.67072e-06
 1.67072e-06
 8.35359e-07
 8.28063e-07
 1.65613e-06
 1.65613e-06
 1.65613e-06
 1.65613e-06
 8.28063e-07
 8.14597e-07
 1.62919e-06
 1.62919e-06
 1.62919e-06
 1.62919e-06
 8.14597e-07
 7.91390e-07
 1.58278e-06
 1.58278e-06
 1.58278e-06
 1.58278e-06
 7.91390e-07
 7.54367e-07
 1.50873e-06
 1.50873e-06
 1.50873e-06
 1.50873e-06
 7.54367e-07
 6.99420e-07
 1.39884e-06
 1.39884e-06
 1.39884e-06
 1.39884e-06
 6.99420e-07
 6.33314e-07
 1.26663e-06
 1.26663e-06
 1.26663e-06
 1.26663e-06
 6.33314e-07
 5.79299e-07
 1.15860e-06
 1.15860e-06
 1.15860e-06
 1.15860e-06
 5.79299e-07
 5.48405e-07
 1.09681e-06
 1.09681e-06
 1.09681e-06
 1.09681e-06
 5.48405e-07
 5.33343e-07
 1.06669e-06
 1.06669e-06
 1.06669e-06
 1.06669e-06
 5.33343e-07
 5.27309e-07
 1.05462e-06
 1.05462e-06
 1.05462e-06
 1.05462e-06
 5.27309e-07
 5.25697e-07
 1.05139e-06
 1.05139e-06
 1.05139e-06
 1.05139e-06
 5.25697e-07
 5.25898e-07
 1.05180e-06
 1.05180e-06
 1.05180e-06
 1.05180e-06
 5.25898e-07
 5.26602e-07
 1.05320e-06
 1.05320e-06
 1.05320e-06
 1.05320e-06
 5.26602e-07
 5.27155e-07
 1.05431e-06
 1.05431e-06
 1.05431e-06
 1.05431e-06
 5.27155e-07
 4.74347e-07
 9.48693e-07
 9.48693e-07
 9.48693e-07
 9.48693e-07
 4.74347e-07
 4.61949e-07
 9.23899e-07
 9.23899e-07
 9.23899e-07
 9.23899e-07
 4.61949e-07
 4.51067e-07
 9.02133e-07
 9.02133e-07
 9.02133e-07
 9.02133e-07
 4.51067e-07
 4.41867e-07
 8.83734e-07
 8.83734e-07
 8.83734e-07
 8.83734e-07
 4.41867e-07
 4.34475e-07
 8.68949e-07
 8.68949e-07
 8.68949e-07
 8.68949e-07
 4.34475e-07
 4.28918e-07
 8.57835e-07
 8.57835e-07
 8.57835e-07
 8.57835e-07
 4.28918e-07
 4.25085e-07
 8.50170e-07
 8.50170e-07
 8.50170e-07
 8.50170e-07
 4.25085e-07
 4.22724e-07
 8.45448e-07
 8.45448e-07
 8.45448e-07
 8.45448e-07
 4.22724e-07
 4.21483e-07
 8.42966e-07
 8.42966e-07
 8.42966e-07
 8.42966e-07
 4.21483e-07
 4.20962e-07
 8.41925e-07
 8.41925e-07
 8.41925e-07
 8.41925e-07
 4.20962e-07
 4.20805e-07
 8.41609e-07
 8.41609e-07
 8.41609e-07
 8.41609e-07
 4.20805e-07
 4.20786e-07
 8.41572e-07
 8.41572e-07
 8.41572e-07
 8.41572e-07
 4.20786e-07
 4.20737e-07
 8.41474e-07
 8.41474e-07
 8.41474e-07
 8.41474e-07
 4.20737e-07
 4.20417e-07
 8.40834e-07
 8.40834e-07
 8.40834e-07
 8.40834e-07
 4.20417e-07
 4.19538e-07
 8.39076e-07
 8.39076e-07
 8.39076e-07
 8.39076e-07
 4.19538e-07
 4.17680e-07
 8.35359e-07
 8.35359e-07
 8.35359e-07
 8.35359e-07
 4.17680e-07
 4.14032e-07
 8.28063e-07
 8.28063e-07
 8.28063e-07
 8.28063e-07
 4.14032e-07
 4.07299e-07
 8.14597e-07
 8.14597e-07
 8.14597e-07
 8.14597e-07
 4.07299e-07
 3.95695e-07
 7.91390e-07
 7.91390e-07
 7.91390e-07
 7.91390e-07
 3.95695e-07
 3.77184e-07
 7.54367e-07
 7.54367e-07
 7.54367e-07
 7.54367e-07
 3.77184e-07
 3.49710e-07
 6.99420e-07
 6.99420e-07
 6.99420e-07
 6.99420e-07
 3.49710e-07
 3.16657e-07
 6.33314e-07
 6.33314e-07
 6.33314e-07
 6.33314e-07
 3.16657e-07
 2.89649e-07
 5.79299e-07
 5.79299e-07
 5.79299e-07
 5.79299e-07
 2.89649e-07
 2.74202e-07
 5.48405e-07
 5.48405e-07
 5.48405e-07
 5.48405e-07
 2.74202e-07
 2.66671e-07
 5.33343e-07
 5.33343e-07
 5.33343e-07
 5.33343e-07
 2.66671e-07
 2.63655e-07
 5.27309e-07
 5.27309e-07
 5.27309e-07
 5.27309e-07
 2.63655e-07
 2.62848e-07
 5.25697e-07
 5.25697e-07
 5.25697e-07
 5.25697e-07
 2.62848e-07
 2.62949e-07
 5.25898e-07
 5.25898e-07
 5.25898e-07
 5.25898e-07
 2.62949e-07
 2.63301e-07
 5.26602e-07
 5.26602e-07
 5.26602e-07
 5.26602e-07
 2.63301e-07
 2.63578e-07
 5.27155e-07
 5.27155e-07
 5.27155e-07
 5.27155e-07
 2.63578e-07
part
         4
coordinates
 2.63655e-07
 5.27309e-07
 5.27309e-07
 5.27309e-07
 5.27309e-07
 2.63655e-07
 2.62848e-07
 5.25697e-07
 5.25697e-07
 5.25697e-07
 5.25697e-07
 2.62848e-07
 2.62949e-07
 5.25898e-07
 5.25898e-07
 5.25898e-07
 5.25898e-07
 2.62949e-07
 2.63301e-07
 5.26602e-07
 5.26602e-07
 5.26602e-07
 5.26602e-07
 2.63301e-07
 2.63578e-07
 5.27155e-07
 5.27155e-07
 5.27155e-07
 5.27155e-07
 2.63578e-07
 2.63547e-07
 5.27094e-07
 5.27094e-07
 5.27094e-07
 5.27094e-07
 2.63547e-07
 2.62917e-07
 5.25833e-07
 5.25833e-07
 5.25833e-07
 5.25833e-07
 2.62917e-07
 2.61191e-07
 5.22382e-07
 5.22382e-07
 5.22382e-07
 5.22382e-07
 2.61191e-07
 2.57547e-07
 5.15095e-07
 5.15095e-07
 5.15095e-07
 5.15095e-07
 2.57547e-07
 2.50773e-07
 5.01545e-07
 5.01545e-07
 5.01545e-07
 5.01545e-07
 2.50773e-07
 2.39458e-07
 4.78916e-07
 4.78916e-07
 4.78916e-07
 4.78916e-07
 2.39458e-07
 2.22707e-07
 4.45415e-07
 4.45415e-07
 4.45415e-07
 4.45415e-07
 2.22707e-07
 2.01221e-07
 4.02441e-07
 4.02441e-07
 4.02441e-07
 4.02441e-07
 2.01221e-07
 1.77778e-07
 3.55555e-07
 3.55555e-07
 3.55555e-07
 3.55555e-07
 1.77778e-07
 1.56465e-07
 3.12930e-07
 3.12930e-07
 3.12930e-07
 3.12930e-07
 1.56465e-07
 1.40675e-07
 2.81349e-07
 2.81349e-07
 2.81349e-07
 2.81349e-07
 1.40675e-07
 1.31333e-07
 2.62666e-07
 2.62666e-07
 2.62666e-07
 2.62666e-07
 1.31333e-07
 1.27052e-07
 2.54104e-07
 2.54104e-07
 2.54104e-07
 2.54104e-07
 1.27052e-07
 1.25563e-07
 2.51125e-07
 2.51125e-07
 2.51125e-07
 2.51125e-07
 1.25563e-07
 1.25142e-07
 2.50284e-07
 2.50284e-07
 2.50284e-07
 2.50284e-07
 1.25142e-07
 1.25035e-07
 2.50069e-07
 2.50069e-07
 2.50069e-07
 2.50069e-07
 1.25035e-07
 1.25008e-07
 2.50017e-07
 2.50017e-07
 2.50017e-07
 2.50017e-07
 1.25008e-07
 1.25002e-07
 2.50004e-07
 2.50004e-07
 2.50004e-07
 2.50004e-07
 1.25002e-07
 1.25000e-07
 2.50001e-07
 2.50001e-07
 2.50001e-07
 2.50001e-07
 1.25000e-07
 1.25000e-07
 2.50000e-07
 2.50000e-07
 2.50000e-07
 2.50000e-07
 1.25000e-07
 1.25000e-07
 2.50000e-07
 2.50000e-07
 2.50000e-07
 2.50000e-07
 1.25000e-07
 1.25000e-07
 2.50000e-07
 2.50000e-07
 2.50000e-07
 2.50000e-07
 1.25000e-07
 6.25000e-08
 1.25000e-07
 1.25000e-07
 1.25000e-07
 1.25000e-07
 6.25000e-08
 5.27309e-07
 1.05462e-06
 1.05462e-06
 1.05462e-06
 1.05462e-06
 5.27309e-07
 5.25697e-07
 1.05139e-06
 1.05139e-06
 1.05139e-06
 1.05139e-06
 5.25697e-07
 5.25898e-07
 1.05180e-06
 1.05180e-06
 1.05180e-06
 1.05180e-06
 5.25898e-07
 5.26602e-07
 1.05320e-06
 1.05320e-06
 1.05320e-06
 1.05320e-06
 5.26602e-07
 5.27155e-07
 1.05431e-06
 1.05431e-06
 1.05431e-06
 1.05431e-06
 5.27155e-07
 5.27094e-07
 1.05419e-06
 1.05419e-06
 1.05419e-06
 1.05419e-06
 5.27094e-07
 5.25833e-07
 1.05167e-06
 1.05167e-06
 1.05167e-06
 1.05167e-06
 5.25833e-07
 5.22382e-07
 1.04476e-06
 1.04476e-06
 1.04476e-06
 1.04476e-06
 5.22382e-07
 5.15095e-07
 1.03019e-06
 1.03019e-06
 1.03019e-06
 1.03019e-06
 5.15095e-07
 5.01545e-07
 1.00309e-06
 1.00309e-06
 1.00309e-06
 1.00309e-06
 5.01545e-07
 4.78916e-07
 9.57831e-07
 9.57831e-07
 9.57831e-07
 9.57831e-07
 4.78916e-07
 4.45415e-07
 8.90829e-07
 8.90829e-07
 8.90829e-07
 8.90829e-07
 4.45415e-07
 4.02441e-07
 8.04882e-07
 8.04882e-07
 8.04882e-07
 8.04882e-07
 4.02441e-07
 3.55555e-07
 7.11110e-07
 7.11110e-07
 7.11110e-07
 7.11110e-07
 3.55555e-07
 3.12930e-07
 6.25861e-07
 6.25861e-07
 6.25861e-07
 6.25861e-07
 3.12930e-07
 2.81349e-07
 5.62699e-07
 5.62699e-07
 5.62699e-07
 5.62699e-07
 2.81349e-07
 2.62666e-07
 5.25332e-07
 5.25332e-07
 5.25332e-07
 5.25332e-07
 2.62666e-07
 2.54104e-07
 5.08209e-07
 5.08209e-07
 5.08209e-07
 5.08209e-07
 2.54104e-07
 2.51125e-07
 5.02250e-07
 5.02250e-07
 5.02250e-07
 5.02250e-07
 2.51125e-07
 2.50284e-07
 5.00567e-07
 5.00567e-07
 5.00567e-07
 5.00567e-07
 2.50284e-07
 2.50069e-07
 5.00138e-07
 5.00138e-07
 5.00138e-07
 5.00138e-07
 2.50069e-07
 2.50017e-07
 5.00033e-07
 5.00033e-07
 5.00033e-07
 5.00033e-07
 2.50017e-07
 2.50004e-07
 5.00008e-07
 5.00008e-07
 5.00008e-07
 5.00008e-07
 2.50004e-07
 2.50001e-07
 5.00002e-07
 5.00002e-07
 5.00002e-07
 5.00002e-07
 2.50001e-07
 2.50000e-07
 5.00000e-07
 5.00000e-07
 5.00000e-07
 5.00000e-07
 2.50000e-07
 2.50000e-07
 5.00000e-07
 5.00000e-07
 5.00000e-07
 5.00000e-07
 2.50000e-07
 2.50000e-07
 5.00000e-07
 5.00000e-07
 5.00000e-07
 5.00000e-07
 2.50000e-07
 1.25000e-07
 2.50000e-07
 2.50000e-07
 2.50000e-07
 2.50000e-07
 1.25000e-07
 5.27309e-07
 1.05462e-06
 1.05462e-06
 1.05462e-06
 1.05462e-06
 5.27309e-07
 5.25697e-07
 1.05139e-06
 1.05139e-06
 1.05139e-06
 1.05139e-06
 5.25697e-07
 5.25898e-07
 1.05180e-06
 1.05180e-06
 1.05180e-06
 1.05180e-06
 5.25898e-07
 5.26602e-07
 1.05320e-06
 1.05320e-06
 1.05320e-06
 1.05320e-06
 5.26602e-07
 5.27155e-07
 1.05431e-06
 1.05431e-06
 1.05431e-06
 1.05431e-06
 5.27155e-07
 5.27094e-07
 1.05419e-06
 1.05419e-06
 1.05419e-06
 1.05419e-06
 5.27094e-07
 5.25833e-07
 1.05167e-06
 1.05167e-06
 1.05167e-06
 1.05167e-06
 5.25833e-07
 5.22382e-07
 1.04476e-06
 1.04476e-06
 1.04476e-06
 1.04476e-06
 5.22382e-07
 5.15095e-07
 1.03019e-06
 1.03019e-06
 1.03019e-06
 1.03019e-06
 5.15095e-07
 5.01545e-07
 1.00309e-06
 1.00309e-06
 1.00309e-06
 1.00309e-06
 5.01545e-07
 4.78916e-07
 9.57831e-07
 9.57831e-07
 9.57831e-07
 9.57831e-07
 4.78916e-07
 4.45415e-07
 8.90829e-07
 8.90829e-07
 8.90829e-07
 8.90829e-07
 4.45415e-07
 4.02441e-07
 8.04882e-07
 8.04882e-07
 8.04882e-07
 8.04882e-07
 4.02441e-07
 3.55555e-07
 7.11110e-07
 7.11110e-07
 7.11110e-07
 7.11110e-07
 3.55555e-07
 3.12930e-07
 6.25861e-07
 6.25861e-07
 6.25861e-07
 6.25861e-07
 3.12930e-07
 2.81349e-07
 5.62699e-07
 5.62699e-07
 5.62699e-07
 5.62699e-07
 2.81349e-07
 2.62666e-07
 5.25332e-07
 5.25332e-07
 5.25332e-07
 5.25332e-07
 2.62666e-07
 2.54104e-07
 5.08209e-07
 5.08209e-07
 5.08209e-07
 5.08209e-07
 2.54104e-07
 2.51125e-07
 5.02250e-07
 5.02250e-07
 5.02250e-07
 5.02250e-07
 2.51125e-07
 2.50284e-07
 5.00567e-07
 5.00567e-07
 5.00567e-07
 5.00567e-07
 2.50284e-07
 2.50069e-07
 5.00138e-07
 5.00138e-07
 5.00138e-07
 5.00138e-07
 2.50069e-07
 2.50017e-07
 5.00033e-07
 5.00033e-07
 5.00033e-07
 5.00033e-07
 2.50017e-07
 2.50004e-07
 5.00008e-07
 5.00008e-07
 5.00008e-07
 5.00008e-07
 2.50004e-07
 2.50001e-07
 5.00002e-07
 5.00002e-07
 5.00002e-07
 5.00002e-07
 2.50001e-07
 2.50000e-07
 5.00000e-07
 5.00000e-07
 5.00000e-07
 5.00000e-07
 2.50000e-07
 2.50000e-07
 5.00000e-07
 5.00000e-07
 5.00000e-07
 5.00000e-07
 2.50000e-07
 2.50000e-07
 5.00000e-07
 5.00000e-07
 5.00000e-07
 5.00000e-07
 2.50000e-07
 1.25000e-07
 2.50000e-07
 2.50000e-07
 2.50000e-07
 2.50000e-07
 1.25000e-07
 5.27309e-07
 1.05462e-06
 1.05462e-06
 1.05462e-06
 1.05462e-06
 5.27309e-07
 5.25697e-07
 1.05139e-06
 1.05139e-06
 1.05139e-06
 1.05139e-06
 5.25697e-07
 5.25898e-07
 1.05180e-06
 1.05180e-06
 1.05180e-06
 1.05180e-06
 5.25898e-07
 5.26602e-07
 1.05320e-06
 1.05320e-06
 1.05320e-06
 1.05320e-06
 5.26602e-07
 5.27155e-07
 1.05431e-06
 1.05431e-06
 1.05431e-06
 1.05431e-06
 5.27155e-07
 5.27094e-07
 1.05419e-06
 1.05419e-06
 1.05419e-06
 1.05419e-06
 5.27094e-07
 5.25833e-07
 1.05167e-06
 1.05167e-06
 1.05167e-06
 1.05167e-06
 5.25833e-07
 5.22382e-07
 1.04476e-06
 1.04476e-06
 1.04476e-06
 1.04476e-06
 5.22382e-07
 5.15095e-07
 1.03019e-06
 1.03019e-06
 1.03019e-06
 1.03019e-06
 5.15095e-07
 5.01545e-07
 1.00309e-06
 1.00309e-06
 1.00309e-06
 1.00309e-06
 5.01545e-07
 4.78916e-07
 9.57831e-07
 9.57831e-07
 9.57831e-07
 9.57831e-07
 4.78916e-07
 4.45415e-07
 8.90829e-07
 8.90829e-07
 8.90829e-07
 8.90829e-07
 4.45415e-07
 4.02441e-07
 8.04882e-07
 8.04882e-07
 8.04882e-07
 8.04882e-07
 4.02441e-07
 3.55555e-07
 7.11110e-07
 7.11110e-07
 7.11110e-07
 7.11110e-07
 3.55555e-07
 3.12930e-07
 6.25861e-07
 6.25861e-07
 6.25861e-07
 6.25861e-07
 3.12930e-07
 2.81349e-07
 5.62699e-07
 5.62699e-07
 5.62699e-07
 5.62699e-07
 2.81349e-07
 2.62666e-07
 5.25332e-07
 5.25332e-07
 5.25332e-07
 5.25332e-07
 2.62666e-07
 2.54104e-07
 5.08209e-07
 5.08209e-07
 5.08209e-07
 5.08209e-07
 2.54104e-07
 2.51125e-07
 5.02250e-07
 5.02250e-07
 5.02250e-07
 5.02250e-07
 2.51125e-07
 2.50284e-07
 5.00567e-07
 5.00567e-07
 5.00567e-07
 5.00567e-07
 2.50284e-07
 2.50069e-07
 5.00138e-07
 5.00138e-07
 5.00138e-07
 5.00138e-07
 2.50069e-07
 2.50017e-07
 5.00033e-07
 5.00033e-07
 5.00033e-07
 5.00033e-07
 2.50017e-07
 2.50004e-07
 5.00008e-07
 5.00008e-07
 5.00008e-07
 5.00008e-07
 2.50004e-07
 2.50001e-07
 5.00002e-07
 5.00002e-07
 5.00002e-07
 5.00002e-07
 2.50001e-07
 2.50000e-07
 5.00000e-07
 5.00000e-07
 5.00000e-07
 5.00000e-07
 2.50000e-07
 2.50000e-07
 5.00000e-07
 5.00000e-07
 5.00000e-07
 5.00000e-07
 2.50000e-07
 2.50000e-07
 5.00000e-07
 5.00000e-07
 5.00000e-07
 5.00000e-07
 2.50000e-07
 1.25000e-07
 2.50000e-07
 2.50000e-07
 2.50000e-07
 2.50000e-07
 1.25000e-07
 5.27309e-07
 1.05462e-06
 1.05462e-06
 1.05462e-06
 1.05462e-06
 5.27309e-07
 5.25697e-07
 1.05139e-06
 1.05139e-06
 1.05139e-06
 1.05139e-06
 5.25697e-07
 5.25898e-07
 1.05180e-06
 1.05180e-06
 1.05180e-06
 1.05180e-06
 5.25898e-07
 5.26602e-07
 1.05320e-06
 1.05320e-06
 1.05320e-06
 1.05320e-06
 5.26602e-07
 5.27155e-07
 1.05431e-06
 1.05431e-06
 1.05431e-06
 1.05431e-06
 5.27155e-07
 5.27094e-07
 1.05419e-06
 1.05419e-06
 1.05419e-06
 1.05419e-06
 5.27094e-07
 5.25833e-07
 1.05167e-06
 1.05167e-06
 1.05167e-06
 1.05167e-06
 5.25833e-07
 5.22382e-07
 1.04476e-06
 1.04476e-06
 1.04476e-06
 1.04476e-06
 5.22382e-07
 5.15095e-07
 1.03019e-06
 1.03019e-06
 1.03019e-06
 1.03019e-06
 5.15095e-07
 5.01545e-07
 1.00309e-06
 1.00309e-06
 1.00309e-06
 1.00309e-06
 5.01545e-07
 4.78916e-07
 9.57831e-07
 9.57831e-07
 9.57831e-07
 9.57831e-07
 4.78916e-07
 4.45415e-07
 8.90829e-07
 8.90829e-07
 8.90829e-07
 8.90829e-07
 4.45415e-07
 4.02441e-07
 8.04882e-07
 8.04882e-07
 8.04882e-07
 8.04882e-07
 4.02441e-07
 3.55555e-07
 7.11110e-07
 7.11110e-07
 7.11110e-07
 7.11110e-07
 3.55555e-07
 3.12930e-07
 6.25861e-07
 6.25861e-07
 6.25861e-07
 6.25861e-07
 3.12930e-07
 2.81349e-07
 5.62699e-07
 5.62699e-07
 5.62699e-07
 5.62699e-07
 2.81349e-07
 2.62666e-07
 5.25332e-07
 5.25332e-07
 5.25332e-07
 5.25332e-07
 2.62666e-07
 2.54104e-07
 5.08209e-07
 5.08209e-07
 5.08209e-07
 5.08209e-07
 2.54104e-07
 2.51125e-07
 5.02250e-07
 5.02250e-07
 5.02250e-07
 5.02250e-07
 2.51125e-07
 2.50284e-07
 5.00567e-07
 5.00567e-07
 5.00567e-07
 5.00567e-07
 2.50284e-07
 2.50069e-07
 5.00138e-07
 5.00138e-07
 5.00138e-07
 5.00138e-07
 2.50069e-07
 2.50017e-07
 5.00033e-07
 5.00033e-07
 5.00033e-07
 5.00033e-07
 2.50017e-07
 2.50004e-07
 5.00008e-07
 5.00008e-07
 5.00008e-07
 5.00008e-07
 2.50004e-07
 2.50001e-07
 5.00002e-07
 5.00002e-07
 5.00002e-07
 5.00002e-07
 2.50001e-07
 2.50000e-07
 5.00000e-07
 5.00000e-07
 5.00000e-07
 5.00000e-07
 2.50000e-07
 2.50000e-07
 5.00000e-07
 5.00000e-07
 5.00000e-07
 5.00000e-07
 2.50000e-07
 2.50000e-07
 5.00000e-07
 5.00000e-07
 5.00000e-07
 5.00000e-07
 2.50000e-07
 1.25000e-07
 2.50000e-07
 2.50000e-07
 2.50000e-07
 2.50000e-07
 1.25000e-07
 2.63655e-07
 5.27309e-07
 5.27309e-07
 5.27309e-07
 5.27309e-07
 2.63655e-07
 2.62848e-07
 5.25697e-07
 5.25697e-07
 5.25697e-07
 5.25697e-07
 2.62848e-07
 2.62949e-07
 5.25898e-07
 5.25898e-07
 5.25898e-07
 5.25898e-07
 2.62949e-07
 2.63301e-07
 5.26602e-07
 5.26602e-07
 5.26602e-07
 5.26602e-07
 2.63301e-07
 2.63578e-07
 5.27155e-07
 5.27155e-07
 5.27155e-07
 5.27155e-07
 2.63578e-07
 2.63547e-07
 5.27094e-07
 5.27094e-07
 5.27094e-07
 5.27094e-07
 2.63547e-07
 2.62917e-07
 5.25833e-07
 5.25833e-07
 5.25833e-07
 5.25833e-07
 2.62917e-07
 2.61191e-07
 5.22382e-07
 5.22382e-07
 5.22382e-07
 5.22382e-07
 2.61191e-07
 2.57547e-07
 5.15095e-07
 5.15095e-07
 5.15095e-07
 5.15095e-07
 2.57547e-07
 2.50773e-07
 5.01545e-07
 5.01545e-07
 5.01545e-07
 5.01545e-07
 2.50773e-07
 2.39458e-07
 4.78916e-07
 4.78916e-07
 4.78916e-07
 4.78916e-07
 2.39458e-07
 2.22707e-07
 4.45415e-07
 4.45415e-07
 4.45415e-07
 4.45415e-07
 2.22707e-07
 2.01221e-07
 4.02441e-07
 4.02441e-07
 4.02441e-07
 4.02441e-07
 2.01221e-07
 1.77778e-07
 3.55555e-07
 3.55555e-07
 3.55555e-07
 3.55555e-07
 1.77778e-07
 1.56465e-07
 3.12930e-07
 3.12930e-07
 3.12930e-07
 3.12930e-07
 1.56465e-07
 1.40675e-07
 2.81349e-07
 2.81349e-07
 2.81349e-07
 2.81349e-07
 1.40675e-07
 1.31333e-07
 2.62666e-07
 2.62666e-07
 2.62666e-07
 2.62666e-07
 1.31333e-07
 1.27052e-07
 2.54104e-07
 2.54104e-07
 2.54104e-07
 2.54104e-07
 1.27052e-07
 1.25563e-07
 2.51125e-07
 2.51125e-07
 2.51125e-07
 2.51125e-07
 1.25563e-07
 1.25142e-07
 2.50284e-07
 2.50284e-07
 2.50284e-07
 2.50284e-07
 1.25142e-07
 1.25035e-07
 2.50069e-07
 2.50069e-07
 2.50069e-07
 2.50069e-07
 1.25035e-07
 1.25008e-07
 2.50017e-07
 2.50017e-07
 2.50017e-07
 2.50017e-07
 1.25008e-07
 1.25002e-07
 2.50004e-07
 2.50004e-07
 2.50004e-07
 2.50004e-07
 1.25002e-07
 1.25000e-07
 2.50001e-07
 2.50001e-07
 2.50001e-07
 2.50001e-07
 1.25000e-07
 1.25000e-07
 2.50000e-07
 2.50000e-07
 2.50000e-07
 2.50000e-07
 1.25000e-07
 1.25000e-07
 2.50000e-07
 2.50000e-07
 2.50000e-07
 2.50000e-07
 1.25000e-07
 1.25000e-07
 2.50000e-07
 2.50000e-07
 2.50000e-07
 2.50000e-07
 1.25000e-07
 6.25000e-08
 1.25000e-07
 1.25000e-07
 1.25000e-07
 1.25000e-07
 6.25000e-08
