Density
part
         1
hexa8
 0.00000e+00
 0.00000e+00
 0.00000e+00
 0.00000e+00
 0.00000e+00
 0.00000e+00
 0.00000e+00
 0.00000e+00
 0.00000e+00
 0.00000e+00
 0.00000e+00
 0.00000e+00
 0.00000e+00
 0.00000e+00
 0.00000e+00
 0.00000e+00
 0.00000e+00
 0.00000e+00
 0.00000e+00
 0.00000e+00
 0.00000e+00
 0.00000e+00
 0.00000e+00
 0.00000e+00
 0.00000e+00
 0.00000e+00
 0.00000e+00
 0.00000e+00
 0.00000e+00
 0.00000e+00
 0.00000e+00
 0.00000e+00
 0.00000e+00
 0.00000e+00
 0.00000e+00
 0.00000e+00
 0.00000e+00
 0.00000e+00
 0.00000e+00
 0.00000e+00
 0.00000e+00
 0.00000e+00
 0.00000e+00
 0.00000e+00
 0.00000e+00
 0.00000e+00
 0.00000e+00
 0.00000e+00
 0.00000e+00
 0.00000e+00
 0.00000e+00
 0.00000e+00
 0.00000e+00
 0.00000e+00
 0.00000e+00
 0.00000e+00
 0.00000e+00
 0.00000e+00
 0.00000e+00
 0.00000e+00
 0.00000e+00
 0.00000e+00
 0.00000e+00
 0.00000e+00
 0.00000e+00
 0.00000e+00
 0.00000e+00
 0.00000e+00
 0.00000e+00
 0.00000e+00
 0.00000e+00
 0.00000e+00
 0.00000e+00
 0.00000e+00
 0.00000e+00
 0.00000e+00
 0.00000e+00
 0.00000e+00
 0.00000e+00
 0.00000e+00
 0.00000e+00
 0.00000e+00
 0.00000e+00
 0.00000e+00
 0.00000e+00
 0.00000e+00
 0.00000e+00
 0.00000e+00
 0.00000e+00
 0.00000e+00
 0.00000e+00
 0.00000e+00
 0.00000e+00
 0.00000e+00
 0.00000e+00
 0.00000e+00
 0.00000e+00
 0.00000e+00
 0.00000e+00
 0.00000e+00
 0.00000e+00
 0.00000e+00
 0.00000e+00
 0.00000e+00
 0.00000e+00
 0.00000e+00
 0.00000e+00
 2.81802e-35
 1.61702e-33
 4.60837e-32
 8.69331e-31
 1.22072e-29
 1.36052e-28
 1.25320e-27
 9.80851e-27
 6.65579e-26
 3.97566e-25
 2.11523e-24
 1.01184e-23
 4.38485e-23
 1.73203e-22
 6.26786e-22
 2.08671e-21
 6.41343e-21
 1.82493e-20
 4.81885e-20
 1.18302e-19
 2.70405e-19
 5.76041e-19
 1.14437e-18
 2.12039e-18
 3.66305e-18
 5.47317e-18
 6.30402e-18
 6.44746e-18
 6.32595e-18
 5.82118e-18
 4.74581e-18
 3.07772e-18
 1.56156e-18
 7.47260e-19
 3.41005e-19
 1.48804e-19
 6.22281e-20
 2.49886e-20
 9.65233e-21
 3.59346e-21
 1.28673e-21
 4.57867e-22
 1.27210e-22
 0.00000e+00
 0.00000e+00
 0.00000e+00
 0.00000e+00
 0.00000e+00
 3.36410e-35
 1.98947e-33
 6.05694e-32
 1.25258e-30
 1.96008e-29
 2.45639e-28
 2.55398e-27
 2.25794e-26
 1.72900e-25
 1.16350e-24
 6.96163e-24
 3.73952e-23
 1.81780e-22
 8.04975e-22
 3.26533e-21
 1.21891e-20
 4.20305e-20
 1.34298e-19
 3.98648e-19
 1.10161e-18
 2.83848e-18
 6.82821e-18
 1.53488e-17
 3.22567e-17
 6.33897e-17
 1.16461e-16
 1.99892e-16
 2.97381e-16
 3.42343e-16
 3.50378e-16
 3.44254e-16
 3.18219e-16
 2.62303e-16
 1.75122e-16
 9.50001e-17
 5.15125e-17
 2.89416e-17
 1.70374e-17
 1.03643e-17
 6.33652e-18
 3.78714e-18
 2.18390e-18
 1.18057e-18
 6.46947e-19
 2.59597e-19
 0.00000e+00
 0.00000e+00
 0.00000e+00
 0.00000e+00
 6.45894e-34
 3.66586e-32
 1.03430e-30
 1.94374e-29
 2.74797e-28
 3.12603e-27
 2.98481e-26
 2.46048e-25
 1.78551e-24
 1.15647e-23
 6.75327e-23
 3.58271e-22
 1.73719e-21
 7.73696e-21
 3.17832e-20
 1.20859e-19
 4.26719e-19
 1.40252e-18
 4.30051e-18
 1.23235e-17
 3.30485e-17
 8.30271e-17
 1.95546e-16
 4.31927e-16
 8.94845e-16
 1.73846e-15
 3.16531e-15
 5.39596e-15
 7.98943e-15
 9.19097e-15
 9.41290e-15
 9.26079e-15
 8.59804e-15
 7.16310e-15
 4.91409e-15
 2.82262e-15
 1.67756e-15
 1.06221e-15
 7.06263e-16
 4.74700e-16
 3.11289e-16
 1.94566e-16
 1.15309e-16
 6.33158e-17
 3.50383e-17
 1.41074e-17
 0.00000e+00
 0.00000e+00
 0.00000e+00
 2.14536e-34
 4.61487e-32
 2.22304e-30
 5.79440e-29
 1.02493e-27
 1.36767e-26
 1.46441e-25
 1.31003e-24
 1.00733e-23
 6.79788e-23
 4.08969e-22
 2.21983e-21
 1.09720e-20
 4.97428e-20
 2.08044e-19
 8.06436e-19
 2.90808e-18
 9.78586e-18
 3.08060e-17
 9.09041e-17
 2.51838e-16
 6.55766e-16
 1.60620e-15
 3.70217e-15
 8.03090e-15
 1.63918e-14
 3.14639e-14
 5.67471e-14
 9.60431e-14
 1.41472e-13
 1.62602e-13
 1.66632e-13
 1.64150e-13
 1.53056e-13
 1.28845e-13
 9.06944e-14
 5.47243e-14
 3.48893e-14
 2.39155e-14
 1.70466e-14
 1.20455e-14
 8.15445e-15
 5.19322e-15
 3.11006e-15
 1.71670e-15
 9.52558e-16
 3.83306e-16
 0.00000e+00
 0.00000e+00
 0.00000e+00
 1.19403e-32
 1.55721e-30
 6.73252e-29
 1.66443e-27
 2.83926e-26
 3.67384e-25
 3.81750e-24
 3.30938e-23
 2.45971e-22
 1.59985e-21
 9.25127e-21
 4.81581e-20
 2.27938e-19
 9.88881e-19
 3.95820e-18
 1.46962e-17
 5.08368e-17
 1.64430e-16
 4.98758e-16
 1.42206e-15
 3.81814e-15
 9.66626e-15
 2.30944e-14
 5.20926e-14
 1.10937e-13
 2.22970e-13
 4.22640e-13
 7.54692e-13
 1.26762e-12
 1.85690e-12
 2.13197e-12
 2.18603e-12
 2.15615e-12
 2.01882e-12
 1.71678e-12
 1.23862e-12
 7.80302e-13
 5.25563e-13
 3.81421e-13
 2.85059e-13
 2.08181e-13
 1.43839e-13
 9.26665e-14
 5.58235e-14
 3.08899e-14
 1.71549e-14
 6.89276e-15
 0.00000e+00
 0.00000e+00
 2.39640e-34
 3.42331e-31
 3.39706e-29
 1.34737e-27
 3.18634e-26
 5.27819e-25
 6.67342e-24
 6.79126e-23
 5.76720e-22
 4.19510e-21
 2.66613e-20
 1.50352e-19
 7.61768e-19
 3.50278e-18
 1.47403e-17
 5.71640e-17
 2.05489e-16
 6.88068e-16
 2.15493e-15
 6.33406e-15
 1.75227e-14
 4.57263e-14
 1.12748e-13
 2.62988e-13
 5.80668e-13
 1.21380e-12
 2.40136e-12
 4.49274e-12
 7.93917e-12
 1.32287e-11
 1.92641e-11
 2.20902e-11
 2.26628e-11
 2.23798e-11
 2.10392e-11
 1.80672e-11
 1.33462e-11
 8.74518e-12
 6.15062e-12
 4.65684e-12
 3.60825e-12
 2.70451e-12
 1.89895e-12
 1.23404e-12
 7.46376e-13
 4.13530e-13
 2.29686e-13
 9.21239e-14
 0.00000e+00
 0.00000e+00
 1.29539e-32
 6.69934e-30
 5.45952e-28
 2.00743e-26
 4.55682e-25
 7.34833e-24
 9.10379e-23
 9.10572e-22
 7.60886e-21
 5.44623e-20
 3.40353e-19
 1.88519e-18
 9.36813e-18
 4.21861e-17
 1.73596e-16
 6.57403e-16
 2.30496e-15
 7.52110e-15
 2.29411e-14
 6.56625e-14
 1.76929e-13
 4.50017e-13
 1.08278e-12
 2.46848e-12
 5.33758e-12
 1.09518e-11
 2.13206e-11
 3.93544e-11
 6.87895e-11
 1.13660e-10
 1.64482e-10
 1.88350e-10
 1.93329e-10
 1.91137e-10
 1.80399e-10
 1.56391e-10
 1.18117e-10
 8.02766e-11
 5.85572e-11
 4.56846e-11
 3.64376e-11
 2.79646e-11
 1.99282e-11
 1.30469e-11
 7.91391e-12
 4.38706e-12
 2.43612e-12
 9.75348e-13
 0.00000e+00
 0.00000e+00
 3.47094e-31
 9.98542e-29
 6.93759e-27
 2.37870e-25
 5.19051e-24
 8.15484e-23
 9.90942e-22
 9.75579e-21
 8.03779e-20
 5.67616e-19
 3.49940e-18
 1.91107e-17
 9.35490e-17
 4.14513e-16
 1.67632e-15
 6.23088e-15
 2.14167e-14
 6.84315e-14
 2.04206e-13
 5.71415e-13
 1.50469e-12
 3.74016e-12
 8.79835e-12
 1.96281e-11
 4.15890e-11
 8.37700e-11
 1.67214e-10
 3.06788e-10
 5.28461e-10
 8.61444e-10
 1.23546e-09
 1.41910e-09
 1.47239e-09
 1.48065e-09
 1.44189e-09
 1.31110e-09
 1.05201e-09
 7.84121e-10
 6.17077e-10
 3.73464e-10
 3.03465e-10
 2.38605e-10
 1.73012e-10
 1.13956e-10
 6.92499e-11
 3.83862e-11
 2.13071e-11
 8.51659e-12
 0.00000e+00
 0.00000e+00
 6.14509e-30
 1.19919e-27
 7.27868e-26
 2.33699e-24
 4.90549e-23
 7.50939e-22
 8.95192e-21
 8.67890e-20
 7.05651e-19
 4.92284e-18
 2.99926e-17
 1.61842e-16
 7.82403e-16
 3.42119e-15
 1.36406e-14
 4.99355e-14
 1.68855e-13
 5.30194e-13
 1.55313e-12
 4.26233e-12
 1.09996e-11
 2.67824e-11
 6.17084e-11
 1.41444e-10
 3.00418e-10
 5.97874e-10
 1.12794e-09
 2.01349e-09
 3.41054e-09
 5.48440e-09
 7.79181e-09
 8.93727e-09
 9.29092e-09
 9.38788e-09
 9.23525e-09
 8.60389e-09
 7.20369e-09
 5.64521e-09
 4.66831e-09
 3.94017e-09
 3.15989e-09
 2.32380e-09
 1.60575e-09
 8.45180e-10
 5.13987e-10
 2.84753e-10
 1.57996e-10
 6.30636e-11
 0.00000e+00
 0.00000e+00
 8.08496e-29
 1.20019e-26
 6.48730e-25
 1.95807e-23
 3.95614e-22
 5.90004e-21
 6.89878e-20
 6.58665e-19
 5.28649e-18
 3.64554e-17
 2.19693e-16
 1.17281e-15
 5.60807e-15
 2.42440e-14
 9.55020e-14
 3.45124e-13
 1.15094e-12
 3.56049e-12
 1.02651e-11
 2.76976e-11
 7.02118e-11
 1.77670e-10
 4.13095e-10
 8.97473e-10
 1.83589e-09
 3.55815e-09
 6.55452e-09
 1.14918e-08
 1.91854e-08
 3.04955e-08
 4.29646e-08
 4.92155e-08
 5.12498e-08
 5.19423e-08
 5.14406e-08
 4.86261e-08
 4.17935e-08
 3.38119e-08
 2.87159e-08
 2.48082e-08
 2.07604e-08
 1.59259e-08
 1.09764e-08
 6.56178e-09
 3.79925e-09
 1.82720e-09
 1.01361e-09
 4.04164e-10
 0.00000e+00
 0.00000e+00
 8.42956e-28
 1.02400e-25
 5.01031e-24
 1.42743e-22
 2.77827e-21
 4.03628e-20
 4.62795e-19
 4.35052e-18
 3.44681e-17
 2.35001e-16
 1.40144e-15
 7.40653e-15
 3.50636e-14
 1.50038e-13
 5.84740e-13
 2.08931e-12
 6.88366e-12
 2.10196e-11
 5.97594e-11
 1.58845e-10
 4.36416e-10
 1.04503e-09
 2.33516e-09
 4.91843e-09
 9.82198e-09
 1.86520e-08
 3.37417e-08
 5.82073e-08
 9.58115e-08
 1.50517e-07
 2.10242e-07
 2.40467e-07
 2.50780e-07
 2.54859e-07
 2.53936e-07
 2.43112e-07
 2.13531e-07
 1.77206e-07
 1.53395e-07
 1.34528e-07
 1.14247e-07
 8.96162e-08
 6.26145e-08
 3.92066e-08
 2.25848e-08
 1.19467e-08
 5.71397e-09
 2.27711e-09
 0.00000e+00
 0.00000e+00
 7.25290e-27
 7.57329e-25
 3.40220e-23
 9.18866e-22
 1.72487e-20
 2.44135e-19
 2.74429e-18
 2.53942e-17
 1.98570e-16
 1.33850e-15
 7.90034e-15
 4.13497e-14
 1.93912e-13
 8.21908e-13
 3.17206e-12
 1.12185e-11
 3.65622e-11
 1.10354e-10
 3.40190e-10
 9.27889e-10
 2.30508e-09
 5.33850e-09
 1.16405e-08
 2.40188e-08
 4.70536e-08
 8.77277e-08
 1.55947e-07
 2.64677e-07
 4.29345e-07
 6.66160e-07
 9.22066e-07
 1.05284e-06
 1.09953e-06
 1.12024e-06
 1.12258e-06
 1.08753e-06
 9.74574e-07
 8.27405e-07
 7.27843e-07
 6.46087e-07
 5.54962e-07
 4.42439e-07
 3.14117e-07
 2.01014e-07
 1.16095e-07
 6.22523e-08
 3.24565e-08
 1.24674e-08
 0.00000e+00
 0.00000e+00
 5.29538e-26
 4.91891e-24
 2.05387e-22
 5.28207e-21
 9.57743e-20
 1.32112e-18
 1.45577e-17
 1.32571e-16
 1.02291e-15
 6.81626e-15
 3.98197e-14
 2.06431e-13
 9.59244e-13
 4.02919e-12
 1.54083e-11
 5.39797e-11
 1.74179e-10
 5.97498e-10
 1.70948e-09
 4.44817e-09
 1.07608e-08
 2.44307e-08
 5.23180e-08
 1.06049e-07
 2.04063e-07
 3.73699e-07
 6.52735e-07
 1.08948e-06
 1.74045e-06
 2.66482e-06
 3.65283e-06
 4.16319e-06
 4.35364e-06
 4.44620e-06
 4.47958e-06
 4.38853e-06
 4.00848e-06
 3.47543e-06
 3.10124e-06
 2.78266e-06
 2.41565e-06
 1.95489e-06
 1.41120e-06
 9.16566e-07
 5.31315e-07
 2.84770e-07
 1.52744e-07
 5.91639e-08
 0.00000e+00
 0.00000e+00
 3.34791e-25
 2.83575e-23
 1.11210e-21
 2.73553e-20
 4.79959e-19
 6.45615e-18
 6.97433e-17
 6.24951e-16
 4.75733e-15
 3.13329e-14
 1.81151e-13
 9.30197e-13
 4.28363e-12
 1.78356e-11
 6.76103e-11
 2.63868e-10
 9.05133e-10
 2.73775e-09
 7.51534e-09
 1.91175e-08
 4.54685e-08
 1.01606e-07
 2.14104e-07
 4.26767e-07
 8.07033e-07
 1.45188e-06
 2.49138e-06
 4.08739e-06
 6.42535e-06
 9.69803e-06
 1.31550e-05
 1.49636e-05
 1.56688e-05
 1.60378e-05
 1.62407e-05
 1.60797e-05
 1.49588e-05
 1.32279e-05
 1.19574e-05
 1.08357e-05
 9.50362e-06
 7.80325e-06
 5.73148e-06
 3.77107e-06
 2.19437e-06
 1.17583e-06
 6.36099e-07
 2.48202e-07
 0.00000e+00
 0.00000e+00
 1.86134e-24
 1.46399e-22
 5.44042e-21
 1.28543e-19
 2.18668e-18
 2.87068e-17
 3.04083e-16
 2.68105e-15
 2.01319e-14
 1.31033e-13
 7.49642e-13
 3.81262e-12
 1.74004e-11
 7.18253e-11
 3.13547e-10
 1.17535e-09
 3.80361e-09
 1.11002e-08
 2.98818e-08
 7.48983e-08
 1.75666e-07
 3.86936e-07
 8.03010e-07
 1.57493e-06
 2.92797e-06
 5.17521e-06
 8.72213e-06
 1.40573e-05
 2.17258e-05
 3.22786e-05
 4.32989e-05
 4.91497e-05
 5.15341e-05
 5.28589e-05
 5.37865e-05
 5.37888e-05
 5.09326e-05
 4.58904e-05
 4.19787e-05
 3.83961e-05
 3.40181e-05
 2.83300e-05
 2.11866e-05
 1.41089e-05
 8.25754e-06
 4.42609e-06
 2.40390e-06
 9.41815e-07
 0.00000e+00
 0.00000e+00
 9.21037e-24
 6.81939e-22
 2.41937e-20
 5.51279e-19
 9.11124e-18
 1.16852e-16
 1.21420e-15
 1.05343e-14
 7.80205e-14
 5.01768e-13
 2.84023e-12
 1.43060e-11
 6.47049e-11
 3.17062e-10
 1.31011e-09
 4.58018e-09
 1.43075e-08
 4.10029e-08
 1.08929e-07
 2.69666e-07
 6.24432e-07
 1.35682e-06
 2.77498e-06
 5.35789e-06
 9.79571e-06
 1.70113e-05
 2.81513e-05
 4.45417e-05
 6.76051e-05
 9.86982e-05
 1.30842e-04
 1.48198e-04
 1.55597e-04
 1.59914e-04
 1.63467e-04
 1.65028e-04
 1.58975e-04
 1.45834e-04
 1.34890e-04
 1.24478e-04
 1.11402e-04
 9.40721e-05
 7.16736e-05
 4.82854e-05
 2.85037e-05
 1.52861e-05
 8.33066e-06
 3.27340e-06
 0.00000e+00
 0.00000e+00
 4.09554e-23
 2.88465e-21
 9.83187e-20
 2.16848e-18
 3.48929e-17
 4.37655e-16
 4.46338e-15
 3.81116e-14
 2.78409e-13
 1.76903e-12
 9.90617e-12
 4.94104e-11
 2.71082e-10
 1.25052e-09
 4.77181e-09
 1.60627e-08
 4.92826e-08
 1.39515e-07
 3.66522e-07
 8.97085e-07
 2.05232e-06
 4.40191e-06
 8.87715e-06
 1.68809e-05
 3.03596e-05
 5.18023e-05
 8.41471e-05
 1.30613e-04
 1.94374e-04
 2.78351e-04
 3.64359e-04
 4.11766e-04
 4.32943e-04
 4.45796e-04
 4.57694e-04
 4.66209e-04
 4.56700e-04
 4.26327e-04
 3.98497e-04
 3.70931e-04
 3.35347e-04
 2.87071e-04
 2.22935e-04
 1.51965e-04
 9.06740e-05
 4.86899e-05
 2.66378e-05
 1.04973e-05
 0.00000e+00
 0.00000e+00
 1.64941e-22
 1.11426e-20
 3.66789e-19
 7.85668e-18
 1.23333e-16
 1.51471e-15
 1.51709e-14
 1.27529e-13
 9.18939e-13
 5.76864e-12
 3.19538e-11
 1.57809e-10
 1.00954e-09
 4.28920e-09
 1.56713e-08
 5.17688e-08
 1.56976e-07
 4.39852e-07
 1.14376e-06
 2.76950e-06
 6.26359e-06
 1.32686e-05
 2.63988e-05
 4.94634e-05
 8.75311e-05
 1.46749e-04
 2.33912e-04
 3.55906e-04
 5.18228e-04
 7.26453e-04
 9.38027e-04
 1.05766e-03
 1.11387e-03
 1.14903e-03
 1.18462e-03
 1.21685e-03
 1.21171e-03
 1.15067e-03
 1.08658e-03
 1.02005e-03
 9.31780e-04
 8.08393e-04
 6.39835e-04
 4.42014e-04
 2.66931e-04
 1.43681e-04
 7.89628e-05
 3.12184e-05
 0.00000e+00
 0.00000e+00
 6.05524e-22
 3.94911e-20
 1.26115e-18
 2.63152e-17
 4.03800e-16
 4.86190e-15
 4.78576e-14
 3.96197e-13
 2.81648e-12
 1.74675e-11
 9.57031e-11
 6.79298e-10
 3.30736e-09
 1.32513e-08
 4.74127e-08
 1.54783e-07
 4.64834e-07
 1.29034e-06
 3.32308e-06
 7.96495e-06
 1.78182e-05
 3.73012e-05
 7.32570e-05
 1.35310e-04
 2.35679e-04
 3.88254e-04
 6.07067e-04
 9.04686e-04
 1.28538e-03
 1.75963e-03
 2.23856e-03
 2.51838e-03
 2.65741e-03
 2.74663e-03
 2.84257e-03
 2.94316e-03
 2.97802e-03
 2.87647e-03
 2.74389e-03
 2.59808e-03
 2.39833e-03
 2.10823e-03
 1.69932e-03
 1.19337e-03
 7.29917e-04
 3.94349e-04
 2.17861e-04
 8.64493e-05
 0.00000e+00
 0.00000e+00
 2.03727e-21
 1.28950e-19
 4.01046e-18
 8.17401e-17
 1.22838e-15
 1.45181e-14
 1.40559e-13
 1.14652e-12
 8.04250e-12
 4.92813e-11
 3.80101e-10
 2.16977e-09
 9.67348e-09
 3.77556e-08
 1.33407e-07
 4.31461e-07
 1.28449e-06
 3.53444e-06
 9.01971e-06
 2.14113e-05
 4.74059e-05
 9.81333e-05
 1.90361e-04
 3.46805e-04
 5.94787e-04
 9.62922e-04
 1.47650e-03
 2.15275e-03
 2.97540e-03
 3.96682e-03
 4.96314e-03
 5.57129e-03
 5.89378e-03
 6.10560e-03
 6.34075e-03
 6.61364e-03
 6.79728e-03
 6.67869e-03
 6.43694e-03
 6.14908e-03
 5.73681e-03
 5.10788e-03
 4.18951e-03
 2.99834e-03
 1.86018e-03
 1.01018e-03
 5.61415e-04
 2.23677e-04
 0.00000e+00
 0.00000e+00
 6.30992e-21
 3.89304e-19
 1.18305e-17
 2.36111e-16
 3.48124e-15
 4.04385e-14
 3.85409e-13
 3.09913e-12
 2.14580e-11
 1.29928e-10
 1.18743e-09
 6.06158e-09
 2.60496e-08
 1.00219e-07
 3.50798e-07
 1.12517e-06
 3.32257e-06
 9.06684e-06
 2.29390e-05
 5.39596e-05
 1.18313e-04
 2.42345e-04
 4.64677e-04
 8.35595e-04
 1.41192e-03
 2.24694e-03
 3.37811e-03
 4.80970e-03
 6.44937e-03
 8.34703e-03
 1.02425e-02
 1.14717e-02
 1.21775e-02
 1.26541e-02
 1.31813e-02
 1.38427e-02
 1.44398e-02
 1.44338e-02
 1.40701e-02
 1.35668e-02
 1.27901e-02
 1.15280e-02
 9.61325e-03
 7.02583e-03
 4.43107e-03
 2.42278e-03
 1.35541e-03
 5.42352e-04
 0.00000e+00
 0.00000e+00
 1.80585e-20
 1.08996e-18
 3.24572e-17
 6.35733e-16
 9.21202e-15
 1.05306e-13
 9.88887e-13
 7.84375e-12
 5.36267e-11
 5.24228e-10
 3.22343e-09
 1.54966e-08
 6.53911e-08
 2.49071e-07
 8.64805e-07
 2.75263e-06
 8.06614e-06
 2.18391e-05
 5.48036e-05
 1.27815e-04
 2.77710e-04
 5.63300e-04
 1.06853e-03
 1.89839e-03
 3.16318e-03
 4.95111e-03
 7.29801e-03
 1.01190e-02
 1.31311e-02
 1.64491e-02
 1.97118e-02
 2.20178e-02
 2.34793e-02
 2.45034e-02
 2.55984e-02
 2.70587e-02
 2.86245e-02
 2.90963e-02
 2.87297e-02
 2.79773e-02
 2.66375e-02
 2.42888e-02
 2.05794e-02
 1.53837e-02
 9.88992e-03
 5.45502e-03
 3.07393e-03
 1.23552e-03
 0.00000e+00
 0.00000e+00
 4.79037e-20
 2.83722e-18
 8.29996e-17
 1.59873e-15
 2.28047e-14
 2.56865e-13
 2.37893e-12
 1.86258e-11
 1.25800e-10
 1.42137e-09
 7.88711e-09
 3.68870e-08
 1.53866e-07
 5.81307e-07
 2.00357e-06
 6.33146e-06
 1.84191e-05
 4.95003e-05
 1.23265e-04
 2.85184e-04
 6.14415e-04
 1.23510e-03
 2.32017e-03
 4.07760e-03
 6.70905e-03
 1.03401e-02
 1.49467e-02
 2.00945e-02
 2.51818e-02
 3.04644e-02
 3.54840e-02
 3.94301e-02
 4.23127e-02
 4.44118e-02
 4.65041e-02
 4.95326e-02
 5.31792e-02
 5.49026e-02
 5.48865e-02
 5.39738e-02
 5.18953e-02
 4.78666e-02
 4.11947e-02
 3.15321e-02
 2.07061e-02
 1.15693e-02
 6.56358e-03
 2.65007e-03
 0.00000e+00
 0.00000e+00
 1.18085e-19
 6.88098e-18
 1.98189e-16
 3.76121e-15
 5.28955e-14
 5.87799e-13
 5.37424e-12
 4.15659e-11
 4.94055e-10
 3.38256e-09
 1.78694e-08
 8.23114e-08
 3.40376e-07
 1.27672e-06
 4.37041e-06
 1.37175e-05
 3.96334e-05
 1.05768e-04
 2.61482e-04
 6.00420e-04
 1.28347e-03
 2.55897e-03
 4.76572e-03
 8.29758e-03
 1.35073e-02
 2.05422e-02
 2.91331e-02
 3.77482e-02
 4.55262e-02
 5.29112e-02
 5.86765e-02
 6.29815e-02
 6.68168e-02
 7.11190e-02
 7.66287e-02
 8.40152e-02
 9.29651e-02
 9.74580e-02
 9.83094e-02
 9.75228e-02
 9.47037e-02
 8.83924e-02
 7.72678e-02
 6.05843e-02
 4.06846e-02
 2.31812e-02
 1.32227e-02
 5.36138e-03
 0.00000e+00
 0.00000e+00
 2.71052e-19
 1.55744e-17
 4.42533e-16
 8.28870e-15
 1.15095e-13
 1.26338e-12
 1.14151e-11
 8.72863e-11
 1.17243e-09
 7.35096e-09
 3.78847e-08
 1.72737e-07
 7.09143e-07
 2.64251e-06
 8.98807e-06
 2.80319e-05
 8.04706e-05
 2.13335e-04
 5.23826e-04
 1.19435e-03
 2.53447e-03
 5.01546e-03
 9.26987e-03
 1.60157e-02
 2.58581e-02
 3.89356e-02
 5.41228e-02
 6.68371e-02
 7.55776e-02
 8.10978e-02
 8.49641e-02
 8.84876e-02
 9.27131e-02
 9.89419e-02
 1.08774e-01
 1.23787e-01
 1.44988e-01
 1.62308e-01
 1.65698e-01
 1.65471e-01
 1.62234e-01
 1.53242e-01
 1.36045e-01
 1.09158e-01
 7.51782e-02
 4.38838e-02
 2.51757e-02
 1.02457e-02
 0.00000e+00
 0.00000e+00
 5.80262e-19
 3.29408e-17
 9.24981e-16
 1.71257e-14
 2.35127e-13
 2.55256e-12
 2.28156e-11
 3.06789e-10
 2.50620e-09
 1.48538e-08
 7.54702e-08
 3.41456e-07
 1.39283e-06
 5.15879e-06
 1.74426e-05
 5.40768e-05
 1.54303e-04
 4.06548e-04
 9.91871e-04
 2.24652e-03
 4.73450e-03
 9.30354e-03
 1.70781e-02
 2.93229e-02
 4.70877e-02
 7.03009e-02
 9.23478e-02
 1.05407e-01
 1.12266e-01
 1.15811e-01
 1.18087e-01
 1.22073e-01
 1.27322e-01
 1.35320e-01
 1.48263e-01
 1.68946e-01
 1.99979e-01
 2.35614e-01
 2.59867e-01
 2.65090e-01
 2.61616e-01
 2.49949e-01
 2.25274e-01
 1.84675e-01
 1.30632e-01
 7.84730e-02
 4.53661e-02
 1.85165e-02
 0.00000e+00
 0.00000e+00
 1.15983e-18
 6.51614e-17
 1.81105e-15
 3.31926e-14
 4.51174e-13
 4.84979e-12
 4.29285e-11
 6.65174e-10
 4.87213e-09
 2.81214e-08
 1.41520e-07
 6.36165e-07
 2.57997e-06
 9.50241e-06
 3.19522e-05
 9.85152e-05
 2.79535e-04
 7.32272e-04
 1.77588e-03
 3.99705e-03
 8.36858e-03
 1.63333e-02
 2.97794e-02
 5.08462e-02
 8.10022e-02
 1.13288e-01
 1.39271e-01
 1.53960e-01
 1.61591e-01
 1.64156e-01
 1.66694e-01
 1.71881e-01
 1.78532e-01
 1.88197e-01
 2.03514e-01
 2.27822e-01
 2.65325e-01
 3.13365e-01
 3.58475e-01
 3.82863e-01
 3.86258e-01
 3.74022e-01
 3.44224e-01
 2.90430e-01
 2.12673e-01
 1.32558e-01
 7.74224e-02
 3.16629e-02
 0.00000e+00
 0.00000e+00
 2.16593e-18
 1.20605e-16
 3.32235e-15
 6.03555e-14
 8.13196e-13
 8.66493e-12
 7.60323e-11
 1.26652e-09
 8.80164e-09
 5.00118e-08
 2.49889e-07
 1.11699e-06
 4.50607e-06
 1.65112e-05
 5.52382e-05
 1.69450e-04
 4.78349e-04
 1.24648e-03
 3.00619e-03
 6.72629e-03
 1.39892e-02
 2.70727e-02
 4.88144e-02
 8.20513e-02
 1.23476e-01
 1.66078e-01
 2.01232e-01
 2.21361e-01
 2.31406e-01
 2.34941e-01
 2.37512e-01
 2.43433e-01
 2.51179e-01
 2.61955e-01
 2.78872e-01
 3.05832e-01
 3.47374e-01
 4.04412e-01
 4.61949e-01
 5.00314e-01
 5.11149e-01
 4.99065e-01
 4.64631e-01
 4.00777e-01
 3.05027e-01
 2.03299e-01
 1.24384e-01
 5.12078e-02
 0.00000e+00
 0.00000e+00
 3.77962e-18
 2.08855e-16
 5.70949e-15
 1.02926e-13
 1.37610e-12
 1.45503e-11
 2.39267e-10
 2.24049e-09
 1.48592e-08
 8.35921e-08
 4.15073e-07
 1.84437e-06
 7.39468e-06
 2.69186e-05
 8.94203e-05
 2.72195e-04
 7.61873e-04
 1.96650e-03
 4.69197e-03
 1.03690e-02
 2.12632e-02
 4.05434e-02
 7.20060e-02
 1.18688e-01
 1.74443e-01
 2.37024e-01
 2.87597e-01
 3.15714e-01
 3.29640e-01
 3.34153e-01
 3.36362e-01
 3.42452e-01
 3.50396e-01
 3.60925e-01
 3.77341e-01
 4.03981e-01
 4.46345e-01
 5.08870e-01
 5.72950e-01
 6.17033e-01
 6.32371e-01
 6.21319e-01
 5.83101e-01
 5.09295e-01
 3.93852e-01
 2.65978e-01
 1.70921e-01
 7.53707e-02
 0.00000e+00
 0.00000e+00
 5.99534e-18
 3.27358e-16
 8.83620e-15
 1.57155e-13
 2.07109e-12
 2.15628e-11
 4.01611e-10
 3.41812e-09
 2.21200e-08
 1.22824e-07
 6.03279e-07
 2.65330e-06
 1.05332e-05
 3.79816e-05
 1.25041e-04
 3.77437e-04
 1.04830e-03
 2.68695e-03
 6.37156e-03
 1.40072e-02
 2.85983e-02
 5.43044e-02
 9.59978e-02
 1.56767e-01
 2.29904e-01
 3.13451e-01
 3.84806e-01
 4.30501e-01
 4.55644e-01
 4.65292e-01
 4.69252e-01
 4.75726e-01
 4.82793e-01
 4.90558e-01
 5.02723e-01
 5.23286e-01
 5.56296e-01
 6.02054e-01
 6.54378e-01
 6.96874e-01
 7.09608e-01
 6.95912e-01
 6.57786e-01
 5.87311e-01
 4.75207e-01
 3.25937e-01
 2.09183e-01
 9.45971e-02
 0.00000e+00
 0.00000e+00
 7.39398e-18
 3.98800e-16
 1.06347e-14
 1.86890e-13
 2.43415e-12
 2.50539e-11
 4.87675e-10
 4.06079e-09
 2.59735e-08
 1.43295e-07
 7.00198e-07
 3.06513e-06
 1.21162e-05
 4.35222e-05
 1.42802e-04
 4.29835e-04
 1.19114e-03
 3.04802e-03
 7.22005e-03
 1.58641e-02
 3.23854e-02
 6.14957e-02
 1.08674e-01
 1.76646e-01
 2.57835e-01
 3.49902e-01
 4.36121e-01
 5.01863e-01
 5.48317e-01
 5.74719e-01
 5.91057e-01
 6.01979e-01
 6.07486e-01
 6.10344e-01
 6.14578e-01
 6.21861e-01
 6.35325e-01
 6.59035e-01
 6.97267e-01
 7.34246e-01
 7.42719e-01
 7.25948e-01
 6.87435e-01
 6.21328e-01
 5.17375e-01
 3.70268e-01
 2.40974e-01
 1.09735e-01
 0.00000e+00
 0.00000e+00
 7.77268e-18
 4.17489e-16
 1.10883e-14
 1.94104e-13
 2.51858e-12
 2.58287e-11
 5.13750e-10
 4.22426e-09
 2.69045e-08
 1.48176e-07
 7.23148e-07
 3.16226e-06
 1.24891e-05
 4.48305e-05
 1.47022e-04
 4.42418e-04
 1.22596e-03
 3.13766e-03
 7.43511e-03
 1.63459e-02
 3.33946e-02
 6.34716e-02
 1.12265e-01
 1.81057e-01
 2.62641e-01
 3.56273e-01
 4.50358e-01
 5.26758e-01
 5.84826e-01
 6.24415e-01
 6.51402e-01
 6.66005e-01
 6.71102e-01
 6.72342e-01
 6.72991e-01
 6.72593e-01
 6.73145e-01
 6.80624e-01
 7.03985e-01
 7.35414e-01
 7.41444e-01
 7.22792e-01
 6.84045e-01
 6.21768e-01
 5.25245e-01
 3.85477e-01
 2.55753e-01
 1.18086e-01
 0.00000e+00
 0.00000e+00
 7.73284e-18
 4.14924e-16
 1.10088e-14
 1.92510e-13
 2.49524e-12
 2.55614e-11
 5.11834e-10
 4.19260e-09
 2.66775e-08
 1.46880e-07
 7.16652e-07
 3.13314e-06
 1.23713e-05
 4.43978e-05
 1.45570e-04
 4.37944e-04
 1.21327e-03
 3.10449e-03
 7.35549e-03
 1.61706e-02
 3.30435e-02
 6.28498e-02
 1.11236e-01
 1.76701e-01
 2.55579e-01
 3.48623e-01
 4.44633e-01
 5.26126e-01
 5.91220e-01
 6.37956e-01
 6.69484e-01
 6.86070e-01
 6.91480e-01
 6.92430e-01
 6.91969e-01
 6.88905e-01
 6.84125e-01
 6.81733e-01
 6.88942e-01
 7.10836e-01
 7.16746e-01
 6.98446e-01
 6.60317e-01
 6.00270e-01
 5.09003e-01
 3.77094e-01
 2.54314e-01
 1.19726e-01
 0.00000e+00
 0.00000e+00
 7.35393e-18
 3.94047e-16
 1.04399e-14
 1.82290e-13
 2.35911e-12
 2.41281e-11
 4.86081e-10
 3.97649e-09
 2.53006e-08
 1.39334e-07
 6.80030e-07
 2.97399e-06
 1.17471e-05
 4.21741e-05
 1.38340e-04
 4.16400e-04
 1.15425e-03
 2.95548e-03
 7.00792e-03
 1.54210e-02
 3.15491e-02
 6.01051e-02
 1.06335e-01
 1.67486e-01
 2.44175e-01
 3.36624e-01
 4.34729e-01
 5.19585e-01
 5.87672e-01
 6.36551e-01
 6.69028e-01
 6.86207e-01
 6.91929e-01
 6.92906e-01
 6.92312e-01
 6.88563e-01
 6.81952e-01
 6.75568e-01
 6.75079e-01
 6.83411e-01
 6.80444e-01
 6.59337e-01
 6.20536e-01
 5.62351e-01
 4.77010e-01
 3.54199e-01
 2.40572e-01
 1.15030e-01
 0.00000e+00
 0.00000e+00
 6.38644e-18
 3.41759e-16
 9.04228e-15
 1.57664e-13
 2.03748e-12
 2.08072e-11
 4.18975e-10
 3.45269e-09
 2.20322e-08
 1.21578e-07
 5.94550e-07
 2.60549e-06
 1.03135e-05
 3.71097e-05
 1.22012e-04
 3.68157e-04
 1.02318e-03
 2.62706e-03
 6.24734e-03
 1.37897e-02
 2.83019e-02
 5.40751e-02
 9.58415e-02
 1.53644e-01
 2.27692e-01
 3.18007e-01
 4.18078e-01
 5.06682e-01
 5.76183e-01
 6.25026e-01
 6.56879e-01
 6.74448e-01
 6.81228e-01
 6.82632e-01
 6.82728e-01
 6.79932e-01
 6.73746e-01
 6.66308e-01
 6.61793e-01
 6.59163e-01
 6.43615e-01
 6.14345e-01
 5.71763e-01
 5.13372e-01
 4.32329e-01
 3.20090e-01
 2.18170e-01
 1.04601e-01
 0.00000e+00
 0.00000e+00
 4.70740e-18
 2.51857e-16
 6.66233e-15
 1.16146e-13
 1.50076e-12
 1.53244e-11
 3.05859e-10
 2.57268e-09
 1.65634e-08
 9.19731e-08
 4.52497e-07
 1.99515e-06
 7.94715e-06
 2.87795e-05
 9.52544e-05
 2.89427e-04
 8.10277e-04
 2.09666e-03
 5.02757e-03
 1.11968e-02
 2.32012e-02
 4.47883e-02
 8.05772e-02
 1.33533e-01
 2.02255e-01
 2.88079e-01
 3.88167e-01
 4.79158e-01
 5.46875e-01
 5.92341e-01
 6.21457e-01
 6.38682e-01
 6.47487e-01
 6.51185e-01
 6.52788e-01
 6.52684e-01
 6.49608e-01
 6.43994e-01
 6.37855e-01
 6.26521e-01
 6.01067e-01
 5.63800e-01
 5.16479e-01
 4.57360e-01
 3.81293e-01
 2.79993e-01
 1.89086e-01
 8.83472e-02
 0.00000e+00
 0.00000e+00
 2.62436e-18
 1.41434e-16
 3.77029e-15
 6.62645e-14
 8.63464e-13
 8.89618e-12
 1.74811e-10
 1.53635e-09
 1.01207e-08
 5.71098e-08
 2.85245e-07
 1.27674e-06
 5.16296e-06
 1.89856e-05
 6.38238e-05
 1.97016e-04
 5.60574e-04
 1.47490e-03
 3.59813e-03
 8.15759e-03
 1.72193e-02
 3.38864e-02
 6.22721e-02
 1.06440e-01
 1.66388e-01
 2.45142e-01
 3.42155e-01
 4.31017e-01
 4.91833e-01
 5.29837e-01
 5.53424e-01
 5.68967e-01
 5.79818e-01
 5.88521e-01
 5.94660e-01
 5.98282e-01
 6.00107e-01
 5.98731e-01
 5.93433e-01
 5.76722e-01
 5.44333e-01
 4.99891e-01
 4.47165e-01
 3.87118e-01
 3.18304e-01
 2.33067e-01
 1.57005e-01
 7.16086e-02
 0.00000e+00
 0.00000e+00
 1.29924e-18
 7.14258e-17
 1.94215e-15
 3.48128e-14
 4.62593e-13
 4.85916e-12
 1.00877e-10
 9.05342e-10
 6.14300e-09
 3.54959e-08
 1.80917e-07
 8.25199e-07
 3.39761e-06
 1.27121e-05
 4.34592e-05
 1.36382e-04
 3.94401e-04
 1.05447e-03
 2.61360e-03
 6.01907e-03
 1.29032e-02
 2.57834e-02
 4.80536e-02
 8.34797e-02
 1.32542e-01
 1.97313e-01
 2.83116e-01
 3.60526e-01
 4.06724e-01
 4.32277e-01
 4.47928e-01
 4.60754e-01
 4.73252e-01
 4.87327e-01
 5.02836e-01
 5.12913e-01
 5.19392e-01
 5.23973e-01
 5.22135e-01
 5.04245e-01
 4.69448e-01
 4.21116e-01
 3.65062e-01
 3.08661e-01
 2.49757e-01
 1.81885e-01
 1.23659e-01
 5.70791e-02
 0.00000e+00
 0.00000e+00
 6.14334e-19
 3.47844e-17
 9.72635e-16
 1.79012e-14
 2.43887e-13
 2.62293e-12
 2.31891e-11
 5.40149e-10
 4.01695e-09
 2.39018e-08
 1.24675e-07
 5.80635e-07
 2.43719e-06
 9.28507e-06
 3.22906e-05
 1.02999e-04
 3.02554e-04
 8.21169e-04
 2.06504e-03
 4.82249e-03
 1.04773e-02
 2.12075e-02
 4.00362e-02
 7.04150e-02
 1.13385e-01
 1.67987e-01
 2.30406e-01
 2.77072e-01
 3.02268e-01
 3.13941e-01
 3.22029e-01
 3.31569e-01
 3.43472e-01
 3.60375e-01
 3.83910e-01
 4.01702e-01
 4.12405e-01
 4.21286e-01
 4.23331e-01
 4.09569e-01
 3.80703e-01
 3.41985e-01
 2.98395e-01
 2.51051e-01
 1.99123e-01
 1.38076e-01
 9.27987e-02
 4.31164e-02
 0.00000e+00
 0.00000e+00
 2.77631e-19
 1.63940e-17
 4.75732e-16
 9.04845e-15
 1.26937e-13
 1.40131e-12
 1.26826e-11
 3.53289e-10
 2.86718e-09
 1.76496e-08
 9.41254e-08
 4.46737e-07
 1.90751e-06
 7.38237e-06
 2.60515e-05
 8.42418e-05
 2.50655e-04
 6.88602e-04
 1.75155e-03
 4.13445e-03
 9.07230e-03
 1.85311e-02
 3.52707e-02
 6.26453e-02
 1.02623e-01
 1.52151e-01
 1.94260e-01
 2.17859e-01
 2.29911e-01
 2.35170e-01
 2.39390e-01
 2.45741e-01
 2.55390e-01
 2.70911e-01
 2.94496e-01
 3.14628e-01
 3.25742e-01
 3.33301e-01
 3.34333e-01
 3.25834e-01
 3.08435e-01
 2.82712e-01
 2.49532e-01
 2.09147e-01
 1.61109e-01
 1.04858e-01
 6.80422e-02
 3.00528e-02
 0.00000e+00
 0.00000e+00
 1.20201e-19
 7.51524e-18
 2.28349e-16
 4.50992e-15
 6.52783e-14
 7.39830e-13
 6.84717e-12
 2.50341e-10
 2.20315e-09
 1.39998e-08
 7.60568e-08
 3.66490e-07
 1.58629e-06
 6.21616e-06
 2.21906e-05
 7.25317e-05
 2.17988e-04
 6.04495e-04
 1.55110e-03
 3.69104e-03
 8.15933e-03
 1.67747e-02
 3.20928e-02
 5.71380e-02
 9.45589e-02
 1.39614e-01
 1.68432e-01
 1.81232e-01
 1.85857e-01
 1.88263e-01
 1.90174e-01
 1.94006e-01
 2.01334e-01
 2.14416e-01
 2.35099e-01
 2.57014e-01
 2.69605e-01
 2.74604e-01
 2.73717e-01
 2.68418e-01
 2.57215e-01
 2.38607e-01
 2.11463e-01
 1.75063e-01
 1.29387e-01
 7.88142e-02
 4.88450e-02
 2.03941e-02
 0.00000e+00
 0.00000e+00
 4.99557e-20
 3.36528e-18
 1.07862e-16
 2.21704e-15
 3.30944e-14
 3.84328e-13
 3.62762e-12
 1.86552e-10
 1.75763e-09
 1.14826e-08
 6.33761e-08
 3.09283e-07
 1.35408e-06
 5.36303e-06
 1.93372e-05
 6.38009e-05
 1.93445e-04
 5.40888e-04
 1.39866e-03
 3.35227e-03
 7.45942e-03
 1.54258e-02
 2.96545e-02
 5.29551e-02
 8.76085e-02
 1.26241e-01
 1.47026e-01
 1.54538e-01
 1.56256e-01
 1.55719e-01
 1.55977e-01
 1.57507e-01
 1.62227e-01
 1.72345e-01
 1.89426e-01
 2.11878e-01
 2.26278e-01
 2.30190e-01
 2.29631e-01
 2.26466e-01
 2.18414e-01
 2.03211e-01
 1.79024e-01
 1.44912e-01
 1.01108e-01
 5.78537e-02
 3.39952e-02
 1.35816e-02
 0.00000e+00
 0.00000e+00
 1.99648e-20
 1.47698e-18
 5.01740e-17
 1.07275e-15
 1.64727e-14
 1.95387e-13
 1.87453e-12
 1.40566e-10
 1.40271e-09
 9.41792e-09
 5.28475e-08
 2.61345e-07
 1.15808e-06
 4.63842e-06
 1.69004e-05
 5.63085e-05
 1.72292e-04
 4.85854e-04
 1.26632e-03
 3.05744e-03
 6.84958e-03
 1.42524e-02
 2.75496e-02
 4.94277e-02
 8.20630e-02
 1.13253e-01
 1.27657e-01
 1.31872e-01
 1.32153e-01
 1.29436e-01
 1.25650e-01
 1.25709e-01
 1.28124e-01
 1.35520e-01
 1.49893e-01
 1.71377e-01
 1.87927e-01
 1.93753e-01
 1.94043e-01
 1.91915e-01
 1.85315e-01
 1.71792e-01
 1.49386e-01
 1.16756e-01
 7.49690e-02
 4.04579e-02
 2.25976e-02
 8.68578e-03
 0.00000e+00
 0.00000e+00
 7.68429e-21
 6.36507e-19
 2.29496e-17
 5.08934e-16
 8.00874e-15
 9.66627e-14
 9.39417e-13
 7.59900e-12
 1.05408e-09
 7.50681e-09
 4.29583e-08
 2.15701e-07
 9.68695e-07
 3.92766e-06
 1.44733e-05
 4.87280e-05
 1.50543e-04
 4.28321e-04
 1.12560e-03
 2.73847e-03
 6.17854e-03
 1.29413e-02
 2.51731e-02
 4.54527e-02
 7.55830e-02
 9.99625e-02
 1.09330e-01
 1.11181e-01
 1.10114e-01
 1.04608e-01
 9.64371e-02
 9.42462e-02
 9.53444e-02
 1.00550e-01
 1.12566e-01
 1.33046e-01
 1.52998e-01
 1.60757e-01
 1.61782e-01
 1.60191e-01
 1.54459e-01
 1.41898e-01
 1.20262e-01
 8.81122e-02
 5.06520e-02
 2.62464e-02
 1.41090e-02
 5.25994e-03
 0.00000e+00
 0.00000e+00
 2.85360e-21
 2.69859e-19
 1.03119e-17
 2.36199e-16
 3.79359e-15
 4.64293e-14
 4.55756e-13
 3.71417e-12
 6.84850e-10
 5.42946e-09
 3.21620e-08
 1.65001e-07
 7.54074e-07
 3.10477e-06
 1.16003e-05
 3.95500e-05
 1.23598e-04
 3.55366e-04
 9.42886e-04
 2.31426e-03
 5.26411e-03
 1.11101e-02
 2.17700e-02
 3.96082e-02
 6.57913e-02
 8.43118e-02
 9.00679e-02
 9.06069e-02
 8.82132e-02
 8.03365e-02
 6.96548e-02
 6.63261e-02
 6.68181e-02
 7.07291e-02
 8.07869e-02
 9.92119e-02
 1.19894e-01
 1.28832e-01
 1.30310e-01
 1.28955e-01
 1.23461e-01
 1.10984e-01
 8.92470e-02
 5.77708e-02
 3.11192e-02
 1.57907e-02
 8.27702e-03
 3.01499e-03
 0.00000e+00
 0.00000e+00
 1.01997e-21
 1.11585e-19
 4.49360e-18
 1.05718e-16
 1.72540e-15
 2.13412e-14
 2.11043e-13
 1.72920e-12
 4.08982e-10
 3.35956e-09
 1.99949e-08
 1.04377e-07
 4.88006e-07
 2.05633e-06
 7.85487e-06
 2.73422e-05
 8.71165e-05
 2.55001e-04
 6.87457e-04
 1.71138e-03
 3.94230e-03
 8.41561e-03
 1.66616e-02
 3.06081e-02
 5.08926e-02
 6.39368e-02
 6.71633e-02
 6.69335e-02
 6.34262e-02
 5.43666e-02
 4.46874e-02
 4.19655e-02
 4.22287e-02
 4.49884e-02
 5.23764e-02
 6.61144e-02
 8.46059e-02
 9.36826e-02
 9.51481e-02
 9.37100e-02
 8.79465e-02
 7.54619e-02
 5.54469e-02
 3.23689e-02
 1.72875e-02
 8.67299e-03
 4.46595e-03
 1.60684e-03
 0.00000e+00
 0.00000e+00
 3.63165e-22
 4.72949e-20
 2.00369e-18
 4.82809e-17
 7.98909e-16
 9.96971e-15
 9.91987e-14
 8.16449e-13
 5.70494e-12
 1.50306e-09
 1.09712e-08
 5.96105e-08
 2.81685e-07
 1.19507e-06
 4.59817e-06
 1.61349e-05
 5.18531e-05
 1.53157e-04
 4.17348e-04
 1.05131e-03
 2.45157e-03
 5.29685e-03
 1.06052e-02
 1.96742e-02
 3.29977e-02
 4.17980e-02
 4.40833e-02
 4.40009e-02
 4.17035e-02
 3.57013e-02
 2.91958e-02
 2.73771e-02
 2.76055e-02
 2.96722e-02
 3.51022e-02
 4.50819e-02
 5.78579e-02
 6.36651e-02
 6.43753e-02
 6.29928e-02
 5.81230e-02
 4.82936e-02
 3.33027e-02
 1.85628e-02
 9.78018e-03
 4.83968e-03
 2.47384e-03
 8.41568e-04
 0.00000e+00
 0.00000e+00
 9.90189e-23
 1.51674e-20
 6.67224e-19
 1.63411e-17
 2.72792e-16
 3.42253e-15
 3.41742e-14
 2.81949e-13
 1.97352e-12
 4.79605e-10
 4.06291e-09
 2.32922e-08
 1.12026e-07
 4.78295e-07
 1.84631e-06
 6.49551e-06
 2.09279e-05
 6.19729e-05
 1.69158e-04
 4.26586e-04
 9.95596e-04
 2.15319e-03
 4.32040e-03
 8.03538e-03
 1.36239e-02
 1.77475e-02
 1.89850e-02
 1.90386e-02
 1.81742e-02
 1.57149e-02
 1.29018e-02
 1.21608e-02
 1.23359e-02
 1.35234e-02
 1.65333e-02
 2.19809e-02
 2.77802e-02
 2.98185e-02
 2.98596e-02
 2.88407e-02
 2.58827e-02
 2.05492e-02
 1.33202e-02
 7.25937e-03
 3.77396e-03
 1.85460e-03
 9.00609e-04
 4.70961e-04
