InternalEnergy
part
         1
hexa8
 2.50000e+00
 2.50000e+00
 2.50000e+00
 2.50000e+00
 2.50000e+00
 2.50000e+00
 2.50000e+00
 2.50000e+00
 2.50000e+00
 2.50000e+00
 2.50000e+00
 2.50000e+00
 2.50000e+00
 2.50000e+00
 2.50000e+00
 2.50000e+00
 2.50000e+00
 2.50000e+00
 2.50000e+00
 2.50000e+00
 2.50000e+00
 2.50000e+00
 2.50000e+00
 2.50000e+00
 2.50000e+00
 2.50000e+00
 2.50000e+00
 2.50000e+00
 2.50000e+00
 2.50000e+00
 2.50000e+00
 2.50000e+00
 2.50000e+00
 2.50000e+00
 2.50000e+00
 2.50000e+00
 2.50000e+00
 2.50000e+00
 2.50000e+00
 2.50000e+00
 2.50000e+00
 2.50000e+00
 2.50000e+00
 2.50000e+00
 2.50000e+00
 2.50000e+00
 2.50000e+00
 2.50000e+00
 2.50000e+00
 2.50000e+00
 2.50000e+00
 2.50000e+00
 2.50000e+00
 2.50000e+00
 2.50000e+00
 2.50000e+00
 2.50000e+00
 2.50000e+00
 2.50000e+00
 2.50000e+00
 2.50000e+00
 2.50000e+00
 2.50000e+00
 2.50000e+00
 2.50000e+00
 2.50000e+00
 2.50000e+00
 2.50000e+00
 2.50000e+00
 2.50000e+00
 2.50000e+00
 2.50000e+00
 2.50000e+00
 2.50000e+00
 2.50000e+00
 2.50000e+00
 2.50000e+00
 2.50000e+00
 2.50000e+00
 2.50000e+00
 2.50000e+00
 2.50000e+00
 2.50000e+00
 2.50000e+00
 2.50000e+00
 2.50000e+00
 2.50000e+00
 2.50000e+00
 2.50000e+00
 2.50000e+00
 2.50000e+00
 2.50000e+00
 2.50000e+00
 2.50000e+00
 2.50000e+00
 2.49999e+00
 2.49999e+00
 2.49999e+00
 2.49999e+00
 2.49999e+00
 2.49994e+00
 2.49994e+00
 2.49994e+00
 2.49994e+00
 2.49994e+00
 2.49974e+00
 2.49974e+00
 2.49974e+00
 2.49974e+00
 2.49974e+00
 2.49904e+00
 2.49904e+00
 2.49904e+00
 2.49904e+00
 2.49904e+00
 2.49692e+00
 2.49692e+00
 2.49692e+00
 2.49692e+00
 2.49692e+00
 2.49160e+00
 2.49160e+00
 2.49160e+00
 2.49160e+00
 2.49160e+00
 2.50000e+00
 2.50000e+00
 2.50000e+00
 2.50000e+00
 2.50000e+00
 2.50000e+00
 2.50000e+00
 2.50000e+00
 2.50000e+00
 2.50000e+00
 2.50000e+00
 2.50000e+00
 2.50000e+00
 2.50000e+00
 2.50000e+00
 2.50000e+00
 2.50000e+00
 2.50000e+00
 2.50000e+00
 2.50000e+00
 2.50000e+00
 2.50000e+00
 2.50000e+00
 2.50000e+00
 2.50000e+00
 2.50000e+00
 2.50000e+00
 2.50000e+00
 2.50000e+00
 2.50000e+00
 2.50000e+00
 2.50000e+00
 2.50000e+00
 2.50000e+00
 2.50000e+00
 2.50000e+00
 2.50000e+00
 2.50000e+00
 2.50000e+00
 2.50000e+00
 2.50000e+00
 2.50000e+00
 2.50000e+00
 2.50000e+00
 2.50000e+00
 2.50000e+00
 2.50000e+00
 2.50000e+00
 2.50000e+00
 2.50000e+00
 2.50000e+00
 2.50000e+00
 2.50000e+00
 2.50000e+00
 2.50000e+00
 2.50000e+00
 2.50000e+00
 2.50000e+00
 2.50000e+00
 2.50000e+00
 2.50000e+00
 2.50000e+00
 2.50000e+00
 2.50000e+00
 2.50000e+00
 2.50000e+00
 2.50000e+00
 2.50000e+00
 2.50000e+00
 2.50000e+00
 2.50000e+00
 2.50000e+00
 2.50000e+00
 2.50000e+00
 2.50000e+00
 2.50000e+00
 2.50000e+00
 2.50000e+00
 2.50000e+00
 2.50000e+00
 2.50000e+00
 2.50000e+00
 2.50000e+00
 2.50000e+00
 2.50000e+00
 2.50000e+00
 2.50000e+00
 2.50000e+00
 2.50000e+00
 2.50000e+00
 2.50000e+00
 2.50000e+00
 2.50000e+00
 2.50000e+00
 2.50000e+00
 2.49999e+00
 2.49999e+00
 2.49999e+00
 2.49999e+00
 2.49999e+00
 2.49994e+00
 2.49994e+00
 2.49994e+00
 2.49994e+00
 2.49994e+00
 2.49974e+00
 2.49974e+00
 2.49974e+00
 2.49974e+00
 2.49974e+00
 2.49904e+00
 2.49904e+00
 2.49904e+00
 2.49904e+00
 2.49904e+00
 2.49692e+00
 2.49692e+00
 2.49692e+00
 2.49692e+00
 2.49692e+00
 2.49160e+00
 2.49160e+00
 2.49160e+00
 2.49160e+00
 2.49160e+00
 2.50000e+00
 2.50000e+00
 2.50000e+00
 2.50000e+00
 2.50000e+00
 2.50000e+00
 2.50000e+00
 2.50000e+00
 2.50000e+00
 2.50000e+00
 2.50000e+00
 2.50000e+00
 2.50000e+00
 2.50000e+00
 2.50000e+00
 2.50000e+00
 2.50000e+00
 2.50000e+00
 2.50000e+00
 2.50000e+00
 2.50000e+00
 2.50000e+00
 2.50000e+00
 2.50000e+00
 2.50000e+00
 2.50000e+00
 2.50000e+00
 2.50000e+00
 2.50000e+00
 2.50000e+00
 2.50000e+00
 2.50000e+00
 2.50000e+00
 2.50000e+00
 2.50000e+00
 2.50000e+00
 2.50000e+00
 2.50000e+00
 2.50000e+00
 2.50000e+00
 2.50000e+00
 2.50000e+00
 2.50000e+00
 2.50000e+00
 2.50000e+00
 2.50000e+00
 2.50000e+00
 2.50000e+00
 2.50000e+00
 2.50000e+00
 2.50000e+00
 2.50000e+00
 2.50000e+00
 2.50000e+00
 2.50000e+00
 2.50000e+00
 2.50000e+00
 2.50000e+00
 2.50000e+00
 2.50000e+00
 2.50000e+00
 2.50000e+00
 2.50000e+00
 2.50000e+00
 2.50000e+00
 2.50000e+00
 2.50000e+00
 2.50000e+00
 2.50000e+00
 2.50000e+00
 2.50000e+00
 2.50000e+00
 2.50000e+00
 2.50000e+00
 2.50000e+00
 2.50000e+00
 2.50000e+00
 2.50000e+00
 2.50000e+00
 2.50000e+00
 2.50000e+00
 2.50000e+00
 2.50000e+00
 2.50000e+00
 2.50000e+00
 2.50000e+00
 2.50000e+00
 2.50000e+00
 2.50000e+00
 2.50000e+00
 2.50000e+00
 2.50000e+00
 2.50000e+00
 2.50000e+00
 2.50000e+00
 2.49999e+00
 2.49999e+00
 2.49999e+00
 2.49999e+00
 2.49999e+00
 2.49994e+00
 2.49994e+00
 2.49994e+00
 2.49994e+00
 2.49994e+00
 2.49974e+00
 2.49974e+00
 2.49974e+00
 2.49974e+00
 2.49974e+00
 2.49904e+00
 2.49904e+00
 2.49904e+00
 2.49904e+00
 2.49904e+00
 2.49692e+00
 2.49692e+00
 2.49692e+00
 2.49692e+00
 2.49692e+00
 2.49160e+00
 2.49160e+00
 2.49160e+00
 2.49160e+00
 2.49160e+00
 2.50000e+00
 2.50000e+00
 2.50000e+00
 2.50000e+00
 2.50000e+00
 2.50000e+00
 2.50000e+00
 2.50000e+00
 2.50000e+00
 2.50000e+00
 2.50000e+00
 2.50000e+00
 2.50000e+00
 2.50000e+00
 2.50000e+00
 2.50000e+00
 2.50000e+00
 2.50000e+00
 2.50000e+00
 2.50000e+00
 2.50000e+00
 2.50000e+00
 2.50000e+00
 2.50000e+00
 2.50000e+00
 2.50000e+00
 2.50000e+00
 2.50000e+00
 2.50000e+00
 2.50000e+00
 2.50000e+00
 2.50000e+00
 2.50000e+00
 2.50000e+00
 2.50000e+00
 2.50000e+00
 2.50000e+00
 2.50000e+00
 2.50000e+00
 2.50000e+00
 2.50000e+00
 2.50000e+00
 2.50000e+00
 2.50000e+00
 2.50000e+00
 2.50000e+00
 2.50000e+00
 2.50000e+00
 2.50000e+00
 2.50000e+00
 2.50000e+00
 2.50000e+00
 2.50000e+00
 2.50000e+00
 2.50000e+00
 2.50000e+00
 2.50000e+00
 2.50000e+00
 2.50000e+00
 2.50000e+00
 2.50000e+00
 2.50000e+00
 2.50000e+00
 2.50000e+00
 2.50000e+00
 2.50000e+00
 2.50000e+00
 2.50000e+00
 2.50000e+00
 2.50000e+00
 2.50000e+00
 2.50000e+00
 2.50000e+00
 2.50000e+00
 2.50000e+00
 2.50000e+00
 2.50000e+00
 2.50000e+00
 2.50000e+00
 2.50000e+00
 2.50000e+00
 2.50000e+00
 2.50000e+00
 2.50000e+00
 2.50000e+00
 2.50000e+00
 2.50000e+00
 2.50000e+00
 2.50000e+00
 2.50000e+00
 2.50000e+00
 2.50000e+00
 2.50000e+00
 2.50000e+00
 2.50000e+00
 2.49999e+00
 2.49999e+00
 2.49999e+00
 2.49999e+00
 2.49999e+00
 2.49994e+00
 2.49994e+00
 2.49994e+00
 2.49994e+00
 2.49994e+00
 2.49974e+00
 2.49974e+00
 2.49974e+00
 2.49974e+00
 2.49974e+00
 2.49904e+00
 2.49904e+00
 2.49904e+00
 2.49904e+00
 2.49904e+00
 2.49692e+00
 2.49692e+00
 2.49692e+00
 2.49692e+00
 2.49692e+00
 2.49160e+00
 2.49160e+00
 2.49160e+00
 2.49160e+00
 2.49160e+00
 2.50000e+00
 2.50000e+00
 2.50000e+00
 2.50000e+00
 2.50000e+00
 2.50000e+00
 2.50000e+00
 2.50000e+00
 2.50000e+00
 2.50000e+00
 2.50000e+00
 2.50000e+00
 2.50000e+00
 2.50000e+00
 2.50000e+00
 2.50000e+00
 2.50000e+00
 2.50000e+00
 2.50000e+00
 2.50000e+00
 2.50000e+00
 2.50000e+00
 2.50000e+00
 2.50000e+00
 2.50000e+00
 2.50000e+00
 2.50000e+00
 2.50000e+00
 2.50000e+00
 2.50000e+00
 2.50000e+00
 2.50000e+00
 2.50000e+00
 2.50000e+00
 2.50000e+00
 2.50000e+00
 2.50000e+00
 2.50000e+00
 2.50000e+00
 2.50000e+00
 2.50000e+00
 2.50000e+00
 2.50000e+00
 2.50000e+00
 2.50000e+00
 2.50000e+00
 2.50000e+00
 2.50000e+00
 2.50000e+00
 2.50000e+00
 2.50000e+00
 2.50000e+00
 2.50000e+00
 2.50000e+00
 2.50000e+00
 2.50000e+00
 2.50000e+00
 2.50000e+00
 2.50000e+00
 2.50000e+00
 2.50000e+00
 2.50000e+00
 2.50000e+00
 2.50000e+00
 2.50000e+00
 2.50000e+00
 2.50000e+00
 2.50000e+00
 2.50000e+00
 2.50000e+00
 2.50000e+00
 2.50000e+00
 2.50000e+00
 2.50000e+00
 2.50000e+00
 2.50000e+00
 2.50000e+00
 2.50000e+00
 2.50000e+00
 2.50000e+00
 2.50000e+00
 2.50000e+00
 2.50000e+00
 2.50000e+00
 2.50000e+00
 2.50000e+00
 2.50000e+00
 2.50000e+00
 2.50000e+00
 2.50000e+00
 2.50000e+00
 2.50000e+00
 2.50000e+00
 2.50000e+00
 2.50000e+00
 2.49999e+00
 2.49999e+00
 2.49999e+00
 2.49999e+00
 2.49999e+00
 2.49994e+00
 2.49994e+00
 2.49994e+00
 2.49994e+00
 2.49994e+00
 2.49974e+00
 2.49974e+00
 2.49974e+00
 2.49974e+00
 2.49974e+00
 2.49904e+00
 2.49904e+00
 2.49904e+00
 2.49904e+00
 2.49904e+00
 2.49692e+00
 2.49692e+00
 2.49692e+00
 2.49692e+00
 2.49692e+00
 2.49160e+00
 2.49160e+00
 2.49160e+00
 2.49160e+00
 2.49160e+00
part
         2
hexa8
 2.48063e+00
 2.48063e+00
 2.48063e+00
 2.48063e+00
 2.48063e+00
 2.46238e+00
 2.46238e+00
 2.46238e+00
 2.46238e+00
 2.46238e+00
 2.43752e+00
 2.43752e+00
 2.43752e+00
 2.43752e+00
 2.43752e+00
 2.40850e+00
 2.40850e+00
 2.40850e+00
 2.40850e+00
 2.40850e+00
 2.37756e+00
 2.37756e+00
 2.37756e+00
 2.37756e+00
 2.37756e+00
 2.34593e+00
 2.34593e+00
 2.34593e+00
 2.34593e+00
 2.34593e+00
 2.31417e+00
 2.31417e+00
 2.31417e+00
 2.31417e+00
 2.31417e+00
 2.28252e+00
 2.28252e+00
 2.28252e+00
 2.28252e+00
 2.28252e+00
 2.25108e+00
 2.25108e+00
 2.25108e+00
 2.25108e+00
 2.25108e+00
 2.21995e+00
 2.21995e+00
 2.21995e+00
 2.21995e+00
 2.21995e+00
 2.18926e+00
 2.18926e+00
 2.18926e+00
 2.18926e+00
 2.18926e+00
 2.15909e+00
 2.15909e+00
 2.15909e+00
 2.15909e+00
 2.15909e+00
 2.12949e+00
 2.12949e+00
 2.12949e+00
 2.12949e+00
 2.12949e+00
 2.10048e+00
 2.10048e+00
 2.10048e+00
 2.10048e+00
 2.10048e+00
 2.07209e+00
 2.07209e+00
 2.07209e+00
 2.07209e+00
 2.07209e+00
 2.04432e+00
 2.04432e+00
 2.04432e+00
 2.04432e+00
 2.04432e+00
 2.01718e+00
 2.01718e+00
 2.01718e+00
 2.01718e+00
 2.01718e+00
 1.99071e+00
 1.99071e+00
 1.99071e+00
 1.99071e+00
 1.99071e+00
 1.96496e+00
 1.96496e+00
 1.96496e+00
 1.96496e+00
 1.96496e+00
 1.94002e+00
 1.94002e+00
 1.94002e+00
 1.94002e+00
 1.94002e+00
 1.91602e+00
 1.91602e+00
 1.91602e+00
 1.91602e+00
 1.91602e+00
 1.89311e+00
 1.89311e+00
 1.89311e+00
 1.89311e+00
 1.89311e+00
 1.87150e+00
 1.87150e+00
 1.87150e+00
 1.87150e+00
 1.87150e+00
 1.85149e+00
 1.85149e+00
 1.85149e+00
 1.85149e+00
 1.85149e+00
 1.83341e+00
 1.83341e+00
 1.83341e+00
 1.83341e+00
 1.83341e+00
 2.48063e+00
 2.48063e+00
 2.48063e+00
 2.48063e+00
 2.48063e+00
 2.46238e+00
 2.46238e+00
 2.46238e+00
 2.46238e+00
 2.46238e+00
 2.43752e+00
 2.43752e+00
 2.43752e+00
 2.43752e+00
 2.43752e+00
 2.40850e+00
 2.40850e+00
 2.40850e+00
 2.40850e+00
 2.40850e+00
 2.37756e+00
 2.37756e+00
 2.37756e+00
 2.37756e+00
 2.37756e+00
 2.34593e+00
 2.34593e+00
 2.34593e+00
 2.34593e+00
 2.34593e+00
 2.31417e+00
 2.31417e+00
 2.31417e+00
 2.31417e+00
 2.31417e+00
 2.28252e+00
 2.28252e+00
 2.28252e+00
 2.28252e+00
 2.28252e+00
 2.25108e+00
 2.25108e+00
 2.25108e+00
 2.25108e+00
 2.25108e+00
 2.21995e+00
 2.21995e+00
 2.21995e+00
 2.21995e+00
 2.21995e+00
 2.18926e+00
 2.18926e+00
 2.18926e+00
 2.18926e+00
 2.18926e+00
 2.15909e+00
 2.15909e+00
 2.15909e+00
 2.15909e+00
 2.15909e+00
 2.12949e+00
 2.12949e+00
 2.12949e+00
 2.12949e+00
 2.12949e+00
 2.10048e+00
 2.10048e+00
 2.10048e+00
 2.10048e+00
 2.10048e+00
 2.07209e+00
 2.07209e+00
 2.07209e+00
 2.07209e+00
 2.07209e+00
 2.04432e+00
 2.04432e+00
 2.04432e+00
 2.04432e+00
 2.04432e+00
 2.01718e+00
 2.01718e+00
 2.01718e+00
 2.01718e+00
 2.01718e+00
 1.99071e+00
 1.99071e+00
 1.99071e+00
 1.99071e+00
 1.99071e+00
 1.96496e+00
 1.96496e+00
 1.96496e+00
 1.96496e+00
 1.96496e+00
 1.94002e+00
 1.94002e+00
 1.94002e+00
 1.94002e+00
 1.94002e+00
 1.91602e+00
 1.91602e+00
 1.91602e+00
 1.91602e+00
 1.91602e+00
 1.89311e+00
 1.89311e+00
 1.89311e+00
 1.89311e+00
 1.89311e+00
 1.87150e+00
 1.87150e+00
 1.87150e+00
 1.87150e+00
 1.87150e+00
 1.85149e+00
 1.85149e+00
 1.85149e+00
 1.85149e+00
 1.85149e+00
 1.83341e+00
 1.83341e+00
 1.83341e+00
 1.83341e+00
 1.83341e+00
 2.48063e+00
 2.48063e+00
 2.48063e+00
 2.48063e+00
 2.48063e+00
 2.46238e+00
 2.46238e+00
 2.46238e+00
 2.46238e+00
 2.46238e+00
 2.43752e+00
 2.43752e+00
 2.43752e+00
 2.43752e+00
 2.43752e+00
 2.40850e+00
 2.40850e+00
 2.40850e+00
 2.40850e+00
 2.40850e+00
 2.37756e+00
 2.37756e+00
 2.37756e+00
 2.37756e+00
 2.37756e+00
 2.34593e+00
 2.34593e+00
 2.34593e+00
 2.34593e+00
 2.34593e+00
 2.31417e+00
 2.31417e+00
 2.31417e+00
 2.31417e+00
 2.31417e+00
 2.28252e+00
 2.28252e+00
 2.28252e+00
 2.28252e+00
 2.28252e+00
 2.25108e+00
 2.25108e+00
 2.25108e+00
 2.25108e+00
 2.25108e+00
 2.21995e+00
 2.21995e+00
 2.21995e+00
 2.21995e+00
 2.21995e+00
 2.18926e+00
 2.18926e+00
 2.18926e+00
 2.18926e+00
 2.18926e+00
 2.15909e+00
 2.15909e+00
 2.15909e+00
 2.15909e+00
 2.15909e+00
 2.12949e+00
 2.12949e+00
 2.12949e+00
 2.12949e+00
 2.12949e+00
 2.10048e+00
 2.10048e+00
 2.10048e+00
 2.10048e+00
 2.10048e+00
 2.07209e+00
 2.07209e+00
 2.07209e+00
 2.07209e+00
 2.07209e+00
 2.04432e+00
 2.04432e+00
 2.04432e+00
 2.04432e+00
 2.04432e+00
 2.01718e+00
 2.01718e+00
 2.01718e+00
 2.01718e+00
 2.01718e+00
 1.99071e+00
 1.99071e+00
 1.99071e+00
 1.99071e+00
 1.99071e+00
 1.96496e+00
 1.96496e+00
 1.96496e+00
 1.96496e+00
 1.96496e+00
 1.94002e+00
 1.94002e+00
 1.94002e+00
 1.94002e+00
 1.94002e+00
 1.91602e+00
 1.91602e+00
 1.91602e+00
 1.91602e+00
 1.91602e+00
 1.89311e+00
 1.89311e+00
 1.89311e+00
 1.89311e+00
 1.89311e+00
 1.87150e+00
 1.87150e+00
 1.87150e+00
 1.87150e+00
 1.87150e+00
 1.85149e+00
 1.85149e+00
 1.85149e+00
 1.85149e+00
 1.85149e+00
 1.83341e+00
 1.83341e+00
 1.83341e+00
 1.83341e+00
 1.83341e+00
 2.48063e+00
 2.48063e+00
 2.48063e+00
 2.48063e+00
 2.48063e+00
 2.46238e+00
 2.46238e+00
 2.46238e+00
 2.46238e+00
 2.46238e+00
 2.43752e+00
 2.43752e+00
 2.43752e+00
 2.43752e+00
 2.43752e+00
 2.40850e+00
 2.40850e+00
 2.40850e+00
 2.40850e+00
 2.40850e+00
 2.37756e+00
 2.37756e+00
 2.37756e+00
 2.37756e+00
 2.37756e+00
 2.34593e+00
 2.34593e+00
 2.34593e+00
 2.34593e+00
 2.34593e+00
 2.31417e+00
 2.31417e+00
 2.31417e+00
 2.31417e+00
 2.31417e+00
 2.28252e+00
 2.28252e+00
 2.28252e+00
 2.28252e+00
 2.28252e+00
 2.25108e+00
 2.25108e+00
 2.25108e+00
 2.25108e+00
 2.25108e+00
 2.21995e+00
 2.21995e+00
 2.21995e+00
 2.21995e+00
 2.21995e+00
 2.18926e+00
 2.18926e+00
 2.18926e+00
 2.18926e+00
 2.18926e+00
 2.15909e+00
 2.15909e+00
 2.15909e+00
 2.15909e+00
 2.15909e+00
 2.12949e+00
 2.12949e+00
 2.12949e+00
 2.12949e+00
 2.12949e+00
 2.10048e+00
 2.10048e+00
 2.10048e+00
 2.10048e+00
 2.10048e+00
 2.07209e+00
 2.07209e+00
 2.07209e+00
 2.07209e+00
 2.07209e+00
 2.04432e+00
 2.04432e+00
 2.04432e+00
 2.04432e+00
 2.04432e+00
 2.01718e+00
 2.01718e+00
 2.01718e+00
 2.01718e+00
 2.01718e+00
 1.99071e+00
 1.99071e+00
 1.99071e+00
 1.99071e+00
 1.99071e+00
 1.96496e+00
 1.96496e+00
 1.96496e+00
 1.96496e+00
 1.96496e+00
 1.94002e+00
 1.94002e+00
 1.94002e+00
 1.94002e+00
 1.94002e+00
 1.91602e+00
 1.91602e+00
 1.91602e+00
 1.91602e+00
 1.91602e+00
 1.89311e+00
 1.89311e+00
 1.89311e+00
 1.89311e+00
 1.89311e+00
 1.87150e+00
 1.87150e+00
 1.87150e+00
 1.87150e+00
 1.87150e+00
 1.85149e+00
 1.85149e+00
 1.85149e+00
 1.85149e+00
 1.85149e+00
 1.83341e+00
 1.83341e+00
 1.83341e+00
 1.83341e+00
 1.83341e+00
 2.48063e+00
 2.48063e+00
 2.48063e+00
 2.48063e+00
 2.48063e+00
 2.46238e+00
 2.46238e+00
 2.46238e+00
 2.46238e+00
 2.46238e+00
 2.43752e+00
 2.43752e+00
 2.43752e+00
 2.43752e+00
 2.43752e+00
 2.40850e+00
 2.40850e+00
 2.40850e+00
 2.40850e+00
 2.40850e+00
 2.37756e+00
 2.37756e+00
 2.37756e+00
 2.37756e+00
 2.37756e+00
 2.34593e+00
 2.34593e+00
 2.34593e+00
 2.34593e+00
 2.34593e+00
 2.31417e+00
 2.31417e+00
 2.31417e+00
 2.31417e+00
 2.31417e+00
 2.28252e+00
 2.28252e+00
 2.28252e+00
 2.28252e+00
 2.28252e+00
 2.25108e+00
 2.25108e+00
 2.25108e+00
 2.25108e+00
 2.25108e+00
 2.21995e+00
 2.21995e+00
 2.21995e+00
 2.21995e+00
 2.21995e+00
 2.18926e+00
 2.18926e+00
 2.18926e+00
 2.18926e+00
 2.18926e+00
 2.15909e+00
 2.15909e+00
 2.15909e+00
 2.15909e+00
 2.15909e+00
 2.12949e+00
 2.12949e+00
 2.12949e+00
 2.12949e+00
 2.12949e+00
 2.10048e+00
 2.10048e+00
 2.10048e+00
 2.10048e+00
 2.10048e+00
 2.07209e+00
 2.07209e+00
 2.07209e+00
 2.07209e+00
 2.07209e+00
 2.04432e+00
 2.04432e+00
 2.04432e+00
 2.04432e+00
 2.04432e+00
 2.01718e+00
 2.01718e+00
 2.01718e+00
 2.01718e+00
 2.01718e+00
 1.99071e+00
 1.99071e+00
 1.99071e+00
 1.99071e+00
 1.99071e+00
 1.96496e+00
 1.96496e+00
 1.96496e+00
 1.96496e+00
 1.96496e+00
 1.94002e+00
 1.94002e+00
 1.94002e+00
 1.94002e+00
 1.94002e+00
 1.91602e+00
 1.91602e+00
 1.91602e+00
 1.91602e+00
 1.91602e+00
 1.89311e+00
 1.89311e+00
 1.89311e+00
 1.89311e+00
 1.89311e+00
 1.87150e+00
 1.87150e+00
 1.87150e+00
 1.87150e+00
 1.87150e+00
 1.85149e+00
 1.85149e+00
 1.85149e+00
 1.85149e+00
 1.85149e+00
 1.83341e+00
 1.83341e+00
 1.83341e+00
 1.83341e+00
 1.83341e+00
part
         3
hexa8
 1.81764e+00
 1.81764e+00
 1.81764e+00
 1.81764e+00
 1.81764e+00
 1.80453e+00
 1.80453e+00
 1.80453e+00
 1.80453e+00
 1.80453e+00
 1.79434e+00
 1.79434e+00
 1.79434e+00
 1.79434e+00
 1.79434e+00
 1.78712e+00
 1.78712e+00
 1.78712e+00
 1.78712e+00
 1.78712e+00
 1.78264e+00
 1.78264e+00
 1.78264e+00
 1.78264e+00
 1.78264e+00
 1.78044e+00
 1.78044e+00
 1.78044e+00
 1.78044e+00
 1.78044e+00
 1.77992e+00
 1.77992e+00
 1.77992e+00
 1.77992e+00
 1.77992e+00
 1.78044e+00
 1.78044e+00
 1.78044e+00
 1.78044e+00
 1.78044e+00
 1.78162e+00
 1.78162e+00
 1.78162e+00
 1.78162e+00
 1.78162e+00
 1.78344e+00
 1.78344e+00
 1.78344e+00
 1.78344e+00
 1.78344e+00
 1.78608e+00
 1.78608e+00
 1.78608e+00
 1.78608e+00
 1.78608e+00
 1.79004e+00
 1.79004e+00
 1.79004e+00
 1.79004e+00
 1.79004e+00
 1.79681e+00
 1.79681e+00
 1.79681e+00
 1.79681e+00
 1.79681e+00
 1.80912e+00
 1.80912e+00
 1.80912e+00
 1.80912e+00
 1.80912e+00
 1.83159e+00
 1.83159e+00
 1.83159e+00
 1.83159e+00
 1.83159e+00
 1.87216e+00
 1.87216e+00
 1.87216e+00
 1.87216e+00
 1.87216e+00
 1.94338e+00
 1.94338e+00
 1.94338e+00
 1.94338e+00
 1.94338e+00
 2.06532e+00
 2.06532e+00
 2.06532e+00
 2.06532e+00
 2.06532e+00
 2.26772e+00
 2.26772e+00
 2.26772e+00
 2.26772e+00
 2.26772e+00
 2.51681e+00
 2.51681e+00
 2.51681e+00
 2.51681e+00
 2.51681e+00
 2.70272e+00
 2.70272e+00
 2.70272e+00
 2.70272e+00
 2.70272e+00
 2.81137e+00
 2.81137e+00
 2.81137e+00
 2.81137e+00
 2.81137e+00
 2.86233e+00
 2.86233e+00
 2.86233e+00
 2.86233e+00
 2.86233e+00
 2.88032e+00
 2.88032e+00
 2.88032e+00
 2.88032e+00
 2.88032e+00
 2.88289e+00
 2.88289e+00
 2.88289e+00
 2.88289e+00
 2.88289e+00
 1.81764e+00
 1.81764e+00
 1.81764e+00
 1.81764e+00
 1.81764e+00
 1.80453e+00
 1.80453e+00
 1.80453e+00
 1.80453e+00
 1.80453e+00
 1.79434e+00
 1.79434e+00
 1.79434e+00
 1.79434e+00
 1.79434e+00
 1.78712e+00
 1.78712e+00
 1.78712e+00
 1.78712e+00
 1.78712e+00
 1.78264e+00
 1.78264e+00
 1.78264e+00
 1.78264e+00
 1.78264e+00
 1.78044e+00
 1.78044e+00
 1.78044e+00
 1.78044e+00
 1.78044e+00
 1.77992e+00
 1.77992e+00
 1.77992e+00
 1.77992e+00
 1.77992e+00
 1.78044e+00
 1.78044e+00
 1.78044e+00
 1.78044e+00
 1.78044e+00
 1.78162e+00
 1.78162e+00
 1.78162e+00
 1.78162e+00
 1.78162e+00
 1.78344e+00
 1.78344e+00
 1.78344e+00
 1.78344e+00
 1.78344e+00
 1.78608e+00
 1.78608e+00
 1.78608e+00
 1.78608e+00
 1.78608e+00
 1.79004e+00
 1.79004e+00
 1.79004e+00
 1.79004e+00
 1.79004e+00
 1.79681e+00
 1.79681e+00
 1.79681e+00
 1.79681e+00
 1.79681e+00
 1.80912e+00
 1.80912e+00
 1.80912e+00
 1.80912e+00
 1.80912e+00
 1.83159e+00
 1.83159e+00
 1.83159e+00
 1.83159e+00
 1.83159e+00
 1.87216e+00
 1.87216e+00
 1.87216e+00
 1.87216e+00
 1.87216e+00
 1.94338e+00
 1.94338e+00
 1.94338e+00
 1.94338e+00
 1.94338e+00
 2.06532e+00
 2.06532e+00
 2.06532e+00
 2.06532e+00
 2.06532e+00
 2.26772e+00
 2.26772e+00
 2.26772e+00
 2.26772e+00
 2.26772e+00
 2.51681e+00
 2.51681e+00
 2.51681e+00
 2.51681e+00
 2.51681e+00
 2.70272e+00
 2.70272e+00
 2.70272e+00
 2.70272e+00
 2.70272e+00
 2.81137e+00
 2.81137e+00
 2.81137e+00
 2.81137e+00
 2.81137e+00
 2.86233e+00
 2.86233e+00
 2.86233e+00
 2.86233e+00
 2.86233e+00
 2.88032e+00
 2.88032e+00
 2.88032e+00
 2.88032e+00
 2.88032e+00
 2.88289e+00
 2.88289e+00
 2.88289e+00
 2.88289e+00
 2.88289e+00
 1.81764e+00
 1.81764e+00
 1.81764e+00
 1.81764e+00
 1.81764e+00
 1.80453e+00
 1.80453e+00
 1.80453e+00
 1.80453e+00
 1.80453e+00
 1.79434e+00
 1.79434e+00
 1.79434e+00
 1.79434e+00
 1.79434e+00
 1.78712e+00
 1.78712e+00
 1.78712e+00
 1.78712e+00
 1.78712e+00
 1.78264e+00
 1.78264e+00
 1.78264e+00
 1.78264e+00
 1.78264e+00
 1.78044e+00
 1.78044e+00
 1.78044e+00
 1.78044e+00
 1.78044e+00
 1.77992e+00
 1.77992e+00
 1.77992e+00
 1.77992e+00
 1.77992e+00
 1.78044e+00
 1.78044e+00
 1.78044e+00
 1.78044e+00
 1.78044e+00
 1.78162e+00
 1.78162e+00
 1.78162e+00
 1.78162e+00
 1.78162e+00
 1.78344e+00
 1.78344e+00
 1.78344e+00
 1.78344e+00
 1.78344e+00
 1.78608e+00
 1.78608e+00
 1.78608e+00
 1.78608e+00
 1.78608e+00
 1.79004e+00
 1.79004e+00
 1.79004e+00
 1.79004e+00
 1.79004e+00
 1.79681e+00
 1.79681e+00
 1.79681e+00
 1.79681e+00
 1.79681e+00
 1.80912e+00
 1.80912e+00
 1.80912e+00
 1.80912e+00
 1.80912e+00
 1.83159e+00
 1.83159e+00
 1.83159e+00
 1.83159e+00
 1.83159e+00
 1.87216e+00
 1.87216e+00
 1.87216e+00
 1.87216e+00
 1.87216e+00
 1.94338e+00
 1.94338e+00
 1.94338e+00
 1.94338e+00
 1.94338e+00
 2.06532e+00
 2.06532e+00
 2.06532e+00
 2.06532e+00
 2.06532e+00
 2.26772e+00
 2.26772e+00
 2.26772e+00
 2.26772e+00
 2.26772e+00
 2.51681e+00
 2.51681e+00
 2.51681e+00
 2.51681e+00
 2.51681e+00
 2.70272e+00
 2.70272e+00
 2.70272e+00
 2.70272e+00
 2.70272e+00
 2.81137e+00
 2.81137e+00
 2.81137e+00
 2.81137e+00
 2.81137e+00
 2.86233e+00
 2.86233e+00
 2.86233e+00
 2.86233e+00
 2.86233e+00
 2.88032e+00
 2.88032e+00
 2.88032e+00
 2.88032e+00
 2.88032e+00
 2.88289e+00
 2.88289e+00
 2.88289e+00
 2.88289e+00
 2.88289e+00
 1.81764e+00
 1.81764e+00
 1.81764e+00
 1.81764e+00
 1.81764e+00
 1.80453e+00
 1.80453e+00
 1.80453e+00
 1.80453e+00
 1.80453e+00
 1.79434e+00
 1.79434e+00
 1.79434e+00
 1.79434e+00
 1.79434e+00
 1.78712e+00
 1.78712e+00
 1.78712e+00
 1.78712e+00
 1.78712e+00
 1.78264e+00
 1.78264e+00
 1.78264e+00
 1.78264e+00
 1.78264e+00
 1.78044e+00
 1.78044e+00
 1.78044e+00
 1.78044e+00
 1.78044e+00
 1.77992e+00
 1.77992e+00
 1.77992e+00
 1.77992e+00
 1.77992e+00
 1.78044e+00
 1.78044e+00
 1.78044e+00
 1.78044e+00
 1.78044e+00
 1.78162e+00
 1.78162e+00
 1.78162e+00
 1.78162e+00
 1.78162e+00
 1.78344e+00
 1.78344e+00
 1.78344e+00
 1.78344e+00
 1.78344e+00
 1.78608e+00
 1.78608e+00
 1.78608e+00
 1.78608e+00
 1.78608e+00
 1.79004e+00
 1.79004e+00
 1.79004e+00
 1.79004e+00
 1.79004e+00
 1.79681e+00
 1.79681e+00
 1.79681e+00
 1.79681e+00
 1.79681e+00
 1.80912e+00
 1.80912e+00
 1.80912e+00
 1.80912e+00
 1.80912e+00
 1.83159e+00
 1.83159e+00
 1.83159e+00
 1.83159e+00
 1.83159e+00
 1.87216e+00
 1.87216e+00
 1.87216e+00
 1.87216e+00
 1.87216e+00
 1.94338e+00
 1.94338e+00
 1.94338e+00
 1.94338e+00
 1.94338e+00
 2.06532e+00
 2.06532e+00
 2.06532e+00
 2.06532e+00
 2.06532e+00
 2.26772e+00
 2.26772e+00
 2.26772e+00
 2.26772e+00
 2.26772e+00
 2.51681e+00
 2.51681e+00
 2.51681e+00
 2.51681e+00
 2.51681e+00
 2.70272e+00
 2.70272e+00
 2.70272e+00
 2.70272e+00
 2.70272e+00
 2.81137e+00
 2.81137e+00
 2.81137e+00
 2.81137e+00
 2.81137e+00
 2.86233e+00
 2.86233e+00
 2.86233e+00
 2.86233e+00
 2.86233e+00
 2.88032e+00
 2.88032e+00
 2.88032e+00
 2.88032e+00
 2.88032e+00
 2.88289e+00
 2.88289e+00
 2.88289e+00
 2.88289e+00
 2.88289e+00
 1.81764e+00
 1.81764e+00
 1.81764e+00
 1.81764e+00
 1.81764e+00
 1.80453e+00
 1.80453e+00
 1.80453e+00
 1.80453e+00
 1.80453e+00
 1.79434e+00
 1.79434e+00
 1.79434e+00
 1.79434e+00
 1.79434e+00
 1.78712e+00
 1.78712e+00
 1.78712e+00
 1.78712e+00
 1.78712e+00
 1.78264e+00
 1.78264e+00
 1.78264e+00
 1.78264e+00
 1.78264e+00
 1.78044e+00
 1.78044e+00
 1.78044e+00
 1.78044e+00
 1.78044e+00
 1.77992e+00
 1.77992e+00
 1.77992e+00
 1.77992e+00
 1.77992e+00
 1.78044e+00
 1.78044e+00
 1.78044e+00
 1.78044e+00
 1.78044e+00
 1.78162e+00
 1.78162e+00
 1.78162e+00
 1.78162e+00
 1.78162e+00
 1.78344e+00
 1.78344e+00
 1.78344e+00
 1.78344e+00
 1.78344e+00
 1.78608e+00
 1.78608e+00
 1.78608e+00
 1.78608e+00
 1.78608e+00
 1.79004e+00
 1.79004e+00
 1.79004e+00
 1.79004e+00
 1.79004e+00
 1.79681e+00
 1.79681e+00
 1.79681e+00
 1.79681e+00
 1.79681e+00
 1.80912e+00
 1.80912e+00
 1.80912e+00
 1.80912e+00
 1.80912e+00
 1.83159e+00
 1.83159e+00
 1.83159e+00
 1.83159e+00
 1.83159e+00
 1.87216e+00
 1.87216e+00
 1.87216e+00
 1.87216e+00
 1.87216e+00
 1.94338e+00
 1.94338e+00
 1.94338e+00
 1.94338e+00
 1.94338e+00
 2.06532e+00
 2.06532e+00
 2.06532e+00
 2.06532e+00
 2.06532e+00
 2.26772e+00
 2.26772e+00
 2.26772e+00
 2.26772e+00
 2.26772e+00
 2.51681e+00
 2.51681e+00
 2.51681e+00
 2.51681e+00
 2.51681e+00
 2.70272e+00
 2.70272e+00
 2.70272e+00
 2.70272e+00
 2.70272e+00
 2.81137e+00
 2.81137e+00
 2.81137e+00
 2.81137e+00
 2.81137e+00
 2.86233e+00
 2.86233e+00
 2.86233e+00
 2.86233e+00
 2.86233e+00
 2.88032e+00
 2.88032e+00
 2.88032e+00
 2.88032e+00
 2.88032e+00
 2.88289e+00
 2.88289e+00
 2.88289e+00
 2.88289e+00
 2.88289e+00
part
         4
hexa8
 2.87953e+00
 2.87953e+00
 2.87953e+00
 2.87953e+00
 2.87953e+00
 2.87438e+00
 2.87438e+00
 2.87438e+00
 2.87438e+00
 2.87438e+00
 2.86872e+00
 2.86872e+00
 2.86872e+00
 2.86872e+00
 2.86872e+00
 2.86225e+00
 2.86225e+00
 2.86225e+00
 2.86225e+00
 2.86225e+00
 2.85344e+00
 2.85344e+00
 2.85344e+00
 2.85344e+00
 2.85344e+00
 2.83933e+00
 2.83933e+00
 2.83933e+00
 2.83933e+00
 2.83933e+00
 2.81492e+00
 2.81492e+00
 2.81492e+00
 2.81492e+00
 2.81492e+00
 2.77263e+00
 2.77263e+00
 2.77263e+00
 2.77263e+00
 2.77263e+00
 2.70265e+00
 2.70265e+00
 2.70265e+00
 2.70265e+00
 2.70265e+00
 2.59658e+00
 2.59658e+00
 2.59658e+00
 2.59658e+00
 2.59658e+00
 2.45508e+00
 2.45508e+00
 2.45508e+00
 2.45508e+00
 2.45508e+00
 2.29594e+00
 2.29594e+00
 2.29594e+00
 2.29594e+00
 2.29594e+00
 2.15582e+00
 2.15582e+00
 2.15582e+00
 2.15582e+00
 2.15582e+00
 2.06462e+00
 2.06462e+00
 2.06462e+00
 2.06462e+00
 2.06462e+00
 2.02106e+00
 2.02106e+00
 2.02106e+00
 2.02106e+00
 2.02106e+00
 2.00578e+00
 2.00578e+00
 2.00578e+00
 2.00578e+00
 2.00578e+00
 2.00146e+00
 2.00146e+00
 2.00146e+00
 2.00146e+00
 2.00146e+00
 2.00036e+00
 2.00036e+00
 2.00036e+00
 2.00036e+00
 2.00036e+00
 2.00009e+00
 2.00009e+00
 2.00009e+00
 2.00009e+00
 2.00009e+00
 2.00002e+00
 2.00002e+00
 2.00002e+00
 2.00002e+00
 2.00002e+00
 2.00000e+00
 2.00000e+00
 2.00000e+00
 2.00000e+00
 2.00000e+00
 2.00000e+00
 2.00000e+00
 2.00000e+00
 2.00000e+00
 2.00000e+00
 2.00000e+00
 2.00000e+00
 2.00000e+00
 2.00000e+00
 2.00000e+00
 2.00000e+00
 2.00000e+00
 2.00000e+00
 2.00000e+00
 2.00000e+00
 2.00000e+00
 2.00000e+00
 2.00000e+00
 2.00000e+00
 2.00000e+00
 2.87953e+00
 2.87953e+00
 2.87953e+00
 2.87953e+00
 2.87953e+00
 2.87438e+00
 2.87438e+00
 2.87438e+00
 2.87438e+00
 2.87438e+00
 2.86872e+00
 2.86872e+00
 2.86872e+00
 2.86872e+00
 2.86872e+00
 2.86225e+00
 2.86225e+00
 2.86225e+00
 2.86225e+00
 2.86225e+00
 2.85344e+00
 2.85344e+00
 2.85344e+00
 2.85344e+00
 2.85344e+00
 2.83933e+00
 2.83933e+00
 2.83933e+00
 2.83933e+00
 2.83933e+00
 2.81492e+00
 2.81492e+00
 2.81492e+00
 2.81492e+00
 2.81492e+00
 2.77263e+00
 2.77263e+00
 2.77263e+00
 2.77263e+00
 2.77263e+00
 2.70265e+00
 2.70265e+00
 2.70265e+00
 2.70265e+00
 2.70265e+00
 2.59658e+00
 2.59658e+00
 2.59658e+00
 2.59658e+00
 2.59658e+00
 2.45508e+00
 2.45508e+00
 2.45508e+00
 2.45508e+00
 2.45508e+00
 2.29594e+00
 2.29594e+00
 2.29594e+00
 2.29594e+00
 2.29594e+00
 2.15582e+00
 2.15582e+00
 2.15582e+00
 2.15582e+00
 2.15582e+00
 2.06462e+00
 2.06462e+00
 2.06462e+00
 2.06462e+00
 2.06462e+00
 2.02106e+00
 2.02106e+00
 2.02106e+00
 2.02106e+00
 2.02106e+00
 2.00578e+00
 2.00578e+00
 2.00578e+00
 2.00578e+00
 2.00578e+00
 2.00146e+00
 2.00146e+00
 2.00146e+00
 2.00146e+00
 2.00146e+00
 2.00036e+00
 2.00036e+00
 2.00036e+00
 2.00036e+00
 2.00036e+00
 2.00009e+00
 2.00009e+00
 2.00009e+00
 2.00009e+00
 2.00009e+00
 2.00002e+00
 2.00002e+00
 2.00002e+00
 2.00002e+00
 2.00002e+00
 2.00000e+00
 2.00000e+00
 2.00000e+00
 2.00000e+00
 2.00000e+00
 2.00000e+00
 2.00000e+00
 2.00000e+00
 2.00000e+00
 2.00000e+00
 2.00000e+00
 2.00000e+00
 2.00000e+00
 2.00000e+00
 2.00000e+00
 2.00000e+00
 2.00000e+00
 2.00000e+00
 2.00000e+00
 2.00000e+00
 2.00000e+00
 2.00000e+00
 2.00000e+00
 2.00000e+00
 2.00000e+00
 2.87953e+00
 2.87953e+00
 2.87953e+00
 2.87953e+00
 2.87953e+00
 2.87438e+00
 2.87438e+00
 2.87438e+00
 2.87438e+00
 2.87438e+00
 2.86872e+00
 2.86872e+00
 2.86872e+00
 2.86872e+00
 2.86872e+00
 2.86225e+00
 2.86225e+00
 2.86225e+00
 2.86225e+00
 2.86225e+00
 2.85344e+00
 2.85344e+00
 2.85344e+00
 2.85344e+00
 2.85344e+00
 2.83933e+00
 2.83933e+00
 2.83933e+00
 2.83933e+00
 2.83933e+00
 2.81492e+00
 2.81492e+00
 2.81492e+00
 2.81492e+00
 2.81492e+00
 2.77263e+00
 2.77263e+00
 2.77263e+00
 2.77263e+00
 2.77263e+00
 2.70265e+00
 2.70265e+00
 2.70265e+00
 2.70265e+00
 2.70265e+00
 2.59658e+00
 2.59658e+00
 2.59658e+00
 2.59658e+00
 2.59658e+00
 2.45508e+00
 2.45508e+00
 2.45508e+00
 2.45508e+00
 2.45508e+00
 2.29594e+00
 2.29594e+00
 2.29594e+00
 2.29594e+00
 2.29594e+00
 2.15582e+00
 2.15582e+00
 2.15582e+00
 2.15582e+00
 2.15582e+00
 2.06462e+00
 2.06462e+00
 2.06462e+00
 2.06462e+00
 2.06462e+00
 2.02106e+00
 2.02106e+00
 2.02106e+00
 2.02106e+00
 2.02106e+00
 2.00578e+00
 2.00578e+00
 2.00578e+00
 2.00578e+00
 2.00578e+00
 2.00146e+00
 2.00146e+00
 2.00146e+00
 2.00146e+00
 2.00146e+00
 2.00036e+00
 2.00036e+00
 2.00036e+00
 2.00036e+00
 2.00036e+00
 2.00009e+00
 2.00009e+00
 2.00009e+00
 2.00009e+00
 2.00009e+00
 2.00002e+00
 2.00002e+00
 2.00002e+00
 2.00002e+00
 2.00002e+00
 2.00000e+00
 2.00000e+00
 2.00000e+00
 2.00000e+00
 2.00000e+00
 2.00000e+00
 2.00000e+00
 2.00000e+00
 2.00000e+00
 2.00000e+00
 2.00000e+00
 2.00000e+00
 2.00000e+00
 2.00000e+00
 2.00000e+00
 2.00000e+00
 2.00000e+00
 2.00000e+00
 2.00000e+00
 2.00000e+00
 2.00000e+00
 2.00000e+00
 2.00000e+00
 2.00000e+00
 2.00000e+00
 2.87953e+00
 2.87953e+00
 2.87953e+00
 2.87953e+00
 2.87953e+00
 2.87438e+00
 2.87438e+00
 2.87438e+00
 2.87438e+00
 2.87438e+00
 2.86872e+00
 2.86872e+00
 2.86872e+00
 2.86872e+00
 2.86872e+00
 2.86225e+00
 2.86225e+00
 2.86225e+00
 2.86225e+00
 2.86225e+00
 2.85344e+00
 2.85344e+00
 2.85344e+00
 2.85344e+00
 2.85344e+00
 2.83933e+00
 2.83933e+00
 2.83933e+00
 2.83933e+00
 2.83933e+00
 2.81492e+00
 2.81492e+00
 2.81492e+00
 2.81492e+00
 2.81492e+00
 2.77263e+00
 2.77263e+00
 2.77263e+00
 2.77263e+00
 2.77263e+00
 2.70265e+00
 2.70265e+00
 2.70265e+00
 2.70265e+00
 2.70265e+00
 2.59658e+00
 2.59658e+00
 2.59658e+00
 2.59658e+00
 2.59658e+00
 2.45508e+00
 2.45508e+00
 2.45508e+00
 2.45508e+00
 2.45508e+00
 2.29594e+00
 2.29594e+00
 2.29594e+00
 2.29594e+00
 2.29594e+00
 2.15582e+00
 2.15582e+00
 2.15582e+00
 2.15582e+00
 2.15582e+00
 2.06462e+00
 2.06462e+00
 2.06462e+00
 2.06462e+00
 2.06462e+00
 2.02106e+00
 2.02106e+00
 2.02106e+00
 2.02106e+00
 2.02106e+00
 2.00578e+00
 2.00578e+00
 2.00578e+00
 2.00578e+00
 2.00578e+00
 2.00146e+00
 2.00146e+00
 2.00146e+00
 2.00146e+00
 2.00146e+00
 2.00036e+00
 2.00036e+00
 2.00036e+00
 2.00036e+00
 2.00036e+00
 2.00009e+00
 2.00009e+00
 2.00009e+00
 2.00009e+00
 2.00009e+00
 2.00002e+00
 2.00002e+00
 2.00002e+00
 2.00002e+00
 2.00002e+00
 2.00000e+00
 2.00000e+00
 2.00000e+00
 2.00000e+00
 2.00000e+00
 2.00000e+00
 2.00000e+00
 2.00000e+00
 2.00000e+00
 2.00000e+00
 2.00000e+00
 2.00000e+00
 2.00000e+00
 2.00000e+00
 2.00000e+00
 2.00000e+00
 2.00000e+00
 2.00000e+00
 2.00000e+00
 2.00000e+00
 2.00000e+00
 2.00000e+00
 2.00000e+00
 2.00000e+00
 2.00000e+00
 2.87953e+00
 2.87953e+00
 2.87953e+00
 2.87953e+00
 2.87953e+00
 2.87438e+00
 2.87438e+00
 2.87438e+00
 2.87438e+00
 2.87438e+00
 2.86872e+00
 2.86872e+00
 2.86872e+00
 2.86872e+00
 2.86872e+00
 2.86225e+00
 2.86225e+00
 2.86225e+00
 2.86225e+00
 2.86225e+00
 2.85344e+00
 2.85344e+00
 2.85344e+00
 2.85344e+00
 2.85344e+00
 2.83933e+00
 2.83933e+00
 2.83933e+00
 2.83933e+00
 2.83933e+00
 2.81492e+00
 2.81492e+00
 2.81492e+00
 2.81492e+00
 2.81492e+00
 2.77263e+00
 2.77263e+00
 2.77263e+00
 2.77263e+00
 2.77263e+00
 2.70265e+00
 2.70265e+00
 2.70265e+00
 2.70265e+00
 2.70265e+00
 2.59658e+00
 2.59658e+00
 2.59658e+00
 2.59658e+00
 2.59658e+00
 2.45508e+00
 2.45508e+00
 2.45508e+00
 2.45508e+00
 2.45508e+00
 2.29594e+00
 2.29594e+00
 2.29594e+00
 2.29594e+00
 2.29594e+00
 2.15582e+00
 2.15582e+00
 2.15582e+00
 2.15582e+00
 2.15582e+00
 2.06462e+00
 2.06462e+00
 2.06462e+00
 2.06462e+00
 2.06462e+00
 2.02106e+00
 2.02106e+00
 2.02106e+00
 2.02106e+00
 2.02106e+00
 2.00578e+00
 2.00578e+00
 2.00578e+00
 2.00578e+00
 2.00578e+00
 2.00146e+00
 2.00146e+00
 2.00146e+00
 2.00146e+00
 2.00146e+00
 2.00036e+00
 2.00036e+00
 2.00036e+00
 2.00036e+00
 2.00036e+00
 2.00009e+00
 2.00009e+00
 2.00009e+00
 2.00009e+00
 2.00009e+00
 2.00002e+00
 2.00002e+00
 2.00002e+00
 2.00002e+00
 2.00002e+00
 2.00000e+00
 2.00000e+00
 2.00000e+00
 2.00000e+00
 2.00000e+00
 2.00000e+00
 2.00000e+00
 2.00000e+00
 2.00000e+00
 2.00000e+00
 2.00000e+00
 2.00000e+00
 2.00000e+00
 2.00000e+00
 2.00000e+00
 2.00000e+00
 2.00000e+00
 2.00000e+00
 2.00000e+00
 2.00000e+00
 2.00000e+00
 2.00000e+00
 2.00000e+00
 2.00000e+00
 2.00000e+00
