PseudoViscosity
part
         1
hexa8
 1.93825e-15
 9.69127e-16
 9.69127e-16
 1.93825e-15
 3.89361e-31
 0.00000e+00
 0.00000e+00
 8.21913e-32
 1.93825e-15
 6.23438e-32
 0.00000e+00
 5.60389e-32
 9.69127e-16
 9.69127e-16
 0.00000e+00
 2.23658e-31
 0.00000e+00
 3.33207e-32
 8.40584e-32
 0.00000e+00
 0.00000e+00
 1.61940e-31
 1.21023e-31
 9.69127e-16
 0.00000e+00
 8.18716e-32
 9.69127e-16
 9.69127e-16
 1.93825e-15
 0.00000e+00
 5.05064e-31
 0.00000e+00
 0.00000e+00
 0.00000e+00
 0.00000e+00
 1.93825e-15
 7.47763e-31
 0.00000e+00
 0.00000e+00
 0.00000e+00
 0.00000e+00
 0.00000e+00
 0.00000e+00
 0.00000e+00
 0.00000e+00
 0.00000e+00
 0.00000e+00
 0.00000e+00
 0.00000e+00
 0.00000e+00
 0.00000e+00
 0.00000e+00
 0.00000e+00
 0.00000e+00
 0.00000e+00
 0.00000e+00
 0.00000e+00
 0.00000e+00
 0.00000e+00
 0.00000e+00
 0.00000e+00
 0.00000e+00
 0.00000e+00
 0.00000e+00
 0.00000e+00
 0.00000e+00
 0.00000e+00
 0.00000e+00
 0.00000e+00
 0.00000e+00
 0.00000e+00
 0.00000e+00
 0.00000e+00
 0.00000e+00
 0.00000e+00
 0.00000e+00
 0.00000e+00
 0.00000e+00
 0.00000e+00
 0.00000e+00
 0.00000e+00
 0.00000e+00
 0.00000e+00
 0.00000e+00
 0.00000e+00
 0.00000e+00
 0.00000e+00
 0.00000e+00
 0.00000e+00
 0.00000e+00
 0.00000e+00
 0.00000e+00
 0.00000e+00
 0.00000e+00
 0.00000e+00
 0.00000e+00
 0.00000e+00
 0.00000e+00
 0.00000e+00
 0.00000e+00
 0.00000e+00
 0.00000e+00
 0.00000e+00
 0.00000e+00
 0.00000e+00
 0.00000e+00
 0.00000e+00
 0.00000e+00
 0.00000e+00
 0.00000e+00
 0.00000e+00
 0.00000e+00
 0.00000e+00
 0.00000e+00
 0.00000e+00
 0.00000e+00
 0.00000e+00
 0.00000e+00
 0.00000e+00
 0.00000e+00
 0.00000e+00
 0.00000e+00
 0.00000e+00
 0.00000e+00
 0.00000e+00
 9.69127e-16
 9.69127e-16
 3.59007e-32
 2.63107e-31
 8.40584e-32
 0.00000e+00
 3.36411e-31
 0.00000e+00
 2.37475e-31
 0.00000e+00
 1.61150e-31
 1.93825e-15
 9.69127e-16
 8.17594e-32
 2.90738e-15
 1.93825e-15
 1.47864e-31
 4.07043e-32
 5.14018e-31
 1.36975e-30
 3.11573e-31
 3.78777e-31
 2.90738e-15
 1.93825e-15
 2.90738e-15
 1.93825e-15
 1.15806e-31
 4.15355e-32
 1.75076e-30
 1.16015e-30
 0.00000e+00
 3.15369e-31
 4.62842e-32
 2.90738e-15
 3.97085e-31
 0.00000e+00
 9.69127e-16
 1.96638e-31
 3.81555e-31
 0.00000e+00
 0.00000e+00
 3.77296e-32
 1.37587e-32
 9.69127e-16
 3.91430e-31
 0.00000e+00
 0.00000e+00
 0.00000e+00
 4.55572e-31
 0.00000e+00
 0.00000e+00
 0.00000e+00
 0.00000e+00
 0.00000e+00
 0.00000e+00
 0.00000e+00
 0.00000e+00
 0.00000e+00
 0.00000e+00
 0.00000e+00
 0.00000e+00
 0.00000e+00
 0.00000e+00
 0.00000e+00
 0.00000e+00
 0.00000e+00
 0.00000e+00
 0.00000e+00
 0.00000e+00
 0.00000e+00
 0.00000e+00
 0.00000e+00
 0.00000e+00
 0.00000e+00
 0.00000e+00
 0.00000e+00
 0.00000e+00
 0.00000e+00
 0.00000e+00
 0.00000e+00
 0.00000e+00
 0.00000e+00
 0.00000e+00
 0.00000e+00
 0.00000e+00
 0.00000e+00
 0.00000e+00
 0.00000e+00
 0.00000e+00
 0.00000e+00
 0.00000e+00
 0.00000e+00
 0.00000e+00
 0.00000e+00
 0.00000e+00
 0.00000e+00
 0.00000e+00
 0.00000e+00
 0.00000e+00
 0.00000e+00
 0.00000e+00
 0.00000e+00
 0.00000e+00
 0.00000e+00
 0.00000e+00
 0.00000e+00
 0.00000e+00
 0.00000e+00
 0.00000e+00
 0.00000e+00
 0.00000e+00
 0.00000e+00
 0.00000e+00
 0.00000e+00
 0.00000e+00
 0.00000e+00
 0.00000e+00
 0.00000e+00
 0.00000e+00
 0.00000e+00
 0.00000e+00
 0.00000e+00
 0.00000e+00
 0.00000e+00
 0.00000e+00
 0.00000e+00
 0.00000e+00
 2.80195e-32
 9.69127e-16
 9.69127e-16
 0.00000e+00
 1.91191e-31
 1.69693e-32
 1.93825e-15
 8.27189e-31
 0.00000e+00
 9.69127e-16
 1.93825e-15
 9.69127e-16
 1.59021e-31
 3.22633e-31
 2.24994e-31
 1.33672e-31
 1.93825e-15
 1.05761e-30
 1.13431e-31
 9.69127e-16
 1.93825e-15
 4.57674e-31
 2.90738e-15
 9.69127e-16
 9.69127e-16
 0.00000e+00
 0.00000e+00
 1.35541e-30
 7.63102e-32
 0.00000e+00
 0.00000e+00
 1.68117e-31
 9.94927e-47
 0.00000e+00
 2.07911e-31
 0.00000e+00
 9.69127e-16
 2.84191e-31
 0.00000e+00
 1.93825e-15
 0.00000e+00
 9.69127e-16
 1.93825e-15
 0.00000e+00
 1.78030e-31
 0.00000e+00
 2.28390e-31
 2.41283e-30
 0.00000e+00
 0.00000e+00
 0.00000e+00
 0.00000e+00
 0.00000e+00
 0.00000e+00
 0.00000e+00
 0.00000e+00
 0.00000e+00
 0.00000e+00
 0.00000e+00
 0.00000e+00
 0.00000e+00
 0.00000e+00
 0.00000e+00
 0.00000e+00
 0.00000e+00
 0.00000e+00
 0.00000e+00
 0.00000e+00
 0.00000e+00
 0.00000e+00
 0.00000e+00
 0.00000e+00
 0.00000e+00
 0.00000e+00
 0.00000e+00
 0.00000e+00
 0.00000e+00
 0.00000e+00
 0.00000e+00
 0.00000e+00
 0.00000e+00
 0.00000e+00
 0.00000e+00
 0.00000e+00
 0.00000e+00
 0.00000e+00
 0.00000e+00
 0.00000e+00
 0.00000e+00
 0.00000e+00
 0.00000e+00
 0.00000e+00
 0.00000e+00
 0.00000e+00
 0.00000e+00
 0.00000e+00
 0.00000e+00
 0.00000e+00
 0.00000e+00
 0.00000e+00
 0.00000e+00
 0.00000e+00
 0.00000e+00
 0.00000e+00
 0.00000e+00
 0.00000e+00
 0.00000e+00
 0.00000e+00
 0.00000e+00
 0.00000e+00
 0.00000e+00
 0.00000e+00
 0.00000e+00
 0.00000e+00
 0.00000e+00
 0.00000e+00
 0.00000e+00
 0.00000e+00
 0.00000e+00
 0.00000e+00
 0.00000e+00
 0.00000e+00
 0.00000e+00
 0.00000e+00
 3.36233e-32
 1.93247e-31
 4.22643e-32
 1.93825e-15
 8.09087e-32
 9.69127e-16
 9.69127e-16
 3.88362e-31
 1.93825e-15
 4.18832e-31
 1.93825e-15
 2.44862e-31
 9.69127e-16
 9.69127e-16
 1.93825e-15
 6.80775e-31
 5.03955e-31
 1.93825e-15
 2.90738e-15
 2.89377e-31
 1.93825e-15
 2.28069e-32
 0.00000e+00
 1.61993e-30
 0.00000e+00
 1.05485e-31
 0.00000e+00
 8.81543e-31
 0.00000e+00
 0.00000e+00
 5.58876e-32
 2.44919e-31
 1.93825e-15
 9.69127e-16
 2.35565e-31
 0.00000e+00
 0.00000e+00
 0.00000e+00
 2.08399e-31
 9.69127e-16
 1.34166e-32
 0.00000e+00
 7.71915e-32
 0.00000e+00
 1.11319e-31
 0.00000e+00
 0.00000e+00
 0.00000e+00
 0.00000e+00
 0.00000e+00
 0.00000e+00
 0.00000e+00
 0.00000e+00
 0.00000e+00
 0.00000e+00
 0.00000e+00
 0.00000e+00
 0.00000e+00
 0.00000e+00
 0.00000e+00
 0.00000e+00
 0.00000e+00
 0.00000e+00
 0.00000e+00
 0.00000e+00
 0.00000e+00
 0.00000e+00
 0.00000e+00
 0.00000e+00
 0.00000e+00
 0.00000e+00
 0.00000e+00
 0.00000e+00
 0.00000e+00
 0.00000e+00
 0.00000e+00
 0.00000e+00
 0.00000e+00
 0.00000e+00
 0.00000e+00
 0.00000e+00
 0.00000e+00
 0.00000e+00
 0.00000e+00
 0.00000e+00
 0.00000e+00
 0.00000e+00
 0.00000e+00
 0.00000e+00
 0.00000e+00
 0.00000e+00
 0.00000e+00
 0.00000e+00
 0.00000e+00
 0.00000e+00
 0.00000e+00
 0.00000e+00
 0.00000e+00
 0.00000e+00
 0.00000e+00
 0.00000e+00
 0.00000e+00
 0.00000e+00
 0.00000e+00
 0.00000e+00
 0.00000e+00
 0.00000e+00
 0.00000e+00
 0.00000e+00
 0.00000e+00
 0.00000e+00
 0.00000e+00
 0.00000e+00
 0.00000e+00
 0.00000e+00
 0.00000e+00
 0.00000e+00
 0.00000e+00
 0.00000e+00
 0.00000e+00
 0.00000e+00
 0.00000e+00
 0.00000e+00
 0.00000e+00
 9.69127e-16
 1.37198e-31
 2.90738e-15
 1.50193e-31
 1.93825e-15
 9.69127e-16
 9.69127e-16
 2.90738e-15
 3.87125e-31
 1.63714e-31
 8.40584e-32
 1.80300e-31
 0.00000e+00
 0.00000e+00
 0.00000e+00
 9.69127e-16
 6.90297e-31
 2.90738e-15
 6.17946e-31
 0.00000e+00
 1.93825e-15
 1.93825e-15
 9.69127e-16
 0.00000e+00
 2.90738e-15
 9.69127e-16
 9.69127e-16
 9.69127e-16
 0.00000e+00
 5.03085e-31
 1.54074e-31
 1.93825e-15
 9.69127e-16
 0.00000e+00
 2.90738e-15
 0.00000e+00
 4.75052e-31
 1.54074e-31
 9.37040e-31
 1.06237e-30
 1.75727e-31
 9.69127e-16
 1.18376e-31
 2.90738e-15
 4.86913e-31
 0.00000e+00
 1.87497e-31
 0.00000e+00
 3.87336e-31
 0.00000e+00
 0.00000e+00
 0.00000e+00
 0.00000e+00
 0.00000e+00
 0.00000e+00
 0.00000e+00
 0.00000e+00
 0.00000e+00
 0.00000e+00
 0.00000e+00
 0.00000e+00
 0.00000e+00
 0.00000e+00
 0.00000e+00
 0.00000e+00
 0.00000e+00
 0.00000e+00
 0.00000e+00
 0.00000e+00
 0.00000e+00
 0.00000e+00
 0.00000e+00
 0.00000e+00
 0.00000e+00
 0.00000e+00
 0.00000e+00
 0.00000e+00
 0.00000e+00
 0.00000e+00
 0.00000e+00
 0.00000e+00
 0.00000e+00
 0.00000e+00
 0.00000e+00
 0.00000e+00
 0.00000e+00
 0.00000e+00
 0.00000e+00
 0.00000e+00
 0.00000e+00
 0.00000e+00
 0.00000e+00
 0.00000e+00
 0.00000e+00
 0.00000e+00
 0.00000e+00
 0.00000e+00
 0.00000e+00
 0.00000e+00
 0.00000e+00
 0.00000e+00
 0.00000e+00
 0.00000e+00
 0.00000e+00
 0.00000e+00
 0.00000e+00
 0.00000e+00
 0.00000e+00
 0.00000e+00
 0.00000e+00
 0.00000e+00
 0.00000e+00
 0.00000e+00
 0.00000e+00
 0.00000e+00
 0.00000e+00
 0.00000e+00
 0.00000e+00
 0.00000e+00
 0.00000e+00
 0.00000e+00
 0.00000e+00
 0.00000e+00
 0.00000e+00
 0.00000e+00
part
         2
hexa8
 0.00000e+00
 0.00000e+00
 0.00000e+00
 0.00000e+00
 0.00000e+00
 0.00000e+00
 0.00000e+00
 0.00000e+00
 0.00000e+00
 0.00000e+00
 0.00000e+00
 0.00000e+00
 0.00000e+00
 0.00000e+00
 0.00000e+00
 0.00000e+00
 0.00000e+00
 0.00000e+00
 0.00000e+00
 0.00000e+00
 0.00000e+00
 0.00000e+00
 0.00000e+00
 0.00000e+00
 0.00000e+00
 0.00000e+00
 0.00000e+00
 0.00000e+00
 0.00000e+00
 0.00000e+00
 0.00000e+00
 0.00000e+00
 0.00000e+00
 0.00000e+00
 0.00000e+00
 0.00000e+00
 0.00000e+00
 0.00000e+00
 0.00000e+00
 0.00000e+00
 0.00000e+00
 0.00000e+00
 0.00000e+00
 0.00000e+00
 0.00000e+00
 0.00000e+00
 0.00000e+00
 0.00000e+00
 0.00000e+00
 0.00000e+00
 0.00000e+00
 0.00000e+00
 0.00000e+00
 0.00000e+00
 0.00000e+00
 0.00000e+00
 0.00000e+00
 0.00000e+00
 0.00000e+00
 0.00000e+00
 0.00000e+00
 0.00000e+00
 0.00000e+00
 0.00000e+00
 0.00000e+00
 0.00000e+00
 0.00000e+00
 0.00000e+00
 0.00000e+00
 0.00000e+00
 0.00000e+00
 0.00000e+00
 0.00000e+00
 0.00000e+00
 0.00000e+00
 0.00000e+00
 0.00000e+00
 0.00000e+00
 0.00000e+00
 0.00000e+00
 0.00000e+00
 0.00000e+00
 0.00000e+00
 0.00000e+00
 0.00000e+00
 0.00000e+00
 0.00000e+00
 0.00000e+00
 0.00000e+00
 0.00000e+00
 0.00000e+00
 0.00000e+00
 0.00000e+00
 0.00000e+00
 0.00000e+00
 0.00000e+00
 0.00000e+00
 0.00000e+00
 0.00000e+00
 0.00000e+00
 0.00000e+00
 0.00000e+00
 0.00000e+00
 0.00000e+00
 0.00000e+00
 0.00000e+00
 0.00000e+00
 0.00000e+00
 0.00000e+00
 0.00000e+00
 0.00000e+00
 0.00000e+00
 0.00000e+00
 0.00000e+00
 0.00000e+00
 0.00000e+00
 0.00000e+00
 0.00000e+00
 0.00000e+00
 0.00000e+00
 0.00000e+00
 0.00000e+00
 0.00000e+00
 0.00000e+00
 0.00000e+00
 0.00000e+00
 0.00000e+00
 0.00000e+00
 0.00000e+00
 0.00000e+00
 0.00000e+00
 0.00000e+00
 0.00000e+00
 0.00000e+00
 0.00000e+00
 0.00000e+00
 0.00000e+00
 0.00000e+00
 0.00000e+00
 0.00000e+00
 0.00000e+00
 0.00000e+00
 0.00000e+00
 0.00000e+00
 0.00000e+00
 0.00000e+00
 0.00000e+00
 0.00000e+00
 0.00000e+00
 0.00000e+00
 0.00000e+00
 0.00000e+00
 0.00000e+00
 0.00000e+00
 0.00000e+00
 0.00000e+00
 0.00000e+00
 0.00000e+00
 0.00000e+00
 0.00000e+00
 0.00000e+00
 0.00000e+00
 0.00000e+00
 0.00000e+00
 0.00000e+00
 0.00000e+00
 0.00000e+00
 0.00000e+00
 0.00000e+00
 0.00000e+00
 0.00000e+00
 0.00000e+00
 0.00000e+00
 0.00000e+00
 0.00000e+00
 0.00000e+00
 0.00000e+00
 0.00000e+00
 0.00000e+00
 0.00000e+00
 0.00000e+00
 0.00000e+00
 0.00000e+00
 0.00000e+00
 0.00000e+00
 0.00000e+00
 0.00000e+00
 0.00000e+00
 0.00000e+00
 0.00000e+00
 0.00000e+00
 0.00000e+00
 0.00000e+00
 0.00000e+00
 0.00000e+00
 0.00000e+00
 0.00000e+00
 0.00000e+00
 0.00000e+00
 0.00000e+00
 0.00000e+00
 0.00000e+00
 0.00000e+00
 0.00000e+00
 0.00000e+00
 0.00000e+00
 0.00000e+00
 0.00000e+00
 0.00000e+00
 0.00000e+00
 0.00000e+00
 0.00000e+00
 0.00000e+00
 0.00000e+00
 0.00000e+00
 0.00000e+00
 0.00000e+00
 0.00000e+00
 0.00000e+00
 0.00000e+00
 0.00000e+00
 0.00000e+00
 0.00000e+00
 0.00000e+00
 0.00000e+00
 0.00000e+00
 0.00000e+00
 0.00000e+00
 0.00000e+00
 0.00000e+00
 0.00000e+00
 0.00000e+00
 0.00000e+00
 0.00000e+00
 0.00000e+00
 0.00000e+00
 0.00000e+00
 0.00000e+00
 0.00000e+00
 0.00000e+00
 0.00000e+00
 0.00000e+00
 0.00000e+00
 0.00000e+00
 0.00000e+00
 0.00000e+00
 0.00000e+00
 0.00000e+00
 0.00000e+00
 0.00000e+00
 0.00000e+00
 0.00000e+00
 0.00000e+00
 0.00000e+00
 0.00000e+00
 0.00000e+00
 0.00000e+00
 0.00000e+00
 0.00000e+00
 0.00000e+00
 0.00000e+00
 0.00000e+00
 0.00000e+00
 0.00000e+00
 0.00000e+00
 0.00000e+00
 0.00000e+00
 0.00000e+00
 0.00000e+00
 0.00000e+00
 0.00000e+00
 0.00000e+00
 0.00000e+00
 0.00000e+00
 0.00000e+00
 0.00000e+00
 0.00000e+00
 0.00000e+00
 0.00000e+00
 0.00000e+00
 0.00000e+00
 0.00000e+00
 0.00000e+00
 0.00000e+00
 0.00000e+00
 0.00000e+00
 0.00000e+00
 0.00000e+00
 0.00000e+00
 0.00000e+00
 0.00000e+00
 0.00000e+00
 0.00000e+00
 0.00000e+00
 0.00000e+00
 0.00000e+00
 0.00000e+00
 0.00000e+00
 0.00000e+00
 0.00000e+00
 0.00000e+00
 0.00000e+00
 0.00000e+00
 0.00000e+00
 0.00000e+00
 0.00000e+00
 0.00000e+00
 0.00000e+00
 0.00000e+00
 0.00000e+00
 0.00000e+00
 0.00000e+00
 0.00000e+00
 0.00000e+00
 0.00000e+00
 0.00000e+00
 0.00000e+00
 0.00000e+00
 0.00000e+00
 0.00000e+00
 0.00000e+00
 0.00000e+00
 0.00000e+00
 0.00000e+00
 0.00000e+00
 0.00000e+00
 0.00000e+00
 0.00000e+00
 0.00000e+00
 0.00000e+00
 0.00000e+00
 0.00000e+00
 0.00000e+00
 0.00000e+00
 0.00000e+00
 0.00000e+00
 0.00000e+00
 0.00000e+00
 0.00000e+00
 0.00000e+00
 0.00000e+00
 0.00000e+00
 0.00000e+00
 0.00000e+00
 0.00000e+00
 0.00000e+00
 0.00000e+00
 0.00000e+00
 0.00000e+00
 0.00000e+00
 0.00000e+00
 0.00000e+00
 0.00000e+00
 0.00000e+00
 0.00000e+00
 0.00000e+00
 0.00000e+00
 0.00000e+00
 0.00000e+00
 0.00000e+00
 0.00000e+00
 0.00000e+00
 0.00000e+00
 0.00000e+00
 0.00000e+00
 0.00000e+00
 0.00000e+00
 0.00000e+00
 0.00000e+00
 0.00000e+00
 0.00000e+00
 0.00000e+00
 0.00000e+00
 0.00000e+00
 0.00000e+00
 0.00000e+00
 0.00000e+00
 0.00000e+00
 0.00000e+00
 0.00000e+00
 0.00000e+00
 0.00000e+00
 0.00000e+00
 0.00000e+00
 0.00000e+00
 0.00000e+00
 0.00000e+00
 0.00000e+00
 0.00000e+00
 0.00000e+00
 0.00000e+00
 0.00000e+00
 0.00000e+00
 0.00000e+00
 0.00000e+00
 0.00000e+00
 0.00000e+00
 0.00000e+00
 0.00000e+00
 0.00000e+00
 0.00000e+00
 0.00000e+00
 0.00000e+00
 0.00000e+00
 0.00000e+00
 0.00000e+00
 0.00000e+00
 0.00000e+00
 0.00000e+00
 0.00000e+00
 0.00000e+00
 0.00000e+00
 0.00000e+00
 0.00000e+00
 0.00000e+00
 0.00000e+00
 0.00000e+00
 0.00000e+00
 0.00000e+00
 0.00000e+00
 0.00000e+00
 0.00000e+00
 0.00000e+00
 0.00000e+00
 0.00000e+00
 0.00000e+00
 0.00000e+00
 0.00000e+00
 0.00000e+00
 0.00000e+00
 0.00000e+00
 0.00000e+00
 0.00000e+00
 0.00000e+00
 0.00000e+00
 0.00000e+00
 0.00000e+00
 0.00000e+00
 0.00000e+00
 0.00000e+00
 0.00000e+00
 0.00000e+00
 0.00000e+00
 0.00000e+00
 0.00000e+00
 0.00000e+00
 0.00000e+00
 0.00000e+00
 0.00000e+00
 0.00000e+00
 0.00000e+00
 0.00000e+00
 0.00000e+00
 0.00000e+00
 0.00000e+00
 0.00000e+00
 0.00000e+00
 0.00000e+00
 0.00000e+00
 0.00000e+00
 0.00000e+00
 0.00000e+00
 0.00000e+00
 0.00000e+00
 0.00000e+00
 0.00000e+00
 0.00000e+00
 0.00000e+00
 0.00000e+00
 0.00000e+00
 0.00000e+00
 0.00000e+00
 0.00000e+00
 0.00000e+00
 0.00000e+00
 0.00000e+00
 0.00000e+00
 0.00000e+00
 0.00000e+00
 0.00000e+00
 0.00000e+00
 0.00000e+00
 0.00000e+00
 0.00000e+00
 0.00000e+00
 0.00000e+00
 0.00000e+00
 0.00000e+00
 0.00000e+00
 0.00000e+00
 0.00000e+00
 0.00000e+00
 0.00000e+00
 0.00000e+00
 0.00000e+00
 0.00000e+00
 0.00000e+00
 0.00000e+00
 0.00000e+00
 0.00000e+00
 0.00000e+00
 0.00000e+00
 0.00000e+00
 0.00000e+00
 0.00000e+00
 0.00000e+00
 0.00000e+00
 0.00000e+00
 0.00000e+00
 0.00000e+00
 0.00000e+00
 0.00000e+00
 0.00000e+00
 0.00000e+00
 0.00000e+00
 0.00000e+00
 0.00000e+00
 0.00000e+00
 0.00000e+00
 0.00000e+00
 0.00000e+00
 0.00000e+00
 0.00000e+00
 0.00000e+00
 0.00000e+00
 0.00000e+00
 0.00000e+00
 0.00000e+00
 0.00000e+00
 0.00000e+00
 0.00000e+00
 0.00000e+00
 0.00000e+00
 0.00000e+00
 0.00000e+00
 0.00000e+00
 0.00000e+00
 0.00000e+00
 0.00000e+00
 0.00000e+00
 0.00000e+00
 0.00000e+00
 0.00000e+00
 0.00000e+00
 0.00000e+00
 0.00000e+00
 0.00000e+00
 0.00000e+00
 0.00000e+00
 0.00000e+00
 0.00000e+00
 0.00000e+00
 0.00000e+00
 0.00000e+00
 0.00000e+00
 0.00000e+00
 0.00000e+00
 0.00000e+00
 0.00000e+00
 0.00000e+00
 0.00000e+00
 0.00000e+00
 0.00000e+00
 0.00000e+00
 0.00000e+00
 0.00000e+00
 0.00000e+00
 0.00000e+00
 0.00000e+00
 0.00000e+00
 0.00000e+00
 0.00000e+00
 0.00000e+00
 0.00000e+00
 0.00000e+00
 0.00000e+00
 0.00000e+00
 0.00000e+00
 0.00000e+00
 0.00000e+00
 0.00000e+00
 0.00000e+00
 0.00000e+00
 0.00000e+00
 0.00000e+00
 0.00000e+00
 0.00000e+00
 0.00000e+00
 0.00000e+00
 0.00000e+00
 0.00000e+00
 0.00000e+00
 0.00000e+00
 0.00000e+00
 0.00000e+00
 0.00000e+00
 0.00000e+00
 0.00000e+00
 0.00000e+00
 0.00000e+00
 0.00000e+00
 0.00000e+00
 0.00000e+00
 0.00000e+00
 0.00000e+00
 0.00000e+00
 0.00000e+00
 0.00000e+00
 0.00000e+00
 0.00000e+00
 0.00000e+00
 0.00000e+00
 0.00000e+00
 0.00000e+00
 0.00000e+00
 0.00000e+00
 0.00000e+00
 0.00000e+00
 0.00000e+00
 0.00000e+00
 0.00000e+00
 0.00000e+00
 0.00000e+00
 0.00000e+00
 0.00000e+00
part
         3
hexa8
 0.00000e+00
 0.00000e+00
 0.00000e+00
 0.00000e+00
 0.00000e+00
 0.00000e+00
 0.00000e+00
 0.00000e+00
 0.00000e+00
 0.00000e+00
 0.00000e+00
 0.00000e+00
 0.00000e+00
 0.00000e+00
 0.00000e+00
 0.00000e+00
 0.00000e+00
 0.00000e+00
 0.00000e+00
 0.00000e+00
 0.00000e+00
 0.00000e+00
 0.00000e+00
 0.00000e+00
 0.00000e+00
 2.44083e-04
 2.44083e-04
 2.44083e-04
 2.44083e-04
 2.44083e-04
 6.40949e-04
 6.40949e-04
 6.40949e-04
 6.40949e-04
 6.40949e-04
 8.20410e-04
 8.20410e-04
 8.20410e-04
 8.20410e-04
 8.20410e-04
 8.58213e-04
 8.58213e-04
 8.58213e-04
 8.58213e-04
 8.58213e-04
 8.21960e-04
 8.21960e-04
 8.21960e-04
 8.21960e-04
 8.21960e-04
 7.14539e-04
 7.14539e-04
 7.14539e-04
 7.14539e-04
 7.14539e-04
 5.72304e-04
 5.72304e-04
 5.72304e-04
 5.72304e-04
 5.72304e-04
 4.24040e-04
 4.24040e-04
 4.24040e-04
 4.24040e-04
 4.24040e-04
 2.92334e-04
 2.92334e-04
 2.92334e-04
 2.92334e-04
 2.92334e-04
 1.87758e-04
 1.87758e-04
 1.87758e-04
 1.87758e-04
 1.87758e-04
 1.16931e-04
 1.16931e-04
 1.16931e-04
 1.16931e-04
 1.16931e-04
 8.95869e-05
 8.95869e-05
 8.95869e-05
 8.95869e-05
 8.95869e-05
 2.00673e-05
 2.00673e-05
 2.00673e-05
 2.00673e-05
 2.00673e-05
 2.46517e-05
 2.46517e-05
 2.46517e-05
 2.46517e-05
 2.46517e-05
 6.63526e-06
 6.63526e-06
 6.63526e-06
 6.63526e-06
 6.63526e-06
 1.27369e-05
 1.27369e-05
 1.27369e-05
 1.27369e-05
 1.27369e-05
 1.11272e-05
 1.11272e-05
 1.11272e-05
 1.11272e-05
 1.11272e-05
 3.73069e-06
 3.73069e-06
 3.73069e-06
 3.73069e-06
 3.73069e-06
 4.50316e-13
 4.50316e-13
 4.50316e-13
 4.50316e-13
 4.50316e-13
 1.04390e-07
 1.04390e-07
 1.04390e-07
 1.04390e-07
 1.04390e-07
 0.00000e+00
 0.00000e+00
 0.00000e+00
 0.00000e+00
 0.00000e+00
 0.00000e+00
 0.00000e+00
 0.00000e+00
 0.00000e+00
 0.00000e+00
 0.00000e+00
 0.00000e+00
 0.00000e+00
 0.00000e+00
 0.00000e+00
 0.00000e+00
 0.00000e+00
 0.00000e+00
 0.00000e+00
 0.00000e+00
 0.00000e+00
 0.00000e+00
 0.00000e+00
 0.00000e+00
 0.00000e+00
 2.44083e-04
 2.44083e-04
 2.44083e-04
 2.44083e-04
 2.44083e-04
 6.40949e-04
 6.40949e-04
 6.40949e-04
 6.40949e-04
 6.40949e-04
 8.20410e-04
 8.20410e-04
 8.20410e-04
 8.20410e-04
 8.20410e-04
 8.58213e-04
 8.58213e-04
 8.58213e-04
 8.58213e-04
 8.58213e-04
 8.21960e-04
 8.21960e-04
 8.21960e-04
 8.21960e-04
 8.21960e-04
 7.14539e-04
 7.14539e-04
 7.14539e-04
 7.14539e-04
 7.14539e-04
 5.72304e-04
 5.72304e-04
 5.72304e-04
 5.72304e-04
 5.72304e-04
 4.24040e-04
 4.24040e-04
 4.24040e-04
 4.24040e-04
 4.24040e-04
 2.92334e-04
 2.92334e-04
 2.92334e-04
 2.92334e-04
 2.92334e-04
 1.87758e-04
 1.87758e-04
 1.87758e-04
 1.87758e-04
 1.87758e-04
 1.16931e-04
 1.16931e-04
 1.16931e-04
 1.16931e-04
 1.16931e-04
 8.95869e-05
 8.95869e-05
 8.95869e-05
 8.95869e-05
 8.95869e-05
 2.00673e-05
 2.00673e-05
 2.00673e-05
 2.00673e-05
 2.00673e-05
 2.46517e-05
 2.46517e-05
 2.46517e-05
 2.46517e-05
 2.46517e-05
 6.63526e-06
 6.63526e-06
 6.63526e-06
 6.63526e-06
 6.63526e-06
 1.27369e-05
 1.27369e-05
 1.27369e-05
 1.27369e-05
 1.27369e-05
 1.11272e-05
 1.11272e-05
 1.11272e-05
 1.11272e-05
 1.11272e-05
 3.73069e-06
 3.73069e-06
 3.73069e-06
 3.73069e-06
 3.73069e-06
 4.50316e-13
 4.50316e-13
 4.50316e-13
 4.50316e-13
 4.50316e-13
 1.04390e-07
 1.04390e-07
 1.04390e-07
 1.04390e-07
 1.04390e-07
 0.00000e+00
 0.00000e+00
 0.00000e+00
 0.00000e+00
 0.00000e+00
 0.00000e+00
 0.00000e+00
 0.00000e+00
 0.00000e+00
 0.00000e+00
 0.00000e+00
 0.00000e+00
 0.00000e+00
 0.00000e+00
 0.00000e+00
 0.00000e+00
 0.00000e+00
 0.00000e+00
 0.00000e+00
 0.00000e+00
 0.00000e+00
 0.00000e+00
 0.00000e+00
 0.00000e+00
 0.00000e+00
 2.44083e-04
 2.44083e-04
 2.44083e-04
 2.44083e-04
 2.44083e-04
 6.40949e-04
 6.40949e-04
 6.40949e-04
 6.40949e-04
 6.40949e-04
 8.20410e-04
 8.20410e-04
 8.20410e-04
 8.20410e-04
 8.20410e-04
 8.58213e-04
 8.58213e-04
 8.58213e-04
 8.58213e-04
 8.58213e-04
 8.21960e-04
 8.21960e-04
 8.21960e-04
 8.21960e-04
 8.21960e-04
 7.14539e-04
 7.14539e-04
 7.14539e-04
 7.14539e-04
 7.14539e-04
 5.72304e-04
 5.72304e-04
 5.72304e-04
 5.72304e-04
 5.72304e-04
 4.24040e-04
 4.24040e-04
 4.24040e-04
 4.24040e-04
 4.24040e-04
 2.92334e-04
 2.92334e-04
 2.92334e-04
 2.92334e-04
 2.92334e-04
 1.87758e-04
 1.87758e-04
 1.87758e-04
 1.87758e-04
 1.87758e-04
 1.16931e-04
 1.16931e-04
 1.16931e-04
 1.16931e-04
 1.16931e-04
 8.95869e-05
 8.95869e-05
 8.95869e-05
 8.95869e-05
 8.95869e-05
 2.00673e-05
 2.00673e-05
 2.00673e-05
 2.00673e-05
 2.00673e-05
 2.46517e-05
 2.46517e-05
 2.46517e-05
 2.46517e-05
 2.46517e-05
 6.63526e-06
 6.63526e-06
 6.63526e-06
 6.63526e-06
 6.63526e-06
 1.27369e-05
 1.27369e-05
 1.27369e-05
 1.27369e-05
 1.27369e-05
 1.11272e-05
 1.11272e-05
 1.11272e-05
 1.11272e-05
 1.11272e-05
 3.73069e-06
 3.73069e-06
 3.73069e-06
 3.73069e-06
 3.73069e-06
 4.50316e-13
 4.50316e-13
 4.50316e-13
 4.50316e-13
 4.50316e-13
 1.04390e-07
 1.04390e-07
 1.04390e-07
 1.04390e-07
 1.04390e-07
 0.00000e+00
 0.00000e+00
 0.00000e+00
 0.00000e+00
 0.00000e+00
 0.00000e+00
 0.00000e+00
 0.00000e+00
 0.00000e+00
 0.00000e+00
 0.00000e+00
 0.00000e+00
 0.00000e+00
 0.00000e+00
 0.00000e+00
 0.00000e+00
 0.00000e+00
 0.00000e+00
 0.00000e+00
 0.00000e+00
 0.00000e+00
 0.00000e+00
 0.00000e+00
 0.00000e+00
 0.00000e+00
 2.44083e-04
 2.44083e-04
 2.44083e-04
 2.44083e-04
 2.44083e-04
 6.40949e-04
 6.40949e-04
 6.40949e-04
 6.40949e-04
 6.40949e-04
 8.20410e-04
 8.20410e-04
 8.20410e-04
 8.20410e-04
 8.20410e-04
 8.58213e-04
 8.58213e-04
 8.58213e-04
 8.58213e-04
 8.58213e-04
 8.21960e-04
 8.21960e-04
 8.21960e-04
 8.21960e-04
 8.21960e-04
 7.14539e-04
 7.14539e-04
 7.14539e-04
 7.14539e-04
 7.14539e-04
 5.72304e-04
 5.72304e-04
 5.72304e-04
 5.72304e-04
 5.72304e-04
 4.24040e-04
 4.24040e-04
 4.24040e-04
 4.24040e-04
 4.24040e-04
 2.92334e-04
 2.92334e-04
 2.92334e-04
 2.92334e-04
 2.92334e-04
 1.87758e-04
 1.87758e-04
 1.87758e-04
 1.87758e-04
 1.87758e-04
 1.16931e-04
 1.16931e-04
 1.16931e-04
 1.16931e-04
 1.16931e-04
 8.95869e-05
 8.95869e-05
 8.95869e-05
 8.95869e-05
 8.95869e-05
 2.00673e-05
 2.00673e-05
 2.00673e-05
 2.00673e-05
 2.00673e-05
 2.46517e-05
 2.46517e-05
 2.46517e-05
 2.46517e-05
 2.46517e-05
 6.63526e-06
 6.63526e-06
 6.63526e-06
 6.63526e-06
 6.63526e-06
 1.27369e-05
 1.27369e-05
 1.27369e-05
 1.27369e-05
 1.27369e-05
 1.11272e-05
 1.11272e-05
 1.11272e-05
 1.11272e-05
 1.11272e-05
 3.73069e-06
 3.73069e-06
 3.73069e-06
 3.73069e-06
 3.73069e-06
 4.50316e-13
 4.50316e-13
 4.50316e-13
 4.50316e-13
 4.50316e-13
 1.04390e-07
 1.04390e-07
 1.04390e-07
 1.04390e-07
 1.04390e-07
 0.00000e+00
 0.00000e+00
 0.00000e+00
 0.00000e+00
 0.00000e+00
 0.00000e+00
 0.00000e+00
 0.00000e+00
 0.00000e+00
 0.00000e+00
 0.00000e+00
 0.00000e+00
 0.00000e+00
 0.00000e+00
 0.00000e+00
 0.00000e+00
 0.00000e+00
 0.00000e+00
 0.00000e+00
 0.00000e+00
 0.00000e+00
 0.00000e+00
 0.00000e+00
 0.00000e+00
 0.00000e+00
 2.44083e-04
 2.44083e-04
 2.44083e-04
 2.44083e-04
 2.44083e-04
 6.40949e-04
 6.40949e-04
 6.40949e-04
 6.40949e-04
 6.40949e-04
 8.20410e-04
 8.20410e-04
 8.20410e-04
 8.20410e-04
 8.20410e-04
 8.58213e-04
 8.58213e-04
 8.58213e-04
 8.58213e-04
 8.58213e-04
 8.21960e-04
 8.21960e-04
 8.21960e-04
 8.21960e-04
 8.21960e-04
 7.14539e-04
 7.14539e-04
 7.14539e-04
 7.14539e-04
 7.14539e-04
 5.72304e-04
 5.72304e-04
 5.72304e-04
 5.72304e-04
 5.72304e-04
 4.24040e-04
 4.24040e-04
 4.24040e-04
 4.24040e-04
 4.24040e-04
 2.92334e-04
 2.92334e-04
 2.92334e-04
 2.92334e-04
 2.92334e-04
 1.87758e-04
 1.87758e-04
 1.87758e-04
 1.87758e-04
 1.87758e-04
 1.16931e-04
 1.16931e-04
 1.16931e-04
 1.16931e-04
 1.16931e-04
 8.95869e-05
 8.95869e-05
 8.95869e-05
 8.95869e-05
 8.95869e-05
 2.00673e-05
 2.00673e-05
 2.00673e-05
 2.00673e-05
 2.00673e-05
 2.46517e-05
 2.46517e-05
 2.46517e-05
 2.46517e-05
 2.46517e-05
 6.63526e-06
 6.63526e-06
 6.63526e-06
 6.63526e-06
 6.63526e-06
 1.27369e-05
 1.27369e-05
 1.27369e-05
 1.27369e-05
 1.27369e-05
 1.11272e-05
 1.11272e-05
 1.11272e-05
 1.11272e-05
 1.11272e-05
 3.73069e-06
 3.73069e-06
 3.73069e-06
 3.73069e-06
 3.73069e-06
 4.50316e-13
 4.50316e-13
 4.50316e-13
 4.50316e-13
 4.50316e-13
 1.04390e-07
 1.04390e-07
 1.04390e-07
 1.04390e-07
 1.04390e-07
part
         4
hexa8
 1.54227e-05
 1.54227e-05
 1.54227e-05
 1.54227e-05
 1.54227e-05
 6.93937e-05
 6.93937e-05
 6.93937e-05
 6.93937e-05
 6.93937e-05
 2.28524e-04
 2.28524e-04
 2.28524e-04
 2.28524e-04
 2.28524e-04
 6.20948e-04
 6.20948e-04
 6.20948e-04
 6.20948e-04
 6.20948e-04
 1.55767e-03
 1.55767e-03
 1.55767e-03
 1.55767e-03
 1.55767e-03
 3.58604e-03
 3.58604e-03
 3.58604e-03
 3.58604e-03
 3.58604e-03
 7.71838e-03
 7.71838e-03
 7.71838e-03
 7.71838e-03
 7.71838e-03
 1.46289e-02
 1.46289e-02
 1.46289e-02
 1.46289e-02
 1.46289e-02
 2.43225e-02
 2.43225e-02
 2.43225e-02
 2.43225e-02
 2.43225e-02
 3.39453e-02
 3.39453e-02
 3.39453e-02
 3.39453e-02
 3.39453e-02
 4.01731e-02
 4.01731e-02
 4.01731e-02
 4.01731e-02
 4.01731e-02
 3.65115e-02
 3.65115e-02
 3.65115e-02
 3.65115e-02
 3.65115e-02
 2.57864e-02
 2.57864e-02
 2.57864e-02
 2.57864e-02
 2.57864e-02
 1.25625e-02
 1.25625e-02
 1.25625e-02
 1.25625e-02
 1.25625e-02
 4.15402e-03
 4.15402e-03
 4.15402e-03
 4.15402e-03
 4.15402e-03
 1.10670e-03
 1.10670e-03
 1.10670e-03
 1.10670e-03
 1.10670e-03
 2.74284e-04
 2.74284e-04
 2.74284e-04
 2.74284e-04
 2.74284e-04
 6.60629e-05
 6.60629e-05
 6.60629e-05
 6.60629e-05
 6.60629e-05
 1.56484e-05
 1.56484e-05
 1.56484e-05
 1.56484e-05
 1.56484e-05
 3.65291e-06
 3.65291e-06
 3.65291e-06
 3.65291e-06
 3.65291e-06
 8.39857e-07
 8.39857e-07
 8.39857e-07
 8.39857e-07
 8.39857e-07
 1.89962e-07
 1.89962e-07
 1.89962e-07
 1.89962e-07
 1.89962e-07
 4.22310e-08
 4.22310e-08
 4.22310e-08
 4.22310e-08
 4.22310e-08
 9.29050e-09
 9.29050e-09
 9.29050e-09
 9.29050e-09
 9.29050e-09
 2.38002e-09
 2.38002e-09
 2.38002e-09
 2.38002e-09
 2.38002e-09
 1.54227e-05
 1.54227e-05
 1.54227e-05
 1.54227e-05
 1.54227e-05
 6.93937e-05
 6.93937e-05
 6.93937e-05
 6.93937e-05
 6.93937e-05
 2.28524e-04
 2.28524e-04
 2.28524e-04
 2.28524e-04
 2.28524e-04
 6.20948e-04
 6.20948e-04
 6.20948e-04
 6.20948e-04
 6.20948e-04
 1.55767e-03
 1.55767e-03
 1.55767e-03
 1.55767e-03
 1.55767e-03
 3.58604e-03
 3.58604e-03
 3.58604e-03
 3.58604e-03
 3.58604e-03
 7.71838e-03
 7.71838e-03
 7.71838e-03
 7.71838e-03
 7.71838e-03
 1.46289e-02
 1.46289e-02
 1.46289e-02
 1.46289e-02
 1.46289e-02
 2.43225e-02
 2.43225e-02
 2.43225e-02
 2.43225e-02
 2.43225e-02
 3.39453e-02
 3.39453e-02
 3.39453e-02
 3.39453e-02
 3.39453e-02
 4.01731e-02
 4.01731e-02
 4.01731e-02
 4.01731e-02
 4.01731e-02
 3.65115e-02
 3.65115e-02
 3.65115e-02
 3.65115e-02
 3.65115e-02
 2.57864e-02
 2.57864e-02
 2.57864e-02
 2.57864e-02
 2.57864e-02
 1.25625e-02
 1.25625e-02
 1.25625e-02
 1.25625e-02
 1.25625e-02
 4.15402e-03
 4.15402e-03
 4.15402e-03
 4.15402e-03
 4.15402e-03
 1.10670e-03
 1.10670e-03
 1.10670e-03
 1.10670e-03
 1.10670e-03
 2.74284e-04
 2.74284e-04
 2.74284e-04
 2.74284e-04
 2.74284e-04
 6.60629e-05
 6.60629e-05
 6.60629e-05
 6.60629e-05
 6.60629e-05
 1.56484e-05
 1.56484e-05
 1.56484e-05
 1.56484e-05
 1.56484e-05
 3.65291e-06
 3.65291e-06
 3.65291e-06
 3.65291e-06
 3.65291e-06
 8.39857e-07
 8.39857e-07
 8.39857e-07
 8.39857e-07
 8.39857e-07
 1.89962e-07
 1.89962e-07
 1.89962e-07
 1.89962e-07
 1.89962e-07
 4.22310e-08
 4.22310e-08
 4.22310e-08
 4.22310e-08
 4.22310e-08
 9.29050e-09
 9.29050e-09
 9.29050e-09
 9.29049e-09
 9.29050e-09
 2.38002e-09
 2.38002e-09
 2.38002e-09
 2.38002e-09
 2.38002e-09
 1.54227e-05
 1.54227e-05
 1.54227e-05
 1.54227e-05
 1.54227e-05
 6.93937e-05
 6.93937e-05
 6.93937e-05
 6.93937e-05
 6.93937e-05
 2.28524e-04
 2.28524e-04
 2.28524e-04
 2.28524e-04
 2.28524e-04
 6.20948e-04
 6.20948e-04
 6.20948e-04
 6.20948e-04
 6.20948e-04
 1.55767e-03
 1.55767e-03
 1.55767e-03
 1.55767e-03
 1.55767e-03
 3.58604e-03
 3.58604e-03
 3.58604e-03
 3.58604e-03
 3.58604e-03
 7.71838e-03
 7.71838e-03
 7.71838e-03
 7.71838e-03
 7.71838e-03
 1.46289e-02
 1.46289e-02
 1.46289e-02
 1.46289e-02
 1.46289e-02
 2.43225e-02
 2.43225e-02
 2.43225e-02
 2.43225e-02
 2.43225e-02
 3.39453e-02
 3.39453e-02
 3.39453e-02
 3.39453e-02
 3.39453e-02
 4.01731e-02
 4.01731e-02
 4.01731e-02
 4.01731e-02
 4.01731e-02
 3.65115e-02
 3.65115e-02
 3.65115e-02
 3.65115e-02
 3.65115e-02
 2.57864e-02
 2.57864e-02
 2.57864e-02
 2.57864e-02
 2.57864e-02
 1.25625e-02
 1.25625e-02
 1.25625e-02
 1.25625e-02
 1.25625e-02
 4.15402e-03
 4.15402e-03
 4.15402e-03
 4.15402e-03
 4.15402e-03
 1.10670e-03
 1.10670e-03
 1.10670e-03
 1.10670e-03
 1.10670e-03
 2.74284e-04
 2.74284e-04
 2.74284e-04
 2.74284e-04
 2.74284e-04
 6.60629e-05
 6.60629e-05
 6.60629e-05
 6.60629e-05
 6.60629e-05
 1.56484e-05
 1.56484e-05
 1.56484e-05
 1.56484e-05
 1.56484e-05
 3.65291e-06
 3.65291e-06
 3.65291e-06
 3.65291e-06
 3.65291e-06
 8.39857e-07
 8.39857e-07
 8.39857e-07
 8.39857e-07
 8.39857e-07
 1.89962e-07
 1.89962e-07
 1.89962e-07
 1.89962e-07
 1.89962e-07
 4.22310e-08
 4.22310e-08
 4.22310e-08
 4.22310e-08
 4.22310e-08
 9.29049e-09
 9.29049e-09
 9.29050e-09
 9.29050e-09
 9.29049e-09
 2.38002e-09
 2.38002e-09
 2.38002e-09
 2.38002e-09
 2.38002e-09
 1.54227e-05
 1.54227e-05
 1.54227e-05
 1.54227e-05
 1.54227e-05
 6.93937e-05
 6.93937e-05
 6.93937e-05
 6.93937e-05
 6.93937e-05
 2.28524e-04
 2.28524e-04
 2.28524e-04
 2.28524e-04
 2.28524e-04
 6.20948e-04
 6.20948e-04
 6.20948e-04
 6.20948e-04
 6.20948e-04
 1.55767e-03
 1.55767e-03
 1.55767e-03
 1.55767e-03
 1.55767e-03
 3.58604e-03
 3.58604e-03
 3.58604e-03
 3.58604e-03
 3.58604e-03
 7.71838e-03
 7.71838e-03
 7.71838e-03
 7.71838e-03
 7.71838e-03
 1.46289e-02
 1.46289e-02
 1.46289e-02
 1.46289e-02
 1.46289e-02
 2.43225e-02
 2.43225e-02
 2.43225e-02
 2.43225e-02
 2.43225e-02
 3.39453e-02
 3.39453e-02
 3.39453e-02
 3.39453e-02
 3.39453e-02
 4.01731e-02
 4.01731e-02
 4.01731e-02
 4.01731e-02
 4.01731e-02
 3.65115e-02
 3.65115e-02
 3.65115e-02
 3.65115e-02
 3.65115e-02
 2.57864e-02
 2.57864e-02
 2.57864e-02
 2.57864e-02
 2.57864e-02
 1.25625e-02
 1.25625e-02
 1.25625e-02
 1.25625e-02
 1.25625e-02
 4.15402e-03
 4.15402e-03
 4.15402e-03
 4.15402e-03
 4.15402e-03
 1.10670e-03
 1.10670e-03
 1.10670e-03
 1.10670e-03
 1.10670e-03
 2.74284e-04
 2.74284e-04
 2.74284e-04
 2.74284e-04
 2.74284e-04
 6.60629e-05
 6.60629e-05
 6.60629e-05
 6.60629e-05
 6.60629e-05
 1.56484e-05
 1.56484e-05
 1.56484e-05
 1.56484e-05
 1.56484e-05
 3.65291e-06
 3.65291e-06
 3.65291e-06
 3.65291e-06
 3.65291e-06
 8.39857e-07
 8.39857e-07
 8.39857e-07
 8.39857e-07
 8.39857e-07
 1.89962e-07
 1.89962e-07
 1.89962e-07
 1.89962e-07
 1.89962e-07
 4.22310e-08
 4.22310e-08
 4.22310e-08
 4.22310e-08
 4.22310e-08
 9.29049e-09
 9.29049e-09
 9.29049e-09
 9.29050e-09
 9.29050e-09
 2.38002e-09
 2.38002e-09
 2.38002e-09
 2.38002e-09
 2.38002e-09
 1.54227e-05
 1.54227e-05
 1.54227e-05
 1.54227e-05
 1.54227e-05
 6.93937e-05
 6.93937e-05
 6.93937e-05
 6.93937e-05
 6.93937e-05
 2.28524e-04
 2.28524e-04
 2.28524e-04
 2.28524e-04
 2.28524e-04
 6.20948e-04
 6.20948e-04
 6.20948e-04
 6.20948e-04
 6.20948e-04
 1.55767e-03
 1.55767e-03
 1.55767e-03
 1.55767e-03
 1.55767e-03
 3.58604e-03
 3.58604e-03
 3.58604e-03
 3.58604e-03
 3.58604e-03
 7.71838e-03
 7.71838e-03
 7.71838e-03
 7.71838e-03
 7.71838e-03
 1.46289e-02
 1.46289e-02
 1.46289e-02
 1.46289e-02
 1.46289e-02
 2.43225e-02
 2.43225e-02
 2.43225e-02
 2.43225e-02
 2.43225e-02
 3.39453e-02
 3.39453e-02
 3.39453e-02
 3.39453e-02
 3.39453e-02
 4.01731e-02
 4.01731e-02
 4.01731e-02
 4.01731e-02
 4.01731e-02
 3.65115e-02
 3.65115e-02
 3.65115e-02
 3.65115e-02
 3.65115e-02
 2.57864e-02
 2.57864e-02
 2.57864e-02
 2.57864e-02
 2.57864e-02
 1.25625e-02
 1.25625e-02
 1.25625e-02
 1.25625e-02
 1.25625e-02
 4.15402e-03
 4.15402e-03
 4.15402e-03
 4.15402e-03
 4.15402e-03
 1.10670e-03
 1.10670e-03
 1.10670e-03
 1.10670e-03
 1.10670e-03
 2.74284e-04
 2.74284e-04
 2.74284e-04
 2.74284e-04
 2.74284e-04
 6.60629e-05
 6.60629e-05
 6.60629e-05
 6.60629e-05
 6.60629e-05
 1.56484e-05
 1.56484e-05
 1.56484e-05
 1.56484e-05
 1.56484e-05
 3.65291e-06
 3.65291e-06
 3.65291e-06
 3.65291e-06
 3.65291e-06
 8.39857e-07
 8.39857e-07
 8.39857e-07
 8.39857e-07
 8.39857e-07
 1.89962e-07
 1.89962e-07
 1.89962e-07
 1.89962e-07
 1.89962e-07
 4.22310e-08
 4.22310e-08
 4.22310e-08
 4.22310e-08
 4.22310e-08
 9.29050e-09
 9.29050e-09
 9.29050e-09
 9.29050e-09
 9.29050e-09
 2.38002e-09
 2.38002e-09
 2.38002e-09
 2.38002e-09
 2.38002e-09
