Materiau
part
         1
hexa8
 0.00000e+00
 0.00000e+00
 0.00000e+00
 0.00000e+00
 0.00000e+00
 0.00000e+00
 0.00000e+00
 0.00000e+00
 0.00000e+00
 0.00000e+00
 0.00000e+00
 0.00000e+00
 0.00000e+00
 0.00000e+00
 0.00000e+00
 0.00000e+00
 0.00000e+00
 0.00000e+00
 0.00000e+00
 0.00000e+00
 0.00000e+00
 0.00000e+00
 0.00000e+00
 0.00000e+00
 0.00000e+00
 0.00000e+00
 0.00000e+00
 0.00000e+00
 0.00000e+00
 0.00000e+00
 0.00000e+00
 0.00000e+00
 0.00000e+00
 0.00000e+00
 0.00000e+00
 0.00000e+00
 0.00000e+00
 0.00000e+00
 0.00000e+00
 0.00000e+00
 0.00000e+00
 0.00000e+00
 0.00000e+00
 0.00000e+00
 0.00000e+00
 0.00000e+00
 0.00000e+00
 0.00000e+00
 0.00000e+00
 0.00000e+00
 0.00000e+00
 0.00000e+00
 0.00000e+00
 0.00000e+00
 0.00000e+00
 0.00000e+00
 0.00000e+00
 0.00000e+00
 0.00000e+00
 0.00000e+00
 0.00000e+00
 0.00000e+00
 0.00000e+00
 0.00000e+00
 0.00000e+00
 0.00000e+00
 0.00000e+00
 0.00000e+00
 0.00000e+00
 0.00000e+00
 0.00000e+00
 0.00000e+00
 0.00000e+00
 0.00000e+00
 0.00000e+00
 0.00000e+00
 0.00000e+00
 0.00000e+00
 0.00000e+00
 0.00000e+00
 0.00000e+00
 0.00000e+00
 0.00000e+00
 0.00000e+00
 0.00000e+00
 0.00000e+00
 0.00000e+00
 0.00000e+00
 0.00000e+00
 0.00000e+00
 0.00000e+00
 0.00000e+00
 0.00000e+00
 0.00000e+00
 0.00000e+00
 0.00000e+00
 0.00000e+00
 0.00000e+00
 0.00000e+00
 0.00000e+00
 0.00000e+00
 0.00000e+00
 0.00000e+00
 0.00000e+00
 0.00000e+00
 0.00000e+00
 0.00000e+00
 0.00000e+00
 0.00000e+00
 0.00000e+00
 0.00000e+00
 0.00000e+00
 0.00000e+00
 0.00000e+00
 0.00000e+00
 0.00000e+00
 0.00000e+00
 0.00000e+00
 0.00000e+00
 0.00000e+00
 0.00000e+00
 0.00000e+00
 0.00000e+00
 0.00000e+00
 0.00000e+00
 0.00000e+00
 0.00000e+00
 0.00000e+00
 0.00000e+00
 0.00000e+00
 0.00000e+00
 0.00000e+00
 0.00000e+00
 0.00000e+00
 0.00000e+00
 0.00000e+00
 0.00000e+00
 0.00000e+00
 0.00000e+00
 0.00000e+00
 0.00000e+00
 0.00000e+00
 0.00000e+00
 0.00000e+00
 0.00000e+00
 0.00000e+00
 0.00000e+00
 0.00000e+00
 0.00000e+00
 0.00000e+00
 0.00000e+00
 0.00000e+00
 0.00000e+00
 0.00000e+00
 0.00000e+00
 0.00000e+00
 0.00000e+00
 0.00000e+00
 0.00000e+00
 0.00000e+00
 0.00000e+00
 0.00000e+00
 0.00000e+00
 0.00000e+00
 0.00000e+00
 0.00000e+00
 0.00000e+00
 0.00000e+00
 0.00000e+00
 0.00000e+00
 0.00000e+00
 0.00000e+00
 0.00000e+00
 0.00000e+00
 0.00000e+00
 0.00000e+00
 0.00000e+00
 0.00000e+00
 0.00000e+00
 0.00000e+00
 0.00000e+00
 0.00000e+00
 0.00000e+00
 0.00000e+00
 0.00000e+00
 0.00000e+00
 0.00000e+00
 0.00000e+00
 0.00000e+00
 0.00000e+00
 0.00000e+00
 0.00000e+00
 0.00000e+00
 0.00000e+00
 0.00000e+00
 0.00000e+00
 0.00000e+00
 0.00000e+00
 0.00000e+00
 0.00000e+00
 0.00000e+00
 0.00000e+00
 0.00000e+00
 0.00000e+00
 0.00000e+00
 0.00000e+00
 0.00000e+00
 0.00000e+00
 0.00000e+00
 0.00000e+00
 0.00000e+00
 0.00000e+00
 0.00000e+00
 0.00000e+00
 0.00000e+00
 0.00000e+00
 0.00000e+00
 0.00000e+00
 0.00000e+00
 0.00000e+00
 0.00000e+00
 0.00000e+00
 0.00000e+00
 0.00000e+00
 0.00000e+00
 0.00000e+00
 0.00000e+00
 0.00000e+00
 0.00000e+00
 0.00000e+00
 0.00000e+00
 0.00000e+00
 0.00000e+00
 0.00000e+00
 0.00000e+00
 0.00000e+00
 0.00000e+00
 0.00000e+00
 0.00000e+00
 0.00000e+00
 0.00000e+00
 0.00000e+00
 0.00000e+00
 0.00000e+00
 0.00000e+00
 0.00000e+00
 0.00000e+00
 0.00000e+00
 0.00000e+00
 0.00000e+00
 0.00000e+00
 0.00000e+00
 0.00000e+00
 0.00000e+00
 0.00000e+00
 0.00000e+00
 0.00000e+00
 0.00000e+00
 0.00000e+00
 0.00000e+00
 0.00000e+00
 0.00000e+00
 0.00000e+00
 0.00000e+00
 0.00000e+00
 0.00000e+00
 0.00000e+00
 0.00000e+00
 0.00000e+00
 0.00000e+00
 0.00000e+00
 0.00000e+00
 0.00000e+00
 0.00000e+00
 0.00000e+00
 0.00000e+00
 0.00000e+00
 0.00000e+00
 0.00000e+00
 0.00000e+00
 0.00000e+00
 0.00000e+00
 0.00000e+00
 0.00000e+00
 0.00000e+00
 0.00000e+00
 0.00000e+00
 0.00000e+00
 0.00000e+00
 0.00000e+00
 0.00000e+00
 0.00000e+00
 0.00000e+00
 0.00000e+00
 0.00000e+00
 0.00000e+00
 0.00000e+00
 0.00000e+00
 0.00000e+00
 0.00000e+00
 0.00000e+00
 0.00000e+00
 0.00000e+00
 0.00000e+00
 0.00000e+00
 0.00000e+00
 0.00000e+00
 0.00000e+00
 0.00000e+00
 0.00000e+00
 0.00000e+00
 0.00000e+00
 0.00000e+00
 0.00000e+00
 0.00000e+00
 0.00000e+00
 0.00000e+00
 0.00000e+00
 0.00000e+00
 0.00000e+00
 0.00000e+00
 0.00000e+00
 0.00000e+00
 0.00000e+00
 0.00000e+00
 0.00000e+00
 0.00000e+00
 0.00000e+00
 0.00000e+00
 0.00000e+00
 0.00000e+00
 0.00000e+00
 0.00000e+00
 0.00000e+00
 0.00000e+00
 0.00000e+00
 0.00000e+00
 0.00000e+00
 0.00000e+00
 0.00000e+00
 0.00000e+00
 0.00000e+00
 0.00000e+00
 0.00000e+00
 0.00000e+00
 0.00000e+00
 0.00000e+00
 0.00000e+00
 0.00000e+00
 0.00000e+00
 0.00000e+00
 0.00000e+00
 0.00000e+00
 0.00000e+00
 0.00000e+00
 0.00000e+00
 0.00000e+00
 0.00000e+00
 0.00000e+00
 0.00000e+00
 0.00000e+00
 0.00000e+00
 0.00000e+00
 0.00000e+00
 0.00000e+00
 0.00000e+00
 0.00000e+00
 0.00000e+00
 0.00000e+00
 0.00000e+00
 0.00000e+00
 0.00000e+00
 0.00000e+00
 0.00000e+00
 0.00000e+00
 0.00000e+00
 0.00000e+00
 0.00000e+00
 0.00000e+00
 0.00000e+00
 0.00000e+00
 0.00000e+00
 0.00000e+00
 0.00000e+00
 0.00000e+00
 0.00000e+00
 0.00000e+00
 0.00000e+00
 0.00000e+00
 0.00000e+00
 0.00000e+00
 0.00000e+00
 0.00000e+00
 0.00000e+00
 0.00000e+00
 0.00000e+00
 0.00000e+00
 0.00000e+00
 0.00000e+00
 0.00000e+00
 0.00000e+00
 0.00000e+00
 0.00000e+00
 0.00000e+00
 0.00000e+00
 0.00000e+00
 0.00000e+00
 0.00000e+00
 0.00000e+00
 0.00000e+00
 0.00000e+00
 0.00000e+00
 0.00000e+00
 0.00000e+00
 0.00000e+00
 0.00000e+00
 0.00000e+00
 0.00000e+00
 0.00000e+00
 0.00000e+00
 0.00000e+00
 0.00000e+00
 0.00000e+00
 0.00000e+00
 0.00000e+00
 0.00000e+00
 0.00000e+00
 0.00000e+00
 0.00000e+00
 0.00000e+00
 0.00000e+00
 0.00000e+00
 0.00000e+00
 0.00000e+00
 0.00000e+00
 0.00000e+00
 0.00000e+00
 0.00000e+00
 0.00000e+00
 0.00000e+00
 0.00000e+00
 0.00000e+00
 0.00000e+00
 0.00000e+00
 0.00000e+00
 0.00000e+00
 0.00000e+00
 0.00000e+00
 0.00000e+00
 0.00000e+00
 0.00000e+00
 0.00000e+00
 0.00000e+00
 0.00000e+00
 0.00000e+00
 0.00000e+00
 0.00000e+00
 0.00000e+00
 0.00000e+00
 0.00000e+00
 0.00000e+00
 0.00000e+00
 0.00000e+00
 0.00000e+00
 0.00000e+00
 0.00000e+00
 0.00000e+00
 0.00000e+00
 0.00000e+00
 0.00000e+00
 0.00000e+00
 0.00000e+00
 0.00000e+00
 0.00000e+00
 0.00000e+00
 0.00000e+00
 0.00000e+00
 0.00000e+00
 1.38208e-10
 3.24557e-10
 5.68982e-10
 8.14635e-10
 9.34377e-10
 9.69050e-10
 9.70602e-10
 9.23452e-10
 8.18493e-10
 6.51934e-10
 4.44672e-10
 2.70811e-10
 1.61371e-10
 0.00000e+00
 0.00000e+00
 0.00000e+00
 0.00000e+00
 0.00000e+00
 0.00000e+00
 0.00000e+00
 0.00000e+00
 0.00000e+00
 0.00000e+00
 0.00000e+00
 0.00000e+00
 0.00000e+00
 0.00000e+00
 0.00000e+00
 0.00000e+00
 0.00000e+00
 0.00000e+00
 0.00000e+00
 0.00000e+00
 0.00000e+00
 0.00000e+00
 0.00000e+00
 0.00000e+00
 0.00000e+00
 0.00000e+00
 0.00000e+00
 0.00000e+00
 0.00000e+00
 0.00000e+00
 0.00000e+00
 0.00000e+00
 0.00000e+00
 0.00000e+00
 1.03083e-10
 3.30197e-10
 7.56528e-10
 1.55192e-09
 2.78809e-09
 4.57568e-09
 6.20008e-09
 6.91171e-09
 7.07128e-09
 7.02477e-09
 6.76981e-09
 6.17571e-09
 5.18562e-09
 3.84257e-09
 2.51879e-09
 1.62279e-09
 9.88799e-10
 5.54385e-10
 2.75719e-10
 1.51380e-10
 0.00000e+00
 0.00000e+00
 0.00000e+00
 0.00000e+00
 0.00000e+00
 0.00000e+00
 0.00000e+00
 0.00000e+00
 0.00000e+00
 0.00000e+00
 0.00000e+00
 0.00000e+00
 0.00000e+00
 0.00000e+00
 0.00000e+00
 0.00000e+00
 0.00000e+00
 0.00000e+00
 0.00000e+00
 0.00000e+00
 0.00000e+00
 0.00000e+00
 0.00000e+00
 0.00000e+00
 0.00000e+00
 0.00000e+00
 0.00000e+00
 0.00000e+00
 1.21356e-10
 4.39513e-10
 1.17003e-09
 2.61022e-09
 5.22695e-09
 9.65018e-09
 1.66019e-08
 2.66886e-08
 3.60017e-08
 4.01805e-08
 4.11863e-08
 4.09898e-08
 3.96919e-08
 3.65781e-08
 3.13161e-08
 2.40630e-08
 1.63313e-08
 1.08419e-08
 6.84195e-09
 4.25977e-09
 2.39974e-09
 1.35374e-09
 5.59801e-10
 2.61859e-10
 0.00000e+00
 0.00000e+00
 0.00000e+00
 0.00000e+00
 0.00000e+00
 0.00000e+00
 0.00000e+00
 0.00000e+00
 0.00000e+00
 0.00000e+00
 0.00000e+00
 0.00000e+00
 0.00000e+00
 0.00000e+00
 0.00000e+00
 0.00000e+00
 0.00000e+00
 0.00000e+00
 0.00000e+00
 0.00000e+00
 0.00000e+00
 0.00000e+00
 0.00000e+00
 0.00000e+00
 0.00000e+00
 3.91725e-10
 1.21368e-09
 3.05979e-09
 6.85887e-09
 1.41718e-08
 2.73302e-08
 4.94393e-08
 8.40434e-08
 1.34169e-07
 1.81424e-07
 2.03173e-07
 2.08784e-07
 2.08116e-07
 2.02392e-07
 1.88119e-07
 1.63514e-07
 1.29103e-07
 9.01716e-08
 6.07870e-08
 3.94554e-08
 2.48322e-08
 1.46745e-08
 8.36939e-09
 4.28406e-09
 2.09727e-09
 9.18080e-10
 0.00000e+00
 0.00000e+00
 0.00000e+00
 0.00000e+00
 0.00000e+00
 0.00000e+00
 0.00000e+00
 0.00000e+00
 0.00000e+00
 0.00000e+00
 0.00000e+00
 0.00000e+00
 0.00000e+00
 0.00000e+00
 0.00000e+00
 0.00000e+00
 0.00000e+00
 0.00000e+00
 0.00000e+00
 0.00000e+00
 0.00000e+00
 0.00000e+00
 2.11246e-10
 8.87352e-10
 2.59841e-09
 6.57257e-09
 1.51785e-08
 3.26378e-08
 6.58720e-08
 1.25158e-07
 2.24088e-07
 3.78074e-07
 6.00424e-07
 8.12932e-07
 9.12924e-07
 9.40324e-07
 9.38615e-07
 9.16287e-07
 8.58298e-07
 7.56336e-07
 6.11709e-07
 4.40372e-07
 3.01158e-07
 1.99528e-07
 1.27077e-07
 7.67982e-08
 4.42592e-08
 2.39382e-08
 1.21477e-08
 5.98448e-09
 2.22063e-09
 6.30277e-10
 0.00000e+00
 0.00000e+00
 0.00000e+00
 0.00000e+00
 0.00000e+00
 0.00000e+00
 0.00000e+00
 0.00000e+00
 0.00000e+00
 0.00000e+00
 0.00000e+00
 0.00000e+00
 0.00000e+00
 0.00000e+00
 0.00000e+00
 0.00000e+00
 0.00000e+00
 0.00000e+00
 0.00000e+00
 4.14271e-10
 1.58646e-09
 4.67024e-09
 1.21596e-08
 2.91720e-08
 6.54523e-08
 1.38134e-07
 2.74904e-07
 5.16448e-07
 9.16107e-07
 1.53397e-06
 2.42195e-06
 3.27635e-06
 3.68586e-06
 3.80416e-06
 3.80184e-06
 3.72408e-06
 3.51317e-06
 3.13513e-06
 2.59160e-06
 1.92579e-06
 1.33860e-06
 9.02736e-07
 5.83503e-07
 3.58413e-07
 2.09011e-07
 1.15373e-07
 6.00435e-08
 2.98221e-08
 1.39955e-08
 4.68616e-09
 0.00000e+00
 0.00000e+00
 0.00000e+00
 0.00000e+00
 0.00000e+00
 0.00000e+00
 0.00000e+00
 0.00000e+00
 0.00000e+00
 0.00000e+00
 0.00000e+00
 0.00000e+00
 0.00000e+00
 0.00000e+00
 0.00000e+00
 0.00000e+00
 0.00000e+00
 1.11027e-10
 6.50099e-10
 2.41592e-09
 7.29392e-09
 1.97495e-08
 4.94710e-08
 1.15978e-07
 2.55766e-07
 5.31997e-07
 1.04527e-06
 1.94155e-06
 3.41015e-06
 5.66248e-06
 8.87965e-06
 1.19743e-05
 1.34801e-05
 1.39357e-05
 1.39417e-05
 1.36983e-05
 1.30065e-05
 1.17428e-05
 9.90216e-06
 7.59864e-06
 5.38184e-06
 3.69259e-06
 2.42470e-06
 1.51183e-06
 8.92866e-07
 4.99127e-07
 2.64135e-07
 1.31747e-07
 6.53358e-08
 2.33333e-08
 0.00000e+00
 0.00000e+00
 0.00000e+00
 0.00000e+00
 0.00000e+00
 0.00000e+00
 0.00000e+00
 0.00000e+00
 0.00000e+00
 0.00000e+00
 0.00000e+00
 0.00000e+00
 0.00000e+00
 0.00000e+00
 0.00000e+00
 0.00000e+00
 1.32993e-10
 8.25152e-10
 3.16495e-09
 9.99463e-09
 2.83893e-08
 7.45838e-08
 1.83124e-07
 4.22297e-07
 9.17458e-07
 1.88177e-06
 3.64928e-06
 6.69750e-06
 1.16378e-05
 1.91451e-05
 2.97872e-05
 3.99482e-05
 4.49522e-05
 4.65285e-05
 4.65923e-05
 4.59012e-05
 4.38429e-05
 4.00101e-05
 3.43573e-05
 2.72032e-05
 1.97022e-05
 1.37551e-05
 9.18007e-06
 5.80922e-06
 3.47559e-06
 1.96488e-06
 1.05272e-06
 5.28797e-07
 2.67060e-07
 9.77761e-08
 0.00000e+00
 0.00000e+00
 0.00000e+00
 0.00000e+00
 0.00000e+00
 0.00000e+00
 0.00000e+00
 0.00000e+00
 0.00000e+00
 0.00000e+00
 0.00000e+00
 0.00000e+00
 0.00000e+00
 0.00000e+00
 0.00000e+00
 1.31651e-10
 8.85094e-10
 3.60711e-09
 1.20634e-08
 3.62048e-08
 1.00246e-07
 2.58681e-07
 6.25265e-07
 1.42053e-06
 3.04144e-06
 6.15022e-06
 1.17657e-05
 2.13198e-05
 3.66172e-05
 5.96220e-05
 9.19325e-05
 1.22332e-04
 1.37440e-04
 1.42371e-04
 1.42688e-04
 1.40897e-04
 1.35314e-04
 1.24711e-04
 1.08879e-04
 8.86448e-05
 6.61340e-05
 4.69439e-05
 3.18537e-05
 2.04607e-05
 1.24022e-05
 7.08975e-06
 3.83875e-06
 1.94376e-06
 9.91812e-07
 3.67192e-07
 0.00000e+00
 0.00000e+00
 0.00000e+00
 0.00000e+00
 0.00000e+00
 0.00000e+00
 0.00000e+00
 0.00000e+00
 0.00000e+00
 0.00000e+00
 0.00000e+00
 0.00000e+00
 0.00000e+00
 0.00000e+00
 1.06191e-10
 8.10368e-10
 3.58874e-09
 1.28352e-08
 4.09587e-08
 1.20131e-07
 3.27203e-07
 8.31977e-07
 1.98212e-06
 4.43815e-06
 9.36452e-06
 1.86634e-05
 3.52018e-05
 6.29305e-05
 1.06738e-04
 1.71850e-04
 2.62277e-04
 3.45485e-04
 3.87111e-04
 4.01124e-04
 4.02326e-04
 3.98071e-04
 3.84205e-04
 3.57338e-04
 3.16711e-04
 2.64277e-04
 2.03973e-04
 1.47529e-04
 1.01831e-04
 6.64120e-05
 4.07869e-05
 2.35753e-05
 1.28910e-05
 6.57976e-06
 3.38602e-06
 1.26210e-06
 0.00000e+00
 0.00000e+00
 0.00000e+00
 0.00000e+00
 0.00000e+00
 0.00000e+00
 0.00000e+00
 0.00000e+00
 0.00000e+00
 0.00000e+00
 0.00000e+00
 0.00000e+00
 0.00000e+00
 0.00000e+00
 6.16308e-10
 3.11006e-09
 1.20183e-08
 4.10422e-08
 1.28163e-07
 3.70183e-07
 9.94465e-07
 2.49429e-06
 5.86002e-06
 1.29340e-05
 2.68930e-05
 5.28088e-05
 9.81506e-05
 1.72981e-04
 2.89479e-04
 4.60387e-04
 6.94477e-04
 9.03491e-04
 1.00853e-03
 1.04489e-03
 1.04871e-03
 1.03943e-03
 1.00779e-03
 9.45212e-04
 8.49340e-04
 7.24285e-04
 5.78704e-04
 4.28668e-04
 3.01319e-04
 1.99615e-04
 1.24214e-04
 7.25854e-05
 4.00645e-05
 2.06074e-05
 1.06891e-05
 4.00559e-06
 0.00000e+00
 0.00000e+00
 0.00000e+00
 0.00000e+00
 0.00000e+00
 0.00000e+00
 0.00000e+00
 0.00000e+00
 0.00000e+00
 0.00000e+00
 0.00000e+00
 0.00000e+00
 0.00000e+00
 3.76190e-10
 2.32686e-09
 9.87637e-09
 3.63377e-08
 1.21440e-07
 3.73741e-07
 1.06567e-06
 2.82659e-06
 6.99744e-06
 1.62173e-05
 3.52899e-05
 7.23044e-05
 1.39855e-04
 2.56011e-04
 4.44483e-04
 7.33224e-04
 1.15068e-03
 1.71268e-03
 2.19561e-03
 2.43909e-03
 2.52550e-03
 2.53611e-03
 2.51749e-03
 2.45101e-03
 2.31674e-03
 2.10815e-03
 1.83280e-03
 1.50856e-03
 1.15750e-03
 8.29017e-04
 5.58044e-04
 3.51817e-04
 2.07774e-04
 1.15713e-04
 5.99522e-05
 3.13323e-05
 1.17975e-05
 0.00000e+00
 0.00000e+00
 0.00000e+00
 0.00000e+00
 0.00000e+00
 0.00000e+00
 0.00000e+00
 0.00000e+00
 0.00000e+00
 0.00000e+00
 0.00000e+00
 0.00000e+00
 1.84088e-10
 1.48233e-09
 7.08390e-09
 2.83303e-08
 1.01888e-07
 3.35713e-07
 1.02074e-06
 2.87637e-06
 7.53790e-06
 1.84276e-05
 4.21469e-05
 9.04430e-05
 1.82607e-04
 3.47851e-04
 6.26866e-04
 1.07140e-03
 1.74056e-03
 2.69245e-03
 3.94573e-03
 4.97343e-03
 5.49299e-03
 5.68178e-03
 5.70809e-03
 5.67375e-03
 5.54500e-03
 5.27924e-03
 4.86025e-03
 4.29970e-03
 3.63047e-03
 2.89241e-03
 2.12908e-03
 1.45684e-03
 9.30272e-04
 5.54907e-04
 3.11622e-04
 1.62550e-04
 8.55620e-05
 3.23609e-05
 0.00000e+00
 0.00000e+00
 0.00000e+00
 0.00000e+00
 0.00000e+00
 0.00000e+00
 0.00000e+00
 0.00000e+00
 0.00000e+00
 0.00000e+00
 0.00000e+00
 0.00000e+00
 7.71939e-10
 4.39383e-09
 1.93506e-08
 7.53933e-08
 2.67316e-07
 8.70749e-07
 2.61881e-06
 7.29880e-06
 1.89104e-05
 4.56779e-05
 1.03149e-04
 2.18356e-04
 4.34516e-04
 8.15108e-04
 1.44557e-03
 2.43060e-03
 3.88499e-03
 5.91664e-03
 8.51404e-03
 1.05290e-02
 1.15515e-02
 1.19315e-02
 1.19905e-02
 1.19325e-02
 1.17028e-02
 1.12177e-02
 1.04408e-02
 9.38582e-03
 8.10508e-03
 6.66389e-03
 5.11293e-03
 3.56481e-03
 2.30403e-03
 1.38673e-03
 7.84631e-04
 4.11840e-04
 2.18269e-04
 8.29098e-05
 0.00000e+00
 0.00000e+00
 0.00000e+00
 0.00000e+00
 0.00000e+00
 0.00000e+00
 0.00000e+00
 0.00000e+00
 0.00000e+00
 0.00000e+00
 0.00000e+00
 3.03196e-10
 2.30930e-09
 1.14903e-08
 4.89455e-08
 1.87851e-07
 6.58791e-07
 2.12441e-06
 6.32547e-06
 1.74492e-05
 4.47266e-05
 1.06817e-04
 2.38296e-04
 4.97873e-04
 9.76786e-04
 1.80460e-03
 3.14891e-03
 5.20576e-03
 8.17897e-03
 1.22479e-02
 1.72436e-02
 2.08810e-02
 2.27385e-02
 2.34451e-02
 2.35659e-02
 2.34766e-02
 2.31001e-02
 2.22852e-02
 2.09577e-02
 1.91250e-02
 1.68564e-02
 1.42421e-02
 1.13466e-02
 8.21421e-03
 5.35940e-03
 3.24942e-03
 1.85083e-03
 9.77098e-04
 5.21333e-04
 1.98890e-04
 0.00000e+00
 0.00000e+00
 0.00000e+00
 0.00000e+00
 0.00000e+00
 0.00000e+00
 0.00000e+00
 0.00000e+00
 0.00000e+00
 0.00000e+00
 0.00000e+00
 9.84777e-10
 5.85575e-09
 2.76771e-08
 1.15855e-07
 4.39903e-07
 1.52844e-06
 4.88409e-06
 1.44088e-05
 3.93703e-05
 9.99123e-05
 2.36089e-04
 5.20688e-04
 1.07439e-03
 2.07926e-03
 3.78447e-03
 6.49752e-03
 1.05575e-02
 1.62914e-02
 2.39571e-02
 3.28311e-02
 3.88659e-02
 4.19827e-02
 4.31982e-02
 4.34266e-02
 4.33032e-02
 4.27400e-02
 4.14863e-02
 3.94041e-02
 3.64740e-02
 3.27634e-02
 2.83643e-02
 2.33301e-02
 1.76499e-02
 1.17118e-02
 7.14666e-03
 4.09586e-03
 2.17451e-03
 1.16825e-03
 4.47755e-04
 0.00000e+00
 0.00000e+00
 0.00000e+00
 0.00000e+00
 0.00000e+00
 0.00000e+00
 0.00000e+00
 0.00000e+00
 0.00000e+00
 0.00000e+00
 3.05669e-10
 2.49637e-09
 1.34902e-08
 6.22609e-08
 2.57726e-07
 9.70189e-07
 3.34336e-06
 1.05958e-05
 3.09959e-05
 8.39527e-05
 2.11095e-04
 4.93927e-04
 1.07780e-03
 2.19810e-03
 4.19935e-03
 7.53437e-03
 1.27324e-02
 2.03334e-02
 3.07994e-02
 4.44221e-02
 5.88065e-02
 6.79973e-02
 7.28186e-02
 7.47558e-02
 7.51587e-02
 7.50114e-02
 7.42534e-02
 7.25047e-02
 6.95295e-02
 6.52415e-02
 5.96526e-02
 5.27905e-02
 4.46227e-02
 3.50302e-02
 2.41021e-02
 1.47689e-02
 8.51329e-03
 4.54696e-03
 2.46146e-03
 9.48338e-04
 0.00000e+00
 0.00000e+00
 0.00000e+00
 0.00000e+00
 0.00000e+00
 0.00000e+00
 0.00000e+00
 0.00000e+00
 0.00000e+00
 0.00000e+00
 8.25810e-10
 5.57011e-09
 2.88800e-08
 1.31521e-07
 5.39986e-07
 2.01791e-06
 6.90338e-06
 2.17157e-05
 6.30382e-05
 1.69377e-04
 4.22314e-04
 9.79273e-04
 2.11608e-03
 4.26933e-03
 8.05888e-03
 1.42654e-02
 2.37466e-02
 3.72928e-02
 5.54508e-02
 7.82651e-02
 9.91353e-02
 1.11970e-01
 1.18752e-01
 1.21605e-01
 1.22283e-01
 1.22149e-01
 1.21263e-01
 1.19103e-01
 1.15291e-01
 1.09597e-01
 1.01871e-01
 9.19459e-02
 7.95714e-02
 6.44236e-02
 4.62603e-02
 2.86540e-02
 1.66442e-02
 8.95352e-03
 4.88958e-03
 1.89534e-03
 0.00000e+00
 0.00000e+00
 0.00000e+00
 0.00000e+00
 0.00000e+00
 0.00000e+00
 0.00000e+00
 0.00000e+00
 0.00000e+00
 1.82263e-10
 1.87420e-09
 1.14002e-08
 5.79280e-08
 2.61580e-07
 1.06700e-06
 3.96222e-06
 1.34676e-05
 4.20826e-05
 1.21316e-04
 3.23608e-04
 8.00708e-04
 1.84157e-03
 3.94414e-03
 7.87982e-03
 1.47115e-02
 2.57201e-02
 4.22183e-02
 6.52854e-02
 9.54226e-02
 1.30691e-01
 1.57787e-01
 1.73837e-01
 1.82128e-01
 1.85778e-01
 1.86941e-01
 1.86922e-01
 1.86136e-01
 1.83923e-01
 1.79692e-01
 1.72927e-01
 1.63139e-01
 1.49803e-01
 1.32310e-01
 1.10008e-01
 8.24123e-02
 5.23468e-02
 3.06926e-02
 1.66608e-02
 9.19215e-03
 3.58830e-03
 0.00000e+00
 0.00000e+00
 0.00000e+00
 0.00000e+00
 0.00000e+00
 0.00000e+00
 0.00000e+00
 0.00000e+00
 0.00000e+00
 4.60470e-10
 3.73111e-09
 2.17513e-08
 1.09293e-07
 4.90544e-07
 1.99025e-06
 7.35046e-06
 2.48430e-05
 7.71688e-05
 2.21089e-04
 5.85927e-04
 1.43982e-03
 3.28716e-03
 6.98397e-03
 1.38296e-02
 2.55636e-02
 4.41906e-02
 7.16093e-02
 1.09157e-01
 1.57487e-01
 2.06489e-01
 2.37769e-01
 2.54939e-01
 2.62917e-01
 2.65947e-01
 2.67325e-01
 2.68137e-01
 2.67877e-01
 2.66511e-01
 2.62769e-01
 2.55649e-01
 2.44210e-01
 2.27625e-01
 2.04871e-01
 1.74688e-01
 1.36131e-01
 9.05414e-02
 5.37061e-02
 2.94567e-02
 1.64376e-02
 6.46637e-03
 0.00000e+00
 0.00000e+00
 0.00000e+00
 0.00000e+00
 0.00000e+00
 0.00000e+00
 0.00000e+00
 0.00000e+00
 0.00000e+00
 9.27560e-10
 6.82517e-09
 3.89354e-08
 1.94318e-07
 8.68185e-07
 3.50680e-06
 1.28914e-05
 4.33570e-05
 1.33983e-04
 3.81774e-04
 1.00597e-03
 2.45695e-03
 5.57267e-03
 1.17554e-02
 2.30932e-02
 4.23013e-02
 7.23676e-02
 1.15891e-01
 1.74316e-01
 2.46756e-01
 3.09877e-01
 3.40865e-01
 3.53219e-01
 3.56633e-01
 3.55822e-01
 3.51310e-01
 3.47859e-01
 3.47450e-01
 3.47430e-01
 3.47457e-01
 3.44372e-01
 3.36376e-01
 3.20711e-01
 2.95314e-01
 2.58859e-01
 2.09857e-01
 1.48292e-01
 8.97961e-02
 4.98399e-02
 2.81321e-02
 1.11518e-02
 0.00000e+00
 0.00000e+00
 0.00000e+00
 0.00000e+00
 0.00000e+00
 0.00000e+00
 0.00000e+00
 0.00000e+00
 1.47703e-10
 1.71057e-09
 1.16285e-08
 6.55874e-08
 3.25896e-07
 1.45094e-06
 5.83954e-06
 2.13838e-05
 7.16202e-05
 2.20346e-04
 6.24907e-04
 1.63842e-03
 3.98048e-03
 8.97682e-03
 1.88187e-02
 3.67110e-02
 6.66959e-02
 1.12958e-01
 1.78746e-01
 2.65406e-01
 3.50816e-01
 4.04292e-01
 4.34482e-01
 4.42089e-01
 4.40916e-01
 4.36142e-01
 4.26834e-01
 4.16588e-01
 4.13281e-01
 4.13047e-01
 4.14100e-01
 4.17285e-01
 4.16647e-01
 4.11315e-01
 3.94644e-01
 3.59848e-01
 3.04219e-01
 2.29338e-01
 1.45147e-01
 8.12968e-02
 4.63490e-02
 1.84960e-02
 0.00000e+00
 0.00000e+00
 0.00000e+00
 0.00000e+00
 0.00000e+00
 0.00000e+00
 0.00000e+00
 0.00000e+00
 2.89683e-10
 2.77698e-09
 1.83801e-08
 1.03039e-07
 5.10437e-07
 2.26595e-06
 9.08955e-06
 3.31584e-05
 1.10575e-04
 3.38515e-04
 9.54733e-04
 2.48767e-03
 6.00193e-03
 1.34316e-02
 2.79159e-02
 5.39281e-02
 9.68650e-02
 1.61726e-01
 2.50590e-01
 3.47724e-01
 4.15297e-01
 4.56901e-01
 4.82701e-01
 4.99669e-01
 5.04696e-01
 5.01836e-01
 4.95232e-01
 4.85569e-01
 4.78112e-01
 4.77093e-01
 4.78527e-01
 4.83358e-01
 4.87625e-01
 4.86707e-01
 4.79163e-01
 4.56952e-01
 4.10325e-01
 3.32177e-01
 2.27356e-01
 1.28619e-01
 7.38077e-02
 2.95923e-02
 0.00000e+00
 0.00000e+00
 0.00000e+00
 0.00000e+00
 0.00000e+00
 0.00000e+00
 0.00000e+00
 0.00000e+00
 3.88089e-10
 3.59194e-09
 2.35258e-08
 1.31593e-07
 6.51078e-07
 2.88510e-06
 1.15435e-05
 4.19677e-05
 1.39364e-04
 4.24512e-04
 1.19033e-03
 3.08122e-03
 7.38003e-03
 1.63854e-02
 3.37677e-02
 6.46532e-02
 1.15057e-01
 1.90275e-01
 2.91508e-01
 3.85236e-01
 4.43430e-01
 4.79339e-01
 5.03884e-01
 5.24918e-01
 5.43092e-01
 5.51409e-01
 5.50994e-01
 5.48174e-01
 5.44120e-01
 5.41676e-01
 5.41798e-01
 5.43523e-01
 5.45533e-01
 5.44922e-01
 5.39276e-01
 5.22399e-01
 4.86505e-01
 4.23149e-01
 3.25253e-01
 1.98395e-01
 1.13623e-01
 4.56666e-02
 0.00000e+00
 0.00000e+00
 0.00000e+00
 0.00000e+00
 0.00000e+00
 0.00000e+00
 0.00000e+00
 0.00000e+00
 4.29191e-10
 3.89374e-09
 2.53992e-08
 1.42033e-07
 7.02727e-07
 3.11310e-06
 1.24480e-05
 4.52123e-05
 1.49938e-04
 4.55952e-04
 1.27588e-03
 3.29484e-03
 7.87046e-03
 1.74222e-02
 3.57883e-02
 6.82868e-02
 1.21099e-01
 1.99620e-01
 3.04562e-01
 3.95775e-01
 4.50633e-01
 4.84689e-01
 5.09724e-01
 5.32810e-01
 5.56470e-01
 5.77330e-01
 5.88412e-01
 5.91731e-01
 5.91361e-01
 5.90409e-01
 5.89130e-01
 5.87586e-01
 5.85295e-01
 5.81038e-01
 5.72567e-01
 5.55840e-01
 5.24906e-01
 4.72284e-01
 3.90825e-01
 2.74944e-01
 1.65254e-01
 6.74662e-02
 0.00000e+00
 0.00000e+00
 0.00000e+00
 0.00000e+00
 0.00000e+00
 0.00000e+00
 0.00000e+00
 0.00000e+00
 4.37228e-10
 3.92788e-09
 2.55901e-08
 1.43127e-07
 7.08297e-07
 3.13818e-06
 1.25485e-05
 4.55733e-05
 1.51105e-04
 4.59357e-04
 1.28485e-03
 3.31623e-03
 7.91651e-03
 1.75110e-02
 3.59409e-02
 6.85155e-02
 1.21388e-01
 1.99920e-01
 3.04778e-01
 3.95367e-01
 4.49748e-01
 4.83758e-01
 5.09273e-01
 5.33121e-01
 5.57914e-01
 5.84466e-01
 6.03486e-01
 6.12374e-01
 6.14704e-01
 6.14574e-01
 6.13168e-01
 6.09879e-01
 6.04363e-01
 5.96212e-01
 5.84308e-01
 5.65997e-01
 5.36523e-01
 4.89259e-01
 4.17262e-01
 3.13465e-01
 2.01969e-01
 8.56635e-02
 0.00000e+00
 0.00000e+00
 0.00000e+00
 0.00000e+00
 0.00000e+00
 0.00000e+00
 0.00000e+00
 0.00000e+00
 4.27575e-10
 3.84320e-09
 2.50548e-08
 1.40220e-07
 6.94276e-07
 3.07741e-06
 1.23098e-05
 4.47181e-05
 1.48294e-04
 4.50840e-04
 1.26098e-03
 3.25409e-03
 7.76580e-03
 1.71699e-02
 3.52178e-02
 6.70787e-02
 1.18708e-01
 1.95227e-01
 2.97456e-01
 3.87376e-01
 4.42103e-01
 4.77050e-01
 5.03908e-01
 5.29200e-01
 5.55274e-01
 5.83562e-01
 6.04909e-01
 6.16263e-01
 6.20071e-01
 6.20310e-01
 6.19004e-01
 6.15171e-01
 6.08314e-01
 5.98382e-01
 5.84925e-01
 5.65777e-01
 5.36270e-01
 4.90090e-01
 4.21230e-01
 3.23477e-01
 2.15011e-01
 9.39453e-02
 0.00000e+00
 0.00000e+00
 0.00000e+00
 0.00000e+00
 0.00000e+00
 0.00000e+00
 0.00000e+00
 0.00000e+00
 3.89830e-10
 3.54596e-09
 2.32021e-08
 1.30089e-07
 6.45063e-07
 2.86294e-06
 1.14647e-05
 4.16868e-05
 1.38345e-04
 4.20826e-04
 1.17743e-03
 3.03875e-03
 7.25061e-03
 1.60230e-02
 3.28375e-02
 6.24665e-02
 1.10354e-01
 1.81060e-01
 2.75528e-01
 3.65074e-01
 4.22303e-01
 4.60078e-01
 4.89409e-01
 5.16852e-01
 5.44965e-01
 5.75543e-01
 5.99740e-01
 6.12967e-01
 6.17791e-01
 6.18306e-01
 6.17105e-01
 6.13199e-01
 6.05830e-01
 5.94773e-01
 5.79553e-01
 5.58447e-01
 5.27888e-01
 4.82441e-01
 4.15934e-01
 3.21805e-01
 2.15999e-01
 9.55198e-02
 0.00000e+00
 0.00000e+00
 0.00000e+00
 0.00000e+00
 0.00000e+00
 0.00000e+00
 0.00000e+00
 0.00000e+00
 3.15089e-10
 2.94822e-09
 1.94618e-08
 1.09556e-07
 5.44948e-07
 2.42535e-06
 9.73667e-06
 3.54820e-05
 1.17979e-04
 3.59448e-04
 1.00696e-03
 2.60105e-03
 6.20891e-03
 1.37203e-02
 2.81022e-02
 5.33977e-02
 9.41754e-02
 1.54191e-01
 2.34130e-01
 3.21875e-01
 3.86034e-01
 4.29535e-01
 4.62489e-01
 4.92143e-01
 5.21975e-01
 5.53953e-01
 5.81450e-01
 5.98275e-01
 6.05506e-01
 6.06858e-01
 6.05926e-01
 6.02058e-01
 5.93867e-01
 5.80636e-01
 5.61930e-01
 5.36940e-01
 5.03692e-01
 4.58477e-01
 3.96127e-01
 3.09858e-01
 2.11120e-01
 9.46937e-02
 0.00000e+00
 0.00000e+00
 0.00000e+00
 0.00000e+00
 0.00000e+00
 0.00000e+00
 0.00000e+00
 0.00000e+00
 2.03320e-10
 2.02886e-09
 1.36725e-08
 7.76634e-08
 3.88970e-07
 1.74188e-06
 7.03236e-06
 2.57580e-05
 8.60358e-05
 2.63165e-04
 7.39686e-04
 1.91577e-03
 4.58223e-03
 1.01391e-02
 2.07832e-02
 3.95106e-02
 6.97456e-02
 1.14508e-01
 1.75484e-01
 2.52748e-01
 3.31198e-01
 3.84387e-01
 4.21841e-01
 4.52728e-01
 4.82464e-01
 5.13242e-01
 5.42733e-01
 5.64120e-01
 5.75277e-01
 5.78389e-01
 5.77922e-01
 5.74299e-01
 5.65243e-01
 5.49214e-01
 5.25630e-01
 4.94755e-01
 4.57038e-01
 4.11622e-01
 3.55136e-01
 2.81154e-01
 1.95706e-01
 9.02077e-02
 0.00000e+00
 0.00000e+00
 0.00000e+00
 0.00000e+00
 0.00000e+00
 0.00000e+00
 0.00000e+00
 0.00000e+00
 1.15330e-10
 1.14718e-09
 7.91175e-09
 4.56282e-08
 2.31037e-07
 1.04480e-06
 4.25793e-06
 1.57404e-05
 5.30602e-05
 1.63812e-04
 4.64851e-04
 1.21614e-03
 2.94076e-03
 6.58701e-03
 1.36945e-02
 2.64814e-02
 4.77455e-02
 8.05166e-02
 1.27516e-01
 1.90473e-01
 2.65665e-01
 3.27424e-01
 3.68819e-01
 3.98704e-01
 4.25247e-01
 4.51778e-01
 4.78985e-01
 5.04951e-01
 5.21262e-01
 5.27177e-01
 5.27370e-01
 5.24209e-01
 5.14526e-01
 4.95712e-01
 4.66655e-01
 4.28376e-01
 3.84612e-01
 3.39608e-01
 2.91241e-01
 2.32992e-01
 1.66144e-01
 7.95403e-02
 0.00000e+00
 0.00000e+00
 0.00000e+00
 0.00000e+00
 0.00000e+00
 0.00000e+00
 0.00000e+00
 0.00000e+00
 0.00000e+00
 6.13196e-10
 4.71466e-09
 2.77822e-08
 1.42863e-07
 6.55361e-07
 2.70807e-06
 1.01491e-05
 3.46870e-05
 1.08611e-04
 3.12783e-04
 8.31228e-04
 2.04441e-03
 4.66573e-03
 9.90471e-03
 1.96073e-02
 3.62941e-02
 6.30204e-02
 1.02989e-01
 1.58692e-01
 2.26168e-01
 2.76481e-01
 3.09856e-01
 3.33698e-01
 3.53537e-01
 3.72995e-01
 3.94272e-01
 4.20788e-01
 4.43017e-01
 4.52073e-01
 4.53121e-01
 4.50423e-01
 4.40596e-01
 4.19878e-01
 3.86618e-01
 3.43791e-01
 2.97455e-01
 2.53743e-01
 2.12226e-01
 1.67728e-01
 1.21706e-01
 6.12688e-02
 0.00000e+00
 0.00000e+00
 0.00000e+00
 0.00000e+00
 0.00000e+00
 0.00000e+00
 0.00000e+00
 0.00000e+00
 0.00000e+00
 3.60099e-10
 3.04438e-09
 1.85590e-08
 9.74474e-08
 4.55178e-07
 1.91321e-06
 7.28993e-06
 2.53274e-05
 8.06270e-05
 2.36153e-04
 6.38690e-04
 1.60004e-03
 3.72327e-03
 8.06812e-03
 1.63192e-02
 3.08804e-02
 5.47895e-02
 9.13657e-02
 1.43476e-01
 2.03428e-01
 2.41507e-01
 2.62784e-01
 2.77169e-01
 2.88967e-01
 3.00713e-01
 3.14031e-01
 3.31831e-01
 3.54577e-01
 3.64846e-01
 3.66190e-01
 3.64215e-01
 3.56324e-01
 3.39471e-01
 3.13017e-01
 2.77971e-01
 2.37274e-01
 1.93402e-01
 1.51358e-01
 1.08687e-01
 7.67491e-02
 3.85949e-02
 0.00000e+00
 0.00000e+00
 0.00000e+00
 0.00000e+00
 0.00000e+00
 0.00000e+00
 0.00000e+00
 0.00000e+00
 0.00000e+00
 2.40298e-10
 2.19088e-09
 1.37661e-08
 7.36601e-08
 3.49911e-07
 1.49457e-06
 5.78395e-06
 2.04036e-05
 6.59409e-05
 1.96085e-04
 5.38507e-04
 1.37024e-03
 3.23948e-03
 7.13323e-03
 1.46598e-02
 2.81667e-02
 5.06583e-02
 8.53448e-02
 1.34793e-01
 1.86130e-01
 2.14100e-01
 2.26925e-01
 2.33396e-01
 2.39318e-01
 2.45277e-01
 2.52650e-01
 2.64005e-01
 2.81840e-01
 2.96823e-01
 2.99832e-01
 2.99031e-01
 2.94400e-01
 2.83101e-01
 2.63238e-01
 2.34392e-01
 1.97535e-01
 1.53791e-01
 1.10318e-01
 7.24402e-02
 4.89495e-02
 2.28738e-02
 0.00000e+00
 0.00000e+00
 0.00000e+00
 0.00000e+00
 0.00000e+00
 0.00000e+00
 0.00000e+00
 0.00000e+00
 0.00000e+00
 1.69916e-10
 1.66026e-09
 1.08016e-08
 5.89299e-08
 2.84112e-07
 1.23005e-06
 4.82273e-06
 1.72313e-05
 5.63950e-05
 1.69814e-04
 4.72237e-04
 1.21677e-03
 2.91288e-03
 6.49405e-03
 1.35079e-02
 2.62481e-02
 4.76765e-02
 8.09125e-02
 1.27667e-01
 1.69053e-01
 1.89002e-01
 1.95713e-01
 1.97017e-01
 1.96567e-01
 1.97443e-01
 1.99899e-01
 2.06518e-01
 2.19754e-01
 2.38745e-01
 2.48580e-01
 2.49489e-01
 2.47422e-01
 2.40151e-01
 2.25067e-01
 2.00749e-01
 1.66990e-01
 1.24132e-01
 8.15998e-02
 4.94981e-02
 3.16476e-02
 1.36269e-02
 0.00000e+00
 0.00000e+00
 0.00000e+00
 0.00000e+00
 0.00000e+00
 0.00000e+00
 0.00000e+00
 0.00000e+00
 0.00000e+00
 1.22912e-10
 1.26501e-09
 8.46158e-09
 4.70131e-08
 2.30059e-07
 1.00963e-06
 4.00989e-06
 1.45077e-05
 4.80728e-05
 1.46553e-04
 4.12611e-04
 1.07636e-03
 2.60872e-03
 5.88734e-03
 1.23922e-02
 2.43518e-02
 4.46753e-02
 7.64143e-02
 1.19802e-01
 1.51247e-01
 1.63705e-01
 1.66013e-01
 1.64274e-01
 1.57844e-01
 1.51994e-01
 1.51953e-01
 1.55399e-01
 1.65316e-01
 1.83595e-01
 2.01512e-01
 2.06837e-01
 2.06422e-01
 2.01977e-01
 1.90495e-01
 1.69941e-01
 1.39389e-01
 9.87026e-02
 5.99148e-02
 3.38946e-02
 2.02620e-02
 8.24486e-03
 0.00000e+00
 0.00000e+00
 0.00000e+00
 0.00000e+00
 0.00000e+00
 0.00000e+00
 0.00000e+00
 0.00000e+00
 0.00000e+00
 0.00000e+00
 8.61499e-10
 6.15396e-09
 3.52698e-08
 1.76802e-07
 7.91633e-07
 3.20119e-06
 1.17788e-05
 3.96630e-05
 1.22802e-04
 3.50960e-04
 9.28884e-04
 2.28286e-03
 5.22064e-03
 1.11258e-02
 2.21113e-02
 4.09743e-02
 7.07121e-02
 1.09050e-01
 1.31031e-01
 1.37242e-01
 1.36857e-01
 1.32009e-01
 1.20091e-01
 1.09988e-01
 1.08386e-01
 1.10290e-01
 1.17541e-01
 1.32563e-01
 1.54006e-01
 1.65285e-01
 1.66784e-01
 1.64398e-01
 1.56105e-01
 1.39172e-01
 1.11952e-01
 7.45080e-02
 4.21512e-02
 2.25102e-02
 1.26648e-02
 4.92331e-03
 0.00000e+00
 0.00000e+00
 0.00000e+00
 0.00000e+00
 0.00000e+00
 0.00000e+00
 0.00000e+00
 0.00000e+00
 0.00000e+00
 0.00000e+00
 4.94487e-10
 3.92823e-09
 2.33741e-08
 1.21180e-07
 5.60959e-07
 2.33949e-06
 8.83439e-06
 3.04353e-05
 9.61933e-05
 2.80139e-04
 7.54357e-04
 1.88346e-03
 4.36949e-03
 9.43277e-03
 1.89643e-02
 3.55154e-02
 6.19371e-02
 9.28713e-02
 1.06564e-01
 1.08722e-01
 1.06879e-01
 9.97168e-02
 8.55833e-02
 7.51914e-02
 7.31191e-02
 7.42433e-02
 7.94631e-02
 9.11610e-02
 1.09864e-01
 1.23675e-01
 1.26950e-01
 1.26034e-01
 1.20523e-01
 1.07153e-01
 8.37943e-02
 5.18549e-02
 2.78866e-02
 1.42779e-02
 7.65704e-03
 2.86450e-03
 0.00000e+00
 0.00000e+00
 0.00000e+00
 0.00000e+00
 0.00000e+00
 0.00000e+00
 0.00000e+00
 0.00000e+00
 0.00000e+00
 0.00000e+00
 2.94170e-10
 2.40625e-09
 1.40555e-08
 7.24178e-08
 3.36846e-07
 1.42364e-06
 5.50684e-06
 1.95113e-05
 6.34766e-05
 1.90144e-04
 5.25820e-04
 1.34544e-03
 3.19063e-03
 7.01588e-03
 1.43266e-02
 2.71988e-02
 4.81044e-02
 6.88728e-02
 7.52721e-02
 7.53631e-02
 7.28414e-02
 6.58142e-02
 5.44307e-02
 4.65546e-02
 4.48151e-02
 4.54652e-02
 4.88915e-02
 5.69221e-02
 7.03451e-02
 8.10500e-02
 8.43073e-02
 8.40632e-02
 8.06620e-02
 7.11815e-02
 5.39923e-02
 3.18374e-02
 1.66587e-02
 8.29975e-03
 4.30478e-03
 1.56478e-03
 0.00000e+00
 0.00000e+00
 0.00000e+00
 0.00000e+00
 0.00000e+00
 0.00000e+00
 0.00000e+00
 0.00000e+00
 0.00000e+00
 0.00000e+00
 0.00000e+00
 1.07735e-09
 7.84224e-09
 4.23164e-08
 1.99106e-07
 8.44794e-07
 3.26809e-06
 1.15913e-05
 3.78291e-05
 1.13911e-04
 3.17172e-04
 8.18002e-04
 1.95721e-03
 4.35420e-03
 9.00138e-03
 1.72772e-02
 3.07374e-02
 4.38093e-02
 4.85956e-02
 4.89892e-02
 4.75834e-02
 4.32748e-02
 3.56825e-02
 2.99381e-02
 2.85935e-02
 2.90096e-02
 3.13717e-02
 3.69979e-02
 4.64536e-02
 5.38383e-02
 5.58273e-02
 5.55035e-02
 5.29240e-02
 4.62560e-02
 3.45475e-02
 1.97864e-02
 1.01449e-02
 4.94834e-03
 2.49763e-03
 8.85232e-04
 0.00000e+00
 0.00000e+00
 0.00000e+00
 0.00000e+00
 0.00000e+00
 0.00000e+00
 0.00000e+00
 0.00000e+00
 0.00000e+00
 0.00000e+00
 0.00000e+00
 3.44144e-10
 2.92483e-09
 1.67064e-08
 8.01365e-08
 3.42373e-07
 1.32804e-06
 4.71563e-06
 1.54002e-05
 4.64068e-05
 1.29341e-04
 3.33997e-04
 8.00052e-04
 1.77909e-03
 3.67330e-03
 7.04167e-03
 1.24712e-02
 1.84131e-02
 2.09538e-02
 2.13480e-02
 2.09168e-02
 1.92375e-02
 1.58671e-02
 1.30251e-02
 1.23580e-02
 1.25568e-02
 1.37030e-02
 1.64800e-02
 2.11422e-02
 2.45236e-02
 2.52770e-02
 2.50043e-02
 2.35600e-02
 2.02033e-02
 1.46329e-02
 8.10321e-03
 4.11532e-03
 1.98181e-03
 9.83062e-04
 3.35207e-04
