NodeMass
part
         1
coordinates
 2.86473e-07
 6.02648e-07
 7.28735e-07
 9.10989e-07
 1.06366e-06
 1.18912e-06
 1.31067e-06
 1.44220e-06
 1.58793e-06
 1.75325e-06
 1.94510e-06
 2.17263e-06
 2.44538e-06
 2.77281e-06
 3.16445e-06
 3.63024e-06
 4.18101e-06
 4.82896e-06
 5.58837e-06
 6.47633e-06
 7.51346e-06
 8.72424e-06
 1.01373e-05
 1.17860e-05
 1.37099e-05
 1.59564e-05
 1.85830e-05
 2.16598e-05
 2.52719e-05
 2.95218e-05
 3.45336e-05
 4.04573e-05
 4.74760e-05
 5.58150e-05
 6.57544e-05
 7.76461e-05
 9.19363e-05
 1.09198e-04
 1.30181e-04
 1.55882e-04
 1.87654e-04
 2.27387e-04
 2.77713e-04
 3.42709e-04
 4.34221e-04
 5.70126e-04
 6.97960e-04
 7.39643e-04
 6.49209e-04
 4.36044e-04
 2.60759e-04
 2.06713e-04
 2.00132e-04
 2.00000e-04
 2.00000e-04
 2.00000e-04
 2.00000e-04
 2.00000e-04
 2.00000e-04
 2.00000e-04
 1.00000e-04
 5.78345e-07
 1.19458e-06
 1.36235e-06
 1.62099e-06
 1.83677e-06
 2.00724e-06
 2.19397e-06
 2.42476e-06
 2.70958e-06
 3.05960e-06
 3.48426e-06
 3.99014e-06
 4.58451e-06
 5.27909e-06
 6.09081e-06
 7.04129e-06
 8.15617e-06
 9.46506e-06
 1.10019e-05
 1.28043e-05
 1.49135e-05
 1.73763e-05
 2.02481e-05
 2.35953e-05
 2.74988e-05
 3.20566e-05
 3.73858e-05
 4.36274e-05
 5.09516e-05
 5.95637e-05
 6.97119e-05
 8.16970e-05
 9.58865e-05
 1.12733e-04
 1.32797e-04
 1.56784e-04
 1.85588e-04
 2.20359e-04
 2.62595e-04
 3.14290e-04
 3.78158e-04
 4.57976e-04
 5.58985e-04
 6.89367e-04
 8.73126e-04
 1.14544e-03
 1.39959e-03
 1.48020e-03
 1.29576e-03
 8.67975e-04
 5.19568e-04
 4.13094e-04
 4.00253e-04
 4.00000e-04
 4.00000e-04
 4.00000e-04
 4.00000e-04
 4.00000e-04
 4.00000e-04
 4.00000e-04
 2.00000e-04
 6.39762e-07
 1.25576e-06
 1.26843e-06
 1.35709e-06
 1.44212e-06
 1.51837e-06
 1.63307e-06
 1.81123e-06
 2.06734e-06
 2.41391e-06
 2.85928e-06
 3.40565e-06
 4.05385e-06
 4.80875e-06
 5.68165e-06
 6.69117e-06
 7.86310e-06
 9.22919e-06
 1.08238e-05
 1.26846e-05
 1.48556e-05
 1.73877e-05
 2.03397e-05
 2.37812e-05
 2.77951e-05
 3.24806e-05
 3.79557e-05
 4.43623e-05
 5.18706e-05
 6.06862e-05
 7.10583e-05
 8.32896e-05
 9.77487e-05
 1.14889e-04
 1.35272e-04
 1.59606e-04
 1.88786e-04
 2.23964e-04
 2.66642e-04
 3.18816e-04
 3.83211e-04
 4.63614e-04
 5.65275e-04
 6.96483e-04
 8.81989e-04
 1.15543e-03
 1.40588e-03
 1.47984e-03
 1.28663e-03
 8.55832e-04
 5.13920e-04
 4.12134e-04
 4.00221e-04
 4.00000e-04
 4.00000e-04
 4.00000e-04
 4.00000e-04
 4.00000e-04
 4.00000e-04
 4.00000e-04
 2.00000e-04
 8.05756e-07
 1.48680e-06
 1.32808e-06
 1.30460e-06
 1.33546e-06
 1.39139e-06
 1.48740e-06
 1.64121e-06
 1.86779e-06
 2.18040e-06
 2.59186e-06
 3.11415e-06
 3.75761e-06
 4.53165e-06
 5.44653e-06
 6.51605e-06
 7.75851e-06
 9.19644e-06
 1.08586e-05
 1.27829e-05
 1.50174e-05
 1.76184e-05
 2.06501e-05
 2.41851e-05
 2.83065e-05
 3.31114e-05
 3.87170e-05
 4.52646e-05
 5.29250e-05
 6.19045e-05
 7.24526e-05
 8.48726e-05
 9.95338e-05
 1.16890e-04
 1.37507e-04
 1.62094e-04
 1.91550e-04
 2.27033e-04
 2.70053e-04
 3.22620e-04
 3.87481e-04
 4.68472e-04
 5.70916e-04
 7.03353e-04
 8.91750e-04
 1.16709e-03
 1.41230e-03
 1.47644e-03
 1.26963e-03
 8.35319e-04
 5.04845e-04
 4.10642e-04
 4.00176e-04
 4.00000e-04
 4.00000e-04
 4.00000e-04
 4.00000e-04
 4.00000e-04
 4.00000e-04
 4.00000e-04
 2.00000e-04
 1.00082e-06
 1.77621e-06
 1.44813e-06
 1.34030e-06
 1.34819e-06
 1.39383e-06
 1.48542e-06
 1.63506e-06
 1.85377e-06
 2.15387e-06
 2.54925e-06
 3.05471e-06
 3.68506e-06
 4.45511e-06
 5.37968e-06
 6.47356e-06
 7.75253e-06
 9.23649e-06
 1.09548e-05
 1.29471e-05
 1.52604e-05
 1.79491e-05
 2.10758e-05
 2.47124e-05
 2.89420e-05
 3.38628e-05
 3.95923e-05
 4.62722e-05
 5.40737e-05
 6.32036e-05
 7.39119e-05
 8.65020e-05
 1.01345e-04
 1.18898e-04
 1.39731e-04
 1.64560e-04
 1.94295e-04
 2.30107e-04
 2.73529e-04
 3.26608e-04
 3.92149e-04
 4.74077e-04
 5.77847e-04
 7.12461e-04
 9.05779e-04
 1.18419e-03
 1.42184e-03
 1.47130e-03
 1.24423e-03
 8.06084e-04
 4.92851e-04
 4.08782e-04
 4.00127e-04
 4.00000e-04
 4.00000e-04
 4.00000e-04
 4.00000e-04
 4.00000e-04
 4.00000e-04
 4.00000e-04
 2.00000e-04
 1.15625e-06
 2.00718e-06
 1.56143e-06
 1.40527e-06
 1.39891e-06
 1.43890e-06
 1.52847e-06
 1.67845e-06
 1.89681e-06
 2.19400e-06
 2.58376e-06
 3.08164e-06
 3.70396e-06
 4.46804e-06
 5.39191e-06
 6.49356e-06
 7.79267e-06
 9.31431e-06
 1.10896e-05
 1.31554e-05
 1.55555e-05
 1.83414e-05
 2.15734e-05
 2.53226e-05
 2.96730e-05
 3.47244e-05
 4.05957e-05
 4.74292e-05
 5.53964e-05
 6.47048e-05
 7.56052e-05
 8.84030e-05
 1.03471e-04
 1.21272e-04
 1.42382e-04
 1.67528e-04
 1.97636e-04
 2.33906e-04
 2.77911e-04
 3.31758e-04
 3.98349e-04
 4.81751e-04
 5.87600e-04
 7.25619e-04
 9.26276e-04
 1.20827e-03
 1.43484e-03
 1.46372e-03
 1.20944e-03
 7.68714e-04
 4.78981e-04
 4.06774e-04
 4.00082e-04
 4.00000e-04
 4.00000e-04
 4.00000e-04
 4.00000e-04
 4.00000e-04
 4.00000e-04
 4.00000e-04
 2.00000e-04
 1.29438e-06
 2.21645e-06
 1.68641e-06
 1.50843e-06
 1.49618e-06
 1.53421e-06
 1.62401e-06
 1.77573e-06
 1.99454e-06
 2.28892e-06
 2.67233e-06
 3.16107e-06
 3.77328e-06
 4.52897e-06
 5.44941e-06
 6.55699e-06
 7.87631e-06
 9.43546e-06
 1.12665e-05
 1.34061e-05
 1.58964e-05
 1.87870e-05
 2.21369e-05
 2.60168e-05
 3.05117e-05
 3.57227e-05
 4.17699e-05
 4.87967e-05
 5.69754e-05
 6.65139e-05
 7.76647e-05
 9.07356e-05
 1.06104e-04
 1.24239e-04
 1.45728e-04
 1.71314e-04
 2.01951e-04
 2.38876e-04
 2.83724e-04
 3.38689e-04
 4.06797e-04
 4.92292e-04
 6.01036e-04
 7.43820e-04
 9.54414e-04
 1.23932e-03
 1.45009e-03
 1.45177e-03
 1.16424e-03
 7.24312e-04
 4.64245e-04
 4.04844e-04
 4.00046e-04
 4.00000e-04
 4.00000e-04
 4.00000e-04
 4.00000e-04
 4.00000e-04
 4.00000e-04
 4.00000e-04
 2.00000e-04
 1.43367e-06
 2.45595e-06
 1.86883e-06
 1.66842e-06
 1.65153e-06
 1.68986e-06
 1.78130e-06
 1.93520e-06
 2.15485e-06
 2.44733e-06
 2.82589e-06
 3.30721e-06
 3.91041e-06
 4.65776e-06
 5.57451e-06
 6.68775e-06
 8.02620e-06
 9.62077e-06
 1.15053e-05
 1.37174e-05
 1.63001e-05
 1.93033e-05
 2.27859e-05
 2.68187e-05
 3.14867e-05
 3.68918e-05
 4.31553e-05
 5.04218e-05
 5.88649e-05
 6.86943e-05
 8.01649e-05
 9.35886e-05
 1.09350e-04
 1.27927e-04
 1.49922e-04
 1.76102e-04
 2.07456e-04
 2.45275e-04
 2.91266e-04
 3.47735e-04
 4.17861e-04
 5.06091e-04
 6.18565e-04
 7.67689e-04
 9.91016e-04
 1.27648e-03
 1.46548e-03
 1.43280e-03
 1.10786e-03
 6.74644e-04
 4.49540e-04
 4.03176e-04
 4.00023e-04
 4.00000e-04
 4.00000e-04
 4.00000e-04
 4.00000e-04
 4.00000e-04
 4.00000e-04
 4.00000e-04
 2.00000e-04
 1.58461e-06
 2.74756e-06
 2.13011e-06
 1.90128e-06
 1.87554e-06
 1.91324e-06
 2.00478e-06
 2.15928e-06
 2.37934e-06
 2.67132e-06
 3.04842e-06
 3.52749e-06
 4.12785e-06
 4.87292e-06
 5.79091e-06
 6.91314e-06
 8.27240e-06
 9.90282e-06
 1.18409e-05
 1.41269e-05
 1.68065e-05
 1.99318e-05
 2.35631e-05
 2.77715e-05
 3.26420e-05
 3.82767e-05
 4.47979e-05
 5.23520e-05
 6.11148e-05
 7.12987e-05
 8.31629e-05
 9.70257e-05
 1.13281e-04
 1.32419e-04
 1.55063e-04
 1.82010e-04
 2.14290e-04
 2.53259e-04
 3.00716e-04
 3.59094e-04
 4.31756e-04
 5.23378e-04
 6.40465e-04
 7.97861e-04
 1.03639e-03
 1.31824e-03
 1.47865e-03
 1.40364e-03
 1.03983e-03
 6.22282e-04
 4.35883e-04
 4.01886e-04
 4.00010e-04
 4.00000e-04
 4.00000e-04
 4.00000e-04
 4.00000e-04
 4.00000e-04
 4.00000e-04
 4.00000e-04
 2.00000e-04
 1.75440e-06
 3.10343e-06
 2.48173e-06
 2.21991e-06
 2.18003e-06
 2.21421e-06
 2.30232e-06
 2.45455e-06
 2.67400e-06
 2.96691e-06
 3.34660e-06
 3.83008e-06
 4.43656e-06
 5.18965e-06
 6.11905e-06
 7.25925e-06
 8.64685e-06
 1.03197e-05
 1.23178e-05
 1.46852e-05
 1.74712e-05
 2.07318e-05
 2.45299e-05
 2.89376e-05
 3.40399e-05
 3.99393e-05
 4.67593e-05
 5.46485e-05
 6.37860e-05
 7.43887e-05
 8.67223e-05
 1.01114e-04
 1.17968e-04
 1.37795e-04
 1.61240e-04
 1.89136e-04
 2.22566e-04
 2.62959e-04
 3.12221e-04
 3.72934e-04
 4.48676e-04
 5.44379e-04
 6.67077e-04
 8.35204e-04
 1.09001e-03
 1.36240e-03
 1.48735e-03
 1.36077e-03
 9.60317e-04
 5.70597e-04
 4.24181e-04
 4.00998e-04
 4.00003e-04
 4.00000e-04
 4.00000e-04
 4.00000e-04
 4.00000e-04
 4.00000e-04
 4.00000e-04
 4.00000e-04
 2.00000e-04
 1.95044e-06
 3.53136e-06
 2.92926e-06
 2.63632e-06
 2.57874e-06
 2.60644e-06
 2.68750e-06
 2.83450e-06
 3.05239e-06
 3.34788e-06
 3.73446e-06
 4.22940e-06
 4.85177e-06
 5.62490e-06
 6.57909e-06
 7.75092e-06
 9.18038e-06
 1.09091e-05
 1.29811e-05
 1.54444e-05
 1.83530e-05
 2.17672e-05
 2.57536e-05
 3.03862e-05
 3.57508e-05
 4.19504e-05
 4.91104e-05
 5.73823e-05
 6.69499e-05
 7.80368e-05
 9.09168e-05
 1.05929e-04
 1.23493e-04
 1.44139e-04
 1.68544e-04
 1.97582e-04
 2.32399e-04
 2.74508e-04
 3.25936e-04
 3.89443e-04
 4.68855e-04
 5.69386e-04
 6.98930e-04
 8.80962e-04
 1.15109e-03
 1.40642e-03
 1.48833e-03
 1.30028e-03
 8.71073e-04
 5.23452e-04
 4.14993e-04
 4.00463e-04
 4.00001e-04
 4.00000e-04
 4.00000e-04
 4.00000e-04
 4.00000e-04
 4.00000e-04
 4.00000e-04
 4.00000e-04
 2.00000e-04
 2.18165e-06
 4.03759e-06
 3.47410e-06
 3.16197e-06
 3.08628e-06
 3.10535e-06
 3.17708e-06
 3.31638e-06
 3.53189e-06
 3.83179e-06
 4.22986e-06
 4.74368e-06
 5.39233e-06
 6.19868e-06
 7.19301e-06
 8.41340e-06
 9.90269e-06
 1.17062e-05
 1.38720e-05
 1.64524e-05
 1.95057e-05
 2.30971e-05
 2.72976e-05
 3.21841e-05
 3.78439e-05
 4.43814e-05
 5.19242e-05
 6.06284e-05
 7.06838e-05
 8.23222e-05
 9.58286e-05
 1.11556e-04
 1.29943e-04
 1.51546e-04
 1.77078e-04
 2.07465e-04
 2.43922e-04
 2.88063e-04
 3.42055e-04
 4.08865e-04
 4.92605e-04
 5.98807e-04
 7.36875e-04
 9.36799e-04
 1.21846e-03
 1.44716e-03
 1.47641e-03
 1.21880e-03
 7.76113e-04
 4.84216e-04
 4.08444e-04
 4.00184e-04
 4.00000e-04
 4.00000e-04
 4.00000e-04
 4.00000e-04
 4.00000e-04
 4.00000e-04
 4.00000e-04
 4.00000e-04
 2.00000e-04
 2.45741e-06
 4.63057e-06
 4.11815e-06
 3.80697e-06
 3.71762e-06
 3.72756e-06
 3.78964e-06
 3.91979e-06
 4.13231e-06
 4.43830e-06
 4.85229e-06
 5.39243e-06
 6.07807e-06
 6.93172e-06
 7.98335e-06
 9.27188e-06
 1.08426e-05
 1.27442e-05
 1.50288e-05
 1.77525e-05
 2.09782e-05
 2.47757e-05
 2.92206e-05
 3.43939e-05
 4.03854e-05
 4.73016e-05
 5.52738e-05
 6.44634e-05
 7.50680e-05
 8.73296e-05
 1.01547e-04
 1.18090e-04
 1.37421e-04
 1.60128e-04
 1.86967e-04
 2.18923e-04
 2.57298e-04
 3.03820e-04
 3.60821e-04
 4.31513e-04
 5.20329e-04
 6.33195e-04
 7.82247e-04
 1.00467e-03
 1.28981e-03
 1.47992e-03
 1.44541e-03
 1.11659e-03
 6.81492e-04
 4.53715e-04
 4.04244e-04
 4.00061e-04
 4.00000e-04
 4.00000e-04
 4.00000e-04
 4.00000e-04
 4.00000e-04
 4.00000e-04
 4.00000e-04
 4.00000e-04
 2.00000e-04
 2.78717e-06
 5.32309e-06
 4.86742e-06
 4.58036e-06
 4.48776e-06
 4.49103e-06
 4.54525e-06
 4.66710e-06
 4.87720e-06
 5.19117e-06
 5.62530e-06
 6.19877e-06
 6.93180e-06
 7.84703e-06
 8.97413e-06
 1.03525e-05
 1.20292e-05
 1.40560e-05
 1.64885e-05
 1.93866e-05
 2.28173e-05
 2.68546e-05
 3.15792e-05
 3.70765e-05
 4.34403e-05
 5.07805e-05
 5.92332e-05
 6.89665e-05
 8.01872e-05
 9.31499e-05
 1.08169e-04
 1.25637e-04
 1.46043e-04
 1.70013e-04
 1.98355e-04
 2.32127e-04
 2.72727e-04
 3.22023e-04
 3.82541e-04
 4.57787e-04
 5.52534e-04
 6.73327e-04
 8.37017e-04
 1.08479e-03
 1.36110e-03
 1.49987e-03
 1.38889e-03
 9.97109e-04
 5.94791e-04
 4.31282e-04
 4.01857e-04
 4.00016e-04
 4.00000e-04
 4.00000e-04
 4.00000e-04
 4.00000e-04
 4.00000e-04
 4.00000e-04
 4.00000e-04
 4.00000e-04
 2.00000e-04
 3.18057e-06
 6.13277e-06
 5.73411e-06
 5.49238e-06
 5.41156e-06
 5.41435e-06
 5.46523e-06
 5.58340e-06
 5.79470e-06
 6.12017e-06
 6.57928e-06
 7.19315e-06
 7.98365e-06
 8.97445e-06
 1.01955e-05
 1.16864e-05
 1.34957e-05
 1.56776e-05
 1.82907e-05
 2.13983e-05
 2.50708e-05
 2.93865e-05
 3.44307e-05
 4.02941e-05
 4.70754e-05
 5.48897e-05
 6.38791e-05
 7.42201e-05
 8.61307e-05
 9.98804e-05
 1.15803e-04
 1.34316e-04
 1.55942e-04
 1.81351e-04
 2.11416e-04
 2.47278e-04
 2.90453e-04
 3.42971e-04
 4.07600e-04
 4.88183e-04
 5.89846e-04
 7.20356e-04
 9.03864e-04
 1.17448e-03
 1.42676e-03
 1.50161e-03
 1.30053e-03
 8.66181e-04
 5.23783e-04
 4.16336e-04
 4.00686e-04
 4.00003e-04
 4.00000e-04
 4.00000e-04
 4.00000e-04
 4.00000e-04
 4.00000e-04
 4.00000e-04
 4.00000e-04
 4.00000e-04
 2.00000e-04
 3.64769e-06
 7.08147e-06
 6.73741e-06
 6.55721e-06
 6.50393e-06
 6.51567e-06
 6.57201e-06
 6.69580e-06
 6.91620e-06
 7.25985e-06
 7.75092e-06
 8.41368e-06
 9.27261e-06
 1.03534e-05
 1.16871e-05
 1.33139e-05
 1.52834e-05
 1.76521e-05
 2.04808e-05
 2.38359e-05
 2.77908e-05
 3.24275e-05
 3.78358e-05
 4.41120e-05
 5.13607e-05
 5.97039e-05
 6.92917e-05
 8.03108e-05
 9.29929e-05
 1.07625e-04
 1.24564e-04
 1.44256e-04
 1.67265e-04
 1.94315e-04
 2.26353e-04
 2.64621e-04
 3.10775e-04
 3.67040e-04
 4.36476e-04
 5.23311e-04
 6.33057e-04
 7.76127e-04
 9.86050e-04
 1.26945e-03
 1.47975e-03
 1.47598e-03
 1.17800e-03
 7.34534e-04
 4.72395e-04
 4.07515e-04
 4.00206e-04
 4.00001e-04
 4.00000e-04
 4.00000e-04
 4.00000e-04
 4.00000e-04
 4.00000e-04
 4.00000e-04
 4.00000e-04
 4.00000e-04
 2.00000e-04
 4.19938e-06
 8.19480e-06
 7.90336e-06
 7.79420e-06
 7.78072e-06
 7.81399e-06
 7.89019e-06
 8.03325e-06
 8.27471e-06
 8.64703e-06
 9.18032e-06
 9.90331e-06
 1.08440e-05
 1.20311e-05
 1.34975e-05
 1.52846e-05
 1.74431e-05
 2.00312e-05
 2.31119e-05
 2.67544e-05
 3.10349e-05
 3.60384e-05
 4.18592e-05
 4.85992e-05
 5.63701e-05
 6.53023e-05
 7.55561e-05
 8.73310e-05
 1.00875e-04
 1.16496e-04
 1.34579e-04
 1.55604e-04
 1.80183e-04
 2.09106e-04
 2.43406e-04
 2.84448e-04
 3.34055e-04
 3.94688e-04
 4.69766e-04
 5.63909e-04
 6.83257e-04
 8.43588e-04
 1.08533e-03
 1.36315e-03
 1.51171e-03
 1.41227e-03
 1.02789e-03
 6.16524e-04
 4.38460e-04
 4.02964e-04
 4.00048e-04
 4.00000e-04
 4.00000e-04
 4.00000e-04
 4.00000e-04
 4.00000e-04
 4.00000e-04
 4.00000e-04
 4.00000e-04
 4.00000e-04
 2.00000e-04
 4.84791e-06
 9.50214e-06
 9.26393e-06
 9.22687e-06
 9.26172e-06
 9.33372e-06
 9.44792e-06
 9.62685e-06
 9.90460e-06
 1.03197e-05
 1.09093e-05
 1.17074e-05
 1.27466e-05
 1.40591e-05
 1.56808e-05
 1.76547e-05
 2.00327e-05
 2.28743e-05
 2.62449e-05
 3.02160e-05
 3.48666e-05
 4.02853e-05
 4.65704e-05
 5.38296e-05
 6.21825e-05
 7.17698e-05
 8.27644e-05
 9.53815e-05
 1.09889e-04
 1.26621e-04
 1.45992e-04
 1.68527e-04
 1.94893e-04
 2.25959e-04
 2.62863e-04
 3.07116e-04
 3.60739e-04
 4.26490e-04
 5.08207e-04
 6.10877e-04
 7.42179e-04
 9.26969e-04
 1.19741e-03
 1.44587e-03
 1.51364e-03
 1.30141e-03
 8.63595e-04
 5.25500e-04
 4.17940e-04
 4.00960e-04
 4.00008e-04
 4.00000e-04
 4.00000e-04
 4.00000e-04
 4.00000e-04
 4.00000e-04
 4.00000e-04
 4.00000e-04
 4.00000e-04
 4.00000e-04
 2.00000e-04
 5.60756e-06
 1.10372e-05
 1.08538e-05
 1.08842e-05
 1.09763e-05
 1.11062e-05
 1.12773e-05
 1.15105e-05
 1.18424e-05
 1.23181e-05
 1.29818e-05
 1.38741e-05
 1.50322e-05
 1.64929e-05
 1.82954e-05
 2.04851e-05
 2.31152e-05
 2.62467e-05
 2.99468e-05
 3.42894e-05
 3.93566e-05
 4.52408e-05
 5.20452e-05
 5.98835e-05
 6.88843e-05
 7.92003e-05
 9.10198e-05
 1.04577e-04
 1.20165e-04
 1.38145e-04
 1.58974e-04
 1.83223e-04
 2.11633e-04
 2.45162e-04
 2.85077e-04
 3.33061e-04
 3.91379e-04
 4.63164e-04
 5.52695e-04
 6.65387e-04
 8.12866e-04
 1.03125e-03
 1.31319e-03
 1.50543e-03
 1.47244e-03
 1.14394e-03
 7.04782e-04
 4.65469e-04
 4.07193e-04
 4.00242e-04
 4.00001e-04
 4.00000e-04
 4.00000e-04
 4.00000e-04
 4.00000e-04
 4.00000e-04
 4.00000e-04
 4.00000e-04
 4.00000e-04
 4.00000e-04
 2.00000e-04
 6.49548e-06
 1.28377e-05
 1.27105e-05
 1.28043e-05
 1.29646e-05
 1.31688e-05
 1.34149e-05
 1.37219e-05
 1.41285e-05
 1.46858e-05
 1.54458e-05
 1.64553e-05
 1.77570e-05
 1.93924e-05
 2.14047e-05
 2.38421e-05
 2.67598e-05
 3.02199e-05
 3.42916e-05
 3.90509e-05
 4.45836e-05
 5.09866e-05
 5.83687e-05
 6.68513e-05
 7.65730e-05
 8.77009e-05
 1.00442e-04
 1.15052e-04
 1.31854e-04
 1.51246e-04
 1.73728e-04
 1.99937e-04
 2.30692e-04
 2.67067e-04
 3.10481e-04
 3.62824e-04
 4.26672e-04
 5.05612e-04
 6.04309e-04
 7.29241e-04
 9.00347e-04
 1.15590e-03
 1.42023e-03
 1.52958e-03
 1.37326e-03
 9.55859e-04
 5.75020e-04
 4.30245e-04
 4.02386e-04
 4.00045e-04
 4.00000e-04
 4.00000e-04
 4.00000e-04
 4.00000e-04
 4.00000e-04
 4.00000e-04
 4.00000e-04
 4.00000e-04
 4.00000e-04
 4.00000e-04
 2.00000e-04
 7.53227e-06
 1.49447e-05
 1.48780e-05
 1.50350e-05
 1.52741e-05
 1.55658e-05
 1.59034e-05
 1.63041e-05
 1.68083e-05
 1.74725e-05
 1.83551e-05
 1.95094e-05
 2.09837e-05
 2.28242e-05
 2.50787e-05
 2.77989e-05
 3.10424e-05
 3.48730e-05
 3.93614e-05
 4.45863e-05
 5.06370e-05
 5.76160e-05
 6.56393e-05
 7.48378e-05
 8.53627e-05
 9.73976e-05
 1.11171e-04
 1.26967e-04
 1.45142e-04
 1.66137e-04
 1.90507e-04
 2.18965e-04
 2.52430e-04
 2.92112e-04
 3.39614e-04
 3.97085e-04
 4.67503e-04
 5.54941e-04
 6.64405e-04
 8.05775e-04
 1.01145e-03
 1.28999e-03
 1.50174e-03
 1.50265e-03
 1.21016e-03
 7.64547e-04
 4.88252e-04
 4.11912e-04
 4.00616e-04
 4.00006e-04
 4.00000e-04
 4.00000e-04
 4.00000e-04
 4.00000e-04
 4.00000e-04
 4.00000e-04
 4.00000e-04
 4.00000e-04
 4.00000e-04
 4.00000e-04
 2.00000e-04
 8.74240e-06
 1.74055e-05
 1.74070e-05
 1.76327e-05
 1.79595e-05
 1.83491e-05
 1.87925e-05
 1.93069e-05
 1.99341e-05
 2.07339e-05
 2.17701e-05
 2.31016e-05
 2.47820e-05
 2.68626e-05
 2.93958e-05
 3.24374e-05
 3.60483e-05
 4.02944e-05
 4.52487e-05
 5.09924e-05
 5.76193e-05
 6.52379e-05
 7.39733e-05
 8.39682e-05
 9.53900e-05
 1.08442e-04
 1.23379e-04
 1.40517e-04
 1.60253e-04
 1.83079e-04
 2.09619e-04
 2.40675e-04
 2.77291e-04
 3.20841e-04
 3.73154e-04
 4.36713e-04
 5.15000e-04
 6.12467e-04
 7.35059e-04
 9.01085e-04
 1.14873e-03
 1.41586e-03
 1.53996e-03
 1.40533e-03
 1.00041e-03
 6.04097e-04
 4.39263e-04
 4.03865e-04
 4.00115e-04
 4.00000e-04
 4.00000e-04
 4.00000e-04
 4.00000e-04
 4.00000e-04
 4.00000e-04
 4.00000e-04
 4.00000e-04
 4.00000e-04
 4.00000e-04
 4.00000e-04
 2.00000e-04
 1.01545e-05
 2.02754e-05
 2.03566e-05
 2.06614e-05
 2.10836e-05
 2.15791e-05
 2.21414e-05
 2.27896e-05
 2.35663e-05
 2.45332e-05
 2.57577e-05
 2.73032e-05
 2.92280e-05
 3.15884e-05
 3.44416e-05
 3.78479e-05
 4.18718e-05
 4.65828e-05
 5.20567e-05
 5.83784e-05
 6.56466e-05
 7.39773e-05
 8.35064e-05
 9.43916e-05
 1.06820e-04
 1.21019e-04
 1.37274e-04
 1.55941e-04
 1.77464e-04
 2.02396e-04
 2.31446e-04
 2.65527e-04
 3.05833e-04
 3.53941e-04
 4.11961e-04
 4.82834e-04
 5.70547e-04
 6.79828e-04
 8.20389e-04
 1.02408e-03
 1.29932e-03
 1.51071e-03
 1.51473e-03
 1.22777e-03
 7.82505e-04
 4.97956e-04
 4.14754e-04
 4.00967e-04
 4.00014e-04
 4.00000e-04
 4.00000e-04
 4.00000e-04
 4.00000e-04
 4.00000e-04
 4.00000e-04
 4.00000e-04
 4.00000e-04
 4.00000e-04
 4.00000e-04
 4.00000e-04
 2.00000e-04
 1.18021e-05
 2.36206e-05
 2.37960e-05
 2.41942e-05
 2.47184e-05
 2.53271e-05
 2.60209e-05
 2.68228e-05
 2.77760e-05
 2.89426e-05
 3.03922e-05
 3.21915e-05
 3.44030e-05
 3.70876e-05
 4.03071e-05
 4.41266e-05
 4.86149e-05
 5.38457e-05
 5.98992e-05
 6.68656e-05
 7.48498e-05
 8.39772e-05
 9.43965e-05
 1.06284e-04
 1.19849e-04
 1.35351e-04
 1.53112e-04
 1.73533e-04
 1.97114e-04
 2.24489e-04
 2.56466e-04
 2.94097e-04
 3.38760e-04
 3.92280e-04
 4.57155e-04
 5.36888e-04
 6.35758e-04
 7.59702e-04
 9.28394e-04
 1.17756e-03
 1.43795e-03
 1.55038e-03
 1.40246e-03
 9.92794e-04
 6.02930e-04
 4.40893e-04
 4.04498e-04
 4.00171e-04
 4.00001e-04
 4.00000e-04
 4.00000e-04
 4.00000e-04
 4.00000e-04
 4.00000e-04
 4.00000e-04
 4.00000e-04
 4.00000e-04
 4.00000e-04
 4.00000e-04
 4.00000e-04
 2.00000e-04
 1.37246e-05
 2.75220e-05
 2.78082e-05
 2.83140e-05
 2.89469e-05
 2.96769e-05
 3.05158e-05
 3.14916e-05
 3.26481e-05
 3.40472e-05
 3.57593e-05
 3.78539e-05
 4.03971e-05
 4.34540e-05
 4.70914e-05
 5.13787e-05
 5.63898e-05
 6.22031e-05
 6.89049e-05
 7.65927e-05
 8.53803e-05
 9.54046e-05
 1.06830e-04
 1.19854e-04
 1.34717e-04
 1.51712e-04
 1.71207e-04
 1.93655e-04
 2.19630e-04
 2.49859e-04
 2.85279e-04
 3.27112e-04
 3.76961e-04
 4.36981e-04
 5.10210e-04
 6.00600e-04
 7.12712e-04
 8.57969e-04
 1.07045e-03
 1.34289e-03
 1.53361e-03
 1.50862e-03
 1.19504e-03
 7.54305e-04
 4.90486e-04
 4.14212e-04
 4.01033e-04
 4.00020e-04
 4.00000e-04
 4.00000e-04
 4.00000e-04
 4.00000e-04
 4.00000e-04
 4.00000e-04
 4.00000e-04
 4.00000e-04
 4.00000e-04
 4.00000e-04
 4.00000e-04
 4.00000e-04
 2.00000e-04
 1.59696e-05
 3.20773e-05
 3.24921e-05
 3.31180e-05
 3.38672e-05
 3.47283e-05
 3.57272e-05
 3.68979e-05
 3.82847e-05
 3.99491e-05
 4.19619e-05
 4.43945e-05
 4.73167e-05
 5.07979e-05
 5.49096e-05
 5.97262e-05
 6.53266e-05
 7.17955e-05
 7.92265e-05
 8.77265e-05
 9.74214e-05
 1.08463e-04
 1.21035e-04
 1.35363e-04
 1.51719e-04
 1.70440e-04
 1.91945e-04
 2.16757e-04
 2.45539e-04
 2.79136e-04
 3.18645e-04
 3.65496e-04
 4.21579e-04
 4.89539e-04
 5.72976e-04
 6.75950e-04
 8.05492e-04
 9.86014e-04
 1.24388e-03
 1.48394e-03
 1.55536e-03
 1.35756e-03
 9.30499e-04
 5.72137e-04
 4.34582e-04
 4.03905e-04
 4.00161e-04
 4.00001e-04
 4.00000e-04
 4.00000e-04
 4.00000e-04
 4.00000e-04
 4.00000e-04
 4.00000e-04
 4.00000e-04
 4.00000e-04
 4.00000e-04
 4.00000e-04
 4.00000e-04
 4.00000e-04
 2.00000e-04
 1.85946e-05
 3.74039e-05
 3.79659e-05
 3.87231e-05
 3.95968e-05
 4.06001e-05
 4.17754e-05
 4.31629e-05
 4.48081e-05
 4.67718e-05
 4.91250e-05
 5.19409e-05
 5.52928e-05
 5.92548e-05
 6.39035e-05
 6.93189e-05
 7.55857e-05
 8.27957e-05
 9.10520e-05
 1.00473e-04
 1.11201e-04
 1.23406e-04
 1.37298e-04
 1.53131e-04
 1.71220e-04
 1.91952e-04
 2.15811e-04
 2.43407e-04
 2.75512e-04
 3.13123e-04
 3.57533e-04
 4.10429e-04
 4.74139e-04
 5.51910e-04
 6.47539e-04
 7.65999e-04
 9.23705e-04
 1.15501e-03
 1.41694e-03
 1.56098e-03
 1.47014e-03
 1.10424e-03
 6.84920e-04
 4.69585e-04
 4.10718e-04
 4.00773e-04
 4.00015e-04
 4.00000e-04
 4.00000e-04
 4.00000e-04
 4.00000e-04
 4.00000e-04
 4.00000e-04
 4.00000e-04
 4.00000e-04
 4.00000e-04
 4.00000e-04
 4.00000e-04
 4.00000e-04
 4.00000e-04
 2.00000e-04
 2.16699e-05
 4.36433e-05
 4.43715e-05
 4.52706e-05
 4.62773e-05
 4.74346e-05
 4.88037e-05
 5.04313e-05
 5.23645e-05
 5.46638e-05
 5.74002e-05
 6.06488e-05
 6.44866e-05
 6.89927e-05
 7.42495e-05
 8.03433e-05
 8.73662e-05
 9.54188e-05
 1.04616e-04
 1.15091e-04
 1.27004e-04
 1.40552e-04
 1.55972e-04
 1.73559e-04
 1.93675e-04
 2.16771e-04
 2.43414e-04
 2.74318e-04
 3.10400e-04
 3.52843e-04
 4.03178e-04
 4.63484e-04
 5.36691e-04
 6.26364e-04
 7.36545e-04
 8.78403e-04
 1.08342e-03
 1.34636e-03
 1.53993e-03
 1.53536e-03
 1.25413e-03
 8.17066e-04
 5.22146e-04
 4.23513e-04
 4.02518e-04
 4.00098e-04
 4.00001e-04
 4.00000e-04
 4.00000e-04
 4.00000e-04
 4.00000e-04
 4.00000e-04
 4.00000e-04
 4.00000e-04
 4.00000e-04
 4.00000e-04
 4.00000e-04
 4.00000e-04
 4.00000e-04
 4.00000e-04
 2.00000e-04
 2.52806e-05
 5.09656e-05
 5.18792e-05
 5.29314e-05
 5.40799e-05
 5.54034e-05
 5.69842e-05
 5.88766e-05
 6.11297e-05
 6.38041e-05
 6.69712e-05
 7.07082e-05
 7.50957e-05
 8.02183e-05
 8.61654e-05
 9.30310e-05
 1.00916e-04
 1.09932e-04
 1.20209e-04
 1.31899e-04
 1.45185e-04
 1.60294e-04
 1.77501e-04
 1.97147e-04
 2.19657e-04
 2.45560e-04
 2.75526e-04
 3.10407e-04
 3.51299e-04
 3.99608e-04
 4.57227e-04
 5.26815e-04
 6.11706e-04
 7.15472e-04
 8.46172e-04
 1.02943e-03
 1.28146e-03
 1.50608e-03
 1.56630e-03
 1.36902e-03
 9.51454e-04
 5.92441e-04
 4.43648e-04
 4.06193e-04
 4.00396e-04
 4.00007e-04
 4.00000e-04
 4.00000e-04
 4.00000e-04
 4.00000e-04
 4.00000e-04
 4.00000e-04
 4.00000e-04
 4.00000e-04
 4.00000e-04
 4.00000e-04
 4.00000e-04
 4.00000e-04
 4.00000e-04
 4.00000e-04
 2.00000e-04
 2.95295e-05
 5.95763e-05
 6.06947e-05
 6.19117e-05
 6.32113e-05
 6.47137e-05
 6.65249e-05
 6.87083e-05
 7.13162e-05
 7.44098e-05
 7.80615e-05
 8.23507e-05
 8.73620e-05
 9.31862e-05
 9.99206e-05
 1.07669e-04
 1.16543e-04
 1.26670e-04
 1.38196e-04
 1.51296e-04
 1.66186e-04
 1.83126e-04
 2.02439e-04
 2.24528e-04
 2.49893e-04
 2.79164e-04
 3.13144e-04
 3.52857e-04
 3.99615e-04
 4.55167e-04
 5.21960e-04
 6.03093e-04
 7.01845e-04
 8.24524e-04
 9.91950e-04
 1.22877e-03
 1.46872e-03
 1.57592e-03
 1.45064e-03
 1.07410e-03
 6.73796e-04
 4.71136e-04
 4.12450e-04
 4.01151e-04
 4.00036e-04
 4.00000e-04
 4.00000e-04
 4.00000e-04
 4.00000e-04
 4.00000e-04
 4.00000e-04
 4.00000e-04
 4.00000e-04
 4.00000e-04
 4.00000e-04
 4.00000e-04
 4.00000e-04
 4.00000e-04
 4.00000e-04
 4.00000e-04
 2.00000e-04
 3.45406e-05
 6.97237e-05
 7.10672e-05
 7.24611e-05
 7.39215e-05
 7.56164e-05
 7.76782e-05
 8.01814e-05
 8.31831e-05
 8.67465e-05
 9.09453e-05
 9.58614e-05
 1.01584e-04
 1.08211e-04
 1.15849e-04
 1.24614e-04
 1.34631e-04
 1.46046e-04
 1.59029e-04
 1.73784e-04
 1.90562e-04
 2.09671e-04
 2.31495e-04
 2.56511e-04
 2.85318e-04
 3.18679e-04
 3.57560e-04
 4.03199e-04
 4.57240e-04
 5.21966e-04
 6.00255e-04
 6.95150e-04
 8.12018e-04
 9.68432e-04
 1.19119e-03
 1.43539e-03
 1.57340e-03
 1.50329e-03
 1.17564e-03
 7.57111e-04
 5.04525e-04
 4.21439e-04
 4.02595e-04
 4.00129e-04
 4.00002e-04
 4.00000e-04
 4.00000e-04
 4.00000e-04
 4.00000e-04
 4.00000e-04
 4.00000e-04
 4.00000e-04
 4.00000e-04
 4.00000e-04
 4.00000e-04
 4.00000e-04
 4.00000e-04
 4.00000e-04
 4.00000e-04
 4.00000e-04
 2.00000e-04
 4.04641e-05
 8.17089e-05
 8.32995e-05
 8.48828e-05
 8.65139e-05
 8.84169e-05
 9.07519e-05
 9.36081e-05
 9.70490e-05
 1.01141e-04
 1.05961e-04
 1.11593e-04
 1.18132e-04
 1.25684e-04
 1.34367e-04
 1.44311e-04
 1.55661e-04
 1.68586e-04
 1.83283e-04
 1.99997e-04
 2.19023e-04
 2.40731e-04
 2.65580e-04
 2.94145e-04
 3.27156e-04
 3.65534e-04
 4.10462e-04
 4.63510e-04
 5.26833e-04
 6.03103e-04
 6.95155e-04
 8.07928e-04
 9.57099e-04
 1.16885e-03
 1.41083e-03
 1.56625e-03
 1.53460e-03
 1.25199e-03
 8.33073e-04
 5.41418e-04
 4.32593e-04
 4.04815e-04
 4.00339e-04
 4.00007e-04
 4.00000e-04
 4.00000e-04
 4.00000e-04
 4.00000e-04
 4.00000e-04
 4.00000e-04
 4.00000e-04
 4.00000e-04
 4.00000e-04
 4.00000e-04
 4.00000e-04
 4.00000e-04
 4.00000e-04
 4.00000e-04
 4.00000e-04
 4.00000e-04
 2.00000e-04
 4.74831e-05
 9.58996e-05
 9.77604e-05
 9.95465e-05
 1.01360e-04
 1.03489e-04
 1.06124e-04
 1.09373e-04
 1.13307e-04
 1.18000e-04
 1.23529e-04
 1.29985e-04
 1.37469e-04
 1.46096e-04
 1.55998e-04
 1.67325e-04
 1.80245e-04
 1.94956e-04
 2.11696e-04
 2.30755e-04
 2.52491e-04
 2.77349e-04
 3.05888e-04
 3.38811e-04
 3.77008e-04
 4.21620e-04
 4.74174e-04
 5.36719e-04
 6.11726e-04
 7.01857e-04
 8.12026e-04
 9.57106e-04
 1.16146e-03
 1.39789e-03
 1.55996e-03
 1.55146e-03
 1.30397e-03
 8.95081e-04
 5.77335e-04
 4.44689e-04
 4.07672e-04
 4.00702e-04
 4.00023e-04
 4.00000e-04
 4.00000e-04
 4.00000e-04
 4.00000e-04
 4.00000e-04
 4.00000e-04
 4.00000e-04
 4.00000e-04
 4.00000e-04
 4.00000e-04
 4.00000e-04
 4.00000e-04
 4.00000e-04
 4.00000e-04
 4.00000e-04
 4.00000e-04
 4.00000e-04
 2.00000e-04
 5.58231e-05
 1.12748e-04
 1.14903e-04
 1.16906e-04
 1.18916e-04
 1.21293e-04
 1.24263e-04
 1.27953e-04
 1.32450e-04
 1.37830e-04
 1.44180e-04
 1.51593e-04
 1.60180e-04
 1.70071e-04
 1.81413e-04
 1.94380e-04
 2.09172e-04
 2.26026e-04
 2.45229e-04
 2.67133e-04
 2.92175e-04
 3.20901e-04
 3.53997e-04
 3.92332e-04
 4.37027e-04
 4.89581e-04
 5.51945e-04
 6.26393e-04
 7.15490e-04
 8.24531e-04
 9.68438e-04
 1.16886e-03
 1.39789e-03
 1.55755e-03
 1.55870e-03
 1.33388e-03
 9.38490e-04
 6.07130e-04
 4.56053e-04
 4.10790e-04
 4.01199e-04
 4.00055e-04
 4.00001e-04
 4.00000e-04
 4.00000e-04
 4.00000e-04
 4.00000e-04
 4.00000e-04
 4.00000e-04
 4.00000e-04
 4.00000e-04
 4.00000e-04
 4.00000e-04
 4.00000e-04
 4.00000e-04
 4.00000e-04
 4.00000e-04
 4.00000e-04
 4.00000e-04
 4.00000e-04
 2.00000e-04
 6.57642e-05
 1.32815e-04
 1.35290e-04
 1.37527e-04
 1.39753e-04
 1.42407e-04
 1.45756e-04
 1.49953e-04
 1.55098e-04
 1.61279e-04
 1.68589e-04
 1.77130e-04
 1.87024e-04
 1.98418e-04
 2.11483e-04
 2.26422e-04
 2.43477e-04
 2.62935e-04
 2.85148e-04
 3.10549e-04
 3.39679e-04
 3.73214e-04
 4.12017e-04
 4.57206e-04
 5.10256e-04
 5.73016e-04
 6.47572e-04
 7.36570e-04
 8.46188e-04
 9.91955e-04
 1.19119e-03
 1.41083e-03
 1.55996e-03
 1.55871e-03
 1.34364e-03
 9.60734e-04
 6.26708e-04
 4.64900e-04
 4.13626e-04
 4.01750e-04
 4.00101e-04
 4.00002e-04
 4.00000e-04
 4.00000e-04
 4.00000e-04
 4.00000e-04
 4.00000e-04
 4.00000e-04
 4.00000e-04
 4.00000e-04
 4.00000e-04
 4.00000e-04
 4.00000e-04
 4.00000e-04
 4.00000e-04
 4.00000e-04
 4.00000e-04
 4.00000e-04
 4.00000e-04
 4.00000e-04
 2.00000e-04
 7.76582e-05
 1.56807e-04
 1.59629e-04
 1.62118e-04
 1.64587e-04
 1.67557e-04
 1.71346e-04
 1.76138e-04
 1.82049e-04
 1.89180e-04
 1.97632e-04
 2.07521e-04
 2.18986e-04
 2.32195e-04
 2.47350e-04
 2.64696e-04
 2.84524e-04
 3.07192e-04
 3.33135e-04
 3.62895e-04
 3.97152e-04
 4.36774e-04
 4.82889e-04
 5.36938e-04
 6.00646e-04
 6.75988e-04
 7.66028e-04
 8.78425e-04
 1.02944e-03
 1.22878e-03
 1.43539e-03
 1.56625e-03
 1.55145e-03
 1.33387e-03
 9.60733e-04
 6.33515e-04
 4.69744e-04
 4.15612e-04
 4.02227e-04
 4.00154e-04
 4.00004e-04
 4.00000e-04
 4.00000e-04
 4.00000e-04
 4.00000e-04
 4.00000e-04
 4.00000e-04
 4.00000e-04
 4.00000e-04
 4.00000e-04
 4.00000e-04
 4.00000e-04
 4.00000e-04
 4.00000e-04
 4.00000e-04
 4.00000e-04
 4.00000e-04
 4.00000e-04
 4.00000e-04
 4.00000e-04
 2.00000e-04
 9.19515e-05
 1.85618e-04
 1.88816e-04
 1.91581e-04
 1.94328e-04
 1.97672e-04
 2.01989e-04
 2.07497e-04
 2.14335e-04
 2.22616e-04
 2.32455e-04
 2.43985e-04
 2.57367e-04
 2.72801e-04
 2.90532e-04
 3.10856e-04
 3.34136e-04
 3.60819e-04
 3.91457e-04
 4.26746e-04
 4.67572e-04
 5.15063e-04
 5.70604e-04
 6.35809e-04
 7.12758e-04
 8.05533e-04
 9.23736e-04
 1.08345e-03
 1.28147e-03
 1.46872e-03
 1.57339e-03
 1.53459e-03
 1.30396e-03
 9.38485e-04
 6.26704e-04
 4.69744e-04
 4.16327e-04
 4.02504e-04
 4.00196e-04
 4.00006e-04
 4.00000e-04
 4.00000e-04
 4.00000e-04
 4.00000e-04
 4.00000e-04
 4.00000e-04
 4.00000e-04
 4.00000e-04
 4.00000e-04
 4.00000e-04
 4.00000e-04
 4.00000e-04
 4.00000e-04
 4.00000e-04
 4.00000e-04
 4.00000e-04
 4.00000e-04
 4.00000e-04
 4.00000e-04
 4.00000e-04
 2.00000e-04
 1.09218e-04
 2.20397e-04
 2.24002e-04
 2.27072e-04
 2.30148e-04
 2.33949e-04
 2.38922e-04
 2.45323e-04
 2.53312e-04
 2.63017e-04
 2.74572e-04
 2.88134e-04
 3.03897e-04
 3.22105e-04
 3.43057e-04
 3.67127e-04
 3.94776e-04
 4.26576e-04
 4.63247e-04
 5.05691e-04
 5.55013e-04
 6.12534e-04
 6.79888e-04
 7.59755e-04
 8.58018e-04
 9.86060e-04
 1.15505e-03
 1.34639e-03
 1.50609e-03
 1.57592e-03
 1.50328e-03
 1.25197e-03
 8.95072e-04
 6.07132e-04
 4.64900e-04
 4.15612e-04
 4.02504e-04
 4.00212e-04
 4.00007e-04
 4.00000e-04
 4.00000e-04
 4.00000e-04
 4.00000e-04
 4.00000e-04
 4.00000e-04
 4.00000e-04
 4.00000e-04
 4.00000e-04
 4.00000e-04
 4.00000e-04
 4.00000e-04
 4.00000e-04
 4.00000e-04
 4.00000e-04
 4.00000e-04
 4.00000e-04
 4.00000e-04
 4.00000e-04
 4.00000e-04
 4.00000e-04
 2.00000e-04
 1.30206e-04
 2.62644e-04
 2.66690e-04
 2.70102e-04
 2.73581e-04
 2.77964e-04
 2.83780e-04
 2.91325e-04
 3.00780e-04
 3.12290e-04
 3.26011e-04
 3.42137e-04
 3.60908e-04
 3.82633e-04
 4.07695e-04
 4.36572e-04
 4.69861e-04
 5.08300e-04
 5.52785e-04
 6.04395e-04
 6.64485e-04
 7.35134e-04
 8.20460e-04
 9.28461e-04
 1.07051e-03
 1.24393e-03
 1.41698e-03
 1.53994e-03
 1.56630e-03
 1.45062e-03
 1.17561e-03
 8.33053e-04
 5.77325e-04
 4.56051e-04
 4.13625e-04
 4.02227e-04
 4.00196e-04
 4.00007e-04
 4.00000e-04
 4.00000e-04
 4.00000e-04
 4.00000e-04
 4.00000e-04
 4.00000e-04
 4.00000e-04
 4.00000e-04
 4.00000e-04
 4.00000e-04
 4.00000e-04
 4.00000e-04
 4.00000e-04
 4.00000e-04
 4.00000e-04
 4.00000e-04
 4.00000e-04
 4.00000e-04
 4.00000e-04
 4.00000e-04
 4.00000e-04
 4.00000e-04
 2.00000e-04
 1.55913e-04
 3.14352e-04
 3.18878e-04
 3.22683e-04
 3.26673e-04
 3.31825e-04
 3.38758e-04
 3.47808e-04
 3.59172e-04
 3.73017e-04
 3.89532e-04
 4.08960e-04
 4.31613e-04
 4.57891e-04
 4.88289e-04
 5.23417e-04
 5.64014e-04
 6.10981e-04
 6.65489e-04
 7.29339e-04
 8.05873e-04
 9.01184e-04
 1.02417e-03
 1.17765e-03
 1.34295e-03
 1.48396e-03
 1.56099e-03
 1.53534e-03
 1.36898e-03
 1.07406e-03
 7.57086e-04
 5.41407e-04
 4.44686e-04
 4.10789e-04
 4.01750e-04
 4.00154e-04
 4.00006e-04
 4.00000e-04
 4.00000e-04
 4.00000e-04
 4.00000e-04
 4.00000e-04
 4.00000e-04
 4.00000e-04
 4.00000e-04
 4.00000e-04
 4.00000e-04
 4.00000e-04
 4.00000e-04
 4.00000e-04
 4.00000e-04
 4.00000e-04
 4.00000e-04
 4.00000e-04
 4.00000e-04
 4.00000e-04
 4.00000e-04
 4.00000e-04
 4.00000e-04
 4.00000e-04
 2.00000e-04
 1.87693e-04
 3.78237e-04
 3.83289e-04
 3.87561e-04
 3.92230e-04
 3.98433e-04
 4.06885e-04
 4.17953e-04
 4.31852e-04
 4.48777e-04
 4.68962e-04
 4.92718e-04
 5.20446e-04
 5.52654e-04
 5.89967e-04
 6.33178e-04
 6.83378e-04
 7.42301e-04
 8.12991e-04
 9.00474e-04
 1.01159e-03
 1.14887e-03
 1.29943e-03
 1.43801e-03
 1.53363e-03
 1.55533e-03
 1.47010e-03
 1.25407e-03
 9.51397e-04
 6.73769e-04
 5.04519e-04
 4.32590e-04
 4.07671e-04
 4.01199e-04
 4.00101e-04
 4.00004e-04
 4.00000e-04
 4.00000e-04
 4.00000e-04
 4.00000e-04
 4.00000e-04
 4.00000e-04
 4.00000e-04
 4.00000e-04
 4.00000e-04
 4.00000e-04
 4.00000e-04
 4.00000e-04
 4.00000e-04
 4.00000e-04
 4.00000e-04
 4.00000e-04
 4.00000e-04
 4.00000e-04
 4.00000e-04
 4.00000e-04
 4.00000e-04
 4.00000e-04
 4.00000e-04
 4.00000e-04
 2.00000e-04
 2.27437e-04
 4.58075e-04
 4.63714e-04
 4.68573e-04
 4.74181e-04
 4.81857e-04
 4.92403e-04
 5.06206e-04
 5.23498e-04
 5.44504e-04
 5.69517e-04
 5.98942e-04
 6.33335e-04
 6.73471e-04
 7.20502e-04
 7.76276e-04
 8.43741e-04
 9.27130e-04
 1.03142e-03
 1.15606e-03
 1.29013e-03
 1.41597e-03
 1.51077e-03
 1.55038e-03
 1.50857e-03
 1.35747e-03
 1.10416e-03
 8.17000e-04
 5.92402e-04
 4.71123e-04
 4.21436e-04
 4.04814e-04
 4.00701e-04
 4.00055e-04
 4.00002e-04
 4.00000e-04
 4.00000e-04
 4.00000e-04
 4.00000e-04
 4.00000e-04
 4.00000e-04
 4.00000e-04
 4.00000e-04
 4.00000e-04
 4.00000e-04
 4.00000e-04
 4.00000e-04
 4.00000e-04
 4.00000e-04
 4.00000e-04
 4.00000e-04
 4.00000e-04
 4.00000e-04
 4.00000e-04
 4.00000e-04
 4.00000e-04
 4.00000e-04
 4.00000e-04
 4.00000e-04
 4.00000e-04
 2.00000e-04
 2.77777e-04
 5.59112e-04
 5.65403e-04
 5.71045e-04
 5.77979e-04
 5.87737e-04
 6.01177e-04
 6.18711e-04
 6.40616e-04
 6.67233e-04
 6.99093e-04
 7.37046e-04
 7.82427e-04
 8.37208e-04
 9.04065e-04
 9.86259e-04
 1.08554e-03
 1.19760e-03
 1.31335e-03
 1.42036e-03
 1.50180e-03
 1.53997e-03
 1.51469e-03
 1.40237e-03
 1.19492e-03
 9.30397e-04
 6.84856e-04
 5.22115e-04
 4.43636e-04
 4.12447e-04
 4.02594e-04
 4.00339e-04
 4.00023e-04
 4.00001e-04
 4.00000e-04
 4.00000e-04
 4.00000e-04
 4.00000e-04
 4.00000e-04
 4.00000e-04
 4.00000e-04
 4.00000e-04
 4.00000e-04
 4.00000e-04
 4.00000e-04
 4.00000e-04
 4.00000e-04
 4.00000e-04
 4.00000e-04
 4.00000e-04
 4.00000e-04
 4.00000e-04
 4.00000e-04
 4.00000e-04
 4.00000e-04
 4.00000e-04
 4.00000e-04
 4.00000e-04
 4.00000e-04
 4.00000e-04
 2.00000e-04
 3.42794e-04
 6.89539e-04
 6.96655e-04
 7.03527e-04
 7.12638e-04
 7.25801e-04
 7.44009e-04
 7.67887e-04
 7.98069e-04
 8.35424e-04
 8.81194e-04
 9.37046e-04
 1.00493e-03
 1.08505e-03
 1.17472e-03
 1.26966e-03
 1.36333e-03
 1.44599e-03
 1.50550e-03
 1.52959e-03
 1.50259e-03
 1.40521e-03
 1.22761e-03
 9.92647e-04
 7.54198e-04
 5.72081e-04
 4.69562e-04
 4.23505e-04
 4.06190e-04
 4.01151e-04
 4.00129e-04
 4.00007e-04
 4.00000e-04
 4.00000e-04
 4.00000e-04
 4.00000e-04
 4.00000e-04
 4.00000e-04
 4.00000e-04
 4.00000e-04
 4.00000e-04
 4.00000e-04
 4.00000e-04
 4.00000e-04
 4.00000e-04
 4.00000e-04
 4.00000e-04
 4.00000e-04
 4.00000e-04
 4.00000e-04
 4.00000e-04
 4.00000e-04
 4.00000e-04
 4.00000e-04
 4.00000e-04
 4.00000e-04
 4.00000e-04
 4.00000e-04
 4.00000e-04
 4.00000e-04
 2.00000e-04
 4.34353e-04
 8.73391e-04
 8.82256e-04
 8.92021e-04
 9.06055e-04
 9.26558e-04
 9.54706e-04
 9.91317e-04
 1.03669e-03
 1.09031e-03
 1.15138e-03
 1.21873e-03
 1.29005e-03
 1.36131e-03
 1.42692e-03
 1.47984e-03
 1.51175e-03
 1.51361e-03
 1.47234e-03
 1.37311e-03
 1.20996e-03
 1.00022e-03
 7.82352e-04
 6.02835e-04
 4.90442e-04
 4.34565e-04
 4.10712e-04
 4.02516e-04
 4.00396e-04
 4.00036e-04
 4.00002e-04
 4.00000e-04
 4.00000e-04
 4.00000e-04
 4.00000e-04
 4.00000e-04
 4.00000e-04
 4.00000e-04
 4.00000e-04
 4.00000e-04
 4.00000e-04
 4.00000e-04
 4.00000e-04
 4.00000e-04
 4.00000e-04
 4.00000e-04
 4.00000e-04
 4.00000e-04
 4.00000e-04
 4.00000e-04
 4.00000e-04
 4.00000e-04
 4.00000e-04
 4.00000e-04
 4.00000e-04
 4.00000e-04
 4.00000e-04
 4.00000e-04
 4.00000e-04
 4.00000e-04
 2.00000e-04
 5.70300e-04
 1.14579e-03
 1.15578e-03
 1.16744e-03
 1.18452e-03
 1.20859e-03
 1.23963e-03
 1.27678e-03
 1.31851e-03
 1.36263e-03
 1.40661e-03
 1.44730e-03
 1.48001e-03
 1.49990e-03
 1.50158e-03
 1.47588e-03
 1.41210e-03
 1.30119e-03
 1.14369e-03
 9.55626e-04
 7.64356e-04
 6.03974e-04
 4.97896e-04
 4.40866e-04
 4.14202e-04
 4.03902e-04
 4.00773e-04
 4.00098e-04
 4.00007e-04
 4.00000e-04
 4.00000e-04
 4.00000e-04
 4.00000e-04
 4.00000e-04
 4.00000e-04
 4.00000e-04
 4.00000e-04
 4.00000e-04
 4.00000e-04
 4.00000e-04
 4.00000e-04
 4.00000e-04
 4.00000e-04
 4.00000e-04
 4.00000e-04
 4.00000e-04
 4.00000e-04
 4.00000e-04
 4.00000e-04
 4.00000e-04
 4.00000e-04
 4.00000e-04
 4.00000e-04
 4.00000e-04
 4.00000e-04
 4.00000e-04
 4.00000e-04
 4.00000e-04
 4.00000e-04
 4.00000e-04
 2.00000e-04
 6.98079e-04
 1.39983e-03
 1.40610e-03
 1.41252e-03
 1.42204e-03
 1.43501e-03
 1.45023e-03
 1.46559e-03
 1.47871e-03
 1.48738e-03
 1.48831e-03
 1.47634e-03
 1.44527e-03
 1.38869e-03
 1.30027e-03
 1.17770e-03
 1.02759e-03
 8.63323e-04
 7.04571e-04
 5.74887e-04
 4.88182e-04
 4.39228e-04
 4.14740e-04
 4.04493e-04
 4.01032e-04
 4.00161e-04
 4.00015e-04
 4.00001e-04
 4.00000e-04
 4.00000e-04
 4.00000e-04
 4.00000e-04
 4.00000e-04
 4.00000e-04
 4.00000e-04
 4.00000e-04
 4.00000e-04
 4.00000e-04
 4.00000e-04
 4.00000e-04
 4.00000e-04
 4.00000e-04
 4.00000e-04
 4.00000e-04
 4.00000e-04
 4.00000e-04
 4.00000e-04
 4.00000e-04
 4.00000e-04
 4.00000e-04
 4.00000e-04
 4.00000e-04
 4.00000e-04
 4.00000e-04
 4.00000e-04
 4.00000e-04
 4.00000e-04
 4.00000e-04
 4.00000e-04
 4.00000e-04
 2.00000e-04
 7.39638e-04
 1.48018e-03
 1.47982e-03
 1.47640e-03
 1.47124e-03
 1.46363e-03
 1.45165e-03
 1.43263e-03
 1.40343e-03
 1.36052e-03
 1.29997e-03
 1.21845e-03
 1.11622e-03
 9.96745e-04
 8.65847e-04
 7.34255e-04
 6.16321e-04
 5.25373e-04
 4.65400e-04
 4.30211e-04
 4.11898e-04
 4.03859e-04
 4.00966e-04
 4.00171e-04
 4.00020e-04
 4.00001e-04
 4.00000e-04
 4.00000e-04
 4.00000e-04
 4.00000e-04
 4.00000e-04
 4.00000e-04
 4.00000e-04
 4.00000e-04
 4.00000e-04
 4.00000e-04
 4.00000e-04
 4.00000e-04
 4.00000e-04
 4.00000e-04
 4.00000e-04
 4.00000e-04
 4.00000e-04
 4.00000e-04
 4.00000e-04
 4.00000e-04
 4.00000e-04
 4.00000e-04
 4.00000e-04
 4.00000e-04
 4.00000e-04
 4.00000e-04
 4.00000e-04
 4.00000e-04
 4.00000e-04
 4.00000e-04
 4.00000e-04
 4.00000e-04
 4.00000e-04
 4.00000e-04
 2.00000e-04
 6.49029e-04
 1.29540e-03
 1.28626e-03
 1.26925e-03
 1.24383e-03
 1.20903e-03
 1.16381e-03
 1.10742e-03
 1.03939e-03
 9.59885e-04
 8.70664e-04
 7.75747e-04
 6.81184e-04
 5.94557e-04
 5.23626e-04
 4.72300e-04
 4.38406e-04
 4.17913e-04
 4.07181e-04
 4.02382e-04
 4.00615e-04
 4.00115e-04
 4.00014e-04
 4.00001e-04
 4.00000e-04
 4.00000e-04
 4.00000e-04
 4.00000e-04
 4.00000e-04
 4.00000e-04
 4.00000e-04
 4.00000e-04
 4.00000e-04
 4.00000e-04
 4.00000e-04
 4.00000e-04
 4.00000e-04
 4.00000e-04
 4.00000e-04
 4.00000e-04
 4.00000e-04
 4.00000e-04
 4.00000e-04
 4.00000e-04
 4.00000e-04
 4.00000e-04
 4.00000e-04
 4.00000e-04
 4.00000e-04
 4.00000e-04
 4.00000e-04
 4.00000e-04
 4.00000e-04
 4.00000e-04
 4.00000e-04
 4.00000e-04
 4.00000e-04
 4.00000e-04
 4.00000e-04
 4.00000e-04
 2.00000e-04
 4.35797e-04
 8.67483e-04
 8.55346e-04
 8.34843e-04
 8.05625e-04
 7.68277e-04
 7.23906e-04
 6.74278e-04
 6.21966e-04
 5.70339e-04
 5.23258e-04
 4.84080e-04
 4.53624e-04
 4.31226e-04
 4.16304e-04
 4.07500e-04
 4.02957e-04
 4.00957e-04
 4.00241e-04
 4.00045e-04
 4.00006e-04
 4.00000e-04
 4.00000e-04
 4.00000e-04
 4.00000e-04
 4.00000e-04
 4.00000e-04
 4.00000e-04
 4.00000e-04
 4.00000e-04
 4.00000e-04
 4.00000e-04
 4.00000e-04
 4.00000e-04
 4.00000e-04
 4.00000e-04
 4.00000e-04
 4.00000e-04
 4.00000e-04
 4.00000e-04
 4.00000e-04
 4.00000e-04
 4.00000e-04
 4.00000e-04
 4.00000e-04
 4.00000e-04
 4.00000e-04
 4.00000e-04
 4.00000e-04
 4.00000e-04
 4.00000e-04
 4.00000e-04
 4.00000e-04
 4.00000e-04
 4.00000e-04
 4.00000e-04
 4.00000e-04
 4.00000e-04
 4.00000e-04
 4.00000e-04
 2.00000e-04
 2.60641e-04
 5.19335e-04
 5.13696e-04
 5.04638e-04
 4.92666e-04
 4.78824e-04
 4.64115e-04
 4.49435e-04
 4.35804e-04
 4.24124e-04
 4.14956e-04
 4.08422e-04
 4.04232e-04
 4.01852e-04
 4.00684e-04
 4.00205e-04
 4.00048e-04
 4.00008e-04
 4.00001e-04
 4.00000e-04
 4.00000e-04
 4.00000e-04
 4.00000e-04
 4.00000e-04
 4.00000e-04
 4.00000e-04
 4.00000e-04
 4.00000e-04
 4.00000e-04
 4.00000e-04
 4.00000e-04
 4.00000e-04
 4.00000e-04
 4.00000e-04
 4.00000e-04
 4.00000e-04
 4.00000e-04
 4.00000e-04
 4.00000e-04
 4.00000e-04
 4.00000e-04
 4.00000e-04
 4.00000e-04
 4.00000e-04
 4.00000e-04
 4.00000e-04
 4.00000e-04
 4.00000e-04
 4.00000e-04
 4.00000e-04
 4.00000e-04
 4.00000e-04
 4.00000e-04
 4.00000e-04
 4.00000e-04
 4.00000e-04
 4.00000e-04
 4.00000e-04
 4.00000e-04
 4.00000e-04
 2.00000e-04
 2.06692e-04
 4.13054e-04
 4.12096e-04
 4.10607e-04
 4.08754e-04
 4.06752e-04
 4.04827e-04
 4.03165e-04
 4.01879e-04
 4.00994e-04
 4.00461e-04
 4.00183e-04
 4.00061e-04
 4.00016e-04
 4.00003e-04
 4.00001e-04
 4.00000e-04
 4.00000e-04
 4.00000e-04
 4.00000e-04
 4.00000e-04
 4.00000e-04
 4.00000e-04
 4.00000e-04
 4.00000e-04
 4.00000e-04
 4.00000e-04
 4.00000e-04
 4.00000e-04
 4.00000e-04
 4.00000e-04
 4.00000e-04
 4.00000e-04
 4.00000e-04
 4.00000e-04
 4.00000e-04
 4.00000e-04
 4.00000e-04
 4.00000e-04
 4.00000e-04
 4.00000e-04
 4.00000e-04
 4.00000e-04
 4.00000e-04
 4.00000e-04
 4.00000e-04
 4.00000e-04
 4.00000e-04
 4.00000e-04
 4.00000e-04
 4.00000e-04
 4.00000e-04
 4.00000e-04
 4.00000e-04
 4.00000e-04
 4.00000e-04
 4.00000e-04
 4.00000e-04
 4.00000e-04
 4.00000e-04
 2.00000e-04
 2.00131e-04
 4.00252e-04
 4.00220e-04
 4.00175e-04
 4.00126e-04
 4.00081e-04
 4.00046e-04
 4.00023e-04
 4.00010e-04
 4.00003e-04
 4.00001e-04
 4.00000e-04
 4.00000e-04
 4.00000e-04
 4.00000e-04
 4.00000e-04
 4.00000e-04
 4.00000e-04
 4.00000e-04
 4.00000e-04
 4.00000e-04
 4.00000e-04
 4.00000e-04
 4.00000e-04
 4.00000e-04
 4.00000e-04
 4.00000e-04
 4.00000e-04
 4.00000e-04
 4.00000e-04
 4.00000e-04
 4.00000e-04
 4.00000e-04
 4.00000e-04
 4.00000e-04
 4.00000e-04
 4.00000e-04
 4.00000e-04
 4.00000e-04
 4.00000e-04
 4.00000e-04
 4.00000e-04
 4.00000e-04
 4.00000e-04
 4.00000e-04
 4.00000e-04
 4.00000e-04
 4.00000e-04
 4.00000e-04
 4.00000e-04
 4.00000e-04
 4.00000e-04
 4.00000e-04
 4.00000e-04
 4.00000e-04
 4.00000e-04
 4.00000e-04
 4.00000e-04
 4.00000e-04
 4.00000e-04
 2.00000e-04
 2.00000e-04
 4.00000e-04
 4.00000e-04
 4.00000e-04
 4.00000e-04
 4.00000e-04
 4.00000e-04
 4.00000e-04
 4.00000e-04
 4.00000e-04
 4.00000e-04
 4.00000e-04
 4.00000e-04
 4.00000e-04
 4.00000e-04
 4.00000e-04
 4.00000e-04
 4.00000e-04
 4.00000e-04
 4.00000e-04
 4.00000e-04
 4.00000e-04
 4.00000e-04
 4.00000e-04
 4.00000e-04
 4.00000e-04
 4.00000e-04
 4.00000e-04
 4.00000e-04
 4.00000e-04
 4.00000e-04
 4.00000e-04
 4.00000e-04
 4.00000e-04
 4.00000e-04
 4.00000e-04
 4.00000e-04
 4.00000e-04
 4.00000e-04
 4.00000e-04
 4.00000e-04
 4.00000e-04
 4.00000e-04
 4.00000e-04
 4.00000e-04
 4.00000e-04
 4.00000e-04
 4.00000e-04
 4.00000e-04
 4.00000e-04
 4.00000e-04
 4.00000e-04
 4.00000e-04
 4.00000e-04
 4.00000e-04
 4.00000e-04
 4.00000e-04
 4.00000e-04
 4.00000e-04
 4.00000e-04
 2.00000e-04
 2.00000e-04
 4.00000e-04
 4.00000e-04
 4.00000e-04
 4.00000e-04
 4.00000e-04
 4.00000e-04
 4.00000e-04
 4.00000e-04
 4.00000e-04
 4.00000e-04
 4.00000e-04
 4.00000e-04
 4.00000e-04
 4.00000e-04
 4.00000e-04
 4.00000e-04
 4.00000e-04
 4.00000e-04
 4.00000e-04
 4.00000e-04
 4.00000e-04
 4.00000e-04
 4.00000e-04
 4.00000e-04
 4.00000e-04
 4.00000e-04
 4.00000e-04
 4.00000e-04
 4.00000e-04
 4.00000e-04
 4.00000e-04
 4.00000e-04
 4.00000e-04
 4.00000e-04
 4.00000e-04
 4.00000e-04
 4.00000e-04
 4.00000e-04
 4.00000e-04
 4.00000e-04
 4.00000e-04
 4.00000e-04
 4.00000e-04
 4.00000e-04
 4.00000e-04
 4.00000e-04
 4.00000e-04
 4.00000e-04
 4.00000e-04
 4.00000e-04
 4.00000e-04
 4.00000e-04
 4.00000e-04
 4.00000e-04
 4.00000e-04
 4.00000e-04
 4.00000e-04
 4.00000e-04
 4.00000e-04
 2.00000e-04
 2.00000e-04
 4.00000e-04
 4.00000e-04
 4.00000e-04
 4.00000e-04
 4.00000e-04
 4.00000e-04
 4.00000e-04
 4.00000e-04
 4.00000e-04
 4.00000e-04
 4.00000e-04
 4.00000e-04
 4.00000e-04
 4.00000e-04
 4.00000e-04
 4.00000e-04
 4.00000e-04
 4.00000e-04
 4.00000e-04
 4.00000e-04
 4.00000e-04
 4.00000e-04
 4.00000e-04
 4.00000e-04
 4.00000e-04
 4.00000e-04
 4.00000e-04
 4.00000e-04
 4.00000e-04
 4.00000e-04
 4.00000e-04
 4.00000e-04
 4.00000e-04
 4.00000e-04
 4.00000e-04
 4.00000e-04
 4.00000e-04
 4.00000e-04
 4.00000e-04
 4.00000e-04
 4.00000e-04
 4.00000e-04
 4.00000e-04
 4.00000e-04
 4.00000e-04
 4.00000e-04
 4.00000e-04
 4.00000e-04
 4.00000e-04
 4.00000e-04
 4.00000e-04
 4.00000e-04
 4.00000e-04
 4.00000e-04
 4.00000e-04
 4.00000e-04
 4.00000e-04
 4.00000e-04
 4.00000e-04
 2.00000e-04
 2.00000e-04
 4.00000e-04
 4.00000e-04
 4.00000e-04
 4.00000e-04
 4.00000e-04
 4.00000e-04
 4.00000e-04
 4.00000e-04
 4.00000e-04
 4.00000e-04
 4.00000e-04
 4.00000e-04
 4.00000e-04
 4.00000e-04
 4.00000e-04
 4.00000e-04
 4.00000e-04
 4.00000e-04
 4.00000e-04
 4.00000e-04
 4.00000e-04
 4.00000e-04
 4.00000e-04
 4.00000e-04
 4.00000e-04
 4.00000e-04
 4.00000e-04
 4.00000e-04
 4.00000e-04
 4.00000e-04
 4.00000e-04
 4.00000e-04
 4.00000e-04
 4.00000e-04
 4.00000e-04
 4.00000e-04
 4.00000e-04
 4.00000e-04
 4.00000e-04
 4.00000e-04
 4.00000e-04
 4.00000e-04
 4.00000e-04
 4.00000e-04
 4.00000e-04
 4.00000e-04
 4.00000e-04
 4.00000e-04
 4.00000e-04
 4.00000e-04
 4.00000e-04
 4.00000e-04
 4.00000e-04
 4.00000e-04
 4.00000e-04
 4.00000e-04
 4.00000e-04
 4.00000e-04
 4.00000e-04
 2.00000e-04
 2.00000e-04
 4.00000e-04
 4.00000e-04
 4.00000e-04
 4.00000e-04
 4.00000e-04
 4.00000e-04
 4.00000e-04
 4.00000e-04
 4.00000e-04
 4.00000e-04
 4.00000e-04
 4.00000e-04
 4.00000e-04
 4.00000e-04
 4.00000e-04
 4.00000e-04
 4.00000e-04
 4.00000e-04
 4.00000e-04
 4.00000e-04
 4.00000e-04
 4.00000e-04
 4.00000e-04
 4.00000e-04
 4.00000e-04
 4.00000e-04
 4.00000e-04
 4.00000e-04
 4.00000e-04
 4.00000e-04
 4.00000e-04
 4.00000e-04
 4.00000e-04
 4.00000e-04
 4.00000e-04
 4.00000e-04
 4.00000e-04
 4.00000e-04
 4.00000e-04
 4.00000e-04
 4.00000e-04
 4.00000e-04
 4.00000e-04
 4.00000e-04
 4.00000e-04
 4.00000e-04
 4.00000e-04
 4.00000e-04
 4.00000e-04
 4.00000e-04
 4.00000e-04
 4.00000e-04
 4.00000e-04
 4.00000e-04
 4.00000e-04
 4.00000e-04
 4.00000e-04
 4.00000e-04
 4.00000e-04
 2.00000e-04
 2.00000e-04
 4.00000e-04
 4.00000e-04
 4.00000e-04
 4.00000e-04
 4.00000e-04
 4.00000e-04
 4.00000e-04
 4.00000e-04
 4.00000e-04
 4.00000e-04
 4.00000e-04
 4.00000e-04
 4.00000e-04
 4.00000e-04
 4.00000e-04
 4.00000e-04
 4.00000e-04
 4.00000e-04
 4.00000e-04
 4.00000e-04
 4.00000e-04
 4.00000e-04
 4.00000e-04
 4.00000e-04
 4.00000e-04
 4.00000e-04
 4.00000e-04
 4.00000e-04
 4.00000e-04
 4.00000e-04
 4.00000e-04
 4.00000e-04
 4.00000e-04
 4.00000e-04
 4.00000e-04
 4.00000e-04
 4.00000e-04
 4.00000e-04
 4.00000e-04
 4.00000e-04
 4.00000e-04
 4.00000e-04
 4.00000e-04
 4.00000e-04
 4.00000e-04
 4.00000e-04
 4.00000e-04
 4.00000e-04
 4.00000e-04
 4.00000e-04
 4.00000e-04
 4.00000e-04
 4.00000e-04
 4.00000e-04
 4.00000e-04
 4.00000e-04
 4.00000e-04
 4.00000e-04
 4.00000e-04
 2.00000e-04
 2.00000e-04
 4.00000e-04
 4.00000e-04
 4.00000e-04
 4.00000e-04
 4.00000e-04
 4.00000e-04
 4.00000e-04
 4.00000e-04
 4.00000e-04
 4.00000e-04
 4.00000e-04
 4.00000e-04
 4.00000e-04
 4.00000e-04
 4.00000e-04
 4.00000e-04
 4.00000e-04
 4.00000e-04
 4.00000e-04
 4.00000e-04
 4.00000e-04
 4.00000e-04
 4.00000e-04
 4.00000e-04
 4.00000e-04
 4.00000e-04
 4.00000e-04
 4.00000e-04
 4.00000e-04
 4.00000e-04
 4.00000e-04
 4.00000e-04
 4.00000e-04
 4.00000e-04
 4.00000e-04
 4.00000e-04
 4.00000e-04
 4.00000e-04
 4.00000e-04
 4.00000e-04
 4.00000e-04
 4.00000e-04
 4.00000e-04
 4.00000e-04
 4.00000e-04
 4.00000e-04
 4.00000e-04
 4.00000e-04
 4.00000e-04
 4.00000e-04
 4.00000e-04
 4.00000e-04
 4.00000e-04
 4.00000e-04
 4.00000e-04
 4.00000e-04
 4.00000e-04
 4.00000e-04
 4.00000e-04
 2.00000e-04
 1.00000e-04
 2.00000e-04
 2.00000e-04
 2.00000e-04
 2.00000e-04
 2.00000e-04
 2.00000e-04
 2.00000e-04
 2.00000e-04
 2.00000e-04
 2.00000e-04
 2.00000e-04
 2.00000e-04
 2.00000e-04
 2.00000e-04
 2.00000e-04
 2.00000e-04
 2.00000e-04
 2.00000e-04
 2.00000e-04
 2.00000e-04
 2.00000e-04
 2.00000e-04
 2.00000e-04
 2.00000e-04
 2.00000e-04
 2.00000e-04
 2.00000e-04
 2.00000e-04
 2.00000e-04
 2.00000e-04
 2.00000e-04
 2.00000e-04
 2.00000e-04
 2.00000e-04
 2.00000e-04
 2.00000e-04
 2.00000e-04
 2.00000e-04
 2.00000e-04
 2.00000e-04
 2.00000e-04
 2.00000e-04
 2.00000e-04
 2.00000e-04
 2.00000e-04
 2.00000e-04
 2.00000e-04
 2.00000e-04
 2.00000e-04
 2.00000e-04
 2.00000e-04
 2.00000e-04
 2.00000e-04
 2.00000e-04
 2.00000e-04
 2.00000e-04
 2.00000e-04
 2.00000e-04
 2.00000e-04
 1.00000e-04
