Pressure
part
         1
hexa8
 1.00000e+00
 1.00000e+00
 1.00000e+00
 1.00000e+00
 1.00000e+00
 1.00000e+00
 1.00000e+00
 1.00000e+00
 1.00000e+00
 1.00000e+00
 1.00000e+00
 1.00000e+00
 1.00000e+00
 1.00000e+00
 1.00000e+00
 1.00000e+00
 1.00000e+00
 9.99999e-01
 9.99997e-01
 9.99982e-01
 9.99913e-01
 9.99636e-01
 9.98655e-01
 9.95701e-01
 9.88287e-01
 1.00000e+00
 1.00000e+00
 1.00000e+00
 1.00000e+00
 1.00000e+00
 1.00000e+00
 1.00000e+00
 1.00000e+00
 1.00000e+00
 1.00000e+00
 1.00000e+00
 1.00000e+00
 1.00000e+00
 1.00000e+00
 1.00000e+00
 1.00000e+00
 1.00000e+00
 9.99999e-01
 9.99997e-01
 9.99982e-01
 9.99913e-01
 9.99636e-01
 9.98655e-01
 9.95701e-01
 9.88287e-01
 1.00000e+00
 1.00000e+00
 1.00000e+00
 1.00000e+00
 1.00000e+00
 1.00000e+00
 1.00000e+00
 1.00000e+00
 1.00000e+00
 1.00000e+00
 1.00000e+00
 1.00000e+00
 1.00000e+00
 1.00000e+00
 1.00000e+00
 1.00000e+00
 1.00000e+00
 9.99999e-01
 9.99997e-01
 9.99982e-01
 9.99913e-01
 9.99636e-01
 9.98655e-01
 9.95701e-01
 9.88287e-01
 1.00000e+00
 1.00000e+00
 1.00000e+00
 1.00000e+00
 1.00000e+00
 1.00000e+00
 1.00000e+00
 1.00000e+00
 1.00000e+00
 1.00000e+00
 1.00000e+00
 1.00000e+00
 1.00000e+00
 1.00000e+00
 1.00000e+00
 1.00000e+00
 1.00000e+00
 9.99999e-01
 9.99997e-01
 9.99982e-01
 9.99913e-01
 9.99636e-01
 9.98655e-01
 9.95701e-01
 9.88287e-01
 1.00000e+00
 1.00000e+00
 1.00000e+00
 1.00000e+00
 1.00000e+00
 1.00000e+00
 1.00000e+00
 1.00000e+00
 1.00000e+00
 1.00000e+00
 1.00000e+00
 1.00000e+00
 1.00000e+00
 1.00000e+00
 1.00000e+00
 1.00000e+00
 1.00000e+00
 9.99999e-01
 9.99997e-01
 9.99982e-01
 9.99913e-01
 9.99636e-01
 9.98655e-01
 9.95701e-01
 9.88287e-01
 1.00000e+00
 1.00000e+00
 1.00000e+00
 1.00000e+00
 1.00000e+00
 1.00000e+00
 1.00000e+00
 1.00000e+00
 1.00000e+00
 1.00000e+00
 1.00000e+00
 1.00000e+00
 1.00000e+00
 1.00000e+00
 1.00000e+00
 1.00000e+00
 1.00000e+00
 9.99999e-01
 9.99997e-01
 9.99982e-01
 9.99913e-01
 9.99636e-01
 9.98655e-01
 9.95701e-01
 9.88287e-01
 1.00000e+00
 1.00000e+00
 1.00000e+00
 1.00000e+00
 1.00000e+00
 1.00000e+00
 1.00000e+00
 1.00000e+00
 1.00000e+00
 1.00000e+00
 1.00000e+00
 1.00000e+00
 1.00000e+00
 1.00000e+00
 1.00000e+00
 1.00000e+00
 1.00000e+00
 9.99999e-01
 9.99997e-01
 9.99982e-01
 9.99913e-01
 9.99636e-01
 9.98655e-01
 9.95701e-01
 9.88287e-01
 1.00000e+00
 1.00000e+00
 1.00000e+00
 1.00000e+00
 1.00000e+00
 1.00000e+00
 1.00000e+00
 1.00000e+00
 1.00000e+00
 1.00000e+00
 1.00000e+00
 1.00000e+00
 1.00000e+00
 1.00000e+00
 1.00000e+00
 1.00000e+00
 1.00000e+00
 9.99999e-01
 9.99997e-01
 9.99982e-01
 9.99913e-01
 9.99636e-01
 9.98655e-01
 9.95701e-01
 9.88287e-01
 1.00000e+00
 1.00000e+00
 1.00000e+00
 1.00000e+00
 1.00000e+00
 1.00000e+00
 1.00000e+00
 1.00000e+00
 1.00000e+00
 1.00000e+00
 1.00000e+00
 1.00000e+00
 1.00000e+00
 1.00000e+00
 1.00000e+00
 1.00000e+00
 1.00000e+00
 9.99999e-01
 9.99997e-01
 9.99982e-01
 9.99913e-01
 9.99636e-01
 9.98655e-01
 9.95701e-01
 9.88287e-01
 1.00000e+00
 1.00000e+00
 1.00000e+00
 1.00000e+00
 1.00000e+00
 1.00000e+00
 1.00000e+00
 1.00000e+00
 1.00000e+00
 1.00000e+00
 1.00000e+00
 1.00000e+00
 1.00000e+00
 1.00000e+00
 1.00000e+00
 1.00000e+00
 1.00000e+00
 9.99999e-01
 9.99997e-01
 9.99982e-01
 9.99913e-01
 9.99636e-01
 9.98655e-01
 9.95701e-01
 9.88287e-01
 1.00000e+00
 1.00000e+00
 1.00000e+00
 1.00000e+00
 1.00000e+00
 1.00000e+00
 1.00000e+00
 1.00000e+00
 1.00000e+00
 1.00000e+00
 1.00000e+00
 1.00000e+00
 1.00000e+00
 1.00000e+00
 1.00000e+00
 1.00000e+00
 1.00000e+00
 9.99999e-01
 9.99997e-01
 9.99982e-01
 9.99913e-01
 9.99636e-01
 9.98655e-01
 9.95701e-01
 9.88287e-01
 1.00000e+00
 1.00000e+00
 1.00000e+00
 1.00000e+00
 1.00000e+00
 1.00000e+00
 1.00000e+00
 1.00000e+00
 1.00000e+00
 1.00000e+00
 1.00000e+00
 1.00000e+00
 1.00000e+00
 1.00000e+00
 1.00000e+00
 1.00000e+00
 1.00000e+00
 9.99999e-01
 9.99997e-01
 9.99982e-01
 9.99913e-01
 9.99636e-01
 9.98655e-01
 9.95701e-01
 9.88287e-01
 1.00000e+00
 1.00000e+00
 1.00000e+00
 1.00000e+00
 1.00000e+00
 1.00000e+00
 1.00000e+00
 1.00000e+00
 1.00000e+00
 1.00000e+00
 1.00000e+00
 1.00000e+00
 1.00000e+00
 1.00000e+00
 1.00000e+00
 1.00000e+00
 1.00000e+00
 9.99999e-01
 9.99997e-01
 9.99982e-01
 9.99913e-01
 9.99636e-01
 9.98655e-01
 9.95701e-01
 9.88287e-01
 1.00000e+00
 1.00000e+00
 1.00000e+00
 1.00000e+00
 1.00000e+00
 1.00000e+00
 1.00000e+00
 1.00000e+00
 1.00000e+00
 1.00000e+00
 1.00000e+00
 1.00000e+00
 1.00000e+00
 1.00000e+00
 1.00000e+00
 1.00000e+00
 1.00000e+00
 9.99999e-01
 9.99997e-01
 9.99982e-01
 9.99913e-01
 9.99636e-01
 9.98655e-01
 9.95701e-01
 9.88287e-01
 1.00000e+00
 1.00000e+00
 1.00000e+00
 1.00000e+00
 1.00000e+00
 1.00000e+00
 1.00000e+00
 1.00000e+00
 1.00000e+00
 1.00000e+00
 1.00000e+00
 1.00000e+00
 1.00000e+00
 1.00000e+00
 1.00000e+00
 1.00000e+00
 1.00000e+00
 9.99999e-01
 9.99997e-01
 9.99982e-01
 9.99913e-01
 9.99636e-01
 9.98655e-01
 9.95701e-01
 9.88287e-01
 1.00000e+00
 1.00000e+00
 1.00000e+00
 1.00000e+00
 1.00000e+00
 1.00000e+00
 1.00000e+00
 1.00000e+00
 1.00000e+00
 1.00000e+00
 1.00000e+00
 1.00000e+00
 1.00000e+00
 1.00000e+00
 1.00000e+00
 1.00000e+00
 1.00000e+00
 9.99999e-01
 9.99997e-01
 9.99982e-01
 9.99913e-01
 9.99636e-01
 9.98655e-01
 9.95701e-01
 9.88287e-01
 1.00000e+00
 1.00000e+00
 1.00000e+00
 1.00000e+00
 1.00000e+00
 1.00000e+00
 1.00000e+00
 1.00000e+00
 1.00000e+00
 1.00000e+00
 1.00000e+00
 1.00000e+00
 1.00000e+00
 1.00000e+00
 1.00000e+00
 1.00000e+00
 1.00000e+00
 9.99999e-01
 9.99997e-01
 9.99982e-01
 9.99913e-01
 9.99636e-01
 9.98655e-01
 9.95701e-01
 9.88287e-01
 1.00000e+00
 1.00000e+00
 1.00000e+00
 1.00000e+00
 1.00000e+00
 1.00000e+00
 1.00000e+00
 1.00000e+00
 1.00000e+00
 1.00000e+00
 1.00000e+00
 1.00000e+00
 1.00000e+00
 1.00000e+00
 1.00000e+00
 1.00000e+00
 1.00000e+00
 9.99999e-01
 9.99997e-01
 9.99982e-01
 9.99913e-01
 9.99636e-01
 9.98655e-01
 9.95701e-01
 9.88287e-01
 1.00000e+00
 1.00000e+00
 1.00000e+00
 1.00000e+00
 1.00000e+00
 1.00000e+00
 1.00000e+00
 1.00000e+00
 1.00000e+00
 1.00000e+00
 1.00000e+00
 1.00000e+00
 1.00000e+00
 1.00000e+00
 1.00000e+00
 1.00000e+00
 1.00000e+00
 9.99999e-01
 9.99997e-01
 9.99982e-01
 9.99913e-01
 9.99636e-01
 9.98655e-01
 9.95701e-01
 9.88287e-01
 1.00000e+00
 1.00000e+00
 1.00000e+00
 1.00000e+00
 1.00000e+00
 1.00000e+00
 1.00000e+00
 1.00000e+00
 1.00000e+00
 1.00000e+00
 1.00000e+00
 1.00000e+00
 1.00000e+00
 1.00000e+00
 1.00000e+00
 1.00000e+00
 1.00000e+00
 9.99999e-01
 9.99997e-01
 9.99982e-01
 9.99913e-01
 9.99636e-01
 9.98655e-01
 9.95701e-01
 9.88287e-01
 1.00000e+00
 1.00000e+00
 1.00000e+00
 1.00000e+00
 1.00000e+00
 1.00000e+00
 1.00000e+00
 1.00000e+00
 1.00000e+00
 1.00000e+00
 1.00000e+00
 1.00000e+00
 1.00000e+00
 1.00000e+00
 1.00000e+00
 1.00000e+00
 1.00000e+00
 9.99999e-01
 9.99997e-01
 9.99982e-01
 9.99913e-01
 9.99636e-01
 9.98655e-01
 9.95701e-01
 9.88287e-01
 1.00000e+00
 1.00000e+00
 1.00000e+00
 1.00000e+00
 1.00000e+00
 1.00000e+00
 1.00000e+00
 1.00000e+00
 1.00000e+00
 1.00000e+00
 1.00000e+00
 1.00000e+00
 1.00000e+00
 1.00000e+00
 1.00000e+00
 1.00000e+00
 1.00000e+00
 9.99999e-01
 9.99997e-01
 9.99982e-01
 9.99913e-01
 9.99636e-01
 9.98655e-01
 9.95701e-01
 9.88287e-01
 1.00000e+00
 1.00000e+00
 1.00000e+00
 1.00000e+00
 1.00000e+00
 1.00000e+00
 1.00000e+00
 1.00000e+00
 1.00000e+00
 1.00000e+00
 1.00000e+00
 1.00000e+00
 1.00000e+00
 1.00000e+00
 1.00000e+00
 1.00000e+00
 1.00000e+00
 9.99999e-01
 9.99997e-01
 9.99982e-01
 9.99913e-01
 9.99636e-01
 9.98655e-01
 9.95701e-01
 9.88287e-01
 1.00000e+00
 1.00000e+00
 1.00000e+00
 1.00000e+00
 1.00000e+00
 1.00000e+00
 1.00000e+00
 1.00000e+00
 1.00000e+00
 1.00000e+00
 1.00000e+00
 1.00000e+00
 1.00000e+00
 1.00000e+00
 1.00000e+00
 1.00000e+00
 1.00000e+00
 9.99999e-01
 9.99997e-01
 9.99982e-01
 9.99913e-01
 9.99636e-01
 9.98655e-01
 9.95701e-01
 9.88287e-01
 1.00000e+00
 1.00000e+00
 1.00000e+00
 1.00000e+00
 1.00000e+00
 1.00000e+00
 1.00000e+00
 1.00000e+00
 1.00000e+00
 1.00000e+00
 1.00000e+00
 1.00000e+00
 1.00000e+00
 1.00000e+00
 1.00000e+00
 1.00000e+00
 1.00000e+00
 9.99999e-01
 9.99997e-01
 9.99982e-01
 9.99913e-01
 9.99636e-01
 9.98655e-01
 9.95701e-01
 9.88287e-01
part
         2
hexa8
 9.73143e-01
 9.48311e-01
 9.15211e-01
 8.77600e-01
 8.38712e-01
 8.00228e-01
 7.62839e-01
 7.26803e-01
 6.92211e-01
 6.59114e-01
 6.27576e-01
 5.97611e-01
 5.69199e-01
 5.42291e-01
 5.16819e-01
 4.92719e-01
 4.69937e-01
 4.48432e-01
 4.28182e-01
 4.09183e-01
 3.91453e-01
 3.75033e-01
 3.59995e-01
 3.46438e-01
 3.34489e-01
 9.73143e-01
 9.48311e-01
 9.15211e-01
 8.77600e-01
 8.38712e-01
 8.00228e-01
 7.62839e-01
 7.26803e-01
 6.92211e-01
 6.59114e-01
 6.27576e-01
 5.97611e-01
 5.69199e-01
 5.42291e-01
 5.16819e-01
 4.92719e-01
 4.69937e-01
 4.48432e-01
 4.28182e-01
 4.09183e-01
 3.91453e-01
 3.75033e-01
 3.59995e-01
 3.46438e-01
 3.34489e-01
 9.73143e-01
 9.48311e-01
 9.15211e-01
 8.77600e-01
 8.38712e-01
 8.00228e-01
 7.62839e-01
 7.26803e-01
 6.92211e-01
 6.59114e-01
 6.27576e-01
 5.97611e-01
 5.69199e-01
 5.42291e-01
 5.16819e-01
 4.92719e-01
 4.69937e-01
 4.48432e-01
 4.28182e-01
 4.09183e-01
 3.91453e-01
 3.75033e-01
 3.59995e-01
 3.46438e-01
 3.34489e-01
 9.73143e-01
 9.48311e-01
 9.15211e-01
 8.77600e-01
 8.38712e-01
 8.00228e-01
 7.62839e-01
 7.26803e-01
 6.92211e-01
 6.59114e-01
 6.27576e-01
 5.97611e-01
 5.69199e-01
 5.42291e-01
 5.16819e-01
 4.92719e-01
 4.69937e-01
 4.48432e-01
 4.28182e-01
 4.09183e-01
 3.91453e-01
 3.75033e-01
 3.59995e-01
 3.46438e-01
 3.34489e-01
 9.73143e-01
 9.48311e-01
 9.15211e-01
 8.77600e-01
 8.38712e-01
 8.00228e-01
 7.62839e-01
 7.26803e-01
 6.92211e-01
 6.59114e-01
 6.27576e-01
 5.97611e-01
 5.69199e-01
 5.42291e-01
 5.16819e-01
 4.92719e-01
 4.69937e-01
 4.48432e-01
 4.28182e-01
 4.09183e-01
 3.91453e-01
 3.75033e-01
 3.59995e-01
 3.46438e-01
 3.34489e-01
 9.73143e-01
 9.48311e-01
 9.15211e-01
 8.77600e-01
 8.38712e-01
 8.00228e-01
 7.62839e-01
 7.26803e-01
 6.92211e-01
 6.59114e-01
 6.27576e-01
 5.97611e-01
 5.69199e-01
 5.42291e-01
 5.16819e-01
 4.92719e-01
 4.69937e-01
 4.48432e-01
 4.28182e-01
 4.09183e-01
 3.91453e-01
 3.75033e-01
 3.59995e-01
 3.46438e-01
 3.34489e-01
 9.73143e-01
 9.48311e-01
 9.15211e-01
 8.77600e-01
 8.38712e-01
 8.00228e-01
 7.62839e-01
 7.26803e-01
 6.92211e-01
 6.59114e-01
 6.27576e-01
 5.97611e-01
 5.69199e-01
 5.42291e-01
 5.16819e-01
 4.92719e-01
 4.69937e-01
 4.48432e-01
 4.28182e-01
 4.09183e-01
 3.91453e-01
 3.75033e-01
 3.59995e-01
 3.46438e-01
 3.34489e-01
 9.73143e-01
 9.48311e-01
 9.15211e-01
 8.77600e-01
 8.38712e-01
 8.00228e-01
 7.62839e-01
 7.26803e-01
 6.92211e-01
 6.59114e-01
 6.27576e-01
 5.97611e-01
 5.69199e-01
 5.42291e-01
 5.16819e-01
 4.92719e-01
 4.69937e-01
 4.48432e-01
 4.28182e-01
 4.09183e-01
 3.91453e-01
 3.75033e-01
 3.59995e-01
 3.46438e-01
 3.34489e-01
 9.73143e-01
 9.48311e-01
 9.15211e-01
 8.77600e-01
 8.38712e-01
 8.00228e-01
 7.62839e-01
 7.26803e-01
 6.92211e-01
 6.59114e-01
 6.27576e-01
 5.97611e-01
 5.69199e-01
 5.42291e-01
 5.16819e-01
 4.92719e-01
 4.69937e-01
 4.48432e-01
 4.28182e-01
 4.09183e-01
 3.91453e-01
 3.75033e-01
 3.59995e-01
 3.46438e-01
 3.34489e-01
 9.73143e-01
 9.48311e-01
 9.15211e-01
 8.77600e-01
 8.38712e-01
 8.00228e-01
 7.62839e-01
 7.26803e-01
 6.92211e-01
 6.59114e-01
 6.27576e-01
 5.97611e-01
 5.69199e-01
 5.42291e-01
 5.16819e-01
 4.92719e-01
 4.69937e-01
 4.48432e-01
 4.28182e-01
 4.09183e-01
 3.91453e-01
 3.75033e-01
 3.59995e-01
 3.46438e-01
 3.34489e-01
 9.73143e-01
 9.48311e-01
 9.15211e-01
 8.77600e-01
 8.38712e-01
 8.00228e-01
 7.62839e-01
 7.26803e-01
 6.92211e-01
 6.59114e-01
 6.27576e-01
 5.97611e-01
 5.69199e-01
 5.42291e-01
 5.16819e-01
 4.92719e-01
 4.69937e-01
 4.48432e-01
 4.28182e-01
 4.09183e-01
 3.91453e-01
 3.75033e-01
 3.59995e-01
 3.46438e-01
 3.34489e-01
 9.73143e-01
 9.48311e-01
 9.15211e-01
 8.77600e-01
 8.38712e-01
 8.00228e-01
 7.62839e-01
 7.26803e-01
 6.92211e-01
 6.59114e-01
 6.27576e-01
 5.97611e-01
 5.69199e-01
 5.42291e-01
 5.16819e-01
 4.92719e-01
 4.69937e-01
 4.48432e-01
 4.28182e-01
 4.09183e-01
 3.91453e-01
 3.75033e-01
 3.59995e-01
 3.46438e-01
 3.34489e-01
 9.73143e-01
 9.48311e-01
 9.15211e-01
 8.77600e-01
 8.38712e-01
 8.00228e-01
 7.62839e-01
 7.26803e-01
 6.92211e-01
 6.59114e-01
 6.27576e-01
 5.97611e-01
 5.69199e-01
 5.42291e-01
 5.16819e-01
 4.92719e-01
 4.69937e-01
 4.48432e-01
 4.28182e-01
 4.09183e-01
 3.91453e-01
 3.75033e-01
 3.59995e-01
 3.46438e-01
 3.34489e-01
 9.73143e-01
 9.48311e-01
 9.15211e-01
 8.77600e-01
 8.38712e-01
 8.00228e-01
 7.62839e-01
 7.26803e-01
 6.92211e-01
 6.59114e-01
 6.27576e-01
 5.97611e-01
 5.69199e-01
 5.42291e-01
 5.16819e-01
 4.92719e-01
 4.69937e-01
 4.48432e-01
 4.28182e-01
 4.09183e-01
 3.91453e-01
 3.75033e-01
 3.59995e-01
 3.46438e-01
 3.34489e-01
 9.73143e-01
 9.48311e-01
 9.15211e-01
 8.77600e-01
 8.38712e-01
 8.00228e-01
 7.62839e-01
 7.26803e-01
 6.92211e-01
 6.59114e-01
 6.27576e-01
 5.97611e-01
 5.69199e-01
 5.42291e-01
 5.16819e-01
 4.92719e-01
 4.69937e-01
 4.48432e-01
 4.28182e-01
 4.09183e-01
 3.91453e-01
 3.75033e-01
 3.59995e-01
 3.46438e-01
 3.34489e-01
 9.73143e-01
 9.48311e-01
 9.15211e-01
 8.77600e-01
 8.38712e-01
 8.00228e-01
 7.62839e-01
 7.26803e-01
 6.92211e-01
 6.59114e-01
 6.27576e-01
 5.97611e-01
 5.69199e-01
 5.42291e-01
 5.16819e-01
 4.92719e-01
 4.69937e-01
 4.48432e-01
 4.28182e-01
 4.09183e-01
 3.91453e-01
 3.75033e-01
 3.59995e-01
 3.46438e-01
 3.34489e-01
 9.73143e-01
 9.48311e-01
 9.15211e-01
 8.77600e-01
 8.38712e-01
 8.00228e-01
 7.62839e-01
 7.26803e-01
 6.92211e-01
 6.59114e-01
 6.27576e-01
 5.97611e-01
 5.69199e-01
 5.42291e-01
 5.16819e-01
 4.92719e-01
 4.69937e-01
 4.48432e-01
 4.28182e-01
 4.09183e-01
 3.91453e-01
 3.75033e-01
 3.59995e-01
 3.46438e-01
 3.34489e-01
 9.73143e-01
 9.48311e-01
 9.15211e-01
 8.77600e-01
 8.38712e-01
 8.00228e-01
 7.62839e-01
 7.26803e-01
 6.92211e-01
 6.59114e-01
 6.27576e-01
 5.97611e-01
 5.69199e-01
 5.42291e-01
 5.16819e-01
 4.92719e-01
 4.69937e-01
 4.48432e-01
 4.28182e-01
 4.09183e-01
 3.91453e-01
 3.75033e-01
 3.59995e-01
 3.46438e-01
 3.34489e-01
 9.73143e-01
 9.48311e-01
 9.15211e-01
 8.77600e-01
 8.38712e-01
 8.00228e-01
 7.62839e-01
 7.26803e-01
 6.92211e-01
 6.59114e-01
 6.27576e-01
 5.97611e-01
 5.69199e-01
 5.42291e-01
 5.16819e-01
 4.92719e-01
 4.69937e-01
 4.48432e-01
 4.28182e-01
 4.09183e-01
 3.91453e-01
 3.75033e-01
 3.59995e-01
 3.46438e-01
 3.34489e-01
 9.73143e-01
 9.48311e-01
 9.15211e-01
 8.77600e-01
 8.38712e-01
 8.00228e-01
 7.62839e-01
 7.26803e-01
 6.92211e-01
 6.59114e-01
 6.27576e-01
 5.97611e-01
 5.69199e-01
 5.42291e-01
 5.16819e-01
 4.92719e-01
 4.69937e-01
 4.48432e-01
 4.28182e-01
 4.09183e-01
 3.91453e-01
 3.75033e-01
 3.59995e-01
 3.46438e-01
 3.34489e-01
 9.73143e-01
 9.48311e-01
 9.15211e-01
 8.77600e-01
 8.38712e-01
 8.00228e-01
 7.62839e-01
 7.26803e-01
 6.92211e-01
 6.59114e-01
 6.27576e-01
 5.97611e-01
 5.69199e-01
 5.42291e-01
 5.16819e-01
 4.92719e-01
 4.69937e-01
 4.48432e-01
 4.28182e-01
 4.09183e-01
 3.91453e-01
 3.75033e-01
 3.59995e-01
 3.46438e-01
 3.34489e-01
 9.73143e-01
 9.48311e-01
 9.15211e-01
 8.77600e-01
 8.38712e-01
 8.00228e-01
 7.62839e-01
 7.26803e-01
 6.92211e-01
 6.59114e-01
 6.27576e-01
 5.97611e-01
 5.69199e-01
 5.42291e-01
 5.16819e-01
 4.92719e-01
 4.69937e-01
 4.48432e-01
 4.28182e-01
 4.09183e-01
 3.91453e-01
 3.75033e-01
 3.59995e-01
 3.46438e-01
 3.34489e-01
 9.73143e-01
 9.48311e-01
 9.15211e-01
 8.77600e-01
 8.38712e-01
 8.00228e-01
 7.62839e-01
 7.26803e-01
 6.92211e-01
 6.59114e-01
 6.27576e-01
 5.97611e-01
 5.69199e-01
 5.42291e-01
 5.16819e-01
 4.92719e-01
 4.69937e-01
 4.48432e-01
 4.28182e-01
 4.09183e-01
 3.91453e-01
 3.75033e-01
 3.59995e-01
 3.46438e-01
 3.34489e-01
 9.73143e-01
 9.48311e-01
 9.15211e-01
 8.77600e-01
 8.38712e-01
 8.00228e-01
 7.62839e-01
 7.26803e-01
 6.92211e-01
 6.59114e-01
 6.27576e-01
 5.97611e-01
 5.69199e-01
 5.42291e-01
 5.16819e-01
 4.92719e-01
 4.69937e-01
 4.48432e-01
 4.28182e-01
 4.09183e-01
 3.91453e-01
 3.75033e-01
 3.59995e-01
 3.46438e-01
 3.34489e-01
 9.73143e-01
 9.48311e-01
 9.15211e-01
 8.77600e-01
 8.38712e-01
 8.00228e-01
 7.62839e-01
 7.26803e-01
 6.92211e-01
 6.59114e-01
 6.27576e-01
 5.97611e-01
 5.69199e-01
 5.42291e-01
 5.16819e-01
 4.92719e-01
 4.69937e-01
 4.48432e-01
 4.28182e-01
 4.09183e-01
 3.91453e-01
 3.75033e-01
 3.59995e-01
 3.46438e-01
 3.34489e-01
part
         3
hexa8
 3.24286e-01
 3.15948e-01
 3.09528e-01
 3.04963e-01
 3.02048e-01
 3.00460e-01
 2.99816e-01
 2.99714e-01
 2.99874e-01
 3.00188e-01
 3.00552e-01
 3.00837e-01
 3.01091e-01
 3.01354e-01
 3.01574e-01
 3.01770e-01
 3.01939e-01
 3.02319e-01
 3.02490e-01
 3.01858e-01
 3.02118e-01
 3.02445e-01
 3.02715e-01
 3.02911e-01
 3.03031e-01
 3.24286e-01
 3.15948e-01
 3.09528e-01
 3.04963e-01
 3.02048e-01
 3.00460e-01
 2.99816e-01
 2.99714e-01
 2.99874e-01
 3.00188e-01
 3.00552e-01
 3.00837e-01
 3.01091e-01
 3.01354e-01
 3.01574e-01
 3.01770e-01
 3.01939e-01
 3.02319e-01
 3.02490e-01
 3.01858e-01
 3.02118e-01
 3.02445e-01
 3.02715e-01
 3.02911e-01
 3.03031e-01
 3.24286e-01
 3.15948e-01
 3.09528e-01
 3.04963e-01
 3.02048e-01
 3.00460e-01
 2.99816e-01
 2.99714e-01
 2.99874e-01
 3.00188e-01
 3.00552e-01
 3.00837e-01
 3.01091e-01
 3.01354e-01
 3.01574e-01
 3.01770e-01
 3.01939e-01
 3.02319e-01
 3.02490e-01
 3.01858e-01
 3.02118e-01
 3.02445e-01
 3.02715e-01
 3.02911e-01
 3.03031e-01
 3.24286e-01
 3.15948e-01
 3.09528e-01
 3.04963e-01
 3.02048e-01
 3.00460e-01
 2.99816e-01
 2.99714e-01
 2.99874e-01
 3.00188e-01
 3.00552e-01
 3.00837e-01
 3.01091e-01
 3.01354e-01
 3.01574e-01
 3.01770e-01
 3.01939e-01
 3.02319e-01
 3.02490e-01
 3.01858e-01
 3.02118e-01
 3.02445e-01
 3.02715e-01
 3.02911e-01
 3.03031e-01
 3.24286e-01
 3.15948e-01
 3.09528e-01
 3.04963e-01
 3.02048e-01
 3.00460e-01
 2.99816e-01
 2.99714e-01
 2.99874e-01
 3.00188e-01
 3.00552e-01
 3.00837e-01
 3.01091e-01
 3.01354e-01
 3.01574e-01
 3.01770e-01
 3.01939e-01
 3.02319e-01
 3.02490e-01
 3.01858e-01
 3.02118e-01
 3.02445e-01
 3.02715e-01
 3.02911e-01
 3.03031e-01
 3.24286e-01
 3.15948e-01
 3.09528e-01
 3.04963e-01
 3.02048e-01
 3.00460e-01
 2.99816e-01
 2.99714e-01
 2.99874e-01
 3.00188e-01
 3.00552e-01
 3.00837e-01
 3.01091e-01
 3.01354e-01
 3.01574e-01
 3.01770e-01
 3.01939e-01
 3.02319e-01
 3.02490e-01
 3.01858e-01
 3.02118e-01
 3.02445e-01
 3.02715e-01
 3.02911e-01
 3.03031e-01
 3.24286e-01
 3.15948e-01
 3.09528e-01
 3.04963e-01
 3.02048e-01
 3.00460e-01
 2.99816e-01
 2.99714e-01
 2.99874e-01
 3.00188e-01
 3.00552e-01
 3.00837e-01
 3.01091e-01
 3.01354e-01
 3.01574e-01
 3.01770e-01
 3.01939e-01
 3.02319e-01
 3.02490e-01
 3.01858e-01
 3.02118e-01
 3.02445e-01
 3.02715e-01
 3.02911e-01
 3.03031e-01
 3.24286e-01
 3.15948e-01
 3.09528e-01
 3.04963e-01
 3.02048e-01
 3.00460e-01
 2.99816e-01
 2.99714e-01
 2.99874e-01
 3.00188e-01
 3.00552e-01
 3.00837e-01
 3.01091e-01
 3.01354e-01
 3.01574e-01
 3.01770e-01
 3.01939e-01
 3.02319e-01
 3.02490e-01
 3.01858e-01
 3.02118e-01
 3.02445e-01
 3.02715e-01
 3.02911e-01
 3.03031e-01
 3.24286e-01
 3.15948e-01
 3.09528e-01
 3.04963e-01
 3.02048e-01
 3.00460e-01
 2.99816e-01
 2.99714e-01
 2.99874e-01
 3.00188e-01
 3.00552e-01
 3.00837e-01
 3.01091e-01
 3.01354e-01
 3.01574e-01
 3.01770e-01
 3.01939e-01
 3.02319e-01
 3.02490e-01
 3.01858e-01
 3.02118e-01
 3.02445e-01
 3.02715e-01
 3.02911e-01
 3.03031e-01
 3.24286e-01
 3.15948e-01
 3.09528e-01
 3.04963e-01
 3.02048e-01
 3.00460e-01
 2.99816e-01
 2.99714e-01
 2.99874e-01
 3.00188e-01
 3.00552e-01
 3.00837e-01
 3.01091e-01
 3.01354e-01
 3.01574e-01
 3.01770e-01
 3.01939e-01
 3.02319e-01
 3.02490e-01
 3.01858e-01
 3.02118e-01
 3.02445e-01
 3.02715e-01
 3.02911e-01
 3.03031e-01
 3.24286e-01
 3.15948e-01
 3.09528e-01
 3.04963e-01
 3.02048e-01
 3.00460e-01
 2.99816e-01
 2.99714e-01
 2.99874e-01
 3.00188e-01
 3.00552e-01
 3.00837e-01
 3.01091e-01
 3.01354e-01
 3.01574e-01
 3.01770e-01
 3.01939e-01
 3.02319e-01
 3.02490e-01
 3.01858e-01
 3.02118e-01
 3.02445e-01
 3.02715e-01
 3.02911e-01
 3.03031e-01
 3.24286e-01
 3.15948e-01
 3.09528e-01
 3.04963e-01
 3.02048e-01
 3.00460e-01
 2.99816e-01
 2.99714e-01
 2.99874e-01
 3.00188e-01
 3.00552e-01
 3.00837e-01
 3.01091e-01
 3.01354e-01
 3.01574e-01
 3.01770e-01
 3.01939e-01
 3.02319e-01
 3.02490e-01
 3.01858e-01
 3.02118e-01
 3.02445e-01
 3.02715e-01
 3.02911e-01
 3.03031e-01
 3.24286e-01
 3.15948e-01
 3.09528e-01
 3.04963e-01
 3.02048e-01
 3.00460e-01
 2.99816e-01
 2.99714e-01
 2.99874e-01
 3.00188e-01
 3.00552e-01
 3.00837e-01
 3.01091e-01
 3.01354e-01
 3.01574e-01
 3.01770e-01
 3.01939e-01
 3.02319e-01
 3.02490e-01
 3.01858e-01
 3.02118e-01
 3.02445e-01
 3.02715e-01
 3.02911e-01
 3.03031e-01
 3.24286e-01
 3.15948e-01
 3.09528e-01
 3.04963e-01
 3.02048e-01
 3.00460e-01
 2.99816e-01
 2.99714e-01
 2.99874e-01
 3.00188e-01
 3.00552e-01
 3.00837e-01
 3.01091e-01
 3.01354e-01
 3.01574e-01
 3.01770e-01
 3.01939e-01
 3.02319e-01
 3.02490e-01
 3.01858e-01
 3.02118e-01
 3.02445e-01
 3.02715e-01
 3.02911e-01
 3.03031e-01
 3.24286e-01
 3.15948e-01
 3.09528e-01
 3.04963e-01
 3.02048e-01
 3.00460e-01
 2.99816e-01
 2.99714e-01
 2.99874e-01
 3.00188e-01
 3.00552e-01
 3.00837e-01
 3.01091e-01
 3.01354e-01
 3.01574e-01
 3.01770e-01
 3.01939e-01
 3.02319e-01
 3.02490e-01
 3.01858e-01
 3.02118e-01
 3.02445e-01
 3.02715e-01
 3.02911e-01
 3.03031e-01
 3.24286e-01
 3.15948e-01
 3.09528e-01
 3.04963e-01
 3.02048e-01
 3.00460e-01
 2.99816e-01
 2.99714e-01
 2.99874e-01
 3.00188e-01
 3.00552e-01
 3.00837e-01
 3.01091e-01
 3.01354e-01
 3.01574e-01
 3.01770e-01
 3.01939e-01
 3.02319e-01
 3.02490e-01
 3.01858e-01
 3.02118e-01
 3.02445e-01
 3.02715e-01
 3.02911e-01
 3.03031e-01
 3.24286e-01
 3.15948e-01
 3.09528e-01
 3.04963e-01
 3.02048e-01
 3.00460e-01
 2.99816e-01
 2.99714e-01
 2.99874e-01
 3.00188e-01
 3.00552e-01
 3.00837e-01
 3.01091e-01
 3.01354e-01
 3.01574e-01
 3.01770e-01
 3.01939e-01
 3.02319e-01
 3.02490e-01
 3.01858e-01
 3.02118e-01
 3.02445e-01
 3.02715e-01
 3.02911e-01
 3.03031e-01
 3.24286e-01
 3.15948e-01
 3.09528e-01
 3.04963e-01
 3.02048e-01
 3.00460e-01
 2.99816e-01
 2.99714e-01
 2.99874e-01
 3.00188e-01
 3.00552e-01
 3.00837e-01
 3.01091e-01
 3.01354e-01
 3.01574e-01
 3.01770e-01
 3.01939e-01
 3.02319e-01
 3.02490e-01
 3.01858e-01
 3.02118e-01
 3.02445e-01
 3.02715e-01
 3.02911e-01
 3.03031e-01
 3.24286e-01
 3.15948e-01
 3.09528e-01
 3.04963e-01
 3.02048e-01
 3.00460e-01
 2.99816e-01
 2.99714e-01
 2.99874e-01
 3.00188e-01
 3.00552e-01
 3.00837e-01
 3.01091e-01
 3.01354e-01
 3.01574e-01
 3.01770e-01
 3.01939e-01
 3.02319e-01
 3.02490e-01
 3.01858e-01
 3.02118e-01
 3.02445e-01
 3.02715e-01
 3.02911e-01
 3.03031e-01
 3.24286e-01
 3.15948e-01
 3.09528e-01
 3.04963e-01
 3.02048e-01
 3.00460e-01
 2.99816e-01
 2.99714e-01
 2.99874e-01
 3.00188e-01
 3.00552e-01
 3.00837e-01
 3.01091e-01
 3.01354e-01
 3.01574e-01
 3.01770e-01
 3.01939e-01
 3.02319e-01
 3.02490e-01
 3.01858e-01
 3.02118e-01
 3.02445e-01
 3.02715e-01
 3.02911e-01
 3.03031e-01
 3.24286e-01
 3.15948e-01
 3.09528e-01
 3.04963e-01
 3.02048e-01
 3.00460e-01
 2.99816e-01
 2.99714e-01
 2.99874e-01
 3.00188e-01
 3.00552e-01
 3.00837e-01
 3.01091e-01
 3.01354e-01
 3.01574e-01
 3.01770e-01
 3.01939e-01
 3.02319e-01
 3.02490e-01
 3.01858e-01
 3.02118e-01
 3.02445e-01
 3.02715e-01
 3.02911e-01
 3.03031e-01
 3.24286e-01
 3.15948e-01
 3.09528e-01
 3.04963e-01
 3.02048e-01
 3.00460e-01
 2.99816e-01
 2.99714e-01
 2.99874e-01
 3.00188e-01
 3.00552e-01
 3.00837e-01
 3.01091e-01
 3.01354e-01
 3.01574e-01
 3.01770e-01
 3.01939e-01
 3.02319e-01
 3.02490e-01
 3.01858e-01
 3.02118e-01
 3.02445e-01
 3.02715e-01
 3.02911e-01
 3.03031e-01
 3.24286e-01
 3.15948e-01
 3.09528e-01
 3.04963e-01
 3.02048e-01
 3.00460e-01
 2.99816e-01
 2.99714e-01
 2.99874e-01
 3.00188e-01
 3.00552e-01
 3.00837e-01
 3.01091e-01
 3.01354e-01
 3.01574e-01
 3.01770e-01
 3.01939e-01
 3.02319e-01
 3.02490e-01
 3.01858e-01
 3.02118e-01
 3.02445e-01
 3.02715e-01
 3.02911e-01
 3.03031e-01
 3.24286e-01
 3.15948e-01
 3.09528e-01
 3.04963e-01
 3.02048e-01
 3.00460e-01
 2.99816e-01
 2.99714e-01
 2.99874e-01
 3.00188e-01
 3.00552e-01
 3.00837e-01
 3.01091e-01
 3.01354e-01
 3.01574e-01
 3.01770e-01
 3.01939e-01
 3.02319e-01
 3.02490e-01
 3.01858e-01
 3.02118e-01
 3.02445e-01
 3.02715e-01
 3.02911e-01
 3.03031e-01
 3.24286e-01
 3.15948e-01
 3.09528e-01
 3.04963e-01
 3.02048e-01
 3.00460e-01
 2.99816e-01
 2.99714e-01
 2.99874e-01
 3.00188e-01
 3.00552e-01
 3.00837e-01
 3.01091e-01
 3.01354e-01
 3.01574e-01
 3.01770e-01
 3.01939e-01
 3.02319e-01
 3.02490e-01
 3.01858e-01
 3.02118e-01
 3.02445e-01
 3.02715e-01
 3.02911e-01
 3.03031e-01
part
         4
hexa8
 3.03060e-01
 3.02947e-01
 3.02558e-01
 3.01601e-01
 2.99508e-01
 2.95267e-01
 2.87258e-01
 2.73301e-01
 2.51331e-01
 2.21144e-01
 1.86100e-01
 1.52476e-01
 1.26660e-01
 1.11038e-01
 1.03644e-01
 1.01008e-01
 1.00255e-01
 1.00062e-01
 1.00015e-01
 1.00004e-01
 1.00001e-01
 1.00000e-01
 1.00000e-01
 1.00000e-01
 1.00000e-01
 3.03060e-01
 3.02947e-01
 3.02558e-01
 3.01601e-01
 2.99508e-01
 2.95267e-01
 2.87258e-01
 2.73301e-01
 2.51331e-01
 2.21144e-01
 1.86100e-01
 1.52476e-01
 1.26660e-01
 1.11038e-01
 1.03644e-01
 1.01008e-01
 1.00255e-01
 1.00062e-01
 1.00015e-01
 1.00004e-01
 1.00001e-01
 1.00000e-01
 1.00000e-01
 1.00000e-01
 1.00000e-01
 3.03060e-01
 3.02947e-01
 3.02558e-01
 3.01601e-01
 2.99508e-01
 2.95267e-01
 2.87258e-01
 2.73301e-01
 2.51331e-01
 2.21144e-01
 1.86100e-01
 1.52476e-01
 1.26660e-01
 1.11038e-01
 1.03644e-01
 1.01008e-01
 1.00255e-01
 1.00062e-01
 1.00015e-01
 1.00004e-01
 1.00001e-01
 1.00000e-01
 1.00000e-01
 1.00000e-01
 1.00000e-01
 3.03060e-01
 3.02947e-01
 3.02558e-01
 3.01601e-01
 2.99508e-01
 2.95267e-01
 2.87258e-01
 2.73301e-01
 2.51331e-01
 2.21144e-01
 1.86100e-01
 1.52476e-01
 1.26660e-01
 1.11038e-01
 1.03644e-01
 1.01008e-01
 1.00255e-01
 1.00062e-01
 1.00015e-01
 1.00004e-01
 1.00001e-01
 1.00000e-01
 1.00000e-01
 1.00000e-01
 1.00000e-01
 3.03060e-01
 3.02947e-01
 3.02558e-01
 3.01601e-01
 2.99508e-01
 2.95267e-01
 2.87258e-01
 2.73301e-01
 2.51331e-01
 2.21144e-01
 1.86100e-01
 1.52476e-01
 1.26660e-01
 1.11038e-01
 1.03644e-01
 1.01008e-01
 1.00255e-01
 1.00062e-01
 1.00015e-01
 1.00004e-01
 1.00001e-01
 1.00000e-01
 1.00000e-01
 1.00000e-01
 1.00000e-01
 3.03060e-01
 3.02947e-01
 3.02558e-01
 3.01601e-01
 2.99508e-01
 2.95267e-01
 2.87258e-01
 2.73301e-01
 2.51331e-01
 2.21144e-01
 1.86100e-01
 1.52476e-01
 1.26660e-01
 1.11038e-01
 1.03644e-01
 1.01008e-01
 1.00255e-01
 1.00062e-01
 1.00015e-01
 1.00004e-01
 1.00001e-01
 1.00000e-01
 1.00000e-01
 1.00000e-01
 1.00000e-01
 3.03060e-01
 3.02947e-01
 3.02558e-01
 3.01601e-01
 2.99508e-01
 2.95267e-01
 2.87258e-01
 2.73301e-01
 2.51331e-01
 2.21144e-01
 1.86100e-01
 1.52476e-01
 1.26660e-01
 1.11038e-01
 1.03644e-01
 1.01008e-01
 1.00255e-01
 1.00062e-01
 1.00015e-01
 1.00004e-01
 1.00001e-01
 1.00000e-01
 1.00000e-01
 1.00000e-01
 1.00000e-01
 3.03060e-01
 3.02947e-01
 3.02558e-01
 3.01601e-01
 2.99508e-01
 2.95267e-01
 2.87258e-01
 2.73301e-01
 2.51331e-01
 2.21144e-01
 1.86100e-01
 1.52476e-01
 1.26660e-01
 1.11038e-01
 1.03644e-01
 1.01008e-01
 1.00255e-01
 1.00062e-01
 1.00015e-01
 1.00004e-01
 1.00001e-01
 1.00000e-01
 1.00000e-01
 1.00000e-01
 1.00000e-01
 3.03060e-01
 3.02947e-01
 3.02558e-01
 3.01601e-01
 2.99508e-01
 2.95267e-01
 2.87258e-01
 2.73301e-01
 2.51331e-01
 2.21144e-01
 1.86100e-01
 1.52476e-01
 1.26660e-01
 1.11038e-01
 1.03644e-01
 1.01008e-01
 1.00255e-01
 1.00062e-01
 1.00015e-01
 1.00004e-01
 1.00001e-01
 1.00000e-01
 1.00000e-01
 1.00000e-01
 1.00000e-01
 3.03060e-01
 3.02947e-01
 3.02558e-01
 3.01601e-01
 2.99508e-01
 2.95267e-01
 2.87258e-01
 2.73301e-01
 2.51331e-01
 2.21144e-01
 1.86100e-01
 1.52476e-01
 1.26660e-01
 1.11038e-01
 1.03644e-01
 1.01008e-01
 1.00255e-01
 1.00062e-01
 1.00015e-01
 1.00004e-01
 1.00001e-01
 1.00000e-01
 1.00000e-01
 1.00000e-01
 1.00000e-01
 3.03060e-01
 3.02947e-01
 3.02558e-01
 3.01601e-01
 2.99508e-01
 2.95267e-01
 2.87258e-01
 2.73301e-01
 2.51331e-01
 2.21144e-01
 1.86100e-01
 1.52476e-01
 1.26660e-01
 1.11038e-01
 1.03644e-01
 1.01008e-01
 1.00255e-01
 1.00062e-01
 1.00015e-01
 1.00004e-01
 1.00001e-01
 1.00000e-01
 1.00000e-01
 1.00000e-01
 1.00000e-01
 3.03060e-01
 3.02947e-01
 3.02558e-01
 3.01601e-01
 2.99508e-01
 2.95267e-01
 2.87258e-01
 2.73301e-01
 2.51331e-01
 2.21144e-01
 1.86100e-01
 1.52476e-01
 1.26660e-01
 1.11038e-01
 1.03644e-01
 1.01008e-01
 1.00255e-01
 1.00062e-01
 1.00015e-01
 1.00004e-01
 1.00001e-01
 1.00000e-01
 1.00000e-01
 1.00000e-01
 1.00000e-01
 3.03060e-01
 3.02947e-01
 3.02558e-01
 3.01601e-01
 2.99508e-01
 2.95267e-01
 2.87258e-01
 2.73301e-01
 2.51331e-01
 2.21144e-01
 1.86100e-01
 1.52476e-01
 1.26660e-01
 1.11038e-01
 1.03644e-01
 1.01008e-01
 1.00255e-01
 1.00062e-01
 1.00015e-01
 1.00004e-01
 1.00001e-01
 1.00000e-01
 1.00000e-01
 1.00000e-01
 1.00000e-01
 3.03060e-01
 3.02947e-01
 3.02558e-01
 3.01601e-01
 2.99508e-01
 2.95267e-01
 2.87258e-01
 2.73301e-01
 2.51331e-01
 2.21144e-01
 1.86100e-01
 1.52476e-01
 1.26660e-01
 1.11038e-01
 1.03644e-01
 1.01008e-01
 1.00255e-01
 1.00062e-01
 1.00015e-01
 1.00004e-01
 1.00001e-01
 1.00000e-01
 1.00000e-01
 1.00000e-01
 1.00000e-01
 3.03060e-01
 3.02947e-01
 3.02558e-01
 3.01601e-01
 2.99508e-01
 2.95267e-01
 2.87258e-01
 2.73301e-01
 2.51331e-01
 2.21144e-01
 1.86100e-01
 1.52476e-01
 1.26660e-01
 1.11038e-01
 1.03644e-01
 1.01008e-01
 1.00255e-01
 1.00062e-01
 1.00015e-01
 1.00004e-01
 1.00001e-01
 1.00000e-01
 1.00000e-01
 1.00000e-01
 1.00000e-01
 3.03060e-01
 3.02947e-01
 3.02558e-01
 3.01601e-01
 2.99508e-01
 2.95267e-01
 2.87258e-01
 2.73301e-01
 2.51331e-01
 2.21144e-01
 1.86100e-01
 1.52476e-01
 1.26660e-01
 1.11038e-01
 1.03644e-01
 1.01008e-01
 1.00255e-01
 1.00062e-01
 1.00015e-01
 1.00004e-01
 1.00001e-01
 1.00000e-01
 1.00000e-01
 1.00000e-01
 1.00000e-01
 3.03060e-01
 3.02947e-01
 3.02558e-01
 3.01601e-01
 2.99508e-01
 2.95267e-01
 2.87258e-01
 2.73301e-01
 2.51331e-01
 2.21144e-01
 1.86100e-01
 1.52476e-01
 1.26660e-01
 1.11038e-01
 1.03644e-01
 1.01008e-01
 1.00255e-01
 1.00062e-01
 1.00015e-01
 1.00004e-01
 1.00001e-01
 1.00000e-01
 1.00000e-01
 1.00000e-01
 1.00000e-01
 3.03060e-01
 3.02947e-01
 3.02558e-01
 3.01601e-01
 2.99508e-01
 2.95267e-01
 2.87258e-01
 2.73301e-01
 2.51331e-01
 2.21144e-01
 1.86100e-01
 1.52476e-01
 1.26660e-01
 1.11038e-01
 1.03644e-01
 1.01008e-01
 1.00255e-01
 1.00062e-01
 1.00015e-01
 1.00004e-01
 1.00001e-01
 1.00000e-01
 1.00000e-01
 1.00000e-01
 1.00000e-01
 3.03060e-01
 3.02947e-01
 3.02558e-01
 3.01601e-01
 2.99508e-01
 2.95267e-01
 2.87258e-01
 2.73301e-01
 2.51331e-01
 2.21144e-01
 1.86100e-01
 1.52476e-01
 1.26660e-01
 1.11038e-01
 1.03644e-01
 1.01008e-01
 1.00255e-01
 1.00062e-01
 1.00015e-01
 1.00004e-01
 1.00001e-01
 1.00000e-01
 1.00000e-01
 1.00000e-01
 1.00000e-01
 3.03060e-01
 3.02947e-01
 3.02558e-01
 3.01601e-01
 2.99508e-01
 2.95267e-01
 2.87258e-01
 2.73301e-01
 2.51331e-01
 2.21144e-01
 1.86100e-01
 1.52476e-01
 1.26660e-01
 1.11038e-01
 1.03644e-01
 1.01008e-01
 1.00255e-01
 1.00062e-01
 1.00015e-01
 1.00004e-01
 1.00001e-01
 1.00000e-01
 1.00000e-01
 1.00000e-01
 1.00000e-01
 3.03060e-01
 3.02947e-01
 3.02558e-01
 3.01601e-01
 2.99508e-01
 2.95267e-01
 2.87258e-01
 2.73301e-01
 2.51331e-01
 2.21144e-01
 1.86100e-01
 1.52476e-01
 1.26660e-01
 1.11038e-01
 1.03644e-01
 1.01008e-01
 1.00255e-01
 1.00062e-01
 1.00015e-01
 1.00004e-01
 1.00001e-01
 1.00000e-01
 1.00000e-01
 1.00000e-01
 1.00000e-01
 3.03060e-01
 3.02947e-01
 3.02558e-01
 3.01601e-01
 2.99508e-01
 2.95267e-01
 2.87258e-01
 2.73301e-01
 2.51331e-01
 2.21144e-01
 1.86100e-01
 1.52476e-01
 1.26660e-01
 1.11038e-01
 1.03644e-01
 1.01008e-01
 1.00255e-01
 1.00062e-01
 1.00015e-01
 1.00004e-01
 1.00001e-01
 1.00000e-01
 1.00000e-01
 1.00000e-01
 1.00000e-01
 3.03060e-01
 3.02947e-01
 3.02558e-01
 3.01601e-01
 2.99508e-01
 2.95267e-01
 2.87258e-01
 2.73301e-01
 2.51331e-01
 2.21144e-01
 1.86100e-01
 1.52476e-01
 1.26660e-01
 1.11038e-01
 1.03644e-01
 1.01008e-01
 1.00255e-01
 1.00062e-01
 1.00015e-01
 1.00004e-01
 1.00001e-01
 1.00000e-01
 1.00000e-01
 1.00000e-01
 1.00000e-01
 3.03060e-01
 3.02947e-01
 3.02558e-01
 3.01601e-01
 2.99508e-01
 2.95267e-01
 2.87258e-01
 2.73301e-01
 2.51331e-01
 2.21144e-01
 1.86100e-01
 1.52476e-01
 1.26660e-01
 1.11038e-01
 1.03644e-01
 1.01008e-01
 1.00255e-01
 1.00062e-01
 1.00015e-01
 1.00004e-01
 1.00001e-01
 1.00000e-01
 1.00000e-01
 1.00000e-01
 1.00000e-01
 3.03060e-01
 3.02947e-01
 3.02558e-01
 3.01601e-01
 2.99508e-01
 2.95267e-01
 2.87258e-01
 2.73301e-01
 2.51331e-01
 2.21144e-01
 1.86100e-01
 1.52476e-01
 1.26660e-01
 1.11038e-01
 1.03644e-01
 1.01008e-01
 1.00255e-01
 1.00062e-01
 1.00015e-01
 1.00004e-01
 1.00001e-01
 1.00000e-01
 1.00000e-01
 1.00000e-01
 1.00000e-01
