NodeMass
part
         1
coordinates
 5.00000e-07
 1.00000e-06
 1.00000e-06
 1.00000e-06
 1.00000e-06
 5.00000e-07
 1.00000e-06
 2.00000e-06
 2.00000e-06
 2.00000e-06
 2.00000e-06
 1.00000e-06
 1.00000e-06
 2.00000e-06
 2.00000e-06
 2.00000e-06
 2.00000e-06
 1.00000e-06
 1.00000e-06
 2.00000e-06
 2.00000e-06
 2.00000e-06
 2.00000e-06
 1.00000e-06
 1.00000e-06
 2.00000e-06
 2.00000e-06
 2.00000e-06
 2.00000e-06
 1.00000e-06
 5.00000e-07
 1.00000e-06
 1.00000e-06
 1.00000e-06
 1.00000e-06
 5.00000e-07
 1.00000e-06
 2.00000e-06
 2.00000e-06
 2.00000e-06
 2.00000e-06
 1.00000e-06
 2.00000e-06
 4.00000e-06
 4.00000e-06
 4.00000e-06
 4.00000e-06
 2.00000e-06
 2.00000e-06
 4.00000e-06
 4.00000e-06
 4.00000e-06
 4.00000e-06
 2.00000e-06
 2.00000e-06
 4.00000e-06
 4.00000e-06
 4.00000e-06
 4.00000e-06
 2.00000e-06
 2.00000e-06
 4.00000e-06
 4.00000e-06
 4.00000e-06
 4.00000e-06
 2.00000e-06
 1.00000e-06
 2.00000e-06
 2.00000e-06
 2.00000e-06
 2.00000e-06
 1.00000e-06
 1.00000e-06
 2.00000e-06
 2.00000e-06
 2.00000e-06
 2.00000e-06
 1.00000e-06
 2.00000e-06
 4.00000e-06
 4.00000e-06
 4.00000e-06
 4.00000e-06
 2.00000e-06
 2.00000e-06
 4.00000e-06
 4.00000e-06
 4.00000e-06
 4.00000e-06
 2.00000e-06
 2.00000e-06
 4.00000e-06
 4.00000e-06
 4.00000e-06
 4.00000e-06
 2.00000e-06
 2.00000e-06
 4.00000e-06
 4.00000e-06
 4.00000e-06
 4.00000e-06
 2.00000e-06
 1.00000e-06
 2.00000e-06
 2.00000e-06
 2.00000e-06
 2.00000e-06
 1.00000e-06
 1.00000e-06
 2.00000e-06
 2.00000e-06
 2.00000e-06
 2.00000e-06
 1.00000e-06
 2.00000e-06
 4.00000e-06
 4.00000e-06
 4.00000e-06
 4.00000e-06
 2.00000e-06
 2.00000e-06
 4.00000e-06
 4.00000e-06
 4.00000e-06
 4.00000e-06
 2.00000e-06
 2.00000e-06
 4.00000e-06
 4.00000e-06
 4.00000e-06
 4.00000e-06
 2.00000e-06
 2.00000e-06
 4.00000e-06
 4.00000e-06
 4.00000e-06
 4.00000e-06
 2.00000e-06
 1.00000e-06
 2.00000e-06
 2.00000e-06
 2.00000e-06
 2.00000e-06
 1.00000e-06
 1.00000e-06
 2.00000e-06
 2.00000e-06
 2.00000e-06
 2.00000e-06
 1.00000e-06
 2.00000e-06
 4.00000e-06
 4.00000e-06
 4.00000e-06
 4.00000e-06
 2.00000e-06
 2.00000e-06
 4.00000e-06
 4.00000e-06
 4.00000e-06
 4.00000e-06
 2.00000e-06
 2.00000e-06
 4.00000e-06
 4.00000e-06
 4.00000e-06
 4.00000e-06
 2.00000e-06
 2.00000e-06
 4.00000e-06
 4.00000e-06
 4.00000e-06
 4.00000e-06
 2.00000e-06
 1.00000e-06
 2.00000e-06
 2.00000e-06
 2.00000e-06
 2.00000e-06
 1.00000e-06
 1.00000e-06
 2.00000e-06
 2.00000e-06
 2.00000e-06
 2.00000e-06
 1.00000e-06
 2.00000e-06
 4.00000e-06
 4.00000e-06
 4.00000e-06
 4.00000e-06
 2.00000e-06
 2.00000e-06
 4.00000e-06
 4.00000e-06
 4.00000e-06
 4.00000e-06
 2.00000e-06
 2.00000e-06
 4.00000e-06
 4.00000e-06
 4.00000e-06
 4.00000e-06
 2.00000e-06
 2.00000e-06
 4.00000e-06
 4.00000e-06
 4.00000e-06
 4.00000e-06
 2.00000e-06
 1.00000e-06
 2.00000e-06
 2.00000e-06
 2.00000e-06
 2.00000e-06
 1.00000e-06
 1.00000e-06
 2.00000e-06
 2.00000e-06
 2.00000e-06
 2.00000e-06
 1.00000e-06
 2.00000e-06
 4.00000e-06
 4.00000e-06
 4.00000e-06
 4.00000e-06
 2.00000e-06
 2.00000e-06
 4.00000e-06
 4.00000e-06
 4.00000e-06
 4.00000e-06
 2.00000e-06
 2.00000e-06
 4.00000e-06
 4.00000e-06
 4.00000e-06
 4.00000e-06
 2.00000e-06
 2.00000e-06
 4.00000e-06
 4.00000e-06
 4.00000e-06
 4.00000e-06
 2.00000e-06
 1.00000e-06
 2.00000e-06
 2.00000e-06
 2.00000e-06
 2.00000e-06
 1.00000e-06
 1.00000e-06
 2.00000e-06
 2.00000e-06
 2.00000e-06
 2.00000e-06
 1.00000e-06
 2.00000e-06
 4.00000e-06
 4.00000e-06
 4.00000e-06
 4.00000e-06
 2.00000e-06
 2.00000e-06
 4.00000e-06
 4.00000e-06
 4.00000e-06
 4.00000e-06
 2.00000e-06
 2.00000e-06
 4.00000e-06
 4.00000e-06
 4.00000e-06
 4.00000e-06
 2.00000e-06
 2.00000e-06
 4.00000e-06
 4.00000e-06
 4.00000e-06
 4.00000e-06
 2.00000e-06
 1.00000e-06
 2.00000e-06
 2.00000e-06
 2.00000e-06
 2.00000e-06
 1.00000e-06
 1.00000e-06
 2.00000e-06
 2.00000e-06
 2.00000e-06
 2.00000e-06
 1.00000e-06
 2.00000e-06
 4.00000e-06
 4.00000e-06
 4.00000e-06
 4.00000e-06
 2.00000e-06
 2.00000e-06
 4.00000e-06
 4.00000e-06
 4.00000e-06
 4.00000e-06
 2.00000e-06
 2.00000e-06
 4.00000e-06
 4.00000e-06
 4.00000e-06
 4.00000e-06
 2.00000e-06
 2.00000e-06
 4.00000e-06
 4.00000e-06
 4.00000e-06
 4.00000e-06
 2.00000e-06
 1.00000e-06
 2.00000e-06
 2.00000e-06
 2.00000e-06
 2.00000e-06
 1.00000e-06
 1.00000e-06
 2.00000e-06
 2.00000e-06
 2.00000e-06
 2.00000e-06
 1.00000e-06
 2.00000e-06
 4.00000e-06
 4.00000e-06
 4.00000e-06
 4.00000e-06
 2.00000e-06
 2.00000e-06
 4.00000e-06
 4.00000e-06
 4.00000e-06
 4.00000e-06
 2.00000e-06
 2.00000e-06
 4.00000e-06
 4.00000e-06
 4.00000e-06
 4.00000e-06
 2.00000e-06
 2.00000e-06
 4.00000e-06
 4.00000e-06
 4.00000e-06
 4.00000e-06
 2.00000e-06
 1.00000e-06
 2.00000e-06
 2.00000e-06
 2.00000e-06
 2.00000e-06
 1.00000e-06
 1.00000e-06
 2.00000e-06
 2.00000e-06
 2.00000e-06
 2.00000e-06
 1.00000e-06
 2.00000e-06
 4.00000e-06
 4.00000e-06
 4.00000e-06
 4.00000e-06
 2.00000e-06
 2.00000e-06
 4.00000e-06
 4.00000e-06
 4.00000e-06
 4.00000e-06
 2.00000e-06
 2.00000e-06
 4.00000e-06
 4.00000e-06
 4.00000e-06
 4.00000e-06
 2.00000e-06
 2.00000e-06
 4.00000e-06
 4.00000e-06
 4.00000e-06
 4.00000e-06
 2.00000e-06
 1.00000e-06
 2.00000e-06
 2.00000e-06
 2.00000e-06
 2.00000e-06
 1.00000e-06
 1.00000e-06
 2.00000e-06
 2.00000e-06
 2.00000e-06
 2.00000e-06
 1.00000e-06
 2.00000e-06
 4.00000e-06
 4.00000e-06
 4.00000e-06
 4.00000e-06
 2.00000e-06
 2.00000e-06
 4.00000e-06
 4.00000e-06
 4.00000e-06
 4.00000e-06
 2.00000e-06
 2.00000e-06
 4.00000e-06
 4.00000e-06
 4.00000e-06
 4.00000e-06
 2.00000e-06
 2.00000e-06
 4.00000e-06
 4.00000e-06
 4.00000e-06
 4.00000e-06
 2.00000e-06
 1.00000e-06
 2.00000e-06
 2.00000e-06
 2.00000e-06
 2.00000e-06
 1.00000e-06
 1.00000e-06
 2.00000e-06
 2.00000e-06
 2.00000e-06
 2.00000e-06
 1.00000e-06
 2.00000e-06
 4.00000e-06
 4.00000e-06
 4.00000e-06
 4.00000e-06
 2.00000e-06
 2.00000e-06
 4.00000e-06
 4.00000e-06
 4.00000e-06
 4.00000e-06
 2.00000e-06
 2.00000e-06
 4.00000e-06
 4.00000e-06
 4.00000e-06
 4.00000e-06
 2.00000e-06
 2.00000e-06
 4.00000e-06
 4.00000e-06
 4.00000e-06
 4.00000e-06
 2.00000e-06
 1.00000e-06
 2.00000e-06
 2.00000e-06
 2.00000e-06
 2.00000e-06
 1.00000e-06
 1.00000e-06
 2.00000e-06
 2.00000e-06
 2.00000e-06
 2.00000e-06
 1.00000e-06
 2.00000e-06
 4.00000e-06
 4.00000e-06
 4.00000e-06
 4.00000e-06
 2.00000e-06
 2.00000e-06
 4.00000e-06
 4.00000e-06
 4.00000e-06
 4.00000e-06
 2.00000e-06
 2.00000e-06
 4.00000e-06
 4.00000e-06
 4.00000e-06
 4.00000e-06
 2.00000e-06
 2.00000e-06
 4.00000e-06
 4.00000e-06
 4.00000e-06
 4.00000e-06
 2.00000e-06
 1.00000e-06
 2.00000e-06
 2.00000e-06
 2.00000e-06
 2.00000e-06
 1.00000e-06
 1.00000e-06
 2.00000e-06
 2.00000e-06
 2.00000e-06
 2.00000e-06
 1.00000e-06
 2.00000e-06
 4.00000e-06
 4.00000e-06
 4.00000e-06
 4.00000e-06
 2.00000e-06
 2.00000e-06
 4.00000e-06
 4.00000e-06
 4.00000e-06
 4.00000e-06
 2.00000e-06
 2.00000e-06
 4.00000e-06
 4.00000e-06
 4.00000e-06
 4.00000e-06
 2.00000e-06
 2.00000e-06
 4.00000e-06
 4.00000e-06
 4.00000e-06
 4.00000e-06
 2.00000e-06
 1.00000e-06
 2.00000e-06
 2.00000e-06
 2.00000e-06
 2.00000e-06
 1.00000e-06
 1.00000e-06
 2.00000e-06
 2.00000e-06
 2.00000e-06
 2.00000e-06
 1.00000e-06
 2.00000e-06
 4.00000e-06
 4.00000e-06
 4.00000e-06
 4.00000e-06
 2.00000e-06
 2.00000e-06
 4.00000e-06
 4.00000e-06
 4.00000e-06
 4.00000e-06
 2.00000e-06
 2.00000e-06
 4.00000e-06
 4.00000e-06
 4.00000e-06
 4.00000e-06
 2.00000e-06
 2.00000e-06
 4.00000e-06
 4.00000e-06
 4.00000e-06
 4.00000e-06
 2.00000e-06
 1.00000e-06
 2.00000e-06
 2.00000e-06
 2.00000e-06
 2.00000e-06
 1.00000e-06
 1.00000e-06
 2.00000e-06
 2.00000e-06
 2.00000e-06
 2.00000e-06
 1.00000e-06
 2.00000e-06
 4.00000e-06
 4.00000e-06
 4.00000e-06
 4.00000e-06
 2.00000e-06
 2.00000e-06
 4.00000e-06
 4.00000e-06
 4.00000e-06
 4.00000e-06
 2.00000e-06
 2.00000e-06
 4.00000e-06
 4.00000e-06
 4.00000e-06
 4.00000e-06
 2.00000e-06
 2.00000e-06
 4.00000e-06
 4.00000e-06
 4.00000e-06
 4.00000e-06
 2.00000e-06
 1.00000e-06
 2.00000e-06
 2.00000e-06
 2.00000e-06
 2.00000e-06
 1.00000e-06
 1.00000e-06
 2.00000e-06
 2.00000e-06
 2.00000e-06
 2.00000e-06
 1.00000e-06
 2.00000e-06
 4.00000e-06
 4.00000e-06
 4.00000e-06
 4.00000e-06
 2.00000e-06
 2.00000e-06
 4.00000e-06
 4.00000e-06
 4.00000e-06
 4.00000e-06
 2.00000e-06
 2.00000e-06
 4.00000e-06
 4.00000e-06
 4.00000e-06
 4.00000e-06
 2.00000e-06
 2.00000e-06
 4.00000e-06
 4.00000e-06
 4.00000e-06
 4.00000e-06
 2.00000e-06
 1.00000e-06
 2.00000e-06
 2.00000e-06
 2.00000e-06
 2.00000e-06
 1.00000e-06
 9.99999e-07
 2.00000e-06
 2.00000e-06
 2.00000e-06
 2.00000e-06
 9.99999e-07
 2.00000e-06
 4.00000e-06
 4.00000e-06
 4.00000e-06
 4.00000e-06
 2.00000e-06
 2.00000e-06
 4.00000e-06
 4.00000e-06
 4.00000e-06
 4.00000e-06
 2.00000e-06
 2.00000e-06
 4.00000e-06
 4.00000e-06
 4.00000e-06
 4.00000e-06
 2.00000e-06
 2.00000e-06
 4.00000e-06
 4.00000e-06
 4.00000e-06
 4.00000e-06
 2.00000e-06
 9.99999e-07
 2.00000e-06
 2.00000e-06
 2.00000e-06
 2.00000e-06
 9.99999e-07
 9.99994e-07
 1.99999e-06
 1.99999e-06
 1.99999e-06
 1.99999e-06
 9.99994e-07
 1.99999e-06
 3.99998e-06
 3.99998e-06
 3.99998e-06
 3.99998e-06
 1.99999e-06
 1.99999e-06
 3.99998e-06
 3.99998e-06
 3.99998e-06
 3.99998e-06
 1.99999e-06
 1.99999e-06
 3.99998e-06
 3.99998e-06
 3.99998e-06
 3.99998e-06
 1.99999e-06
 1.99999e-06
 3.99998e-06
 3.99998e-06
 3.99998e-06
 3.99998e-06
 1.99999e-06
 9.99994e-07
 1.99999e-06
 1.99999e-06
 1.99999e-06
 1.99999e-06
 9.99994e-07
 9.99973e-07
 1.99995e-06
 1.99995e-06
 1.99995e-06
 1.99995e-06
 9.99973e-07
 1.99995e-06
 3.99989e-06
 3.99989e-06
 3.99989e-06
 3.99989e-06
 1.99995e-06
 1.99995e-06
 3.99989e-06
 3.99989e-06
 3.99989e-06
 3.99989e-06
 1.99995e-06
 1.99995e-06
 3.99989e-06
 3.99989e-06
 3.99989e-06
 3.99989e-06
 1.99995e-06
 1.99995e-06
 3.99989e-06
 3.99989e-06
 3.99989e-06
 3.99989e-06
 1.99995e-06
 9.99973e-07
 1.99995e-06
 1.99995e-06
 1.99995e-06
 1.99995e-06
 9.99973e-07
 9.99886e-07
 1.99977e-06
 1.99977e-06
 1.99977e-06
 1.99977e-06
 9.99886e-07
 1.99977e-06
 3.99954e-06
 3.99954e-06
 3.99954e-06
 3.99954e-06
 1.99977e-06
 1.99977e-06
 3.99954e-06
 3.99954e-06
 3.99954e-06
 3.99954e-06
 1.99977e-06
 1.99977e-06
 3.99954e-06
 3.99954e-06
 3.99954e-06
 3.99954e-06
 1.99977e-06
 1.99977e-06
 3.99954e-06
 3.99954e-06
 3.99954e-06
 3.99954e-06
 1.99977e-06
 9.99886e-07
 1.99977e-06
 1.99977e-06
 1.99977e-06
 1.99977e-06
 9.99886e-07
 9.99571e-07
 1.99914e-06
 1.99914e-06
 1.99914e-06
 1.99914e-06
 9.99571e-07
 1.99914e-06
 3.99828e-06
 3.99828e-06
 3.99828e-06
 3.99828e-06
 1.99914e-06
 1.99914e-06
 3.99828e-06
 3.99828e-06
 3.99828e-06
 3.99828e-06
 1.99914e-06
 1.99914e-06
 3.99828e-06
 3.99828e-06
 3.99828e-06
 3.99828e-06
 1.99914e-06
 1.99914e-06
 3.99828e-06
 3.99828e-06
 3.99828e-06
 3.99828e-06
 1.99914e-06
 9.99571e-07
 1.99914e-06
 1.99914e-06
 1.99914e-06
 1.99914e-06
 9.99571e-07
 9.98593e-07
 1.99719e-06
 1.99719e-06
 1.99719e-06
 1.99719e-06
 9.98593e-07
 1.99719e-06
 3.99437e-06
 3.99437e-06
 3.99437e-06
 3.99437e-06
 1.99719e-06
 1.99719e-06
 3.99437e-06
 3.99437e-06
 3.99437e-06
 3.99437e-06
 1.99719e-06
 1.99719e-06
 3.99437e-06
 3.99437e-06
 3.99437e-06
 3.99437e-06
 1.99719e-06
 1.99719e-06
 3.99437e-06
 3.99437e-06
 3.99437e-06
 3.99437e-06
 1.99719e-06
 9.98593e-07
 1.99719e-06
 1.99719e-06
 1.99719e-06
 1.99719e-06
 9.98593e-07
 9.96016e-07
 1.99203e-06
 1.99203e-06
 1.99203e-06
 1.99203e-06
 9.96016e-07
 1.99203e-06
 3.98407e-06
 3.98407e-06
 3.98407e-06
 3.98407e-06
 1.99203e-06
 1.99203e-06
 3.98407e-06
 3.98407e-06
 3.98407e-06
 3.98407e-06
 1.99203e-06
 1.99203e-06
 3.98407e-06
 3.98407e-06
 3.98407e-06
 3.98407e-06
 1.99203e-06
 1.99203e-06
 3.98407e-06
 3.98407e-06
 3.98407e-06
 3.98407e-06
 1.99203e-06
 9.96016e-07
 1.99203e-06
 1.99203e-06
 1.99203e-06
 1.99203e-06
 9.96016e-07
 9.90341e-07
 1.98068e-06
 1.98068e-06
 1.98068e-06
 1.98068e-06
 9.90341e-07
 1.98068e-06
 3.96136e-06
 3.96136e-06
 3.96136e-06
 3.96136e-06
 1.98068e-06
 1.98068e-06
 3.96136e-06
 3.96136e-06
 3.96136e-06
 3.96136e-06
 1.98068e-06
 1.98068e-06
 3.96136e-06
 3.96136e-06
 3.96136e-06
 3.96136e-06
 1.98068e-06
 1.98068e-06
 3.96136e-06
 3.96136e-06
 3.96136e-06
 3.96136e-06
 1.98068e-06
 9.90341e-07
 1.98068e-06
 1.98068e-06
 1.98068e-06
 1.98068e-06
 9.90341e-07
 9.79951e-07
 1.95990e-06
 1.95990e-06
 1.95990e-06
 1.95990e-06
 9.79951e-07
 1.95990e-06
 3.91980e-06
 3.91980e-06
 3.91980e-06
 3.91980e-06
 1.95990e-06
 1.95990e-06
 3.91980e-06
 3.91980e-06
 3.91980e-06
 3.91980e-06
 1.95990e-06
 1.95990e-06
 3.91980e-06
 3.91980e-06
 3.91980e-06
 3.91980e-06
 1.95990e-06
 1.95990e-06
 3.91980e-06
 3.91980e-06
 3.91980e-06
 3.91980e-06
 1.95990e-06
 9.79951e-07
 1.95990e-06
 1.95990e-06
 1.95990e-06
 1.95990e-06
 9.79951e-07
 9.64008e-07
 1.92802e-06
 1.92802e-06
 1.92802e-06
 1.92802e-06
 9.64008e-07
 1.92802e-06
 3.85603e-06
 3.85603e-06
 3.85603e-06
 3.85603e-06
 1.92802e-06
 1.92802e-06
 3.85603e-06
 3.85603e-06
 3.85603e-06
 3.85603e-06
 1.92802e-06
 1.92802e-06
 3.85603e-06
 3.85603e-06
 3.85603e-06
 3.85603e-06
 1.92802e-06
 1.92802e-06
 3.85603e-06
 3.85603e-06
 3.85603e-06
 3.85603e-06
 1.92802e-06
 9.64008e-07
 1.92802e-06
 1.92802e-06
 1.92802e-06
 1.92802e-06
 9.64008e-07
 9.42964e-07
 1.88593e-06
 1.88593e-06
 1.88593e-06
 1.88593e-06
 9.42964e-07
 1.88593e-06
 3.77186e-06
 3.77186e-06
 3.77186e-06
 3.77186e-06
 1.88593e-06
 1.88593e-06
 3.77186e-06
 3.77186e-06
 3.77186e-06
 3.77186e-06
 1.88593e-06
 1.88593e-06
 3.77186e-06
 3.77186e-06
 3.77186e-06
 3.77186e-06
 1.88593e-06
 1.88593e-06
 3.77186e-06
 3.77186e-06
 3.77186e-06
 3.77186e-06
 1.88593e-06
 9.42964e-07
 1.88593e-06
 1.88593e-06
 1.88593e-06
 1.88593e-06
 9.42964e-07
part
         2
coordinates
 9.99571e-07
 1.99914e-06
 1.99914e-06
 1.99914e-06
 1.99914e-06
 9.99571e-07
 1.99914e-06
 3.99828e-06
 3.99828e-06
 3.99828e-06
 3.99828e-06
 1.99914e-06
 1.99914e-06
 3.99828e-06
 3.99828e-06
 3.99828e-06
 3.99828e-06
 1.99914e-06
 1.99914e-06
 3.99828e-06
 3.99828e-06
 3.99828e-06
 3.99828e-06
 1.99914e-06
 1.99914e-06
 3.99828e-06
 3.99828e-06
 3.99828e-06
 3.99828e-06
 1.99914e-06
 9.99571e-07
 1.99914e-06
 1.99914e-06
 1.99914e-06
 1.99914e-06
 9.99571e-07
 9.98593e-07
 1.99719e-06
 1.99719e-06
 1.99719e-06
 1.99719e-06
 9.98593e-07
 1.99719e-06
 3.99437e-06
 3.99437e-06
 3.99437e-06
 3.99437e-06
 1.99719e-06
 1.99719e-06
 3.99437e-06
 3.99437e-06
 3.99437e-06
 3.99437e-06
 1.99719e-06
 1.99719e-06
 3.99437e-06
 3.99437e-06
 3.99437e-06
 3.99437e-06
 1.99719e-06
 1.99719e-06
 3.99437e-06
 3.99437e-06
 3.99437e-06
 3.99437e-06
 1.99719e-06
 9.98593e-07
 1.99719e-06
 1.99719e-06
 1.99719e-06
 1.99719e-06
 9.98593e-07
 9.96016e-07
 1.99203e-06
 1.99203e-06
 1.99203e-06
 1.99203e-06
 9.96016e-07
 1.99203e-06
 3.98407e-06
 3.98407e-06
 3.98407e-06
 3.98407e-06
 1.99203e-06
 1.99203e-06
 3.98407e-06
 3.98407e-06
 3.98407e-06
 3.98407e-06
 1.99203e-06
 1.99203e-06
 3.98407e-06
 3.98407e-06
 3.98407e-06
 3.98407e-06
 1.99203e-06
 1.99203e-06
 3.98407e-06
 3.98407e-06
 3.98407e-06
 3.98407e-06
 1.99203e-06
 9.96016e-07
 1.99203e-06
 1.99203e-06
 1.99203e-06
 1.99203e-06
 9.96016e-07
 9.90341e-07
 1.98068e-06
 1.98068e-06
 1.98068e-06
 1.98068e-06
 9.90341e-07
 1.98068e-06
 3.96136e-06
 3.96136e-06
 3.96136e-06
 3.96136e-06
 1.98068e-06
 1.98068e-06
 3.96136e-06
 3.96136e-06
 3.96136e-06
 3.96136e-06
 1.98068e-06
 1.98068e-06
 3.96136e-06
 3.96136e-06
 3.96136e-06
 3.96136e-06
 1.98068e-06
 1.98068e-06
 3.96136e-06
 3.96136e-06
 3.96136e-06
 3.96136e-06
 1.98068e-06
 9.90341e-07
 1.98068e-06
 1.98068e-06
 1.98068e-06
 1.98068e-06
 9.90341e-07
 9.79951e-07
 1.95990e-06
 1.95990e-06
 1.95990e-06
 1.95990e-06
 9.79951e-07
 1.95990e-06
 3.91980e-06
 3.91980e-06
 3.91980e-06
 3.91980e-06
 1.95990e-06
 1.95990e-06
 3.91980e-06
 3.91980e-06
 3.91980e-06
 3.91980e-06
 1.95990e-06
 1.95990e-06
 3.91980e-06
 3.91980e-06
 3.91980e-06
 3.91980e-06
 1.95990e-06
 1.95990e-06
 3.91980e-06
 3.91980e-06
 3.91980e-06
 3.91980e-06
 1.95990e-06
 9.79951e-07
 1.95990e-06
 1.95990e-06
 1.95990e-06
 1.95990e-06
 9.79951e-07
 9.64008e-07
 1.92802e-06
 1.92802e-06
 1.92802e-06
 1.92802e-06
 9.64008e-07
 1.92802e-06
 3.85603e-06
 3.85603e-06
 3.85603e-06
 3.85603e-06
 1.92802e-06
 1.92802e-06
 3.85603e-06
 3.85603e-06
 3.85603e-06
 3.85603e-06
 1.92802e-06
 1.92802e-06
 3.85603e-06
 3.85603e-06
 3.85603e-06
 3.85603e-06
 1.92802e-06
 1.92802e-06
 3.85603e-06
 3.85603e-06
 3.85603e-06
 3.85603e-06
 1.92802e-06
 9.64008e-07
 1.92802e-06
 1.92802e-06
 1.92802e-06
 1.92802e-06
 9.64008e-07
 9.42964e-07
 1.88593e-06
 1.88593e-06
 1.88593e-06
 1.88593e-06
 9.42964e-07
 1.88593e-06
 3.77186e-06
 3.77186e-06
 3.77186e-06
 3.77186e-06
 1.88593e-06
 1.88593e-06
 3.77186e-06
 3.77186e-06
 3.77186e-06
 3.77186e-06
 1.88593e-06
 1.88593e-06
 3.77186e-06
 3.77186e-06
 3.77186e-06
 3.77186e-06
 1.88593e-06
 1.88593e-06
 3.77186e-06
 3.77186e-06
 3.77186e-06
 3.77186e-06
 1.88593e-06
 9.42964e-07
 1.88593e-06
 1.88593e-06
 1.88593e-06
 1.88593e-06
 9.42964e-07
 9.18149e-07
 1.83630e-06
 1.83630e-06
 1.83630e-06
 1.83630e-06
 9.18149e-07
 1.83630e-06
 3.67260e-06
 3.67260e-06
 3.67260e-06
 3.67260e-06
 1.83630e-06
 1.83630e-06
 3.67260e-06
 3.67260e-06
 3.67260e-06
 3.67260e-06
 1.83630e-06
 1.83630e-06
 3.67260e-06
 3.67260e-06
 3.67260e-06
 3.67260e-06
 1.83630e-06
 1.83630e-06
 3.67260e-06
 3.67260e-06
 3.67260e-06
 3.67260e-06
 1.83630e-06
 9.18149e-07
 1.83630e-06
 1.83630e-06
 1.83630e-06
 1.83630e-06
 9.18149e-07
 8.90981e-07
 1.78196e-06
 1.78196e-06
 1.78196e-06
 1.78196e-06
 8.90981e-07
 1.78196e-06
 3.56392e-06
 3.56392e-06
 3.56392e-06
 3.56392e-06
 1.78196e-06
 1.78196e-06
 3.56392e-06
 3.56392e-06
 3.56392e-06
 3.56392e-06
 1.78196e-06
 1.78196e-06
 3.56392e-06
 3.56392e-06
 3.56392e-06
 3.56392e-06
 1.78196e-06
 1.78196e-06
 3.56392e-06
 3.56392e-06
 3.56392e-06
 3.56392e-06
 1.78196e-06
 8.90981e-07
 1.78196e-06
 1.78196e-06
 1.78196e-06
 1.78196e-06
 8.90981e-07
 8.62540e-07
 1.72508e-06
 1.72508e-06
 1.72508e-06
 1.72508e-06
 8.62540e-07
 1.72508e-06
 3.45016e-06
 3.45016e-06
 3.45016e-06
 3.45016e-06
 1.72508e-06
 1.72508e-06
 3.45016e-06
 3.45016e-06
 3.45016e-06
 3.45016e-06
 1.72508e-06
 1.72508e-06
 3.45016e-06
 3.45016e-06
 3.45016e-06
 3.45016e-06
 1.72508e-06
 1.72508e-06
 3.45016e-06
 3.45016e-06
 3.45016e-06
 3.45016e-06
 1.72508e-06
 8.62540e-07
 1.72508e-06
 1.72508e-06
 1.72508e-06
 1.72508e-06
 8.62540e-07
 8.33537e-07
 1.66707e-06
 1.66707e-06
 1.66707e-06
 1.66707e-06
 8.33537e-07
 1.66707e-06
 3.33415e-06
 3.33415e-06
 3.33415e-06
 3.33415e-06
 1.66707e-06
 1.66707e-06
 3.33415e-06
 3.33415e-06
 3.33415e-06
 3.33415e-06
 1.66707e-06
 1.66707e-06
 3.33415e-06
 3.33415e-06
 3.33415e-06
 3.33415e-06
 1.66707e-06
 1.66707e-06
 3.33415e-06
 3.33415e-06
 3.33415e-06
 3.33415e-06
 1.66707e-06
 8.33537e-07
 1.66707e-06
 1.66707e-06
 1.66707e-06
 1.66707e-06
 8.33537e-07
 8.04417e-07
 1.60883e-06
 1.60883e-06
 1.60883e-06
 1.60883e-06
 8.04417e-07
 1.60883e-06
 3.21767e-06
 3.21767e-06
 3.21767e-06
 3.21767e-06
 1.60883e-06
 1.60883e-06
 3.21767e-06
 3.21767e-06
 3.21767e-06
 3.21767e-06
 1.60883e-06
 1.60883e-06
 3.21767e-06
 3.21767e-06
 3.21767e-06
 3.21767e-06
 1.60883e-06
 1.60883e-06
 3.21767e-06
 3.21767e-06
 3.21767e-06
 3.21767e-06
 1.60883e-06
 8.04417e-07
 1.60883e-06
 1.60883e-06
 1.60883e-06
 1.60883e-06
 8.04417e-07
 7.75447e-07
 1.55089e-06
 1.55089e-06
 1.55089e-06
 1.55089e-06
 7.75447e-07
 1.55089e-06
 3.10179e-06
 3.10179e-06
 3.10179e-06
 3.10179e-06
 1.55089e-06
 1.55089e-06
 3.10179e-06
 3.10179e-06
 3.10179e-06
 3.10179e-06
 1.55089e-06
 1.55089e-06
 3.10179e-06
 3.10179e-06
 3.10179e-06
 3.10179e-06
 1.55089e-06
 1.55089e-06
 3.10179e-06
 3.10179e-06
 3.10179e-06
 3.10179e-06
 1.55089e-06
 7.75447e-07
 1.55089e-06
 1.55089e-06
 1.55089e-06
 1.55089e-06
 7.75447e-07
 7.46797e-07
 1.49359e-06
 1.49359e-06
 1.49359e-06
 1.49359e-06
 7.46797e-07
 1.49359e-06
 2.98719e-06
 2.98719e-06
 2.98719e-06
 2.98719e-06
 1.49359e-06
 1.49359e-06
 2.98719e-06
 2.98719e-06
 2.98719e-06
 2.98719e-06
 1.49359e-06
 1.49359e-06
 2.98719e-06
 2.98719e-06
 2.98719e-06
 2.98719e-06
 1.49359e-06
 1.49359e-06
 2.98719e-06
 2.98719e-06
 2.98719e-06
 2.98719e-06
 1.49359e-06
 7.46797e-07
 1.49359e-06
 1.49359e-06
 1.49359e-06
 1.49359e-06
 7.46797e-07
 7.18560e-07
 1.43712e-06
 1.43712e-06
 1.43712e-06
 1.43712e-06
 7.18560e-07
 1.43712e-06
 2.87424e-06
 2.87424e-06
 2.87424e-06
 2.87424e-06
 1.43712e-06
 1.43712e-06
 2.87424e-06
 2.87424e-06
 2.87424e-06
 2.87424e-06
 1.43712e-06
 1.43712e-06
 2.87424e-06
 2.87424e-06
 2.87424e-06
 2.87424e-06
 1.43712e-06
 1.43712e-06
 2.87424e-06
 2.87424e-06
 2.87424e-06
 2.87424e-06
 1.43712e-06
 7.18560e-07
 1.43712e-06
 1.43712e-06
 1.43712e-06
 1.43712e-06
 7.18560e-07
 6.90834e-07
 1.38167e-06
 1.38167e-06
 1.38167e-06
 1.38167e-06
 6.90834e-07
 1.38167e-06
 2.76334e-06
 2.76334e-06
 2.76334e-06
 2.76334e-06
 1.38167e-06
 1.38167e-06
 2.76334e-06
 2.76334e-06
 2.76334e-06
 2.76334e-06
 1.38167e-06
 1.38167e-06
 2.76334e-06
 2.76334e-06
 2.76334e-06
 2.76334e-06
 1.38167e-06
 1.38167e-06
 2.76334e-06
 2.76334e-06
 2.76334e-06
 2.76334e-06
 1.38167e-06
 6.90834e-07
 1.38167e-06
 1.38167e-06
 1.38167e-06
 1.38167e-06
 6.90834e-07
 6.63645e-07
 1.32729e-06
 1.32729e-06
 1.32729e-06
 1.32729e-06
 6.63645e-07
 1.32729e-06
 2.65458e-06
 2.65458e-06
 2.65458e-06
 2.65458e-06
 1.32729e-06
 1.32729e-06
 2.65458e-06
 2.65458e-06
 2.65458e-06
 2.65458e-06
 1.32729e-06
 1.32729e-06
 2.65458e-06
 2.65458e-06
 2.65458e-06
 2.65458e-06
 1.32729e-06
 1.32729e-06
 2.65458e-06
 2.65458e-06
 2.65458e-06
 2.65458e-06
 1.32729e-06
 6.63645e-07
 1.32729e-06
 1.32729e-06
 1.32729e-06
 1.32729e-06
 6.63645e-07
 6.37054e-07
 1.27411e-06
 1.27411e-06
 1.27411e-06
 1.27411e-06
 6.37054e-07
 1.27411e-06
 2.54822e-06
 2.54822e-06
 2.54822e-06
 2.54822e-06
 1.27411e-06
 1.27411e-06
 2.54822e-06
 2.54822e-06
 2.54822e-06
 2.54822e-06
 1.27411e-06
 1.27411e-06
 2.54822e-06
 2.54822e-06
 2.54822e-06
 2.54822e-06
 1.27411e-06
 1.27411e-06
 2.54822e-06
 2.54822e-06
 2.54822e-06
 2.54822e-06
 1.27411e-06
 6.37054e-07
 1.27411e-06
 1.27411e-06
 1.27411e-06
 1.27411e-06
 6.37054e-07
 6.11185e-07
 1.22237e-06
 1.22237e-06
 1.22237e-06
 1.22237e-06
 6.11185e-07
 1.22237e-06
 2.44474e-06
 2.44474e-06
 2.44474e-06
 2.44474e-06
 1.22237e-06
 1.22237e-06
 2.44474e-06
 2.44474e-06
 2.44474e-06
 2.44474e-06
 1.22237e-06
 1.22237e-06
 2.44474e-06
 2.44474e-06
 2.44474e-06
 2.44474e-06
 1.22237e-06
 1.22237e-06
 2.44474e-06
 2.44474e-06
 2.44474e-06
 2.44474e-06
 1.22237e-06
 6.11185e-07
 1.22237e-06
 1.22237e-06
 1.22237e-06
 1.22237e-06
 6.11185e-07
 5.85877e-07
 1.17175e-06
 1.17175e-06
 1.17175e-06
 1.17175e-06
 5.85877e-07
 1.17175e-06
 2.34351e-06
 2.34351e-06
 2.34351e-06
 2.34351e-06
 1.17175e-06
 1.17175e-06
 2.34351e-06
 2.34351e-06
 2.34351e-06
 2.34351e-06
 1.17175e-06
 1.17175e-06
 2.34351e-06
 2.34351e-06
 2.34351e-06
 2.34351e-06
 1.17175e-06
 1.17175e-06
 2.34351e-06
 2.34351e-06
 2.34351e-06
 2.34351e-06
 1.17175e-06
 5.85877e-07
 1.17175e-06
 1.17175e-06
 1.17175e-06
 1.17175e-06
 5.85877e-07
 5.61305e-07
 1.12261e-06
 1.12261e-06
 1.12261e-06
 1.12261e-06
 5.61305e-07
 1.12261e-06
 2.24522e-06
 2.24522e-06
 2.24522e-06
 2.24522e-06
 1.12261e-06
 1.12261e-06
 2.24522e-06
 2.24522e-06
 2.24522e-06
 2.24522e-06
 1.12261e-06
 1.12261e-06
 2.24522e-06
 2.24522e-06
 2.24522e-06
 2.24522e-06
 1.12261e-06
 1.12261e-06
 2.24522e-06
 2.24522e-06
 2.24522e-06
 2.24522e-06
 1.12261e-06
 5.61305e-07
 1.12261e-06
 1.12261e-06
 1.12261e-06
 1.12261e-06
 5.61305e-07
 5.37392e-07
 1.07478e-06
 1.07478e-06
 1.07478e-06
 1.07478e-06
 5.37392e-07
 1.07478e-06
 2.14957e-06
 2.14957e-06
 2.14957e-06
 2.14957e-06
 1.07478e-06
 1.07478e-06
 2.14957e-06
 2.14957e-06
 2.14957e-06
 2.14957e-06
 1.07478e-06
 1.07478e-06
 2.14957e-06
 2.14957e-06
 2.14957e-06
 2.14957e-06
 1.07478e-06
 1.07478e-06
 2.14957e-06
 2.14957e-06
 2.14957e-06
 2.14957e-06
 1.07478e-06
 5.37392e-07
 1.07478e-06
 1.07478e-06
 1.07478e-06
 1.07478e-06
 5.37392e-07
 5.13500e-07
 1.02700e-06
 1.02700e-06
 1.02700e-06
 1.02700e-06
 5.13500e-07
 1.02700e-06
 2.05400e-06
 2.05400e-06
 2.05400e-06
 2.05400e-06
 1.02700e-06
 1.02700e-06
 2.05400e-06
 2.05400e-06
 2.05400e-06
 2.05400e-06
 1.02700e-06
 1.02700e-06
 2.05400e-06
 2.05400e-06
 2.05400e-06
 2.05400e-06
 1.02700e-06
 1.02700e-06
 2.05400e-06
 2.05400e-06
 2.05400e-06
 2.05400e-06
 1.02700e-06
 5.13500e-07
 1.02700e-06
 1.02700e-06
 1.02700e-06
 1.02700e-06
 5.13500e-07
 4.89247e-07
 9.78493e-07
 9.78493e-07
 9.78493e-07
 9.78493e-07
 4.89247e-07
 9.78493e-07
 1.95699e-06
 1.95699e-06
 1.95699e-06
 1.95699e-06
 9.78493e-07
 9.78493e-07
 1.95699e-06
 1.95699e-06
 1.95699e-06
 1.95699e-06
 9.78493e-07
 9.78493e-07
 1.95699e-06
 1.95699e-06
 1.95699e-06
 1.95699e-06
 9.78493e-07
 9.78493e-07
 1.95699e-06
 1.95699e-06
 1.95699e-06
 1.95699e-06
 9.78493e-07
 4.89247e-07
 9.78493e-07
 9.78493e-07
 9.78493e-07
 9.78493e-07
 4.89247e-07
 4.53859e-07
 9.07718e-07
 9.07718e-07
 9.07718e-07
 9.07718e-07
 4.53859e-07
 9.07718e-07
 1.81544e-06
 1.81544e-06
 1.81544e-06
 1.81544e-06
 9.07718e-07
 9.07718e-07
 1.81544e-06
 1.81544e-06
 1.81544e-06
 1.81544e-06
 9.07718e-07
 9.07718e-07
 1.81544e-06
 1.81544e-06
 1.81544e-06
 1.81544e-06
 9.07718e-07
 9.07718e-07
 1.81544e-06
 1.81544e-06
 1.81544e-06
 1.81544e-06
 9.07718e-07
 4.53859e-07
 9.07718e-07
 9.07718e-07
 9.07718e-07
 9.07718e-07
 4.53859e-07
 4.29593e-07
 8.59186e-07
 8.59186e-07
 8.59186e-07
 8.59186e-07
 4.29593e-07
 8.59186e-07
 1.71837e-06
 1.71837e-06
 1.71837e-06
 1.71837e-06
 8.59186e-07
 8.59186e-07
 1.71837e-06
 1.71837e-06
 1.71837e-06
 1.71837e-06
 8.59186e-07
 8.59186e-07
 1.71837e-06
 1.71837e-06
 1.71837e-06
 1.71837e-06
 8.59186e-07
 8.59186e-07
 1.71837e-06
 1.71837e-06
 1.71837e-06
 1.71837e-06
 8.59186e-07
 4.29593e-07
 8.59186e-07
 8.59186e-07
 8.59186e-07
 8.59186e-07
 4.29593e-07
 4.28654e-07
 8.57307e-07
 8.57307e-07
 8.57307e-07
 8.57307e-07
 4.28654e-07
 8.57307e-07
 1.71461e-06
 1.71461e-06
 1.71461e-06
 1.71461e-06
 8.57307e-07
 8.57307e-07
 1.71461e-06
 1.71461e-06
 1.71461e-06
 1.71461e-06
 8.57307e-07
 8.57307e-07
 1.71461e-06
 1.71461e-06
 1.71461e-06
 1.71461e-06
 8.57307e-07
 8.57307e-07
 1.71461e-06
 1.71461e-06
 1.71461e-06
 1.71461e-06
 8.57307e-07
 4.28654e-07
 8.57307e-07
 8.57307e-07
 8.57307e-07
 8.57307e-07
 4.28654e-07
 4.27802e-07
 8.55604e-07
 8.55604e-07
 8.55604e-07
 8.55604e-07
 4.27802e-07
 8.55604e-07
 1.71121e-06
 1.71121e-06
 1.71121e-06
 1.71121e-06
 8.55604e-07
 8.55604e-07
 1.71121e-06
 1.71121e-06
 1.71121e-06
 1.71121e-06
 8.55604e-07
 8.55604e-07
 1.71121e-06
 1.71121e-06
 1.71121e-06
 1.71121e-06
 8.55604e-07
 8.55604e-07
 1.71121e-06
 1.71121e-06
 1.71121e-06
 1.71121e-06
 8.55604e-07
 4.27802e-07
 8.55604e-07
 8.55604e-07
 8.55604e-07
 8.55604e-07
 4.27802e-07
 4.24642e-07
 8.49284e-07
 8.49284e-07
 8.49284e-07
 8.49284e-07
 4.24642e-07
 8.49284e-07
 1.69857e-06
 1.69857e-06
 1.69857e-06
 1.69857e-06
 8.49284e-07
 8.49284e-07
 1.69857e-06
 1.69857e-06
 1.69857e-06
 1.69857e-06
 8.49284e-07
 8.49284e-07
 1.69857e-06
 1.69857e-06
 1.69857e-06
 1.69857e-06
 8.49284e-07
 8.49284e-07
 1.69857e-06
 1.69857e-06
 1.69857e-06
 1.69857e-06
 8.49284e-07
 4.24642e-07
 8.49284e-07
 8.49284e-07
 8.49284e-07
 8.49284e-07
 4.24642e-07
 4.21665e-07
 8.43330e-07
 8.43330e-07
 8.43330e-07
 8.43330e-07
 4.21665e-07
 8.43330e-07
 1.68666e-06
 1.68666e-06
 1.68666e-06
 1.68666e-06
 8.43330e-07
 8.43330e-07
 1.68666e-06
 1.68666e-06
 1.68666e-06
 1.68666e-06
 8.43330e-07
 8.43330e-07
 1.68666e-06
 1.68666e-06
 1.68666e-06
 1.68666e-06
 8.43330e-07
 8.43330e-07
 1.68666e-06
 1.68666e-06
 1.68666e-06
 1.68666e-06
 8.43330e-07
 4.21665e-07
 8.43330e-07
 8.43330e-07
 8.43330e-07
 8.43330e-07
 4.21665e-07
 4.21333e-07
 8.42667e-07
 8.42667e-07
 8.42667e-07
 8.42667e-07
 4.21333e-07
 8.42667e-07
 1.68533e-06
 1.68533e-06
 1.68533e-06
 1.68533e-06
 8.42667e-07
 8.42667e-07
 1.68533e-06
 1.68533e-06
 1.68533e-06
 1.68533e-06
 8.42667e-07
 8.42667e-07
 1.68533e-06
 1.68533e-06
 1.68533e-06
 1.68533e-06
 8.42667e-07
 8.42667e-07
 1.68533e-06
 1.68533e-06
 1.68533e-06
 1.68533e-06
 8.42667e-07
 4.21333e-07
 8.42667e-07
 8.42667e-07
 8.42667e-07
 8.42667e-07
 4.21333e-07
 4.22626e-07
 8.45253e-07
 8.45253e-07
 8.45253e-07
 8.45253e-07
 4.22626e-07
 8.45253e-07
 1.69051e-06
 1.69051e-06
 1.69051e-06
 1.69051e-06
 8.45253e-07
 8.45253e-07
 1.69051e-06
 1.69051e-06
 1.69051e-06
 1.69051e-06
 8.45253e-07
 8.45253e-07
 1.69051e-06
 1.69051e-06
 1.69051e-06
 1.69051e-06
 8.45253e-07
 8.45253e-07
 1.69051e-06
 1.69051e-06
 1.69051e-06
 1.69051e-06
 8.45253e-07
 4.22626e-07
 8.45253e-07
 8.45253e-07
 8.45253e-07
 8.45253e-07
 4.22626e-07
part
         3
coordinates
 4.29593e-07
 8.59186e-07
 8.59186e-07
 8.59186e-07
 8.59186e-07
 4.29593e-07
 8.59186e-07
 1.71837e-06
 1.71837e-06
 1.71837e-06
 1.71837e-06
 8.59186e-07
 8.59186e-07
 1.71837e-06
 1.71837e-06
 1.71837e-06
 1.71837e-06
 8.59186e-07
 8.59186e-07
 1.71837e-06
 1.71837e-06
 1.71837e-06
 1.71837e-06
 8.59186e-07
 8.59186e-07
 1.71837e-06
 1.71837e-06
 1.71837e-06
 1.71837e-06
 8.59186e-07
 4.29593e-07
 8.59186e-07
 8.59186e-07
 8.59186e-07
 8.59186e-07
 4.29593e-07
 4.28654e-07
 8.57307e-07
 8.57307e-07
 8.57307e-07
 8.57307e-07
 4.28654e-07
 8.57307e-07
 1.71461e-06
 1.71461e-06
 1.71461e-06
 1.71461e-06
 8.57307e-07
 8.57307e-07
 1.71461e-06
 1.71461e-06
 1.71461e-06
 1.71461e-06
 8.57307e-07
 8.57307e-07
 1.71461e-06
 1.71461e-06
 1.71461e-06
 1.71461e-06
 8.57307e-07
 8.57307e-07
 1.71461e-06
 1.71461e-06
 1.71461e-06
 1.71461e-06
 8.57307e-07
 4.28654e-07
 8.57307e-07
 8.57307e-07
 8.57307e-07
 8.57307e-07
 4.28654e-07
 4.27802e-07
 8.55604e-07
 8.55604e-07
 8.55604e-07
 8.55604e-07
 4.27802e-07
 8.55604e-07
 1.71121e-06
 1.71121e-06
 1.71121e-06
 1.71121e-06
 8.55604e-07
 8.55604e-07
 1.71121e-06
 1.71121e-06
 1.71121e-06
 1.71121e-06
 8.55604e-07
 8.55604e-07
 1.71121e-06
 1.71121e-06
 1.71121e-06
 1.71121e-06
 8.55604e-07
 8.55604e-07
 1.71121e-06
 1.71121e-06
 1.71121e-06
 1.71121e-06
 8.55604e-07
 4.27802e-07
 8.55604e-07
 8.55604e-07
 8.55604e-07
 8.55604e-07
 4.27802e-07
 4.24642e-07
 8.49284e-07
 8.49284e-07
 8.49284e-07
 8.49284e-07
 4.24642e-07
 8.49284e-07
 1.69857e-06
 1.69857e-06
 1.69857e-06
 1.69857e-06
 8.49284e-07
 8.49284e-07
 1.69857e-06
 1.69857e-06
 1.69857e-06
 1.69857e-06
 8.49284e-07
 8.49284e-07
 1.69857e-06
 1.69857e-06
 1.69857e-06
 1.69857e-06
 8.49284e-07
 8.49284e-07
 1.69857e-06
 1.69857e-06
 1.69857e-06
 1.69857e-06
 8.49284e-07
 4.24642e-07
 8.49284e-07
 8.49284e-07
 8.49284e-07
 8.49284e-07
 4.24642e-07
 4.21665e-07
 8.43330e-07
 8.43330e-07
 8.43330e-07
 8.43330e-07
 4.21665e-07
 8.43330e-07
 1.68666e-06
 1.68666e-06
 1.68666e-06
 1.68666e-06
 8.43330e-07
 8.43330e-07
 1.68666e-06
 1.68666e-06
 1.68666e-06
 1.68666e-06
 8.43330e-07
 8.43330e-07
 1.68666e-06
 1.68666e-06
 1.68666e-06
 1.68666e-06
 8.43330e-07
 8.43330e-07
 1.68666e-06
 1.68666e-06
 1.68666e-06
 1.68666e-06
 8.43330e-07
 4.21665e-07
 8.43330e-07
 8.43330e-07
 8.43330e-07
 8.43330e-07
 4.21665e-07
 4.21333e-07
 8.42667e-07
 8.42667e-07
 8.42667e-07
 8.42667e-07
 4.21333e-07
 8.42667e-07
 1.68533e-06
 1.68533e-06
 1.68533e-06
 1.68533e-06
 8.42667e-07
 8.42667e-07
 1.68533e-06
 1.68533e-06
 1.68533e-06
 1.68533e-06
 8.42667e-07
 8.42667e-07
 1.68533e-06
 1.68533e-06
 1.68533e-06
 1.68533e-06
 8.42667e-07
 8.42667e-07
 1.68533e-06
 1.68533e-06
 1.68533e-06
 1.68533e-06
 8.42667e-07
 4.21333e-07
 8.42667e-07
 8.42667e-07
 8.42667e-07
 8.42667e-07
 4.21333e-07
 4.22626e-07
 8.45253e-07
 8.45253e-07
 8.45253e-07
 8.45253e-07
 4.22626e-07
 8.45253e-07
 1.69051e-06
 1.69051e-06
 1.69051e-06
 1.69051e-06
 8.45253e-07
 8.45253e-07
 1.69051e-06
 1.69051e-06
 1.69051e-06
 1.69051e-06
 8.45253e-07
 8.45253e-07
 1.69051e-06
 1.69051e-06
 1.69051e-06
 1.69051e-06
 8.45253e-07
 8.45253e-07
 1.69051e-06
 1.69051e-06
 1.69051e-06
 1.69051e-06
 8.45253e-07
 4.22626e-07
 8.45253e-07
 8.45253e-07
 8.45253e-07
 8.45253e-07
 4.22626e-07
 4.23502e-07
 8.47004e-07
 8.47004e-07
 8.47004e-07
 8.47004e-07
 4.23502e-07
 8.47004e-07
 1.69401e-06
 1.69401e-06
 1.69401e-06
 1.69401e-06
 8.47004e-07
 8.47004e-07
 1.69401e-06
 1.69401e-06
 1.69401e-06
 1.69401e-06
 8.47004e-07
 8.47004e-07
 1.69401e-06
 1.69401e-06
 1.69401e-06
 1.69401e-06
 8.47004e-07
 8.47004e-07
 1.69401e-06
 1.69401e-06
 1.69401e-06
 1.69401e-06
 8.47004e-07
 4.23502e-07
 8.47004e-07
 8.47004e-07
 8.47004e-07
 8.47004e-07
 4.23502e-07
 4.23386e-07
 8.46772e-07
 8.46772e-07
 8.46772e-07
 8.46772e-07
 4.23386e-07
 8.46772e-07
 1.69354e-06
 1.69354e-06
 1.69354e-06
 1.69354e-06
 8.46772e-07
 8.46772e-07
 1.69354e-06
 1.69354e-06
 1.69354e-06
 1.69354e-06
 8.46772e-07
 8.46772e-07
 1.69354e-06
 1.69354e-06
 1.69354e-06
 1.69354e-06
 8.46772e-07
 8.46772e-07
 1.69354e-06
 1.69354e-06
 1.69354e-06
 1.69354e-06
 8.46772e-07
 4.23386e-07
 8.46772e-07
 8.46772e-07
 8.46772e-07
 8.46772e-07
 4.23386e-07
 4.22687e-07
 8.45374e-07
 8.45374e-07
 8.45374e-07
 8.45374e-07
 4.22687e-07
 8.45374e-07
 1.69075e-06
 1.69075e-06
 1.69075e-06
 1.69075e-06
 8.45374e-07
 8.45374e-07
 1.69075e-06
 1.69075e-06
 1.69075e-06
 1.69075e-06
 8.45374e-07
 8.45374e-07
 1.69075e-06
 1.69075e-06
 1.69075e-06
 1.69075e-06
 8.45374e-07
 8.45374e-07
 1.69075e-06
 1.69075e-06
 1.69075e-06
 1.69075e-06
 8.45374e-07
 4.22687e-07
 8.45374e-07
 8.45374e-07
 8.45374e-07
 8.45374e-07
 4.22687e-07
 4.22398e-07
 8.44796e-07
 8.44796e-07
 8.44796e-07
 8.44796e-07
 4.22398e-07
 8.44796e-07
 1.68959e-06
 1.68959e-06
 1.68959e-06
 1.68959e-06
 8.44796e-07
 8.44796e-07
 1.68959e-06
 1.68959e-06
 1.68959e-06
 1.68959e-06
 8.44796e-07
 8.44796e-07
 1.68959e-06
 1.68959e-06
 1.68959e-06
 1.68959e-06
 8.44796e-07
 8.44796e-07
 1.68959e-06
 1.68959e-06
 1.68959e-06
 1.68959e-06
 8.44796e-07
 4.22398e-07
 8.44796e-07
 8.44796e-07
 8.44796e-07
 8.44796e-07
 4.22398e-07
 4.24008e-07
 8.48015e-07
 8.48015e-07
 8.48015e-07
 8.48015e-07
 4.24008e-07
 8.48015e-07
 1.69603e-06
 1.69603e-06
 1.69603e-06
 1.69603e-06
 8.48015e-07
 8.48015e-07
 1.69603e-06
 1.69603e-06
 1.69603e-06
 1.69603e-06
 8.48015e-07
 8.48015e-07
 1.69603e-06
 1.69603e-06
 1.69603e-06
 1.69603e-06
 8.48015e-07
 8.48015e-07
 1.69603e-06
 1.69603e-06
 1.69603e-06
 1.69603e-06
 8.48015e-07
 4.24008e-07
 8.48015e-07
 8.48015e-07
 8.48015e-07
 8.48015e-07
 4.24008e-07
 4.26468e-07
 8.52936e-07
 8.52936e-07
 8.52936e-07
 8.52936e-07
 4.26468e-07
 8.52936e-07
 1.70587e-06
 1.70587e-06
 1.70587e-06
 1.70587e-06
 8.52936e-07
 8.52936e-07
 1.70587e-06
 1.70587e-06
 1.70587e-06
 1.70587e-06
 8.52936e-07
 8.52936e-07
 1.70587e-06
 1.70587e-06
 1.70587e-06
 1.70587e-06
 8.52936e-07
 8.52936e-07
 1.70587e-06
 1.70587e-06
 1.70587e-06
 1.70587e-06
 8.52936e-07
 4.26468e-07
 8.52936e-07
 8.52936e-07
 8.52936e-07
 8.52936e-07
 4.26468e-07
 4.27475e-07
 8.54950e-07
 8.54950e-07
 8.54950e-07
 8.54950e-07
 4.27475e-07
 8.54950e-07
 1.70990e-06
 1.70990e-06
 1.70990e-06
 1.70990e-06
 8.54950e-07
 8.54950e-07
 1.70990e-06
 1.70990e-06
 1.70990e-06
 1.70990e-06
 8.54950e-07
 8.54950e-07
 1.70990e-06
 1.70990e-06
 1.70990e-06
 1.70990e-06
 8.54950e-07
 8.54950e-07
 1.70990e-06
 1.70990e-06
 1.70990e-06
 1.70990e-06
 8.54950e-07
 4.27475e-07
 8.54950e-07
 8.54950e-07
 8.54950e-07
 8.54950e-07
 4.27475e-07
 4.26498e-07
 8.52997e-07
 8.52997e-07
 8.52997e-07
 8.52997e-07
 4.26498e-07
 8.52997e-07
 1.70599e-06
 1.70599e-06
 1.70599e-06
 1.70599e-06
 8.52997e-07
 8.52997e-07
 1.70599e-06
 1.70599e-06
 1.70599e-06
 1.70599e-06
 8.52997e-07
 8.52997e-07
 1.70599e-06
 1.70599e-06
 1.70599e-06
 1.70599e-06
 8.52997e-07
 8.52997e-07
 1.70599e-06
 1.70599e-06
 1.70599e-06
 1.70599e-06
 8.52997e-07
 4.26498e-07
 8.52997e-07
 8.52997e-07
 8.52997e-07
 8.52997e-07
 4.26498e-07
 4.25043e-07
 8.50085e-07
 8.50085e-07
 8.50085e-07
 8.50085e-07
 4.25043e-07
 8.50085e-07
 1.70017e-06
 1.70017e-06
 1.70017e-06
 1.70017e-06
 8.50085e-07
 8.50085e-07
 1.70017e-06
 1.70017e-06
 1.70017e-06
 1.70017e-06
 8.50085e-07
 8.50085e-07
 1.70017e-06
 1.70017e-06
 1.70017e-06
 1.70017e-06
 8.50085e-07
 8.50085e-07
 1.70017e-06
 1.70017e-06
 1.70017e-06
 1.70017e-06
 8.50085e-07
 4.25043e-07
 8.50085e-07
 8.50085e-07
 8.50085e-07
 8.50085e-07
 4.25043e-07
 4.25739e-07
 8.51478e-07
 8.51478e-07
 8.51478e-07
 8.51478e-07
 4.25739e-07
 8.51478e-07
 1.70296e-06
 1.70296e-06
 1.70296e-06
 1.70296e-06
 8.51478e-07
 8.51478e-07
 1.70296e-06
 1.70296e-06
 1.70296e-06
 1.70296e-06
 8.51478e-07
 8.51478e-07
 1.70296e-06
 1.70296e-06
 1.70296e-06
 1.70296e-06
 8.51478e-07
 8.51478e-07
 1.70296e-06
 1.70296e-06
 1.70296e-06
 1.70296e-06
 8.51478e-07
 4.25739e-07
 8.51478e-07
 8.51478e-07
 8.51478e-07
 8.51478e-07
 4.25739e-07
 4.31240e-07
 8.62481e-07
 8.62481e-07
 8.62481e-07
 8.62481e-07
 4.31240e-07
 8.62481e-07
 1.72496e-06
 1.72496e-06
 1.72496e-06
 1.72496e-06
 8.62481e-07
 8.62481e-07
 1.72496e-06
 1.72496e-06
 1.72496e-06
 1.72496e-06
 8.62481e-07
 8.62481e-07
 1.72496e-06
 1.72496e-06
 1.72496e-06
 1.72496e-06
 8.62481e-07
 8.62481e-07
 1.72496e-06
 1.72496e-06
 1.72496e-06
 1.72496e-06
 8.62481e-07
 4.31240e-07
 8.62481e-07
 8.62481e-07
 8.62481e-07
 8.62481e-07
 4.31240e-07
 4.37731e-07
 8.75462e-07
 8.75462e-07
 8.75462e-07
 8.75462e-07
 4.37731e-07
 8.75462e-07
 1.75092e-06
 1.75092e-06
 1.75092e-06
 1.75092e-06
 8.75462e-07
 8.75462e-07
 1.75092e-06
 1.75092e-06
 1.75092e-06
 1.75092e-06
 8.75462e-07
 8.75462e-07
 1.75092e-06
 1.75092e-06
 1.75092e-06
 1.75092e-06
 8.75462e-07
 8.75462e-07
 1.75092e-06
 1.75092e-06
 1.75092e-06
 1.75092e-06
 8.75462e-07
 4.37731e-07
 8.75462e-07
 8.75462e-07
 8.75462e-07
 8.75462e-07
 4.37731e-07
 4.37531e-07
 8.75062e-07
 8.75062e-07
 8.75062e-07
 8.75062e-07
 4.37531e-07
 8.75062e-07
 1.75012e-06
 1.75012e-06
 1.75012e-06
 1.75012e-06
 8.75062e-07
 8.75062e-07
 1.75012e-06
 1.75012e-06
 1.75012e-06
 1.75012e-06
 8.75062e-07
 8.75062e-07
 1.75012e-06
 1.75012e-06
 1.75012e-06
 1.75012e-06
 8.75062e-07
 8.75062e-07
 1.75012e-06
 1.75012e-06
 1.75012e-06
 1.75012e-06
 8.75062e-07
 4.37531e-07
 8.75062e-07
 8.75062e-07
 8.75062e-07
 8.75062e-07
 4.37531e-07
 4.11128e-07
 8.22256e-07
 8.22256e-07
 8.22256e-07
 8.22256e-07
 4.11128e-07
 8.22256e-07
 1.64451e-06
 1.64451e-06
 1.64451e-06
 1.64451e-06
 8.22256e-07
 8.22256e-07
 1.64451e-06
 1.64451e-06
 1.64451e-06
 1.64451e-06
 8.22256e-07
 8.22256e-07
 1.64451e-06
 1.64451e-06
 1.64451e-06
 1.64451e-06
 8.22256e-07
 8.22256e-07
 1.64451e-06
 1.64451e-06
 1.64451e-06
 1.64451e-06
 8.22256e-07
 4.11128e-07
 8.22256e-07
 8.22256e-07
 8.22256e-07
 8.22256e-07
 4.11128e-07
 3.53235e-07
 7.06471e-07
 7.06471e-07
 7.06471e-07
 7.06471e-07
 3.53235e-07
 7.06471e-07
 1.41294e-06
 1.41294e-06
 1.41294e-06
 1.41294e-06
 7.06471e-07
 7.06471e-07
 1.41294e-06
 1.41294e-06
 1.41294e-06
 1.41294e-06
 7.06471e-07
 7.06471e-07
 1.41294e-06
 1.41294e-06
 1.41294e-06
 1.41294e-06
 7.06471e-07
 7.06471e-07
 1.41294e-06
 1.41294e-06
 1.41294e-06
 1.41294e-06
 7.06471e-07
 3.53235e-07
 7.06471e-07
 7.06471e-07
 7.06471e-07
 7.06471e-07
 3.53235e-07
 2.96098e-07
 5.92195e-07
 5.92195e-07
 5.92195e-07
 5.92195e-07
 2.96098e-07
 5.92195e-07
 1.18439e-06
 1.18439e-06
 1.18439e-06
 1.18439e-06
 5.92195e-07
 5.92195e-07
 1.18439e-06
 1.18439e-06
 1.18439e-06
 1.18439e-06
 5.92195e-07
 5.92195e-07
 1.18439e-06
 1.18439e-06
 1.18439e-06
 1.18439e-06
 5.92195e-07
 5.92195e-07
 1.18439e-06
 1.18439e-06
 1.18439e-06
 1.18439e-06
 5.92195e-07
 2.96098e-07
 5.92195e-07
 5.92195e-07
 5.92195e-07
 5.92195e-07
 2.96098e-07
 2.65744e-07
 5.31489e-07
 5.31489e-07
 5.31489e-07
 5.31489e-07
 2.65744e-07
 5.31489e-07
 1.06298e-06
 1.06298e-06
 1.06298e-06
 1.06298e-06
 5.31489e-07
 5.31489e-07
 1.06298e-06
 1.06298e-06
 1.06298e-06
 1.06298e-06
 5.31489e-07
 5.31489e-07
 1.06298e-06
 1.06298e-06
 1.06298e-06
 1.06298e-06
 5.31489e-07
 5.31489e-07
 1.06298e-06
 1.06298e-06
 1.06298e-06
 1.06298e-06
 5.31489e-07
 2.65744e-07
 5.31489e-07
 5.31489e-07
 5.31489e-07
 5.31489e-07
 2.65744e-07
 2.58525e-07
 5.17051e-07
 5.17051e-07
 5.17051e-07
 5.17051e-07
 2.58525e-07
 5.17051e-07
 1.03410e-06
 1.03410e-06
 1.03410e-06
 1.03410e-06
 5.17051e-07
 5.17051e-07
 1.03410e-06
 1.03410e-06
 1.03410e-06
 1.03410e-06
 5.17051e-07
 5.17051e-07
 1.03410e-06
 1.03410e-06
 1.03410e-06
 1.03410e-06
 5.17051e-07
 5.17051e-07
 1.03410e-06
 1.03410e-06
 1.03410e-06
 1.03410e-06
 5.17051e-07
 2.58525e-07
 5.17051e-07
 5.17051e-07
 5.17051e-07
 5.17051e-07
 2.58525e-07
 2.59349e-07
 5.18697e-07
 5.18697e-07
 5.18697e-07
 5.18697e-07
 2.59349e-07
 5.18697e-07
 1.03739e-06
 1.03739e-06
 1.03739e-06
 1.03739e-06
 5.18697e-07
 5.18697e-07
 1.03739e-06
 1.03739e-06
 1.03739e-06
 1.03739e-06
 5.18697e-07
 5.18697e-07
 1.03739e-06
 1.03739e-06
 1.03739e-06
 1.03739e-06
 5.18697e-07
 5.18697e-07
 1.03739e-06
 1.03739e-06
 1.03739e-06
 1.03739e-06
 5.18697e-07
 2.59349e-07
 5.18697e-07
 5.18697e-07
 5.18697e-07
 5.18697e-07
 2.59349e-07
 2.61440e-07
 5.22881e-07
 5.22881e-07
 5.22881e-07
 5.22881e-07
 2.61440e-07
 5.22881e-07
 1.04576e-06
 1.04576e-06
 1.04576e-06
 1.04576e-06
 5.22881e-07
 5.22881e-07
 1.04576e-06
 1.04576e-06
 1.04576e-06
 1.04576e-06
 5.22881e-07
 5.22881e-07
 1.04576e-06
 1.04576e-06
 1.04576e-06
 1.04576e-06
 5.22881e-07
 5.22881e-07
 1.04576e-06
 1.04576e-06
 1.04576e-06
 1.04576e-06
 5.22881e-07
 2.61440e-07
 5.22881e-07
 5.22881e-07
 5.22881e-07
 5.22881e-07
 2.61440e-07
 2.63240e-07
 5.26480e-07
 5.26480e-07
 5.26480e-07
 5.26480e-07
 2.63240e-07
 5.26480e-07
 1.05296e-06
 1.05296e-06
 1.05296e-06
 1.05296e-06
 5.26480e-07
 5.26480e-07
 1.05296e-06
 1.05296e-06
 1.05296e-06
 1.05296e-06
 5.26480e-07
 5.26480e-07
 1.05296e-06
 1.05296e-06
 1.05296e-06
 1.05296e-06
 5.26480e-07
 5.26480e-07
 1.05296e-06
 1.05296e-06
 1.05296e-06
 1.05296e-06
 5.26480e-07
 2.63240e-07
 5.26480e-07
 5.26480e-07
 5.26480e-07
 5.26480e-07
 2.63240e-07
 2.64153e-07
 5.28306e-07
 5.28306e-07
 5.28306e-07
 5.28306e-07
 2.64153e-07
 5.28306e-07
 1.05661e-06
 1.05661e-06
 1.05661e-06
 1.05661e-06
 5.28306e-07
 5.28306e-07
 1.05661e-06
 1.05661e-06
 1.05661e-06
 1.05661e-06
 5.28306e-07
 5.28306e-07
 1.05661e-06
 1.05661e-06
 1.05661e-06
 1.05661e-06
 5.28306e-07
 5.28306e-07
 1.05661e-06
 1.05661e-06
 1.05661e-06
 1.05661e-06
 5.28306e-07
 2.64153e-07
 5.28306e-07
 5.28306e-07
 5.28306e-07
 5.28306e-07
 2.64153e-07
 2.64507e-07
 5.29014e-07
 5.29014e-07
 5.29014e-07
 5.29014e-07
 2.64507e-07
 5.29014e-07
 1.05803e-06
 1.05803e-06
 1.05803e-06
 1.05803e-06
 5.29014e-07
 5.29014e-07
 1.05803e-06
 1.05803e-06
 1.05803e-06
 1.05803e-06
 5.29014e-07
 5.29014e-07
 1.05803e-06
 1.05803e-06
 1.05803e-06
 1.05803e-06
 5.29014e-07
 5.29014e-07
 1.05803e-06
 1.05803e-06
 1.05803e-06
 1.05803e-06
 5.29014e-07
 2.64507e-07
 5.29014e-07
 5.29014e-07
 5.29014e-07
 5.29014e-07
 2.64507e-07
 2.64668e-07
 5.29336e-07
 5.29336e-07
 5.29336e-07
 5.29336e-07
 2.64668e-07
 5.29336e-07
 1.05867e-06
 1.05867e-06
 1.05867e-06
 1.05867e-06
 5.29336e-07
 5.29336e-07
 1.05867e-06
 1.05867e-06
 1.05867e-06
 1.05867e-06
 5.29336e-07
 5.29336e-07
 1.05867e-06
 1.05867e-06
 1.05867e-06
 1.05867e-06
 5.29336e-07
 5.29336e-07
 1.05867e-06
 1.05867e-06
 1.05867e-06
 1.05867e-06
 5.29336e-07
 2.64668e-07
 5.29336e-07
 5.29336e-07
 5.29336e-07
 5.29336e-07
 2.64668e-07
 2.64737e-07
 5.29475e-07
 5.29475e-07
 5.29475e-07
 5.29475e-07
 2.64737e-07
 5.29475e-07
 1.05895e-06
 1.05895e-06
 1.05895e-06
 1.05895e-06
 5.29475e-07
 5.29475e-07
 1.05895e-06
 1.05895e-06
 1.05895e-06
 1.05895e-06
 5.29475e-07
 5.29475e-07
 1.05895e-06
 1.05895e-06
 1.05895e-06
 1.05895e-06
 5.29475e-07
 5.29475e-07
 1.05895e-06
 1.05895e-06
 1.05895e-06
 1.05895e-06
 5.29475e-07
 2.64737e-07
 5.29475e-07
 5.29475e-07
 5.29475e-07
 5.29475e-07
 2.64737e-07
part
         4
coordinates
 2.59349e-07
 5.18697e-07
 5.18697e-07
 5.18697e-07
 5.18697e-07
 2.59349e-07
 5.18697e-07
 1.03739e-06
 1.03739e-06
 1.03739e-06
 1.03739e-06
 5.18697e-07
 5.18697e-07
 1.03739e-06
 1.03739e-06
 1.03739e-06
 1.03739e-06
 5.18697e-07
 5.18697e-07
 1.03739e-06
 1.03739e-06
 1.03739e-06
 1.03739e-06
 5.18697e-07
 5.18697e-07
 1.03739e-06
 1.03739e-06
 1.03739e-06
 1.03739e-06
 5.18697e-07
 2.59349e-07
 5.18697e-07
 5.18697e-07
 5.18697e-07
 5.18697e-07
 2.59349e-07
 2.61440e-07
 5.22881e-07
 5.22881e-07
 5.22881e-07
 5.22881e-07
 2.61440e-07
 5.22881e-07
 1.04576e-06
 1.04576e-06
 1.04576e-06
 1.04576e-06
 5.22881e-07
 5.22881e-07
 1.04576e-06
 1.04576e-06
 1.04576e-06
 1.04576e-06
 5.22881e-07
 5.22881e-07
 1.04576e-06
 1.04576e-06
 1.04576e-06
 1.04576e-06
 5.22881e-07
 5.22881e-07
 1.04576e-06
 1.04576e-06
 1.04576e-06
 1.04576e-06
 5.22881e-07
 2.61440e-07
 5.22881e-07
 5.22881e-07
 5.22881e-07
 5.22881e-07
 2.61440e-07
 2.63240e-07
 5.26480e-07
 5.26480e-07
 5.26480e-07
 5.26480e-07
 2.63240e-07
 5.26480e-07
 1.05296e-06
 1.05296e-06
 1.05296e-06
 1.05296e-06
 5.26480e-07
 5.26480e-07
 1.05296e-06
 1.05296e-06
 1.05296e-06
 1.05296e-06
 5.26480e-07
 5.26480e-07
 1.05296e-06
 1.05296e-06
 1.05296e-06
 1.05296e-06
 5.26480e-07
 5.26480e-07
 1.05296e-06
 1.05296e-06
 1.05296e-06
 1.05296e-06
 5.26480e-07
 2.63240e-07
 5.26480e-07
 5.26480e-07
 5.26480e-07
 5.26480e-07
 2.63240e-07
 2.64153e-07
 5.28306e-07
 5.28306e-07
 5.28306e-07
 5.28306e-07
 2.64153e-07
 5.28306e-07
 1.05661e-06
 1.05661e-06
 1.05661e-06
 1.05661e-06
 5.28306e-07
 5.28306e-07
 1.05661e-06
 1.05661e-06
 1.05661e-06
 1.05661e-06
 5.28306e-07
 5.28306e-07
 1.05661e-06
 1.05661e-06
 1.05661e-06
 1.05661e-06
 5.28306e-07
 5.28306e-07
 1.05661e-06
 1.05661e-06
 1.05661e-06
 1.05661e-06
 5.28306e-07
 2.64153e-07
 5.28306e-07
 5.28306e-07
 5.28306e-07
 5.28306e-07
 2.64153e-07
 2.64507e-07
 5.29014e-07
 5.29014e-07
 5.29014e-07
 5.29014e-07
 2.64507e-07
 5.29014e-07
 1.05803e-06
 1.05803e-06
 1.05803e-06
 1.05803e-06
 5.29014e-07
 5.29014e-07
 1.05803e-06
 1.05803e-06
 1.05803e-06
 1.05803e-06
 5.29014e-07
 5.29014e-07
 1.05803e-06
 1.05803e-06
 1.05803e-06
 1.05803e-06
 5.29014e-07
 5.29014e-07
 1.05803e-06
 1.05803e-06
 1.05803e-06
 1.05803e-06
 5.29014e-07
 2.64507e-07
 5.29014e-07
 5.29014e-07
 5.29014e-07
 5.29014e-07
 2.64507e-07
 2.64668e-07
 5.29336e-07
 5.29336e-07
 5.29336e-07
 5.29336e-07
 2.64668e-07
 5.29336e-07
 1.05867e-06
 1.05867e-06
 1.05867e-06
 1.05867e-06
 5.29336e-07
 5.29336e-07
 1.05867e-06
 1.05867e-06
 1.05867e-06
 1.05867e-06
 5.29336e-07
 5.29336e-07
 1.05867e-06
 1.05867e-06
 1.05867e-06
 1.05867e-06
 5.29336e-07
 5.29336e-07
 1.05867e-06
 1.05867e-06
 1.05867e-06
 1.05867e-06
 5.29336e-07
 2.64668e-07
 5.29336e-07
 5.29336e-07
 5.29336e-07
 5.29336e-07
 2.64668e-07
 2.64737e-07
 5.29475e-07
 5.29475e-07
 5.29475e-07
 5.29475e-07
 2.64737e-07
 5.29475e-07
 1.05895e-06
 1.05895e-06
 1.05895e-06
 1.05895e-06
 5.29475e-07
 5.29475e-07
 1.05895e-06
 1.05895e-06
 1.05895e-06
 1.05895e-06
 5.29475e-07
 5.29475e-07
 1.05895e-06
 1.05895e-06
 1.05895e-06
 1.05895e-06
 5.29475e-07
 5.29475e-07
 1.05895e-06
 1.05895e-06
 1.05895e-06
 1.05895e-06
 5.29475e-07
 2.64737e-07
 5.29475e-07
 5.29475e-07
 5.29475e-07
 5.29475e-07
 2.64737e-07
 2.64682e-07
 5.29364e-07
 5.29364e-07
 5.29364e-07
 5.29364e-07
 2.64682e-07
 5.29364e-07
 1.05873e-06
 1.05873e-06
 1.05873e-06
 1.05873e-06
 5.29364e-07
 5.29364e-07
 1.05873e-06
 1.05873e-06
 1.05873e-06
 1.05873e-06
 5.29364e-07
 5.29364e-07
 1.05873e-06
 1.05873e-06
 1.05873e-06
 1.05873e-06
 5.29364e-07
 5.29364e-07
 1.05873e-06
 1.05873e-06
 1.05873e-06
 1.05873e-06
 5.29364e-07
 2.64682e-07
 5.29364e-07
 5.29364e-07
 5.29364e-07
 5.29364e-07
 2.64682e-07
 2.64177e-07
 5.28354e-07
 5.28354e-07
 5.28354e-07
 5.28354e-07
 2.64177e-07
 5.28354e-07
 1.05671e-06
 1.05671e-06
 1.05671e-06
 1.05671e-06
 5.28354e-07
 5.28354e-07
 1.05671e-06
 1.05671e-06
 1.05671e-06
 1.05671e-06
 5.28354e-07
 5.28354e-07
 1.05671e-06
 1.05671e-06
 1.05671e-06
 1.05671e-06
 5.28354e-07
 5.28354e-07
 1.05671e-06
 1.05671e-06
 1.05671e-06
 1.05671e-06
 5.28354e-07
 2.64177e-07
 5.28354e-07
 5.28354e-07
 5.28354e-07
 5.28354e-07
 2.64177e-07
 2.62606e-07
 5.25212e-07
 5.25212e-07
 5.25212e-07
 5.25212e-07
 2.62606e-07
 5.25212e-07
 1.05042e-06
 1.05042e-06
 1.05042e-06
 1.05042e-06
 5.25212e-07
 5.25212e-07
 1.05042e-06
 1.05042e-06
 1.05042e-06
 1.05042e-06
 5.25212e-07
 5.25212e-07
 1.05042e-06
 1.05042e-06
 1.05042e-06
 1.05042e-06
 5.25212e-07
 5.25212e-07
 1.05042e-06
 1.05042e-06
 1.05042e-06
 1.05042e-06
 5.25212e-07
 2.62606e-07
 5.25212e-07
 5.25212e-07
 5.25212e-07
 5.25212e-07
 2.62606e-07
 2.57757e-07
 5.15515e-07
 5.15515e-07
 5.15515e-07
 5.15515e-07
 2.57757e-07
 5.15515e-07
 1.03103e-06
 1.03103e-06
 1.03103e-06
 1.03103e-06
 5.15515e-07
 5.15515e-07
 1.03103e-06
 1.03103e-06
 1.03103e-06
 1.03103e-06
 5.15515e-07
 5.15515e-07
 1.03103e-06
 1.03103e-06
 1.03103e-06
 1.03103e-06
 5.15515e-07
 5.15515e-07
 1.03103e-06
 1.03103e-06
 1.03103e-06
 1.03103e-06
 5.15515e-07
 2.57757e-07
 5.15515e-07
 5.15515e-07
 5.15515e-07
 5.15515e-07
 2.57757e-07
 2.46904e-07
 4.93808e-07
 4.93808e-07
 4.93808e-07
 4.93808e-07
 2.46904e-07
 4.93808e-07
 9.87616e-07
 9.87616e-07
 9.87616e-07
 9.87616e-07
 4.93808e-07
 4.93808e-07
 9.87616e-07
 9.87616e-07
 9.87616e-07
 9.87616e-07
 4.93808e-07
 4.93808e-07
 9.87616e-07
 9.87616e-07
 9.87616e-07
 9.87616e-07
 4.93808e-07
 4.93808e-07
 9.87616e-07
 9.87616e-07
 9.87616e-07
 9.87616e-07
 4.93808e-07
 2.46904e-07
 4.93808e-07
 4.93808e-07
 4.93808e-07
 4.93808e-07
 2.46904e-07
 2.27251e-07
 4.54502e-07
 4.54502e-07
 4.54502e-07
 4.54502e-07
 2.27251e-07
 4.54502e-07
 9.09004e-07
 9.09004e-07
 9.09004e-07
 9.09004e-07
 4.54502e-07
 4.54502e-07
 9.09004e-07
 9.09004e-07
 9.09004e-07
 9.09004e-07
 4.54502e-07
 4.54502e-07
 9.09004e-07
 9.09004e-07
 9.09004e-07
 9.09004e-07
 4.54502e-07
 4.54502e-07
 9.09004e-07
 9.09004e-07
 9.09004e-07
 9.09004e-07
 4.54502e-07
 2.27251e-07
 4.54502e-07
 4.54502e-07
 4.54502e-07
 4.54502e-07
 2.27251e-07
 2.00654e-07
 4.01308e-07
 4.01308e-07
 4.01308e-07
 4.01308e-07
 2.00654e-07
 4.01308e-07
 8.02616e-07
 8.02616e-07
 8.02616e-07
 8.02616e-07
 4.01308e-07
 4.01308e-07
 8.02616e-07
 8.02616e-07
 8.02616e-07
 8.02616e-07
 4.01308e-07
 4.01308e-07
 8.02616e-07
 8.02616e-07
 8.02616e-07
 8.02616e-07
 4.01308e-07
 4.01308e-07
 8.02616e-07
 8.02616e-07
 8.02616e-07
 8.02616e-07
 4.01308e-07
 2.00654e-07
 4.01308e-07
 4.01308e-07
 4.01308e-07
 4.01308e-07
 2.00654e-07
 1.73205e-07
 3.46409e-07
 3.46409e-07
 3.46409e-07
 3.46409e-07
 1.73205e-07
 3.46409e-07
 6.92818e-07
 6.92818e-07
 6.92818e-07
 6.92818e-07
 3.46409e-07
 3.46409e-07
 6.92818e-07
 6.92818e-07
 6.92818e-07
 6.92818e-07
 3.46409e-07
 3.46409e-07
 6.92818e-07
 6.92818e-07
 6.92818e-07
 6.92818e-07
 3.46409e-07
 3.46409e-07
 6.92818e-07
 6.92818e-07
 6.92818e-07
 6.92818e-07
 3.46409e-07
 1.73205e-07
 3.46409e-07
 3.46409e-07
 3.46409e-07
 3.46409e-07
 1.73205e-07
 1.50668e-07
 3.01335e-07
 3.01335e-07
 3.01335e-07
 3.01335e-07
 1.50668e-07
 3.01335e-07
 6.02671e-07
 6.02671e-07
 6.02671e-07
 6.02671e-07
 3.01335e-07
 3.01335e-07
 6.02671e-07
 6.02671e-07
 6.02671e-07
 6.02671e-07
 3.01335e-07
 3.01335e-07
 6.02671e-07
 6.02671e-07
 6.02671e-07
 6.02671e-07
 3.01335e-07
 3.01335e-07
 6.02671e-07
 6.02671e-07
 6.02671e-07
 6.02671e-07
 3.01335e-07
 1.50668e-07
 3.01335e-07
 3.01335e-07
 3.01335e-07
 3.01335e-07
 1.50668e-07
 1.36387e-07
 2.72774e-07
 2.72774e-07
 2.72774e-07
 2.72774e-07
 1.36387e-07
 2.72774e-07
 5.45548e-07
 5.45548e-07
 5.45548e-07
 5.45548e-07
 2.72774e-07
 2.72774e-07
 5.45548e-07
 5.45548e-07
 5.45548e-07
 5.45548e-07
 2.72774e-07
 2.72774e-07
 5.45548e-07
 5.45548e-07
 5.45548e-07
 5.45548e-07
 2.72774e-07
 2.72774e-07
 5.45548e-07
 5.45548e-07
 5.45548e-07
 5.45548e-07
 2.72774e-07
 1.36387e-07
 2.72774e-07
 2.72774e-07
 2.72774e-07
 2.72774e-07
 1.36387e-07
 1.29096e-07
 2.58192e-07
 2.58192e-07
 2.58192e-07
 2.58192e-07
 1.29096e-07
 2.58192e-07
 5.16384e-07
 5.16384e-07
 5.16384e-07
 5.16384e-07
 2.58192e-07
 2.58192e-07
 5.16384e-07
 5.16384e-07
 5.16384e-07
 5.16384e-07
 2.58192e-07
 2.58192e-07
 5.16384e-07
 5.16384e-07
 5.16384e-07
 5.16384e-07
 2.58192e-07
 2.58192e-07
 5.16384e-07
 5.16384e-07
 5.16384e-07
 5.16384e-07
 2.58192e-07
 1.29096e-07
 2.58192e-07
 2.58192e-07
 2.58192e-07
 2.58192e-07
 1.29096e-07
 1.26216e-07
 2.52431e-07
 2.52431e-07
 2.52431e-07
 2.52431e-07
 1.26216e-07
 2.52431e-07
 5.04863e-07
 5.04863e-07
 5.04863e-07
 5.04863e-07
 2.52431e-07
 2.52431e-07
 5.04863e-07
 5.04863e-07
 5.04863e-07
 5.04863e-07
 2.52431e-07
 2.52431e-07
 5.04863e-07
 5.04863e-07
 5.04863e-07
 5.04863e-07
 2.52431e-07
 2.52431e-07
 5.04863e-07
 5.04863e-07
 5.04863e-07
 5.04863e-07
 2.52431e-07
 1.26216e-07
 2.52431e-07
 2.52431e-07
 2.52431e-07
 2.52431e-07
 1.26216e-07
 1.25321e-07
 2.50641e-07
 2.50641e-07
 2.50641e-07
 2.50641e-07
 1.25321e-07
 2.50641e-07
 5.01283e-07
 5.01283e-07
 5.01283e-07
 5.01283e-07
 2.50641e-07
 2.50641e-07
 5.01283e-07
 5.01283e-07
 5.01283e-07
 5.01283e-07
 2.50641e-07
 2.50641e-07
 5.01283e-07
 5.01283e-07
 5.01283e-07
 5.01283e-07
 2.50641e-07
 2.50641e-07
 5.01283e-07
 5.01283e-07
 5.01283e-07
 5.01283e-07
 2.50641e-07
 1.25321e-07
 2.50641e-07
 2.50641e-07
 2.50641e-07
 2.50641e-07
 1.25321e-07
 1.25081e-07
 2.50161e-07
 2.50161e-07
 2.50161e-07
 2.50161e-07
 1.25081e-07
 2.50161e-07
 5.00322e-07
 5.00322e-07
 5.00322e-07
 5.00322e-07
 2.50161e-07
 2.50161e-07
 5.00322e-07
 5.00322e-07
 5.00322e-07
 5.00322e-07
 2.50161e-07
 2.50161e-07
 5.00322e-07
 5.00322e-07
 5.00322e-07
 5.00322e-07
 2.50161e-07
 2.50161e-07
 5.00322e-07
 5.00322e-07
 5.00322e-07
 5.00322e-07
 2.50161e-07
 1.25081e-07
 2.50161e-07
 2.50161e-07
 2.50161e-07
 2.50161e-07
 1.25081e-07
 1.25020e-07
 2.50040e-07
 2.50040e-07
 2.50040e-07
 2.50040e-07
 1.25020e-07
 2.50040e-07
 5.00079e-07
 5.00079e-07
 5.00079e-07
 5.00079e-07
 2.50040e-07
 2.50040e-07
 5.00079e-07
 5.00079e-07
 5.00079e-07
 5.00079e-07
 2.50040e-07
 2.50040e-07
 5.00079e-07
 5.00079e-07
 5.00079e-07
 5.00079e-07
 2.50040e-07
 2.50040e-07
 5.00079e-07
 5.00079e-07
 5.00079e-07
 5.00079e-07
 2.50040e-07
 1.25020e-07
 2.50040e-07
 2.50040e-07
 2.50040e-07
 2.50040e-07
 1.25020e-07
 1.25005e-07
 2.50010e-07
 2.50010e-07
 2.50010e-07
 2.50010e-07
 1.25005e-07
 2.50010e-07
 5.00019e-07
 5.00019e-07
 5.00019e-07
 5.00019e-07
 2.50010e-07
 2.50010e-07
 5.00019e-07
 5.00019e-07
 5.00019e-07
 5.00019e-07
 2.50010e-07
 2.50010e-07
 5.00019e-07
 5.00019e-07
 5.00019e-07
 5.00019e-07
 2.50010e-07
 2.50010e-07
 5.00019e-07
 5.00019e-07
 5.00019e-07
 5.00019e-07
 2.50010e-07
 1.25005e-07
 2.50010e-07
 2.50010e-07
 2.50010e-07
 2.50010e-07
 1.25005e-07
 1.25001e-07
 2.50002e-07
 2.50002e-07
 2.50002e-07
 2.50002e-07
 1.25001e-07
 2.50002e-07
 5.00005e-07
 5.00005e-07
 5.00005e-07
 5.00005e-07
 2.50002e-07
 2.50002e-07
 5.00005e-07
 5.00005e-07
 5.00005e-07
 5.00005e-07
 2.50002e-07
 2.50002e-07
 5.00005e-07
 5.00005e-07
 5.00005e-07
 5.00005e-07
 2.50002e-07
 2.50002e-07
 5.00005e-07
 5.00005e-07
 5.00005e-07
 5.00005e-07
 2.50002e-07
 1.25001e-07
 2.50002e-07
 2.50002e-07
 2.50002e-07
 2.50002e-07
 1.25001e-07
 1.25000e-07
 2.50001e-07
 2.50001e-07
 2.50001e-07
 2.50001e-07
 1.25000e-07
 2.50001e-07
 5.00001e-07
 5.00001e-07
 5.00001e-07
 5.00001e-07
 2.50001e-07
 2.50001e-07
 5.00001e-07
 5.00001e-07
 5.00001e-07
 5.00001e-07
 2.50001e-07
 2.50001e-07
 5.00001e-07
 5.00001e-07
 5.00001e-07
 5.00001e-07
 2.50001e-07
 2.50001e-07
 5.00001e-07
 5.00001e-07
 5.00001e-07
 5.00001e-07
 2.50001e-07
 1.25000e-07
 2.50001e-07
 2.50001e-07
 2.50001e-07
 2.50001e-07
 1.25000e-07
 1.25000e-07
 2.50000e-07
 2.50000e-07
 2.50000e-07
 2.50000e-07
 1.25000e-07
 2.50000e-07
 5.00000e-07
 5.00000e-07
 5.00000e-07
 5.00000e-07
 2.50000e-07
 2.50000e-07
 5.00000e-07
 5.00000e-07
 5.00000e-07
 5.00000e-07
 2.50000e-07
 2.50000e-07
 5.00000e-07
 5.00000e-07
 5.00000e-07
 5.00000e-07
 2.50000e-07
 2.50000e-07
 5.00000e-07
 5.00000e-07
 5.00000e-07
 5.00000e-07
 2.50000e-07
 1.25000e-07
 2.50000e-07
 2.50000e-07
 2.50000e-07
 2.50000e-07
 1.25000e-07
 1.25000e-07
 2.50000e-07
 2.50000e-07
 2.50000e-07
 2.50000e-07
 1.25000e-07
 2.50000e-07
 5.00000e-07
 5.00000e-07
 5.00000e-07
 5.00000e-07
 2.50000e-07
 2.50000e-07
 5.00000e-07
 5.00000e-07
 5.00000e-07
 5.00000e-07
 2.50000e-07
 2.50000e-07
 5.00000e-07
 5.00000e-07
 5.00000e-07
 5.00000e-07
 2.50000e-07
 2.50000e-07
 5.00000e-07
 5.00000e-07
 5.00000e-07
 5.00000e-07
 2.50000e-07
 1.25000e-07
 2.50000e-07
 2.50000e-07
 2.50000e-07
 2.50000e-07
 1.25000e-07
 1.25000e-07
 2.50000e-07
 2.50000e-07
 2.50000e-07
 2.50000e-07
 1.25000e-07
 2.50000e-07
 5.00000e-07
 5.00000e-07
 5.00000e-07
 5.00000e-07
 2.50000e-07
 2.50000e-07
 5.00000e-07
 5.00000e-07
 5.00000e-07
 5.00000e-07
 2.50000e-07
 2.50000e-07
 5.00000e-07
 5.00000e-07
 5.00000e-07
 5.00000e-07
 2.50000e-07
 2.50000e-07
 5.00000e-07
 5.00000e-07
 5.00000e-07
 5.00000e-07
 2.50000e-07
 1.25000e-07
 2.50000e-07
 2.50000e-07
 2.50000e-07
 2.50000e-07
 1.25000e-07
 6.25000e-08
 1.25000e-07
 1.25000e-07
 1.25000e-07
 1.25000e-07
 6.25000e-08
 1.25000e-07
 2.50000e-07
 2.50000e-07
 2.50000e-07
 2.50000e-07
 1.25000e-07
 1.25000e-07
 2.50000e-07
 2.50000e-07
 2.50000e-07
 2.50000e-07
 1.25000e-07
 1.25000e-07
 2.50000e-07
 2.50000e-07
 2.50000e-07
 2.50000e-07
 1.25000e-07
 1.25000e-07
 2.50000e-07
 2.50000e-07
 2.50000e-07
 2.50000e-07
 1.25000e-07
 6.25000e-08
 1.25000e-07
 1.25000e-07
 1.25000e-07
 1.25000e-07
 6.25000e-08
