CellMass
part
         1
hexa8
 4.00000e-06
 4.00000e-06
 4.00000e-06
 4.00000e-06
 4.00000e-06
 4.00000e-06
 4.00000e-06
 4.00000e-06
 4.00000e-06
 4.00000e-06
 4.00000e-06
 4.00000e-06
 4.00000e-06
 4.00000e-06
 4.00000e-06
 4.00000e-06
 4.00000e-06
 4.00000e-06
 3.99999e-06
 3.99995e-06
 3.99975e-06
 3.99896e-06
 3.99616e-06
 3.98771e-06
 3.96648e-06
 4.00000e-06
 4.00000e-06
 4.00000e-06
 4.00000e-06
 4.00000e-06
 4.00000e-06
 4.00000e-06
 4.00000e-06
 4.00000e-06
 4.00000e-06
 4.00000e-06
 4.00000e-06
 4.00000e-06
 4.00000e-06
 4.00000e-06
 4.00000e-06
 4.00000e-06
 4.00000e-06
 3.99999e-06
 3.99995e-06
 3.99975e-06
 3.99896e-06
 3.99616e-06
 3.98771e-06
 3.96648e-06
 4.00000e-06
 4.00000e-06
 4.00000e-06
 4.00000e-06
 4.00000e-06
 4.00000e-06
 4.00000e-06
 4.00000e-06
 4.00000e-06
 4.00000e-06
 4.00000e-06
 4.00000e-06
 4.00000e-06
 4.00000e-06
 4.00000e-06
 4.00000e-06
 4.00000e-06
 4.00000e-06
 3.99999e-06
 3.99995e-06
 3.99975e-06
 3.99896e-06
 3.99616e-06
 3.98771e-06
 3.96648e-06
 4.00000e-06
 4.00000e-06
 4.00000e-06
 4.00000e-06
 4.00000e-06
 4.00000e-06
 4.00000e-06
 4.00000e-06
 4.00000e-06
 4.00000e-06
 4.00000e-06
 4.00000e-06
 4.00000e-06
 4.00000e-06
 4.00000e-06
 4.00000e-06
 4.00000e-06
 4.00000e-06
 3.99999e-06
 3.99995e-06
 3.99975e-06
 3.99896e-06
 3.99616e-06
 3.98771e-06
 3.96648e-06
 4.00000e-06
 4.00000e-06
 4.00000e-06
 4.00000e-06
 4.00000e-06
 4.00000e-06
 4.00000e-06
 4.00000e-06
 4.00000e-06
 4.00000e-06
 4.00000e-06
 4.00000e-06
 4.00000e-06
 4.00000e-06
 4.00000e-06
 4.00000e-06
 4.00000e-06
 4.00000e-06
 3.99999e-06
 3.99995e-06
 3.99975e-06
 3.99896e-06
 3.99616e-06
 3.98771e-06
 3.96648e-06
 4.00000e-06
 4.00000e-06
 4.00000e-06
 4.00000e-06
 4.00000e-06
 4.00000e-06
 4.00000e-06
 4.00000e-06
 4.00000e-06
 4.00000e-06
 4.00000e-06
 4.00000e-06
 4.00000e-06
 4.00000e-06
 4.00000e-06
 4.00000e-06
 4.00000e-06
 4.00000e-06
 3.99999e-06
 3.99995e-06
 3.99975e-06
 3.99896e-06
 3.99616e-06
 3.98771e-06
 3.96648e-06
 4.00000e-06
 4.00000e-06
 4.00000e-06
 4.00000e-06
 4.00000e-06
 4.00000e-06
 4.00000e-06
 4.00000e-06
 4.00000e-06
 4.00000e-06
 4.00000e-06
 4.00000e-06
 4.00000e-06
 4.00000e-06
 4.00000e-06
 4.00000e-06
 4.00000e-06
 4.00000e-06
 3.99999e-06
 3.99995e-06
 3.99975e-06
 3.99896e-06
 3.99616e-06
 3.98771e-06
 3.96648e-06
 4.00000e-06
 4.00000e-06
 4.00000e-06
 4.00000e-06
 4.00000e-06
 4.00000e-06
 4.00000e-06
 4.00000e-06
 4.00000e-06
 4.00000e-06
 4.00000e-06
 4.00000e-06
 4.00000e-06
 4.00000e-06
 4.00000e-06
 4.00000e-06
 4.00000e-06
 4.00000e-06
 3.99999e-06
 3.99995e-06
 3.99975e-06
 3.99896e-06
 3.99616e-06
 3.98771e-06
 3.96648e-06
 4.00000e-06
 4.00000e-06
 4.00000e-06
 4.00000e-06
 4.00000e-06
 4.00000e-06
 4.00000e-06
 4.00000e-06
 4.00000e-06
 4.00000e-06
 4.00000e-06
 4.00000e-06
 4.00000e-06
 4.00000e-06
 4.00000e-06
 4.00000e-06
 4.00000e-06
 4.00000e-06
 3.99999e-06
 3.99995e-06
 3.99975e-06
 3.99896e-06
 3.99616e-06
 3.98771e-06
 3.96648e-06
 4.00000e-06
 4.00000e-06
 4.00000e-06
 4.00000e-06
 4.00000e-06
 4.00000e-06
 4.00000e-06
 4.00000e-06
 4.00000e-06
 4.00000e-06
 4.00000e-06
 4.00000e-06
 4.00000e-06
 4.00000e-06
 4.00000e-06
 4.00000e-06
 4.00000e-06
 4.00000e-06
 3.99999e-06
 3.99995e-06
 3.99975e-06
 3.99896e-06
 3.99616e-06
 3.98771e-06
 3.96648e-06
 4.00000e-06
 4.00000e-06
 4.00000e-06
 4.00000e-06
 4.00000e-06
 4.00000e-06
 4.00000e-06
 4.00000e-06
 4.00000e-06
 4.00000e-06
 4.00000e-06
 4.00000e-06
 4.00000e-06
 4.00000e-06
 4.00000e-06
 4.00000e-06
 4.00000e-06
 4.00000e-06
 3.99999e-06
 3.99995e-06
 3.99975e-06
 3.99896e-06
 3.99616e-06
 3.98771e-06
 3.96648e-06
 4.00000e-06
 4.00000e-06
 4.00000e-06
 4.00000e-06
 4.00000e-06
 4.00000e-06
 4.00000e-06
 4.00000e-06
 4.00000e-06
 4.00000e-06
 4.00000e-06
 4.00000e-06
 4.00000e-06
 4.00000e-06
 4.00000e-06
 4.00000e-06
 4.00000e-06
 4.00000e-06
 3.99999e-06
 3.99995e-06
 3.99975e-06
 3.99896e-06
 3.99616e-06
 3.98771e-06
 3.96648e-06
 4.00000e-06
 4.00000e-06
 4.00000e-06
 4.00000e-06
 4.00000e-06
 4.00000e-06
 4.00000e-06
 4.00000e-06
 4.00000e-06
 4.00000e-06
 4.00000e-06
 4.00000e-06
 4.00000e-06
 4.00000e-06
 4.00000e-06
 4.00000e-06
 4.00000e-06
 4.00000e-06
 3.99999e-06
 3.99995e-06
 3.99975e-06
 3.99896e-06
 3.99616e-06
 3.98771e-06
 3.96648e-06
 4.00000e-06
 4.00000e-06
 4.00000e-06
 4.00000e-06
 4.00000e-06
 4.00000e-06
 4.00000e-06
 4.00000e-06
 4.00000e-06
 4.00000e-06
 4.00000e-06
 4.00000e-06
 4.00000e-06
 4.00000e-06
 4.00000e-06
 4.00000e-06
 4.00000e-06
 4.00000e-06
 3.99999e-06
 3.99995e-06
 3.99975e-06
 3.99896e-06
 3.99616e-06
 3.98771e-06
 3.96648e-06
 4.00000e-06
 4.00000e-06
 4.00000e-06
 4.00000e-06
 4.00000e-06
 4.00000e-06
 4.00000e-06
 4.00000e-06
 4.00000e-06
 4.00000e-06
 4.00000e-06
 4.00000e-06
 4.00000e-06
 4.00000e-06
 4.00000e-06
 4.00000e-06
 4.00000e-06
 4.00000e-06
 3.99999e-06
 3.99995e-06
 3.99975e-06
 3.99896e-06
 3.99616e-06
 3.98771e-06
 3.96648e-06
 4.00000e-06
 4.00000e-06
 4.00000e-06
 4.00000e-06
 4.00000e-06
 4.00000e-06
 4.00000e-06
 4.00000e-06
 4.00000e-06
 4.00000e-06
 4.00000e-06
 4.00000e-06
 4.00000e-06
 4.00000e-06
 4.00000e-06
 4.00000e-06
 4.00000e-06
 4.00000e-06
 3.99999e-06
 3.99995e-06
 3.99975e-06
 3.99896e-06
 3.99616e-06
 3.98771e-06
 3.96648e-06
 4.00000e-06
 4.00000e-06
 4.00000e-06
 4.00000e-06
 4.00000e-06
 4.00000e-06
 4.00000e-06
 4.00000e-06
 4.00000e-06
 4.00000e-06
 4.00000e-06
 4.00000e-06
 4.00000e-06
 4.00000e-06
 4.00000e-06
 4.00000e-06
 4.00000e-06
 4.00000e-06
 3.99999e-06
 3.99995e-06
 3.99975e-06
 3.99896e-06
 3.99616e-06
 3.98771e-06
 3.96648e-06
 4.00000e-06
 4.00000e-06
 4.00000e-06
 4.00000e-06
 4.00000e-06
 4.00000e-06
 4.00000e-06
 4.00000e-06
 4.00000e-06
 4.00000e-06
 4.00000e-06
 4.00000e-06
 4.00000e-06
 4.00000e-06
 4.00000e-06
 4.00000e-06
 4.00000e-06
 4.00000e-06
 3.99999e-06
 3.99995e-06
 3.99975e-06
 3.99896e-06
 3.99616e-06
 3.98771e-06
 3.96648e-06
 4.00000e-06
 4.00000e-06
 4.00000e-06
 4.00000e-06
 4.00000e-06
 4.00000e-06
 4.00000e-06
 4.00000e-06
 4.00000e-06
 4.00000e-06
 4.00000e-06
 4.00000e-06
 4.00000e-06
 4.00000e-06
 4.00000e-06
 4.00000e-06
 4.00000e-06
 4.00000e-06
 3.99999e-06
 3.99995e-06
 3.99975e-06
 3.99896e-06
 3.99616e-06
 3.98771e-06
 3.96648e-06
 4.00000e-06
 4.00000e-06
 4.00000e-06
 4.00000e-06
 4.00000e-06
 4.00000e-06
 4.00000e-06
 4.00000e-06
 4.00000e-06
 4.00000e-06
 4.00000e-06
 4.00000e-06
 4.00000e-06
 4.00000e-06
 4.00000e-06
 4.00000e-06
 4.00000e-06
 4.00000e-06
 3.99999e-06
 3.99995e-06
 3.99975e-06
 3.99896e-06
 3.99616e-06
 3.98771e-06
 3.96648e-06
 4.00000e-06
 4.00000e-06
 4.00000e-06
 4.00000e-06
 4.00000e-06
 4.00000e-06
 4.00000e-06
 4.00000e-06
 4.00000e-06
 4.00000e-06
 4.00000e-06
 4.00000e-06
 4.00000e-06
 4.00000e-06
 4.00000e-06
 4.00000e-06
 4.00000e-06
 4.00000e-06
 3.99999e-06
 3.99995e-06
 3.99975e-06
 3.99896e-06
 3.99616e-06
 3.98771e-06
 3.96648e-06
 4.00000e-06
 4.00000e-06
 4.00000e-06
 4.00000e-06
 4.00000e-06
 4.00000e-06
 4.00000e-06
 4.00000e-06
 4.00000e-06
 4.00000e-06
 4.00000e-06
 4.00000e-06
 4.00000e-06
 4.00000e-06
 4.00000e-06
 4.00000e-06
 4.00000e-06
 4.00000e-06
 3.99999e-06
 3.99995e-06
 3.99975e-06
 3.99896e-06
 3.99616e-06
 3.98771e-06
 3.96648e-06
 4.00000e-06
 4.00000e-06
 4.00000e-06
 4.00000e-06
 4.00000e-06
 4.00000e-06
 4.00000e-06
 4.00000e-06
 4.00000e-06
 4.00000e-06
 4.00000e-06
 4.00000e-06
 4.00000e-06
 4.00000e-06
 4.00000e-06
 4.00000e-06
 4.00000e-06
 4.00000e-06
 3.99999e-06
 3.99995e-06
 3.99975e-06
 3.99896e-06
 3.99616e-06
 3.98771e-06
 3.96648e-06
 4.00000e-06
 4.00000e-06
 4.00000e-06
 4.00000e-06
 4.00000e-06
 4.00000e-06
 4.00000e-06
 4.00000e-06
 4.00000e-06
 4.00000e-06
 4.00000e-06
 4.00000e-06
 4.00000e-06
 4.00000e-06
 4.00000e-06
 4.00000e-06
 4.00000e-06
 4.00000e-06
 3.99999e-06
 3.99995e-06
 3.99975e-06
 3.99896e-06
 3.99616e-06
 3.98771e-06
 3.96648e-06
 4.00000e-06
 4.00000e-06
 4.00000e-06
 4.00000e-06
 4.00000e-06
 4.00000e-06
 4.00000e-06
 4.00000e-06
 4.00000e-06
 4.00000e-06
 4.00000e-06
 4.00000e-06
 4.00000e-06
 4.00000e-06
 4.00000e-06
 4.00000e-06
 4.00000e-06
 4.00000e-06
 3.99999e-06
 3.99995e-06
 3.99975e-06
 3.99896e-06
 3.99616e-06
 3.98771e-06
 3.96648e-06
part
         2
hexa8
 3.92297e-06
 3.85120e-06
 3.75468e-06
 3.64376e-06
 3.52762e-06
 3.41113e-06
 3.29637e-06
 3.18422e-06
 3.07502e-06
 2.96904e-06
 2.86661e-06
 2.76789e-06
 2.67294e-06
 2.58174e-06
 2.49419e-06
 2.41020e-06
 2.32968e-06
 2.25264e-06
 2.17910e-06
 2.10918e-06
 2.04307e-06
 1.98106e-06
 1.92357e-06
 1.87114e-06
 1.82442e-06
 3.92297e-06
 3.85120e-06
 3.75468e-06
 3.64376e-06
 3.52762e-06
 3.41113e-06
 3.29637e-06
 3.18422e-06
 3.07502e-06
 2.96904e-06
 2.86661e-06
 2.76789e-06
 2.67294e-06
 2.58174e-06
 2.49419e-06
 2.41020e-06
 2.32968e-06
 2.25264e-06
 2.17910e-06
 2.10918e-06
 2.04307e-06
 1.98106e-06
 1.92357e-06
 1.87114e-06
 1.82442e-06
 3.92297e-06
 3.85120e-06
 3.75468e-06
 3.64376e-06
 3.52762e-06
 3.41113e-06
 3.29637e-06
 3.18422e-06
 3.07502e-06
 2.96904e-06
 2.86661e-06
 2.76789e-06
 2.67294e-06
 2.58174e-06
 2.49419e-06
 2.41020e-06
 2.32968e-06
 2.25264e-06
 2.17910e-06
 2.10918e-06
 2.04307e-06
 1.98106e-06
 1.92357e-06
 1.87114e-06
 1.82442e-06
 3.92297e-06
 3.85120e-06
 3.75468e-06
 3.64376e-06
 3.52762e-06
 3.41113e-06
 3.29637e-06
 3.18422e-06
 3.07502e-06
 2.96904e-06
 2.86661e-06
 2.76789e-06
 2.67294e-06
 2.58174e-06
 2.49419e-06
 2.41020e-06
 2.32968e-06
 2.25264e-06
 2.17910e-06
 2.10918e-06
 2.04307e-06
 1.98106e-06
 1.92357e-06
 1.87114e-06
 1.82442e-06
 3.92297e-06
 3.85120e-06
 3.75468e-06
 3.64376e-06
 3.52762e-06
 3.41113e-06
 3.29637e-06
 3.18422e-06
 3.07502e-06
 2.96904e-06
 2.86661e-06
 2.76789e-06
 2.67294e-06
 2.58174e-06
 2.49419e-06
 2.41020e-06
 2.32968e-06
 2.25264e-06
 2.17910e-06
 2.10918e-06
 2.04307e-06
 1.98106e-06
 1.92357e-06
 1.87114e-06
 1.82442e-06
 3.92297e-06
 3.85120e-06
 3.75468e-06
 3.64376e-06
 3.52762e-06
 3.41113e-06
 3.29637e-06
 3.18422e-06
 3.07502e-06
 2.96904e-06
 2.86661e-06
 2.76789e-06
 2.67294e-06
 2.58174e-06
 2.49419e-06
 2.41020e-06
 2.32968e-06
 2.25264e-06
 2.17910e-06
 2.10918e-06
 2.04307e-06
 1.98106e-06
 1.92357e-06
 1.87114e-06
 1.82442e-06
 3.92297e-06
 3.85120e-06
 3.75468e-06
 3.64376e-06
 3.52762e-06
 3.41113e-06
 3.29637e-06
 3.18422e-06
 3.07502e-06
 2.96904e-06
 2.86661e-06
 2.76789e-06
 2.67294e-06
 2.58174e-06
 2.49419e-06
 2.41020e-06
 2.32968e-06
 2.25264e-06
 2.17910e-06
 2.10918e-06
 2.04307e-06
 1.98106e-06
 1.92357e-06
 1.87114e-06
 1.82442e-06
 3.92297e-06
 3.85120e-06
 3.75468e-06
 3.64376e-06
 3.52762e-06
 3.41113e-06
 3.29637e-06
 3.18422e-06
 3.07502e-06
 2.96904e-06
 2.86661e-06
 2.76789e-06
 2.67294e-06
 2.58174e-06
 2.49419e-06
 2.41020e-06
 2.32968e-06
 2.25264e-06
 2.17910e-06
 2.10918e-06
 2.04307e-06
 1.98106e-06
 1.92357e-06
 1.87114e-06
 1.82442e-06
 3.92297e-06
 3.85120e-06
 3.75468e-06
 3.64376e-06
 3.52762e-06
 3.41113e-06
 3.29637e-06
 3.18422e-06
 3.07502e-06
 2.96904e-06
 2.86661e-06
 2.76789e-06
 2.67294e-06
 2.58174e-06
 2.49419e-06
 2.41020e-06
 2.32968e-06
 2.25264e-06
 2.17910e-06
 2.10918e-06
 2.04307e-06
 1.98106e-06
 1.92357e-06
 1.87114e-06
 1.82442e-06
 3.92297e-06
 3.85120e-06
 3.75468e-06
 3.64376e-06
 3.52762e-06
 3.41113e-06
 3.29637e-06
 3.18422e-06
 3.07502e-06
 2.96904e-06
 2.86661e-06
 2.76789e-06
 2.67294e-06
 2.58174e-06
 2.49419e-06
 2.41020e-06
 2.32968e-06
 2.25264e-06
 2.17910e-06
 2.10918e-06
 2.04307e-06
 1.98106e-06
 1.92357e-06
 1.87114e-06
 1.82442e-06
 3.92297e-06
 3.85120e-06
 3.75468e-06
 3.64376e-06
 3.52762e-06
 3.41113e-06
 3.29637e-06
 3.18422e-06
 3.07502e-06
 2.96904e-06
 2.86661e-06
 2.76789e-06
 2.67294e-06
 2.58174e-06
 2.49419e-06
 2.41020e-06
 2.32968e-06
 2.25264e-06
 2.17910e-06
 2.10918e-06
 2.04307e-06
 1.98106e-06
 1.92357e-06
 1.87114e-06
 1.82442e-06
 3.92297e-06
 3.85120e-06
 3.75468e-06
 3.64376e-06
 3.52762e-06
 3.41113e-06
 3.29637e-06
 3.18422e-06
 3.07502e-06
 2.96904e-06
 2.86661e-06
 2.76789e-06
 2.67294e-06
 2.58174e-06
 2.49419e-06
 2.41020e-06
 2.32968e-06
 2.25264e-06
 2.17910e-06
 2.10918e-06
 2.04307e-06
 1.98106e-06
 1.92357e-06
 1.87114e-06
 1.82442e-06
 3.92297e-06
 3.85120e-06
 3.75468e-06
 3.64376e-06
 3.52762e-06
 3.41113e-06
 3.29637e-06
 3.18422e-06
 3.07502e-06
 2.96904e-06
 2.86661e-06
 2.76789e-06
 2.67294e-06
 2.58174e-06
 2.49419e-06
 2.41020e-06
 2.32968e-06
 2.25264e-06
 2.17910e-06
 2.10918e-06
 2.04307e-06
 1.98106e-06
 1.92357e-06
 1.87114e-06
 1.82442e-06
 3.92297e-06
 3.85120e-06
 3.75468e-06
 3.64376e-06
 3.52762e-06
 3.41113e-06
 3.29637e-06
 3.18422e-06
 3.07502e-06
 2.96904e-06
 2.86661e-06
 2.76789e-06
 2.67294e-06
 2.58174e-06
 2.49419e-06
 2.41020e-06
 2.32968e-06
 2.25264e-06
 2.17910e-06
 2.10918e-06
 2.04307e-06
 1.98106e-06
 1.92357e-06
 1.87114e-06
 1.82442e-06
 3.92297e-06
 3.85120e-06
 3.75468e-06
 3.64376e-06
 3.52762e-06
 3.41113e-06
 3.29637e-06
 3.18422e-06
 3.07502e-06
 2.96904e-06
 2.86661e-06
 2.76789e-06
 2.67294e-06
 2.58174e-06
 2.49419e-06
 2.41020e-06
 2.32968e-06
 2.25264e-06
 2.17910e-06
 2.10918e-06
 2.04307e-06
 1.98106e-06
 1.92357e-06
 1.87114e-06
 1.82442e-06
 3.92297e-06
 3.85120e-06
 3.75468e-06
 3.64376e-06
 3.52762e-06
 3.41113e-06
 3.29637e-06
 3.18422e-06
 3.07502e-06
 2.96904e-06
 2.86661e-06
 2.76789e-06
 2.67294e-06
 2.58174e-06
 2.49419e-06
 2.41020e-06
 2.32968e-06
 2.25264e-06
 2.17910e-06
 2.10918e-06
 2.04307e-06
 1.98106e-06
 1.92357e-06
 1.87114e-06
 1.82442e-06
 3.92297e-06
 3.85120e-06
 3.75468e-06
 3.64376e-06
 3.52762e-06
 3.41113e-06
 3.29637e-06
 3.18422e-06
 3.07502e-06
 2.96904e-06
 2.86661e-06
 2.76789e-06
 2.67294e-06
 2.58174e-06
 2.49419e-06
 2.41020e-06
 2.32968e-06
 2.25264e-06
 2.17910e-06
 2.10918e-06
 2.04307e-06
 1.98106e-06
 1.92357e-06
 1.87114e-06
 1.82442e-06
 3.92297e-06
 3.85120e-06
 3.75468e-06
 3.64376e-06
 3.52762e-06
 3.41113e-06
 3.29637e-06
 3.18422e-06
 3.07502e-06
 2.96904e-06
 2.86661e-06
 2.76789e-06
 2.67294e-06
 2.58174e-06
 2.49419e-06
 2.41020e-06
 2.32968e-06
 2.25264e-06
 2.17910e-06
 2.10918e-06
 2.04307e-06
 1.98106e-06
 1.92357e-06
 1.87114e-06
 1.82442e-06
 3.92297e-06
 3.85120e-06
 3.75468e-06
 3.64376e-06
 3.52762e-06
 3.41113e-06
 3.29637e-06
 3.18422e-06
 3.07502e-06
 2.96904e-06
 2.86661e-06
 2.76789e-06
 2.67294e-06
 2.58174e-06
 2.49419e-06
 2.41020e-06
 2.32968e-06
 2.25264e-06
 2.17910e-06
 2.10918e-06
 2.04307e-06
 1.98106e-06
 1.92357e-06
 1.87114e-06
 1.82442e-06
 3.92297e-06
 3.85120e-06
 3.75468e-06
 3.64376e-06
 3.52762e-06
 3.41113e-06
 3.29637e-06
 3.18422e-06
 3.07502e-06
 2.96904e-06
 2.86661e-06
 2.76789e-06
 2.67294e-06
 2.58174e-06
 2.49419e-06
 2.41020e-06
 2.32968e-06
 2.25264e-06
 2.17910e-06
 2.10918e-06
 2.04307e-06
 1.98106e-06
 1.92357e-06
 1.87114e-06
 1.82442e-06
 3.92297e-06
 3.85120e-06
 3.75468e-06
 3.64376e-06
 3.52762e-06
 3.41113e-06
 3.29637e-06
 3.18422e-06
 3.07502e-06
 2.96904e-06
 2.86661e-06
 2.76789e-06
 2.67294e-06
 2.58174e-06
 2.49419e-06
 2.41020e-06
 2.32968e-06
 2.25264e-06
 2.17910e-06
 2.10918e-06
 2.04307e-06
 1.98106e-06
 1.92357e-06
 1.87114e-06
 1.82442e-06
 3.92297e-06
 3.85120e-06
 3.75468e-06
 3.64376e-06
 3.52762e-06
 3.41113e-06
 3.29637e-06
 3.18422e-06
 3.07502e-06
 2.96904e-06
 2.86661e-06
 2.76789e-06
 2.67294e-06
 2.58174e-06
 2.49419e-06
 2.41020e-06
 2.32968e-06
 2.25264e-06
 2.17910e-06
 2.10918e-06
 2.04307e-06
 1.98106e-06
 1.92357e-06
 1.87114e-06
 1.82442e-06
 3.92297e-06
 3.85120e-06
 3.75468e-06
 3.64376e-06
 3.52762e-06
 3.41113e-06
 3.29637e-06
 3.18422e-06
 3.07502e-06
 2.96904e-06
 2.86661e-06
 2.76789e-06
 2.67294e-06
 2.58174e-06
 2.49419e-06
 2.41020e-06
 2.32968e-06
 2.25264e-06
 2.17910e-06
 2.10918e-06
 2.04307e-06
 1.98106e-06
 1.92357e-06
 1.87114e-06
 1.82442e-06
 3.92297e-06
 3.85120e-06
 3.75468e-06
 3.64376e-06
 3.52762e-06
 3.41113e-06
 3.29637e-06
 3.18422e-06
 3.07502e-06
 2.96904e-06
 2.86661e-06
 2.76789e-06
 2.67294e-06
 2.58174e-06
 2.49419e-06
 2.41020e-06
 2.32968e-06
 2.25264e-06
 2.17910e-06
 2.10918e-06
 2.04307e-06
 1.98106e-06
 1.92357e-06
 1.87114e-06
 1.82442e-06
 3.92297e-06
 3.85120e-06
 3.75468e-06
 3.64376e-06
 3.52762e-06
 3.41113e-06
 3.29637e-06
 3.18422e-06
 3.07502e-06
 2.96904e-06
 2.86661e-06
 2.76789e-06
 2.67294e-06
 2.58174e-06
 2.49419e-06
 2.41020e-06
 2.32968e-06
 2.25264e-06
 2.17910e-06
 2.10918e-06
 2.04307e-06
 1.98106e-06
 1.92357e-06
 1.87114e-06
 1.82442e-06
part
         3
hexa8
 1.78411e-06
 1.75085e-06
 1.72501e-06
 1.70643e-06
 1.69436e-06
 1.68754e-06
 1.68442e-06
 1.68336e-06
 1.68314e-06
 1.68318e-06
 1.68273e-06
 1.68061e-06
 1.67569e-06
 1.66574e-06
 1.64650e-06
 1.61187e-06
 1.55367e-06
 1.46378e-06
 1.33389e-06
 1.19938e-06
 1.11784e-06
 1.07580e-06
 1.05759e-06
 1.05167e-06
 1.05114e-06
 1.78411e-06
 1.75085e-06
 1.72501e-06
 1.70643e-06
 1.69436e-06
 1.68754e-06
 1.68442e-06
 1.68336e-06
 1.68314e-06
 1.68318e-06
 1.68273e-06
 1.68061e-06
 1.67569e-06
 1.66574e-06
 1.64650e-06
 1.61187e-06
 1.55367e-06
 1.46378e-06
 1.33389e-06
 1.19938e-06
 1.11784e-06
 1.07580e-06
 1.05759e-06
 1.05167e-06
 1.05114e-06
 1.78411e-06
 1.75085e-06
 1.72501e-06
 1.70643e-06
 1.69436e-06
 1.68754e-06
 1.68442e-06
 1.68336e-06
 1.68314e-06
 1.68318e-06
 1.68273e-06
 1.68061e-06
 1.67569e-06
 1.66574e-06
 1.64650e-06
 1.61187e-06
 1.55367e-06
 1.46378e-06
 1.33389e-06
 1.19938e-06
 1.11784e-06
 1.07580e-06
 1.05759e-06
 1.05167e-06
 1.05114e-06
 1.78411e-06
 1.75085e-06
 1.72501e-06
 1.70643e-06
 1.69436e-06
 1.68754e-06
 1.68442e-06
 1.68336e-06
 1.68314e-06
 1.68318e-06
 1.68273e-06
 1.68061e-06
 1.67569e-06
 1.66574e-06
 1.64650e-06
 1.61187e-06
 1.55367e-06
 1.46378e-06
 1.33389e-06
 1.19938e-06
 1.11784e-06
 1.07580e-06
 1.05759e-06
 1.05167e-06
 1.05114e-06
 1.78411e-06
 1.75085e-06
 1.72501e-06
 1.70643e-06
 1.69436e-06
 1.68754e-06
 1.68442e-06
 1.68336e-06
 1.68314e-06
 1.68318e-06
 1.68273e-06
 1.68061e-06
 1.67569e-06
 1.66574e-06
 1.64650e-06
 1.61187e-06
 1.55367e-06
 1.46378e-06
 1.33389e-06
 1.19938e-06
 1.11784e-06
 1.07580e-06
 1.05759e-06
 1.05167e-06
 1.05114e-06
 1.78411e-06
 1.75085e-06
 1.72501e-06
 1.70643e-06
 1.69436e-06
 1.68754e-06
 1.68442e-06
 1.68336e-06
 1.68314e-06
 1.68318e-06
 1.68273e-06
 1.68061e-06
 1.67569e-06
 1.66574e-06
 1.64650e-06
 1.61187e-06
 1.55367e-06
 1.46378e-06
 1.33389e-06
 1.19938e-06
 1.11784e-06
 1.07580e-06
 1.05759e-06
 1.05167e-06
 1.05114e-06
 1.78411e-06
 1.75085e-06
 1.72501e-06
 1.70643e-06
 1.69436e-06
 1.68754e-06
 1.68442e-06
 1.68336e-06
 1.68314e-06
 1.68318e-06
 1.68273e-06
 1.68061e-06
 1.67569e-06
 1.66574e-06
 1.64650e-06
 1.61187e-06
 1.55367e-06
 1.46378e-06
 1.33389e-06
 1.19938e-06
 1.11784e-06
 1.07580e-06
 1.05759e-06
 1.05167e-06
 1.05114e-06
 1.78411e-06
 1.75085e-06
 1.72501e-06
 1.70643e-06
 1.69436e-06
 1.68754e-06
 1.68442e-06
 1.68336e-06
 1.68314e-06
 1.68318e-06
 1.68273e-06
 1.68061e-06
 1.67569e-06
 1.66574e-06
 1.64650e-06
 1.61187e-06
 1.55367e-06
 1.46378e-06
 1.33389e-06
 1.19938e-06
 1.11784e-06
 1.07580e-06
 1.05759e-06
 1.05167e-06
 1.05114e-06
 1.78411e-06
 1.75085e-06
 1.72501e-06
 1.70643e-06
 1.69436e-06
 1.68754e-06
 1.68442e-06
 1.68336e-06
 1.68314e-06
 1.68318e-06
 1.68273e-06
 1.68061e-06
 1.67569e-06
 1.66574e-06
 1.64650e-06
 1.61187e-06
 1.55367e-06
 1.46378e-06
 1.33389e-06
 1.19938e-06
 1.11784e-06
 1.07580e-06
 1.05759e-06
 1.05167e-06
 1.05114e-06
 1.78411e-06
 1.75085e-06
 1.72501e-06
 1.70643e-06
 1.69436e-06
 1.68754e-06
 1.68442e-06
 1.68336e-06
 1.68314e-06
 1.68318e-06
 1.68273e-06
 1.68061e-06
 1.67569e-06
 1.66574e-06
 1.64650e-06
 1.61187e-06
 1.55367e-06
 1.46378e-06
 1.33389e-06
 1.19938e-06
 1.11784e-06
 1.07580e-06
 1.05759e-06
 1.05167e-06
 1.05114e-06
 1.78411e-06
 1.75085e-06
 1.72501e-06
 1.70643e-06
 1.69436e-06
 1.68754e-06
 1.68442e-06
 1.68336e-06
 1.68314e-06
 1.68318e-06
 1.68273e-06
 1.68061e-06
 1.67569e-06
 1.66574e-06
 1.64650e-06
 1.61187e-06
 1.55367e-06
 1.46378e-06
 1.33389e-06
 1.19938e-06
 1.11784e-06
 1.07580e-06
 1.05759e-06
 1.05167e-06
 1.05114e-06
 1.78411e-06
 1.75085e-06
 1.72501e-06
 1.70643e-06
 1.69436e-06
 1.68754e-06
 1.68442e-06
 1.68336e-06
 1.68314e-06
 1.68318e-06
 1.68273e-06
 1.68061e-06
 1.67569e-06
 1.66574e-06
 1.64650e-06
 1.61187e-06
 1.55367e-06
 1.46378e-06
 1.33389e-06
 1.19938e-06
 1.11784e-06
 1.07580e-06
 1.05759e-06
 1.05167e-06
 1.05114e-06
 1.78411e-06
 1.75085e-06
 1.72501e-06
 1.70643e-06
 1.69436e-06
 1.68754e-06
 1.68442e-06
 1.68336e-06
 1.68314e-06
 1.68318e-06
 1.68273e-06
 1.68061e-06
 1.67569e-06
 1.66574e-06
 1.64650e-06
 1.61187e-06
 1.55367e-06
 1.46378e-06
 1.33389e-06
 1.19938e-06
 1.11784e-06
 1.07580e-06
 1.05759e-06
 1.05167e-06
 1.05114e-06
 1.78411e-06
 1.75085e-06
 1.72501e-06
 1.70643e-06
 1.69436e-06
 1.68754e-06
 1.68442e-06
 1.68336e-06
 1.68314e-06
 1.68318e-06
 1.68273e-06
 1.68061e-06
 1.67569e-06
 1.66574e-06
 1.64650e-06
 1.61187e-06
 1.55367e-06
 1.46378e-06
 1.33389e-06
 1.19938e-06
 1.11784e-06
 1.07580e-06
 1.05759e-06
 1.05167e-06
 1.05114e-06
 1.78411e-06
 1.75085e-06
 1.72501e-06
 1.70643e-06
 1.69436e-06
 1.68754e-06
 1.68442e-06
 1.68336e-06
 1.68314e-06
 1.68318e-06
 1.68273e-06
 1.68061e-06
 1.67569e-06
 1.66574e-06
 1.64650e-06
 1.61187e-06
 1.55367e-06
 1.46378e-06
 1.33389e-06
 1.19938e-06
 1.11784e-06
 1.07580e-06
 1.05759e-06
 1.05167e-06
 1.05114e-06
 1.78411e-06
 1.75085e-06
 1.72501e-06
 1.70643e-06
 1.69436e-06
 1.68754e-06
 1.68442e-06
 1.68336e-06
 1.68314e-06
 1.68318e-06
 1.68273e-06
 1.68061e-06
 1.67569e-06
 1.66574e-06
 1.64650e-06
 1.61187e-06
 1.55367e-06
 1.46378e-06
 1.33389e-06
 1.19938e-06
 1.11784e-06
 1.07580e-06
 1.05759e-06
 1.05167e-06
 1.05114e-06
 1.78411e-06
 1.75085e-06
 1.72501e-06
 1.70643e-06
 1.69436e-06
 1.68754e-06
 1.68442e-06
 1.68336e-06
 1.68314e-06
 1.68318e-06
 1.68273e-06
 1.68061e-06
 1.67569e-06
 1.66574e-06
 1.64650e-06
 1.61187e-06
 1.55367e-06
 1.46378e-06
 1.33389e-06
 1.19938e-06
 1.11784e-06
 1.07580e-06
 1.05759e-06
 1.05167e-06
 1.05114e-06
 1.78411e-06
 1.75085e-06
 1.72501e-06
 1.70643e-06
 1.69436e-06
 1.68754e-06
 1.68442e-06
 1.68336e-06
 1.68314e-06
 1.68318e-06
 1.68273e-06
 1.68061e-06
 1.67569e-06
 1.66574e-06
 1.64650e-06
 1.61187e-06
 1.55367e-06
 1.46378e-06
 1.33389e-06
 1.19938e-06
 1.11784e-06
 1.07580e-06
 1.05759e-06
 1.05167e-06
 1.05114e-06
 1.78411e-06
 1.75085e-06
 1.72501e-06
 1.70643e-06
 1.69436e-06
 1.68754e-06
 1.68442e-06
 1.68336e-06
 1.68314e-06
 1.68318e-06
 1.68273e-06
 1.68061e-06
 1.67569e-06
 1.66574e-06
 1.64650e-06
 1.61187e-06
 1.55367e-06
 1.46378e-06
 1.33389e-06
 1.19938e-06
 1.11784e-06
 1.07580e-06
 1.05759e-06
 1.05167e-06
 1.05114e-06
 1.78411e-06
 1.75085e-06
 1.72501e-06
 1.70643e-06
 1.69436e-06
 1.68754e-06
 1.68442e-06
 1.68336e-06
 1.68314e-06
 1.68318e-06
 1.68273e-06
 1.68061e-06
 1.67569e-06
 1.66574e-06
 1.64650e-06
 1.61187e-06
 1.55367e-06
 1.46378e-06
 1.33389e-06
 1.19938e-06
 1.11784e-06
 1.07580e-06
 1.05759e-06
 1.05167e-06
 1.05114e-06
 1.78411e-06
 1.75085e-06
 1.72501e-06
 1.70643e-06
 1.69436e-06
 1.68754e-06
 1.68442e-06
 1.68336e-06
 1.68314e-06
 1.68318e-06
 1.68273e-06
 1.68061e-06
 1.67569e-06
 1.66574e-06
 1.64650e-06
 1.61187e-06
 1.55367e-06
 1.46378e-06
 1.33389e-06
 1.19938e-06
 1.11784e-06
 1.07580e-06
 1.05759e-06
 1.05167e-06
 1.05114e-06
 1.78411e-06
 1.75085e-06
 1.72501e-06
 1.70643e-06
 1.69436e-06
 1.68754e-06
 1.68442e-06
 1.68336e-06
 1.68314e-06
 1.68318e-06
 1.68273e-06
 1.68061e-06
 1.67569e-06
 1.66574e-06
 1.64650e-06
 1.61187e-06
 1.55367e-06
 1.46378e-06
 1.33389e-06
 1.19938e-06
 1.11784e-06
 1.07580e-06
 1.05759e-06
 1.05167e-06
 1.05114e-06
 1.78411e-06
 1.75085e-06
 1.72501e-06
 1.70643e-06
 1.69436e-06
 1.68754e-06
 1.68442e-06
 1.68336e-06
 1.68314e-06
 1.68318e-06
 1.68273e-06
 1.68061e-06
 1.67569e-06
 1.66574e-06
 1.64650e-06
 1.61187e-06
 1.55367e-06
 1.46378e-06
 1.33389e-06
 1.19938e-06
 1.11784e-06
 1.07580e-06
 1.05759e-06
 1.05167e-06
 1.05114e-06
 1.78411e-06
 1.75085e-06
 1.72501e-06
 1.70643e-06
 1.69436e-06
 1.68754e-06
 1.68442e-06
 1.68336e-06
 1.68314e-06
 1.68318e-06
 1.68273e-06
 1.68061e-06
 1.67569e-06
 1.66574e-06
 1.64650e-06
 1.61187e-06
 1.55367e-06
 1.46378e-06
 1.33389e-06
 1.19938e-06
 1.11784e-06
 1.07580e-06
 1.05759e-06
 1.05167e-06
 1.05114e-06
 1.78411e-06
 1.75085e-06
 1.72501e-06
 1.70643e-06
 1.69436e-06
 1.68754e-06
 1.68442e-06
 1.68336e-06
 1.68314e-06
 1.68318e-06
 1.68273e-06
 1.68061e-06
 1.67569e-06
 1.66574e-06
 1.64650e-06
 1.61187e-06
 1.55367e-06
 1.46378e-06
 1.33389e-06
 1.19938e-06
 1.11784e-06
 1.07580e-06
 1.05759e-06
 1.05167e-06
 1.05114e-06
part
         4
hexa8
 1.05246e-06
 1.05395e-06
 1.05467e-06
 1.05371e-06
 1.04963e-06
 1.03991e-06
 1.02048e-06
 9.85705e-07
 9.29943e-07
 8.51682e-07
 7.58031e-07
 6.64129e-07
 5.87537e-07
 5.37821e-07
 5.12821e-07
 5.03587e-07
 5.00911e-07
 5.00223e-07
 5.00053e-07
 5.00013e-07
 5.00003e-07
 5.00001e-07
 5.00000e-07
 5.00000e-07
 5.00000e-07
 1.05246e-06
 1.05395e-06
 1.05467e-06
 1.05371e-06
 1.04963e-06
 1.03991e-06
 1.02048e-06
 9.85705e-07
 9.29943e-07
 8.51682e-07
 7.58031e-07
 6.64129e-07
 5.87537e-07
 5.37821e-07
 5.12821e-07
 5.03587e-07
 5.00911e-07
 5.00223e-07
 5.00053e-07
 5.00013e-07
 5.00003e-07
 5.00001e-07
 5.00000e-07
 5.00000e-07
 5.00000e-07
 1.05246e-06
 1.05395e-06
 1.05467e-06
 1.05371e-06
 1.04963e-06
 1.03991e-06
 1.02048e-06
 9.85705e-07
 9.29943e-07
 8.51682e-07
 7.58031e-07
 6.64129e-07
 5.87537e-07
 5.37821e-07
 5.12821e-07
 5.03587e-07
 5.00911e-07
 5.00223e-07
 5.00053e-07
 5.00013e-07
 5.00003e-07
 5.00001e-07
 5.00000e-07
 5.00000e-07
 5.00000e-07
 1.05246e-06
 1.05395e-06
 1.05467e-06
 1.05371e-06
 1.04963e-06
 1.03991e-06
 1.02048e-06
 9.85705e-07
 9.29943e-07
 8.51682e-07
 7.58031e-07
 6.64129e-07
 5.87537e-07
 5.37821e-07
 5.12821e-07
 5.03587e-07
 5.00911e-07
 5.00223e-07
 5.00053e-07
 5.00013e-07
 5.00003e-07
 5.00001e-07
 5.00000e-07
 5.00000e-07
 5.00000e-07
 1.05246e-06
 1.05395e-06
 1.05467e-06
 1.05371e-06
 1.04963e-06
 1.03991e-06
 1.02048e-06
 9.85705e-07
 9.29943e-07
 8.51682e-07
 7.58031e-07
 6.64129e-07
 5.87537e-07
 5.37821e-07
 5.12821e-07
 5.03587e-07
 5.00911e-07
 5.00223e-07
 5.00053e-07
 5.00013e-07
 5.00003e-07
 5.00001e-07
 5.00000e-07
 5.00000e-07
 5.00000e-07
 1.05246e-06
 1.05395e-06
 1.05467e-06
 1.05371e-06
 1.04963e-06
 1.03991e-06
 1.02048e-06
 9.85705e-07
 9.29943e-07
 8.51682e-07
 7.58031e-07
 6.64129e-07
 5.87537e-07
 5.37821e-07
 5.12821e-07
 5.03587e-07
 5.00911e-07
 5.00223e-07
 5.00053e-07
 5.00013e-07
 5.00003e-07
 5.00001e-07
 5.00000e-07
 5.00000e-07
 5.00000e-07
 1.05246e-06
 1.05395e-06
 1.05467e-06
 1.05371e-06
 1.04963e-06
 1.03991e-06
 1.02048e-06
 9.85705e-07
 9.29943e-07
 8.51682e-07
 7.58031e-07
 6.64129e-07
 5.87537e-07
 5.37821e-07
 5.12821e-07
 5.03587e-07
 5.00911e-07
 5.00223e-07
 5.00053e-07
 5.00013e-07
 5.00003e-07
 5.00001e-07
 5.00000e-07
 5.00000e-07
 5.00000e-07
 1.05246e-06
 1.05395e-06
 1.05467e-06
 1.05371e-06
 1.04963e-06
 1.03991e-06
 1.02048e-06
 9.85705e-07
 9.29943e-07
 8.51682e-07
 7.58031e-07
 6.64129e-07
 5.87537e-07
 5.37821e-07
 5.12821e-07
 5.03587e-07
 5.00911e-07
 5.00223e-07
 5.00053e-07
 5.00013e-07
 5.00003e-07
 5.00001e-07
 5.00000e-07
 5.00000e-07
 5.00000e-07
 1.05246e-06
 1.05395e-06
 1.05467e-06
 1.05371e-06
 1.04963e-06
 1.03991e-06
 1.02048e-06
 9.85705e-07
 9.29943e-07
 8.51682e-07
 7.58031e-07
 6.64129e-07
 5.87537e-07
 5.37821e-07
 5.12821e-07
 5.03587e-07
 5.00911e-07
 5.00223e-07
 5.00053e-07
 5.00013e-07
 5.00003e-07
 5.00001e-07
 5.00000e-07
 5.00000e-07
 5.00000e-07
 1.05246e-06
 1.05395e-06
 1.05467e-06
 1.05371e-06
 1.04963e-06
 1.03991e-06
 1.02048e-06
 9.85705e-07
 9.29943e-07
 8.51682e-07
 7.58031e-07
 6.64129e-07
 5.87537e-07
 5.37821e-07
 5.12821e-07
 5.03587e-07
 5.00911e-07
 5.00223e-07
 5.00053e-07
 5.00013e-07
 5.00003e-07
 5.00001e-07
 5.00000e-07
 5.00000e-07
 5.00000e-07
 1.05246e-06
 1.05395e-06
 1.05467e-06
 1.05371e-06
 1.04963e-06
 1.03991e-06
 1.02048e-06
 9.85705e-07
 9.29943e-07
 8.51682e-07
 7.58031e-07
 6.64129e-07
 5.87537e-07
 5.37821e-07
 5.12821e-07
 5.03587e-07
 5.00911e-07
 5.00223e-07
 5.00053e-07
 5.00013e-07
 5.00003e-07
 5.00001e-07
 5.00000e-07
 5.00000e-07
 5.00000e-07
 1.05246e-06
 1.05395e-06
 1.05467e-06
 1.05371e-06
 1.04963e-06
 1.03991e-06
 1.02048e-06
 9.85705e-07
 9.29943e-07
 8.51682e-07
 7.58031e-07
 6.64129e-07
 5.87537e-07
 5.37821e-07
 5.12821e-07
 5.03587e-07
 5.00911e-07
 5.00223e-07
 5.00053e-07
 5.00013e-07
 5.00003e-07
 5.00001e-07
 5.00000e-07
 5.00000e-07
 5.00000e-07
 1.05246e-06
 1.05395e-06
 1.05467e-06
 1.05371e-06
 1.04963e-06
 1.03991e-06
 1.02048e-06
 9.85705e-07
 9.29943e-07
 8.51682e-07
 7.58031e-07
 6.64129e-07
 5.87537e-07
 5.37821e-07
 5.12821e-07
 5.03587e-07
 5.00911e-07
 5.00223e-07
 5.00053e-07
 5.00013e-07
 5.00003e-07
 5.00001e-07
 5.00000e-07
 5.00000e-07
 5.00000e-07
 1.05246e-06
 1.05395e-06
 1.05467e-06
 1.05371e-06
 1.04963e-06
 1.03991e-06
 1.02048e-06
 9.85705e-07
 9.29943e-07
 8.51682e-07
 7.58031e-07
 6.64129e-07
 5.87537e-07
 5.37821e-07
 5.12821e-07
 5.03587e-07
 5.00911e-07
 5.00223e-07
 5.00053e-07
 5.00013e-07
 5.00003e-07
 5.00001e-07
 5.00000e-07
 5.00000e-07
 5.00000e-07
 1.05246e-06
 1.05395e-06
 1.05467e-06
 1.05371e-06
 1.04963e-06
 1.03991e-06
 1.02048e-06
 9.85705e-07
 9.29943e-07
 8.51682e-07
 7.58031e-07
 6.64129e-07
 5.87537e-07
 5.37821e-07
 5.12821e-07
 5.03587e-07
 5.00911e-07
 5.00223e-07
 5.00053e-07
 5.00013e-07
 5.00003e-07
 5.00001e-07
 5.00000e-07
 5.00000e-07
 5.00000e-07
 1.05246e-06
 1.05395e-06
 1.05467e-06
 1.05371e-06
 1.04963e-06
 1.03991e-06
 1.02048e-06
 9.85705e-07
 9.29943e-07
 8.51682e-07
 7.58031e-07
 6.64129e-07
 5.87537e-07
 5.37821e-07
 5.12821e-07
 5.03587e-07
 5.00911e-07
 5.00223e-07
 5.00053e-07
 5.00013e-07
 5.00003e-07
 5.00001e-07
 5.00000e-07
 5.00000e-07
 5.00000e-07
 1.05246e-06
 1.05395e-06
 1.05467e-06
 1.05371e-06
 1.04963e-06
 1.03991e-06
 1.02048e-06
 9.85705e-07
 9.29943e-07
 8.51682e-07
 7.58031e-07
 6.64129e-07
 5.87537e-07
 5.37821e-07
 5.12821e-07
 5.03587e-07
 5.00911e-07
 5.00223e-07
 5.00053e-07
 5.00013e-07
 5.00003e-07
 5.00001e-07
 5.00000e-07
 5.00000e-07
 5.00000e-07
 1.05246e-06
 1.05395e-06
 1.05467e-06
 1.05371e-06
 1.04963e-06
 1.03991e-06
 1.02048e-06
 9.85705e-07
 9.29943e-07
 8.51682e-07
 7.58031e-07
 6.64129e-07
 5.87537e-07
 5.37821e-07
 5.12821e-07
 5.03587e-07
 5.00911e-07
 5.00223e-07
 5.00053e-07
 5.00013e-07
 5.00003e-07
 5.00001e-07
 5.00000e-07
 5.00000e-07
 5.00000e-07
 1.05246e-06
 1.05395e-06
 1.05467e-06
 1.05371e-06
 1.04963e-06
 1.03991e-06
 1.02048e-06
 9.85705e-07
 9.29943e-07
 8.51682e-07
 7.58031e-07
 6.64129e-07
 5.87537e-07
 5.37821e-07
 5.12821e-07
 5.03587e-07
 5.00911e-07
 5.00223e-07
 5.00053e-07
 5.00013e-07
 5.00003e-07
 5.00001e-07
 5.00000e-07
 5.00000e-07
 5.00000e-07
 1.05246e-06
 1.05395e-06
 1.05467e-06
 1.05371e-06
 1.04963e-06
 1.03991e-06
 1.02048e-06
 9.85705e-07
 9.29943e-07
 8.51682e-07
 7.58031e-07
 6.64129e-07
 5.87537e-07
 5.37821e-07
 5.12821e-07
 5.03587e-07
 5.00911e-07
 5.00223e-07
 5.00053e-07
 5.00013e-07
 5.00003e-07
 5.00001e-07
 5.00000e-07
 5.00000e-07
 5.00000e-07
 1.05246e-06
 1.05395e-06
 1.05467e-06
 1.05371e-06
 1.04963e-06
 1.03991e-06
 1.02048e-06
 9.85705e-07
 9.29943e-07
 8.51682e-07
 7.58031e-07
 6.64129e-07
 5.87537e-07
 5.37821e-07
 5.12821e-07
 5.03587e-07
 5.00911e-07
 5.00223e-07
 5.00053e-07
 5.00013e-07
 5.00003e-07
 5.00001e-07
 5.00000e-07
 5.00000e-07
 5.00000e-07
 1.05246e-06
 1.05395e-06
 1.05467e-06
 1.05371e-06
 1.04963e-06
 1.03991e-06
 1.02048e-06
 9.85705e-07
 9.29943e-07
 8.51682e-07
 7.58031e-07
 6.64129e-07
 5.87537e-07
 5.37821e-07
 5.12821e-07
 5.03587e-07
 5.00911e-07
 5.00223e-07
 5.00053e-07
 5.00013e-07
 5.00003e-07
 5.00001e-07
 5.00000e-07
 5.00000e-07
 5.00000e-07
 1.05246e-06
 1.05395e-06
 1.05467e-06
 1.05371e-06
 1.04963e-06
 1.03991e-06
 1.02048e-06
 9.85705e-07
 9.29943e-07
 8.51682e-07
 7.58031e-07
 6.64129e-07
 5.87537e-07
 5.37821e-07
 5.12821e-07
 5.03587e-07
 5.00911e-07
 5.00223e-07
 5.00053e-07
 5.00013e-07
 5.00003e-07
 5.00001e-07
 5.00000e-07
 5.00000e-07
 5.00000e-07
 1.05246e-06
 1.05395e-06
 1.05467e-06
 1.05371e-06
 1.04963e-06
 1.03991e-06
 1.02048e-06
 9.85705e-07
 9.29943e-07
 8.51682e-07
 7.58031e-07
 6.64129e-07
 5.87537e-07
 5.37821e-07
 5.12821e-07
 5.03587e-07
 5.00911e-07
 5.00223e-07
 5.00053e-07
 5.00013e-07
 5.00003e-07
 5.00001e-07
 5.00000e-07
 5.00000e-07
 5.00000e-07
 1.05246e-06
 1.05395e-06
 1.05467e-06
 1.05371e-06
 1.04963e-06
 1.03991e-06
 1.02048e-06
 9.85705e-07
 9.29943e-07
 8.51682e-07
 7.58031e-07
 6.64129e-07
 5.87537e-07
 5.37821e-07
 5.12821e-07
 5.03587e-07
 5.00911e-07
 5.00223e-07
 5.00053e-07
 5.00013e-07
 5.00003e-07
 5.00001e-07
 5.00000e-07
 5.00000e-07
 5.00000e-07
