CellMass
part
         1
hexa8
 4.00000e-06
 4.00000e-06
 4.00000e-06
 4.00000e-06
 4.00000e-06
 4.00000e-06
 4.00000e-06
 4.00000e-06
 4.00000e-06
 4.00000e-06
 4.00000e-06
 4.00000e-06
 4.00000e-06
 4.00000e-06
 4.00000e-06
 4.00000e-06
 4.00000e-06
 4.00000e-06
 4.00000e-06
 4.00000e-06
 4.00000e-06
 4.00000e-06
 4.00000e-06
 4.00000e-06
 4.00000e-06
 4.00000e-06
 4.00000e-06
 4.00000e-06
 4.00000e-06
 4.00000e-06
 4.00000e-06
 4.00000e-06
 4.00000e-06
 4.00000e-06
 4.00000e-06
 4.00000e-06
 4.00000e-06
 4.00000e-06
 4.00000e-06
 4.00000e-06
 4.00000e-06
 4.00000e-06
 4.00000e-06
 4.00000e-06
 4.00000e-06
 4.00000e-06
 4.00000e-06
 4.00000e-06
 4.00000e-06
 4.00000e-06
 4.00000e-06
 4.00000e-06
 4.00000e-06
 4.00000e-06
 4.00000e-06
 4.00000e-06
 4.00000e-06
 4.00000e-06
 4.00000e-06
 4.00000e-06
 4.00000e-06
 4.00000e-06
 4.00000e-06
 4.00000e-06
 4.00000e-06
 4.00000e-06
 4.00000e-06
 4.00000e-06
 4.00000e-06
 4.00000e-06
 4.00000e-06
 4.00000e-06
 4.00000e-06
 4.00000e-06
 4.00000e-06
 4.00000e-06
 4.00000e-06
 4.00000e-06
 4.00000e-06
 4.00000e-06
 4.00000e-06
 4.00000e-06
 4.00000e-06
 4.00000e-06
 4.00000e-06
 4.00000e-06
 4.00000e-06
 4.00000e-06
 4.00000e-06
 4.00000e-06
 3.99999e-06
 3.99999e-06
 3.99999e-06
 3.99999e-06
 3.99999e-06
 3.99994e-06
 3.99994e-06
 3.99994e-06
 3.99994e-06
 3.99994e-06
 3.99974e-06
 3.99974e-06
 3.99974e-06
 3.99974e-06
 3.99974e-06
 3.99894e-06
 3.99894e-06
 3.99894e-06
 3.99894e-06
 3.99894e-06
 3.99618e-06
 3.99618e-06
 3.99618e-06
 3.99618e-06
 3.99618e-06
 3.98811e-06
 3.98811e-06
 3.98811e-06
 3.98811e-06
 3.98811e-06
 3.96844e-06
 3.96844e-06
 3.96844e-06
 3.96844e-06
 3.96844e-06
 4.00000e-06
 4.00000e-06
 4.00000e-06
 4.00000e-06
 4.00000e-06
 4.00000e-06
 4.00000e-06
 4.00000e-06
 4.00000e-06
 4.00000e-06
 4.00000e-06
 4.00000e-06
 4.00000e-06
 4.00000e-06
 4.00000e-06
 4.00000e-06
 4.00000e-06
 4.00000e-06
 4.00000e-06
 4.00000e-06
 4.00000e-06
 4.00000e-06
 4.00000e-06
 4.00000e-06
 4.00000e-06
 4.00000e-06
 4.00000e-06
 4.00000e-06
 4.00000e-06
 4.00000e-06
 4.00000e-06
 4.00000e-06
 4.00000e-06
 4.00000e-06
 4.00000e-06
 4.00000e-06
 4.00000e-06
 4.00000e-06
 4.00000e-06
 4.00000e-06
 4.00000e-06
 4.00000e-06
 4.00000e-06
 4.00000e-06
 4.00000e-06
 4.00000e-06
 4.00000e-06
 4.00000e-06
 4.00000e-06
 4.00000e-06
 4.00000e-06
 4.00000e-06
 4.00000e-06
 4.00000e-06
 4.00000e-06
 4.00000e-06
 4.00000e-06
 4.00000e-06
 4.00000e-06
 4.00000e-06
 4.00000e-06
 4.00000e-06
 4.00000e-06
 4.00000e-06
 4.00000e-06
 4.00000e-06
 4.00000e-06
 4.00000e-06
 4.00000e-06
 4.00000e-06
 4.00000e-06
 4.00000e-06
 4.00000e-06
 4.00000e-06
 4.00000e-06
 4.00000e-06
 4.00000e-06
 4.00000e-06
 4.00000e-06
 4.00000e-06
 4.00000e-06
 4.00000e-06
 4.00000e-06
 4.00000e-06
 4.00000e-06
 4.00000e-06
 4.00000e-06
 4.00000e-06
 4.00000e-06
 4.00000e-06
 3.99999e-06
 3.99999e-06
 3.99999e-06
 3.99999e-06
 3.99999e-06
 3.99994e-06
 3.99994e-06
 3.99994e-06
 3.99994e-06
 3.99994e-06
 3.99974e-06
 3.99974e-06
 3.99974e-06
 3.99974e-06
 3.99974e-06
 3.99894e-06
 3.99894e-06
 3.99894e-06
 3.99894e-06
 3.99894e-06
 3.99618e-06
 3.99618e-06
 3.99618e-06
 3.99618e-06
 3.99618e-06
 3.98811e-06
 3.98811e-06
 3.98811e-06
 3.98811e-06
 3.98811e-06
 3.96844e-06
 3.96844e-06
 3.96844e-06
 3.96844e-06
 3.96844e-06
 4.00000e-06
 4.00000e-06
 4.00000e-06
 4.00000e-06
 4.00000e-06
 4.00000e-06
 4.00000e-06
 4.00000e-06
 4.00000e-06
 4.00000e-06
 4.00000e-06
 4.00000e-06
 4.00000e-06
 4.00000e-06
 4.00000e-06
 4.00000e-06
 4.00000e-06
 4.00000e-06
 4.00000e-06
 4.00000e-06
 4.00000e-06
 4.00000e-06
 4.00000e-06
 4.00000e-06
 4.00000e-06
 4.00000e-06
 4.00000e-06
 4.00000e-06
 4.00000e-06
 4.00000e-06
 4.00000e-06
 4.00000e-06
 4.00000e-06
 4.00000e-06
 4.00000e-06
 4.00000e-06
 4.00000e-06
 4.00000e-06
 4.00000e-06
 4.00000e-06
 4.00000e-06
 4.00000e-06
 4.00000e-06
 4.00000e-06
 4.00000e-06
 4.00000e-06
 4.00000e-06
 4.00000e-06
 4.00000e-06
 4.00000e-06
 4.00000e-06
 4.00000e-06
 4.00000e-06
 4.00000e-06
 4.00000e-06
 4.00000e-06
 4.00000e-06
 4.00000e-06
 4.00000e-06
 4.00000e-06
 4.00000e-06
 4.00000e-06
 4.00000e-06
 4.00000e-06
 4.00000e-06
 4.00000e-06
 4.00000e-06
 4.00000e-06
 4.00000e-06
 4.00000e-06
 4.00000e-06
 4.00000e-06
 4.00000e-06
 4.00000e-06
 4.00000e-06
 4.00000e-06
 4.00000e-06
 4.00000e-06
 4.00000e-06
 4.00000e-06
 4.00000e-06
 4.00000e-06
 4.00000e-06
 4.00000e-06
 4.00000e-06
 4.00000e-06
 4.00000e-06
 4.00000e-06
 4.00000e-06
 4.00000e-06
 3.99999e-06
 3.99999e-06
 3.99999e-06
 3.99999e-06
 3.99999e-06
 3.99994e-06
 3.99994e-06
 3.99994e-06
 3.99994e-06
 3.99994e-06
 3.99974e-06
 3.99974e-06
 3.99974e-06
 3.99974e-06
 3.99974e-06
 3.99894e-06
 3.99894e-06
 3.99894e-06
 3.99894e-06
 3.99894e-06
 3.99618e-06
 3.99618e-06
 3.99618e-06
 3.99618e-06
 3.99618e-06
 3.98811e-06
 3.98811e-06
 3.98811e-06
 3.98811e-06
 3.98811e-06
 3.96844e-06
 3.96844e-06
 3.96844e-06
 3.96844e-06
 3.96844e-06
 4.00000e-06
 4.00000e-06
 4.00000e-06
 4.00000e-06
 4.00000e-06
 4.00000e-06
 4.00000e-06
 4.00000e-06
 4.00000e-06
 4.00000e-06
 4.00000e-06
 4.00000e-06
 4.00000e-06
 4.00000e-06
 4.00000e-06
 4.00000e-06
 4.00000e-06
 4.00000e-06
 4.00000e-06
 4.00000e-06
 4.00000e-06
 4.00000e-06
 4.00000e-06
 4.00000e-06
 4.00000e-06
 4.00000e-06
 4.00000e-06
 4.00000e-06
 4.00000e-06
 4.00000e-06
 4.00000e-06
 4.00000e-06
 4.00000e-06
 4.00000e-06
 4.00000e-06
 4.00000e-06
 4.00000e-06
 4.00000e-06
 4.00000e-06
 4.00000e-06
 4.00000e-06
 4.00000e-06
 4.00000e-06
 4.00000e-06
 4.00000e-06
 4.00000e-06
 4.00000e-06
 4.00000e-06
 4.00000e-06
 4.00000e-06
 4.00000e-06
 4.00000e-06
 4.00000e-06
 4.00000e-06
 4.00000e-06
 4.00000e-06
 4.00000e-06
 4.00000e-06
 4.00000e-06
 4.00000e-06
 4.00000e-06
 4.00000e-06
 4.00000e-06
 4.00000e-06
 4.00000e-06
 4.00000e-06
 4.00000e-06
 4.00000e-06
 4.00000e-06
 4.00000e-06
 4.00000e-06
 4.00000e-06
 4.00000e-06
 4.00000e-06
 4.00000e-06
 4.00000e-06
 4.00000e-06
 4.00000e-06
 4.00000e-06
 4.00000e-06
 4.00000e-06
 4.00000e-06
 4.00000e-06
 4.00000e-06
 4.00000e-06
 4.00000e-06
 4.00000e-06
 4.00000e-06
 4.00000e-06
 4.00000e-06
 3.99999e-06
 3.99999e-06
 3.99999e-06
 3.99999e-06
 3.99999e-06
 3.99994e-06
 3.99994e-06
 3.99994e-06
 3.99994e-06
 3.99994e-06
 3.99974e-06
 3.99974e-06
 3.99974e-06
 3.99974e-06
 3.99974e-06
 3.99894e-06
 3.99894e-06
 3.99894e-06
 3.99894e-06
 3.99894e-06
 3.99618e-06
 3.99618e-06
 3.99618e-06
 3.99618e-06
 3.99618e-06
 3.98811e-06
 3.98811e-06
 3.98811e-06
 3.98811e-06
 3.98811e-06
 3.96844e-06
 3.96844e-06
 3.96844e-06
 3.96844e-06
 3.96844e-06
 4.00000e-06
 4.00000e-06
 4.00000e-06
 4.00000e-06
 4.00000e-06
 4.00000e-06
 4.00000e-06
 4.00000e-06
 4.00000e-06
 4.00000e-06
 4.00000e-06
 4.00000e-06
 4.00000e-06
 4.00000e-06
 4.00000e-06
 4.00000e-06
 4.00000e-06
 4.00000e-06
 4.00000e-06
 4.00000e-06
 4.00000e-06
 4.00000e-06
 4.00000e-06
 4.00000e-06
 4.00000e-06
 4.00000e-06
 4.00000e-06
 4.00000e-06
 4.00000e-06
 4.00000e-06
 4.00000e-06
 4.00000e-06
 4.00000e-06
 4.00000e-06
 4.00000e-06
 4.00000e-06
 4.00000e-06
 4.00000e-06
 4.00000e-06
 4.00000e-06
 4.00000e-06
 4.00000e-06
 4.00000e-06
 4.00000e-06
 4.00000e-06
 4.00000e-06
 4.00000e-06
 4.00000e-06
 4.00000e-06
 4.00000e-06
 4.00000e-06
 4.00000e-06
 4.00000e-06
 4.00000e-06
 4.00000e-06
 4.00000e-06
 4.00000e-06
 4.00000e-06
 4.00000e-06
 4.00000e-06
 4.00000e-06
 4.00000e-06
 4.00000e-06
 4.00000e-06
 4.00000e-06
 4.00000e-06
 4.00000e-06
 4.00000e-06
 4.00000e-06
 4.00000e-06
 4.00000e-06
 4.00000e-06
 4.00000e-06
 4.00000e-06
 4.00000e-06
 4.00000e-06
 4.00000e-06
 4.00000e-06
 4.00000e-06
 4.00000e-06
 4.00000e-06
 4.00000e-06
 4.00000e-06
 4.00000e-06
 4.00000e-06
 4.00000e-06
 4.00000e-06
 4.00000e-06
 4.00000e-06
 4.00000e-06
 3.99999e-06
 3.99999e-06
 3.99999e-06
 3.99999e-06
 3.99999e-06
 3.99994e-06
 3.99994e-06
 3.99994e-06
 3.99994e-06
 3.99994e-06
 3.99974e-06
 3.99974e-06
 3.99974e-06
 3.99974e-06
 3.99974e-06
 3.99894e-06
 3.99894e-06
 3.99894e-06
 3.99894e-06
 3.99894e-06
 3.99618e-06
 3.99618e-06
 3.99618e-06
 3.99618e-06
 3.99618e-06
 3.98811e-06
 3.98811e-06
 3.98811e-06
 3.98811e-06
 3.98811e-06
 3.96844e-06
 3.96844e-06
 3.96844e-06
 3.96844e-06
 3.96844e-06
part
         2
hexa8
 3.92914e-06
 3.92914e-06
 3.92914e-06
 3.92914e-06
 3.92914e-06
 3.86524e-06
 3.86524e-06
 3.86524e-06
 3.86524e-06
 3.86524e-06
 3.77887e-06
 3.77887e-06
 3.77887e-06
 3.77887e-06
 3.77887e-06
 3.67713e-06
 3.67713e-06
 3.67713e-06
 3.67713e-06
 3.67713e-06
 3.56704e-06
 3.56704e-06
 3.56704e-06
 3.56704e-06
 3.56704e-06
 3.45317e-06
 3.45317e-06
 3.45317e-06
 3.45317e-06
 3.45317e-06
 3.33814e-06
 3.33814e-06
 3.33814e-06
 3.33814e-06
 3.33814e-06
 3.22359e-06
 3.22359e-06
 3.22359e-06
 3.22359e-06
 3.22359e-06
 3.11046e-06
 3.11046e-06
 3.11046e-06
 3.11046e-06
 3.11046e-06
 2.99911e-06
 2.99911e-06
 2.99911e-06
 2.99911e-06
 2.99911e-06
 2.88956e-06
 2.88956e-06
 2.88956e-06
 2.88956e-06
 2.88956e-06
 2.78163e-06
 2.78163e-06
 2.78163e-06
 2.78163e-06
 2.78163e-06
 2.67589e-06
 2.67589e-06
 2.67589e-06
 2.67589e-06
 2.67589e-06
 2.57652e-06
 2.57652e-06
 2.57652e-06
 2.57652e-06
 2.57652e-06
 2.48226e-06
 2.48226e-06
 2.48226e-06
 2.48226e-06
 2.48226e-06
 2.39071e-06
 2.39071e-06
 2.39071e-06
 2.39071e-06
 2.39071e-06
 2.30359e-06
 2.30359e-06
 2.30359e-06
 2.30359e-06
 2.30359e-06
 2.22277e-06
 2.22277e-06
 2.22277e-06
 2.22277e-06
 2.22277e-06
 2.14175e-06
 2.14175e-06
 2.14175e-06
 2.14175e-06
 2.14175e-06
 2.06439e-06
 2.06439e-06
 2.06439e-06
 2.06439e-06
 2.06439e-06
 1.99289e-06
 1.99289e-06
 1.99289e-06
 1.99289e-06
 1.99289e-06
 1.92439e-06
 1.92439e-06
 1.92439e-06
 1.92439e-06
 1.92439e-06
 1.86225e-06
 1.86225e-06
 1.86225e-06
 1.86225e-06
 1.86225e-06
 1.79792e-06
 1.79792e-06
 1.79792e-06
 1.79792e-06
 1.79792e-06
 1.75177e-06
 1.75177e-06
 1.75177e-06
 1.75177e-06
 1.75177e-06
 3.92914e-06
 3.92914e-06
 3.92914e-06
 3.92914e-06
 3.92914e-06
 3.86524e-06
 3.86524e-06
 3.86524e-06
 3.86524e-06
 3.86524e-06
 3.77887e-06
 3.77887e-06
 3.77887e-06
 3.77887e-06
 3.77887e-06
 3.67713e-06
 3.67713e-06
 3.67713e-06
 3.67713e-06
 3.67713e-06
 3.56704e-06
 3.56704e-06
 3.56704e-06
 3.56704e-06
 3.56704e-06
 3.45317e-06
 3.45317e-06
 3.45317e-06
 3.45317e-06
 3.45317e-06
 3.33814e-06
 3.33814e-06
 3.33814e-06
 3.33814e-06
 3.33814e-06
 3.22359e-06
 3.22359e-06
 3.22359e-06
 3.22359e-06
 3.22359e-06
 3.11046e-06
 3.11046e-06
 3.11046e-06
 3.11046e-06
 3.11046e-06
 2.99911e-06
 2.99911e-06
 2.99911e-06
 2.99911e-06
 2.99911e-06
 2.88956e-06
 2.88956e-06
 2.88956e-06
 2.88956e-06
 2.88956e-06
 2.78163e-06
 2.78163e-06
 2.78163e-06
 2.78163e-06
 2.78163e-06
 2.67589e-06
 2.67589e-06
 2.67589e-06
 2.67589e-06
 2.67589e-06
 2.57652e-06
 2.57652e-06
 2.57652e-06
 2.57652e-06
 2.57652e-06
 2.48226e-06
 2.48226e-06
 2.48226e-06
 2.48226e-06
 2.48226e-06
 2.39071e-06
 2.39071e-06
 2.39071e-06
 2.39071e-06
 2.39071e-06
 2.30359e-06
 2.30359e-06
 2.30359e-06
 2.30359e-06
 2.30359e-06
 2.22277e-06
 2.22277e-06
 2.22277e-06
 2.22277e-06
 2.22277e-06
 2.14175e-06
 2.14175e-06
 2.14175e-06
 2.14175e-06
 2.14175e-06
 2.06439e-06
 2.06439e-06
 2.06439e-06
 2.06439e-06
 2.06439e-06
 1.99289e-06
 1.99289e-06
 1.99289e-06
 1.99289e-06
 1.99289e-06
 1.92439e-06
 1.92439e-06
 1.92439e-06
 1.92439e-06
 1.92439e-06
 1.86225e-06
 1.86225e-06
 1.86225e-06
 1.86225e-06
 1.86225e-06
 1.79792e-06
 1.79792e-06
 1.79792e-06
 1.79792e-06
 1.79792e-06
 1.75177e-06
 1.75177e-06
 1.75177e-06
 1.75177e-06
 1.75177e-06
 3.92914e-06
 3.92914e-06
 3.92914e-06
 3.92914e-06
 3.92914e-06
 3.86524e-06
 3.86524e-06
 3.86524e-06
 3.86524e-06
 3.86524e-06
 3.77887e-06
 3.77887e-06
 3.77887e-06
 3.77887e-06
 3.77887e-06
 3.67713e-06
 3.67713e-06
 3.67713e-06
 3.67713e-06
 3.67713e-06
 3.56704e-06
 3.56704e-06
 3.56704e-06
 3.56704e-06
 3.56704e-06
 3.45317e-06
 3.45317e-06
 3.45317e-06
 3.45317e-06
 3.45317e-06
 3.33814e-06
 3.33814e-06
 3.33814e-06
 3.33814e-06
 3.33814e-06
 3.22359e-06
 3.22359e-06
 3.22359e-06
 3.22359e-06
 3.22359e-06
 3.11046e-06
 3.11046e-06
 3.11046e-06
 3.11046e-06
 3.11046e-06
 2.99911e-06
 2.99911e-06
 2.99911e-06
 2.99911e-06
 2.99911e-06
 2.88956e-06
 2.88956e-06
 2.88956e-06
 2.88956e-06
 2.88956e-06
 2.78163e-06
 2.78163e-06
 2.78163e-06
 2.78163e-06
 2.78163e-06
 2.67589e-06
 2.67589e-06
 2.67589e-06
 2.67589e-06
 2.67589e-06
 2.57652e-06
 2.57652e-06
 2.57652e-06
 2.57652e-06
 2.57652e-06
 2.48226e-06
 2.48226e-06
 2.48226e-06
 2.48226e-06
 2.48226e-06
 2.39071e-06
 2.39071e-06
 2.39071e-06
 2.39071e-06
 2.39071e-06
 2.30359e-06
 2.30359e-06
 2.30359e-06
 2.30359e-06
 2.30359e-06
 2.22277e-06
 2.22277e-06
 2.22277e-06
 2.22277e-06
 2.22277e-06
 2.14175e-06
 2.14175e-06
 2.14175e-06
 2.14175e-06
 2.14175e-06
 2.06439e-06
 2.06439e-06
 2.06439e-06
 2.06439e-06
 2.06439e-06
 1.99289e-06
 1.99289e-06
 1.99289e-06
 1.99289e-06
 1.99289e-06
 1.92439e-06
 1.92439e-06
 1.92439e-06
 1.92439e-06
 1.92439e-06
 1.86225e-06
 1.86225e-06
 1.86225e-06
 1.86225e-06
 1.86225e-06
 1.79792e-06
 1.79792e-06
 1.79792e-06
 1.79792e-06
 1.79792e-06
 1.75177e-06
 1.75177e-06
 1.75177e-06
 1.75177e-06
 1.75177e-06
 3.92914e-06
 3.92914e-06
 3.92914e-06
 3.92914e-06
 3.92914e-06
 3.86524e-06
 3.86524e-06
 3.86524e-06
 3.86524e-06
 3.86524e-06
 3.77887e-06
 3.77887e-06
 3.77887e-06
 3.77887e-06
 3.77887e-06
 3.67713e-06
 3.67713e-06
 3.67713e-06
 3.67713e-06
 3.67713e-06
 3.56704e-06
 3.56704e-06
 3.56704e-06
 3.56704e-06
 3.56704e-06
 3.45317e-06
 3.45317e-06
 3.45317e-06
 3.45317e-06
 3.45317e-06
 3.33814e-06
 3.33814e-06
 3.33814e-06
 3.33814e-06
 3.33814e-06
 3.22359e-06
 3.22359e-06
 3.22359e-06
 3.22359e-06
 3.22359e-06
 3.11046e-06
 3.11046e-06
 3.11046e-06
 3.11046e-06
 3.11046e-06
 2.99911e-06
 2.99911e-06
 2.99911e-06
 2.99911e-06
 2.99911e-06
 2.88956e-06
 2.88956e-06
 2.88956e-06
 2.88956e-06
 2.88956e-06
 2.78163e-06
 2.78163e-06
 2.78163e-06
 2.78163e-06
 2.78163e-06
 2.67589e-06
 2.67589e-06
 2.67589e-06
 2.67589e-06
 2.67589e-06
 2.57652e-06
 2.57652e-06
 2.57652e-06
 2.57652e-06
 2.57652e-06
 2.48226e-06
 2.48226e-06
 2.48226e-06
 2.48226e-06
 2.48226e-06
 2.39071e-06
 2.39071e-06
 2.39071e-06
 2.39071e-06
 2.39071e-06
 2.30359e-06
 2.30359e-06
 2.30359e-06
 2.30359e-06
 2.30359e-06
 2.22277e-06
 2.22277e-06
 2.22277e-06
 2.22277e-06
 2.22277e-06
 2.14175e-06
 2.14175e-06
 2.14175e-06
 2.14175e-06
 2.14175e-06
 2.06439e-06
 2.06439e-06
 2.06439e-06
 2.06439e-06
 2.06439e-06
 1.99289e-06
 1.99289e-06
 1.99289e-06
 1.99289e-06
 1.99289e-06
 1.92439e-06
 1.92439e-06
 1.92439e-06
 1.92439e-06
 1.92439e-06
 1.86225e-06
 1.86225e-06
 1.86225e-06
 1.86225e-06
 1.86225e-06
 1.79792e-06
 1.79792e-06
 1.79792e-06
 1.79792e-06
 1.79792e-06
 1.75177e-06
 1.75177e-06
 1.75177e-06
 1.75177e-06
 1.75177e-06
 3.92914e-06
 3.92914e-06
 3.92914e-06
 3.92914e-06
 3.92914e-06
 3.86524e-06
 3.86524e-06
 3.86524e-06
 3.86524e-06
 3.86524e-06
 3.77887e-06
 3.77887e-06
 3.77887e-06
 3.77887e-06
 3.77887e-06
 3.67713e-06
 3.67713e-06
 3.67713e-06
 3.67713e-06
 3.67713e-06
 3.56704e-06
 3.56704e-06
 3.56704e-06
 3.56704e-06
 3.56704e-06
 3.45317e-06
 3.45317e-06
 3.45317e-06
 3.45317e-06
 3.45317e-06
 3.33814e-06
 3.33814e-06
 3.33814e-06
 3.33814e-06
 3.33814e-06
 3.22359e-06
 3.22359e-06
 3.22359e-06
 3.22359e-06
 3.22359e-06
 3.11046e-06
 3.11046e-06
 3.11046e-06
 3.11046e-06
 3.11046e-06
 2.99911e-06
 2.99911e-06
 2.99911e-06
 2.99911e-06
 2.99911e-06
 2.88956e-06
 2.88956e-06
 2.88956e-06
 2.88956e-06
 2.88956e-06
 2.78163e-06
 2.78163e-06
 2.78163e-06
 2.78163e-06
 2.78163e-06
 2.67589e-06
 2.67589e-06
 2.67589e-06
 2.67589e-06
 2.67589e-06
 2.57652e-06
 2.57652e-06
 2.57652e-06
 2.57652e-06
 2.57652e-06
 2.48226e-06
 2.48226e-06
 2.48226e-06
 2.48226e-06
 2.48226e-06
 2.39071e-06
 2.39071e-06
 2.39071e-06
 2.39071e-06
 2.39071e-06
 2.30359e-06
 2.30359e-06
 2.30359e-06
 2.30359e-06
 2.30359e-06
 2.22277e-06
 2.22277e-06
 2.22277e-06
 2.22277e-06
 2.22277e-06
 2.14175e-06
 2.14175e-06
 2.14175e-06
 2.14175e-06
 2.14175e-06
 2.06439e-06
 2.06439e-06
 2.06439e-06
 2.06439e-06
 2.06439e-06
 1.99289e-06
 1.99289e-06
 1.99289e-06
 1.99289e-06
 1.99289e-06
 1.92439e-06
 1.92439e-06
 1.92439e-06
 1.92439e-06
 1.92439e-06
 1.86225e-06
 1.86225e-06
 1.86225e-06
 1.86225e-06
 1.86225e-06
 1.79792e-06
 1.79792e-06
 1.79792e-06
 1.79792e-06
 1.79792e-06
 1.75177e-06
 1.75177e-06
 1.75177e-06
 1.75177e-06
 1.75177e-06
part
         3
hexa8
 1.73506e-06
 1.73506e-06
 1.73506e-06
 1.73506e-06
 1.73506e-06
 1.72121e-06
 1.72121e-06
 1.72121e-06
 1.72121e-06
 1.72121e-06
 1.69997e-06
 1.69997e-06
 1.69997e-06
 1.69997e-06
 1.69997e-06
 1.69270e-06
 1.69270e-06
 1.69270e-06
 1.69270e-06
 1.69270e-06
 1.69298e-06
 1.69298e-06
 1.69298e-06
 1.69298e-06
 1.69298e-06
 1.69516e-06
 1.69516e-06
 1.69516e-06
 1.69516e-06
 1.69516e-06
 1.70081e-06
 1.70081e-06
 1.70081e-06
 1.70081e-06
 1.70081e-06
 1.70396e-06
 1.70396e-06
 1.70396e-06
 1.70396e-06
 1.70396e-06
 1.70335e-06
 1.70335e-06
 1.70335e-06
 1.70335e-06
 1.70335e-06
 1.69959e-06
 1.69959e-06
 1.69959e-06
 1.69959e-06
 1.69959e-06
 1.69680e-06
 1.69680e-06
 1.69680e-06
 1.69680e-06
 1.69680e-06
 1.69774e-06
 1.69774e-06
 1.69774e-06
 1.69774e-06
 1.69774e-06
 1.69964e-06
 1.69964e-06
 1.69964e-06
 1.69964e-06
 1.69964e-06
 1.70154e-06
 1.70154e-06
 1.70154e-06
 1.70154e-06
 1.70154e-06
 1.69841e-06
 1.69841e-06
 1.69841e-06
 1.69841e-06
 1.69841e-06
 1.67913e-06
 1.67913e-06
 1.67913e-06
 1.67913e-06
 1.67913e-06
 1.62482e-06
 1.62482e-06
 1.62482e-06
 1.62482e-06
 1.62482e-06
 1.50872e-06
 1.50872e-06
 1.50872e-06
 1.50872e-06
 1.50872e-06
 1.29981e-06
 1.29981e-06
 1.29981e-06
 1.29981e-06
 1.29981e-06
 1.13417e-06
 1.13417e-06
 1.13417e-06
 1.13417e-06
 1.13417e-06
 1.07414e-06
 1.07414e-06
 1.07414e-06
 1.07414e-06
 1.07414e-06
 1.05387e-06
 1.05387e-06
 1.05387e-06
 1.05387e-06
 1.05387e-06
 1.04928e-06
 1.04928e-06
 1.04928e-06
 1.04928e-06
 1.04928e-06
 1.05039e-06
 1.05039e-06
 1.05039e-06
 1.05039e-06
 1.05039e-06
 1.05314e-06
 1.05314e-06
 1.05314e-06
 1.05314e-06
 1.05314e-06
 1.73506e-06
 1.73506e-06
 1.73506e-06
 1.73506e-06
 1.73506e-06
 1.72121e-06
 1.72121e-06
 1.72121e-06
 1.72121e-06
 1.72121e-06
 1.69997e-06
 1.69997e-06
 1.69997e-06
 1.69997e-06
 1.69997e-06
 1.69270e-06
 1.69270e-06
 1.69270e-06
 1.69270e-06
 1.69270e-06
 1.69298e-06
 1.69298e-06
 1.69298e-06
 1.69298e-06
 1.69298e-06
 1.69516e-06
 1.69516e-06
 1.69516e-06
 1.69516e-06
 1.69516e-06
 1.70081e-06
 1.70081e-06
 1.70081e-06
 1.70081e-06
 1.70081e-06
 1.70396e-06
 1.70396e-06
 1.70396e-06
 1.70396e-06
 1.70396e-06
 1.70335e-06
 1.70335e-06
 1.70335e-06
 1.70335e-06
 1.70335e-06
 1.69959e-06
 1.69959e-06
 1.69959e-06
 1.69959e-06
 1.69959e-06
 1.69680e-06
 1.69680e-06
 1.69680e-06
 1.69680e-06
 1.69680e-06
 1.69774e-06
 1.69774e-06
 1.69774e-06
 1.69774e-06
 1.69774e-06
 1.69964e-06
 1.69964e-06
 1.69964e-06
 1.69964e-06
 1.69964e-06
 1.70154e-06
 1.70154e-06
 1.70154e-06
 1.70154e-06
 1.70154e-06
 1.69841e-06
 1.69841e-06
 1.69841e-06
 1.69841e-06
 1.69841e-06
 1.67913e-06
 1.67913e-06
 1.67913e-06
 1.67913e-06
 1.67913e-06
 1.62482e-06
 1.62482e-06
 1.62482e-06
 1.62482e-06
 1.62482e-06
 1.50872e-06
 1.50872e-06
 1.50872e-06
 1.50872e-06
 1.50872e-06
 1.29981e-06
 1.29981e-06
 1.29981e-06
 1.29981e-06
 1.29981e-06
 1.13417e-06
 1.13417e-06
 1.13417e-06
 1.13417e-06
 1.13417e-06
 1.07414e-06
 1.07414e-06
 1.07414e-06
 1.07414e-06
 1.07414e-06
 1.05387e-06
 1.05387e-06
 1.05387e-06
 1.05387e-06
 1.05387e-06
 1.04928e-06
 1.04928e-06
 1.04928e-06
 1.04928e-06
 1.04928e-06
 1.05039e-06
 1.05039e-06
 1.05039e-06
 1.05039e-06
 1.05039e-06
 1.05314e-06
 1.05314e-06
 1.05314e-06
 1.05314e-06
 1.05314e-06
 1.73506e-06
 1.73506e-06
 1.73506e-06
 1.73506e-06
 1.73506e-06
 1.72121e-06
 1.72121e-06
 1.72121e-06
 1.72121e-06
 1.72121e-06
 1.69997e-06
 1.69997e-06
 1.69997e-06
 1.69997e-06
 1.69997e-06
 1.69270e-06
 1.69270e-06
 1.69270e-06
 1.69270e-06
 1.69270e-06
 1.69298e-06
 1.69298e-06
 1.69298e-06
 1.69298e-06
 1.69298e-06
 1.69516e-06
 1.69516e-06
 1.69516e-06
 1.69516e-06
 1.69516e-06
 1.70081e-06
 1.70081e-06
 1.70081e-06
 1.70081e-06
 1.70081e-06
 1.70396e-06
 1.70396e-06
 1.70396e-06
 1.70396e-06
 1.70396e-06
 1.70335e-06
 1.70335e-06
 1.70335e-06
 1.70335e-06
 1.70335e-06
 1.69959e-06
 1.69959e-06
 1.69959e-06
 1.69959e-06
 1.69959e-06
 1.69680e-06
 1.69680e-06
 1.69680e-06
 1.69680e-06
 1.69680e-06
 1.69774e-06
 1.69774e-06
 1.69774e-06
 1.69774e-06
 1.69774e-06
 1.69964e-06
 1.69964e-06
 1.69964e-06
 1.69964e-06
 1.69964e-06
 1.70154e-06
 1.70154e-06
 1.70154e-06
 1.70154e-06
 1.70154e-06
 1.69841e-06
 1.69841e-06
 1.69841e-06
 1.69841e-06
 1.69841e-06
 1.67913e-06
 1.67913e-06
 1.67913e-06
 1.67913e-06
 1.67913e-06
 1.62482e-06
 1.62482e-06
 1.62482e-06
 1.62482e-06
 1.62482e-06
 1.50872e-06
 1.50872e-06
 1.50872e-06
 1.50872e-06
 1.50872e-06
 1.29981e-06
 1.29981e-06
 1.29981e-06
 1.29981e-06
 1.29981e-06
 1.13417e-06
 1.13417e-06
 1.13417e-06
 1.13417e-06
 1.13417e-06
 1.07414e-06
 1.07414e-06
 1.07414e-06
 1.07414e-06
 1.07414e-06
 1.05387e-06
 1.05387e-06
 1.05387e-06
 1.05387e-06
 1.05387e-06
 1.04928e-06
 1.04928e-06
 1.04928e-06
 1.04928e-06
 1.04928e-06
 1.05039e-06
 1.05039e-06
 1.05039e-06
 1.05039e-06
 1.05039e-06
 1.05314e-06
 1.05314e-06
 1.05314e-06
 1.05314e-06
 1.05314e-06
 1.73506e-06
 1.73506e-06
 1.73506e-06
 1.73506e-06
 1.73506e-06
 1.72121e-06
 1.72121e-06
 1.72121e-06
 1.72121e-06
 1.72121e-06
 1.69997e-06
 1.69997e-06
 1.69997e-06
 1.69997e-06
 1.69997e-06
 1.69270e-06
 1.69270e-06
 1.69270e-06
 1.69270e-06
 1.69270e-06
 1.69298e-06
 1.69298e-06
 1.69298e-06
 1.69298e-06
 1.69298e-06
 1.69516e-06
 1.69516e-06
 1.69516e-06
 1.69516e-06
 1.69516e-06
 1.70081e-06
 1.70081e-06
 1.70081e-06
 1.70081e-06
 1.70081e-06
 1.70396e-06
 1.70396e-06
 1.70396e-06
 1.70396e-06
 1.70396e-06
 1.70335e-06
 1.70335e-06
 1.70335e-06
 1.70335e-06
 1.70335e-06
 1.69959e-06
 1.69959e-06
 1.69959e-06
 1.69959e-06
 1.69959e-06
 1.69680e-06
 1.69680e-06
 1.69680e-06
 1.69680e-06
 1.69680e-06
 1.69774e-06
 1.69774e-06
 1.69774e-06
 1.69774e-06
 1.69774e-06
 1.69964e-06
 1.69964e-06
 1.69964e-06
 1.69964e-06
 1.69964e-06
 1.70154e-06
 1.70154e-06
 1.70154e-06
 1.70154e-06
 1.70154e-06
 1.69841e-06
 1.69841e-06
 1.69841e-06
 1.69841e-06
 1.69841e-06
 1.67913e-06
 1.67913e-06
 1.67913e-06
 1.67913e-06
 1.67913e-06
 1.62482e-06
 1.62482e-06
 1.62482e-06
 1.62482e-06
 1.62482e-06
 1.50872e-06
 1.50872e-06
 1.50872e-06
 1.50872e-06
 1.50872e-06
 1.29981e-06
 1.29981e-06
 1.29981e-06
 1.29981e-06
 1.29981e-06
 1.13417e-06
 1.13417e-06
 1.13417e-06
 1.13417e-06
 1.13417e-06
 1.07414e-06
 1.07414e-06
 1.07414e-06
 1.07414e-06
 1.07414e-06
 1.05387e-06
 1.05387e-06
 1.05387e-06
 1.05387e-06
 1.05387e-06
 1.04928e-06
 1.04928e-06
 1.04928e-06
 1.04928e-06
 1.04928e-06
 1.05039e-06
 1.05039e-06
 1.05039e-06
 1.05039e-06
 1.05039e-06
 1.05314e-06
 1.05314e-06
 1.05314e-06
 1.05314e-06
 1.05314e-06
 1.73506e-06
 1.73506e-06
 1.73506e-06
 1.73506e-06
 1.73506e-06
 1.72121e-06
 1.72121e-06
 1.72121e-06
 1.72121e-06
 1.72121e-06
 1.69997e-06
 1.69997e-06
 1.69997e-06
 1.69997e-06
 1.69997e-06
 1.69270e-06
 1.69270e-06
 1.69270e-06
 1.69270e-06
 1.69270e-06
 1.69298e-06
 1.69298e-06
 1.69298e-06
 1.69298e-06
 1.69298e-06
 1.69516e-06
 1.69516e-06
 1.69516e-06
 1.69516e-06
 1.69516e-06
 1.70081e-06
 1.70081e-06
 1.70081e-06
 1.70081e-06
 1.70081e-06
 1.70396e-06
 1.70396e-06
 1.70396e-06
 1.70396e-06
 1.70396e-06
 1.70335e-06
 1.70335e-06
 1.70335e-06
 1.70335e-06
 1.70335e-06
 1.69959e-06
 1.69959e-06
 1.69959e-06
 1.69959e-06
 1.69959e-06
 1.69680e-06
 1.69680e-06
 1.69680e-06
 1.69680e-06
 1.69680e-06
 1.69774e-06
 1.69774e-06
 1.69774e-06
 1.69774e-06
 1.69774e-06
 1.69964e-06
 1.69964e-06
 1.69964e-06
 1.69964e-06
 1.69964e-06
 1.70154e-06
 1.70154e-06
 1.70154e-06
 1.70154e-06
 1.70154e-06
 1.69841e-06
 1.69841e-06
 1.69841e-06
 1.69841e-06
 1.69841e-06
 1.67913e-06
 1.67913e-06
 1.67913e-06
 1.67913e-06
 1.67913e-06
 1.62482e-06
 1.62482e-06
 1.62482e-06
 1.62482e-06
 1.62482e-06
 1.50872e-06
 1.50872e-06
 1.50872e-06
 1.50872e-06
 1.50872e-06
 1.29981e-06
 1.29981e-06
 1.29981e-06
 1.29981e-06
 1.29981e-06
 1.13417e-06
 1.13417e-06
 1.13417e-06
 1.13417e-06
 1.13417e-06
 1.07414e-06
 1.07414e-06
 1.07414e-06
 1.07414e-06
 1.07414e-06
 1.05387e-06
 1.05387e-06
 1.05387e-06
 1.05387e-06
 1.05387e-06
 1.04928e-06
 1.04928e-06
 1.04928e-06
 1.04928e-06
 1.04928e-06
 1.05039e-06
 1.05039e-06
 1.05039e-06
 1.05039e-06
 1.05039e-06
 1.05314e-06
 1.05314e-06
 1.05314e-06
 1.05314e-06
 1.05314e-06
part
         4
hexa8
 1.05563e-06
 1.05563e-06
 1.05563e-06
 1.05563e-06
 1.05563e-06
 1.05742e-06
 1.05742e-06
 1.05742e-06
 1.05742e-06
 1.05742e-06
 1.05845e-06
 1.05845e-06
 1.05845e-06
 1.05845e-06
 1.05845e-06
 1.05850e-06
 1.05850e-06
 1.05850e-06
 1.05850e-06
 1.05850e-06
 1.05663e-06
 1.05663e-06
 1.05663e-06
 1.05663e-06
 1.05663e-06
 1.04940e-06
 1.04940e-06
 1.04940e-06
 1.04940e-06
 1.04940e-06
 1.03252e-06
 1.03252e-06
 1.03252e-06
 1.03252e-06
 1.03252e-06
 1.00034e-06
 1.00034e-06
 1.00034e-06
 1.00034e-06
 1.00034e-06
 9.42651e-07
 9.42651e-07
 9.42651e-07
 9.42651e-07
 9.42651e-07
 8.52711e-07
 8.52711e-07
 8.52711e-07
 8.52711e-07
 8.52711e-07
 7.45016e-07
 7.45016e-07
 7.45016e-07
 7.45016e-07
 7.45016e-07
 6.48401e-07
 6.48401e-07
 6.48401e-07
 6.48401e-07
 6.48401e-07
 5.76817e-07
 5.76817e-07
 5.76817e-07
 5.76817e-07
 5.76817e-07
 5.32454e-07
 5.32454e-07
 5.32454e-07
 5.32454e-07
 5.32454e-07
 5.10931e-07
 5.10931e-07
 5.10931e-07
 5.10931e-07
 5.10931e-07
 5.03105e-07
 5.03105e-07
 5.03105e-07
 5.03105e-07
 5.03105e-07
 5.00812e-07
 5.00812e-07
 5.00812e-07
 5.00812e-07
 5.00812e-07
 5.00205e-07
 5.00205e-07
 5.00205e-07
 5.00205e-07
 5.00205e-07
 5.00051e-07
 5.00051e-07
 5.00051e-07
 5.00051e-07
 5.00051e-07
 5.00012e-07
 5.00012e-07
 5.00012e-07
 5.00012e-07
 5.00012e-07
 5.00003e-07
 5.00003e-07
 5.00003e-07
 5.00003e-07
 5.00003e-07
 5.00001e-07
 5.00001e-07
 5.00001e-07
 5.00001e-07
 5.00001e-07
 5.00000e-07
 5.00000e-07
 5.00000e-07
 5.00000e-07
 5.00000e-07
 5.00000e-07
 5.00000e-07
 5.00000e-07
 5.00000e-07
 5.00000e-07
 5.00000e-07
 5.00000e-07
 5.00000e-07
 5.00000e-07
 5.00000e-07
 1.05563e-06
 1.05563e-06
 1.05563e-06
 1.05563e-06
 1.05563e-06
 1.05742e-06
 1.05742e-06
 1.05742e-06
 1.05742e-06
 1.05742e-06
 1.05845e-06
 1.05845e-06
 1.05845e-06
 1.05845e-06
 1.05845e-06
 1.05850e-06
 1.05850e-06
 1.05850e-06
 1.05850e-06
 1.05850e-06
 1.05663e-06
 1.05663e-06
 1.05663e-06
 1.05663e-06
 1.05663e-06
 1.04940e-06
 1.04940e-06
 1.04940e-06
 1.04940e-06
 1.04940e-06
 1.03252e-06
 1.03252e-06
 1.03252e-06
 1.03252e-06
 1.03252e-06
 1.00034e-06
 1.00034e-06
 1.00034e-06
 1.00034e-06
 1.00034e-06
 9.42651e-07
 9.42651e-07
 9.42651e-07
 9.42651e-07
 9.42651e-07
 8.52711e-07
 8.52711e-07
 8.52711e-07
 8.52711e-07
 8.52711e-07
 7.45016e-07
 7.45016e-07
 7.45016e-07
 7.45016e-07
 7.45016e-07
 6.48401e-07
 6.48401e-07
 6.48401e-07
 6.48401e-07
 6.48401e-07
 5.76817e-07
 5.76817e-07
 5.76817e-07
 5.76817e-07
 5.76817e-07
 5.32454e-07
 5.32454e-07
 5.32454e-07
 5.32454e-07
 5.32454e-07
 5.10931e-07
 5.10931e-07
 5.10931e-07
 5.10931e-07
 5.10931e-07
 5.03105e-07
 5.03105e-07
 5.03105e-07
 5.03105e-07
 5.03105e-07
 5.00812e-07
 5.00812e-07
 5.00812e-07
 5.00812e-07
 5.00812e-07
 5.00205e-07
 5.00205e-07
 5.00205e-07
 5.00205e-07
 5.00205e-07
 5.00051e-07
 5.00051e-07
 5.00051e-07
 5.00051e-07
 5.00051e-07
 5.00012e-07
 5.00012e-07
 5.00012e-07
 5.00012e-07
 5.00012e-07
 5.00003e-07
 5.00003e-07
 5.00003e-07
 5.00003e-07
 5.00003e-07
 5.00001e-07
 5.00001e-07
 5.00001e-07
 5.00001e-07
 5.00001e-07
 5.00000e-07
 5.00000e-07
 5.00000e-07
 5.00000e-07
 5.00000e-07
 5.00000e-07
 5.00000e-07
 5.00000e-07
 5.00000e-07
 5.00000e-07
 5.00000e-07
 5.00000e-07
 5.00000e-07
 5.00000e-07
 5.00000e-07
 1.05563e-06
 1.05563e-06
 1.05563e-06
 1.05563e-06
 1.05563e-06
 1.05742e-06
 1.05742e-06
 1.05742e-06
 1.05742e-06
 1.05742e-06
 1.05845e-06
 1.05845e-06
 1.05845e-06
 1.05845e-06
 1.05845e-06
 1.05850e-06
 1.05850e-06
 1.05850e-06
 1.05850e-06
 1.05850e-06
 1.05663e-06
 1.05663e-06
 1.05663e-06
 1.05663e-06
 1.05663e-06
 1.04940e-06
 1.04940e-06
 1.04940e-06
 1.04940e-06
 1.04940e-06
 1.03252e-06
 1.03252e-06
 1.03252e-06
 1.03252e-06
 1.03252e-06
 1.00034e-06
 1.00034e-06
 1.00034e-06
 1.00034e-06
 1.00034e-06
 9.42651e-07
 9.42651e-07
 9.42651e-07
 9.42651e-07
 9.42651e-07
 8.52711e-07
 8.52711e-07
 8.52711e-07
 8.52711e-07
 8.52711e-07
 7.45016e-07
 7.45016e-07
 7.45016e-07
 7.45016e-07
 7.45016e-07
 6.48401e-07
 6.48401e-07
 6.48401e-07
 6.48401e-07
 6.48401e-07
 5.76817e-07
 5.76817e-07
 5.76817e-07
 5.76817e-07
 5.76817e-07
 5.32454e-07
 5.32454e-07
 5.32454e-07
 5.32454e-07
 5.32454e-07
 5.10931e-07
 5.10931e-07
 5.10931e-07
 5.10931e-07
 5.10931e-07
 5.03105e-07
 5.03105e-07
 5.03105e-07
 5.03105e-07
 5.03105e-07
 5.00812e-07
 5.00812e-07
 5.00812e-07
 5.00812e-07
 5.00812e-07
 5.00205e-07
 5.00205e-07
 5.00205e-07
 5.00205e-07
 5.00205e-07
 5.00051e-07
 5.00051e-07
 5.00051e-07
 5.00051e-07
 5.00051e-07
 5.00012e-07
 5.00012e-07
 5.00012e-07
 5.00012e-07
 5.00012e-07
 5.00003e-07
 5.00003e-07
 5.00003e-07
 5.00003e-07
 5.00003e-07
 5.00001e-07
 5.00001e-07
 5.00001e-07
 5.00001e-07
 5.00001e-07
 5.00000e-07
 5.00000e-07
 5.00000e-07
 5.00000e-07
 5.00000e-07
 5.00000e-07
 5.00000e-07
 5.00000e-07
 5.00000e-07
 5.00000e-07
 5.00000e-07
 5.00000e-07
 5.00000e-07
 5.00000e-07
 5.00000e-07
 1.05563e-06
 1.05563e-06
 1.05563e-06
 1.05563e-06
 1.05563e-06
 1.05742e-06
 1.05742e-06
 1.05742e-06
 1.05742e-06
 1.05742e-06
 1.05845e-06
 1.05845e-06
 1.05845e-06
 1.05845e-06
 1.05845e-06
 1.05850e-06
 1.05850e-06
 1.05850e-06
 1.05850e-06
 1.05850e-06
 1.05663e-06
 1.05663e-06
 1.05663e-06
 1.05663e-06
 1.05663e-06
 1.04940e-06
 1.04940e-06
 1.04940e-06
 1.04940e-06
 1.04940e-06
 1.03252e-06
 1.03252e-06
 1.03252e-06
 1.03252e-06
 1.03252e-06
 1.00034e-06
 1.00034e-06
 1.00034e-06
 1.00034e-06
 1.00034e-06
 9.42651e-07
 9.42651e-07
 9.42651e-07
 9.42651e-07
 9.42651e-07
 8.52711e-07
 8.52711e-07
 8.52711e-07
 8.52711e-07
 8.52711e-07
 7.45016e-07
 7.45016e-07
 7.45016e-07
 7.45016e-07
 7.45016e-07
 6.48401e-07
 6.48401e-07
 6.48401e-07
 6.48401e-07
 6.48401e-07
 5.76817e-07
 5.76817e-07
 5.76817e-07
 5.76817e-07
 5.76817e-07
 5.32454e-07
 5.32454e-07
 5.32454e-07
 5.32454e-07
 5.32454e-07
 5.10931e-07
 5.10931e-07
 5.10931e-07
 5.10931e-07
 5.10931e-07
 5.03105e-07
 5.03105e-07
 5.03105e-07
 5.03105e-07
 5.03105e-07
 5.00812e-07
 5.00812e-07
 5.00812e-07
 5.00812e-07
 5.00812e-07
 5.00205e-07
 5.00205e-07
 5.00205e-07
 5.00205e-07
 5.00205e-07
 5.00051e-07
 5.00051e-07
 5.00051e-07
 5.00051e-07
 5.00051e-07
 5.00012e-07
 5.00012e-07
 5.00012e-07
 5.00012e-07
 5.00012e-07
 5.00003e-07
 5.00003e-07
 5.00003e-07
 5.00003e-07
 5.00003e-07
 5.00001e-07
 5.00001e-07
 5.00001e-07
 5.00001e-07
 5.00001e-07
 5.00000e-07
 5.00000e-07
 5.00000e-07
 5.00000e-07
 5.00000e-07
 5.00000e-07
 5.00000e-07
 5.00000e-07
 5.00000e-07
 5.00000e-07
 5.00000e-07
 5.00000e-07
 5.00000e-07
 5.00000e-07
 5.00000e-07
 1.05563e-06
 1.05563e-06
 1.05563e-06
 1.05563e-06
 1.05563e-06
 1.05742e-06
 1.05742e-06
 1.05742e-06
 1.05742e-06
 1.05742e-06
 1.05845e-06
 1.05845e-06
 1.05845e-06
 1.05845e-06
 1.05845e-06
 1.05850e-06
 1.05850e-06
 1.05850e-06
 1.05850e-06
 1.05850e-06
 1.05663e-06
 1.05663e-06
 1.05663e-06
 1.05663e-06
 1.05663e-06
 1.04940e-06
 1.04940e-06
 1.04940e-06
 1.04940e-06
 1.04940e-06
 1.03252e-06
 1.03252e-06
 1.03252e-06
 1.03252e-06
 1.03252e-06
 1.00034e-06
 1.00034e-06
 1.00034e-06
 1.00034e-06
 1.00034e-06
 9.42651e-07
 9.42651e-07
 9.42651e-07
 9.42651e-07
 9.42651e-07
 8.52711e-07
 8.52711e-07
 8.52711e-07
 8.52711e-07
 8.52711e-07
 7.45016e-07
 7.45016e-07
 7.45016e-07
 7.45016e-07
 7.45016e-07
 6.48401e-07
 6.48401e-07
 6.48401e-07
 6.48401e-07
 6.48401e-07
 5.76817e-07
 5.76817e-07
 5.76817e-07
 5.76817e-07
 5.76817e-07
 5.32454e-07
 5.32454e-07
 5.32454e-07
 5.32454e-07
 5.32454e-07
 5.10931e-07
 5.10931e-07
 5.10931e-07
 5.10931e-07
 5.10931e-07
 5.03105e-07
 5.03105e-07
 5.03105e-07
 5.03105e-07
 5.03105e-07
 5.00812e-07
 5.00812e-07
 5.00812e-07
 5.00812e-07
 5.00812e-07
 5.00205e-07
 5.00205e-07
 5.00205e-07
 5.00205e-07
 5.00205e-07
 5.00051e-07
 5.00051e-07
 5.00051e-07
 5.00051e-07
 5.00051e-07
 5.00012e-07
 5.00012e-07
 5.00012e-07
 5.00012e-07
 5.00012e-07
 5.00003e-07
 5.00003e-07
 5.00003e-07
 5.00003e-07
 5.00003e-07
 5.00001e-07
 5.00001e-07
 5.00001e-07
 5.00001e-07
 5.00001e-07
 5.00000e-07
 5.00000e-07
 5.00000e-07
 5.00000e-07
 5.00000e-07
 5.00000e-07
 5.00000e-07
 5.00000e-07
 5.00000e-07
 5.00000e-07
 5.00000e-07
 5.00000e-07
 5.00000e-07
 5.00000e-07
 5.00000e-07
