PseudoViscosity
part
         1
hexa8
 9.68768e-16
 9.68768e-16
 6.50235e-32
 9.68768e-16
 1.43725e-31
 9.68768e-16
 9.79889e-32
 2.90630e-15
 2.18819e-31
 0.00000e+00
 0.00000e+00
 0.00000e+00
 0.00000e+00
 0.00000e+00
 0.00000e+00
 0.00000e+00
 0.00000e+00
 0.00000e+00
 0.00000e+00
 0.00000e+00
 0.00000e+00
 0.00000e+00
 0.00000e+00
 0.00000e+00
 0.00000e+00
 9.68768e-16
 7.97184e-32
 0.00000e+00
 9.72310e-32
 1.93754e-15
 1.80107e-31
 9.68768e-16
 5.40926e-31
 4.37051e-32
 0.00000e+00
 0.00000e+00
 0.00000e+00
 0.00000e+00
 0.00000e+00
 0.00000e+00
 0.00000e+00
 0.00000e+00
 0.00000e+00
 0.00000e+00
 0.00000e+00
 0.00000e+00
 0.00000e+00
 0.00000e+00
 0.00000e+00
 0.00000e+00
 0.00000e+00
 0.00000e+00
 0.00000e+00
 9.68768e-16
 9.68768e-16
 1.21141e-31
 0.00000e+00
 1.93754e-15
 9.68768e-16
 1.54074e-31
 0.00000e+00
 0.00000e+00
 0.00000e+00
 0.00000e+00
 0.00000e+00
 0.00000e+00
 0.00000e+00
 0.00000e+00
 0.00000e+00
 0.00000e+00
 0.00000e+00
 0.00000e+00
 0.00000e+00
 0.00000e+00
 0.00000e+00
 0.00000e+00
 0.00000e+00
 9.33987e-32
 0.00000e+00
 0.00000e+00
 2.90630e-15
 1.83360e-30
 9.26670e-32
 1.74337e-31
 0.00000e+00
 0.00000e+00
 0.00000e+00
 0.00000e+00
 0.00000e+00
 0.00000e+00
 0.00000e+00
 0.00000e+00
 0.00000e+00
 0.00000e+00
 0.00000e+00
 0.00000e+00
 0.00000e+00
 0.00000e+00
 0.00000e+00
 0.00000e+00
 0.00000e+00
 0.00000e+00
 0.00000e+00
 0.00000e+00
 3.23376e-32
 3.02843e-31
 3.66032e-31
 9.68768e-16
 0.00000e+00
 0.00000e+00
 0.00000e+00
 0.00000e+00
 0.00000e+00
 0.00000e+00
 0.00000e+00
 0.00000e+00
 0.00000e+00
 0.00000e+00
 0.00000e+00
 0.00000e+00
 0.00000e+00
 0.00000e+00
 0.00000e+00
 0.00000e+00
 0.00000e+00
 0.00000e+00
 1.41310e-31
 9.68768e-16
 1.31946e-31
 0.00000e+00
 1.76401e-31
 5.28904e-31
 9.68768e-16
 1.66364e-31
 0.00000e+00
 0.00000e+00
 0.00000e+00
 0.00000e+00
 0.00000e+00
 0.00000e+00
 0.00000e+00
 0.00000e+00
 0.00000e+00
 0.00000e+00
 0.00000e+00
 0.00000e+00
 0.00000e+00
 0.00000e+00
 0.00000e+00
 0.00000e+00
 9.68768e-16
 0.00000e+00
 0.00000e+00
 2.29094e-31
 1.93754e-15
 0.00000e+00
 7.40399e-31
 1.93754e-15
 2.90945e-31
 0.00000e+00
 0.00000e+00
 0.00000e+00
 0.00000e+00
 0.00000e+00
 0.00000e+00
 0.00000e+00
 0.00000e+00
 0.00000e+00
 0.00000e+00
 0.00000e+00
 0.00000e+00
 0.00000e+00
 0.00000e+00
 0.00000e+00
 0.00000e+00
 0.00000e+00
 0.00000e+00
 2.09014e-31
 9.68768e-16
 2.00198e-31
 6.36395e-31
 1.93754e-15
 7.43188e-31
 2.90630e-15
 1.28397e-30
 0.00000e+00
 0.00000e+00
 0.00000e+00
 0.00000e+00
 0.00000e+00
 0.00000e+00
 0.00000e+00
 0.00000e+00
 0.00000e+00
 0.00000e+00
 0.00000e+00
 0.00000e+00
 0.00000e+00
 0.00000e+00
 0.00000e+00
 2.69420e-31
 0.00000e+00
 9.68768e-16
 4.38285e-31
 0.00000e+00
 9.68768e-16
 9.68768e-16
 4.36371e-31
 1.93754e-15
 1.56738e-30
 0.00000e+00
 0.00000e+00
 0.00000e+00
 0.00000e+00
 0.00000e+00
 0.00000e+00
 0.00000e+00
 0.00000e+00
 0.00000e+00
 0.00000e+00
 0.00000e+00
 0.00000e+00
 0.00000e+00
 0.00000e+00
 0.00000e+00
 9.68768e-16
 0.00000e+00
 0.00000e+00
 8.49696e-31
 1.93754e-15
 8.75096e-32
 0.00000e+00
 1.50182e-31
 0.00000e+00
 0.00000e+00
 0.00000e+00
 0.00000e+00
 0.00000e+00
 0.00000e+00
 0.00000e+00
 0.00000e+00
 0.00000e+00
 0.00000e+00
 0.00000e+00
 0.00000e+00
 0.00000e+00
 0.00000e+00
 0.00000e+00
 0.00000e+00
 0.00000e+00
 9.68768e-16
 1.09363e-31
 9.68768e-16
 0.00000e+00
 0.00000e+00
 9.68768e-16
 1.93754e-15
 2.43380e-31
 0.00000e+00
 0.00000e+00
 0.00000e+00
 0.00000e+00
 0.00000e+00
 0.00000e+00
 0.00000e+00
 0.00000e+00
 0.00000e+00
 0.00000e+00
 0.00000e+00
 0.00000e+00
 0.00000e+00
 0.00000e+00
 0.00000e+00
 0.00000e+00
 0.00000e+00
 1.23359e-31
 1.92436e-31
 2.41231e-32
 5.36794e-33
 9.68768e-16
 1.19990e-31
 9.68768e-16
 9.68768e-16
 4.16135e-31
 0.00000e+00
 0.00000e+00
 0.00000e+00
 0.00000e+00
 0.00000e+00
 0.00000e+00
 0.00000e+00
 0.00000e+00
 0.00000e+00
 0.00000e+00
 0.00000e+00
 0.00000e+00
 0.00000e+00
 0.00000e+00
 0.00000e+00
 0.00000e+00
 9.68768e-16
 9.68768e-16
 1.28982e-31
 4.14417e-31
 9.68768e-16
 9.68768e-16
 1.99119e-31
 0.00000e+00
 0.00000e+00
 0.00000e+00
 0.00000e+00
 0.00000e+00
 0.00000e+00
 0.00000e+00
 0.00000e+00
 0.00000e+00
 0.00000e+00
 0.00000e+00
 0.00000e+00
 0.00000e+00
 0.00000e+00
 0.00000e+00
 0.00000e+00
 0.00000e+00
 0.00000e+00
 6.71712e-31
 2.50603e-31
 0.00000e+00
 9.68768e-16
 2.64498e-31
 7.24282e-32
 9.68768e-16
 4.96291e-31
 0.00000e+00
 0.00000e+00
 0.00000e+00
 0.00000e+00
 0.00000e+00
 0.00000e+00
 0.00000e+00
 0.00000e+00
 0.00000e+00
 0.00000e+00
 0.00000e+00
 0.00000e+00
 0.00000e+00
 0.00000e+00
 0.00000e+00
 0.00000e+00
 0.00000e+00
 1.93754e-15
 9.68768e-16
 4.00071e-31
 9.68768e-16
 6.00740e-31
 9.68768e-16
 1.98201e-32
 0.00000e+00
 0.00000e+00
 0.00000e+00
 0.00000e+00
 0.00000e+00
 0.00000e+00
 0.00000e+00
 0.00000e+00
 0.00000e+00
 0.00000e+00
 0.00000e+00
 0.00000e+00
 0.00000e+00
 0.00000e+00
 0.00000e+00
 0.00000e+00
 0.00000e+00
 0.00000e+00
 9.68768e-16
 9.68768e-16
 9.68768e-16
 2.33109e-31
 3.90450e-34
 8.11051e-31
 1.93754e-15
 0.00000e+00
 0.00000e+00
 0.00000e+00
 0.00000e+00
 0.00000e+00
 0.00000e+00
 0.00000e+00
 0.00000e+00
 0.00000e+00
 0.00000e+00
 0.00000e+00
 0.00000e+00
 0.00000e+00
 0.00000e+00
 0.00000e+00
 0.00000e+00
 0.00000e+00
 0.00000e+00
 1.42884e-32
 9.68768e-16
 3.01277e-31
 1.93754e-15
 7.68808e-32
 2.75360e-31
 9.68768e-16
 1.54074e-31
 0.00000e+00
 0.00000e+00
 0.00000e+00
 0.00000e+00
 0.00000e+00
 0.00000e+00
 0.00000e+00
 0.00000e+00
 0.00000e+00
 0.00000e+00
 0.00000e+00
 0.00000e+00
 0.00000e+00
 0.00000e+00
 0.00000e+00
 0.00000e+00
 0.00000e+00
 8.12579e-31
 1.93754e-15
 0.00000e+00
 1.12388e-30
 1.93754e-15
 1.63375e-32
 0.00000e+00
 0.00000e+00
 0.00000e+00
 0.00000e+00
 0.00000e+00
 0.00000e+00
 0.00000e+00
 0.00000e+00
 0.00000e+00
 0.00000e+00
 0.00000e+00
 0.00000e+00
 0.00000e+00
 0.00000e+00
 0.00000e+00
 0.00000e+00
 0.00000e+00
 0.00000e+00
 0.00000e+00
 9.68768e-16
 7.44481e-33
 0.00000e+00
 0.00000e+00
 1.03407e-31
 3.15981e-31
 0.00000e+00
 0.00000e+00
 0.00000e+00
 0.00000e+00
 0.00000e+00
 0.00000e+00
 0.00000e+00
 0.00000e+00
 0.00000e+00
 0.00000e+00
 0.00000e+00
 0.00000e+00
 0.00000e+00
 0.00000e+00
 0.00000e+00
 0.00000e+00
 0.00000e+00
 0.00000e+00
 0.00000e+00
 1.02040e-31
 1.34819e-31
 0.00000e+00
 2.97437e-31
 9.68768e-16
 1.93754e-15
 0.00000e+00
 0.00000e+00
 0.00000e+00
 0.00000e+00
 0.00000e+00
 0.00000e+00
 0.00000e+00
 0.00000e+00
 0.00000e+00
 0.00000e+00
 0.00000e+00
 0.00000e+00
 0.00000e+00
 0.00000e+00
 0.00000e+00
 0.00000e+00
 0.00000e+00
 0.00000e+00
 0.00000e+00
 2.51828e-31
 1.63330e-31
 9.81979e-32
 0.00000e+00
 2.90630e-15
 9.68768e-16
 2.10478e-31
 0.00000e+00
 0.00000e+00
 0.00000e+00
 0.00000e+00
 0.00000e+00
 0.00000e+00
 0.00000e+00
 0.00000e+00
 0.00000e+00
 0.00000e+00
 0.00000e+00
 0.00000e+00
 0.00000e+00
 0.00000e+00
 0.00000e+00
 0.00000e+00
 0.00000e+00
 0.00000e+00
 0.00000e+00
 1.27485e-31
 3.28459e-32
 3.07319e-31
 1.93754e-15
 2.90630e-15
 1.36551e-30
 0.00000e+00
 0.00000e+00
 0.00000e+00
 0.00000e+00
 0.00000e+00
 0.00000e+00
 0.00000e+00
 0.00000e+00
 0.00000e+00
 0.00000e+00
 0.00000e+00
 0.00000e+00
 0.00000e+00
 0.00000e+00
 0.00000e+00
 0.00000e+00
 0.00000e+00
 0.00000e+00
 0.00000e+00
 3.14356e-31
 9.68768e-16
 2.86560e-31
 0.00000e+00
 9.68768e-16
 3.57276e-31
 0.00000e+00
 0.00000e+00
 0.00000e+00
 0.00000e+00
 0.00000e+00
 0.00000e+00
 0.00000e+00
 0.00000e+00
 0.00000e+00
 0.00000e+00
 0.00000e+00
 0.00000e+00
 0.00000e+00
 0.00000e+00
 0.00000e+00
 0.00000e+00
 0.00000e+00
 0.00000e+00
 1.57424e-32
 9.65642e-31
 1.71652e-31
 2.26024e-31
 1.87642e-31
 1.03521e-31
 1.26402e-31
 0.00000e+00
 0.00000e+00
 0.00000e+00
 0.00000e+00
 0.00000e+00
 0.00000e+00
 0.00000e+00
 0.00000e+00
 0.00000e+00
 0.00000e+00
 0.00000e+00
 0.00000e+00
 0.00000e+00
 0.00000e+00
 0.00000e+00
 0.00000e+00
 0.00000e+00
 0.00000e+00
 7.91224e-32
 3.87507e-15
 1.93754e-15
 2.90630e-15
 1.93754e-15
 9.68768e-16
 9.68768e-16
 5.31415e-32
 0.00000e+00
 0.00000e+00
 0.00000e+00
 0.00000e+00
 0.00000e+00
 0.00000e+00
 0.00000e+00
 0.00000e+00
 0.00000e+00
 0.00000e+00
 0.00000e+00
 0.00000e+00
 0.00000e+00
 0.00000e+00
 0.00000e+00
 0.00000e+00
 0.00000e+00
part
         2
hexa8
 0.00000e+00
 0.00000e+00
 0.00000e+00
 0.00000e+00
 0.00000e+00
 0.00000e+00
 0.00000e+00
 0.00000e+00
 0.00000e+00
 0.00000e+00
 0.00000e+00
 0.00000e+00
 0.00000e+00
 0.00000e+00
 0.00000e+00
 0.00000e+00
 0.00000e+00
 0.00000e+00
 0.00000e+00
 0.00000e+00
 0.00000e+00
 0.00000e+00
 0.00000e+00
 0.00000e+00
 0.00000e+00
 0.00000e+00
 0.00000e+00
 0.00000e+00
 0.00000e+00
 0.00000e+00
 0.00000e+00
 0.00000e+00
 0.00000e+00
 0.00000e+00
 0.00000e+00
 0.00000e+00
 0.00000e+00
 0.00000e+00
 0.00000e+00
 0.00000e+00
 0.00000e+00
 0.00000e+00
 0.00000e+00
 0.00000e+00
 0.00000e+00
 0.00000e+00
 0.00000e+00
 0.00000e+00
 0.00000e+00
 0.00000e+00
 0.00000e+00
 0.00000e+00
 0.00000e+00
 0.00000e+00
 0.00000e+00
 0.00000e+00
 0.00000e+00
 0.00000e+00
 0.00000e+00
 0.00000e+00
 0.00000e+00
 0.00000e+00
 0.00000e+00
 0.00000e+00
 0.00000e+00
 0.00000e+00
 0.00000e+00
 0.00000e+00
 0.00000e+00
 0.00000e+00
 0.00000e+00
 0.00000e+00
 0.00000e+00
 0.00000e+00
 0.00000e+00
 0.00000e+00
 0.00000e+00
 0.00000e+00
 0.00000e+00
 0.00000e+00
 0.00000e+00
 0.00000e+00
 0.00000e+00
 0.00000e+00
 0.00000e+00
 0.00000e+00
 0.00000e+00
 0.00000e+00
 0.00000e+00
 0.00000e+00
 0.00000e+00
 0.00000e+00
 0.00000e+00
 0.00000e+00
 0.00000e+00
 0.00000e+00
 0.00000e+00
 0.00000e+00
 0.00000e+00
 0.00000e+00
 0.00000e+00
 0.00000e+00
 0.00000e+00
 0.00000e+00
 0.00000e+00
 0.00000e+00
 0.00000e+00
 0.00000e+00
 0.00000e+00
 0.00000e+00
 0.00000e+00
 0.00000e+00
 0.00000e+00
 0.00000e+00
 0.00000e+00
 0.00000e+00
 0.00000e+00
 0.00000e+00
 0.00000e+00
 0.00000e+00
 0.00000e+00
 0.00000e+00
 0.00000e+00
 0.00000e+00
 0.00000e+00
 0.00000e+00
 0.00000e+00
 0.00000e+00
 0.00000e+00
 0.00000e+00
 0.00000e+00
 0.00000e+00
 0.00000e+00
 0.00000e+00
 0.00000e+00
 0.00000e+00
 0.00000e+00
 0.00000e+00
 0.00000e+00
 0.00000e+00
 0.00000e+00
 0.00000e+00
 0.00000e+00
 0.00000e+00
 0.00000e+00
 0.00000e+00
 0.00000e+00
 0.00000e+00
 0.00000e+00
 0.00000e+00
 0.00000e+00
 0.00000e+00
 0.00000e+00
 0.00000e+00
 0.00000e+00
 0.00000e+00
 0.00000e+00
 0.00000e+00
 0.00000e+00
 0.00000e+00
 0.00000e+00
 0.00000e+00
 0.00000e+00
 0.00000e+00
 0.00000e+00
 0.00000e+00
 0.00000e+00
 0.00000e+00
 0.00000e+00
 0.00000e+00
 0.00000e+00
 0.00000e+00
 0.00000e+00
 0.00000e+00
 0.00000e+00
 0.00000e+00
 0.00000e+00
 0.00000e+00
 0.00000e+00
 0.00000e+00
 0.00000e+00
 0.00000e+00
 0.00000e+00
 0.00000e+00
 0.00000e+00
 0.00000e+00
 0.00000e+00
 0.00000e+00
 0.00000e+00
 0.00000e+00
 0.00000e+00
 0.00000e+00
 0.00000e+00
 0.00000e+00
 0.00000e+00
 0.00000e+00
 0.00000e+00
 0.00000e+00
 0.00000e+00
 0.00000e+00
 0.00000e+00
 0.00000e+00
 0.00000e+00
 0.00000e+00
 0.00000e+00
 0.00000e+00
 0.00000e+00
 0.00000e+00
 0.00000e+00
 0.00000e+00
 0.00000e+00
 0.00000e+00
 0.00000e+00
 0.00000e+00
 0.00000e+00
 0.00000e+00
 0.00000e+00
 0.00000e+00
 0.00000e+00
 0.00000e+00
 0.00000e+00
 0.00000e+00
 0.00000e+00
 0.00000e+00
 0.00000e+00
 0.00000e+00
 0.00000e+00
 0.00000e+00
 0.00000e+00
 0.00000e+00
 0.00000e+00
 0.00000e+00
 0.00000e+00
 0.00000e+00
 0.00000e+00
 0.00000e+00
 0.00000e+00
 0.00000e+00
 0.00000e+00
 0.00000e+00
 0.00000e+00
 0.00000e+00
 0.00000e+00
 0.00000e+00
 0.00000e+00
 0.00000e+00
 0.00000e+00
 0.00000e+00
 0.00000e+00
 0.00000e+00
 0.00000e+00
 0.00000e+00
 0.00000e+00
 0.00000e+00
 0.00000e+00
 0.00000e+00
 0.00000e+00
 0.00000e+00
 0.00000e+00
 0.00000e+00
 0.00000e+00
 0.00000e+00
 0.00000e+00
 0.00000e+00
 0.00000e+00
 0.00000e+00
 0.00000e+00
 0.00000e+00
 0.00000e+00
 0.00000e+00
 0.00000e+00
 0.00000e+00
 0.00000e+00
 0.00000e+00
 0.00000e+00
 0.00000e+00
 0.00000e+00
 0.00000e+00
 0.00000e+00
 0.00000e+00
 0.00000e+00
 0.00000e+00
 0.00000e+00
 0.00000e+00
 0.00000e+00
 0.00000e+00
 0.00000e+00
 0.00000e+00
 0.00000e+00
 0.00000e+00
 0.00000e+00
 0.00000e+00
 0.00000e+00
 0.00000e+00
 0.00000e+00
 0.00000e+00
 0.00000e+00
 0.00000e+00
 0.00000e+00
 0.00000e+00
 0.00000e+00
 0.00000e+00
 0.00000e+00
 0.00000e+00
 0.00000e+00
 0.00000e+00
 0.00000e+00
 0.00000e+00
 0.00000e+00
 0.00000e+00
 0.00000e+00
 0.00000e+00
 0.00000e+00
 0.00000e+00
 0.00000e+00
 0.00000e+00
 0.00000e+00
 0.00000e+00
 0.00000e+00
 0.00000e+00
 0.00000e+00
 0.00000e+00
 0.00000e+00
 0.00000e+00
 0.00000e+00
 0.00000e+00
 0.00000e+00
 0.00000e+00
 0.00000e+00
 0.00000e+00
 0.00000e+00
 0.00000e+00
 0.00000e+00
 0.00000e+00
 0.00000e+00
 0.00000e+00
 0.00000e+00
 0.00000e+00
 0.00000e+00
 0.00000e+00
 0.00000e+00
 0.00000e+00
 0.00000e+00
 0.00000e+00
 0.00000e+00
 0.00000e+00
 0.00000e+00
 0.00000e+00
 0.00000e+00
 0.00000e+00
 0.00000e+00
 0.00000e+00
 0.00000e+00
 0.00000e+00
 0.00000e+00
 0.00000e+00
 0.00000e+00
 0.00000e+00
 0.00000e+00
 0.00000e+00
 0.00000e+00
 0.00000e+00
 0.00000e+00
 0.00000e+00
 0.00000e+00
 0.00000e+00
 0.00000e+00
 0.00000e+00
 0.00000e+00
 0.00000e+00
 0.00000e+00
 0.00000e+00
 0.00000e+00
 0.00000e+00
 0.00000e+00
 0.00000e+00
 0.00000e+00
 0.00000e+00
 0.00000e+00
 0.00000e+00
 0.00000e+00
 0.00000e+00
 0.00000e+00
 0.00000e+00
 0.00000e+00
 0.00000e+00
 0.00000e+00
 0.00000e+00
 0.00000e+00
 0.00000e+00
 0.00000e+00
 0.00000e+00
 0.00000e+00
 0.00000e+00
 0.00000e+00
 0.00000e+00
 0.00000e+00
 0.00000e+00
 0.00000e+00
 0.00000e+00
 0.00000e+00
 0.00000e+00
 0.00000e+00
 0.00000e+00
 0.00000e+00
 0.00000e+00
 0.00000e+00
 0.00000e+00
 0.00000e+00
 0.00000e+00
 0.00000e+00
 0.00000e+00
 0.00000e+00
 0.00000e+00
 0.00000e+00
 0.00000e+00
 0.00000e+00
 0.00000e+00
 0.00000e+00
 0.00000e+00
 0.00000e+00
 0.00000e+00
 0.00000e+00
 0.00000e+00
 0.00000e+00
 0.00000e+00
 0.00000e+00
 0.00000e+00
 0.00000e+00
 0.00000e+00
 0.00000e+00
 0.00000e+00
 0.00000e+00
 0.00000e+00
 0.00000e+00
 0.00000e+00
 0.00000e+00
 0.00000e+00
 0.00000e+00
 0.00000e+00
 0.00000e+00
 0.00000e+00
 0.00000e+00
 0.00000e+00
 0.00000e+00
 0.00000e+00
 0.00000e+00
 0.00000e+00
 0.00000e+00
 0.00000e+00
 0.00000e+00
 0.00000e+00
 0.00000e+00
 0.00000e+00
 0.00000e+00
 0.00000e+00
 0.00000e+00
 0.00000e+00
 0.00000e+00
 0.00000e+00
 0.00000e+00
 0.00000e+00
 0.00000e+00
 0.00000e+00
 0.00000e+00
 0.00000e+00
 0.00000e+00
 0.00000e+00
 0.00000e+00
 0.00000e+00
 0.00000e+00
 0.00000e+00
 0.00000e+00
 0.00000e+00
 0.00000e+00
 0.00000e+00
 0.00000e+00
 0.00000e+00
 0.00000e+00
 0.00000e+00
 0.00000e+00
 0.00000e+00
 0.00000e+00
 0.00000e+00
 0.00000e+00
 0.00000e+00
 0.00000e+00
 0.00000e+00
 0.00000e+00
 0.00000e+00
 0.00000e+00
 0.00000e+00
 0.00000e+00
 0.00000e+00
 0.00000e+00
 0.00000e+00
 0.00000e+00
 0.00000e+00
 0.00000e+00
 0.00000e+00
 0.00000e+00
 0.00000e+00
 0.00000e+00
 0.00000e+00
 0.00000e+00
 0.00000e+00
 0.00000e+00
 0.00000e+00
 0.00000e+00
 0.00000e+00
 0.00000e+00
 0.00000e+00
 0.00000e+00
 0.00000e+00
 0.00000e+00
 0.00000e+00
 0.00000e+00
 0.00000e+00
 0.00000e+00
 0.00000e+00
 0.00000e+00
 0.00000e+00
 0.00000e+00
 0.00000e+00
 0.00000e+00
 0.00000e+00
 0.00000e+00
 0.00000e+00
 0.00000e+00
 0.00000e+00
 0.00000e+00
 0.00000e+00
 0.00000e+00
 0.00000e+00
 0.00000e+00
 0.00000e+00
 0.00000e+00
 0.00000e+00
 0.00000e+00
 0.00000e+00
 0.00000e+00
 0.00000e+00
 0.00000e+00
 0.00000e+00
 0.00000e+00
 0.00000e+00
 0.00000e+00
 0.00000e+00
 0.00000e+00
 0.00000e+00
 0.00000e+00
 0.00000e+00
 0.00000e+00
 0.00000e+00
 0.00000e+00
 0.00000e+00
 0.00000e+00
 0.00000e+00
 0.00000e+00
 0.00000e+00
 0.00000e+00
 0.00000e+00
 0.00000e+00
 0.00000e+00
 0.00000e+00
 0.00000e+00
 0.00000e+00
 0.00000e+00
 0.00000e+00
 0.00000e+00
 0.00000e+00
 0.00000e+00
 0.00000e+00
 0.00000e+00
 0.00000e+00
 0.00000e+00
 0.00000e+00
 0.00000e+00
 0.00000e+00
 0.00000e+00
 0.00000e+00
 0.00000e+00
 0.00000e+00
 0.00000e+00
 0.00000e+00
 0.00000e+00
 0.00000e+00
 0.00000e+00
 0.00000e+00
 0.00000e+00
 0.00000e+00
 0.00000e+00
 0.00000e+00
 0.00000e+00
 0.00000e+00
 0.00000e+00
 0.00000e+00
 0.00000e+00
 0.00000e+00
 0.00000e+00
 0.00000e+00
 0.00000e+00
 0.00000e+00
 0.00000e+00
 0.00000e+00
 0.00000e+00
 0.00000e+00
 0.00000e+00
 0.00000e+00
 0.00000e+00
 0.00000e+00
 0.00000e+00
 0.00000e+00
 0.00000e+00
 0.00000e+00
 0.00000e+00
 0.00000e+00
 0.00000e+00
 0.00000e+00
 0.00000e+00
 0.00000e+00
 0.00000e+00
 0.00000e+00
 0.00000e+00
 0.00000e+00
part
         3
hexa8
 0.00000e+00
 0.00000e+00
 0.00000e+00
 0.00000e+00
 0.00000e+00
 0.00000e+00
 0.00000e+00
-4.22102e-06
-1.00521e-05
-4.69358e-06
-1.08504e-06
 1.07489e-05
 9.19200e-06
 6.34761e-07
 0.00000e+00
 0.00000e+00
 0.00000e+00
 0.00000e+00
 9.11393e-05
 6.34114e-04
 7.23825e-04
 5.08745e-04
 3.01028e-04
 1.62368e-04
 9.68102e-05
 0.00000e+00
 0.00000e+00
 0.00000e+00
 0.00000e+00
 0.00000e+00
 0.00000e+00
 0.00000e+00
-4.22102e-06
-1.00521e-05
-4.69358e-06
-1.08504e-06
 1.07489e-05
 9.19200e-06
 6.34761e-07
 0.00000e+00
 0.00000e+00
 0.00000e+00
 0.00000e+00
 9.11393e-05
 6.34114e-04
 7.23825e-04
 5.08745e-04
 3.01028e-04
 1.62368e-04
 9.68102e-05
 0.00000e+00
 0.00000e+00
 0.00000e+00
 0.00000e+00
 0.00000e+00
 0.00000e+00
 0.00000e+00
-4.22102e-06
-1.00521e-05
-4.69358e-06
-1.08504e-06
 1.07489e-05
 9.19200e-06
 6.34761e-07
 0.00000e+00
 0.00000e+00
 0.00000e+00
 0.00000e+00
 9.11393e-05
 6.34114e-04
 7.23825e-04
 5.08745e-04
 3.01028e-04
 1.62368e-04
 9.68102e-05
 0.00000e+00
 0.00000e+00
 0.00000e+00
 0.00000e+00
 0.00000e+00
 0.00000e+00
 0.00000e+00
-4.22102e-06
-1.00521e-05
-4.69358e-06
-1.08504e-06
 1.07489e-05
 9.19200e-06
 6.34761e-07
 0.00000e+00
 0.00000e+00
 0.00000e+00
 0.00000e+00
 9.11393e-05
 6.34114e-04
 7.23825e-04
 5.08745e-04
 3.01028e-04
 1.62368e-04
 9.68102e-05
 0.00000e+00
 0.00000e+00
 0.00000e+00
 0.00000e+00
 0.00000e+00
 0.00000e+00
 0.00000e+00
-4.22102e-06
-1.00521e-05
-4.69358e-06
-1.08504e-06
 1.07489e-05
 9.19200e-06
 6.34761e-07
 0.00000e+00
 0.00000e+00
 0.00000e+00
 0.00000e+00
 9.11393e-05
 6.34114e-04
 7.23825e-04
 5.08745e-04
 3.01028e-04
 1.62368e-04
 9.68102e-05
 0.00000e+00
 0.00000e+00
 0.00000e+00
 0.00000e+00
 0.00000e+00
 0.00000e+00
 0.00000e+00
-4.22102e-06
-1.00521e-05
-4.69358e-06
-1.08504e-06
 1.07489e-05
 9.19200e-06
 6.34761e-07
 0.00000e+00
 0.00000e+00
 0.00000e+00
 0.00000e+00
 9.11393e-05
 6.34114e-04
 7.23825e-04
 5.08745e-04
 3.01028e-04
 1.62368e-04
 9.68102e-05
 0.00000e+00
 0.00000e+00
 0.00000e+00
 0.00000e+00
 0.00000e+00
 0.00000e+00
 0.00000e+00
-4.22102e-06
-1.00521e-05
-4.69358e-06
-1.08504e-06
 1.07489e-05
 9.19200e-06
 6.34761e-07
 0.00000e+00
 0.00000e+00
 0.00000e+00
 0.00000e+00
 9.11393e-05
 6.34114e-04
 7.23825e-04
 5.08745e-04
 3.01028e-04
 1.62368e-04
 9.68102e-05
 0.00000e+00
 0.00000e+00
 0.00000e+00
 0.00000e+00
 0.00000e+00
 0.00000e+00
 0.00000e+00
-4.22102e-06
-1.00521e-05
-4.69358e-06
-1.08504e-06
 1.07489e-05
 9.19200e-06
 6.34761e-07
 0.00000e+00
 0.00000e+00
 0.00000e+00
 0.00000e+00
 9.11393e-05
 6.34114e-04
 7.23825e-04
 5.08745e-04
 3.01028e-04
 1.62368e-04
 9.68102e-05
 0.00000e+00
 0.00000e+00
 0.00000e+00
 0.00000e+00
 0.00000e+00
 0.00000e+00
 0.00000e+00
-4.22102e-06
-1.00521e-05
-4.69358e-06
-1.08504e-06
 1.07489e-05
 9.19200e-06
 6.34761e-07
 0.00000e+00
 0.00000e+00
 0.00000e+00
 0.00000e+00
 9.11393e-05
 6.34114e-04
 7.23825e-04
 5.08745e-04
 3.01028e-04
 1.62368e-04
 9.68102e-05
 0.00000e+00
 0.00000e+00
 0.00000e+00
 0.00000e+00
 0.00000e+00
 0.00000e+00
 0.00000e+00
-4.22102e-06
-1.00521e-05
-4.69358e-06
-1.08504e-06
 1.07489e-05
 9.19200e-06
 6.34761e-07
 0.00000e+00
 0.00000e+00
 0.00000e+00
 0.00000e+00
 9.11393e-05
 6.34114e-04
 7.23825e-04
 5.08745e-04
 3.01028e-04
 1.62368e-04
 9.68102e-05
 0.00000e+00
 0.00000e+00
 0.00000e+00
 0.00000e+00
 0.00000e+00
 0.00000e+00
 0.00000e+00
-4.22102e-06
-1.00521e-05
-4.69358e-06
-1.08504e-06
 1.07489e-05
 9.19200e-06
 6.34761e-07
 0.00000e+00
 0.00000e+00
 0.00000e+00
 0.00000e+00
 9.11393e-05
 6.34114e-04
 7.23825e-04
 5.08745e-04
 3.01028e-04
 1.62368e-04
 9.68102e-05
 0.00000e+00
 0.00000e+00
 0.00000e+00
 0.00000e+00
 0.00000e+00
 0.00000e+00
 0.00000e+00
-4.22102e-06
-1.00521e-05
-4.69358e-06
-1.08504e-06
 1.07489e-05
 9.19200e-06
 6.34761e-07
 0.00000e+00
 0.00000e+00
 0.00000e+00
 0.00000e+00
 9.11393e-05
 6.34114e-04
 7.23825e-04
 5.08745e-04
 3.01028e-04
 1.62368e-04
 9.68102e-05
 0.00000e+00
 0.00000e+00
 0.00000e+00
 0.00000e+00
 0.00000e+00
 0.00000e+00
 0.00000e+00
-4.22102e-06
-1.00521e-05
-4.69358e-06
-1.08504e-06
 1.07489e-05
 9.19200e-06
 6.34761e-07
 0.00000e+00
 0.00000e+00
 0.00000e+00
 0.00000e+00
 9.11393e-05
 6.34114e-04
 7.23825e-04
 5.08745e-04
 3.01028e-04
 1.62368e-04
 9.68102e-05
 0.00000e+00
 0.00000e+00
 0.00000e+00
 0.00000e+00
 0.00000e+00
 0.00000e+00
 0.00000e+00
-4.22102e-06
-1.00521e-05
-4.69358e-06
-1.08504e-06
 1.07489e-05
 9.19200e-06
 6.34761e-07
 0.00000e+00
 0.00000e+00
 0.00000e+00
 0.00000e+00
 9.11393e-05
 6.34114e-04
 7.23825e-04
 5.08745e-04
 3.01028e-04
 1.62368e-04
 9.68102e-05
 0.00000e+00
 0.00000e+00
 0.00000e+00
 0.00000e+00
 0.00000e+00
 0.00000e+00
 0.00000e+00
-4.22102e-06
-1.00521e-05
-4.69358e-06
-1.08504e-06
 1.07489e-05
 9.19200e-06
 6.34761e-07
 0.00000e+00
 0.00000e+00
 0.00000e+00
 0.00000e+00
 9.11393e-05
 6.34114e-04
 7.23825e-04
 5.08745e-04
 3.01028e-04
 1.62368e-04
 9.68102e-05
 0.00000e+00
 0.00000e+00
 0.00000e+00
 0.00000e+00
 0.00000e+00
 0.00000e+00
 0.00000e+00
-4.22102e-06
-1.00521e-05
-4.69358e-06
-1.08504e-06
 1.07489e-05
 9.19200e-06
 6.34761e-07
 0.00000e+00
 0.00000e+00
 0.00000e+00
 0.00000e+00
 9.11393e-05
 6.34114e-04
 7.23825e-04
 5.08745e-04
 3.01028e-04
 1.62368e-04
 9.68102e-05
 0.00000e+00
 0.00000e+00
 0.00000e+00
 0.00000e+00
 0.00000e+00
 0.00000e+00
 0.00000e+00
-4.22102e-06
-1.00521e-05
-4.69358e-06
-1.08504e-06
 1.07489e-05
 9.19200e-06
 6.34761e-07
 0.00000e+00
 0.00000e+00
 0.00000e+00
 0.00000e+00
 9.11393e-05
 6.34114e-04
 7.23825e-04
 5.08745e-04
 3.01028e-04
 1.62368e-04
 9.68102e-05
 0.00000e+00
 0.00000e+00
 0.00000e+00
 0.00000e+00
 0.00000e+00
 0.00000e+00
 0.00000e+00
-4.22102e-06
-1.00521e-05
-4.69358e-06
-1.08504e-06
 1.07489e-05
 9.19200e-06
 6.34761e-07
 0.00000e+00
 0.00000e+00
 0.00000e+00
 0.00000e+00
 9.11393e-05
 6.34114e-04
 7.23825e-04
 5.08745e-04
 3.01028e-04
 1.62368e-04
 9.68102e-05
 0.00000e+00
 0.00000e+00
 0.00000e+00
 0.00000e+00
 0.00000e+00
 0.00000e+00
 0.00000e+00
-4.22102e-06
-1.00521e-05
-4.69358e-06
-1.08504e-06
 1.07489e-05
 9.19200e-06
 6.34761e-07
 0.00000e+00
 0.00000e+00
 0.00000e+00
 0.00000e+00
 9.11393e-05
 6.34114e-04
 7.23825e-04
 5.08745e-04
 3.01028e-04
 1.62368e-04
 9.68102e-05
 0.00000e+00
 0.00000e+00
 0.00000e+00
 0.00000e+00
 0.00000e+00
 0.00000e+00
 0.00000e+00
-4.22102e-06
-1.00521e-05
-4.69358e-06
-1.08504e-06
 1.07489e-05
 9.19200e-06
 6.34761e-07
 0.00000e+00
 0.00000e+00
 0.00000e+00
 0.00000e+00
 9.11393e-05
 6.34114e-04
 7.23825e-04
 5.08745e-04
 3.01028e-04
 1.62368e-04
 9.68102e-05
 0.00000e+00
 0.00000e+00
 0.00000e+00
 0.00000e+00
 0.00000e+00
 0.00000e+00
 0.00000e+00
-4.22102e-06
-1.00521e-05
-4.69358e-06
-1.08504e-06
 1.07489e-05
 9.19200e-06
 6.34761e-07
 0.00000e+00
 0.00000e+00
 0.00000e+00
 0.00000e+00
 9.11393e-05
 6.34114e-04
 7.23825e-04
 5.08745e-04
 3.01028e-04
 1.62368e-04
 9.68102e-05
 0.00000e+00
 0.00000e+00
 0.00000e+00
 0.00000e+00
 0.00000e+00
 0.00000e+00
 0.00000e+00
-4.22102e-06
-1.00521e-05
-4.69358e-06
-1.08504e-06
 1.07489e-05
 9.19200e-06
 6.34761e-07
 0.00000e+00
 0.00000e+00
 0.00000e+00
 0.00000e+00
 9.11393e-05
 6.34114e-04
 7.23825e-04
 5.08745e-04
 3.01028e-04
 1.62368e-04
 9.68102e-05
 0.00000e+00
 0.00000e+00
 0.00000e+00
 0.00000e+00
 0.00000e+00
 0.00000e+00
 0.00000e+00
-4.22102e-06
-1.00521e-05
-4.69358e-06
-1.08504e-06
 1.07489e-05
 9.19200e-06
 6.34761e-07
 0.00000e+00
 0.00000e+00
 0.00000e+00
 0.00000e+00
 9.11393e-05
 6.34114e-04
 7.23825e-04
 5.08745e-04
 3.01028e-04
 1.62368e-04
 9.68102e-05
 0.00000e+00
 0.00000e+00
 0.00000e+00
 0.00000e+00
 0.00000e+00
 0.00000e+00
 0.00000e+00
-4.22102e-06
-1.00521e-05
-4.69358e-06
-1.08504e-06
 1.07489e-05
 9.19200e-06
 6.34761e-07
 0.00000e+00
 0.00000e+00
 0.00000e+00
 0.00000e+00
 9.11393e-05
 6.34114e-04
 7.23825e-04
 5.08745e-04
 3.01028e-04
 1.62368e-04
 9.68102e-05
 0.00000e+00
 0.00000e+00
 0.00000e+00
 0.00000e+00
 0.00000e+00
 0.00000e+00
 0.00000e+00
-4.22102e-06
-1.00521e-05
-4.69358e-06
-1.08504e-06
 1.07489e-05
 9.19200e-06
 6.34761e-07
 0.00000e+00
 0.00000e+00
 0.00000e+00
 0.00000e+00
 9.11393e-05
 6.34114e-04
 7.23825e-04
 5.08745e-04
 3.01028e-04
 1.62368e-04
 9.68102e-05
part
         4
hexa8
 1.05257e-04
 1.96682e-04
 4.43450e-04
 9.76016e-04
 2.04889e-03
 4.09885e-03
 7.77456e-03
 1.37616e-02
 2.22115e-02
 3.17429e-02
 3.81696e-02
 3.69664e-02
 2.68422e-02
 1.39641e-02
 5.08286e-03
 1.44795e-03
 3.71105e-04
 9.15690e-05
 2.21919e-05
 5.30340e-06
 1.24929e-06
 2.89672e-07
 6.60288e-08
 1.48974e-08
 3.92184e-09
 1.05257e-04
 1.96682e-04
 4.43450e-04
 9.76016e-04
 2.04889e-03
 4.09885e-03
 7.77456e-03
 1.37616e-02
 2.22115e-02
 3.17429e-02
 3.81696e-02
 3.69664e-02
 2.68422e-02
 1.39641e-02
 5.08286e-03
 1.44795e-03
 3.71105e-04
 9.15690e-05
 2.21919e-05
 5.30340e-06
 1.24929e-06
 2.89672e-07
 6.60288e-08
 1.48974e-08
 3.92184e-09
 1.05257e-04
 1.96682e-04
 4.43450e-04
 9.76016e-04
 2.04889e-03
 4.09885e-03
 7.77456e-03
 1.37616e-02
 2.22115e-02
 3.17429e-02
 3.81696e-02
 3.69664e-02
 2.68422e-02
 1.39641e-02
 5.08286e-03
 1.44795e-03
 3.71105e-04
 9.15690e-05
 2.21919e-05
 5.30340e-06
 1.24929e-06
 2.89672e-07
 6.60288e-08
 1.48974e-08
 3.92184e-09
 1.05257e-04
 1.96682e-04
 4.43450e-04
 9.76016e-04
 2.04889e-03
 4.09885e-03
 7.77456e-03
 1.37616e-02
 2.22115e-02
 3.17429e-02
 3.81696e-02
 3.69664e-02
 2.68422e-02
 1.39641e-02
 5.08286e-03
 1.44795e-03
 3.71105e-04
 9.15690e-05
 2.21919e-05
 5.30340e-06
 1.24929e-06
 2.89672e-07
 6.60288e-08
 1.48974e-08
 3.92184e-09
 1.05257e-04
 1.96682e-04
 4.43450e-04
 9.76016e-04
 2.04889e-03
 4.09885e-03
 7.77456e-03
 1.37616e-02
 2.22115e-02
 3.17429e-02
 3.81696e-02
 3.69664e-02
 2.68422e-02
 1.39641e-02
 5.08286e-03
 1.44795e-03
 3.71105e-04
 9.15690e-05
 2.21919e-05
 5.30340e-06
 1.24929e-06
 2.89672e-07
 6.60288e-08
 1.48974e-08
 3.92184e-09
 1.05257e-04
 1.96682e-04
 4.43450e-04
 9.76016e-04
 2.04889e-03
 4.09885e-03
 7.77456e-03
 1.37616e-02
 2.22115e-02
 3.17429e-02
 3.81696e-02
 3.69664e-02
 2.68422e-02
 1.39641e-02
 5.08286e-03
 1.44795e-03
 3.71105e-04
 9.15690e-05
 2.21919e-05
 5.30340e-06
 1.24929e-06
 2.89672e-07
 6.60288e-08
 1.48974e-08
 3.92184e-09
 1.05257e-04
 1.96682e-04
 4.43450e-04
 9.76016e-04
 2.04889e-03
 4.09885e-03
 7.77456e-03
 1.37616e-02
 2.22115e-02
 3.17429e-02
 3.81696e-02
 3.69664e-02
 2.68422e-02
 1.39641e-02
 5.08286e-03
 1.44795e-03
 3.71105e-04
 9.15690e-05
 2.21919e-05
 5.30340e-06
 1.24929e-06
 2.89672e-07
 6.60288e-08
 1.48974e-08
 3.92184e-09
 1.05257e-04
 1.96682e-04
 4.43450e-04
 9.76016e-04
 2.04889e-03
 4.09885e-03
 7.77456e-03
 1.37616e-02
 2.22115e-02
 3.17429e-02
 3.81696e-02
 3.69664e-02
 2.68422e-02
 1.39641e-02
 5.08286e-03
 1.44795e-03
 3.71105e-04
 9.15690e-05
 2.21919e-05
 5.30340e-06
 1.24929e-06
 2.89672e-07
 6.60288e-08
 1.48974e-08
 3.92185e-09
 1.05257e-04
 1.96682e-04
 4.43450e-04
 9.76016e-04
 2.04889e-03
 4.09885e-03
 7.77456e-03
 1.37616e-02
 2.22115e-02
 3.17429e-02
 3.81696e-02
 3.69664e-02
 2.68422e-02
 1.39641e-02
 5.08286e-03
 1.44795e-03
 3.71105e-04
 9.15690e-05
 2.21919e-05
 5.30340e-06
 1.24929e-06
 2.89672e-07
 6.60288e-08
 1.48974e-08
 3.92184e-09
 1.05257e-04
 1.96682e-04
 4.43450e-04
 9.76016e-04
 2.04889e-03
 4.09885e-03
 7.77456e-03
 1.37616e-02
 2.22115e-02
 3.17429e-02
 3.81696e-02
 3.69664e-02
 2.68422e-02
 1.39641e-02
 5.08286e-03
 1.44795e-03
 3.71105e-04
 9.15690e-05
 2.21919e-05
 5.30340e-06
 1.24929e-06
 2.89672e-07
 6.60288e-08
 1.48974e-08
 3.92184e-09
 1.05257e-04
 1.96682e-04
 4.43450e-04
 9.76016e-04
 2.04889e-03
 4.09885e-03
 7.77456e-03
 1.37616e-02
 2.22115e-02
 3.17429e-02
 3.81696e-02
 3.69664e-02
 2.68422e-02
 1.39641e-02
 5.08286e-03
 1.44795e-03
 3.71105e-04
 9.15690e-05
 2.21919e-05
 5.30340e-06
 1.24929e-06
 2.89672e-07
 6.60288e-08
 1.48974e-08
 3.92184e-09
 1.05257e-04
 1.96682e-04
 4.43450e-04
 9.76016e-04
 2.04889e-03
 4.09885e-03
 7.77456e-03
 1.37616e-02
 2.22115e-02
 3.17429e-02
 3.81696e-02
 3.69664e-02
 2.68422e-02
 1.39641e-02
 5.08286e-03
 1.44795e-03
 3.71105e-04
 9.15690e-05
 2.21919e-05
 5.30340e-06
 1.24929e-06
 2.89672e-07
 6.60288e-08
 1.48974e-08
 3.92184e-09
 1.05257e-04
 1.96682e-04
 4.43450e-04
 9.76016e-04
 2.04889e-03
 4.09885e-03
 7.77456e-03
 1.37616e-02
 2.22115e-02
 3.17429e-02
 3.81696e-02
 3.69664e-02
 2.68422e-02
 1.39641e-02
 5.08286e-03
 1.44795e-03
 3.71105e-04
 9.15690e-05
 2.21919e-05
 5.30340e-06
 1.24929e-06
 2.89672e-07
 6.60288e-08
 1.48974e-08
 3.92184e-09
 1.05257e-04
 1.96682e-04
 4.43450e-04
 9.76016e-04
 2.04889e-03
 4.09885e-03
 7.77456e-03
 1.37616e-02
 2.22115e-02
 3.17429e-02
 3.81696e-02
 3.69664e-02
 2.68422e-02
 1.39641e-02
 5.08286e-03
 1.44795e-03
 3.71105e-04
 9.15690e-05
 2.21919e-05
 5.30340e-06
 1.24929e-06
 2.89672e-07
 6.60288e-08
 1.48974e-08
 3.92184e-09
 1.05257e-04
 1.96682e-04
 4.43450e-04
 9.76016e-04
 2.04889e-03
 4.09885e-03
 7.77456e-03
 1.37616e-02
 2.22115e-02
 3.17429e-02
 3.81696e-02
 3.69664e-02
 2.68422e-02
 1.39641e-02
 5.08286e-03
 1.44795e-03
 3.71105e-04
 9.15690e-05
 2.21919e-05
 5.30340e-06
 1.24929e-06
 2.89672e-07
 6.60288e-08
 1.48974e-08
 3.92184e-09
 1.05257e-04
 1.96682e-04
 4.43450e-04
 9.76016e-04
 2.04889e-03
 4.09885e-03
 7.77456e-03
 1.37616e-02
 2.22115e-02
 3.17429e-02
 3.81696e-02
 3.69664e-02
 2.68422e-02
 1.39641e-02
 5.08286e-03
 1.44795e-03
 3.71105e-04
 9.15690e-05
 2.21919e-05
 5.30340e-06
 1.24929e-06
 2.89672e-07
 6.60288e-08
 1.48974e-08
 3.92184e-09
 1.05257e-04
 1.96682e-04
 4.43450e-04
 9.76016e-04
 2.04889e-03
 4.09885e-03
 7.77456e-03
 1.37616e-02
 2.22115e-02
 3.17429e-02
 3.81696e-02
 3.69664e-02
 2.68422e-02
 1.39641e-02
 5.08286e-03
 1.44795e-03
 3.71105e-04
 9.15690e-05
 2.21919e-05
 5.30340e-06
 1.24929e-06
 2.89672e-07
 6.60288e-08
 1.48974e-08
 3.92184e-09
 1.05257e-04
 1.96682e-04
 4.43450e-04
 9.76016e-04
 2.04889e-03
 4.09885e-03
 7.77456e-03
 1.37616e-02
 2.22115e-02
 3.17429e-02
 3.81696e-02
 3.69664e-02
 2.68422e-02
 1.39641e-02
 5.08286e-03
 1.44795e-03
 3.71105e-04
 9.15690e-05
 2.21919e-05
 5.30340e-06
 1.24929e-06
 2.89672e-07
 6.60288e-08
 1.48974e-08
 3.92184e-09
 1.05257e-04
 1.96682e-04
 4.43450e-04
 9.76016e-04
 2.04889e-03
 4.09885e-03
 7.77456e-03
 1.37616e-02
 2.22115e-02
 3.17429e-02
 3.81696e-02
 3.69664e-02
 2.68422e-02
 1.39641e-02
 5.08286e-03
 1.44795e-03
 3.71105e-04
 9.15690e-05
 2.21919e-05
 5.30340e-06
 1.24929e-06
 2.89672e-07
 6.60288e-08
 1.48974e-08
 3.92184e-09
 1.05257e-04
 1.96682e-04
 4.43450e-04
 9.76016e-04
 2.04889e-03
 4.09885e-03
 7.77456e-03
 1.37616e-02
 2.22115e-02
 3.17429e-02
 3.81696e-02
 3.69664e-02
 2.68422e-02
 1.39641e-02
 5.08286e-03
 1.44795e-03
 3.71105e-04
 9.15690e-05
 2.21919e-05
 5.30340e-06
 1.24929e-06
 2.89672e-07
 6.60288e-08
 1.48974e-08
 3.92184e-09
 1.05257e-04
 1.96682e-04
 4.43450e-04
 9.76016e-04
 2.04889e-03
 4.09885e-03
 7.77456e-03
 1.37616e-02
 2.22115e-02
 3.17429e-02
 3.81696e-02
 3.69664e-02
 2.68422e-02
 1.39641e-02
 5.08286e-03
 1.44795e-03
 3.71105e-04
 9.15690e-05
 2.21919e-05
 5.30340e-06
 1.24929e-06
 2.89672e-07
 6.60288e-08
 1.48974e-08
 3.92184e-09
 1.05257e-04
 1.96682e-04
 4.43450e-04
 9.76016e-04
 2.04889e-03
 4.09885e-03
 7.77456e-03
 1.37616e-02
 2.22115e-02
 3.17429e-02
 3.81696e-02
 3.69664e-02
 2.68422e-02
 1.39641e-02
 5.08286e-03
 1.44795e-03
 3.71105e-04
 9.15690e-05
 2.21919e-05
 5.30340e-06
 1.24929e-06
 2.89672e-07
 6.60288e-08
 1.48974e-08
 3.92184e-09
 1.05257e-04
 1.96682e-04
 4.43450e-04
 9.76016e-04
 2.04889e-03
 4.09885e-03
 7.77456e-03
 1.37616e-02
 2.22115e-02
 3.17429e-02
 3.81696e-02
 3.69664e-02
 2.68422e-02
 1.39641e-02
 5.08286e-03
 1.44795e-03
 3.71105e-04
 9.15690e-05
 2.21919e-05
 5.30340e-06
 1.24929e-06
 2.89672e-07
 6.60288e-08
 1.48974e-08
 3.92184e-09
 1.05257e-04
 1.96682e-04
 4.43450e-04
 9.76016e-04
 2.04889e-03
 4.09885e-03
 7.77456e-03
 1.37616e-02
 2.22115e-02
 3.17429e-02
 3.81696e-02
 3.69664e-02
 2.68422e-02
 1.39641e-02
 5.08286e-03
 1.44795e-03
 3.71105e-04
 9.15690e-05
 2.21919e-05
 5.30340e-06
 1.24929e-06
 2.89672e-07
 6.60288e-08
 1.48974e-08
 3.92184e-09
 1.05257e-04
 1.96682e-04
 4.43450e-04
 9.76016e-04
 2.04889e-03
 4.09885e-03
 7.77456e-03
 1.37616e-02
 2.22115e-02
 3.17429e-02
 3.81696e-02
 3.69664e-02
 2.68422e-02
 1.39641e-02
 5.08286e-03
 1.44795e-03
 3.71105e-04
 9.15690e-05
 2.21919e-05
 5.30340e-06
 1.24929e-06
 2.89672e-07
 6.60288e-08
 1.48974e-08
 3.92184e-09
