Pressure
part
         1
quad4
 6.36151e-02
 6.36081e-02
 6.36113e-02
 6.36003e-02
 6.36077e-02
 6.36094e-02
 6.36149e-02
 6.36186e-02
 6.36236e-02
 6.36269e-02
 6.36329e-02
 6.36393e-02
 6.36479e-02
 6.36593e-02
 6.36740e-02
 6.36929e-02
 6.37170e-02
 6.37481e-02
 6.37870e-02
 6.38361e-02
 6.38976e-02
 6.39741e-02
 6.40691e-02
 6.41868e-02
 6.43320e-02
 6.45101e-02
 6.47279e-02
 6.49943e-02
 6.53194e-02
 6.57156e-02
 6.61978e-02
 6.67850e-02
 6.75003e-02
 6.83722e-02
 6.94363e-02
 7.07376e-02
 7.23328e-02
 7.42956e-02
 7.67226e-02
 7.97375e-02
 8.35058e-02
 8.82563e-02
 9.42465e-02
 1.02077e-01
 1.16075e-01
 1.35471e-01
 1.36712e-01
 1.13320e-01
 5.06919e-02
 7.92625e-03
 1.70654e-04
 1.03766e-06
 9.79265e-07
 9.79264e-07
 9.79264e-07
 9.79264e-07
 9.79264e-07
 9.79264e-07
 9.79264e-07
 9.78308e-07
 6.36085e-02
 6.36178e-02
 6.36214e-02
 6.36134e-02
 6.36198e-02
 6.36165e-02
 6.36200e-02
 6.36188e-02
 6.36259e-02
 6.36274e-02
 6.36339e-02
 6.36400e-02
 6.36487e-02
 6.36602e-02
 6.36749e-02
 6.36939e-02
 6.37181e-02
 6.37493e-02
 6.37885e-02
 6.38378e-02
 6.38997e-02
 6.39766e-02
 6.40721e-02
 6.41903e-02
 6.43362e-02
 6.45154e-02
 6.47345e-02
 6.50024e-02
 6.53293e-02
 6.57275e-02
 6.62125e-02
 6.68028e-02
 6.75216e-02
 6.83980e-02
 6.94673e-02
 7.07745e-02
 7.23771e-02
 7.43489e-02
 7.67853e-02
 7.98127e-02
 8.36010e-02
 8.83712e-02
 9.43678e-02
 1.02227e-01
 1.16415e-01
 1.35636e-01
 1.36509e-01
 1.12336e-01
 4.93757e-02
 7.56376e-03
 1.54367e-04
 1.02740e-06
 9.79265e-07
 9.79264e-07
 9.79264e-07
 9.79264e-07
 9.79264e-07
 9.79264e-07
 9.79264e-07
 9.78308e-07
 6.36085e-02
 6.36152e-02
 6.36018e-02
 6.35968e-02
 6.36047e-02
 6.36037e-02
 6.36172e-02
 6.36154e-02
 6.36245e-02
 6.36264e-02
 6.36343e-02
 6.36409e-02
 6.36504e-02
 6.36619e-02
 6.36769e-02
 6.36963e-02
 6.37209e-02
 6.37524e-02
 6.37922e-02
 6.38422e-02
 6.39048e-02
 6.39828e-02
 6.40795e-02
 6.41991e-02
 6.43468e-02
 6.45281e-02
 6.47502e-02
 6.50214e-02
 6.53524e-02
 6.57556e-02
 6.62463e-02
 6.68437e-02
 6.75711e-02
 6.84575e-02
 6.95387e-02
 7.08602e-02
 7.24795e-02
 7.44714e-02
 7.69336e-02
 7.99923e-02
 8.38160e-02
 8.86297e-02
 9.46798e-02
 1.02630e-01
 1.17145e-01
 1.35959e-01
 1.36215e-01
 1.10714e-01
 4.71228e-02
 6.89538e-03
 1.25749e-04
 1.01170e-06
 9.79265e-07
 9.79264e-07
 9.79264e-07
 9.79264e-07
 9.79264e-07
 9.79264e-07
 9.79264e-07
 9.78308e-07
 6.36093e-02
 6.36173e-02
 6.36036e-02
 6.36132e-02
 6.36211e-02
 6.36162e-02
 6.36264e-02
 6.36211e-02
 6.36302e-02
 6.36315e-02
 6.36378e-02
 6.36434e-02
 6.36529e-02
 6.36648e-02
 6.36802e-02
 6.37002e-02
 6.37253e-02
 6.37576e-02
 6.37982e-02
 6.38492e-02
 6.39132e-02
 6.39927e-02
 6.40913e-02
 6.42134e-02
 6.43638e-02
 6.45485e-02
 6.47749e-02
 6.50513e-02
 6.53885e-02
 6.57992e-02
 6.62989e-02
 6.69070e-02
 6.76472e-02
 6.85485e-02
 6.96474e-02
 7.09899e-02
 7.26345e-02
 7.46574e-02
 7.71568e-02
 8.02599e-02
 8.41379e-02
 8.90187e-02
 9.51458e-02
 1.03247e-01
 1.18298e-01
 1.36403e-01
 1.35737e-01
 1.08020e-01
 4.35953e-02
 5.92712e-03
 9.07050e-05
 9.96752e-07
 9.79264e-07
 9.79264e-07
 9.79264e-07
 9.79264e-07
 9.79264e-07
 9.79264e-07
 9.79264e-07
 9.78308e-07
 6.36035e-02
 6.36149e-02
 6.36112e-02
 6.36222e-02
 6.36201e-02
 6.36153e-02
 6.36256e-02
 6.36215e-02
 6.36269e-02
 6.36312e-02
 6.36385e-02
 6.36463e-02
 6.36567e-02
 6.36691e-02
 6.36852e-02
 6.37057e-02
 6.37317e-02
 6.37649e-02
 6.38068e-02
 6.38592e-02
 6.39249e-02
 6.40066e-02
 6.41077e-02
 6.42331e-02
 6.43875e-02
 6.45771e-02
 6.48091e-02
 6.50926e-02
 6.54382e-02
 6.58589e-02
 6.63707e-02
 6.69931e-02
 6.77501e-02
 6.86712e-02
 6.97937e-02
 7.11642e-02
 7.28425e-02
 7.49061e-02
 7.74544e-02
 8.06168e-02
 8.45677e-02
 8.95377e-02
 9.57675e-02
 1.04103e-01
 1.19950e-01
 1.36940e-01
 1.34963e-01
 1.04036e-01
 3.88900e-02
 4.75626e-03
 5.70174e-05
 9.86671e-07
 9.79264e-07
 9.79264e-07
 9.79264e-07
 9.79264e-07
 9.79264e-07
 9.79264e-07
 9.79264e-07
 9.78308e-07
 6.36122e-02
 6.36144e-02
 6.36033e-02
 6.36124e-02
 6.36162e-02
 6.36168e-02
 6.36253e-02
 6.36247e-02
 6.36323e-02
 6.36385e-02
 6.36435e-02
 6.36514e-02
 6.36616e-02
 6.36747e-02
 6.36917e-02
 6.37131e-02
 6.37403e-02
 6.37748e-02
 6.38180e-02
 6.38724e-02
 6.39403e-02
 6.40248e-02
 6.41294e-02
 6.42589e-02
 6.44184e-02
 6.46142e-02
 6.48537e-02
 6.51460e-02
 6.55022e-02
 6.59356e-02
 6.64624e-02
 6.71026e-02
 6.78806e-02
 6.88266e-02
 6.99787e-02
 7.13844e-02
 7.31050e-02
 7.52194e-02
 7.78291e-02
 8.10663e-02
 8.51102e-02
 9.01938e-02
 9.65549e-02
 1.05240e-01
 1.22162e-01
 1.37485e-01
 1.33740e-01
 9.85400e-02
 3.32498e-02
 3.51754e-03
 3.07305e-05
 9.81713e-07
 9.79264e-07
 9.79264e-07
 9.79264e-07
 9.79264e-07
 9.79264e-07
 9.79264e-07
 9.79264e-07
 9.78308e-07
 6.36133e-02
 6.36172e-02
 6.36164e-02
 6.36248e-02
 6.36207e-02
 6.36213e-02
 6.36318e-02
 6.36310e-02
 6.36354e-02
 6.36411e-02
 6.36469e-02
 6.36568e-02
 6.36678e-02
 6.36821e-02
 6.37001e-02
 6.37226e-02
 6.37512e-02
 6.37871e-02
 6.38324e-02
 6.38892e-02
 6.39600e-02
 6.40479e-02
 6.41569e-02
 6.42914e-02
 6.44571e-02
 6.46605e-02
 6.49090e-02
 6.52122e-02
 6.55813e-02
 6.60301e-02
 6.65751e-02
 6.72369e-02
 6.80403e-02
 6.90166e-02
 7.02046e-02
 7.16534e-02
 7.34254e-02
 7.56015e-02
 7.82861e-02
 8.16152e-02
 8.57741e-02
 9.09984e-02
 9.75272e-02
 1.06730e-01
 1.24865e-01
 1.37983e-01
 1.31828e-01
 9.12728e-02
 2.70355e-02
 2.35670e-03
 1.40317e-05
 9.79919e-07
 9.79264e-07
 9.79264e-07
 9.79264e-07
 9.79264e-07
 9.79264e-07
 9.79264e-07
 9.79264e-07
 9.78308e-07
 6.36186e-02
 6.36192e-02
 6.36178e-02
 6.36260e-02
 6.36241e-02
 6.36279e-02
 6.36333e-02
 6.36327e-02
 6.36398e-02
 6.36469e-02
 6.36538e-02
 6.36642e-02
 6.36758e-02
 6.36912e-02
 6.37103e-02
 6.37343e-02
 6.37646e-02
 6.38027e-02
 6.38503e-02
 6.39101e-02
 6.39843e-02
 6.40765e-02
 6.41906e-02
 6.43314e-02
 6.45046e-02
 6.47168e-02
 6.49762e-02
 6.52923e-02
 6.56768e-02
 6.61439e-02
 6.67106e-02
 6.73979e-02
 6.82317e-02
 6.92440e-02
 7.04749e-02
 7.19748e-02
 7.38082e-02
 7.60583e-02
 7.88327e-02
 8.22727e-02
 8.65717e-02
 9.19665e-02
 9.87089e-02
 1.08673e-01
 1.27961e-01
 1.38315e-01
 1.28894e-01
 8.19925e-02
 2.07397e-02
 1.39875e-03
 5.53455e-06
 9.79425e-07
 9.79264e-07
 9.79264e-07
 9.79264e-07
 9.79264e-07
 9.79264e-07
 9.79264e-07
 9.79264e-07
 9.78308e-07
 6.36226e-02
 6.36239e-02
 6.36220e-02
 6.36267e-02
 6.36245e-02
 6.36309e-02
 6.36357e-02
 6.36393e-02
 6.36464e-02
 6.36530e-02
 6.36613e-02
 6.36723e-02
 6.36855e-02
 6.37021e-02
 6.37228e-02
 6.37486e-02
 6.37810e-02
 6.38215e-02
 6.38722e-02
 6.39354e-02
 6.40139e-02
 6.41112e-02
 6.42314e-02
 6.43797e-02
 6.45617e-02
 6.47846e-02
 6.50566e-02
 6.53879e-02
 6.57905e-02
 6.62790e-02
 6.68711e-02
 6.75885e-02
 6.84579e-02
 6.95124e-02
 7.07936e-02
 7.23538e-02
 7.42595e-02
 7.65968e-02
 7.94780e-02
 8.30507e-02
 8.75186e-02
 9.31151e-02
 1.00134e-01
 1.11202e-01
 1.31264e-01
 1.38329e-01
 1.24488e-01
 7.05592e-02
 1.49639e-02
 7.14088e-04
 2.18484e-06
 9.79306e-07
 9.79264e-07
 9.79264e-07
 9.79264e-07
 9.79264e-07
 9.79264e-07
 9.79264e-07
 9.79264e-07
 9.78308e-07
 6.36269e-02
 6.36276e-02
 6.36278e-02
 6.36319e-02
 6.36325e-02
 6.36377e-02
 6.36411e-02
 6.36462e-02
 6.36530e-02
 6.36609e-02
 6.36705e-02
 6.36826e-02
 6.36972e-02
 6.37154e-02
 6.37378e-02
 6.37659e-02
 6.38007e-02
 6.38442e-02
 6.38984e-02
 6.39659e-02
 6.40495e-02
 6.41528e-02
 6.42803e-02
 6.44372e-02
 6.46297e-02
 6.48650e-02
 6.51520e-02
 6.55011e-02
 6.59248e-02
 6.64382e-02
 6.70598e-02
 6.78121e-02
 6.87228e-02
 6.98264e-02
 7.11661e-02
 7.27964e-02
 7.47868e-02
 7.72267e-02
 8.02336e-02
 8.39641e-02
 8.86332e-02
 9.44633e-02
 1.01856e-01
 1.14486e-01
 1.34461e-01
 1.37849e-01
 1.18004e-01
 5.73990e-02
 1.00203e-02
 3.00768e-04
 1.20843e-06
 9.79276e-07
 9.79264e-07
 9.79264e-07
 9.79264e-07
 9.79264e-07
 9.79264e-07
 9.79264e-07
 9.79264e-07
 9.78308e-07
 6.36322e-02
 6.36331e-02
 6.36340e-02
 6.36369e-02
 6.36386e-02
 6.36433e-02
 6.36476e-02
 6.36542e-02
 6.36614e-02
 6.36705e-02
 6.36815e-02
 6.36948e-02
 6.37113e-02
 6.37313e-02
 6.37560e-02
 6.37865e-02
 6.38244e-02
 6.38715e-02
 6.39298e-02
 6.40023e-02
 6.40919e-02
 6.42025e-02
 6.43385e-02
 6.45056e-02
 6.47103e-02
 6.49602e-02
 6.52646e-02
 6.56343e-02
 6.60824e-02
 6.66246e-02
 6.72803e-02
 6.80729e-02
 6.90313e-02
 7.01915e-02
 7.15988e-02
 7.33105e-02
 7.53994e-02
 7.79593e-02
 8.11136e-02
 8.50307e-02
 8.99358e-02
 9.60322e-02
 1.03968e-01
 1.18712e-01
 1.37083e-01
 1.36649e-01
 1.08662e-01
 4.36003e-02
 5.93676e-03
 9.99391e-05
 1.00921e-06
 9.79267e-07
 9.79264e-07
 9.79264e-07
 9.79264e-07
 9.79264e-07
 9.79264e-07
 9.79264e-07
 9.79264e-07
 9.78308e-07
 6.36390e-02
 6.36396e-02
 6.36409e-02
 6.36431e-02
 6.36466e-02
 6.36509e-02
 6.36568e-02
 6.36638e-02
 6.36721e-02
 6.36826e-02
 6.36948e-02
 6.37099e-02
 6.37281e-02
 6.37505e-02
 6.37777e-02
 6.38113e-02
 6.38527e-02
 6.39040e-02
 6.39674e-02
 6.40457e-02
 6.41425e-02
 6.42614e-02
 6.44075e-02
 6.45867e-02
 6.48057e-02
 6.50725e-02
 6.53971e-02
 6.57906e-02
 6.62668e-02
 6.68422e-02
 6.75370e-02
 6.83760e-02
 6.93892e-02
 7.06146e-02
 7.20999e-02
 7.39054e-02
 7.61085e-02
 7.88081e-02
 8.21348e-02
 8.62713e-02
 9.14486e-02
 9.78498e-02
 1.06630e-01
 1.23991e-01
 1.38744e-01
 1.33988e-01
 9.58243e-02
 3.03327e-02
 2.98473e-03
 2.52774e-05
 9.82071e-07
 9.79265e-07
 9.79264e-07
 9.79264e-07
 9.79264e-07
 9.79264e-07
 9.79264e-07
 9.79264e-07
 9.79264e-07
 9.78308e-07
 6.36479e-02
 6.36489e-02
 6.36503e-02
 6.36531e-02
 6.36567e-02
 6.36615e-02
 6.36680e-02
 6.36758e-02
 6.36855e-02
 6.36972e-02
 6.37113e-02
 6.37281e-02
 6.37486e-02
 6.37736e-02
 6.38039e-02
 6.38410e-02
 6.38867e-02
 6.39429e-02
 6.40122e-02
 6.40975e-02
 6.42025e-02
 6.43315e-02
 6.44895e-02
 6.46828e-02
 6.49185e-02
 6.52050e-02
 6.55527e-02
 6.59736e-02
 6.64821e-02
 6.70955e-02
 6.78354e-02
 6.87275e-02
 6.98035e-02
 7.11038e-02
 7.26788e-02
 7.45924e-02
 7.69274e-02
 7.97889e-02
 8.33167e-02
 8.77103e-02
 9.31944e-02
 9.99628e-02
 1.10109e-01
 1.29699e-01
 1.39492e-01
 1.28831e-01
 7.92187e-02
 1.90082e-02
 1.20921e-03
 5.09792e-06
 9.79540e-07
 9.79264e-07
 9.79264e-07
 9.79264e-07
 9.79264e-07
 9.79264e-07
 9.79264e-07
 9.79264e-07
 9.79264e-07
 9.78308e-07
 6.36592e-02
 6.36600e-02
 6.36619e-02
 6.36647e-02
 6.36691e-02
 6.36747e-02
 6.36822e-02
 6.36911e-02
 6.37021e-02
 6.37154e-02
 6.37313e-02
 6.37505e-02
 6.37736e-02
 6.38015e-02
 6.38356e-02
 6.38770e-02
 6.39276e-02
 6.39896e-02
 6.40658e-02
 6.41594e-02
 6.42742e-02
 6.44149e-02
 6.45870e-02
 6.47966e-02
 6.50515e-02
 6.53608e-02
 6.57353e-02
 6.61877e-02
 6.67332e-02
 6.73902e-02
 6.81815e-02
 6.91343e-02
 7.02824e-02
 7.16686e-02
 7.33467e-02
 7.53849e-02
 7.78717e-02
 8.09203e-02
 8.46831e-02
 8.93761e-02
 9.51970e-02
 1.02465e-01
 1.14764e-01
 1.34977e-01
 1.39143e-01
 1.20004e-01
 5.94931e-02
 1.07259e-02
 3.69705e-04
 1.41640e-06
 9.79306e-07
 9.79264e-07
 9.79264e-07
 9.79264e-07
 9.79264e-07
 9.79264e-07
 9.79264e-07
 9.79264e-07
 9.79264e-07
 9.78308e-07
 6.36738e-02
 6.36748e-02
 6.36769e-02
 6.36802e-02
 6.36852e-02
 6.36916e-02
 6.37001e-02
 6.37103e-02
 6.37228e-02
 6.37378e-02
 6.37560e-02
 6.37777e-02
 6.38039e-02
 6.38356e-02
 6.38738e-02
 6.39203e-02
 6.39767e-02
 6.40458e-02
 6.41302e-02
 6.42335e-02
 6.43598e-02
 6.45143e-02
 6.47026e-02
 6.49311e-02
 6.52083e-02
 6.55440e-02
 6.59493e-02
 6.64379e-02
 6.70257e-02
 6.77326e-02
 6.85828e-02
 6.96050e-02
 7.08356e-02
 7.23203e-02
 7.41167e-02
 7.62984e-02
 7.89603e-02
 8.22248e-02
 8.62621e-02
 9.12985e-02
 9.74843e-02
 1.05555e-01
 1.20966e-01
 1.38766e-01
 1.37255e-01
 1.06038e-01
 3.97222e-02
 5.01922e-03
 7.88584e-05
 1.00660e-06
 9.79271e-07
 9.79264e-07
 9.79264e-07
 9.79264e-07
 9.79264e-07
 9.79264e-07
 9.79264e-07
 9.79264e-07
 9.79264e-07
 9.78308e-07
 6.36928e-02
 6.36939e-02
 6.36962e-02
 6.37002e-02
 6.37057e-02
 6.37132e-02
 6.37226e-02
 6.37344e-02
 6.37486e-02
 6.37659e-02
 6.37864e-02
 6.38113e-02
 6.38410e-02
 6.38770e-02
 6.39203e-02
 6.39726e-02
 6.40361e-02
 6.41134e-02
 6.42076e-02
 6.43223e-02
 6.44622e-02
 6.46327e-02
 6.48397e-02
 6.50903e-02
 6.53933e-02
 6.57593e-02
 6.62001e-02
 6.67300e-02
 6.73663e-02
 6.81304e-02
 6.90478e-02
 7.01494e-02
 7.14743e-02
 7.30719e-02
 7.50043e-02
 7.73513e-02
 8.02153e-02
 8.37297e-02
 8.80882e-02
 9.35070e-02
 1.00108e-01
 1.09624e-01
 1.28532e-01
 1.40501e-01
 1.32160e-01
 8.61558e-02
 2.29041e-02
 1.78986e-03
 1.14047e-05
 9.80552e-07
 9.79265e-07
 9.79264e-07
 9.79264e-07
 9.79264e-07
 9.79264e-07
 9.79264e-07
 9.79264e-07
 9.79264e-07
 9.79264e-07
 9.78308e-07
 6.37172e-02
 6.37183e-02
 6.37211e-02
 6.37254e-02
 6.37319e-02
 6.37403e-02
 6.37512e-02
 6.37646e-02
 6.37810e-02
 6.38007e-02
 6.38244e-02
 6.38527e-02
 6.38867e-02
 6.39276e-02
 6.39767e-02
 6.40361e-02
 6.41079e-02
 6.41949e-02
 6.43006e-02
 6.44289e-02
 6.45847e-02
 6.47737e-02
 6.50024e-02
 6.52787e-02
 6.56115e-02
 6.60122e-02
 6.64936e-02
 6.70709e-02
 6.77628e-02
 6.85922e-02
 6.95865e-02
 7.07789e-02
 7.22120e-02
 7.39391e-02
 7.60279e-02
 7.85655e-02
 8.16622e-02
 8.54685e-02
 9.02008e-02
 9.60270e-02
 1.03198e-01
 1.15272e-01
 1.35619e-01
 1.40388e-01
 1.21769e-01
 6.12926e-02
 1.13741e-02
 4.44611e-04
 1.76014e-06
 9.79376e-07
 9.79264e-07
 9.79264e-07
 9.79264e-07
 9.79264e-07
 9.79264e-07
 9.79264e-07
 9.79264e-07
 9.79264e-07
 9.79264e-07
 9.78308e-07
 6.37479e-02
 6.37493e-02
 6.37525e-02
 6.37576e-02
 6.37650e-02
 6.37748e-02
 6.37872e-02
 6.38027e-02
 6.38215e-02
 6.38442e-02
 6.38714e-02
 6.39040e-02
 6.39429e-02
 6.39896e-02
 6.40458e-02
 6.41134e-02
 6.41949e-02
 6.42934e-02
 6.44126e-02
 6.45568e-02
 6.47311e-02
 6.49417e-02
 6.51956e-02
 6.55014e-02
 6.58685e-02
 6.63092e-02
 6.68371e-02
 6.74687e-02
 6.82242e-02
 6.91285e-02
 7.02107e-02
 7.15070e-02
 7.30642e-02
 7.49402e-02
 7.72094e-02
 7.99665e-02
 8.33322e-02
 8.74824e-02
 9.26392e-02
 9.88896e-02
 1.07093e-01
 1.23103e-01
 1.40284e-01
 1.37800e-01
 1.03818e-01
 3.68096e-02
 4.42277e-03
 6.90962e-05
 1.00911e-06
 9.79277e-07
 9.79264e-07
 9.79264e-07
 9.79264e-07
 9.79264e-07
 9.79264e-07
 9.79264e-07
 9.79264e-07
 9.79264e-07
 9.79264e-07
 9.78308e-07
 6.37871e-02
 6.37886e-02
 6.37922e-02
 6.37983e-02
 6.38068e-02
 6.38181e-02
 6.38325e-02
 6.38504e-02
 6.38722e-02
 6.38984e-02
 6.39298e-02
 6.39673e-02
 6.40122e-02
 6.40658e-02
 6.41302e-02
 6.42076e-02
 6.43006e-02
 6.44126e-02
 6.45477e-02
 6.47103e-02
 6.49062e-02
 6.51419e-02
 6.54251e-02
 6.57646e-02
 6.61713e-02
 6.66578e-02
 6.72391e-02
 6.79328e-02
 6.87614e-02
 6.97513e-02
 7.09339e-02
 7.23497e-02
 7.40495e-02
 7.60972e-02
 7.85745e-02
 8.15846e-02
 8.52643e-02
 8.98208e-02
 9.54339e-02
 1.02185e-01
 1.12499e-01
 1.32355e-01
 1.41788e-01
 1.29951e-01
 7.76359e-02
 1.80714e-02
 1.18392e-03
 6.72301e-06
 9.80207e-07
 9.79265e-07
 9.79264e-07
 9.79264e-07
 9.79264e-07
 9.79264e-07
 9.79264e-07
 9.79264e-07
 9.79264e-07
 9.79264e-07
 9.79264e-07
 9.78308e-07
 6.38362e-02
 6.38379e-02
 6.38423e-02
 6.38493e-02
 6.38593e-02
 6.38725e-02
 6.38892e-02
 6.39101e-02
 6.39354e-02
 6.39659e-02
 6.40023e-02
 6.40456e-02
 6.40975e-02
 6.41594e-02
 6.42335e-02
 6.43223e-02
 6.44289e-02
 6.45568e-02
 6.47103e-02
 6.48945e-02
 6.51154e-02
 6.53802e-02
 6.56972e-02
 6.60759e-02
 6.65279e-02
 6.70670e-02
 6.77094e-02
 6.84744e-02
 6.93867e-02
 7.04745e-02
 7.17726e-02
 7.33258e-02
 7.51900e-02
 7.74359e-02
 8.01538e-02
 8.34562e-02
 8.75087e-02
 9.25350e-02
 9.86050e-02
 1.06221e-01
 1.20372e-01
 1.39672e-01
 1.40391e-01
 1.13510e-01
 4.74021e-02
 7.13076e-03
 1.91759e-04
 1.20487e-06
 9.79339e-07
 9.79264e-07
 9.79264e-07
 9.79264e-07
 9.79264e-07
 9.79264e-07
 9.79264e-07
 9.79264e-07
 9.79264e-07
 9.79264e-07
 9.79264e-07
 9.78308e-07
 6.38976e-02
 6.38997e-02
 6.39049e-02
 6.39132e-02
 6.39250e-02
 6.39404e-02
 6.39601e-02
 6.39843e-02
 6.40140e-02
 6.40496e-02
 6.40920e-02
 6.41424e-02
 6.42025e-02
 6.42742e-02
 6.43598e-02
 6.44622e-02
 6.45848e-02
 6.47311e-02
 6.49062e-02
 6.51154e-02
 6.53655e-02
 6.56639e-02
 6.60199e-02
 6.64437e-02
 6.69478e-02
 6.75472e-02
 6.82594e-02
 6.91066e-02
 7.01151e-02
 7.13151e-02
 7.27462e-02
 7.44579e-02
 7.65118e-02
 7.89876e-02
 8.19832e-02
 8.56280e-02
 9.01288e-02
 9.56609e-02
 1.02221e-01
 1.11809e-01
 1.30877e-01
 1.42647e-01
 1.33734e-01
 8.61307e-02
 2.27194e-02
 1.89362e-03
 1.69877e-05
 9.83837e-07
 9.79270e-07
 9.79264e-07
 9.79264e-07
 9.79264e-07
 9.79264e-07
 9.79264e-07
 9.79264e-07
 9.79264e-07
 9.79264e-07
 9.79264e-07
 9.79264e-07
 9.78308e-07
 6.39743e-02
 6.39767e-02
 6.39830e-02
 6.39928e-02
 6.40067e-02
 6.40249e-02
 6.40480e-02
 6.40766e-02
 6.41113e-02
 6.41529e-02
 6.42025e-02
 6.42614e-02
 6.43315e-02
 6.44149e-02
 6.45144e-02
 6.46327e-02
 6.47737e-02
 6.49418e-02
 6.51420e-02
 6.53803e-02
 6.56640e-02
 6.60014e-02
 6.64022e-02
 6.68777e-02
 6.74420e-02
 6.81104e-02
 6.89033e-02
 6.98453e-02
 7.09636e-02
 7.22930e-02
 7.38778e-02
 7.57725e-02
 7.80471e-02
 8.07893e-02
 8.41063e-02
 8.81637e-02
 9.31894e-02
 9.92045e-02
 1.06626e-01
 1.20253e-01
 1.39926e-01
 1.41693e-01
 1.16960e-01
 5.15825e-02
 8.44127e-03
 2.89618e-04
 1.56568e-06
 9.79465e-07
 9.79264e-07
 9.79264e-07
 9.79264e-07
 9.79264e-07
 9.79264e-07
 9.79264e-07
 9.79264e-07
 9.79264e-07
 9.79264e-07
 9.79264e-07
 9.79264e-07
 9.78308e-07
 6.40694e-02
 6.40723e-02
 6.40798e-02
 6.40915e-02
 6.41080e-02
 6.41296e-02
 6.41571e-02
 6.41908e-02
 6.42316e-02
 6.42804e-02
 6.43385e-02
 6.44075e-02
 6.44895e-02
 6.45870e-02
 6.47027e-02
 6.48398e-02
 6.50025e-02
 6.51958e-02
 6.54252e-02
 6.56973e-02
 6.60200e-02
 6.64023e-02
 6.68546e-02
 6.73900e-02
 6.80227e-02
 6.87709e-02
 6.96577e-02
 7.07082e-02
 7.19531e-02
 7.34324e-02
 7.51950e-02
 7.73026e-02
 7.98344e-02
 8.28844e-02
 8.65823e-02
 9.11474e-02
 9.67197e-02
 1.03238e-01
 1.12882e-01
 1.31972e-01
 1.43530e-01
 1.34481e-01
 8.66238e-02
 2.30692e-02
 2.03266e-03
 2.21900e-05
 9.88406e-07
 9.79279e-07
 9.79264e-07
 9.79264e-07
 9.79264e-07
 9.79264e-07
 9.79264e-07
 9.79264e-07
 9.79264e-07
 9.79264e-07
 9.79264e-07
 9.79264e-07
 9.79264e-07
 9.78308e-07
 6.41871e-02
 6.41907e-02
 6.41995e-02
 6.42136e-02
 6.42333e-02
 6.42591e-02
 6.42916e-02
 6.43315e-02
 6.43797e-02
 6.44373e-02
 6.45057e-02
 6.45867e-02
 6.46829e-02
 6.47967e-02
 6.49313e-02
 6.50905e-02
 6.52789e-02
 6.55016e-02
 6.57648e-02
 6.60761e-02
 6.64439e-02
 6.68779e-02
 6.73901e-02
 6.79938e-02
 6.87054e-02
 6.95473e-02
 7.05419e-02
 7.17168e-02
 7.31088e-02
 7.47621e-02
 7.67316e-02
 7.90886e-02
 8.19188e-02
 8.53276e-02
 8.94986e-02
 9.46493e-02
 1.00702e-01
 1.08283e-01
 1.22704e-01
 1.41597e-01
 1.42043e-01
 1.14596e-01
 4.80313e-02
 7.59164e-03
 2.60527e-04
 1.59590e-06
 9.79543e-07
 9.79265e-07
 9.79264e-07
 9.79264e-07
 9.79264e-07
 9.79264e-07
 9.79264e-07
 9.79264e-07
 9.79264e-07
 9.79264e-07
 9.79264e-07
 9.79264e-07
 9.79264e-07
 9.78308e-07
 6.43323e-02
 6.43365e-02
 6.43471e-02
 6.43640e-02
 6.43877e-02
 6.44186e-02
 6.44573e-02
 6.45047e-02
 6.45618e-02
 6.46298e-02
 6.47105e-02
 6.48059e-02
 6.49187e-02
 6.50517e-02
 6.52086e-02
 6.53936e-02
 6.56118e-02
 6.58688e-02
 6.61716e-02
 6.65282e-02
 6.69481e-02
 6.74423e-02
 6.80229e-02
 6.87056e-02
 6.95110e-02
 7.04600e-02
 7.15778e-02
 7.28980e-02
 7.44614e-02
 7.63173e-02
 7.85299e-02
 8.11782e-02
 8.43533e-02
 8.82020e-02
 9.29610e-02
 9.86620e-02
 1.05294e-01
 1.15944e-01
 1.35753e-01
 1.44358e-01
 1.31803e-01
 7.84450e-02
 1.88291e-02
 1.48989e-03
 1.53566e-05
 9.86403e-07
 9.79281e-07
 9.79264e-07
 9.79264e-07
 9.79264e-07
 9.79264e-07
 9.79264e-07
 9.79264e-07
 9.79264e-07
 9.79264e-07
 9.79264e-07
 9.79264e-07
 9.79264e-07
 9.79264e-07
 9.78308e-07
 6.45104e-02
 6.45156e-02
 6.45284e-02
 6.45488e-02
 6.45773e-02
 6.46145e-02
 6.46608e-02
 6.47171e-02
 6.47848e-02
 6.48653e-02
 6.49605e-02
 6.50729e-02
 6.52053e-02
 6.53611e-02
 6.55443e-02
 6.57596e-02
 6.60125e-02
 6.63096e-02
 6.66582e-02
 6.70674e-02
 6.75477e-02
 6.81109e-02
 6.87713e-02
 6.95477e-02
 7.04602e-02
 7.15321e-02
 7.27943e-02
 7.42844e-02
 7.60476e-02
 7.81420e-02
 8.06407e-02
 8.36256e-02
 8.72156e-02
 9.16321e-02
 9.70077e-02
 1.03165e-01
 1.11541e-01
 1.28266e-01
 1.43968e-01
 1.40607e-01
 1.04768e-01
 3.71627e-02
 5.03813e-03
 1.38381e-04
 1.25277e-06
 9.79477e-07
 9.79265e-07
 9.79264e-07
 9.79264e-07
 9.79264e-07
 9.79264e-07
 9.79264e-07
 9.79264e-07
 9.79264e-07
 9.79264e-07
 9.79264e-07
 9.79264e-07
 9.79264e-07
 9.79264e-07
 9.78308e-07
 6.47284e-02
 6.47350e-02
 6.47506e-02
 6.47753e-02
 6.48096e-02
 6.48541e-02
 6.49095e-02
 6.49766e-02
 6.50571e-02
 6.51525e-02
 6.52651e-02
 6.53975e-02
 6.55532e-02
 6.57357e-02
 6.59497e-02
 6.62004e-02
 6.64940e-02
 6.68376e-02
 6.72396e-02
 6.77100e-02
 6.82601e-02
 6.89039e-02
 6.96584e-02
 7.05425e-02
 7.15783e-02
 7.27946e-02
 7.42262e-02
 7.59148e-02
 7.79138e-02
 8.02908e-02
 8.31210e-02
 8.65045e-02
 9.06361e-02
 9.57078e-02
 1.01561e-01
 1.08705e-01
 1.21909e-01
 1.41279e-01
 1.44203e-01
 1.23096e-01
 6.05378e-02
 1.19483e-02
 6.99785e-04
 5.74314e-06
 9.81750e-07
 9.79274e-07
 9.79264e-07
 9.79264e-07
 9.79264e-07
 9.79264e-07
 9.79264e-07
 9.79264e-07
 9.79264e-07
 9.79264e-07
 9.79264e-07
 9.79264e-07
 9.79264e-07
 9.79264e-07
 9.79264e-07
 9.78308e-07
 6.49950e-02
 6.50031e-02
 6.50221e-02
 6.50521e-02
 6.50933e-02
 6.51467e-02
 6.52128e-02
 6.52929e-02
 6.53885e-02
 6.55017e-02
 6.56349e-02
 6.57912e-02
 6.59742e-02
 6.61882e-02
 6.64384e-02
 6.67305e-02
 6.70715e-02
 6.74693e-02
 6.79335e-02
 6.84751e-02
 6.91074e-02
 6.98461e-02
 7.07091e-02
 7.17177e-02
 7.28989e-02
 7.42851e-02
 7.59152e-02
 7.78388e-02
 8.01184e-02
 8.28241e-02
 8.60437e-02
 8.99468e-02
 9.47490e-02
 1.00356e-01
 1.06834e-01
 1.17525e-01
 1.36846e-01
 1.45446e-01
 1.34247e-01
 8.40098e-02
 2.23580e-02
 2.24988e-03
 3.96220e-05
 1.02777e-06
 9.79357e-07
 9.79264e-07
 9.79264e-07
 9.79264e-07
 9.79264e-07
 9.79264e-07
 9.79264e-07
 9.79264e-07
 9.79264e-07
 9.79264e-07
 9.79264e-07
 9.79264e-07
 9.79264e-07
 9.79264e-07
 9.79264e-07
 9.78308e-07
 6.53204e-02
 6.53302e-02
 6.53533e-02
 6.53894e-02
 6.54391e-02
 6.55031e-02
 6.55821e-02
 6.56776e-02
 6.57913e-02
 6.59255e-02
 6.60831e-02
 6.62675e-02
 6.64828e-02
 6.67339e-02
 6.70264e-02
 6.73670e-02
 6.77635e-02
 6.82250e-02
 6.87621e-02
 6.93875e-02
 7.01160e-02
 7.09647e-02
 7.19542e-02
 7.31101e-02
 7.44626e-02
 7.60487e-02
 7.79147e-02
 8.01189e-02
 8.27264e-02
 8.58172e-02
 8.95426e-02
 9.41189e-02
 9.95073e-02
 1.05592e-01
 1.14652e-01
 1.32262e-01
 1.45348e-01
 1.40452e-01
 1.02739e-01
 3.60970e-02
 5.22012e-03
 1.81866e-04
 1.63204e-06
 9.79834e-07
 9.79267e-07
 9.79264e-07
 9.79264e-07
 9.79264e-07
 9.79264e-07
 9.79264e-07
 9.79264e-07
 9.79264e-07
 9.79264e-07
 9.79264e-07
 9.79264e-07
 9.79264e-07
 9.79264e-07
 9.79264e-07
 9.79264e-07
 9.78308e-07
 6.57166e-02
 6.57286e-02
 6.57566e-02
 6.58001e-02
 6.58599e-02
 6.59365e-02
 6.60310e-02
 6.61448e-02
 6.62799e-02
 6.64391e-02
 6.66255e-02
 6.68431e-02
 6.70965e-02
 6.73912e-02
 6.77336e-02
 6.81314e-02
 6.85932e-02
 6.91294e-02
 6.97522e-02
 7.04755e-02
 7.13162e-02
 7.22943e-02
 7.34339e-02
 7.47638e-02
 7.63191e-02
 7.81437e-02
 8.02922e-02
 8.28251e-02
 8.58177e-02
 8.94097e-02
 9.38070e-02
 9.90010e-02
 1.04817e-01
 1.12872e-01
 1.28512e-01
 1.44523e-01
 1.43601e-01
 1.16045e-01
 5.12598e-02
 9.61289e-03
 5.63845e-04
 5.69581e-06
 9.83127e-07
 9.79286e-07
 9.79264e-07
 9.79264e-07
 9.79264e-07
 9.79264e-07
 9.79264e-07
 9.79264e-07
 9.79264e-07
 9.79264e-07
 9.79264e-07
 9.79264e-07
 9.79264e-07
 9.79264e-07
 9.79264e-07
 9.79264e-07
 9.79264e-07
 9.78308e-07
 6.61989e-02
 6.62136e-02
 6.62474e-02
 6.62999e-02
 6.63717e-02
 6.64634e-02
 6.65761e-02
 6.67116e-02
 6.68722e-02
 6.70609e-02
 6.72815e-02
 6.75383e-02
 6.78366e-02
 6.81828e-02
 6.85841e-02
 6.90491e-02
 6.95878e-02
 7.02119e-02
 7.09351e-02
 7.17739e-02
 7.27477e-02
 7.38795e-02
 7.51970e-02
 7.67339e-02
 7.85323e-02
 8.06431e-02
 8.31230e-02
 8.60451e-02
 8.95435e-02
 9.38074e-02
 9.88328e-02
 1.04442e-01
 1.11905e-01
 1.26063e-01
 1.43421e-01
 1.45061e-01
 1.24781e-01
 6.53656e-02
 1.49363e-02
 1.28625e-03
 2.12901e-05
 1.00948e-06
 9.79365e-07
 9.79264e-07
 9.79264e-07
 9.79264e-07
 9.79264e-07
 9.79264e-07
 9.79264e-07
 9.79264e-07
 9.79264e-07
 9.79264e-07
 9.79264e-07
 9.79264e-07
 9.79264e-07
 9.79264e-07
 9.79264e-07
 9.79264e-07
 9.79264e-07
 9.78308e-07
 6.67862e-02
 6.68040e-02
 6.68449e-02
 6.69082e-02
 6.69944e-02
 6.71039e-02
 6.72382e-02
 6.73992e-02
 6.75899e-02
 6.78135e-02
 6.80744e-02
 6.83775e-02
 6.87290e-02
 6.91359e-02
 6.96066e-02
 7.01510e-02
 7.07805e-02
 7.15086e-02
 7.23513e-02
 7.33276e-02
 7.44598e-02
 7.57748e-02
 7.73051e-02
 7.90914e-02
 8.11812e-02
 8.36286e-02
 8.65072e-02
 8.99488e-02
 9.41202e-02
 9.90018e-02
 1.04442e-01
 1.11599e-01
 1.24892e-01
 1.42470e-01
 1.45764e-01
 1.30075e-01
 7.67176e-02
 2.03643e-02
 2.31582e-03
 5.98872e-05
 1.15408e-06
 9.79603e-07
 9.79266e-07
 9.79264e-07
 9.79264e-07
 9.79264e-07
 9.79264e-07
 9.79264e-07
 9.79264e-07
 9.79264e-07
 9.79264e-07
 9.79264e-07
 9.79264e-07
 9.79264e-07
 9.79264e-07
 9.79264e-07
 9.79264e-07
 9.79264e-07
 9.79264e-07
 9.78308e-07
 6.75018e-02
 6.75231e-02
 6.75726e-02
 6.76487e-02
 6.77517e-02
 6.78822e-02
 6.80419e-02
 6.82333e-02
 6.84596e-02
 6.87245e-02
 6.90330e-02
 6.93910e-02
 6.98054e-02
 7.02844e-02
 7.08376e-02
 7.14764e-02
 7.22141e-02
 7.30663e-02
 7.40518e-02
 7.51924e-02
 7.65144e-02
 7.80499e-02
 7.98375e-02
 8.19221e-02
 8.43568e-02
 8.72191e-02
 9.06393e-02
 9.47515e-02
 9.95090e-02
 1.04818e-01
 1.11906e-01
 1.24891e-01
 1.42104e-01
 1.46044e-01
 1.32863e-01
 8.42819e-02
 2.51225e-02
 3.46341e-03
 1.26749e-04
 1.63707e-06
 9.80211e-07
 9.79273e-07
 9.79264e-07
 9.79264e-07
 9.79264e-07
 9.79264e-07
 9.79264e-07
 9.79264e-07
 9.79264e-07
 9.79264e-07
 9.79264e-07
 9.79264e-07
 9.79264e-07
 9.79264e-07
 9.79264e-07
 9.79264e-07
 9.79264e-07
 9.79264e-07
 9.79264e-07
 9.78308e-07
 6.83739e-02
 6.83997e-02
 6.84592e-02
 6.85502e-02
 6.86730e-02
 6.88284e-02
 6.90184e-02
 6.92458e-02
 6.95143e-02
 6.98283e-02
 7.01935e-02
 7.06167e-02
 7.11060e-02
 7.16710e-02
 7.23228e-02
 7.30746e-02
 7.39419e-02
 7.49431e-02
 7.61002e-02
 7.74390e-02
 7.89909e-02
 8.07928e-02
 8.28881e-02
 8.53314e-02
 8.82058e-02
 9.16359e-02
 9.57113e-02
 1.00359e-01
 1.05594e-01
 1.12874e-01
 1.26064e-01
 1.42469e-01
 1.46044e-01
 1.33728e-01
 8.80018e-02
 2.84256e-02
 4.45419e-03
 2.09817e-04
 2.64771e-06
 9.81640e-07
 9.79288e-07
 9.79264e-07
 9.79264e-07
 9.79264e-07
 9.79264e-07
 9.79264e-07
 9.79264e-07
 9.79264e-07
 9.79264e-07
 9.79264e-07
 9.79264e-07
 9.79264e-07
 9.79264e-07
 9.79264e-07
 9.79264e-07
 9.79264e-07
 9.79264e-07
 9.79264e-07
 9.79264e-07
 9.78308e-07
 6.94383e-02
 6.94693e-02
 6.95406e-02
 6.96493e-02
 6.97956e-02
 6.99806e-02
 7.02066e-02
 7.04769e-02
 7.07957e-02
 7.11682e-02
 7.16012e-02
 7.21024e-02
 7.26815e-02
 7.33496e-02
 7.41199e-02
 7.50078e-02
 7.60316e-02
 7.72132e-02
 7.85784e-02
 8.01577e-02
 8.19872e-02
 8.41104e-02
 8.65864e-02
 8.95028e-02
 9.29653e-02
 9.70117e-02
 1.01564e-01
 1.06837e-01
 1.14654e-01
 1.28514e-01
 1.43422e-01
 1.45766e-01
 1.32864e-01
 8.80008e-02
 2.96018e-02
 5.02764e-03
 2.80288e-04
 3.98571e-06
 9.84297e-07
 9.79314e-07
 9.79264e-07
 9.79264e-07
 9.79264e-07
 9.79264e-07
 9.79264e-07
 9.79264e-07
 9.79264e-07
 9.79264e-07
 9.79264e-07
 9.79264e-07
 9.79264e-07
 9.79264e-07
 9.79264e-07
 9.79264e-07
 9.79264e-07
 9.79264e-07
 9.79264e-07
 9.79264e-07
 9.79264e-07
 9.78308e-07
 7.07398e-02
 7.07767e-02
 7.08624e-02
 7.09921e-02
 7.11663e-02
 7.13866e-02
 7.16555e-02
 7.19771e-02
 7.23562e-02
 7.27991e-02
 7.33133e-02
 7.39085e-02
 7.45958e-02
 7.53886e-02
 7.63024e-02
 7.73557e-02
 7.85700e-02
 7.99712e-02
 8.15894e-02
 8.34611e-02
 8.56328e-02
 8.81685e-02
 9.11522e-02
 9.46541e-02
 9.86666e-02
 1.03169e-01
 1.08708e-01
 1.17529e-01
 1.32265e-01
 1.44526e-01
 1.45065e-01
 1.30076e-01
 8.42838e-02
 2.84202e-02
 5.02754e-03
 3.08041e-04
 4.97670e-06
 9.87431e-07
 9.79342e-07
 9.79265e-07
 9.79264e-07
 9.79264e-07
 9.79264e-07
 9.79264e-07
 9.79264e-07
 9.79264e-07
 9.79264e-07
 9.79264e-07
 9.79264e-07
 9.79264e-07
 9.79264e-07
 9.79264e-07
 9.79264e-07
 9.79264e-07
 9.79264e-07
 9.79264e-07
 9.79264e-07
 9.79264e-07
 9.79264e-07
 9.78308e-07
 7.23355e-02
 7.23799e-02
 7.24822e-02
 7.26371e-02
 7.28451e-02
 7.31076e-02
 7.34280e-02
 7.38111e-02
 7.42626e-02
 7.47901e-02
 7.54030e-02
 7.61124e-02
 7.69316e-02
 7.78762e-02
 7.89653e-02
 8.02205e-02
 8.16677e-02
 8.33379e-02
 8.52702e-02
 8.75146e-02
 9.01346e-02
 9.31952e-02
 9.67255e-02
 1.00708e-01
 1.05299e-01
 1.11546e-01
 1.21914e-01
 1.36851e-01
 1.45352e-01
 1.43603e-01
 1.24782e-01
 7.67134e-02
 2.51227e-02
 4.45400e-03
 2.80292e-04
 4.97682e-06
 9.88905e-07
 9.79361e-07
 9.79265e-07
 9.79264e-07
 9.79264e-07
 9.79264e-07
 9.79264e-07
 9.79264e-07
 9.79264e-07
 9.79264e-07
 9.79264e-07
 9.79264e-07
 9.79264e-07
 9.79264e-07
 9.79264e-07
 9.79264e-07
 9.79264e-07
 9.79264e-07
 9.79264e-07
 9.79264e-07
 9.79264e-07
 9.79264e-07
 9.79264e-07
 9.78308e-07
 7.42991e-02
 7.43524e-02
 7.44749e-02
 7.46608e-02
 7.49094e-02
 7.52228e-02
 7.56050e-02
 7.60619e-02
 7.66008e-02
 7.72309e-02
 7.79637e-02
 7.88129e-02
 7.97940e-02
 8.09257e-02
 8.22306e-02
 8.37360e-02
 8.54751e-02
 8.74893e-02
 8.98279e-02
 9.25422e-02
 9.56680e-02
 9.92117e-02
 1.03245e-01
 1.08290e-01
 1.15951e-01
 1.28273e-01
 1.41288e-01
 1.45451e-01
 1.40455e-01
 1.16043e-01
 6.53668e-02
 2.03688e-02
 3.46338e-03
 2.09811e-04
 3.98564e-06
 9.87431e-07
 9.79361e-07
 9.79265e-07
 9.79264e-07
 9.79264e-07
 9.79264e-07
 9.79264e-07
 9.79264e-07
 9.79264e-07
 9.79264e-07
 9.79264e-07
 9.79264e-07
 9.79264e-07
 9.79264e-07
 9.79264e-07
 9.79264e-07
 9.79264e-07
 9.79264e-07
 9.79264e-07
 9.79264e-07
 9.79264e-07
 9.79264e-07
 9.79264e-07
 9.79264e-07
 9.78308e-07
 7.67270e-02
 7.67897e-02
 7.69379e-02
 7.71611e-02
 7.74588e-02
 7.78335e-02
 7.82906e-02
 7.88375e-02
 7.94831e-02
 8.02389e-02
 8.11192e-02
 8.21406e-02
 8.33229e-02
 8.46896e-02
 8.62691e-02
 8.80956e-02
 9.02086e-02
 9.26473e-02
 9.54423e-02
 9.86136e-02
 1.02230e-01
 1.06636e-01
 1.12893e-01
 1.22715e-01
 1.35764e-01
 1.43975e-01
 1.44208e-01
 1.34248e-01
 1.02739e-01
 5.12570e-02
 1.49357e-02
 2.31572e-03
 1.26737e-04
 2.64765e-06
 9.84296e-07
 9.79342e-07
 9.79265e-07
 9.79264e-07
 9.79264e-07
 9.79264e-07
 9.79264e-07
 9.79264e-07
 9.79264e-07
 9.79264e-07
 9.79264e-07
 9.79264e-07
 9.79264e-07
 9.79264e-07
 9.79264e-07
 9.79264e-07
 9.79264e-07
 9.79264e-07
 9.79264e-07
 9.79264e-07
 9.79264e-07
 9.79264e-07
 9.79264e-07
 9.79264e-07
 9.79264e-07
 9.78308e-07
 7.97427e-02
 7.98179e-02
 7.99975e-02
 8.02652e-02
 8.06223e-02
 8.10720e-02
 8.16211e-02
 8.22789e-02
 8.30572e-02
 8.39708e-02
 8.50376e-02
 8.62785e-02
 8.77179e-02
 8.93840e-02
 9.13068e-02
 9.35158e-02
 9.60363e-02
 9.88992e-02
 1.02195e-01
 1.06232e-01
 1.11822e-01
 1.20268e-01
 1.31988e-01
 1.41607e-01
 1.44365e-01
 1.40611e-01
 1.23094e-01
 8.40020e-02
 3.60940e-02
 9.61174e-03
 1.28604e-03
 5.98785e-05
 1.63699e-06
 9.81640e-07
 9.79314e-07
 9.79265e-07
 9.79264e-07
 9.79264e-07
 9.79264e-07
 9.79264e-07
 9.79264e-07
 9.79264e-07
 9.79264e-07
 9.79264e-07
 9.79264e-07
 9.79264e-07
 9.79264e-07
 9.79264e-07
 9.79264e-07
 9.79264e-07
 9.79264e-07
 9.79264e-07
 9.79264e-07
 9.79264e-07
 9.79264e-07
 9.79264e-07
 9.79264e-07
 9.79264e-07
 9.79264e-07
 9.78308e-07
 8.35117e-02
 8.36069e-02
 8.38220e-02
 8.41442e-02
 8.45743e-02
 8.51171e-02
 8.57814e-02
 8.65793e-02
 8.75265e-02
 8.86414e-02
 8.99444e-02
 9.14573e-02
 9.32035e-02
 9.52064e-02
 9.74942e-02
 1.00118e-01
 1.03210e-01
 1.07106e-01
 1.12514e-01
 1.20389e-01
 1.30894e-01
 1.39938e-01
 1.43539e-01
 1.42049e-01
 1.31802e-01
 1.04763e-01
 6.05296e-02
 2.23570e-02
 5.21904e-03
 5.63696e-04
 2.12838e-05
 1.15402e-06
 9.80211e-07
 9.79288e-07
 9.79264e-07
 9.79264e-07
 9.79264e-07
 9.79264e-07
 9.79264e-07
 9.79264e-07
 9.79264e-07
 9.79264e-07
 9.79264e-07
 9.79264e-07
 9.79264e-07
 9.79264e-07
 9.79264e-07
 9.79264e-07
 9.79264e-07
 9.79264e-07
 9.79264e-07
 9.79264e-07
 9.79264e-07
 9.79264e-07
 9.79264e-07
 9.79264e-07
 9.79264e-07
 9.79264e-07
 9.79264e-07
 9.78308e-07
 8.82631e-02
 8.83782e-02
 8.86369e-02
 8.90263e-02
 8.95456e-02
 9.02021e-02
 9.10072e-02
 9.19756e-02
 9.31246e-02
 9.44731e-02
 9.60423e-02
 9.78603e-02
 9.99738e-02
 1.02477e-01
 1.05568e-01
 1.09639e-01
 1.15289e-01
 1.23124e-01
 1.32375e-01
 1.39686e-01
 1.42655e-01
 1.41699e-01
 1.34480e-01
 1.14588e-01
 7.84310e-02
 3.71538e-02
 1.19449e-02
 2.24904e-03
 1.81776e-04
 5.69327e-06
 1.00946e-06
 9.79603e-07
 9.79273e-07
 9.79264e-07
 9.79264e-07
 9.79264e-07
 9.79264e-07
 9.79264e-07
 9.79264e-07
 9.79264e-07
 9.79264e-07
 9.79264e-07
 9.79264e-07
 9.79264e-07
 9.79264e-07
 9.79264e-07
 9.79264e-07
 9.79264e-07
 9.79264e-07
 9.79264e-07
 9.79264e-07
 9.79264e-07
 9.79264e-07
 9.79264e-07
 9.79264e-07
 9.79264e-07
 9.79264e-07
 9.79264e-07
 9.79264e-07
 9.78308e-07
 9.42550e-02
 9.43764e-02
 9.46886e-02
 9.51549e-02
 9.57770e-02
 9.65648e-02
 9.75376e-02
 9.87198e-02
 1.00145e-01
 1.01868e-01
 1.03981e-01
 1.06645e-01
 1.10126e-01
 1.14784e-01
 1.20989e-01
 1.28553e-01
 1.35637e-01
 1.40294e-01
 1.41796e-01
 1.40396e-01
 1.33730e-01
 1.16946e-01
 8.66048e-02
 4.80121e-02
 1.88217e-02
 5.03563e-03
 6.99353e-04
 3.95921e-05
 1.63145e-06
 9.83124e-07
 9.79365e-07
 9.79266e-07
 9.79264e-07
 9.79264e-07
 9.79264e-07
 9.79264e-07
 9.79264e-07
 9.79264e-07
 9.79264e-07
 9.79264e-07
 9.79264e-07
 9.79264e-07
 9.79264e-07
 9.79264e-07
 9.79264e-07
 9.79264e-07
 9.79264e-07
 9.79264e-07
 9.79264e-07
 9.79264e-07
 9.79264e-07
 9.79264e-07
 9.79264e-07
 9.79264e-07
 9.79264e-07
 9.79264e-07
 9.79264e-07
 9.79264e-07
 9.79264e-07
 9.78308e-07
 1.02089e-01
 1.02239e-01
 1.02643e-01
 1.03260e-01
 1.04117e-01
 1.05255e-01
 1.06746e-01
 1.08691e-01
 1.11222e-01
 1.14507e-01
 1.18736e-01
 1.24017e-01
 1.29722e-01
 1.34995e-01
 1.38779e-01
 1.40509e-01
 1.40393e-01
 1.37799e-01
 1.29943e-01
 1.13492e-01
 8.61036e-02
 5.15588e-02
 2.30581e-02
 7.58636e-03
 1.48862e-03
 1.38241e-04
 5.73743e-06
 1.02770e-06
 9.79834e-07
 9.79286e-07
 9.79264e-07
 9.79264e-07
 9.79264e-07
 9.79264e-07
 9.79264e-07
 9.79264e-07
 9.79264e-07
 9.79264e-07
 9.79264e-07
 9.79264e-07
 9.79264e-07
 9.79264e-07
 9.79264e-07
 9.79264e-07
 9.79264e-07
 9.79264e-07
 9.79264e-07
 9.79264e-07
 9.79264e-07
 9.79264e-07
 9.79264e-07
 9.79264e-07
 9.79264e-07
 9.79264e-07
 9.79264e-07
 9.79264e-07
 9.79264e-07
 9.79264e-07
 9.79264e-07
 9.78308e-07
 1.16101e-01
 1.16442e-01
 1.17172e-01
 1.18325e-01
 1.19978e-01
 1.22190e-01
 1.24892e-01
 1.27986e-01
 1.31287e-01
 1.34480e-01
 1.37097e-01
 1.38754e-01
 1.39498e-01
 1.39146e-01
 1.37254e-01
 1.32151e-01
 1.21750e-01
 1.03789e-01
 7.76018e-02
 4.73719e-02
 2.27036e-02
 8.43391e-03
 2.03046e-03
 2.60167e-04
 1.53328e-05
 1.25226e-06
 9.81747e-07
 9.79357e-07
 9.79267e-07
 9.79264e-07
 9.79264e-07
 9.79264e-07
 9.79264e-07
 9.79264e-07
 9.79264e-07
 9.79264e-07
 9.79264e-07
 9.79264e-07
 9.79264e-07
 9.79264e-07
 9.79264e-07
 9.79264e-07
 9.79264e-07
 9.79264e-07
 9.79264e-07
 9.79264e-07
 9.79264e-07
 9.79264e-07
 9.79264e-07
 9.79264e-07
 9.79264e-07
 9.79264e-07
 9.79264e-07
 9.79264e-07
 9.79264e-07
 9.79264e-07
 9.79264e-07
 9.79264e-07
 9.79264e-07
 9.78308e-07
 1.35489e-01
 1.35653e-01
 1.35975e-01
 1.36417e-01
 1.36952e-01
 1.37494e-01
 1.37990e-01
 1.38321e-01
 1.38332e-01
 1.37849e-01
 1.36646e-01
 1.33980e-01
 1.28815e-01
 1.19979e-01
 1.06003e-01
 8.61143e-02
 6.12500e-02
 3.67773e-02
 1.80551e-02
 7.12229e-03
 1.89085e-03
 2.89092e-04
 2.21444e-05
 1.59434e-06
 9.86385e-07
 9.79476e-07
 9.79274e-07
 9.79264e-07
 9.79264e-07
 9.79264e-07
 9.79264e-07
 9.79264e-07
 9.79264e-07
 9.79264e-07
 9.79264e-07
 9.79264e-07
 9.79264e-07
 9.79264e-07
 9.79264e-07
 9.79264e-07
 9.79264e-07
 9.79264e-07
 9.79264e-07
 9.79264e-07
 9.79264e-07
 9.79264e-07
 9.79264e-07
 9.79264e-07
 9.79264e-07
 9.79264e-07
 9.79264e-07
 9.79264e-07
 9.79264e-07
 9.79264e-07
 9.79264e-07
 9.79264e-07
 9.79264e-07
 9.79264e-07
 9.79264e-07
 9.78308e-07
 1.36710e-01
 1.36506e-01
 1.36212e-01
 1.35732e-01
 1.34956e-01
 1.33729e-01
 1.31813e-01
 1.28874e-01
 1.24462e-01
 1.17971e-01
 1.08620e-01
 9.57756e-02
 7.91647e-02
 5.94411e-02
 3.96807e-02
 2.28761e-02
 1.13588e-02
 4.41546e-03
 1.18156e-03
 1.91297e-04
 1.69419e-05
 1.56370e-06
 9.88375e-07
 9.79543e-07
 9.79281e-07
 9.79265e-07
 9.79264e-07
 9.79264e-07
 9.79264e-07
 9.79264e-07
 9.79264e-07
 9.79264e-07
 9.79264e-07
 9.79264e-07
 9.79264e-07
 9.79264e-07
 9.79264e-07
 9.79264e-07
 9.79264e-07
 9.79264e-07
 9.79264e-07
 9.79264e-07
 9.79264e-07
 9.79264e-07
 9.79264e-07
 9.79264e-07
 9.79264e-07
 9.79264e-07
 9.79264e-07
 9.79264e-07
 9.79264e-07
 9.79264e-07
 9.79264e-07
 9.79264e-07
 9.79264e-07
 9.79264e-07
 9.79264e-07
 9.79264e-07
 9.79264e-07
 9.78308e-07
 1.13274e-01
 1.12289e-01
 1.10666e-01
 1.07969e-01
 1.03983e-01
 9.84825e-02
 9.12113e-02
 8.19276e-02
 7.04926e-02
 5.73365e-02
 4.35456e-02
 3.02900e-02
 1.89792e-02
 1.07077e-02
 5.00916e-03
 1.78557e-03
 4.43344e-04
 6.88666e-05
 6.70064e-06
 1.20387e-06
 9.83817e-07
 9.79464e-07
 9.79279e-07
 9.79265e-07
 9.79264e-07
 9.79264e-07
 9.79264e-07
 9.79264e-07
 9.79264e-07
 9.79264e-07
 9.79264e-07
 9.79264e-07
 9.79264e-07
 9.79264e-07
 9.79264e-07
 9.79264e-07
 9.79264e-07
 9.79264e-07
 9.79264e-07
 9.79264e-07
 9.79264e-07
 9.79264e-07
 9.79264e-07
 9.79264e-07
 9.79264e-07
 9.79264e-07
 9.79264e-07
 9.79264e-07
 9.79264e-07
 9.79264e-07
 9.79264e-07
 9.79264e-07
 9.79264e-07
 9.79264e-07
 9.79264e-07
 9.79264e-07
 9.79264e-07
 9.79264e-07
 9.79264e-07
 9.78308e-07
 5.06200e-02
 4.93050e-02
 4.70537e-02
 4.35290e-02
 3.88280e-02
 3.31937e-02
 2.69872e-02
 2.07008e-02
 1.49352e-02
 9.99910e-03
 5.92251e-03
 2.97655e-03
 1.20540e-03
 3.68357e-04
 7.85320e-05
 1.13548e-05
 1.75586e-06
 1.00894e-06
 9.80203e-07
 9.79339e-07
 9.79270e-07
 9.79264e-07
 9.79264e-07
 9.79264e-07
 9.79264e-07
 9.79264e-07
 9.79264e-07
 9.79264e-07
 9.79264e-07
 9.79264e-07
 9.79264e-07
 9.79264e-07
 9.79264e-07
 9.79264e-07
 9.79264e-07
 9.79264e-07
 9.79264e-07
 9.79264e-07
 9.79264e-07
 9.79264e-07
 9.79264e-07
 9.79264e-07
 9.79264e-07
 9.79264e-07
 9.79264e-07
 9.79264e-07
 9.79264e-07
 9.79264e-07
 9.79264e-07
 9.79264e-07
 9.79264e-07
 9.79264e-07
 9.79264e-07
 9.79264e-07
 9.79264e-07
 9.79264e-07
 9.79264e-07
 9.79264e-07
 9.79264e-07
 9.78308e-07
 7.90458e-03
 7.54288e-03
 6.87590e-03
 5.90975e-03
 4.74162e-03
 3.50602e-03
 2.34841e-03
 1.39343e-03
 7.11102e-04
 2.99375e-04
 9.94301e-05
 2.51392e-05
 5.07181e-06
 1.41332e-06
 1.00639e-06
 9.80544e-07
 9.79375e-07
 9.79277e-07
 9.79265e-07
 9.79264e-07
 9.79264e-07
 9.79264e-07
 9.79264e-07
 9.79264e-07
 9.79264e-07
 9.79264e-07
 9.79264e-07
 9.79264e-07
 9.79264e-07
 9.79264e-07
 9.79264e-07
 9.79264e-07
 9.79264e-07
 9.79264e-07
 9.79264e-07
 9.79264e-07
 9.79264e-07
 9.79264e-07
 9.79264e-07
 9.79264e-07
 9.79264e-07
 9.79264e-07
 9.79264e-07
 9.79264e-07
 9.79264e-07
 9.79264e-07
 9.79264e-07
 9.79264e-07
 9.79264e-07
 9.79264e-07
 9.79264e-07
 9.79264e-07
 9.79264e-07
 9.79264e-07
 9.79264e-07
 9.79264e-07
 9.79264e-07
 9.79264e-07
 9.79264e-07
 9.78308e-07
 1.69625e-04
 1.53429e-04
 1.24972e-04
 9.01300e-05
 5.66450e-05
 3.05236e-05
 1.39358e-05
 5.49885e-06
 2.17467e-06
 1.20635e-06
 1.00892e-06
 9.82045e-07
 9.79538e-07
 9.79306e-07
 9.79270e-07
 9.79265e-07
 9.79264e-07
 9.79264e-07
 9.79264e-07
 9.79264e-07
 9.79264e-07
 9.79264e-07
 9.79264e-07
 9.79264e-07
 9.79264e-07
 9.79264e-07
 9.79264e-07
 9.79264e-07
 9.79264e-07
 9.79264e-07
 9.79264e-07
 9.79264e-07
 9.79264e-07
 9.79264e-07
 9.79264e-07
 9.79264e-07
 9.79264e-07
 9.79264e-07
 9.79264e-07
 9.79264e-07
 9.79264e-07
 9.79264e-07
 9.79264e-07
 9.79264e-07
 9.79264e-07
 9.79264e-07
 9.79264e-07
 9.79264e-07
 9.79264e-07
 9.79264e-07
 9.79264e-07
 9.79264e-07
 9.79264e-07
 9.79264e-07
 9.79264e-07
 9.79264e-07
 9.79264e-07
 9.79264e-07
 9.79264e-07
 9.78308e-07
 1.03696e-06
 1.02682e-06
 1.01131e-06
 9.96538e-07
 9.86579e-07
 9.81683e-07
 9.79911e-07
 9.79423e-07
 9.79306e-07
 9.79276e-07
 9.79267e-07
 9.79265e-07
 9.79264e-07
 9.79264e-07
 9.79264e-07
 9.79264e-07
 9.79264e-07
 9.79264e-07
 9.79264e-07
 9.79264e-07
 9.79264e-07
 9.79264e-07
 9.79264e-07
 9.79264e-07
 9.79264e-07
 9.79264e-07
 9.79264e-07
 9.79264e-07
 9.79264e-07
 9.79264e-07
 9.79264e-07
 9.79264e-07
 9.79264e-07
 9.79264e-07
 9.79264e-07
 9.79264e-07
 9.79264e-07
 9.79264e-07
 9.79264e-07
 9.79264e-07
 9.79264e-07
 9.79264e-07
 9.79264e-07
 9.79264e-07
 9.79264e-07
 9.79264e-07
 9.79264e-07
 9.79264e-07
 9.79264e-07
 9.79264e-07
 9.79264e-07
 9.79264e-07
 9.79264e-07
 9.79264e-07
 9.79264e-07
 9.79264e-07
 9.79264e-07
 9.79264e-07
 9.79264e-07
 9.78308e-07
 9.79265e-07
 9.79265e-07
 9.79265e-07
 9.79264e-07
 9.79264e-07
 9.79264e-07
 9.79264e-07
 9.79264e-07
 9.79264e-07
 9.79264e-07
 9.79264e-07
 9.79264e-07
 9.79264e-07
 9.79264e-07
 9.79264e-07
 9.79264e-07
 9.79264e-07
 9.79264e-07
 9.79264e-07
 9.79264e-07
 9.79264e-07
 9.79264e-07
 9.79264e-07
 9.79264e-07
 9.79264e-07
 9.79264e-07
 9.79264e-07
 9.79264e-07
 9.79264e-07
 9.79264e-07
 9.79264e-07
 9.79264e-07
 9.79264e-07
 9.79264e-07
 9.79264e-07
 9.79264e-07
 9.79264e-07
 9.79264e-07
 9.79264e-07
 9.79264e-07
 9.79264e-07
 9.79264e-07
 9.79264e-07
 9.79264e-07
 9.79264e-07
 9.79264e-07
 9.79264e-07
 9.79264e-07
 9.79264e-07
 9.79264e-07
 9.79264e-07
 9.79264e-07
 9.79264e-07
 9.79264e-07
 9.79264e-07
 9.79264e-07
 9.79264e-07
 9.79264e-07
 9.79264e-07
 9.78308e-07
 9.79264e-07
 9.79264e-07
 9.79264e-07
 9.79264e-07
 9.79264e-07
 9.79264e-07
 9.79264e-07
 9.79264e-07
 9.79264e-07
 9.79264e-07
 9.79264e-07
 9.79264e-07
 9.79264e-07
 9.79264e-07
 9.79264e-07
 9.79264e-07
 9.79264e-07
 9.79264e-07
 9.79264e-07
 9.79264e-07
 9.79264e-07
 9.79264e-07
 9.79264e-07
 9.79264e-07
 9.79264e-07
 9.79264e-07
 9.79264e-07
 9.79264e-07
 9.79264e-07
 9.79264e-07
 9.79264e-07
 9.79264e-07
 9.79264e-07
 9.79264e-07
 9.79264e-07
 9.79264e-07
 9.79264e-07
 9.79264e-07
 9.79264e-07
 9.79264e-07
 9.79264e-07
 9.79264e-07
 9.79264e-07
 9.79264e-07
 9.79264e-07
 9.79264e-07
 9.79264e-07
 9.79264e-07
 9.79264e-07
 9.79264e-07
 9.79264e-07
 9.79264e-07
 9.79264e-07
 9.79264e-07
 9.79264e-07
 9.79264e-07
 9.79264e-07
 9.79264e-07
 9.79264e-07
 9.78308e-07
 9.79264e-07
 9.79264e-07
 9.79264e-07
 9.79264e-07
 9.79264e-07
 9.79264e-07
 9.79264e-07
 9.79264e-07
 9.79264e-07
 9.79264e-07
 9.79264e-07
 9.79264e-07
 9.79264e-07
 9.79264e-07
 9.79264e-07
 9.79264e-07
 9.79264e-07
 9.79264e-07
 9.79264e-07
 9.79264e-07
 9.79264e-07
 9.79264e-07
 9.79264e-07
 9.79264e-07
 9.79264e-07
 9.79264e-07
 9.79264e-07
 9.79264e-07
 9.79264e-07
 9.79264e-07
 9.79264e-07
 9.79264e-07
 9.79264e-07
 9.79264e-07
 9.79264e-07
 9.79264e-07
 9.79264e-07
 9.79264e-07
 9.79264e-07
 9.79264e-07
 9.79264e-07
 9.79264e-07
 9.79264e-07
 9.79264e-07
 9.79264e-07
 9.79264e-07
 9.79264e-07
 9.79264e-07
 9.79264e-07
 9.79264e-07
 9.79264e-07
 9.79264e-07
 9.79264e-07
 9.79264e-07
 9.79264e-07
 9.79264e-07
 9.79264e-07
 9.79264e-07
 9.79264e-07
 9.78308e-07
 9.79264e-07
 9.79264e-07
 9.79264e-07
 9.79264e-07
 9.79264e-07
 9.79264e-07
 9.79264e-07
 9.79264e-07
 9.79264e-07
 9.79264e-07
 9.79264e-07
 9.79264e-07
 9.79264e-07
 9.79264e-07
 9.79264e-07
 9.79264e-07
 9.79264e-07
 9.79264e-07
 9.79264e-07
 9.79264e-07
 9.79264e-07
 9.79264e-07
 9.79264e-07
 9.79264e-07
 9.79264e-07
 9.79264e-07
 9.79264e-07
 9.79264e-07
 9.79264e-07
 9.79264e-07
 9.79264e-07
 9.79264e-07
 9.79264e-07
 9.79264e-07
 9.79264e-07
 9.79264e-07
 9.79264e-07
 9.79264e-07
 9.79264e-07
 9.79264e-07
 9.79264e-07
 9.79264e-07
 9.79264e-07
 9.79264e-07
 9.79264e-07
 9.79264e-07
 9.79264e-07
 9.79264e-07
 9.79264e-07
 9.79264e-07
 9.79264e-07
 9.79264e-07
 9.79264e-07
 9.79264e-07
 9.79264e-07
 9.79264e-07
 9.79264e-07
 9.79264e-07
 9.79264e-07
 9.78308e-07
 9.79264e-07
 9.79264e-07
 9.79264e-07
 9.79264e-07
 9.79264e-07
 9.79264e-07
 9.79264e-07
 9.79264e-07
 9.79264e-07
 9.79264e-07
 9.79264e-07
 9.79264e-07
 9.79264e-07
 9.79264e-07
 9.79264e-07
 9.79264e-07
 9.79264e-07
 9.79264e-07
 9.79264e-07
 9.79264e-07
 9.79264e-07
 9.79264e-07
 9.79264e-07
 9.79264e-07
 9.79264e-07
 9.79264e-07
 9.79264e-07
 9.79264e-07
 9.79264e-07
 9.79264e-07
 9.79264e-07
 9.79264e-07
 9.79264e-07
 9.79264e-07
 9.79264e-07
 9.79264e-07
 9.79264e-07
 9.79264e-07
 9.79264e-07
 9.79264e-07
 9.79264e-07
 9.79264e-07
 9.79264e-07
 9.79264e-07
 9.79264e-07
 9.79264e-07
 9.79264e-07
 9.79264e-07
 9.79264e-07
 9.79264e-07
 9.79264e-07
 9.79264e-07
 9.79264e-07
 9.79264e-07
 9.79264e-07
 9.79264e-07
 9.79264e-07
 9.79264e-07
 9.79264e-07
 9.78308e-07
 9.79264e-07
 9.79264e-07
 9.79264e-07
 9.79264e-07
 9.79264e-07
 9.79264e-07
 9.79264e-07
 9.79264e-07
 9.79264e-07
 9.79264e-07
 9.79264e-07
 9.79264e-07
 9.79264e-07
 9.79264e-07
 9.79264e-07
 9.79264e-07
 9.79264e-07
 9.79264e-07
 9.79264e-07
 9.79264e-07
 9.79264e-07
 9.79264e-07
 9.79264e-07
 9.79264e-07
 9.79264e-07
 9.79264e-07
 9.79264e-07
 9.79264e-07
 9.79264e-07
 9.79264e-07
 9.79264e-07
 9.79264e-07
 9.79264e-07
 9.79264e-07
 9.79264e-07
 9.79264e-07
 9.79264e-07
 9.79264e-07
 9.79264e-07
 9.79264e-07
 9.79264e-07
 9.79264e-07
 9.79264e-07
 9.79264e-07
 9.79264e-07
 9.79264e-07
 9.79264e-07
 9.79264e-07
 9.79264e-07
 9.79264e-07
 9.79264e-07
 9.79264e-07
 9.79264e-07
 9.79264e-07
 9.79264e-07
 9.79264e-07
 9.79264e-07
 9.79264e-07
 9.79264e-07
 9.78308e-07
 9.79264e-07
 9.79264e-07
 9.79264e-07
 9.79264e-07
 9.79264e-07
 9.79264e-07
 9.79264e-07
 9.79264e-07
 9.79264e-07
 9.79264e-07
 9.79264e-07
 9.79264e-07
 9.79264e-07
 9.79264e-07
 9.79264e-07
 9.79264e-07
 9.79264e-07
 9.79264e-07
 9.79264e-07
 9.79264e-07
 9.79264e-07
 9.79264e-07
 9.79264e-07
 9.79264e-07
 9.79264e-07
 9.79264e-07
 9.79264e-07
 9.79264e-07
 9.79264e-07
 9.79264e-07
 9.79264e-07
 9.79264e-07
 9.79264e-07
 9.79264e-07
 9.79264e-07
 9.79264e-07
 9.79264e-07
 9.79264e-07
 9.79264e-07
 9.79264e-07
 9.79264e-07
 9.79264e-07
 9.79264e-07
 9.79264e-07
 9.79264e-07
 9.79264e-07
 9.79264e-07
 9.79264e-07
 9.79264e-07
 9.79264e-07
 9.79264e-07
 9.79264e-07
 9.79264e-07
 9.79264e-07
 9.79264e-07
 9.79264e-07
 9.79264e-07
 9.79264e-07
 9.79263e-07
 9.78307e-07
 9.78308e-07
 9.78308e-07
 9.78308e-07
 9.78308e-07
 9.78308e-07
 9.78308e-07
 9.78308e-07
 9.78308e-07
 9.78308e-07
 9.78308e-07
 9.78308e-07
 9.78308e-07
 9.78308e-07
 9.78308e-07
 9.78308e-07
 9.78308e-07
 9.78308e-07
 9.78308e-07
 9.78308e-07
 9.78308e-07
 9.78308e-07
 9.78308e-07
 9.78308e-07
 9.78308e-07
 9.78308e-07
 9.78308e-07
 9.78308e-07
 9.78308e-07
 9.78308e-07
 9.78308e-07
 9.78308e-07
 9.78308e-07
 9.78308e-07
 9.78308e-07
 9.78308e-07
 9.78308e-07
 9.78308e-07
 9.78308e-07
 9.78308e-07
 9.78308e-07
 9.78308e-07
 9.78308e-07
 9.78308e-07
 9.78308e-07
 9.78308e-07
 9.78308e-07
 9.78308e-07
 9.78308e-07
 9.78308e-07
 9.78308e-07
 9.78308e-07
 9.78308e-07
 9.78308e-07
 9.78308e-07
 9.78308e-07
 9.78308e-07
 9.78308e-07
 9.78308e-07
 9.78307e-07
 9.77353e-07
