PseudoViscosity
part
         1
hexa8
 0.00000e+00
 9.69016e-16
 1.93803e-15
 9.69016e-16
 1.93803e-15
 9.69016e-16
 9.69016e-16
 1.93803e-15
 3.67388e-31
 1.93803e-15
 4.15507e-32
 1.93803e-15
 1.29635e-31
 2.33365e-31
 9.69016e-16
 2.90705e-15
 9.69016e-16
 9.69016e-16
 1.39186e-32
 5.83443e-32
 5.69012e-31
 5.94900e-32
 2.67430e-31
 0.00000e+00
 0.00000e+00
 5.92862e-33
 9.69016e-16
 9.69016e-16
 2.02690e-31
 0.00000e+00
 4.17695e-32
 7.43327e-32
 3.93587e-31
 1.42391e-32
 1.93803e-15
 1.93803e-15
 9.69016e-16
 0.00000e+00
 8.87415e-47
 1.05406e-30
 1.49810e-31
 9.69016e-16
 2.90705e-15
 0.00000e+00
 0.00000e+00
 9.23004e-32
 9.69016e-16
 1.12191e-30
 2.90705e-15
 2.90705e-15
 3.30700e-31
 7.44266e-32
 9.69016e-16
 9.69016e-16
 0.00000e+00
 5.57907e-31
 3.74291e-32
 9.69016e-16
 9.69016e-16
 1.93803e-15
 5.48509e-32
 9.69016e-16
 4.36271e-31
 1.92273e-31
 1.93803e-15
 6.37772e-64
 1.93803e-15
 2.06539e-30
 6.30948e-31
 1.83423e-31
 7.55450e-48
 1.79707e-31
 1.99193e-46
 9.38718e-31
 0.00000e+00
 9.69016e-16
 9.69016e-16
 0.00000e+00
 1.80280e-31
 1.47736e-30
 9.69016e-16
 9.50967e-32
 4.29650e-34
 7.45919e-32
 1.54169e-30
 9.69016e-16
 9.69016e-16
 1.93803e-15
 4.09340e-31
 1.97824e-46
 3.52132e-32
 0.00000e+00
 2.90705e-15
 3.87606e-15
 3.00371e-32
 6.89970e-32
 9.69016e-16
 9.52791e-31
 2.90705e-15
 3.85509e-32
 3.56311e-31
 9.69016e-16
 1.65953e-31
 3.54326e-31
 1.93803e-15
 6.12953e-31
 1.30506e-48
 7.84292e-31
 4.47555e-32
 1.93803e-15
 1.93803e-15
 1.30506e-48
 9.46377e-48
 1.21896e-46
 1.04661e-30
 2.68320e-31
 1.02975e-47
 1.93803e-15
 8.38452e-31
 0.00000e+00
 9.69016e-16
 2.15305e-31
 4.90021e-32
 1.50307e-30
 1.93803e-15
 9.69016e-16
 9.69016e-16
 2.43589e-31
 1.93803e-15
 0.00000e+00
 9.69016e-16
 1.20851e-31
 1.93803e-15
 2.43951e-31
 0.00000e+00
 8.00408e-31
 0.00000e+00
 5.97974e-32
 9.69016e-16
 9.69016e-16
 1.90818e-31
 3.58179e-31
 5.68187e-32
 2.90705e-15
 2.91853e-31
 1.93803e-15
 1.41834e-31
 1.93803e-15
 4.70697e-48
 6.26994e-32
 9.81572e-31
 1.49641e-31
 4.28821e-47
 2.26749e-31
 3.83729e-47
 1.44256e-31
 2.60941e-31
 9.69016e-16
 9.69016e-16
 1.21998e-30
 1.93803e-15
 1.93803e-15
 9.69016e-16
 2.79098e-31
 1.40573e-30
 8.90259e-33
 9.69016e-16
 5.82976e-32
 2.90037e-47
 8.21818e-31
 3.84643e-31
 2.90705e-15
 1.83022e-31
 2.11132e-31
 9.69016e-16
 2.90705e-15
 9.69016e-16
 0.00000e+00
 2.94916e-49
 0.00000e+00
 7.40096e-32
 8.22942e-31
 3.87606e-15
 1.51764e-31
 3.87606e-15
 1.41250e-31
 2.20064e-31
 1.94135e-31
 4.97011e-31
 2.90705e-15
 4.37425e-32
 1.04479e-46
 1.06236e-30
 1.63024e-31
 9.69016e-16
 2.90705e-15
 1.49810e-30
 4.76473e-31
 1.93803e-15
 2.68957e-32
 1.35019e-31
 0.00000e+00
 0.00000e+00
 0.00000e+00
 0.00000e+00
 3.33264e-48
 0.00000e+00
 7.16313e-32
 0.00000e+00
 0.00000e+00
 0.00000e+00
 0.00000e+00
 3.87606e-15
 0.00000e+00
 0.00000e+00
 4.26897e-47
 0.00000e+00
 1.93803e-15
 5.38108e-47
 0.00000e+00
 2.44681e-30
 0.00000e+00
 5.69013e-32
 1.34610e-30
 0.00000e+00
 0.00000e+00
 0.00000e+00
 0.00000e+00
 0.00000e+00
 0.00000e+00
 0.00000e+00
 1.00326e-63
 0.00000e+00
 0.00000e+00
 0.00000e+00
 0.00000e+00
 5.64879e-47
 2.34017e-30
 1.89606e-64
 0.00000e+00
 0.00000e+00
 0.00000e+00
 1.87182e-31
 1.76623e-48
 0.00000e+00
 0.00000e+00
 0.00000e+00
 0.00000e+00
 0.00000e+00
 0.00000e+00
 0.00000e+00
 0.00000e+00
 0.00000e+00
 0.00000e+00
 0.00000e+00
 0.00000e+00
 0.00000e+00
 0.00000e+00
 0.00000e+00
 0.00000e+00
 0.00000e+00
 0.00000e+00
 0.00000e+00
 0.00000e+00
 0.00000e+00
 0.00000e+00
 0.00000e+00
 0.00000e+00
 0.00000e+00
 0.00000e+00
 0.00000e+00
 0.00000e+00
 0.00000e+00
 0.00000e+00
 0.00000e+00
 0.00000e+00
 0.00000e+00
 0.00000e+00
 0.00000e+00
 0.00000e+00
 0.00000e+00
 0.00000e+00
 0.00000e+00
 0.00000e+00
 0.00000e+00
 0.00000e+00
 0.00000e+00
 0.00000e+00
 0.00000e+00
 0.00000e+00
 0.00000e+00
 0.00000e+00
 0.00000e+00
 0.00000e+00
 0.00000e+00
 0.00000e+00
 0.00000e+00
 0.00000e+00
 0.00000e+00
 0.00000e+00
 0.00000e+00
 0.00000e+00
 0.00000e+00
 0.00000e+00
 0.00000e+00
 0.00000e+00
 0.00000e+00
 0.00000e+00
 0.00000e+00
 0.00000e+00
 0.00000e+00
 0.00000e+00
 0.00000e+00
 0.00000e+00
 0.00000e+00
 0.00000e+00
 0.00000e+00
 0.00000e+00
 0.00000e+00
 0.00000e+00
 0.00000e+00
 0.00000e+00
 0.00000e+00
 0.00000e+00
 0.00000e+00
 0.00000e+00
 0.00000e+00
 0.00000e+00
 0.00000e+00
 0.00000e+00
 0.00000e+00
 0.00000e+00
 0.00000e+00
 0.00000e+00
 0.00000e+00
 0.00000e+00
 0.00000e+00
 0.00000e+00
 0.00000e+00
 0.00000e+00
 0.00000e+00
 0.00000e+00
 0.00000e+00
 0.00000e+00
 0.00000e+00
 0.00000e+00
 0.00000e+00
 0.00000e+00
 0.00000e+00
 0.00000e+00
 0.00000e+00
 0.00000e+00
 0.00000e+00
 0.00000e+00
 0.00000e+00
 0.00000e+00
 0.00000e+00
 0.00000e+00
 0.00000e+00
 0.00000e+00
 0.00000e+00
 0.00000e+00
 0.00000e+00
 0.00000e+00
 0.00000e+00
 0.00000e+00
 0.00000e+00
 0.00000e+00
 0.00000e+00
 0.00000e+00
 0.00000e+00
 0.00000e+00
 0.00000e+00
 0.00000e+00
 0.00000e+00
 0.00000e+00
 0.00000e+00
 0.00000e+00
 0.00000e+00
 0.00000e+00
 0.00000e+00
 0.00000e+00
 0.00000e+00
 0.00000e+00
 0.00000e+00
 0.00000e+00
 0.00000e+00
 0.00000e+00
 0.00000e+00
 0.00000e+00
 0.00000e+00
 0.00000e+00
 0.00000e+00
 0.00000e+00
 0.00000e+00
 0.00000e+00
 0.00000e+00
 0.00000e+00
 0.00000e+00
 0.00000e+00
 0.00000e+00
 0.00000e+00
 0.00000e+00
 0.00000e+00
 0.00000e+00
 0.00000e+00
 0.00000e+00
 0.00000e+00
 0.00000e+00
 0.00000e+00
 0.00000e+00
 0.00000e+00
 0.00000e+00
 0.00000e+00
 0.00000e+00
 0.00000e+00
 0.00000e+00
 0.00000e+00
 0.00000e+00
 0.00000e+00
 0.00000e+00
 0.00000e+00
 0.00000e+00
 0.00000e+00
 0.00000e+00
 0.00000e+00
 0.00000e+00
 0.00000e+00
 0.00000e+00
 0.00000e+00
 0.00000e+00
 0.00000e+00
 0.00000e+00
 0.00000e+00
 0.00000e+00
 0.00000e+00
 0.00000e+00
 0.00000e+00
 0.00000e+00
 0.00000e+00
 0.00000e+00
 0.00000e+00
 0.00000e+00
 0.00000e+00
 0.00000e+00
 0.00000e+00
 0.00000e+00
 0.00000e+00
 0.00000e+00
 0.00000e+00
 0.00000e+00
 0.00000e+00
 0.00000e+00
 0.00000e+00
 0.00000e+00
 0.00000e+00
 0.00000e+00
 0.00000e+00
 0.00000e+00
 0.00000e+00
 0.00000e+00
 0.00000e+00
 0.00000e+00
 0.00000e+00
 0.00000e+00
 0.00000e+00
 0.00000e+00
 0.00000e+00
 0.00000e+00
 0.00000e+00
 0.00000e+00
 0.00000e+00
 0.00000e+00
 0.00000e+00
 0.00000e+00
 0.00000e+00
 0.00000e+00
 0.00000e+00
 0.00000e+00
 0.00000e+00
 0.00000e+00
 0.00000e+00
 0.00000e+00
 0.00000e+00
 0.00000e+00
 0.00000e+00
 0.00000e+00
 0.00000e+00
 0.00000e+00
 0.00000e+00
 0.00000e+00
 0.00000e+00
 0.00000e+00
 0.00000e+00
 0.00000e+00
 0.00000e+00
 0.00000e+00
 0.00000e+00
 0.00000e+00
 0.00000e+00
 0.00000e+00
 0.00000e+00
 0.00000e+00
 0.00000e+00
 0.00000e+00
 0.00000e+00
 0.00000e+00
 0.00000e+00
 0.00000e+00
 0.00000e+00
 0.00000e+00
 0.00000e+00
 0.00000e+00
 0.00000e+00
 0.00000e+00
 0.00000e+00
 0.00000e+00
 0.00000e+00
 0.00000e+00
 0.00000e+00
 0.00000e+00
 0.00000e+00
 0.00000e+00
 0.00000e+00
 0.00000e+00
 0.00000e+00
 0.00000e+00
 0.00000e+00
 0.00000e+00
 0.00000e+00
 0.00000e+00
 0.00000e+00
 0.00000e+00
 0.00000e+00
 0.00000e+00
 0.00000e+00
 0.00000e+00
 0.00000e+00
 0.00000e+00
 0.00000e+00
 0.00000e+00
 0.00000e+00
 0.00000e+00
 0.00000e+00
 0.00000e+00
 0.00000e+00
 0.00000e+00
 0.00000e+00
 0.00000e+00
 0.00000e+00
 0.00000e+00
 0.00000e+00
 0.00000e+00
 0.00000e+00
 0.00000e+00
 0.00000e+00
 0.00000e+00
 0.00000e+00
 0.00000e+00
 0.00000e+00
 0.00000e+00
 0.00000e+00
 0.00000e+00
 0.00000e+00
 0.00000e+00
 0.00000e+00
 0.00000e+00
 0.00000e+00
 0.00000e+00
 0.00000e+00
 0.00000e+00
 0.00000e+00
 0.00000e+00
 0.00000e+00
 0.00000e+00
 0.00000e+00
 0.00000e+00
 0.00000e+00
 0.00000e+00
 0.00000e+00
 0.00000e+00
 0.00000e+00
 0.00000e+00
 0.00000e+00
 0.00000e+00
 0.00000e+00
 0.00000e+00
 0.00000e+00
 0.00000e+00
 0.00000e+00
 0.00000e+00
 0.00000e+00
 0.00000e+00
 0.00000e+00
 0.00000e+00
 0.00000e+00
 0.00000e+00
 0.00000e+00
 0.00000e+00
 0.00000e+00
 0.00000e+00
 0.00000e+00
 0.00000e+00
 0.00000e+00
 0.00000e+00
 0.00000e+00
 0.00000e+00
 0.00000e+00
 0.00000e+00
 0.00000e+00
 0.00000e+00
 0.00000e+00
 0.00000e+00
 0.00000e+00
 0.00000e+00
 0.00000e+00
 0.00000e+00
 0.00000e+00
 0.00000e+00
 0.00000e+00
 0.00000e+00
 0.00000e+00
 0.00000e+00
 0.00000e+00
 0.00000e+00
part
         2
hexa8
 0.00000e+00
 0.00000e+00
 0.00000e+00
 0.00000e+00
 0.00000e+00
 0.00000e+00
 0.00000e+00
 0.00000e+00
 0.00000e+00
 0.00000e+00
 0.00000e+00
 0.00000e+00
 0.00000e+00
 0.00000e+00
 0.00000e+00
 0.00000e+00
 0.00000e+00
 0.00000e+00
 0.00000e+00
 0.00000e+00
 0.00000e+00
 0.00000e+00
 0.00000e+00
 0.00000e+00
 0.00000e+00
 0.00000e+00
 0.00000e+00
 0.00000e+00
 0.00000e+00
 0.00000e+00
 0.00000e+00
 0.00000e+00
 0.00000e+00
 0.00000e+00
 0.00000e+00
 0.00000e+00
 0.00000e+00
 0.00000e+00
 0.00000e+00
 0.00000e+00
 0.00000e+00
 0.00000e+00
 0.00000e+00
 0.00000e+00
 0.00000e+00
 0.00000e+00
 0.00000e+00
 0.00000e+00
 0.00000e+00
 0.00000e+00
 0.00000e+00
 0.00000e+00
 0.00000e+00
 0.00000e+00
 0.00000e+00
 0.00000e+00
 0.00000e+00
 0.00000e+00
 0.00000e+00
 0.00000e+00
 0.00000e+00
 0.00000e+00
 0.00000e+00
 0.00000e+00
 0.00000e+00
 0.00000e+00
 0.00000e+00
 0.00000e+00
 0.00000e+00
 0.00000e+00
 0.00000e+00
 0.00000e+00
 0.00000e+00
 0.00000e+00
 0.00000e+00
 0.00000e+00
 0.00000e+00
 0.00000e+00
 0.00000e+00
 0.00000e+00
 0.00000e+00
 0.00000e+00
 0.00000e+00
 0.00000e+00
 0.00000e+00
 0.00000e+00
 0.00000e+00
 0.00000e+00
 0.00000e+00
 0.00000e+00
 0.00000e+00
 0.00000e+00
 0.00000e+00
 0.00000e+00
 0.00000e+00
 0.00000e+00
 0.00000e+00
 0.00000e+00
 0.00000e+00
 0.00000e+00
 0.00000e+00
 0.00000e+00
 0.00000e+00
 0.00000e+00
 0.00000e+00
 0.00000e+00
 0.00000e+00
 0.00000e+00
 0.00000e+00
 0.00000e+00
 0.00000e+00
 0.00000e+00
 0.00000e+00
 0.00000e+00
 0.00000e+00
 0.00000e+00
 0.00000e+00
 0.00000e+00
 0.00000e+00
 0.00000e+00
 0.00000e+00
 0.00000e+00
 0.00000e+00
 0.00000e+00
 0.00000e+00
 0.00000e+00
 0.00000e+00
 0.00000e+00
 0.00000e+00
 0.00000e+00
 0.00000e+00
 0.00000e+00
 0.00000e+00
 0.00000e+00
 0.00000e+00
 0.00000e+00
 0.00000e+00
 0.00000e+00
 0.00000e+00
 0.00000e+00
 0.00000e+00
 0.00000e+00
 0.00000e+00
 0.00000e+00
 0.00000e+00
 0.00000e+00
 0.00000e+00
 0.00000e+00
 0.00000e+00
 0.00000e+00
 0.00000e+00
 0.00000e+00
 0.00000e+00
 0.00000e+00
 0.00000e+00
 0.00000e+00
 0.00000e+00
 0.00000e+00
 0.00000e+00
 0.00000e+00
 0.00000e+00
 0.00000e+00
 0.00000e+00
 0.00000e+00
 0.00000e+00
 0.00000e+00
 0.00000e+00
 0.00000e+00
 0.00000e+00
 0.00000e+00
 0.00000e+00
 0.00000e+00
 0.00000e+00
 0.00000e+00
 0.00000e+00
 0.00000e+00
 0.00000e+00
 0.00000e+00
 0.00000e+00
 0.00000e+00
 0.00000e+00
 0.00000e+00
 0.00000e+00
 0.00000e+00
 0.00000e+00
 0.00000e+00
 0.00000e+00
 0.00000e+00
 0.00000e+00
 0.00000e+00
 0.00000e+00
 0.00000e+00
 0.00000e+00
 0.00000e+00
 0.00000e+00
 0.00000e+00
 0.00000e+00
 0.00000e+00
 0.00000e+00
 0.00000e+00
 0.00000e+00
 0.00000e+00
 0.00000e+00
 0.00000e+00
 0.00000e+00
 0.00000e+00
 0.00000e+00
 0.00000e+00
 0.00000e+00
 0.00000e+00
 0.00000e+00
 0.00000e+00
 0.00000e+00
 0.00000e+00
 0.00000e+00
 0.00000e+00
 0.00000e+00
 0.00000e+00
 0.00000e+00
 0.00000e+00
 0.00000e+00
 0.00000e+00
 0.00000e+00
 0.00000e+00
 0.00000e+00
 0.00000e+00
 0.00000e+00
 0.00000e+00
 0.00000e+00
 0.00000e+00
 0.00000e+00
 0.00000e+00
 0.00000e+00
 0.00000e+00
 0.00000e+00
 0.00000e+00
 0.00000e+00
 0.00000e+00
 0.00000e+00
 0.00000e+00
 0.00000e+00
 0.00000e+00
 0.00000e+00
 0.00000e+00
 0.00000e+00
 0.00000e+00
 0.00000e+00
 0.00000e+00
 0.00000e+00
 0.00000e+00
 0.00000e+00
 0.00000e+00
 0.00000e+00
 0.00000e+00
 0.00000e+00
 0.00000e+00
 0.00000e+00
 0.00000e+00
 0.00000e+00
 0.00000e+00
 0.00000e+00
 0.00000e+00
 0.00000e+00
 0.00000e+00
 0.00000e+00
 0.00000e+00
 0.00000e+00
 0.00000e+00
 0.00000e+00
 0.00000e+00
 0.00000e+00
 0.00000e+00
 0.00000e+00
 0.00000e+00
 0.00000e+00
 0.00000e+00
 0.00000e+00
 0.00000e+00
 0.00000e+00
 0.00000e+00
 0.00000e+00
 0.00000e+00
 0.00000e+00
 0.00000e+00
 0.00000e+00
 0.00000e+00
 0.00000e+00
 0.00000e+00
 0.00000e+00
 0.00000e+00
 0.00000e+00
 0.00000e+00
 0.00000e+00
 0.00000e+00
 0.00000e+00
 0.00000e+00
 0.00000e+00
 0.00000e+00
 0.00000e+00
 0.00000e+00
 0.00000e+00
 0.00000e+00
 0.00000e+00
 0.00000e+00
 0.00000e+00
 0.00000e+00
 0.00000e+00
 0.00000e+00
 0.00000e+00
 0.00000e+00
 0.00000e+00
 0.00000e+00
 0.00000e+00
 0.00000e+00
 0.00000e+00
 0.00000e+00
 0.00000e+00
 0.00000e+00
 0.00000e+00
 0.00000e+00
 0.00000e+00
 0.00000e+00
 0.00000e+00
 0.00000e+00
 0.00000e+00
 0.00000e+00
 0.00000e+00
 0.00000e+00
 0.00000e+00
 0.00000e+00
 0.00000e+00
 0.00000e+00
 0.00000e+00
 0.00000e+00
 0.00000e+00
 0.00000e+00
 0.00000e+00
 0.00000e+00
 0.00000e+00
 0.00000e+00
 0.00000e+00
 0.00000e+00
 0.00000e+00
 0.00000e+00
 0.00000e+00
 0.00000e+00
 0.00000e+00
 0.00000e+00
 0.00000e+00
 0.00000e+00
 0.00000e+00
 0.00000e+00
 0.00000e+00
 0.00000e+00
 0.00000e+00
 0.00000e+00
 0.00000e+00
 0.00000e+00
 0.00000e+00
 0.00000e+00
 0.00000e+00
 0.00000e+00
 0.00000e+00
 0.00000e+00
 0.00000e+00
 0.00000e+00
 0.00000e+00
 0.00000e+00
 0.00000e+00
 0.00000e+00
 0.00000e+00
 0.00000e+00
 0.00000e+00
 0.00000e+00
 0.00000e+00
 0.00000e+00
 0.00000e+00
 0.00000e+00
 0.00000e+00
 0.00000e+00
 0.00000e+00
 0.00000e+00
 0.00000e+00
 0.00000e+00
 0.00000e+00
 0.00000e+00
 0.00000e+00
 0.00000e+00
 0.00000e+00
 0.00000e+00
 0.00000e+00
 0.00000e+00
 0.00000e+00
 0.00000e+00
 0.00000e+00
 0.00000e+00
 0.00000e+00
 0.00000e+00
 0.00000e+00
 0.00000e+00
 0.00000e+00
 0.00000e+00
 0.00000e+00
 0.00000e+00
 0.00000e+00
 0.00000e+00
 0.00000e+00
 0.00000e+00
 0.00000e+00
 0.00000e+00
 0.00000e+00
 0.00000e+00
 0.00000e+00
 0.00000e+00
 0.00000e+00
 0.00000e+00
 0.00000e+00
 0.00000e+00
 0.00000e+00
 0.00000e+00
 0.00000e+00
 0.00000e+00
 0.00000e+00
 0.00000e+00
 0.00000e+00
 0.00000e+00
 0.00000e+00
 0.00000e+00
 0.00000e+00
 0.00000e+00
 0.00000e+00
 0.00000e+00
 0.00000e+00
 0.00000e+00
 0.00000e+00
 0.00000e+00
 0.00000e+00
 0.00000e+00
 0.00000e+00
 0.00000e+00
 0.00000e+00
 0.00000e+00
 0.00000e+00
 0.00000e+00
 0.00000e+00
 0.00000e+00
 0.00000e+00
 0.00000e+00
 0.00000e+00
 0.00000e+00
 0.00000e+00
 0.00000e+00
 0.00000e+00
 0.00000e+00
 0.00000e+00
 0.00000e+00
 0.00000e+00
 0.00000e+00
 0.00000e+00
 0.00000e+00
 0.00000e+00
 0.00000e+00
 0.00000e+00
 0.00000e+00
 0.00000e+00
 0.00000e+00
 0.00000e+00
 0.00000e+00
 0.00000e+00
 0.00000e+00
 0.00000e+00
 0.00000e+00
 0.00000e+00
 0.00000e+00
 0.00000e+00
 0.00000e+00
 0.00000e+00
 0.00000e+00
 0.00000e+00
 0.00000e+00
 0.00000e+00
 0.00000e+00
 0.00000e+00
 0.00000e+00
 0.00000e+00
 0.00000e+00
 0.00000e+00
 0.00000e+00
 0.00000e+00
 0.00000e+00
 0.00000e+00
 0.00000e+00
 0.00000e+00
 0.00000e+00
 0.00000e+00
 0.00000e+00
 0.00000e+00
 0.00000e+00
 0.00000e+00
 0.00000e+00
 0.00000e+00
 0.00000e+00
 0.00000e+00
 0.00000e+00
 0.00000e+00
 0.00000e+00
 0.00000e+00
 0.00000e+00
 0.00000e+00
 0.00000e+00
 0.00000e+00
 0.00000e+00
 0.00000e+00
 0.00000e+00
 0.00000e+00
 0.00000e+00
 0.00000e+00
 0.00000e+00
 0.00000e+00
 0.00000e+00
 0.00000e+00
 0.00000e+00
 0.00000e+00
 0.00000e+00
 0.00000e+00
 0.00000e+00
 0.00000e+00
 0.00000e+00
 0.00000e+00
 0.00000e+00
 0.00000e+00
 0.00000e+00
 0.00000e+00
 0.00000e+00
 0.00000e+00
 0.00000e+00
 0.00000e+00
 0.00000e+00
 0.00000e+00
 0.00000e+00
 0.00000e+00
 0.00000e+00
 0.00000e+00
 0.00000e+00
 0.00000e+00
 0.00000e+00
 0.00000e+00
 0.00000e+00
 0.00000e+00
 0.00000e+00
 3.00511e-05
 3.00511e-05
 3.00511e-05
 3.00511e-05
 3.00511e-05
 3.00511e-05
 3.00511e-05
 3.00511e-05
 3.00511e-05
 3.00511e-05
 3.00511e-05
 3.00511e-05
 3.00511e-05
 3.00511e-05
 3.00511e-05
 3.00511e-05
 3.00511e-05
 3.00511e-05
 3.00511e-05
 3.00511e-05
 3.00511e-05
 3.00511e-05
 3.00511e-05
 3.00511e-05
 3.00511e-05
 1.41224e-04
 1.41224e-04
 1.41224e-04
 1.41224e-04
 1.41224e-04
 1.41224e-04
 1.41224e-04
 1.41224e-04
 1.41224e-04
 1.41224e-04
 1.41224e-04
 1.41224e-04
 1.41224e-04
 1.41224e-04
 1.41224e-04
 1.41224e-04
 1.41224e-04
 1.41224e-04
 1.41224e-04
 1.41224e-04
 1.41224e-04
 1.41224e-04
 1.41224e-04
 1.41224e-04
 1.41224e-04
 3.03657e-05
 3.03657e-05
 3.03657e-05
 3.03657e-05
 3.03657e-05
 3.03657e-05
 3.03657e-05
 3.03657e-05
 3.03657e-05
 3.03657e-05
 3.03657e-05
 3.03657e-05
 3.03657e-05
 3.03657e-05
 3.03657e-05
 3.03657e-05
 3.03657e-05
 3.03657e-05
 3.03657e-05
 3.03657e-05
 3.03657e-05
 3.03657e-05
 3.03657e-05
 3.03657e-05
 3.03657e-05
part
         3
hexa8
 0.00000e+00
 0.00000e+00
 0.00000e+00
 0.00000e+00
 0.00000e+00
 0.00000e+00
 0.00000e+00
 0.00000e+00
 0.00000e+00
 0.00000e+00
 0.00000e+00
 0.00000e+00
 0.00000e+00
 0.00000e+00
 0.00000e+00
 0.00000e+00
 0.00000e+00
 0.00000e+00
 0.00000e+00
 0.00000e+00
 0.00000e+00
 0.00000e+00
 0.00000e+00
 0.00000e+00
 0.00000e+00
 0.00000e+00
 0.00000e+00
 0.00000e+00
 0.00000e+00
 0.00000e+00
 0.00000e+00
 0.00000e+00
 0.00000e+00
 0.00000e+00
 0.00000e+00
 0.00000e+00
 0.00000e+00
 0.00000e+00
 0.00000e+00
 0.00000e+00
 0.00000e+00
 0.00000e+00
 0.00000e+00
 0.00000e+00
 0.00000e+00
 0.00000e+00
 0.00000e+00
 0.00000e+00
 0.00000e+00
 0.00000e+00
 0.00000e+00
 0.00000e+00
 0.00000e+00
 0.00000e+00
 0.00000e+00
 0.00000e+00
 0.00000e+00
 0.00000e+00
 0.00000e+00
 0.00000e+00
 0.00000e+00
 0.00000e+00
 0.00000e+00
 0.00000e+00
 0.00000e+00
 0.00000e+00
 0.00000e+00
 0.00000e+00
 0.00000e+00
 0.00000e+00
 0.00000e+00
 0.00000e+00
 0.00000e+00
 0.00000e+00
 0.00000e+00
 1.83425e-04
 1.83425e-04
 1.83425e-04
 1.83425e-04
 1.83425e-04
 1.83425e-04
 1.83425e-04
 1.83425e-04
 1.83425e-04
 1.83425e-04
 1.83425e-04
 1.83425e-04
 1.83425e-04
 1.83425e-04
 1.83425e-04
 1.83425e-04
 1.83425e-04
 1.83425e-04
 1.83425e-04
 1.83425e-04
 1.83425e-04
 1.83425e-04
 1.83425e-04
 1.83425e-04
 1.83425e-04
 6.72821e-04
 6.72821e-04
 6.72821e-04
 6.72821e-04
 6.72821e-04
 6.72821e-04
 6.72821e-04
 6.72821e-04
 6.72821e-04
 6.72821e-04
 6.72821e-04
 6.72821e-04
 6.72821e-04
 6.72821e-04
 6.72821e-04
 6.72821e-04
 6.72821e-04
 6.72821e-04
 6.72821e-04
 6.72821e-04
 6.72821e-04
 6.72821e-04
 6.72821e-04
 6.72821e-04
 6.72821e-04
 1.07399e-03
 1.07399e-03
 1.07399e-03
 1.07399e-03
 1.07399e-03
 1.07399e-03
 1.07399e-03
 1.07399e-03
 1.07399e-03
 1.07399e-03
 1.07399e-03
 1.07399e-03
 1.07399e-03
 1.07399e-03
 1.07399e-03
 1.07399e-03
 1.07399e-03
 1.07399e-03
 1.07399e-03
 1.07399e-03
 1.07399e-03
 1.07399e-03
 1.07399e-03
 1.07399e-03
 1.07399e-03
 6.58367e-04
 6.58367e-04
 6.58367e-04
 6.58367e-04
 6.58367e-04
 6.58367e-04
 6.58367e-04
 6.58367e-04
 6.58367e-04
 6.58367e-04
 6.58367e-04
 6.58367e-04
 6.58367e-04
 6.58367e-04
 6.58367e-04
 6.58367e-04
 6.58367e-04
 6.58367e-04
 6.58367e-04
 6.58367e-04
 6.58367e-04
 6.58367e-04
 6.58367e-04
 6.58367e-04
 6.58367e-04
 1.87510e-04
 1.87510e-04
 1.87510e-04
 1.87510e-04
 1.87510e-04
 1.87510e-04
 1.87510e-04
 1.87510e-04
 1.87510e-04
 1.87510e-04
 1.87510e-04
 1.87510e-04
 1.87510e-04
 1.87510e-04
 1.87510e-04
 1.87510e-04
 1.87510e-04
 1.87510e-04
 1.87510e-04
 1.87510e-04
 1.87510e-04
 1.87510e-04
 1.87510e-04
 1.87510e-04
 1.87510e-04
 8.96529e-05
 8.96529e-05
 8.96529e-05
 8.96529e-05
 8.96529e-05
 8.96529e-05
 8.96529e-05
 8.96529e-05
 8.96529e-05
 8.96529e-05
 8.96529e-05
 8.96529e-05
 8.96529e-05
 8.96529e-05
 8.96529e-05
 8.96529e-05
 8.96529e-05
 8.96529e-05
 8.96529e-05
 8.96529e-05
 8.96529e-05
 8.96529e-05
 8.96529e-05
 8.96529e-05
 8.96529e-05
 1.68373e-04
 1.68373e-04
 1.68373e-04
 1.68373e-04
 1.68373e-04
 1.68373e-04
 1.68373e-04
 1.68373e-04
 1.68373e-04
 1.68373e-04
 1.68373e-04
 1.68373e-04
 1.68373e-04
 1.68373e-04
 1.68373e-04
 1.68373e-04
 1.68373e-04
 1.68373e-04
 1.68373e-04
 1.68373e-04
 1.68373e-04
 1.68373e-04
 1.68373e-04
 1.68373e-04
 1.68373e-04
 4.23192e-04
 4.23192e-04
 4.23192e-04
 4.23192e-04
 4.23192e-04
 4.23192e-04
 4.23192e-04
 4.23192e-04
 4.23192e-04
 4.23192e-04
 4.23192e-04
 4.23192e-04
 4.23192e-04
 4.23192e-04
 4.23192e-04
 4.23192e-04
 4.23192e-04
 4.23192e-04
 4.23192e-04
 4.23192e-04
 4.23192e-04
 4.23192e-04
 4.23192e-04
 4.23192e-04
 4.23192e-04
 3.72585e-04
 3.72585e-04
 3.72585e-04
 3.72585e-04
 3.72585e-04
 3.72585e-04
 3.72585e-04
 3.72585e-04
 3.72585e-04
 3.72585e-04
 3.72585e-04
 3.72585e-04
 3.72585e-04
 3.72585e-04
 3.72585e-04
 3.72585e-04
 3.72585e-04
 3.72585e-04
 3.72585e-04
 3.72585e-04
 3.72585e-04
 3.72585e-04
 3.72585e-04
 3.72585e-04
 3.72585e-04
 1.25701e-04
 1.25701e-04
 1.25701e-04
 1.25701e-04
 1.25701e-04
 1.25701e-04
 1.25701e-04
 1.25701e-04
 1.25701e-04
 1.25701e-04
 1.25701e-04
 1.25701e-04
 1.25701e-04
 1.25701e-04
 1.25701e-04
 1.25701e-04
 1.25701e-04
 1.25701e-04
 1.25701e-04
 1.25701e-04
 1.25701e-04
 1.25701e-04
 1.25701e-04
 1.25701e-04
 1.25701e-04
 5.01247e-06
 5.01247e-06
 5.01247e-06
 5.01247e-06
 5.01247e-06
 5.01247e-06
 5.01247e-06
 5.01247e-06
 5.01247e-06
 5.01247e-06
 5.01247e-06
 5.01247e-06
 5.01247e-06
 5.01247e-06
 5.01247e-06
 5.01247e-06
 5.01247e-06
 5.01247e-06
 5.01247e-06
 5.01247e-06
 5.01247e-06
 5.01247e-06
 5.01247e-06
 5.01247e-06
 5.01247e-06
 0.00000e+00
 0.00000e+00
 0.00000e+00
 0.00000e+00
 0.00000e+00
 0.00000e+00
 0.00000e+00
 0.00000e+00
 0.00000e+00
 0.00000e+00
 0.00000e+00
 0.00000e+00
 0.00000e+00
 0.00000e+00
 0.00000e+00
 0.00000e+00
 0.00000e+00
 0.00000e+00
 0.00000e+00
 0.00000e+00
 0.00000e+00
 0.00000e+00
 0.00000e+00
 0.00000e+00
 0.00000e+00
 3.56143e-05
 3.56143e-05
 3.56143e-05
 3.56143e-05
 3.56143e-05
 3.56143e-05
 3.56143e-05
 3.56143e-05
 3.56143e-05
 3.56143e-05
 3.56143e-05
 3.56143e-05
 3.56143e-05
 3.56143e-05
 3.56143e-05
 3.56143e-05
 3.56143e-05
 3.56143e-05
 3.56143e-05
 3.56143e-05
 3.56143e-05
 3.56143e-05
 3.56143e-05
 3.56143e-05
 3.56143e-05
 1.18502e-04
 1.18502e-04
 1.18502e-04
 1.18502e-04
 1.18502e-04
 1.18502e-04
 1.18502e-04
 1.18502e-04
 1.18502e-04
 1.18502e-04
 1.18502e-04
 1.18502e-04
 1.18502e-04
 1.18502e-04
 1.18502e-04
 1.18502e-04
 1.18502e-04
 1.18502e-04
 1.18502e-04
 1.18502e-04
 1.18502e-04
 1.18502e-04
 1.18502e-04
 1.18502e-04
 1.18502e-04
 7.79751e-05
 7.79751e-05
 7.79751e-05
 7.79751e-05
 7.79751e-05
 7.79751e-05
 7.79751e-05
 7.79751e-05
 7.79751e-05
 7.79751e-05
 7.79751e-05
 7.79751e-05
 7.79751e-05
 7.79751e-05
 7.79751e-05
 7.79751e-05
 7.79751e-05
 7.79751e-05
 7.79751e-05
 7.79751e-05
 7.79751e-05
 7.79751e-05
 7.79751e-05
 7.79751e-05
 7.79751e-05
 5.81136e-06
 5.81136e-06
 5.81136e-06
 5.81136e-06
 5.81136e-06
 5.81136e-06
 5.81136e-06
 5.81136e-06
 5.81136e-06
 5.81136e-06
 5.81136e-06
 5.81136e-06
 5.81136e-06
 5.81136e-06
 5.81136e-06
 5.81136e-06
 5.81136e-06
 5.81136e-06
 5.81136e-06
 5.81136e-06
 5.81136e-06
 5.81136e-06
 5.81136e-06
 5.81136e-06
 5.81136e-06
 0.00000e+00
 0.00000e+00
 0.00000e+00
 0.00000e+00
 0.00000e+00
 0.00000e+00
 0.00000e+00
 0.00000e+00
 0.00000e+00
 0.00000e+00
 0.00000e+00
 0.00000e+00
 0.00000e+00
 0.00000e+00
 0.00000e+00
 0.00000e+00
 0.00000e+00
 0.00000e+00
 0.00000e+00
 0.00000e+00
 0.00000e+00
 0.00000e+00
 0.00000e+00
 0.00000e+00
 0.00000e+00
 0.00000e+00
 0.00000e+00
 0.00000e+00
 0.00000e+00
 0.00000e+00
 0.00000e+00
 0.00000e+00
 0.00000e+00
 0.00000e+00
 0.00000e+00
 0.00000e+00
 0.00000e+00
 0.00000e+00
 0.00000e+00
 0.00000e+00
 0.00000e+00
 0.00000e+00
 0.00000e+00
 0.00000e+00
 0.00000e+00
 0.00000e+00
 0.00000e+00
 0.00000e+00
 0.00000e+00
 0.00000e+00
 0.00000e+00
 0.00000e+00
 0.00000e+00
 0.00000e+00
 0.00000e+00
 0.00000e+00
 0.00000e+00
 0.00000e+00
 0.00000e+00
 0.00000e+00
 0.00000e+00
 0.00000e+00
 0.00000e+00
 0.00000e+00
 0.00000e+00
 0.00000e+00
 0.00000e+00
 0.00000e+00
 0.00000e+00
 0.00000e+00
 0.00000e+00
 0.00000e+00
 0.00000e+00
 0.00000e+00
 0.00000e+00
 2.37431e-06
 2.37431e-06
 2.37431e-06
 2.37431e-06
 2.37431e-06
 2.37431e-06
 2.37431e-06
 2.37431e-06
 2.37431e-06
 2.37431e-06
 2.37431e-06
 2.37431e-06
 2.37431e-06
 2.37431e-06
 2.37431e-06
 2.37431e-06
 2.37431e-06
 2.37431e-06
 2.37431e-06
 2.37431e-06
 2.37431e-06
 2.37431e-06
 2.37431e-06
 2.37431e-06
 2.37431e-06
 9.18188e-06
 9.18188e-06
 9.18188e-06
 9.18188e-06
 9.18188e-06
 9.18188e-06
 9.18188e-06
 9.18188e-06
 9.18188e-06
 9.18188e-06
 9.18188e-06
 9.18188e-06
 9.18188e-06
 9.18188e-06
 9.18188e-06
 9.18188e-06
 9.18188e-06
 9.18188e-06
 9.18188e-06
 9.18188e-06
 9.18188e-06
 9.18188e-06
 9.18188e-06
 9.18188e-06
 9.18188e-06
 1.95535e-06
 1.95535e-06
 1.95535e-06
 1.95535e-06
 1.95535e-06
 1.95535e-06
 1.95535e-06
 1.95535e-06
 1.95535e-06
 1.95535e-06
 1.95535e-06
 1.95535e-06
 1.95535e-06
 1.95535e-06
 1.95535e-06
 1.95535e-06
 1.95535e-06
 1.95535e-06
 1.95535e-06
 1.95535e-06
 1.95535e-06
 1.95535e-06
 1.95535e-06
 1.95535e-06
 1.95535e-06
part
         4
hexa8
 0.00000e+00
 0.00000e+00
 0.00000e+00
 0.00000e+00
 0.00000e+00
 0.00000e+00
 0.00000e+00
 0.00000e+00
 0.00000e+00
 0.00000e+00
 0.00000e+00
 0.00000e+00
 0.00000e+00
 0.00000e+00
 0.00000e+00
 0.00000e+00
 0.00000e+00
 0.00000e+00
 0.00000e+00
 0.00000e+00
 0.00000e+00
 0.00000e+00
 0.00000e+00
 0.00000e+00
 0.00000e+00
 0.00000e+00
 0.00000e+00
 0.00000e+00
 0.00000e+00
 0.00000e+00
 0.00000e+00
 0.00000e+00
 0.00000e+00
 0.00000e+00
 0.00000e+00
 0.00000e+00
 0.00000e+00
 0.00000e+00
 0.00000e+00
 0.00000e+00
 0.00000e+00
 0.00000e+00
 0.00000e+00
 0.00000e+00
 0.00000e+00
 0.00000e+00
 0.00000e+00
 0.00000e+00
 0.00000e+00
 0.00000e+00
 6.00353e-05
 6.00353e-05
 6.00353e-05
 6.00353e-05
 6.00353e-05
 6.00353e-05
 6.00353e-05
 6.00353e-05
 6.00353e-05
 6.00353e-05
 6.00353e-05
 6.00353e-05
 6.00353e-05
 6.00353e-05
 6.00353e-05
 6.00353e-05
 6.00353e-05
 6.00353e-05
 6.00353e-05
 6.00353e-05
 6.00353e-05
 6.00353e-05
 6.00353e-05
 6.00353e-05
 6.00353e-05
 7.50388e-05
 7.50388e-05
 7.50388e-05
 7.50388e-05
 7.50388e-05
 7.50388e-05
 7.50388e-05
 7.50388e-05
 7.50388e-05
 7.50388e-05
 7.50388e-05
 7.50388e-05
 7.50388e-05
 7.50388e-05
 7.50388e-05
 7.50388e-05
 7.50388e-05
 7.50388e-05
 7.50388e-05
 7.50388e-05
 7.50388e-05
 7.50388e-05
 7.50388e-05
 7.50388e-05
 7.50388e-05
 6.88151e-04
 6.88151e-04
 6.88151e-04
 6.88151e-04
 6.88151e-04
 6.88151e-04
 6.88151e-04
 6.88151e-04
 6.88151e-04
 6.88151e-04
 6.88151e-04
 6.88151e-04
 6.88151e-04
 6.88151e-04
 6.88151e-04
 6.88151e-04
 6.88151e-04
 6.88151e-04
 6.88151e-04
 6.88151e-04
 6.88151e-04
 6.88151e-04
 6.88151e-04
 6.88151e-04
 6.88151e-04
 8.08867e-04
 8.08867e-04
 8.08867e-04
 8.08867e-04
 8.08867e-04
 8.08867e-04
 8.08867e-04
 8.08867e-04
 8.08867e-04
 8.08867e-04
 8.08867e-04
 8.08867e-04
 8.08867e-04
 8.08867e-04
 8.08867e-04
 8.08867e-04
 8.08867e-04
 8.08867e-04
 8.08867e-04
 8.08867e-04
 8.08867e-04
 8.08867e-04
 8.08867e-04
 8.08867e-04
 8.08867e-04
 5.67486e-03
 5.67486e-03
 5.67486e-03
 5.67486e-03
 5.67486e-03
 5.67486e-03
 5.67486e-03
 5.67486e-03
 5.67486e-03
 5.67486e-03
 5.67486e-03
 5.67486e-03
 5.67486e-03
 5.67486e-03
 5.67486e-03
 5.67486e-03
 5.67486e-03
 5.67486e-03
 5.67486e-03
 5.67486e-03
 5.67486e-03
 5.67486e-03
 5.67486e-03
 5.67486e-03
 5.67486e-03
 6.73334e-03
 6.73334e-03
 6.73334e-03
 6.73334e-03
 6.73334e-03
 6.73334e-03
 6.73334e-03
 6.73334e-03
 6.73334e-03
 6.73334e-03
 6.73334e-03
 6.73334e-03
 6.73334e-03
 6.73334e-03
 6.73334e-03
 6.73334e-03
 6.73334e-03
 6.73334e-03
 6.73334e-03
 6.73334e-03
 6.73334e-03
 6.73334e-03
 6.73334e-03
 6.73334e-03
 6.73334e-03
 3.08957e-02
 3.08957e-02
 3.08957e-02
 3.08957e-02
 3.08957e-02
 3.08957e-02
 3.08957e-02
 3.08957e-02
 3.08957e-02
 3.08957e-02
 3.08957e-02
 3.08957e-02
 3.08957e-02
 3.08957e-02
 3.08957e-02
 3.08957e-02
 3.08957e-02
 3.08957e-02
 3.08957e-02
 3.08957e-02
 3.08957e-02
 3.08957e-02
 3.08957e-02
 3.08957e-02
 3.08957e-02
 3.41355e-02
 3.41355e-02
 3.41355e-02
 3.41355e-02
 3.41355e-02
 3.41355e-02
 3.41355e-02
 3.41355e-02
 3.41355e-02
 3.41355e-02
 3.41355e-02
 3.41355e-02
 3.41355e-02
 3.41355e-02
 3.41355e-02
 3.41355e-02
 3.41355e-02
 3.41355e-02
 3.41355e-02
 3.41355e-02
 3.41355e-02
 3.41355e-02
 3.41355e-02
 3.41355e-02
 3.41355e-02
 5.28028e-02
 5.28028e-02
 5.28028e-02
 5.28028e-02
 5.28028e-02
 5.28028e-02
 5.28028e-02
 5.28028e-02
 5.28028e-02
 5.28028e-02
 5.28028e-02
 5.28028e-02
 5.28028e-02
 5.28028e-02
 5.28028e-02
 5.28028e-02
 5.28028e-02
 5.28028e-02
 5.28028e-02
 5.28028e-02
 5.28028e-02
 5.28028e-02
 5.28028e-02
 5.28028e-02
 5.28028e-02
 4.24795e-02
 4.24795e-02
 4.24795e-02
 4.24795e-02
 4.24795e-02
 4.24795e-02
 4.24795e-02
 4.24795e-02
 4.24795e-02
 4.24795e-02
 4.24795e-02
 4.24795e-02
 4.24795e-02
 4.24795e-02
 4.24795e-02
 4.24795e-02
 4.24795e-02
 4.24795e-02
 4.24795e-02
 4.24795e-02
 4.24795e-02
 4.24795e-02
 4.24795e-02
 4.24795e-02
 4.24795e-02
 2.52016e-02
 2.52016e-02
 2.52016e-02
 2.52016e-02
 2.52016e-02
 2.52016e-02
 2.52016e-02
 2.52016e-02
 2.52016e-02
 2.52016e-02
 2.52016e-02
 2.52016e-02
 2.52016e-02
 2.52016e-02
 2.52016e-02
 2.52016e-02
 2.52016e-02
 2.52016e-02
 2.52016e-02
 2.52016e-02
 2.52016e-02
 2.52016e-02
 2.52016e-02
 2.52016e-02
 2.52016e-02
 1.03784e-02
 1.03784e-02
 1.03784e-02
 1.03784e-02
 1.03784e-02
 1.03784e-02
 1.03784e-02
 1.03784e-02
 1.03784e-02
 1.03784e-02
 1.03784e-02
 1.03784e-02
 1.03784e-02
 1.03784e-02
 1.03784e-02
 1.03784e-02
 1.03784e-02
 1.03784e-02
 1.03784e-02
 1.03784e-02
 1.03784e-02
 1.03784e-02
 1.03784e-02
 1.03784e-02
 1.03784e-02
 3.14746e-03
 3.14746e-03
 3.14746e-03
 3.14746e-03
 3.14746e-03
 3.14746e-03
 3.14746e-03
 3.14746e-03
 3.14746e-03
 3.14746e-03
 3.14746e-03
 3.14746e-03
 3.14746e-03
 3.14746e-03
 3.14746e-03
 3.14746e-03
 3.14746e-03
 3.14746e-03
 3.14746e-03
 3.14746e-03
 3.14746e-03
 3.14746e-03
 3.14746e-03
 3.14746e-03
 3.14746e-03
 8.30455e-04
 8.30455e-04
 8.30455e-04
 8.30455e-04
 8.30455e-04
 8.30455e-04
 8.30455e-04
 8.30455e-04
 8.30455e-04
 8.30455e-04
 8.30455e-04
 8.30455e-04
 8.30455e-04
 8.30455e-04
 8.30455e-04
 8.30455e-04
 8.30455e-04
 8.30455e-04
 8.30455e-04
 8.30455e-04
 8.30455e-04
 8.30455e-04
 8.30455e-04
 8.30455e-04
 8.30455e-04
 2.09159e-04
 2.09159e-04
 2.09159e-04
 2.09159e-04
 2.09159e-04
 2.09159e-04
 2.09159e-04
 2.09159e-04
 2.09159e-04
 2.09159e-04
 2.09159e-04
 2.09159e-04
 2.09159e-04
 2.09159e-04
 2.09159e-04
 2.09159e-04
 2.09159e-04
 2.09159e-04
 2.09159e-04
 2.09159e-04
 2.09159e-04
 2.09159e-04
 2.09159e-04
 2.09159e-04
 2.09159e-04
 5.18469e-05
 5.18469e-05
 5.18469e-05
 5.18469e-05
 5.18469e-05
 5.18469e-05
 5.18469e-05
 5.18469e-05
 5.18469e-05
 5.18469e-05
 5.18469e-05
 5.18469e-05
 5.18469e-05
 5.18469e-05
 5.18469e-05
 5.18469e-05
 5.18469e-05
 5.18469e-05
 5.18469e-05
 5.18469e-05
 5.18469e-05
 5.18469e-05
 5.18469e-05
 5.18469e-05
 5.18469e-05
 1.27106e-05
 1.27106e-05
 1.27106e-05
 1.27106e-05
 1.27106e-05
 1.27106e-05
 1.27106e-05
 1.27106e-05
 1.27106e-05
 1.27106e-05
 1.27106e-05
 1.27106e-05
 1.27106e-05
 1.27106e-05
 1.27106e-05
 1.27106e-05
 1.27106e-05
 1.27106e-05
 1.27106e-05
 1.27106e-05
 1.27106e-05
 1.27106e-05
 1.27106e-05
 1.27106e-05
 1.27106e-05
 3.08032e-06
 3.08032e-06
 3.08032e-06
 3.08032e-06
 3.08032e-06
 3.08032e-06
 3.08032e-06
 3.08032e-06
 3.08032e-06
 3.08032e-06
 3.08032e-06
 3.08032e-06
 3.08032e-06
 3.08032e-06
 3.08032e-06
 3.08032e-06
 3.08032e-06
 3.08032e-06
 3.08032e-06
 3.08032e-06
 3.08032e-06
 3.08032e-06
 3.08032e-06
 3.08032e-06
 3.08032e-06
 7.36434e-07
 7.36434e-07
 7.36434e-07
 7.36434e-07
 7.36434e-07
 7.36434e-07
 7.36434e-07
 7.36434e-07
 7.36434e-07
 7.36434e-07
 7.36434e-07
 7.36434e-07
 7.36434e-07
 7.36434e-07
 7.36434e-07
 7.36434e-07
 7.36434e-07
 7.36434e-07
 7.36434e-07
 7.36434e-07
 7.36434e-07
 7.36434e-07
 7.36434e-07
 7.36434e-07
 7.36434e-07
 1.73284e-07
 1.73284e-07
 1.73284e-07
 1.73284e-07
 1.73284e-07
 1.73284e-07
 1.73284e-07
 1.73284e-07
 1.73284e-07
 1.73284e-07
 1.73284e-07
 1.73284e-07
 1.73284e-07
 1.73284e-07
 1.73284e-07
 1.73284e-07
 1.73284e-07
 1.73284e-07
 1.73284e-07
 1.73284e-07
 1.73284e-07
 1.73284e-07
 1.73284e-07
 1.73284e-07
 1.73284e-07
 4.00535e-08
 4.00535e-08
 4.00535e-08
 4.00535e-08
 4.00535e-08
 4.00535e-08
 4.00535e-08
 4.00535e-08
 4.00535e-08
 4.00535e-08
 4.00535e-08
 4.00535e-08
 4.00535e-08
 4.00535e-08
 4.00535e-08
 4.00535e-08
 4.00535e-08
 4.00535e-08
 4.00535e-08
 4.00535e-08
 4.00535e-08
 4.00535e-08
 4.00535e-08
 4.00535e-08
 4.00535e-08
 9.15513e-09
 9.15513e-09
 9.15513e-09
 9.15513e-09
 9.15513e-09
 9.15512e-09
 9.15513e-09
 9.15513e-09
 9.15513e-09
 9.15513e-09
 9.15513e-09
 9.15513e-09
 9.15513e-09
 9.15512e-09
 9.15512e-09
 9.15513e-09
 9.15513e-09
 9.15513e-09
 9.15513e-09
 9.15513e-09
 9.15513e-09
 9.15513e-09
 9.15513e-09
 9.15513e-09
 9.15513e-09
 2.44130e-09
 2.44130e-09
 2.44130e-09
 2.44130e-09
 2.44130e-09
 2.44130e-09
 2.44130e-09
 2.44130e-09
 2.44130e-09
 2.44130e-09
 2.44130e-09
 2.44130e-09
 2.44130e-09
 2.44130e-09
 2.44130e-09
 2.44130e-09
 2.44130e-09
 2.44130e-09
 2.44130e-09
 2.44131e-09
 2.44130e-09
 2.44130e-09
 2.44130e-09
 2.44130e-09
 2.44130e-09
