Pressure
part
         1
hexa8
 1.00000e+00
 1.00000e+00
 1.00000e+00
 1.00000e+00
 1.00000e+00
 1.00000e+00
 1.00000e+00
 1.00000e+00
 1.00000e+00
 1.00000e+00
 1.00000e+00
 1.00000e+00
 1.00000e+00
 1.00000e+00
 1.00000e+00
 1.00000e+00
 1.00000e+00
 1.00000e+00
 1.00000e+00
 1.00000e+00
 1.00000e+00
 1.00000e+00
 1.00000e+00
 1.00000e+00
 1.00000e+00
 1.00000e+00
 1.00000e+00
 1.00000e+00
 1.00000e+00
 1.00000e+00
 1.00000e+00
 1.00000e+00
 1.00000e+00
 1.00000e+00
 1.00000e+00
 1.00000e+00
 1.00000e+00
 1.00000e+00
 1.00000e+00
 1.00000e+00
 1.00000e+00
 1.00000e+00
 1.00000e+00
 1.00000e+00
 1.00000e+00
 1.00000e+00
 1.00000e+00
 1.00000e+00
 1.00000e+00
 1.00000e+00
 1.00000e+00
 1.00000e+00
 1.00000e+00
 1.00000e+00
 1.00000e+00
 1.00000e+00
 1.00000e+00
 1.00000e+00
 1.00000e+00
 1.00000e+00
 1.00000e+00
 1.00000e+00
 1.00000e+00
 1.00000e+00
 1.00000e+00
 1.00000e+00
 1.00000e+00
 1.00000e+00
 1.00000e+00
 1.00000e+00
 1.00000e+00
 1.00000e+00
 1.00000e+00
 1.00000e+00
 1.00000e+00
 1.00000e+00
 1.00000e+00
 1.00000e+00
 1.00000e+00
 1.00000e+00
 1.00000e+00
 1.00000e+00
 1.00000e+00
 1.00000e+00
 1.00000e+00
 9.99999e-01
 9.99999e-01
 9.99999e-01
 9.99999e-01
 9.99999e-01
 9.99996e-01
 9.99996e-01
 9.99996e-01
 9.99996e-01
 9.99996e-01
 9.99980e-01
 9.99980e-01
 9.99980e-01
 9.99980e-01
 9.99980e-01
 9.99909e-01
 9.99909e-01
 9.99909e-01
 9.99909e-01
 9.99909e-01
 9.99628e-01
 9.99628e-01
 9.99628e-01
 9.99628e-01
 9.99628e-01
 9.98664e-01
 9.98664e-01
 9.98664e-01
 9.98664e-01
 9.98664e-01
 9.95843e-01
 9.95843e-01
 9.95843e-01
 9.95843e-01
 9.95843e-01
 9.88970e-01
 9.88970e-01
 9.88970e-01
 9.88970e-01
 9.88970e-01
 9.75287e-01
 9.75287e-01
 9.75287e-01
 9.75287e-01
 9.75287e-01
 9.53157e-01
 9.53157e-01
 9.53157e-01
 9.53157e-01
 9.53157e-01
 9.23473e-01
 9.23473e-01
 9.23473e-01
 9.23473e-01
 9.23473e-01
 8.88861e-01
 8.88861e-01
 8.88861e-01
 8.88861e-01
 8.88861e-01
 8.51835e-01
 8.51835e-01
 8.51835e-01
 8.51835e-01
 8.51835e-01
 8.14015e-01
 8.14015e-01
 8.14015e-01
 8.14015e-01
 8.14015e-01
 7.76276e-01
 7.76276e-01
 7.76276e-01
 7.76276e-01
 7.76276e-01
 7.39228e-01
 7.39228e-01
 7.39228e-01
 7.39228e-01
 7.39228e-01
 7.03157e-01
 7.03157e-01
 7.03157e-01
 7.03157e-01
 7.03157e-01
 6.68158e-01
 6.68158e-01
 6.68158e-01
 6.68158e-01
 6.68158e-01
 6.34226e-01
 6.34226e-01
 6.34226e-01
 6.34226e-01
 6.34226e-01
 6.01303e-01
 6.01303e-01
 6.01303e-01
 6.01303e-01
 6.01303e-01
 5.69505e-01
 5.69505e-01
 5.69505e-01
 5.69505e-01
 5.69505e-01
 5.40209e-01
 5.40209e-01
 5.40209e-01
 5.40209e-01
 5.40209e-01
 5.12469e-01
 5.12469e-01
 5.12469e-01
 5.12469e-01
 5.12469e-01
 4.86579e-01
 4.86579e-01
 4.86579e-01
 4.86579e-01
 4.86579e-01
 4.61716e-01
 4.61716e-01
 4.61716e-01
 4.61716e-01
 4.61716e-01
 4.38845e-01
 4.38845e-01
 4.38845e-01
 4.38845e-01
 4.38845e-01
 4.17023e-01
 4.17023e-01
 4.17023e-01
 4.17023e-01
 4.17023e-01
 3.96338e-01
 3.96338e-01
 3.96338e-01
 3.96338e-01
 3.96338e-01
 3.77039e-01
 3.77039e-01
 3.77039e-01
 3.77039e-01
 3.77039e-01
 3.58217e-01
 3.58217e-01
 3.58217e-01
 3.58217e-01
 3.58217e-01
 3.41848e-01
 3.41848e-01
 3.41848e-01
 3.41848e-01
 3.41848e-01
 3.27787e-01
 3.27787e-01
 3.27787e-01
 3.27787e-01
 3.27787e-01
 3.16297e-01
 3.16297e-01
 3.16297e-01
 3.16297e-01
 3.16297e-01
 3.09386e-01
 3.09386e-01
 3.09386e-01
 3.09386e-01
 3.09386e-01
 3.04550e-01
 3.04550e-01
 3.04550e-01
 3.04550e-01
 3.04550e-01
 3.01779e-01
 3.01779e-01
 3.01779e-01
 3.01779e-01
 3.01779e-01
 3.01394e-01
 3.01394e-01
 3.01394e-01
 3.01394e-01
 3.01394e-01
 3.01210e-01
 3.01210e-01
 3.01210e-01
 3.01210e-01
 3.01210e-01
 3.01088e-01
 3.01088e-01
 3.01088e-01
 3.01088e-01
 3.01088e-01
 3.01175e-01
 3.01175e-01
 3.01175e-01
 3.01175e-01
 3.01175e-01
 3.01530e-01
 3.01530e-01
 3.01530e-01
 3.01530e-01
 3.01530e-01
 3.02129e-01
 3.02129e-01
 3.02129e-01
 3.02129e-01
 3.02129e-01
 3.02359e-01
 3.02359e-01
 3.02359e-01
 3.02359e-01
 3.02359e-01
 3.02346e-01
 3.02346e-01
 3.02346e-01
 3.02346e-01
 3.02346e-01
 3.02344e-01
 3.02344e-01
 3.02344e-01
 3.02344e-01
 3.02344e-01
 3.02449e-01
 3.02449e-01
 3.02449e-01
 3.02449e-01
 3.02449e-01
 3.02576e-01
 3.02576e-01
 3.02576e-01
 3.02576e-01
 3.02576e-01
 3.02609e-01
 3.02609e-01
 3.02609e-01
 3.02609e-01
 3.02609e-01
 3.02530e-01
 3.02530e-01
 3.02530e-01
 3.02530e-01
 3.02530e-01
 3.02440e-01
 3.02440e-01
 3.02440e-01
 3.02440e-01
 3.02440e-01
 3.02466e-01
 3.02466e-01
 3.02466e-01
 3.02466e-01
 3.02466e-01
 3.02597e-01
 3.02597e-01
 3.02597e-01
 3.02597e-01
 3.02597e-01
 3.02681e-01
 3.02681e-01
 3.02681e-01
 3.02681e-01
 3.02681e-01
 3.02643e-01
 3.02643e-01
 3.02643e-01
 3.02643e-01
 3.02643e-01
 3.02578e-01
 3.02578e-01
 3.02578e-01
 3.02578e-01
 3.02578e-01
 3.02538e-01
 3.02538e-01
 3.02538e-01
 3.02538e-01
 3.02538e-01
 3.02599e-01
 3.02599e-01
 3.02599e-01
 3.02599e-01
 3.02599e-01
 3.02749e-01
 3.02749e-01
 3.02749e-01
 3.02749e-01
 3.02749e-01
 3.02797e-01
 3.02797e-01
 3.02797e-01
 3.02797e-01
 3.02797e-01
 3.02741e-01
 3.02741e-01
 3.02741e-01
 3.02741e-01
 3.02741e-01
 3.02583e-01
 3.02583e-01
 3.02583e-01
 3.02583e-01
 3.02583e-01
 3.02079e-01
 3.02079e-01
 3.02079e-01
 3.02079e-01
 3.02079e-01
 3.00808e-01
 3.00808e-01
 3.00808e-01
 3.00808e-01
 3.00808e-01
 2.97809e-01
 2.97809e-01
 2.97809e-01
 2.97809e-01
 2.97809e-01
 2.91220e-01
 2.91220e-01
 2.91220e-01
 2.91220e-01
 2.91220e-01
 2.78443e-01
 2.78443e-01
 2.78443e-01
 2.78443e-01
 2.78443e-01
 2.55629e-01
 2.55629e-01
 2.55629e-01
 2.55629e-01
 2.55629e-01
 2.20924e-01
 2.20924e-01
 2.20924e-01
 2.20924e-01
 2.20924e-01
 1.81010e-01
 1.81010e-01
 1.81010e-01
 1.81010e-01
 1.81010e-01
 1.46936e-01
 1.46936e-01
 1.46936e-01
 1.46936e-01
 1.46936e-01
 1.23158e-01
 1.23158e-01
 1.23158e-01
 1.23158e-01
 1.23158e-01
 1.09409e-01
 1.09409e-01
 1.09409e-01
 1.09409e-01
 1.09409e-01
 1.03098e-01
 1.03098e-01
 1.03098e-01
 1.03098e-01
 1.03098e-01
 1.00873e-01
 1.00873e-01
 1.00873e-01
 1.00873e-01
 1.00873e-01
 1.00228e-01
 1.00228e-01
 1.00228e-01
 1.00228e-01
 1.00228e-01
 1.00057e-01
 1.00057e-01
 1.00057e-01
 1.00057e-01
 1.00057e-01
 1.00014e-01
 1.00014e-01
 1.00014e-01
 1.00014e-01
 1.00014e-01
 1.00003e-01
 1.00003e-01
 1.00003e-01
 1.00003e-01
 1.00003e-01
 1.00001e-01
 1.00001e-01
 1.00001e-01
 1.00001e-01
 1.00001e-01
 1.00000e-01
 1.00000e-01
 1.00000e-01
 1.00000e-01
 1.00000e-01
 1.00000e-01
 1.00000e-01
 1.00000e-01
 1.00000e-01
 1.00000e-01
 1.00000e-01
 1.00000e-01
 1.00000e-01
 1.00000e-01
 1.00000e-01
 1.00000e-01
 1.00000e-01
 1.00000e-01
 1.00000e-01
 1.00000e-01
 1.00000e+00
 1.00000e+00
 1.00000e+00
 1.00000e+00
 1.00000e+00
 1.00000e+00
 1.00000e+00
 1.00000e+00
 1.00000e+00
 1.00000e+00
 1.00000e+00
 1.00000e+00
 1.00000e+00
 1.00000e+00
 1.00000e+00
 1.00000e+00
 1.00000e+00
 1.00000e+00
 1.00000e+00
 1.00000e+00
 1.00000e+00
 1.00000e+00
 1.00000e+00
 1.00000e+00
 1.00000e+00
 1.00000e+00
 1.00000e+00
 1.00000e+00
 1.00000e+00
 1.00000e+00
 1.00000e+00
 1.00000e+00
 1.00000e+00
 1.00000e+00
 1.00000e+00
 1.00000e+00
 1.00000e+00
 1.00000e+00
 1.00000e+00
 1.00000e+00
 1.00000e+00
 1.00000e+00
 1.00000e+00
 1.00000e+00
 1.00000e+00
 1.00000e+00
 1.00000e+00
 1.00000e+00
 1.00000e+00
 1.00000e+00
 1.00000e+00
 1.00000e+00
 1.00000e+00
 1.00000e+00
 1.00000e+00
 1.00000e+00
 1.00000e+00
 1.00000e+00
 1.00000e+00
 1.00000e+00
 1.00000e+00
 1.00000e+00
 1.00000e+00
 1.00000e+00
 1.00000e+00
 1.00000e+00
 1.00000e+00
 1.00000e+00
 1.00000e+00
 1.00000e+00
 1.00000e+00
 1.00000e+00
 1.00000e+00
 1.00000e+00
 1.00000e+00
 1.00000e+00
 1.00000e+00
 1.00000e+00
 1.00000e+00
 1.00000e+00
 1.00000e+00
 1.00000e+00
 1.00000e+00
 1.00000e+00
 1.00000e+00
 9.99999e-01
 9.99999e-01
 9.99999e-01
 9.99999e-01
 9.99999e-01
 9.99996e-01
 9.99996e-01
 9.99996e-01
 9.99996e-01
 9.99996e-01
 9.99980e-01
 9.99980e-01
 9.99980e-01
 9.99980e-01
 9.99980e-01
 9.99909e-01
 9.99909e-01
 9.99909e-01
 9.99909e-01
 9.99909e-01
 9.99628e-01
 9.99628e-01
 9.99628e-01
 9.99628e-01
 9.99628e-01
 9.98664e-01
 9.98664e-01
 9.98664e-01
 9.98664e-01
 9.98664e-01
 9.95843e-01
 9.95843e-01
 9.95843e-01
 9.95843e-01
 9.95843e-01
 9.88970e-01
 9.88970e-01
 9.88970e-01
 9.88970e-01
 9.88970e-01
 9.75287e-01
 9.75287e-01
 9.75287e-01
 9.75287e-01
 9.75287e-01
 9.53157e-01
 9.53157e-01
 9.53157e-01
 9.53157e-01
 9.53157e-01
 9.23473e-01
 9.23473e-01
 9.23473e-01
 9.23473e-01
 9.23473e-01
 8.88861e-01
 8.88861e-01
 8.88861e-01
 8.88861e-01
 8.88861e-01
 8.51835e-01
 8.51835e-01
 8.51835e-01
 8.51835e-01
 8.51835e-01
 8.14015e-01
 8.14015e-01
 8.14015e-01
 8.14015e-01
 8.14015e-01
 7.76276e-01
 7.76276e-01
 7.76276e-01
 7.76276e-01
 7.76276e-01
 7.39228e-01
 7.39228e-01
 7.39228e-01
 7.39228e-01
 7.39228e-01
 7.03157e-01
 7.03157e-01
 7.03157e-01
 7.03157e-01
 7.03157e-01
 6.68158e-01
 6.68158e-01
 6.68158e-01
 6.68158e-01
 6.68158e-01
 6.34226e-01
 6.34226e-01
 6.34226e-01
 6.34226e-01
 6.34226e-01
 6.01303e-01
 6.01303e-01
 6.01303e-01
 6.01303e-01
 6.01303e-01
 5.69505e-01
 5.69505e-01
 5.69505e-01
 5.69505e-01
 5.69505e-01
 5.40209e-01
 5.40209e-01
 5.40209e-01
 5.40209e-01
 5.40209e-01
 5.12469e-01
 5.12469e-01
 5.12469e-01
 5.12469e-01
 5.12469e-01
 4.86579e-01
 4.86579e-01
 4.86579e-01
 4.86579e-01
 4.86579e-01
 4.61716e-01
 4.61716e-01
 4.61716e-01
 4.61716e-01
 4.61716e-01
 4.38845e-01
 4.38845e-01
 4.38845e-01
 4.38845e-01
 4.38845e-01
 4.17023e-01
 4.17023e-01
 4.17023e-01
 4.17023e-01
 4.17023e-01
 3.96338e-01
 3.96338e-01
 3.96338e-01
 3.96338e-01
 3.96338e-01
 3.77039e-01
 3.77039e-01
 3.77039e-01
 3.77039e-01
 3.77039e-01
 3.58217e-01
 3.58217e-01
 3.58217e-01
 3.58217e-01
 3.58217e-01
 3.41848e-01
 3.41848e-01
 3.41848e-01
 3.41848e-01
 3.41848e-01
 3.27787e-01
 3.27787e-01
 3.27787e-01
 3.27787e-01
 3.27787e-01
 3.16297e-01
 3.16297e-01
 3.16297e-01
 3.16297e-01
 3.16297e-01
 3.09386e-01
 3.09386e-01
 3.09386e-01
 3.09386e-01
 3.09386e-01
 3.04550e-01
 3.04550e-01
 3.04550e-01
 3.04550e-01
 3.04550e-01
 3.01779e-01
 3.01779e-01
 3.01779e-01
 3.01779e-01
 3.01779e-01
 3.01394e-01
 3.01394e-01
 3.01394e-01
 3.01394e-01
 3.01394e-01
 3.01210e-01
 3.01210e-01
 3.01210e-01
 3.01210e-01
 3.01210e-01
 3.01088e-01
 3.01088e-01
 3.01088e-01
 3.01088e-01
 3.01088e-01
 3.01175e-01
 3.01175e-01
 3.01175e-01
 3.01175e-01
 3.01175e-01
 3.01530e-01
 3.01530e-01
 3.01530e-01
 3.01530e-01
 3.01530e-01
 3.02129e-01
 3.02129e-01
 3.02129e-01
 3.02129e-01
 3.02129e-01
 3.02359e-01
 3.02359e-01
 3.02359e-01
 3.02359e-01
 3.02359e-01
 3.02346e-01
 3.02346e-01
 3.02346e-01
 3.02346e-01
 3.02346e-01
 3.02344e-01
 3.02344e-01
 3.02344e-01
 3.02344e-01
 3.02344e-01
 3.02449e-01
 3.02449e-01
 3.02449e-01
 3.02449e-01
 3.02449e-01
 3.02576e-01
 3.02576e-01
 3.02576e-01
 3.02576e-01
 3.02576e-01
 3.02609e-01
 3.02609e-01
 3.02609e-01
 3.02609e-01
 3.02609e-01
 3.02530e-01
 3.02530e-01
 3.02530e-01
 3.02530e-01
 3.02530e-01
 3.02440e-01
 3.02440e-01
 3.02440e-01
 3.02440e-01
 3.02440e-01
 3.02466e-01
 3.02466e-01
 3.02466e-01
 3.02466e-01
 3.02466e-01
 3.02597e-01
 3.02597e-01
 3.02597e-01
 3.02597e-01
 3.02597e-01
 3.02681e-01
 3.02681e-01
 3.02681e-01
 3.02681e-01
 3.02681e-01
 3.02643e-01
 3.02643e-01
 3.02643e-01
 3.02643e-01
 3.02643e-01
 3.02578e-01
 3.02578e-01
 3.02578e-01
 3.02578e-01
 3.02578e-01
 3.02538e-01
 3.02538e-01
 3.02538e-01
 3.02538e-01
 3.02538e-01
 3.02599e-01
 3.02599e-01
 3.02599e-01
 3.02599e-01
 3.02599e-01
 3.02749e-01
 3.02749e-01
 3.02749e-01
 3.02749e-01
 3.02749e-01
 3.02797e-01
 3.02797e-01
 3.02797e-01
 3.02797e-01
 3.02797e-01
 3.02741e-01
 3.02741e-01
 3.02741e-01
 3.02741e-01
 3.02741e-01
 3.02583e-01
 3.02583e-01
 3.02583e-01
 3.02583e-01
 3.02583e-01
 3.02079e-01
 3.02079e-01
 3.02079e-01
 3.02079e-01
 3.02079e-01
 3.00808e-01
 3.00808e-01
 3.00808e-01
 3.00808e-01
 3.00808e-01
 2.97809e-01
 2.97809e-01
 2.97809e-01
 2.97809e-01
 2.97809e-01
 2.91220e-01
 2.91220e-01
 2.91220e-01
 2.91220e-01
 2.91220e-01
 2.78443e-01
 2.78443e-01
 2.78443e-01
 2.78443e-01
 2.78443e-01
 2.55629e-01
 2.55629e-01
 2.55629e-01
 2.55629e-01
 2.55629e-01
 2.20924e-01
 2.20924e-01
 2.20924e-01
 2.20924e-01
 2.20924e-01
 1.81010e-01
 1.81010e-01
 1.81010e-01
 1.81010e-01
 1.81010e-01
 1.46936e-01
 1.46936e-01
 1.46936e-01
 1.46936e-01
 1.46936e-01
 1.23158e-01
 1.23158e-01
 1.23158e-01
 1.23158e-01
 1.23158e-01
 1.09409e-01
 1.09409e-01
 1.09409e-01
 1.09409e-01
 1.09409e-01
 1.03098e-01
 1.03098e-01
 1.03098e-01
 1.03098e-01
 1.03098e-01
 1.00873e-01
 1.00873e-01
 1.00873e-01
 1.00873e-01
 1.00873e-01
 1.00228e-01
 1.00228e-01
 1.00228e-01
 1.00228e-01
 1.00228e-01
 1.00057e-01
 1.00057e-01
 1.00057e-01
 1.00057e-01
 1.00057e-01
 1.00014e-01
 1.00014e-01
 1.00014e-01
 1.00014e-01
 1.00014e-01
 1.00003e-01
 1.00003e-01
 1.00003e-01
 1.00003e-01
 1.00003e-01
 1.00001e-01
 1.00001e-01
 1.00001e-01
 1.00001e-01
 1.00001e-01
 1.00000e-01
 1.00000e-01
 1.00000e-01
 1.00000e-01
 1.00000e-01
 1.00000e-01
 1.00000e-01
 1.00000e-01
 1.00000e-01
 1.00000e-01
 1.00000e-01
 1.00000e-01
 1.00000e-01
 1.00000e-01
 1.00000e-01
 1.00000e-01
 1.00000e-01
 1.00000e-01
 1.00000e-01
 1.00000e-01
 1.00000e+00
 1.00000e+00
 1.00000e+00
 1.00000e+00
 1.00000e+00
 1.00000e+00
 1.00000e+00
 1.00000e+00
 1.00000e+00
 1.00000e+00
 1.00000e+00
 1.00000e+00
 1.00000e+00
 1.00000e+00
 1.00000e+00
 1.00000e+00
 1.00000e+00
 1.00000e+00
 1.00000e+00
 1.00000e+00
 1.00000e+00
 1.00000e+00
 1.00000e+00
 1.00000e+00
 1.00000e+00
 1.00000e+00
 1.00000e+00
 1.00000e+00
 1.00000e+00
 1.00000e+00
 1.00000e+00
 1.00000e+00
 1.00000e+00
 1.00000e+00
 1.00000e+00
 1.00000e+00
 1.00000e+00
 1.00000e+00
 1.00000e+00
 1.00000e+00
 1.00000e+00
 1.00000e+00
 1.00000e+00
 1.00000e+00
 1.00000e+00
 1.00000e+00
 1.00000e+00
 1.00000e+00
 1.00000e+00
 1.00000e+00
 1.00000e+00
 1.00000e+00
 1.00000e+00
 1.00000e+00
 1.00000e+00
 1.00000e+00
 1.00000e+00
 1.00000e+00
 1.00000e+00
 1.00000e+00
 1.00000e+00
 1.00000e+00
 1.00000e+00
 1.00000e+00
 1.00000e+00
 1.00000e+00
 1.00000e+00
 1.00000e+00
 1.00000e+00
 1.00000e+00
 1.00000e+00
 1.00000e+00
 1.00000e+00
 1.00000e+00
 1.00000e+00
 1.00000e+00
 1.00000e+00
 1.00000e+00
 1.00000e+00
 1.00000e+00
 1.00000e+00
 1.00000e+00
 1.00000e+00
 1.00000e+00
 1.00000e+00
 9.99999e-01
 9.99999e-01
 9.99999e-01
 9.99999e-01
 9.99999e-01
 9.99996e-01
 9.99996e-01
 9.99996e-01
 9.99996e-01
 9.99996e-01
 9.99980e-01
 9.99980e-01
 9.99980e-01
 9.99980e-01
 9.99980e-01
 9.99909e-01
 9.99909e-01
 9.99909e-01
 9.99909e-01
 9.99909e-01
 9.99628e-01
 9.99628e-01
 9.99628e-01
 9.99628e-01
 9.99628e-01
 9.98664e-01
 9.98664e-01
 9.98664e-01
 9.98664e-01
 9.98664e-01
 9.95843e-01
 9.95843e-01
 9.95843e-01
 9.95843e-01
 9.95843e-01
 9.88970e-01
 9.88970e-01
 9.88970e-01
 9.88970e-01
 9.88970e-01
 9.75287e-01
 9.75287e-01
 9.75287e-01
 9.75287e-01
 9.75287e-01
 9.53157e-01
 9.53157e-01
 9.53157e-01
 9.53157e-01
 9.53157e-01
 9.23473e-01
 9.23473e-01
 9.23473e-01
 9.23473e-01
 9.23473e-01
 8.88861e-01
 8.88861e-01
 8.88861e-01
 8.88861e-01
 8.88861e-01
 8.51835e-01
 8.51835e-01
 8.51835e-01
 8.51835e-01
 8.51835e-01
 8.14015e-01
 8.14015e-01
 8.14015e-01
 8.14015e-01
 8.14015e-01
 7.76276e-01
 7.76276e-01
 7.76276e-01
 7.76276e-01
 7.76276e-01
 7.39228e-01
 7.39228e-01
 7.39228e-01
 7.39228e-01
 7.39228e-01
 7.03157e-01
 7.03157e-01
 7.03157e-01
 7.03157e-01
 7.03157e-01
 6.68158e-01
 6.68158e-01
 6.68158e-01
 6.68158e-01
 6.68158e-01
 6.34226e-01
 6.34226e-01
 6.34226e-01
 6.34226e-01
 6.34226e-01
 6.01303e-01
 6.01303e-01
 6.01303e-01
 6.01303e-01
 6.01303e-01
 5.69505e-01
 5.69505e-01
 5.69505e-01
 5.69505e-01
 5.69505e-01
 5.40209e-01
 5.40209e-01
 5.40209e-01
 5.40209e-01
 5.40209e-01
 5.12469e-01
 5.12469e-01
 5.12469e-01
 5.12469e-01
 5.12469e-01
 4.86579e-01
 4.86579e-01
 4.86579e-01
 4.86579e-01
 4.86579e-01
 4.61716e-01
 4.61716e-01
 4.61716e-01
 4.61716e-01
 4.61716e-01
 4.38845e-01
 4.38845e-01
 4.38845e-01
 4.38845e-01
 4.38845e-01
 4.17023e-01
 4.17023e-01
 4.17023e-01
 4.17023e-01
 4.17023e-01
 3.96338e-01
 3.96338e-01
 3.96338e-01
 3.96338e-01
 3.96338e-01
 3.77039e-01
 3.77039e-01
 3.77039e-01
 3.77039e-01
 3.77039e-01
 3.58217e-01
 3.58217e-01
 3.58217e-01
 3.58217e-01
 3.58217e-01
 3.41848e-01
 3.41848e-01
 3.41848e-01
 3.41848e-01
 3.41848e-01
 3.27787e-01
 3.27787e-01
 3.27787e-01
 3.27787e-01
 3.27787e-01
 3.16297e-01
 3.16297e-01
 3.16297e-01
 3.16297e-01
 3.16297e-01
 3.09386e-01
 3.09386e-01
 3.09386e-01
 3.09386e-01
 3.09386e-01
 3.04550e-01
 3.04550e-01
 3.04550e-01
 3.04550e-01
 3.04550e-01
 3.01779e-01
 3.01779e-01
 3.01779e-01
 3.01779e-01
 3.01779e-01
 3.01394e-01
 3.01394e-01
 3.01394e-01
 3.01394e-01
 3.01394e-01
 3.01210e-01
 3.01210e-01
 3.01210e-01
 3.01210e-01
 3.01210e-01
 3.01088e-01
 3.01088e-01
 3.01088e-01
 3.01088e-01
 3.01088e-01
 3.01175e-01
 3.01175e-01
 3.01175e-01
 3.01175e-01
 3.01175e-01
 3.01530e-01
 3.01530e-01
 3.01530e-01
 3.01530e-01
 3.01530e-01
 3.02129e-01
 3.02129e-01
 3.02129e-01
 3.02129e-01
 3.02129e-01
 3.02359e-01
 3.02359e-01
 3.02359e-01
 3.02359e-01
 3.02359e-01
 3.02346e-01
 3.02346e-01
 3.02346e-01
 3.02346e-01
 3.02346e-01
 3.02344e-01
 3.02344e-01
 3.02344e-01
 3.02344e-01
 3.02344e-01
 3.02449e-01
 3.02449e-01
 3.02449e-01
 3.02449e-01
 3.02449e-01
 3.02576e-01
 3.02576e-01
 3.02576e-01
 3.02576e-01
 3.02576e-01
 3.02609e-01
 3.02609e-01
 3.02609e-01
 3.02609e-01
 3.02609e-01
 3.02530e-01
 3.02530e-01
 3.02530e-01
 3.02530e-01
 3.02530e-01
 3.02440e-01
 3.02440e-01
 3.02440e-01
 3.02440e-01
 3.02440e-01
 3.02466e-01
 3.02466e-01
 3.02466e-01
 3.02466e-01
 3.02466e-01
 3.02597e-01
 3.02597e-01
 3.02597e-01
 3.02597e-01
 3.02597e-01
 3.02681e-01
 3.02681e-01
 3.02681e-01
 3.02681e-01
 3.02681e-01
 3.02643e-01
 3.02643e-01
 3.02643e-01
 3.02643e-01
 3.02643e-01
 3.02578e-01
 3.02578e-01
 3.02578e-01
 3.02578e-01
 3.02578e-01
 3.02538e-01
 3.02538e-01
 3.02538e-01
 3.02538e-01
 3.02538e-01
 3.02599e-01
 3.02599e-01
 3.02599e-01
 3.02599e-01
 3.02599e-01
 3.02749e-01
 3.02749e-01
 3.02749e-01
 3.02749e-01
 3.02749e-01
 3.02797e-01
 3.02797e-01
 3.02797e-01
 3.02797e-01
 3.02797e-01
 3.02741e-01
 3.02741e-01
 3.02741e-01
 3.02741e-01
 3.02741e-01
 3.02583e-01
 3.02583e-01
 3.02583e-01
 3.02583e-01
 3.02583e-01
 3.02079e-01
 3.02079e-01
 3.02079e-01
 3.02079e-01
 3.02079e-01
 3.00808e-01
 3.00808e-01
 3.00808e-01
 3.00808e-01
 3.00808e-01
 2.97809e-01
 2.97809e-01
 2.97809e-01
 2.97809e-01
 2.97809e-01
 2.91220e-01
 2.91220e-01
 2.91220e-01
 2.91220e-01
 2.91220e-01
 2.78443e-01
 2.78443e-01
 2.78443e-01
 2.78443e-01
 2.78443e-01
 2.55629e-01
 2.55629e-01
 2.55629e-01
 2.55629e-01
 2.55629e-01
 2.20924e-01
 2.20924e-01
 2.20924e-01
 2.20924e-01
 2.20924e-01
 1.81010e-01
 1.81010e-01
 1.81010e-01
 1.81010e-01
 1.81010e-01
 1.46936e-01
 1.46936e-01
 1.46936e-01
 1.46936e-01
 1.46936e-01
 1.23158e-01
 1.23158e-01
 1.23158e-01
 1.23158e-01
 1.23158e-01
 1.09409e-01
 1.09409e-01
 1.09409e-01
 1.09409e-01
 1.09409e-01
 1.03098e-01
 1.03098e-01
 1.03098e-01
 1.03098e-01
 1.03098e-01
 1.00873e-01
 1.00873e-01
 1.00873e-01
 1.00873e-01
 1.00873e-01
 1.00228e-01
 1.00228e-01
 1.00228e-01
 1.00228e-01
 1.00228e-01
 1.00057e-01
 1.00057e-01
 1.00057e-01
 1.00057e-01
 1.00057e-01
 1.00014e-01
 1.00014e-01
 1.00014e-01
 1.00014e-01
 1.00014e-01
 1.00003e-01
 1.00003e-01
 1.00003e-01
 1.00003e-01
 1.00003e-01
 1.00001e-01
 1.00001e-01
 1.00001e-01
 1.00001e-01
 1.00001e-01
 1.00000e-01
 1.00000e-01
 1.00000e-01
 1.00000e-01
 1.00000e-01
 1.00000e-01
 1.00000e-01
 1.00000e-01
 1.00000e-01
 1.00000e-01
 1.00000e-01
 1.00000e-01
 1.00000e-01
 1.00000e-01
 1.00000e-01
 1.00000e-01
 1.00000e-01
 1.00000e-01
 1.00000e-01
 1.00000e-01
 1.00000e+00
 1.00000e+00
 1.00000e+00
 1.00000e+00
 1.00000e+00
 1.00000e+00
 1.00000e+00
 1.00000e+00
 1.00000e+00
 1.00000e+00
 1.00000e+00
 1.00000e+00
 1.00000e+00
 1.00000e+00
 1.00000e+00
 1.00000e+00
 1.00000e+00
 1.00000e+00
 1.00000e+00
 1.00000e+00
 1.00000e+00
 1.00000e+00
 1.00000e+00
 1.00000e+00
 1.00000e+00
 1.00000e+00
 1.00000e+00
 1.00000e+00
 1.00000e+00
 1.00000e+00
 1.00000e+00
 1.00000e+00
 1.00000e+00
 1.00000e+00
 1.00000e+00
 1.00000e+00
 1.00000e+00
 1.00000e+00
 1.00000e+00
 1.00000e+00
 1.00000e+00
 1.00000e+00
 1.00000e+00
 1.00000e+00
 1.00000e+00
 1.00000e+00
 1.00000e+00
 1.00000e+00
 1.00000e+00
 1.00000e+00
 1.00000e+00
 1.00000e+00
 1.00000e+00
 1.00000e+00
 1.00000e+00
 1.00000e+00
 1.00000e+00
 1.00000e+00
 1.00000e+00
 1.00000e+00
 1.00000e+00
 1.00000e+00
 1.00000e+00
 1.00000e+00
 1.00000e+00
 1.00000e+00
 1.00000e+00
 1.00000e+00
 1.00000e+00
 1.00000e+00
 1.00000e+00
 1.00000e+00
 1.00000e+00
 1.00000e+00
 1.00000e+00
 1.00000e+00
 1.00000e+00
 1.00000e+00
 1.00000e+00
 1.00000e+00
 1.00000e+00
 1.00000e+00
 1.00000e+00
 1.00000e+00
 1.00000e+00
 9.99999e-01
 9.99999e-01
 9.99999e-01
 9.99999e-01
 9.99999e-01
 9.99996e-01
 9.99996e-01
 9.99996e-01
 9.99996e-01
 9.99996e-01
 9.99980e-01
 9.99980e-01
 9.99980e-01
 9.99980e-01
 9.99980e-01
 9.99909e-01
 9.99909e-01
 9.99909e-01
 9.99909e-01
 9.99909e-01
 9.99628e-01
 9.99628e-01
 9.99628e-01
 9.99628e-01
 9.99628e-01
 9.98664e-01
 9.98664e-01
 9.98664e-01
 9.98664e-01
 9.98664e-01
 9.95843e-01
 9.95843e-01
 9.95843e-01
 9.95843e-01
 9.95843e-01
 9.88970e-01
 9.88970e-01
 9.88970e-01
 9.88970e-01
 9.88970e-01
 9.75287e-01
 9.75287e-01
 9.75287e-01
 9.75287e-01
 9.75287e-01
 9.53157e-01
 9.53157e-01
 9.53157e-01
 9.53157e-01
 9.53157e-01
 9.23473e-01
 9.23473e-01
 9.23473e-01
 9.23473e-01
 9.23473e-01
 8.88861e-01
 8.88861e-01
 8.88861e-01
 8.88861e-01
 8.88861e-01
 8.51835e-01
 8.51835e-01
 8.51835e-01
 8.51835e-01
 8.51835e-01
 8.14015e-01
 8.14015e-01
 8.14015e-01
 8.14015e-01
 8.14015e-01
 7.76276e-01
 7.76276e-01
 7.76276e-01
 7.76276e-01
 7.76276e-01
 7.39228e-01
 7.39228e-01
 7.39228e-01
 7.39228e-01
 7.39228e-01
 7.03157e-01
 7.03157e-01
 7.03157e-01
 7.03157e-01
 7.03157e-01
 6.68158e-01
 6.68158e-01
 6.68158e-01
 6.68158e-01
 6.68158e-01
 6.34226e-01
 6.34226e-01
 6.34226e-01
 6.34226e-01
 6.34226e-01
 6.01303e-01
 6.01303e-01
 6.01303e-01
 6.01303e-01
 6.01303e-01
 5.69505e-01
 5.69505e-01
 5.69505e-01
 5.69505e-01
 5.69505e-01
 5.40209e-01
 5.40209e-01
 5.40209e-01
 5.40209e-01
 5.40209e-01
 5.12469e-01
 5.12469e-01
 5.12469e-01
 5.12469e-01
 5.12469e-01
 4.86579e-01
 4.86579e-01
 4.86579e-01
 4.86579e-01
 4.86579e-01
 4.61716e-01
 4.61716e-01
 4.61716e-01
 4.61716e-01
 4.61716e-01
 4.38845e-01
 4.38845e-01
 4.38845e-01
 4.38845e-01
 4.38845e-01
 4.17023e-01
 4.17023e-01
 4.17023e-01
 4.17023e-01
 4.17023e-01
 3.96338e-01
 3.96338e-01
 3.96338e-01
 3.96338e-01
 3.96338e-01
 3.77039e-01
 3.77039e-01
 3.77039e-01
 3.77039e-01
 3.77039e-01
 3.58217e-01
 3.58217e-01
 3.58217e-01
 3.58217e-01
 3.58217e-01
 3.41848e-01
 3.41848e-01
 3.41848e-01
 3.41848e-01
 3.41848e-01
 3.27787e-01
 3.27787e-01
 3.27787e-01
 3.27787e-01
 3.27787e-01
 3.16297e-01
 3.16297e-01
 3.16297e-01
 3.16297e-01
 3.16297e-01
 3.09386e-01
 3.09386e-01
 3.09386e-01
 3.09386e-01
 3.09386e-01
 3.04550e-01
 3.04550e-01
 3.04550e-01
 3.04550e-01
 3.04550e-01
 3.01779e-01
 3.01779e-01
 3.01779e-01
 3.01779e-01
 3.01779e-01
 3.01394e-01
 3.01394e-01
 3.01394e-01
 3.01394e-01
 3.01394e-01
 3.01210e-01
 3.01210e-01
 3.01210e-01
 3.01210e-01
 3.01210e-01
 3.01088e-01
 3.01088e-01
 3.01088e-01
 3.01088e-01
 3.01088e-01
 3.01175e-01
 3.01175e-01
 3.01175e-01
 3.01175e-01
 3.01175e-01
 3.01530e-01
 3.01530e-01
 3.01530e-01
 3.01530e-01
 3.01530e-01
 3.02129e-01
 3.02129e-01
 3.02129e-01
 3.02129e-01
 3.02129e-01
 3.02359e-01
 3.02359e-01
 3.02359e-01
 3.02359e-01
 3.02359e-01
 3.02346e-01
 3.02346e-01
 3.02346e-01
 3.02346e-01
 3.02346e-01
 3.02344e-01
 3.02344e-01
 3.02344e-01
 3.02344e-01
 3.02344e-01
 3.02449e-01
 3.02449e-01
 3.02449e-01
 3.02449e-01
 3.02449e-01
 3.02576e-01
 3.02576e-01
 3.02576e-01
 3.02576e-01
 3.02576e-01
 3.02609e-01
 3.02609e-01
 3.02609e-01
 3.02609e-01
 3.02609e-01
 3.02530e-01
 3.02530e-01
 3.02530e-01
 3.02530e-01
 3.02530e-01
 3.02440e-01
 3.02440e-01
 3.02440e-01
 3.02440e-01
 3.02440e-01
 3.02466e-01
 3.02466e-01
 3.02466e-01
 3.02466e-01
 3.02466e-01
 3.02597e-01
 3.02597e-01
 3.02597e-01
 3.02597e-01
 3.02597e-01
 3.02681e-01
 3.02681e-01
 3.02681e-01
 3.02681e-01
 3.02681e-01
 3.02643e-01
 3.02643e-01
 3.02643e-01
 3.02643e-01
 3.02643e-01
 3.02578e-01
 3.02578e-01
 3.02578e-01
 3.02578e-01
 3.02578e-01
 3.02538e-01
 3.02538e-01
 3.02538e-01
 3.02538e-01
 3.02538e-01
 3.02599e-01
 3.02599e-01
 3.02599e-01
 3.02599e-01
 3.02599e-01
 3.02749e-01
 3.02749e-01
 3.02749e-01
 3.02749e-01
 3.02749e-01
 3.02797e-01
 3.02797e-01
 3.02797e-01
 3.02797e-01
 3.02797e-01
 3.02741e-01
 3.02741e-01
 3.02741e-01
 3.02741e-01
 3.02741e-01
 3.02583e-01
 3.02583e-01
 3.02583e-01
 3.02583e-01
 3.02583e-01
 3.02079e-01
 3.02079e-01
 3.02079e-01
 3.02079e-01
 3.02079e-01
 3.00808e-01
 3.00808e-01
 3.00808e-01
 3.00808e-01
 3.00808e-01
 2.97809e-01
 2.97809e-01
 2.97809e-01
 2.97809e-01
 2.97809e-01
 2.91220e-01
 2.91220e-01
 2.91220e-01
 2.91220e-01
 2.91220e-01
 2.78443e-01
 2.78443e-01
 2.78443e-01
 2.78443e-01
 2.78443e-01
 2.55629e-01
 2.55629e-01
 2.55629e-01
 2.55629e-01
 2.55629e-01
 2.20924e-01
 2.20924e-01
 2.20924e-01
 2.20924e-01
 2.20924e-01
 1.81010e-01
 1.81010e-01
 1.81010e-01
 1.81010e-01
 1.81010e-01
 1.46936e-01
 1.46936e-01
 1.46936e-01
 1.46936e-01
 1.46936e-01
 1.23158e-01
 1.23158e-01
 1.23158e-01
 1.23158e-01
 1.23158e-01
 1.09409e-01
 1.09409e-01
 1.09409e-01
 1.09409e-01
 1.09409e-01
 1.03098e-01
 1.03098e-01
 1.03098e-01
 1.03098e-01
 1.03098e-01
 1.00873e-01
 1.00873e-01
 1.00873e-01
 1.00873e-01
 1.00873e-01
 1.00228e-01
 1.00228e-01
 1.00228e-01
 1.00228e-01
 1.00228e-01
 1.00057e-01
 1.00057e-01
 1.00057e-01
 1.00057e-01
 1.00057e-01
 1.00014e-01
 1.00014e-01
 1.00014e-01
 1.00014e-01
 1.00014e-01
 1.00003e-01
 1.00003e-01
 1.00003e-01
 1.00003e-01
 1.00003e-01
 1.00001e-01
 1.00001e-01
 1.00001e-01
 1.00001e-01
 1.00001e-01
 1.00000e-01
 1.00000e-01
 1.00000e-01
 1.00000e-01
 1.00000e-01
 1.00000e-01
 1.00000e-01
 1.00000e-01
 1.00000e-01
 1.00000e-01
 1.00000e-01
 1.00000e-01
 1.00000e-01
 1.00000e-01
 1.00000e-01
 1.00000e-01
 1.00000e-01
 1.00000e-01
 1.00000e-01
 1.00000e-01
 1.00000e+00
 1.00000e+00
 1.00000e+00
 1.00000e+00
 1.00000e+00
 1.00000e+00
 1.00000e+00
 1.00000e+00
 1.00000e+00
 1.00000e+00
 1.00000e+00
 1.00000e+00
 1.00000e+00
 1.00000e+00
 1.00000e+00
 1.00000e+00
 1.00000e+00
 1.00000e+00
 1.00000e+00
 1.00000e+00
 1.00000e+00
 1.00000e+00
 1.00000e+00
 1.00000e+00
 1.00000e+00
 1.00000e+00
 1.00000e+00
 1.00000e+00
 1.00000e+00
 1.00000e+00
 1.00000e+00
 1.00000e+00
 1.00000e+00
 1.00000e+00
 1.00000e+00
 1.00000e+00
 1.00000e+00
 1.00000e+00
 1.00000e+00
 1.00000e+00
 1.00000e+00
 1.00000e+00
 1.00000e+00
 1.00000e+00
 1.00000e+00
 1.00000e+00
 1.00000e+00
 1.00000e+00
 1.00000e+00
 1.00000e+00
 1.00000e+00
 1.00000e+00
 1.00000e+00
 1.00000e+00
 1.00000e+00
 1.00000e+00
 1.00000e+00
 1.00000e+00
 1.00000e+00
 1.00000e+00
 1.00000e+00
 1.00000e+00
 1.00000e+00
 1.00000e+00
 1.00000e+00
 1.00000e+00
 1.00000e+00
 1.00000e+00
 1.00000e+00
 1.00000e+00
 1.00000e+00
 1.00000e+00
 1.00000e+00
 1.00000e+00
 1.00000e+00
 1.00000e+00
 1.00000e+00
 1.00000e+00
 1.00000e+00
 1.00000e+00
 1.00000e+00
 1.00000e+00
 1.00000e+00
 1.00000e+00
 1.00000e+00
 9.99999e-01
 9.99999e-01
 9.99999e-01
 9.99999e-01
 9.99999e-01
 9.99996e-01
 9.99996e-01
 9.99996e-01
 9.99996e-01
 9.99996e-01
 9.99980e-01
 9.99980e-01
 9.99980e-01
 9.99980e-01
 9.99980e-01
 9.99909e-01
 9.99909e-01
 9.99909e-01
 9.99909e-01
 9.99909e-01
 9.99628e-01
 9.99628e-01
 9.99628e-01
 9.99628e-01
 9.99628e-01
 9.98664e-01
 9.98664e-01
 9.98664e-01
 9.98664e-01
 9.98664e-01
 9.95843e-01
 9.95843e-01
 9.95843e-01
 9.95843e-01
 9.95843e-01
 9.88970e-01
 9.88970e-01
 9.88970e-01
 9.88970e-01
 9.88970e-01
 9.75287e-01
 9.75287e-01
 9.75287e-01
 9.75287e-01
 9.75287e-01
 9.53157e-01
 9.53157e-01
 9.53157e-01
 9.53157e-01
 9.53157e-01
 9.23473e-01
 9.23473e-01
 9.23473e-01
 9.23473e-01
 9.23473e-01
 8.88861e-01
 8.88861e-01
 8.88861e-01
 8.88861e-01
 8.88861e-01
 8.51835e-01
 8.51835e-01
 8.51835e-01
 8.51835e-01
 8.51835e-01
 8.14015e-01
 8.14015e-01
 8.14015e-01
 8.14015e-01
 8.14015e-01
 7.76276e-01
 7.76276e-01
 7.76276e-01
 7.76276e-01
 7.76276e-01
 7.39228e-01
 7.39228e-01
 7.39228e-01
 7.39228e-01
 7.39228e-01
 7.03157e-01
 7.03157e-01
 7.03157e-01
 7.03157e-01
 7.03157e-01
 6.68158e-01
 6.68158e-01
 6.68158e-01
 6.68158e-01
 6.68158e-01
 6.34226e-01
 6.34226e-01
 6.34226e-01
 6.34226e-01
 6.34226e-01
 6.01303e-01
 6.01303e-01
 6.01303e-01
 6.01303e-01
 6.01303e-01
 5.69505e-01
 5.69505e-01
 5.69505e-01
 5.69505e-01
 5.69505e-01
 5.40209e-01
 5.40209e-01
 5.40209e-01
 5.40209e-01
 5.40209e-01
 5.12469e-01
 5.12469e-01
 5.12469e-01
 5.12469e-01
 5.12469e-01
 4.86579e-01
 4.86579e-01
 4.86579e-01
 4.86579e-01
 4.86579e-01
 4.61716e-01
 4.61716e-01
 4.61716e-01
 4.61716e-01
 4.61716e-01
 4.38845e-01
 4.38845e-01
 4.38845e-01
 4.38845e-01
 4.38845e-01
 4.17023e-01
 4.17023e-01
 4.17023e-01
 4.17023e-01
 4.17023e-01
 3.96338e-01
 3.96338e-01
 3.96338e-01
 3.96338e-01
 3.96338e-01
 3.77039e-01
 3.77039e-01
 3.77039e-01
 3.77039e-01
 3.77039e-01
 3.58217e-01
 3.58217e-01
 3.58217e-01
 3.58217e-01
 3.58217e-01
 3.41848e-01
 3.41848e-01
 3.41848e-01
 3.41848e-01
 3.41848e-01
 3.27787e-01
 3.27787e-01
 3.27787e-01
 3.27787e-01
 3.27787e-01
 3.16297e-01
 3.16297e-01
 3.16297e-01
 3.16297e-01
 3.16297e-01
 3.09386e-01
 3.09386e-01
 3.09386e-01
 3.09386e-01
 3.09386e-01
 3.04550e-01
 3.04550e-01
 3.04550e-01
 3.04550e-01
 3.04550e-01
 3.01779e-01
 3.01779e-01
 3.01779e-01
 3.01779e-01
 3.01779e-01
 3.01394e-01
 3.01394e-01
 3.01394e-01
 3.01394e-01
 3.01394e-01
 3.01210e-01
 3.01210e-01
 3.01210e-01
 3.01210e-01
 3.01210e-01
 3.01088e-01
 3.01088e-01
 3.01088e-01
 3.01088e-01
 3.01088e-01
 3.01175e-01
 3.01175e-01
 3.01175e-01
 3.01175e-01
 3.01175e-01
 3.01530e-01
 3.01530e-01
 3.01530e-01
 3.01530e-01
 3.01530e-01
 3.02129e-01
 3.02129e-01
 3.02129e-01
 3.02129e-01
 3.02129e-01
 3.02359e-01
 3.02359e-01
 3.02359e-01
 3.02359e-01
 3.02359e-01
 3.02346e-01
 3.02346e-01
 3.02346e-01
 3.02346e-01
 3.02346e-01
 3.02344e-01
 3.02344e-01
 3.02344e-01
 3.02344e-01
 3.02344e-01
 3.02449e-01
 3.02449e-01
 3.02449e-01
 3.02449e-01
 3.02449e-01
 3.02576e-01
 3.02576e-01
 3.02576e-01
 3.02576e-01
 3.02576e-01
 3.02609e-01
 3.02609e-01
 3.02609e-01
 3.02609e-01
 3.02609e-01
 3.02530e-01
 3.02530e-01
 3.02530e-01
 3.02530e-01
 3.02530e-01
 3.02440e-01
 3.02440e-01
 3.02440e-01
 3.02440e-01
 3.02440e-01
 3.02466e-01
 3.02466e-01
 3.02466e-01
 3.02466e-01
 3.02466e-01
 3.02597e-01
 3.02597e-01
 3.02597e-01
 3.02597e-01
 3.02597e-01
 3.02681e-01
 3.02681e-01
 3.02681e-01
 3.02681e-01
 3.02681e-01
 3.02643e-01
 3.02643e-01
 3.02643e-01
 3.02643e-01
 3.02643e-01
 3.02578e-01
 3.02578e-01
 3.02578e-01
 3.02578e-01
 3.02578e-01
 3.02538e-01
 3.02538e-01
 3.02538e-01
 3.02538e-01
 3.02538e-01
 3.02599e-01
 3.02599e-01
 3.02599e-01
 3.02599e-01
 3.02599e-01
 3.02749e-01
 3.02749e-01
 3.02749e-01
 3.02749e-01
 3.02749e-01
 3.02797e-01
 3.02797e-01
 3.02797e-01
 3.02797e-01
 3.02797e-01
 3.02741e-01
 3.02741e-01
 3.02741e-01
 3.02741e-01
 3.02741e-01
 3.02583e-01
 3.02583e-01
 3.02583e-01
 3.02583e-01
 3.02583e-01
 3.02079e-01
 3.02079e-01
 3.02079e-01
 3.02079e-01
 3.02079e-01
 3.00808e-01
 3.00808e-01
 3.00808e-01
 3.00808e-01
 3.00808e-01
 2.97809e-01
 2.97809e-01
 2.97809e-01
 2.97809e-01
 2.97809e-01
 2.91220e-01
 2.91220e-01
 2.91220e-01
 2.91220e-01
 2.91220e-01
 2.78443e-01
 2.78443e-01
 2.78443e-01
 2.78443e-01
 2.78443e-01
 2.55629e-01
 2.55629e-01
 2.55629e-01
 2.55629e-01
 2.55629e-01
 2.20924e-01
 2.20924e-01
 2.20924e-01
 2.20924e-01
 2.20924e-01
 1.81010e-01
 1.81010e-01
 1.81010e-01
 1.81010e-01
 1.81010e-01
 1.46936e-01
 1.46936e-01
 1.46936e-01
 1.46936e-01
 1.46936e-01
 1.23158e-01
 1.23158e-01
 1.23158e-01
 1.23158e-01
 1.23158e-01
 1.09409e-01
 1.09409e-01
 1.09409e-01
 1.09409e-01
 1.09409e-01
 1.03098e-01
 1.03098e-01
 1.03098e-01
 1.03098e-01
 1.03098e-01
 1.00873e-01
 1.00873e-01
 1.00873e-01
 1.00873e-01
 1.00873e-01
 1.00228e-01
 1.00228e-01
 1.00228e-01
 1.00228e-01
 1.00228e-01
 1.00057e-01
 1.00057e-01
 1.00057e-01
 1.00057e-01
 1.00057e-01
 1.00014e-01
 1.00014e-01
 1.00014e-01
 1.00014e-01
 1.00014e-01
 1.00003e-01
 1.00003e-01
 1.00003e-01
 1.00003e-01
 1.00003e-01
 1.00001e-01
 1.00001e-01
 1.00001e-01
 1.00001e-01
 1.00001e-01
 1.00000e-01
 1.00000e-01
 1.00000e-01
 1.00000e-01
 1.00000e-01
 1.00000e-01
 1.00000e-01
 1.00000e-01
 1.00000e-01
 1.00000e-01
 1.00000e-01
 1.00000e-01
 1.00000e-01
 1.00000e-01
 1.00000e-01
 1.00000e-01
 1.00000e-01
 1.00000e-01
 1.00000e-01
 1.00000e-01
