Pressure
part
         1
hexa8
 1.00000e+00
 1.00000e+00
 1.00000e+00
 1.00000e+00
 1.00000e+00
 1.00000e+00
 1.00000e+00
 1.00000e+00
 1.00000e+00
 1.00000e+00
 1.00000e+00
 1.00000e+00
 1.00000e+00
 1.00000e+00
 1.00000e+00
 1.00000e+00
 1.00000e+00
 9.99999e-01
 9.99997e-01
 9.99983e-01
 9.99920e-01
 9.99674e-01
 9.98836e-01
 9.96402e-01
 9.90485e-01
 1.00000e+00
 1.00000e+00
 1.00000e+00
 1.00000e+00
 1.00000e+00
 1.00000e+00
 1.00000e+00
 1.00000e+00
 1.00000e+00
 1.00000e+00
 1.00000e+00
 1.00000e+00
 1.00000e+00
 1.00000e+00
 1.00000e+00
 1.00000e+00
 1.00000e+00
 9.99999e-01
 9.99997e-01
 9.99983e-01
 9.99920e-01
 9.99674e-01
 9.98836e-01
 9.96402e-01
 9.90485e-01
 1.00000e+00
 1.00000e+00
 1.00000e+00
 1.00000e+00
 1.00000e+00
 1.00000e+00
 1.00000e+00
 1.00000e+00
 1.00000e+00
 1.00000e+00
 1.00000e+00
 1.00000e+00
 1.00000e+00
 1.00000e+00
 1.00000e+00
 1.00000e+00
 1.00000e+00
 9.99999e-01
 9.99997e-01
 9.99983e-01
 9.99920e-01
 9.99674e-01
 9.98836e-01
 9.96402e-01
 9.90485e-01
 1.00000e+00
 1.00000e+00
 1.00000e+00
 1.00000e+00
 1.00000e+00
 1.00000e+00
 1.00000e+00
 1.00000e+00
 1.00000e+00
 1.00000e+00
 1.00000e+00
 1.00000e+00
 1.00000e+00
 1.00000e+00
 1.00000e+00
 1.00000e+00
 1.00000e+00
 9.99999e-01
 9.99997e-01
 9.99983e-01
 9.99920e-01
 9.99674e-01
 9.98836e-01
 9.96402e-01
 9.90485e-01
 1.00000e+00
 1.00000e+00
 1.00000e+00
 1.00000e+00
 1.00000e+00
 1.00000e+00
 1.00000e+00
 1.00000e+00
 1.00000e+00
 1.00000e+00
 1.00000e+00
 1.00000e+00
 1.00000e+00
 1.00000e+00
 1.00000e+00
 1.00000e+00
 1.00000e+00
 9.99999e-01
 9.99997e-01
 9.99983e-01
 9.99920e-01
 9.99674e-01
 9.98836e-01
 9.96402e-01
 9.90485e-01
 1.00000e+00
 1.00000e+00
 1.00000e+00
 1.00000e+00
 1.00000e+00
 1.00000e+00
 1.00000e+00
 1.00000e+00
 1.00000e+00
 1.00000e+00
 1.00000e+00
 1.00000e+00
 1.00000e+00
 1.00000e+00
 1.00000e+00
 1.00000e+00
 1.00000e+00
 9.99999e-01
 9.99997e-01
 9.99983e-01
 9.99920e-01
 9.99674e-01
 9.98836e-01
 9.96402e-01
 9.90485e-01
 1.00000e+00
 1.00000e+00
 1.00000e+00
 1.00000e+00
 1.00000e+00
 1.00000e+00
 1.00000e+00
 1.00000e+00
 1.00000e+00
 1.00000e+00
 1.00000e+00
 1.00000e+00
 1.00000e+00
 1.00000e+00
 1.00000e+00
 1.00000e+00
 1.00000e+00
 9.99999e-01
 9.99997e-01
 9.99983e-01
 9.99920e-01
 9.99674e-01
 9.98836e-01
 9.96402e-01
 9.90485e-01
 1.00000e+00
 1.00000e+00
 1.00000e+00
 1.00000e+00
 1.00000e+00
 1.00000e+00
 1.00000e+00
 1.00000e+00
 1.00000e+00
 1.00000e+00
 1.00000e+00
 1.00000e+00
 1.00000e+00
 1.00000e+00
 1.00000e+00
 1.00000e+00
 1.00000e+00
 9.99999e-01
 9.99997e-01
 9.99983e-01
 9.99920e-01
 9.99674e-01
 9.98836e-01
 9.96402e-01
 9.90485e-01
 1.00000e+00
 1.00000e+00
 1.00000e+00
 1.00000e+00
 1.00000e+00
 1.00000e+00
 1.00000e+00
 1.00000e+00
 1.00000e+00
 1.00000e+00
 1.00000e+00
 1.00000e+00
 1.00000e+00
 1.00000e+00
 1.00000e+00
 1.00000e+00
 1.00000e+00
 9.99999e-01
 9.99997e-01
 9.99983e-01
 9.99920e-01
 9.99674e-01
 9.98836e-01
 9.96402e-01
 9.90485e-01
 1.00000e+00
 1.00000e+00
 1.00000e+00
 1.00000e+00
 1.00000e+00
 1.00000e+00
 1.00000e+00
 1.00000e+00
 1.00000e+00
 1.00000e+00
 1.00000e+00
 1.00000e+00
 1.00000e+00
 1.00000e+00
 1.00000e+00
 1.00000e+00
 1.00000e+00
 9.99999e-01
 9.99997e-01
 9.99983e-01
 9.99920e-01
 9.99674e-01
 9.98836e-01
 9.96402e-01
 9.90485e-01
 1.00000e+00
 1.00000e+00
 1.00000e+00
 1.00000e+00
 1.00000e+00
 1.00000e+00
 1.00000e+00
 1.00000e+00
 1.00000e+00
 1.00000e+00
 1.00000e+00
 1.00000e+00
 1.00000e+00
 1.00000e+00
 1.00000e+00
 1.00000e+00
 1.00000e+00
 9.99999e-01
 9.99997e-01
 9.99983e-01
 9.99920e-01
 9.99674e-01
 9.98836e-01
 9.96402e-01
 9.90485e-01
 1.00000e+00
 1.00000e+00
 1.00000e+00
 1.00000e+00
 1.00000e+00
 1.00000e+00
 1.00000e+00
 1.00000e+00
 1.00000e+00
 1.00000e+00
 1.00000e+00
 1.00000e+00
 1.00000e+00
 1.00000e+00
 1.00000e+00
 1.00000e+00
 1.00000e+00
 9.99999e-01
 9.99997e-01
 9.99983e-01
 9.99920e-01
 9.99674e-01
 9.98836e-01
 9.96402e-01
 9.90485e-01
 1.00000e+00
 1.00000e+00
 1.00000e+00
 1.00000e+00
 1.00000e+00
 1.00000e+00
 1.00000e+00
 1.00000e+00
 1.00000e+00
 1.00000e+00
 1.00000e+00
 1.00000e+00
 1.00000e+00
 1.00000e+00
 1.00000e+00
 1.00000e+00
 1.00000e+00
 9.99999e-01
 9.99997e-01
 9.99983e-01
 9.99920e-01
 9.99674e-01
 9.98836e-01
 9.96402e-01
 9.90485e-01
 1.00000e+00
 1.00000e+00
 1.00000e+00
 1.00000e+00
 1.00000e+00
 1.00000e+00
 1.00000e+00
 1.00000e+00
 1.00000e+00
 1.00000e+00
 1.00000e+00
 1.00000e+00
 1.00000e+00
 1.00000e+00
 1.00000e+00
 1.00000e+00
 1.00000e+00
 9.99999e-01
 9.99997e-01
 9.99983e-01
 9.99920e-01
 9.99674e-01
 9.98836e-01
 9.96402e-01
 9.90485e-01
 1.00000e+00
 1.00000e+00
 1.00000e+00
 1.00000e+00
 1.00000e+00
 1.00000e+00
 1.00000e+00
 1.00000e+00
 1.00000e+00
 1.00000e+00
 1.00000e+00
 1.00000e+00
 1.00000e+00
 1.00000e+00
 1.00000e+00
 1.00000e+00
 1.00000e+00
 9.99999e-01
 9.99997e-01
 9.99983e-01
 9.99920e-01
 9.99674e-01
 9.98836e-01
 9.96402e-01
 9.90485e-01
 1.00000e+00
 1.00000e+00
 1.00000e+00
 1.00000e+00
 1.00000e+00
 1.00000e+00
 1.00000e+00
 1.00000e+00
 1.00000e+00
 1.00000e+00
 1.00000e+00
 1.00000e+00
 1.00000e+00
 1.00000e+00
 1.00000e+00
 1.00000e+00
 1.00000e+00
 9.99999e-01
 9.99997e-01
 9.99983e-01
 9.99920e-01
 9.99674e-01
 9.98836e-01
 9.96402e-01
 9.90485e-01
 1.00000e+00
 1.00000e+00
 1.00000e+00
 1.00000e+00
 1.00000e+00
 1.00000e+00
 1.00000e+00
 1.00000e+00
 1.00000e+00
 1.00000e+00
 1.00000e+00
 1.00000e+00
 1.00000e+00
 1.00000e+00
 1.00000e+00
 1.00000e+00
 1.00000e+00
 9.99999e-01
 9.99997e-01
 9.99983e-01
 9.99920e-01
 9.99674e-01
 9.98836e-01
 9.96402e-01
 9.90485e-01
 1.00000e+00
 1.00000e+00
 1.00000e+00
 1.00000e+00
 1.00000e+00
 1.00000e+00
 1.00000e+00
 1.00000e+00
 1.00000e+00
 1.00000e+00
 1.00000e+00
 1.00000e+00
 1.00000e+00
 1.00000e+00
 1.00000e+00
 1.00000e+00
 1.00000e+00
 9.99999e-01
 9.99997e-01
 9.99983e-01
 9.99920e-01
 9.99674e-01
 9.98836e-01
 9.96402e-01
 9.90485e-01
 1.00000e+00
 1.00000e+00
 1.00000e+00
 1.00000e+00
 1.00000e+00
 1.00000e+00
 1.00000e+00
 1.00000e+00
 1.00000e+00
 1.00000e+00
 1.00000e+00
 1.00000e+00
 1.00000e+00
 1.00000e+00
 1.00000e+00
 1.00000e+00
 1.00000e+00
 9.99999e-01
 9.99997e-01
 9.99983e-01
 9.99920e-01
 9.99674e-01
 9.98836e-01
 9.96402e-01
 9.90485e-01
 1.00000e+00
 1.00000e+00
 1.00000e+00
 1.00000e+00
 1.00000e+00
 1.00000e+00
 1.00000e+00
 1.00000e+00
 1.00000e+00
 1.00000e+00
 1.00000e+00
 1.00000e+00
 1.00000e+00
 1.00000e+00
 1.00000e+00
 1.00000e+00
 1.00000e+00
 9.99999e-01
 9.99997e-01
 9.99983e-01
 9.99920e-01
 9.99674e-01
 9.98836e-01
 9.96402e-01
 9.90485e-01
 1.00000e+00
 1.00000e+00
 1.00000e+00
 1.00000e+00
 1.00000e+00
 1.00000e+00
 1.00000e+00
 1.00000e+00
 1.00000e+00
 1.00000e+00
 1.00000e+00
 1.00000e+00
 1.00000e+00
 1.00000e+00
 1.00000e+00
 1.00000e+00
 1.00000e+00
 9.99999e-01
 9.99997e-01
 9.99983e-01
 9.99920e-01
 9.99674e-01
 9.98836e-01
 9.96402e-01
 9.90485e-01
 1.00000e+00
 1.00000e+00
 1.00000e+00
 1.00000e+00
 1.00000e+00
 1.00000e+00
 1.00000e+00
 1.00000e+00
 1.00000e+00
 1.00000e+00
 1.00000e+00
 1.00000e+00
 1.00000e+00
 1.00000e+00
 1.00000e+00
 1.00000e+00
 1.00000e+00
 9.99999e-01
 9.99997e-01
 9.99983e-01
 9.99920e-01
 9.99674e-01
 9.98836e-01
 9.96402e-01
 9.90485e-01
 1.00000e+00
 1.00000e+00
 1.00000e+00
 1.00000e+00
 1.00000e+00
 1.00000e+00
 1.00000e+00
 1.00000e+00
 1.00000e+00
 1.00000e+00
 1.00000e+00
 1.00000e+00
 1.00000e+00
 1.00000e+00
 1.00000e+00
 1.00000e+00
 1.00000e+00
 9.99999e-01
 9.99997e-01
 9.99983e-01
 9.99920e-01
 9.99674e-01
 9.98836e-01
 9.96402e-01
 9.90485e-01
 1.00000e+00
 1.00000e+00
 1.00000e+00
 1.00000e+00
 1.00000e+00
 1.00000e+00
 1.00000e+00
 1.00000e+00
 1.00000e+00
 1.00000e+00
 1.00000e+00
 1.00000e+00
 1.00000e+00
 1.00000e+00
 1.00000e+00
 1.00000e+00
 1.00000e+00
 9.99999e-01
 9.99997e-01
 9.99983e-01
 9.99920e-01
 9.99674e-01
 9.98836e-01
 9.96402e-01
 9.90485e-01
 1.00000e+00
 1.00000e+00
 1.00000e+00
 1.00000e+00
 1.00000e+00
 1.00000e+00
 1.00000e+00
 1.00000e+00
 1.00000e+00
 1.00000e+00
 1.00000e+00
 1.00000e+00
 1.00000e+00
 1.00000e+00
 1.00000e+00
 1.00000e+00
 1.00000e+00
 9.99999e-01
 9.99997e-01
 9.99983e-01
 9.99920e-01
 9.99674e-01
 9.98836e-01
 9.96402e-01
 9.90485e-01
part
         2
hexa8
 9.78628e-01
 9.59079e-01
 9.32042e-01
 8.99402e-01
 8.63398e-01
 8.25770e-01
 7.87660e-01
 7.49760e-01
 7.12470e-01
 6.76008e-01
 6.40470e-01
 6.05881e-01
 5.72233e-01
 5.39552e-01
 5.07790e-01
 4.75842e-01
 4.44237e-01
 4.23872e-01
 4.04091e-01
 3.86116e-01
 3.70071e-01
 3.56419e-01
 3.44516e-01
 3.31590e-01
 3.14872e-01
 9.78628e-01
 9.59079e-01
 9.32042e-01
 8.99402e-01
 8.63398e-01
 8.25770e-01
 7.87660e-01
 7.49760e-01
 7.12470e-01
 6.76008e-01
 6.40470e-01
 6.05881e-01
 5.72233e-01
 5.39552e-01
 5.07790e-01
 4.75842e-01
 4.44237e-01
 4.23872e-01
 4.04091e-01
 3.86116e-01
 3.70071e-01
 3.56419e-01
 3.44516e-01
 3.31590e-01
 3.14872e-01
 9.78628e-01
 9.59079e-01
 9.32042e-01
 8.99402e-01
 8.63398e-01
 8.25770e-01
 7.87660e-01
 7.49760e-01
 7.12470e-01
 6.76008e-01
 6.40470e-01
 6.05881e-01
 5.72233e-01
 5.39552e-01
 5.07790e-01
 4.75842e-01
 4.44237e-01
 4.23872e-01
 4.04091e-01
 3.86116e-01
 3.70071e-01
 3.56419e-01
 3.44516e-01
 3.31590e-01
 3.14872e-01
 9.78628e-01
 9.59079e-01
 9.32042e-01
 8.99402e-01
 8.63398e-01
 8.25770e-01
 7.87660e-01
 7.49760e-01
 7.12470e-01
 6.76008e-01
 6.40470e-01
 6.05881e-01
 5.72233e-01
 5.39552e-01
 5.07790e-01
 4.75842e-01
 4.44237e-01
 4.23872e-01
 4.04091e-01
 3.86116e-01
 3.70071e-01
 3.56419e-01
 3.44516e-01
 3.31590e-01
 3.14872e-01
 9.78628e-01
 9.59079e-01
 9.32042e-01
 8.99402e-01
 8.63398e-01
 8.25770e-01
 7.87660e-01
 7.49760e-01
 7.12470e-01
 6.76008e-01
 6.40470e-01
 6.05881e-01
 5.72233e-01
 5.39552e-01
 5.07790e-01
 4.75842e-01
 4.44237e-01
 4.23872e-01
 4.04091e-01
 3.86116e-01
 3.70071e-01
 3.56419e-01
 3.44516e-01
 3.31590e-01
 3.14872e-01
 9.78628e-01
 9.59079e-01
 9.32042e-01
 8.99402e-01
 8.63398e-01
 8.25770e-01
 7.87660e-01
 7.49760e-01
 7.12470e-01
 6.76008e-01
 6.40470e-01
 6.05881e-01
 5.72233e-01
 5.39552e-01
 5.07790e-01
 4.75842e-01
 4.44237e-01
 4.23872e-01
 4.04091e-01
 3.86116e-01
 3.70071e-01
 3.56419e-01
 3.44516e-01
 3.31590e-01
 3.14872e-01
 9.78628e-01
 9.59079e-01
 9.32042e-01
 8.99402e-01
 8.63398e-01
 8.25770e-01
 7.87660e-01
 7.49760e-01
 7.12470e-01
 6.76008e-01
 6.40470e-01
 6.05881e-01
 5.72233e-01
 5.39552e-01
 5.07790e-01
 4.75842e-01
 4.44237e-01
 4.23872e-01
 4.04091e-01
 3.86116e-01
 3.70071e-01
 3.56419e-01
 3.44516e-01
 3.31590e-01
 3.14872e-01
 9.78628e-01
 9.59079e-01
 9.32042e-01
 8.99402e-01
 8.63398e-01
 8.25770e-01
 7.87660e-01
 7.49760e-01
 7.12470e-01
 6.76008e-01
 6.40470e-01
 6.05881e-01
 5.72233e-01
 5.39552e-01
 5.07790e-01
 4.75842e-01
 4.44237e-01
 4.23872e-01
 4.04091e-01
 3.86116e-01
 3.70071e-01
 3.56419e-01
 3.44516e-01
 3.31590e-01
 3.14872e-01
 9.78628e-01
 9.59079e-01
 9.32042e-01
 8.99402e-01
 8.63398e-01
 8.25770e-01
 7.87660e-01
 7.49760e-01
 7.12470e-01
 6.76008e-01
 6.40470e-01
 6.05881e-01
 5.72233e-01
 5.39552e-01
 5.07790e-01
 4.75842e-01
 4.44237e-01
 4.23872e-01
 4.04091e-01
 3.86116e-01
 3.70071e-01
 3.56419e-01
 3.44516e-01
 3.31590e-01
 3.14872e-01
 9.78628e-01
 9.59079e-01
 9.32042e-01
 8.99402e-01
 8.63398e-01
 8.25770e-01
 7.87660e-01
 7.49760e-01
 7.12470e-01
 6.76008e-01
 6.40470e-01
 6.05881e-01
 5.72233e-01
 5.39552e-01
 5.07790e-01
 4.75842e-01
 4.44237e-01
 4.23872e-01
 4.04091e-01
 3.86116e-01
 3.70071e-01
 3.56419e-01
 3.44516e-01
 3.31590e-01
 3.14872e-01
 9.78628e-01
 9.59079e-01
 9.32042e-01
 8.99402e-01
 8.63398e-01
 8.25770e-01
 7.87660e-01
 7.49760e-01
 7.12470e-01
 6.76008e-01
 6.40470e-01
 6.05881e-01
 5.72233e-01
 5.39552e-01
 5.07790e-01
 4.75842e-01
 4.44237e-01
 4.23872e-01
 4.04091e-01
 3.86116e-01
 3.70071e-01
 3.56419e-01
 3.44516e-01
 3.31590e-01
 3.14872e-01
 9.78628e-01
 9.59079e-01
 9.32042e-01
 8.99402e-01
 8.63398e-01
 8.25770e-01
 7.87660e-01
 7.49760e-01
 7.12470e-01
 6.76008e-01
 6.40470e-01
 6.05881e-01
 5.72233e-01
 5.39552e-01
 5.07790e-01
 4.75842e-01
 4.44237e-01
 4.23872e-01
 4.04091e-01
 3.86116e-01
 3.70071e-01
 3.56419e-01
 3.44516e-01
 3.31590e-01
 3.14872e-01
 9.78628e-01
 9.59079e-01
 9.32042e-01
 8.99402e-01
 8.63398e-01
 8.25770e-01
 7.87660e-01
 7.49760e-01
 7.12470e-01
 6.76008e-01
 6.40470e-01
 6.05881e-01
 5.72233e-01
 5.39552e-01
 5.07790e-01
 4.75842e-01
 4.44237e-01
 4.23872e-01
 4.04091e-01
 3.86116e-01
 3.70071e-01
 3.56419e-01
 3.44516e-01
 3.31590e-01
 3.14872e-01
 9.78628e-01
 9.59079e-01
 9.32042e-01
 8.99402e-01
 8.63398e-01
 8.25770e-01
 7.87660e-01
 7.49760e-01
 7.12470e-01
 6.76008e-01
 6.40470e-01
 6.05881e-01
 5.72233e-01
 5.39552e-01
 5.07790e-01
 4.75842e-01
 4.44237e-01
 4.23872e-01
 4.04091e-01
 3.86116e-01
 3.70071e-01
 3.56419e-01
 3.44516e-01
 3.31590e-01
 3.14872e-01
 9.78628e-01
 9.59079e-01
 9.32042e-01
 8.99402e-01
 8.63398e-01
 8.25770e-01
 7.87660e-01
 7.49760e-01
 7.12470e-01
 6.76008e-01
 6.40470e-01
 6.05881e-01
 5.72233e-01
 5.39552e-01
 5.07790e-01
 4.75842e-01
 4.44237e-01
 4.23872e-01
 4.04091e-01
 3.86116e-01
 3.70071e-01
 3.56419e-01
 3.44516e-01
 3.31590e-01
 3.14872e-01
 9.78628e-01
 9.59079e-01
 9.32042e-01
 8.99402e-01
 8.63398e-01
 8.25770e-01
 7.87660e-01
 7.49760e-01
 7.12470e-01
 6.76008e-01
 6.40470e-01
 6.05881e-01
 5.72233e-01
 5.39552e-01
 5.07790e-01
 4.75842e-01
 4.44237e-01
 4.23872e-01
 4.04091e-01
 3.86116e-01
 3.70071e-01
 3.56419e-01
 3.44516e-01
 3.31590e-01
 3.14872e-01
 9.78628e-01
 9.59079e-01
 9.32042e-01
 8.99402e-01
 8.63398e-01
 8.25770e-01
 7.87660e-01
 7.49760e-01
 7.12470e-01
 6.76008e-01
 6.40470e-01
 6.05881e-01
 5.72233e-01
 5.39552e-01
 5.07790e-01
 4.75842e-01
 4.44237e-01
 4.23872e-01
 4.04091e-01
 3.86116e-01
 3.70071e-01
 3.56419e-01
 3.44516e-01
 3.31590e-01
 3.14872e-01
 9.78628e-01
 9.59079e-01
 9.32042e-01
 8.99402e-01
 8.63398e-01
 8.25770e-01
 7.87660e-01
 7.49760e-01
 7.12470e-01
 6.76008e-01
 6.40470e-01
 6.05881e-01
 5.72233e-01
 5.39552e-01
 5.07790e-01
 4.75842e-01
 4.44237e-01
 4.23872e-01
 4.04091e-01
 3.86116e-01
 3.70071e-01
 3.56419e-01
 3.44516e-01
 3.31590e-01
 3.14872e-01
 9.78628e-01
 9.59079e-01
 9.32042e-01
 8.99402e-01
 8.63398e-01
 8.25770e-01
 7.87660e-01
 7.49760e-01
 7.12470e-01
 6.76008e-01
 6.40470e-01
 6.05881e-01
 5.72233e-01
 5.39552e-01
 5.07790e-01
 4.75842e-01
 4.44237e-01
 4.23872e-01
 4.04091e-01
 3.86116e-01
 3.70071e-01
 3.56419e-01
 3.44516e-01
 3.31590e-01
 3.14872e-01
 9.78628e-01
 9.59079e-01
 9.32042e-01
 8.99402e-01
 8.63398e-01
 8.25770e-01
 7.87660e-01
 7.49760e-01
 7.12470e-01
 6.76008e-01
 6.40470e-01
 6.05881e-01
 5.72233e-01
 5.39552e-01
 5.07790e-01
 4.75842e-01
 4.44237e-01
 4.23872e-01
 4.04091e-01
 3.86116e-01
 3.70071e-01
 3.56419e-01
 3.44516e-01
 3.31590e-01
 3.14872e-01
 9.78628e-01
 9.59079e-01
 9.32042e-01
 8.99402e-01
 8.63398e-01
 8.25770e-01
 7.87660e-01
 7.49760e-01
 7.12470e-01
 6.76008e-01
 6.40470e-01
 6.05881e-01
 5.72233e-01
 5.39552e-01
 5.07790e-01
 4.75842e-01
 4.44237e-01
 4.23872e-01
 4.04091e-01
 3.86116e-01
 3.70071e-01
 3.56419e-01
 3.44516e-01
 3.31590e-01
 3.14872e-01
 9.78628e-01
 9.59079e-01
 9.32042e-01
 8.99402e-01
 8.63398e-01
 8.25770e-01
 7.87660e-01
 7.49760e-01
 7.12470e-01
 6.76008e-01
 6.40470e-01
 6.05881e-01
 5.72233e-01
 5.39552e-01
 5.07790e-01
 4.75842e-01
 4.44237e-01
 4.23872e-01
 4.04091e-01
 3.86116e-01
 3.70071e-01
 3.56419e-01
 3.44516e-01
 3.31590e-01
 3.14872e-01
 9.78628e-01
 9.59079e-01
 9.32042e-01
 8.99402e-01
 8.63398e-01
 8.25770e-01
 7.87660e-01
 7.49760e-01
 7.12470e-01
 6.76008e-01
 6.40470e-01
 6.05881e-01
 5.72233e-01
 5.39552e-01
 5.07790e-01
 4.75842e-01
 4.44237e-01
 4.23872e-01
 4.04091e-01
 3.86116e-01
 3.70071e-01
 3.56419e-01
 3.44516e-01
 3.31590e-01
 3.14872e-01
 9.78628e-01
 9.59079e-01
 9.32042e-01
 8.99402e-01
 8.63398e-01
 8.25770e-01
 7.87660e-01
 7.49760e-01
 7.12470e-01
 6.76008e-01
 6.40470e-01
 6.05881e-01
 5.72233e-01
 5.39552e-01
 5.07790e-01
 4.75842e-01
 4.44237e-01
 4.23872e-01
 4.04091e-01
 3.86116e-01
 3.70071e-01
 3.56419e-01
 3.44516e-01
 3.31590e-01
 3.14872e-01
 9.78628e-01
 9.59079e-01
 9.32042e-01
 8.99402e-01
 8.63398e-01
 8.25770e-01
 7.87660e-01
 7.49760e-01
 7.12470e-01
 6.76008e-01
 6.40470e-01
 6.05881e-01
 5.72233e-01
 5.39552e-01
 5.07790e-01
 4.75842e-01
 4.44237e-01
 4.23872e-01
 4.04091e-01
 3.86116e-01
 3.70071e-01
 3.56419e-01
 3.44516e-01
 3.31590e-01
 3.14872e-01
part
         3
hexa8
 2.98117e-01
 2.97591e-01
 2.97377e-01
 2.95351e-01
 2.94968e-01
 2.96130e-01
 2.97765e-01
 2.99011e-01
 2.99859e-01
 3.00658e-01
 3.01678e-01
 3.02522e-01
 3.02912e-01
 3.03075e-01
 3.03098e-01
 3.03616e-01
 3.03811e-01
 3.04004e-01
 3.04067e-01
 3.04141e-01
 3.04266e-01
 3.04412e-01
 3.04547e-01
 3.04652e-01
 3.04777e-01
 2.98117e-01
 2.97591e-01
 2.97377e-01
 2.95351e-01
 2.94968e-01
 2.96130e-01
 2.97765e-01
 2.99011e-01
 2.99859e-01
 3.00658e-01
 3.01678e-01
 3.02522e-01
 3.02912e-01
 3.03075e-01
 3.03098e-01
 3.03616e-01
 3.03811e-01
 3.04004e-01
 3.04067e-01
 3.04141e-01
 3.04266e-01
 3.04412e-01
 3.04547e-01
 3.04652e-01
 3.04777e-01
 2.98117e-01
 2.97591e-01
 2.97377e-01
 2.95351e-01
 2.94968e-01
 2.96130e-01
 2.97765e-01
 2.99011e-01
 2.99859e-01
 3.00658e-01
 3.01678e-01
 3.02522e-01
 3.02912e-01
 3.03075e-01
 3.03098e-01
 3.03616e-01
 3.03811e-01
 3.04004e-01
 3.04067e-01
 3.04141e-01
 3.04266e-01
 3.04412e-01
 3.04547e-01
 3.04652e-01
 3.04777e-01
 2.98117e-01
 2.97591e-01
 2.97377e-01
 2.95351e-01
 2.94968e-01
 2.96130e-01
 2.97765e-01
 2.99011e-01
 2.99859e-01
 3.00658e-01
 3.01678e-01
 3.02522e-01
 3.02912e-01
 3.03075e-01
 3.03098e-01
 3.03616e-01
 3.03811e-01
 3.04004e-01
 3.04067e-01
 3.04141e-01
 3.04266e-01
 3.04412e-01
 3.04547e-01
 3.04652e-01
 3.04777e-01
 2.98117e-01
 2.97591e-01
 2.97377e-01
 2.95351e-01
 2.94968e-01
 2.96130e-01
 2.97765e-01
 2.99011e-01
 2.99859e-01
 3.00658e-01
 3.01678e-01
 3.02522e-01
 3.02912e-01
 3.03075e-01
 3.03098e-01
 3.03616e-01
 3.03811e-01
 3.04004e-01
 3.04067e-01
 3.04141e-01
 3.04266e-01
 3.04412e-01
 3.04547e-01
 3.04652e-01
 3.04777e-01
 2.98117e-01
 2.97591e-01
 2.97377e-01
 2.95351e-01
 2.94968e-01
 2.96130e-01
 2.97765e-01
 2.99011e-01
 2.99859e-01
 3.00658e-01
 3.01678e-01
 3.02522e-01
 3.02912e-01
 3.03075e-01
 3.03098e-01
 3.03616e-01
 3.03811e-01
 3.04004e-01
 3.04067e-01
 3.04141e-01
 3.04266e-01
 3.04412e-01
 3.04547e-01
 3.04652e-01
 3.04777e-01
 2.98117e-01
 2.97591e-01
 2.97377e-01
 2.95351e-01
 2.94968e-01
 2.96130e-01
 2.97765e-01
 2.99011e-01
 2.99859e-01
 3.00658e-01
 3.01678e-01
 3.02522e-01
 3.02912e-01
 3.03075e-01
 3.03098e-01
 3.03616e-01
 3.03811e-01
 3.04004e-01
 3.04067e-01
 3.04141e-01
 3.04266e-01
 3.04412e-01
 3.04547e-01
 3.04652e-01
 3.04777e-01
 2.98117e-01
 2.97591e-01
 2.97377e-01
 2.95351e-01
 2.94968e-01
 2.96130e-01
 2.97765e-01
 2.99011e-01
 2.99859e-01
 3.00658e-01
 3.01678e-01
 3.02522e-01
 3.02912e-01
 3.03075e-01
 3.03098e-01
 3.03616e-01
 3.03811e-01
 3.04004e-01
 3.04067e-01
 3.04141e-01
 3.04266e-01
 3.04412e-01
 3.04547e-01
 3.04652e-01
 3.04777e-01
 2.98117e-01
 2.97591e-01
 2.97377e-01
 2.95351e-01
 2.94968e-01
 2.96130e-01
 2.97765e-01
 2.99011e-01
 2.99859e-01
 3.00658e-01
 3.01678e-01
 3.02522e-01
 3.02912e-01
 3.03075e-01
 3.03098e-01
 3.03616e-01
 3.03811e-01
 3.04004e-01
 3.04067e-01
 3.04141e-01
 3.04266e-01
 3.04412e-01
 3.04547e-01
 3.04652e-01
 3.04777e-01
 2.98117e-01
 2.97591e-01
 2.97377e-01
 2.95351e-01
 2.94968e-01
 2.96130e-01
 2.97765e-01
 2.99011e-01
 2.99859e-01
 3.00658e-01
 3.01678e-01
 3.02522e-01
 3.02912e-01
 3.03075e-01
 3.03098e-01
 3.03616e-01
 3.03811e-01
 3.04004e-01
 3.04067e-01
 3.04141e-01
 3.04266e-01
 3.04412e-01
 3.04547e-01
 3.04652e-01
 3.04777e-01
 2.98117e-01
 2.97591e-01
 2.97377e-01
 2.95351e-01
 2.94968e-01
 2.96130e-01
 2.97765e-01
 2.99011e-01
 2.99859e-01
 3.00658e-01
 3.01678e-01
 3.02522e-01
 3.02912e-01
 3.03075e-01
 3.03098e-01
 3.03616e-01
 3.03811e-01
 3.04004e-01
 3.04067e-01
 3.04141e-01
 3.04266e-01
 3.04412e-01
 3.04547e-01
 3.04652e-01
 3.04777e-01
 2.98117e-01
 2.97591e-01
 2.97377e-01
 2.95351e-01
 2.94968e-01
 2.96130e-01
 2.97765e-01
 2.99011e-01
 2.99859e-01
 3.00658e-01
 3.01678e-01
 3.02522e-01
 3.02912e-01
 3.03075e-01
 3.03098e-01
 3.03616e-01
 3.03811e-01
 3.04004e-01
 3.04067e-01
 3.04141e-01
 3.04266e-01
 3.04412e-01
 3.04547e-01
 3.04652e-01
 3.04777e-01
 2.98117e-01
 2.97591e-01
 2.97377e-01
 2.95351e-01
 2.94968e-01
 2.96130e-01
 2.97765e-01
 2.99011e-01
 2.99859e-01
 3.00658e-01
 3.01678e-01
 3.02522e-01
 3.02912e-01
 3.03075e-01
 3.03098e-01
 3.03616e-01
 3.03811e-01
 3.04004e-01
 3.04067e-01
 3.04141e-01
 3.04266e-01
 3.04412e-01
 3.04547e-01
 3.04652e-01
 3.04777e-01
 2.98117e-01
 2.97591e-01
 2.97377e-01
 2.95351e-01
 2.94968e-01
 2.96130e-01
 2.97765e-01
 2.99011e-01
 2.99859e-01
 3.00658e-01
 3.01678e-01
 3.02522e-01
 3.02912e-01
 3.03075e-01
 3.03098e-01
 3.03616e-01
 3.03811e-01
 3.04004e-01
 3.04067e-01
 3.04141e-01
 3.04266e-01
 3.04412e-01
 3.04547e-01
 3.04652e-01
 3.04777e-01
 2.98117e-01
 2.97591e-01
 2.97377e-01
 2.95351e-01
 2.94968e-01
 2.96130e-01
 2.97765e-01
 2.99011e-01
 2.99859e-01
 3.00658e-01
 3.01678e-01
 3.02522e-01
 3.02912e-01
 3.03075e-01
 3.03098e-01
 3.03616e-01
 3.03811e-01
 3.04004e-01
 3.04067e-01
 3.04141e-01
 3.04266e-01
 3.04412e-01
 3.04547e-01
 3.04652e-01
 3.04777e-01
 2.98117e-01
 2.97591e-01
 2.97377e-01
 2.95351e-01
 2.94968e-01
 2.96130e-01
 2.97765e-01
 2.99011e-01
 2.99859e-01
 3.00658e-01
 3.01678e-01
 3.02522e-01
 3.02912e-01
 3.03075e-01
 3.03098e-01
 3.03616e-01
 3.03811e-01
 3.04004e-01
 3.04067e-01
 3.04141e-01
 3.04266e-01
 3.04412e-01
 3.04547e-01
 3.04652e-01
 3.04777e-01
 2.98117e-01
 2.97591e-01
 2.97377e-01
 2.95351e-01
 2.94968e-01
 2.96130e-01
 2.97765e-01
 2.99011e-01
 2.99859e-01
 3.00658e-01
 3.01678e-01
 3.02522e-01
 3.02912e-01
 3.03075e-01
 3.03098e-01
 3.03616e-01
 3.03811e-01
 3.04004e-01
 3.04067e-01
 3.04141e-01
 3.04266e-01
 3.04412e-01
 3.04547e-01
 3.04652e-01
 3.04777e-01
 2.98117e-01
 2.97591e-01
 2.97377e-01
 2.95351e-01
 2.94968e-01
 2.96130e-01
 2.97765e-01
 2.99011e-01
 2.99859e-01
 3.00658e-01
 3.01678e-01
 3.02522e-01
 3.02912e-01
 3.03075e-01
 3.03098e-01
 3.03616e-01
 3.03811e-01
 3.04004e-01
 3.04067e-01
 3.04141e-01
 3.04266e-01
 3.04412e-01
 3.04547e-01
 3.04652e-01
 3.04777e-01
 2.98117e-01
 2.97591e-01
 2.97377e-01
 2.95351e-01
 2.94968e-01
 2.96130e-01
 2.97765e-01
 2.99011e-01
 2.99859e-01
 3.00658e-01
 3.01678e-01
 3.02522e-01
 3.02912e-01
 3.03075e-01
 3.03098e-01
 3.03616e-01
 3.03811e-01
 3.04004e-01
 3.04067e-01
 3.04141e-01
 3.04266e-01
 3.04412e-01
 3.04547e-01
 3.04652e-01
 3.04777e-01
 2.98117e-01
 2.97591e-01
 2.97377e-01
 2.95351e-01
 2.94968e-01
 2.96130e-01
 2.97765e-01
 2.99011e-01
 2.99859e-01
 3.00658e-01
 3.01678e-01
 3.02522e-01
 3.02912e-01
 3.03075e-01
 3.03098e-01
 3.03616e-01
 3.03811e-01
 3.04004e-01
 3.04067e-01
 3.04141e-01
 3.04266e-01
 3.04412e-01
 3.04547e-01
 3.04652e-01
 3.04777e-01
 2.98117e-01
 2.97591e-01
 2.97377e-01
 2.95351e-01
 2.94968e-01
 2.96130e-01
 2.97765e-01
 2.99011e-01
 2.99859e-01
 3.00658e-01
 3.01678e-01
 3.02522e-01
 3.02912e-01
 3.03075e-01
 3.03098e-01
 3.03616e-01
 3.03811e-01
 3.04004e-01
 3.04067e-01
 3.04141e-01
 3.04266e-01
 3.04412e-01
 3.04547e-01
 3.04652e-01
 3.04777e-01
 2.98117e-01
 2.97591e-01
 2.97377e-01
 2.95351e-01
 2.94968e-01
 2.96130e-01
 2.97765e-01
 2.99011e-01
 2.99859e-01
 3.00658e-01
 3.01678e-01
 3.02522e-01
 3.02912e-01
 3.03075e-01
 3.03098e-01
 3.03616e-01
 3.03811e-01
 3.04004e-01
 3.04067e-01
 3.04141e-01
 3.04266e-01
 3.04412e-01
 3.04547e-01
 3.04652e-01
 3.04777e-01
 2.98117e-01
 2.97591e-01
 2.97377e-01
 2.95351e-01
 2.94968e-01
 2.96130e-01
 2.97765e-01
 2.99011e-01
 2.99859e-01
 3.00658e-01
 3.01678e-01
 3.02522e-01
 3.02912e-01
 3.03075e-01
 3.03098e-01
 3.03616e-01
 3.03811e-01
 3.04004e-01
 3.04067e-01
 3.04141e-01
 3.04266e-01
 3.04412e-01
 3.04547e-01
 3.04652e-01
 3.04777e-01
 2.98117e-01
 2.97591e-01
 2.97377e-01
 2.95351e-01
 2.94968e-01
 2.96130e-01
 2.97765e-01
 2.99011e-01
 2.99859e-01
 3.00658e-01
 3.01678e-01
 3.02522e-01
 3.02912e-01
 3.03075e-01
 3.03098e-01
 3.03616e-01
 3.03811e-01
 3.04004e-01
 3.04067e-01
 3.04141e-01
 3.04266e-01
 3.04412e-01
 3.04547e-01
 3.04652e-01
 3.04777e-01
 2.98117e-01
 2.97591e-01
 2.97377e-01
 2.95351e-01
 2.94968e-01
 2.96130e-01
 2.97765e-01
 2.99011e-01
 2.99859e-01
 3.00658e-01
 3.01678e-01
 3.02522e-01
 3.02912e-01
 3.03075e-01
 3.03098e-01
 3.03616e-01
 3.03811e-01
 3.04004e-01
 3.04067e-01
 3.04141e-01
 3.04266e-01
 3.04412e-01
 3.04547e-01
 3.04652e-01
 3.04777e-01
part
         4
hexa8
 3.04831e-01
 3.04937e-01
 3.05280e-01
 3.05431e-01
 3.05179e-01
 3.04197e-01
 3.00020e-01
 2.89629e-01
 2.64640e-01
 2.27419e-01
 1.82134e-01
 1.44408e-01
 1.19662e-01
 1.07112e-01
 1.02112e-01
 1.00553e-01
 1.00138e-01
 1.00034e-01
 1.00008e-01
 1.00002e-01
 1.00000e-01
 1.00000e-01
 1.00000e-01
 1.00000e-01
 1.00000e-01
 3.04831e-01
 3.04937e-01
 3.05280e-01
 3.05431e-01
 3.05179e-01
 3.04197e-01
 3.00020e-01
 2.89629e-01
 2.64640e-01
 2.27419e-01
 1.82134e-01
 1.44408e-01
 1.19662e-01
 1.07112e-01
 1.02112e-01
 1.00553e-01
 1.00138e-01
 1.00034e-01
 1.00008e-01
 1.00002e-01
 1.00000e-01
 1.00000e-01
 1.00000e-01
 1.00000e-01
 1.00000e-01
 3.04831e-01
 3.04937e-01
 3.05280e-01
 3.05431e-01
 3.05179e-01
 3.04197e-01
 3.00020e-01
 2.89629e-01
 2.64640e-01
 2.27419e-01
 1.82134e-01
 1.44408e-01
 1.19662e-01
 1.07112e-01
 1.02112e-01
 1.00553e-01
 1.00138e-01
 1.00034e-01
 1.00008e-01
 1.00002e-01
 1.00000e-01
 1.00000e-01
 1.00000e-01
 1.00000e-01
 1.00000e-01
 3.04831e-01
 3.04937e-01
 3.05280e-01
 3.05431e-01
 3.05179e-01
 3.04197e-01
 3.00020e-01
 2.89629e-01
 2.64640e-01
 2.27419e-01
 1.82134e-01
 1.44408e-01
 1.19662e-01
 1.07112e-01
 1.02112e-01
 1.00553e-01
 1.00138e-01
 1.00034e-01
 1.00008e-01
 1.00002e-01
 1.00000e-01
 1.00000e-01
 1.00000e-01
 1.00000e-01
 1.00000e-01
 3.04831e-01
 3.04937e-01
 3.05280e-01
 3.05431e-01
 3.05179e-01
 3.04197e-01
 3.00020e-01
 2.89629e-01
 2.64640e-01
 2.27419e-01
 1.82134e-01
 1.44408e-01
 1.19662e-01
 1.07112e-01
 1.02112e-01
 1.00553e-01
 1.00138e-01
 1.00034e-01
 1.00008e-01
 1.00002e-01
 1.00000e-01
 1.00000e-01
 1.00000e-01
 1.00000e-01
 1.00000e-01
 3.04831e-01
 3.04937e-01
 3.05280e-01
 3.05431e-01
 3.05179e-01
 3.04197e-01
 3.00020e-01
 2.89629e-01
 2.64640e-01
 2.27419e-01
 1.82134e-01
 1.44408e-01
 1.19662e-01
 1.07112e-01
 1.02112e-01
 1.00553e-01
 1.00138e-01
 1.00034e-01
 1.00008e-01
 1.00002e-01
 1.00000e-01
 1.00000e-01
 1.00000e-01
 1.00000e-01
 1.00000e-01
 3.04831e-01
 3.04937e-01
 3.05280e-01
 3.05431e-01
 3.05179e-01
 3.04197e-01
 3.00020e-01
 2.89629e-01
 2.64640e-01
 2.27419e-01
 1.82134e-01
 1.44408e-01
 1.19662e-01
 1.07112e-01
 1.02112e-01
 1.00553e-01
 1.00138e-01
 1.00034e-01
 1.00008e-01
 1.00002e-01
 1.00000e-01
 1.00000e-01
 1.00000e-01
 1.00000e-01
 1.00000e-01
 3.04831e-01
 3.04937e-01
 3.05280e-01
 3.05431e-01
 3.05179e-01
 3.04197e-01
 3.00020e-01
 2.89629e-01
 2.64640e-01
 2.27419e-01
 1.82134e-01
 1.44408e-01
 1.19662e-01
 1.07112e-01
 1.02112e-01
 1.00553e-01
 1.00138e-01
 1.00034e-01
 1.00008e-01
 1.00002e-01
 1.00000e-01
 1.00000e-01
 1.00000e-01
 1.00000e-01
 1.00000e-01
 3.04831e-01
 3.04937e-01
 3.05280e-01
 3.05431e-01
 3.05179e-01
 3.04197e-01
 3.00020e-01
 2.89629e-01
 2.64640e-01
 2.27419e-01
 1.82134e-01
 1.44408e-01
 1.19662e-01
 1.07112e-01
 1.02112e-01
 1.00553e-01
 1.00138e-01
 1.00034e-01
 1.00008e-01
 1.00002e-01
 1.00000e-01
 1.00000e-01
 1.00000e-01
 1.00000e-01
 1.00000e-01
 3.04831e-01
 3.04937e-01
 3.05280e-01
 3.05431e-01
 3.05179e-01
 3.04197e-01
 3.00020e-01
 2.89629e-01
 2.64640e-01
 2.27419e-01
 1.82134e-01
 1.44408e-01
 1.19662e-01
 1.07112e-01
 1.02112e-01
 1.00553e-01
 1.00138e-01
 1.00034e-01
 1.00008e-01
 1.00002e-01
 1.00000e-01
 1.00000e-01
 1.00000e-01
 1.00000e-01
 1.00000e-01
 3.04831e-01
 3.04937e-01
 3.05280e-01
 3.05431e-01
 3.05179e-01
 3.04197e-01
 3.00020e-01
 2.89629e-01
 2.64640e-01
 2.27419e-01
 1.82134e-01
 1.44408e-01
 1.19662e-01
 1.07112e-01
 1.02112e-01
 1.00553e-01
 1.00138e-01
 1.00034e-01
 1.00008e-01
 1.00002e-01
 1.00000e-01
 1.00000e-01
 1.00000e-01
 1.00000e-01
 1.00000e-01
 3.04831e-01
 3.04937e-01
 3.05280e-01
 3.05431e-01
 3.05179e-01
 3.04197e-01
 3.00020e-01
 2.89629e-01
 2.64640e-01
 2.27419e-01
 1.82134e-01
 1.44408e-01
 1.19662e-01
 1.07112e-01
 1.02112e-01
 1.00553e-01
 1.00138e-01
 1.00034e-01
 1.00008e-01
 1.00002e-01
 1.00000e-01
 1.00000e-01
 1.00000e-01
 1.00000e-01
 1.00000e-01
 3.04831e-01
 3.04937e-01
 3.05280e-01
 3.05431e-01
 3.05179e-01
 3.04197e-01
 3.00020e-01
 2.89629e-01
 2.64640e-01
 2.27419e-01
 1.82134e-01
 1.44408e-01
 1.19662e-01
 1.07112e-01
 1.02112e-01
 1.00553e-01
 1.00138e-01
 1.00034e-01
 1.00008e-01
 1.00002e-01
 1.00000e-01
 1.00000e-01
 1.00000e-01
 1.00000e-01
 1.00000e-01
 3.04831e-01
 3.04937e-01
 3.05280e-01
 3.05431e-01
 3.05179e-01
 3.04197e-01
 3.00020e-01
 2.89629e-01
 2.64640e-01
 2.27419e-01
 1.82134e-01
 1.44408e-01
 1.19662e-01
 1.07112e-01
 1.02112e-01
 1.00553e-01
 1.00138e-01
 1.00034e-01
 1.00008e-01
 1.00002e-01
 1.00000e-01
 1.00000e-01
 1.00000e-01
 1.00000e-01
 1.00000e-01
 3.04831e-01
 3.04937e-01
 3.05280e-01
 3.05431e-01
 3.05179e-01
 3.04197e-01
 3.00020e-01
 2.89629e-01
 2.64640e-01
 2.27419e-01
 1.82134e-01
 1.44408e-01
 1.19662e-01
 1.07112e-01
 1.02112e-01
 1.00553e-01
 1.00138e-01
 1.00034e-01
 1.00008e-01
 1.00002e-01
 1.00000e-01
 1.00000e-01
 1.00000e-01
 1.00000e-01
 1.00000e-01
 3.04831e-01
 3.04937e-01
 3.05280e-01
 3.05431e-01
 3.05179e-01
 3.04197e-01
 3.00020e-01
 2.89629e-01
 2.64640e-01
 2.27419e-01
 1.82134e-01
 1.44408e-01
 1.19662e-01
 1.07112e-01
 1.02112e-01
 1.00553e-01
 1.00138e-01
 1.00034e-01
 1.00008e-01
 1.00002e-01
 1.00000e-01
 1.00000e-01
 1.00000e-01
 1.00000e-01
 1.00000e-01
 3.04831e-01
 3.04937e-01
 3.05280e-01
 3.05431e-01
 3.05179e-01
 3.04197e-01
 3.00020e-01
 2.89629e-01
 2.64640e-01
 2.27419e-01
 1.82134e-01
 1.44408e-01
 1.19662e-01
 1.07112e-01
 1.02112e-01
 1.00553e-01
 1.00138e-01
 1.00034e-01
 1.00008e-01
 1.00002e-01
 1.00000e-01
 1.00000e-01
 1.00000e-01
 1.00000e-01
 1.00000e-01
 3.04831e-01
 3.04937e-01
 3.05280e-01
 3.05431e-01
 3.05179e-01
 3.04197e-01
 3.00020e-01
 2.89629e-01
 2.64640e-01
 2.27419e-01
 1.82134e-01
 1.44408e-01
 1.19662e-01
 1.07112e-01
 1.02112e-01
 1.00553e-01
 1.00138e-01
 1.00034e-01
 1.00008e-01
 1.00002e-01
 1.00000e-01
 1.00000e-01
 1.00000e-01
 1.00000e-01
 1.00000e-01
 3.04831e-01
 3.04937e-01
 3.05280e-01
 3.05431e-01
 3.05179e-01
 3.04197e-01
 3.00020e-01
 2.89629e-01
 2.64640e-01
 2.27419e-01
 1.82134e-01
 1.44408e-01
 1.19662e-01
 1.07112e-01
 1.02112e-01
 1.00553e-01
 1.00138e-01
 1.00034e-01
 1.00008e-01
 1.00002e-01
 1.00000e-01
 1.00000e-01
 1.00000e-01
 1.00000e-01
 1.00000e-01
 3.04831e-01
 3.04937e-01
 3.05280e-01
 3.05431e-01
 3.05179e-01
 3.04197e-01
 3.00020e-01
 2.89629e-01
 2.64640e-01
 2.27419e-01
 1.82134e-01
 1.44408e-01
 1.19662e-01
 1.07112e-01
 1.02112e-01
 1.00553e-01
 1.00138e-01
 1.00034e-01
 1.00008e-01
 1.00002e-01
 1.00000e-01
 1.00000e-01
 1.00000e-01
 1.00000e-01
 1.00000e-01
 3.04831e-01
 3.04937e-01
 3.05280e-01
 3.05431e-01
 3.05179e-01
 3.04197e-01
 3.00020e-01
 2.89629e-01
 2.64640e-01
 2.27419e-01
 1.82134e-01
 1.44408e-01
 1.19662e-01
 1.07112e-01
 1.02112e-01
 1.00553e-01
 1.00138e-01
 1.00034e-01
 1.00008e-01
 1.00002e-01
 1.00000e-01
 1.00000e-01
 1.00000e-01
 1.00000e-01
 1.00000e-01
 3.04831e-01
 3.04937e-01
 3.05280e-01
 3.05431e-01
 3.05179e-01
 3.04197e-01
 3.00020e-01
 2.89629e-01
 2.64640e-01
 2.27419e-01
 1.82134e-01
 1.44408e-01
 1.19662e-01
 1.07112e-01
 1.02112e-01
 1.00553e-01
 1.00138e-01
 1.00034e-01
 1.00008e-01
 1.00002e-01
 1.00000e-01
 1.00000e-01
 1.00000e-01
 1.00000e-01
 1.00000e-01
 3.04831e-01
 3.04937e-01
 3.05280e-01
 3.05431e-01
 3.05179e-01
 3.04197e-01
 3.00020e-01
 2.89629e-01
 2.64640e-01
 2.27419e-01
 1.82134e-01
 1.44408e-01
 1.19662e-01
 1.07112e-01
 1.02112e-01
 1.00553e-01
 1.00138e-01
 1.00034e-01
 1.00008e-01
 1.00002e-01
 1.00000e-01
 1.00000e-01
 1.00000e-01
 1.00000e-01
 1.00000e-01
 3.04831e-01
 3.04937e-01
 3.05280e-01
 3.05431e-01
 3.05179e-01
 3.04197e-01
 3.00020e-01
 2.89629e-01
 2.64640e-01
 2.27419e-01
 1.82134e-01
 1.44408e-01
 1.19662e-01
 1.07112e-01
 1.02112e-01
 1.00553e-01
 1.00138e-01
 1.00034e-01
 1.00008e-01
 1.00002e-01
 1.00000e-01
 1.00000e-01
 1.00000e-01
 1.00000e-01
 1.00000e-01
 3.04831e-01
 3.04937e-01
 3.05280e-01
 3.05431e-01
 3.05179e-01
 3.04197e-01
 3.00020e-01
 2.89629e-01
 2.64640e-01
 2.27419e-01
 1.82134e-01
 1.44408e-01
 1.19662e-01
 1.07112e-01
 1.02112e-01
 1.00553e-01
 1.00138e-01
 1.00034e-01
 1.00008e-01
 1.00002e-01
 1.00000e-01
 1.00000e-01
 1.00000e-01
 1.00000e-01
 1.00000e-01
