CellMass
part
         1
hexa8
 4.00000e-06
 4.00000e-06
 4.00000e-06
 4.00000e-06
 4.00000e-06
 4.00000e-06
 4.00000e-06
 4.00000e-06
 4.00000e-06
 4.00000e-06
 4.00000e-06
 4.00000e-06
 4.00000e-06
 4.00000e-06
 4.00000e-06
 4.00000e-06
 4.00000e-06
 4.00000e-06
 3.99999e-06
 3.99993e-06
 3.99969e-06
 3.99880e-06
 3.99582e-06
 3.98738e-06
 3.96723e-06
 3.92754e-06
 3.86342e-06
 3.77682e-06
 3.67470e-06
 3.56404e-06
 3.44956e-06
 3.33393e-06
 3.21881e-06
 3.10522e-06
 2.99359e-06
 2.88401e-06
 2.77636e-06
 2.67090e-06
 2.57228e-06
 2.47849e-06
 2.38745e-06
 2.29868e-06
 2.21668e-06
 2.13540e-06
 2.05660e-06
 1.98561e-06
 1.91593e-06
 1.85501e-06
 1.79498e-06
 1.74688e-06
 1.72916e-06
 1.71048e-06
 1.69427e-06
 1.69209e-06
 1.69262e-06
 1.69464e-06
 1.69926e-06
 1.70145e-06
 1.70133e-06
 1.69991e-06
 1.69854e-06
 1.69844e-06
 1.69888e-06
 1.69705e-06
 1.68700e-06
 1.65927e-06
 1.60177e-06
 1.50253e-06
 1.35457e-06
 1.20410e-06
 1.12772e-06
 1.09045e-06
 1.07427e-06
 1.06826e-06
 1.06672e-06
 1.06670e-06
 1.06701e-06
 1.06731e-06
 1.06752e-06
 1.06769e-06
 1.06768e-06
 1.06653e-06
 1.05855e-06
 1.01967e-06
 8.88917e-07
 6.53760e-07
 5.28308e-07
 5.03449e-07
 5.00372e-07
 5.00040e-07
 5.00004e-07
 5.00000e-07
 5.00000e-07
 5.00000e-07
 5.00000e-07
 5.00000e-07
 5.00000e-07
 5.00000e-07
 5.00000e-07
 5.00000e-07
 4.00000e-06
 4.00000e-06
 4.00000e-06
 4.00000e-06
 4.00000e-06
 4.00000e-06
 4.00000e-06
 4.00000e-06
 4.00000e-06
 4.00000e-06
 4.00000e-06
 4.00000e-06
 4.00000e-06
 4.00000e-06
 4.00000e-06
 4.00000e-06
 4.00000e-06
 4.00000e-06
 3.99999e-06
 3.99993e-06
 3.99969e-06
 3.99880e-06
 3.99582e-06
 3.98738e-06
 3.96723e-06
 3.92754e-06
 3.86342e-06
 3.77682e-06
 3.67470e-06
 3.56404e-06
 3.44956e-06
 3.33393e-06
 3.21881e-06
 3.10522e-06
 2.99359e-06
 2.88401e-06
 2.77636e-06
 2.67090e-06
 2.57228e-06
 2.47849e-06
 2.38745e-06
 2.29868e-06
 2.21668e-06
 2.13540e-06
 2.05660e-06
 1.98561e-06
 1.91593e-06
 1.85501e-06
 1.79498e-06
 1.74688e-06
 1.72916e-06
 1.71048e-06
 1.69427e-06
 1.69209e-06
 1.69262e-06
 1.69464e-06
 1.69926e-06
 1.70145e-06
 1.70133e-06
 1.69991e-06
 1.69854e-06
 1.69844e-06
 1.69888e-06
 1.69705e-06
 1.68700e-06
 1.65927e-06
 1.60177e-06
 1.50253e-06
 1.35457e-06
 1.20410e-06
 1.12772e-06
 1.09045e-06
 1.07427e-06
 1.06826e-06
 1.06672e-06
 1.06670e-06
 1.06701e-06
 1.06731e-06
 1.06752e-06
 1.06769e-06
 1.06768e-06
 1.06653e-06
 1.05855e-06
 1.01967e-06
 8.88917e-07
 6.53760e-07
 5.28308e-07
 5.03449e-07
 5.00372e-07
 5.00040e-07
 5.00004e-07
 5.00000e-07
 5.00000e-07
 5.00000e-07
 5.00000e-07
 5.00000e-07
 5.00000e-07
 5.00000e-07
 5.00000e-07
 5.00000e-07
 4.00000e-06
 4.00000e-06
 4.00000e-06
 4.00000e-06
 4.00000e-06
 4.00000e-06
 4.00000e-06
 4.00000e-06
 4.00000e-06
 4.00000e-06
 4.00000e-06
 4.00000e-06
 4.00000e-06
 4.00000e-06
 4.00000e-06
 4.00000e-06
 4.00000e-06
 4.00000e-06
 3.99999e-06
 3.99993e-06
 3.99969e-06
 3.99880e-06
 3.99582e-06
 3.98738e-06
 3.96723e-06
 3.92754e-06
 3.86342e-06
 3.77682e-06
 3.67470e-06
 3.56404e-06
 3.44956e-06
 3.33393e-06
 3.21881e-06
 3.10522e-06
 2.99359e-06
 2.88401e-06
 2.77636e-06
 2.67090e-06
 2.57228e-06
 2.47849e-06
 2.38745e-06
 2.29868e-06
 2.21668e-06
 2.13540e-06
 2.05660e-06
 1.98561e-06
 1.91593e-06
 1.85501e-06
 1.79498e-06
 1.74688e-06
 1.72916e-06
 1.71048e-06
 1.69427e-06
 1.69209e-06
 1.69262e-06
 1.69464e-06
 1.69926e-06
 1.70145e-06
 1.70133e-06
 1.69991e-06
 1.69854e-06
 1.69844e-06
 1.69888e-06
 1.69705e-06
 1.68700e-06
 1.65927e-06
 1.60177e-06
 1.50253e-06
 1.35457e-06
 1.20410e-06
 1.12772e-06
 1.09045e-06
 1.07427e-06
 1.06826e-06
 1.06672e-06
 1.06670e-06
 1.06701e-06
 1.06731e-06
 1.06752e-06
 1.06769e-06
 1.06768e-06
 1.06653e-06
 1.05855e-06
 1.01967e-06
 8.88917e-07
 6.53760e-07
 5.28308e-07
 5.03449e-07
 5.00372e-07
 5.00040e-07
 5.00004e-07
 5.00000e-07
 5.00000e-07
 5.00000e-07
 5.00000e-07
 5.00000e-07
 5.00000e-07
 5.00000e-07
 5.00000e-07
 5.00000e-07
 4.00000e-06
 4.00000e-06
 4.00000e-06
 4.00000e-06
 4.00000e-06
 4.00000e-06
 4.00000e-06
 4.00000e-06
 4.00000e-06
 4.00000e-06
 4.00000e-06
 4.00000e-06
 4.00000e-06
 4.00000e-06
 4.00000e-06
 4.00000e-06
 4.00000e-06
 4.00000e-06
 3.99999e-06
 3.99993e-06
 3.99969e-06
 3.99880e-06
 3.99582e-06
 3.98738e-06
 3.96723e-06
 3.92754e-06
 3.86342e-06
 3.77682e-06
 3.67470e-06
 3.56404e-06
 3.44956e-06
 3.33393e-06
 3.21881e-06
 3.10522e-06
 2.99359e-06
 2.88401e-06
 2.77636e-06
 2.67090e-06
 2.57228e-06
 2.47849e-06
 2.38745e-06
 2.29868e-06
 2.21668e-06
 2.13540e-06
 2.05660e-06
 1.98561e-06
 1.91593e-06
 1.85501e-06
 1.79498e-06
 1.74688e-06
 1.72916e-06
 1.71048e-06
 1.69427e-06
 1.69209e-06
 1.69262e-06
 1.69464e-06
 1.69926e-06
 1.70145e-06
 1.70133e-06
 1.69991e-06
 1.69854e-06
 1.69844e-06
 1.69888e-06
 1.69705e-06
 1.68700e-06
 1.65927e-06
 1.60177e-06
 1.50253e-06
 1.35457e-06
 1.20410e-06
 1.12772e-06
 1.09045e-06
 1.07427e-06
 1.06826e-06
 1.06672e-06
 1.06670e-06
 1.06701e-06
 1.06731e-06
 1.06752e-06
 1.06769e-06
 1.06768e-06
 1.06653e-06
 1.05855e-06
 1.01967e-06
 8.88917e-07
 6.53760e-07
 5.28308e-07
 5.03449e-07
 5.00372e-07
 5.00040e-07
 5.00004e-07
 5.00000e-07
 5.00000e-07
 5.00000e-07
 5.00000e-07
 5.00000e-07
 5.00000e-07
 5.00000e-07
 5.00000e-07
 5.00000e-07
 4.00000e-06
 4.00000e-06
 4.00000e-06
 4.00000e-06
 4.00000e-06
 4.00000e-06
 4.00000e-06
 4.00000e-06
 4.00000e-06
 4.00000e-06
 4.00000e-06
 4.00000e-06
 4.00000e-06
 4.00000e-06
 4.00000e-06
 4.00000e-06
 4.00000e-06
 4.00000e-06
 3.99999e-06
 3.99993e-06
 3.99969e-06
 3.99880e-06
 3.99582e-06
 3.98738e-06
 3.96723e-06
 3.92754e-06
 3.86342e-06
 3.77682e-06
 3.67470e-06
 3.56404e-06
 3.44956e-06
 3.33393e-06
 3.21881e-06
 3.10522e-06
 2.99359e-06
 2.88401e-06
 2.77636e-06
 2.67090e-06
 2.57228e-06
 2.47849e-06
 2.38745e-06
 2.29868e-06
 2.21668e-06
 2.13540e-06
 2.05660e-06
 1.98561e-06
 1.91593e-06
 1.85501e-06
 1.79498e-06
 1.74688e-06
 1.72916e-06
 1.71048e-06
 1.69427e-06
 1.69209e-06
 1.69262e-06
 1.69464e-06
 1.69926e-06
 1.70145e-06
 1.70133e-06
 1.69991e-06
 1.69854e-06
 1.69844e-06
 1.69888e-06
 1.69705e-06
 1.68700e-06
 1.65927e-06
 1.60177e-06
 1.50253e-06
 1.35457e-06
 1.20410e-06
 1.12772e-06
 1.09045e-06
 1.07427e-06
 1.06826e-06
 1.06672e-06
 1.06670e-06
 1.06701e-06
 1.06731e-06
 1.06752e-06
 1.06769e-06
 1.06768e-06
 1.06653e-06
 1.05855e-06
 1.01967e-06
 8.88917e-07
 6.53760e-07
 5.28308e-07
 5.03449e-07
 5.00372e-07
 5.00040e-07
 5.00004e-07
 5.00000e-07
 5.00000e-07
 5.00000e-07
 5.00000e-07
 5.00000e-07
 5.00000e-07
 5.00000e-07
 5.00000e-07
 5.00000e-07
 4.00000e-06
 4.00000e-06
 4.00000e-06
 4.00000e-06
 4.00000e-06
 4.00000e-06
 4.00000e-06
 4.00000e-06
 4.00000e-06
 4.00000e-06
 4.00000e-06
 4.00000e-06
 4.00000e-06
 4.00000e-06
 4.00000e-06
 4.00000e-06
 4.00000e-06
 4.00000e-06
 3.99999e-06
 3.99993e-06
 3.99969e-06
 3.99880e-06
 3.99582e-06
 3.98738e-06
 3.96723e-06
 3.92754e-06
 3.86342e-06
 3.77682e-06
 3.67470e-06
 3.56404e-06
 3.44956e-06
 3.33393e-06
 3.21881e-06
 3.10522e-06
 2.99359e-06
 2.88401e-06
 2.77636e-06
 2.67090e-06
 2.57228e-06
 2.47849e-06
 2.38745e-06
 2.29868e-06
 2.21668e-06
 2.13540e-06
 2.05660e-06
 1.98561e-06
 1.91593e-06
 1.85501e-06
 1.79498e-06
 1.74688e-06
 1.72916e-06
 1.71048e-06
 1.69427e-06
 1.69209e-06
 1.69262e-06
 1.69464e-06
 1.69926e-06
 1.70145e-06
 1.70133e-06
 1.69991e-06
 1.69854e-06
 1.69844e-06
 1.69888e-06
 1.69705e-06
 1.68700e-06
 1.65927e-06
 1.60177e-06
 1.50253e-06
 1.35457e-06
 1.20410e-06
 1.12772e-06
 1.09045e-06
 1.07427e-06
 1.06826e-06
 1.06672e-06
 1.06670e-06
 1.06701e-06
 1.06731e-06
 1.06752e-06
 1.06769e-06
 1.06768e-06
 1.06653e-06
 1.05855e-06
 1.01967e-06
 8.88917e-07
 6.53760e-07
 5.28308e-07
 5.03449e-07
 5.00372e-07
 5.00040e-07
 5.00004e-07
 5.00000e-07
 5.00000e-07
 5.00000e-07
 5.00000e-07
 5.00000e-07
 5.00000e-07
 5.00000e-07
 5.00000e-07
 5.00000e-07
 4.00000e-06
 4.00000e-06
 4.00000e-06
 4.00000e-06
 4.00000e-06
 4.00000e-06
 4.00000e-06
 4.00000e-06
 4.00000e-06
 4.00000e-06
 4.00000e-06
 4.00000e-06
 4.00000e-06
 4.00000e-06
 4.00000e-06
 4.00000e-06
 4.00000e-06
 4.00000e-06
 3.99999e-06
 3.99993e-06
 3.99969e-06
 3.99880e-06
 3.99582e-06
 3.98738e-06
 3.96723e-06
 3.92754e-06
 3.86342e-06
 3.77682e-06
 3.67470e-06
 3.56404e-06
 3.44956e-06
 3.33393e-06
 3.21881e-06
 3.10522e-06
 2.99359e-06
 2.88401e-06
 2.77636e-06
 2.67090e-06
 2.57228e-06
 2.47849e-06
 2.38745e-06
 2.29868e-06
 2.21668e-06
 2.13540e-06
 2.05660e-06
 1.98561e-06
 1.91593e-06
 1.85501e-06
 1.79498e-06
 1.74688e-06
 1.72916e-06
 1.71048e-06
 1.69427e-06
 1.69209e-06
 1.69262e-06
 1.69464e-06
 1.69926e-06
 1.70145e-06
 1.70133e-06
 1.69991e-06
 1.69854e-06
 1.69844e-06
 1.69888e-06
 1.69705e-06
 1.68700e-06
 1.65927e-06
 1.60177e-06
 1.50253e-06
 1.35457e-06
 1.20410e-06
 1.12772e-06
 1.09045e-06
 1.07427e-06
 1.06826e-06
 1.06672e-06
 1.06670e-06
 1.06701e-06
 1.06731e-06
 1.06752e-06
 1.06769e-06
 1.06768e-06
 1.06653e-06
 1.05855e-06
 1.01967e-06
 8.88917e-07
 6.53760e-07
 5.28308e-07
 5.03449e-07
 5.00372e-07
 5.00040e-07
 5.00004e-07
 5.00000e-07
 5.00000e-07
 5.00000e-07
 5.00000e-07
 5.00000e-07
 5.00000e-07
 5.00000e-07
 5.00000e-07
 5.00000e-07
 4.00000e-06
 4.00000e-06
 4.00000e-06
 4.00000e-06
 4.00000e-06
 4.00000e-06
 4.00000e-06
 4.00000e-06
 4.00000e-06
 4.00000e-06
 4.00000e-06
 4.00000e-06
 4.00000e-06
 4.00000e-06
 4.00000e-06
 4.00000e-06
 4.00000e-06
 4.00000e-06
 3.99999e-06
 3.99993e-06
 3.99969e-06
 3.99880e-06
 3.99582e-06
 3.98738e-06
 3.96723e-06
 3.92754e-06
 3.86342e-06
 3.77682e-06
 3.67470e-06
 3.56404e-06
 3.44956e-06
 3.33393e-06
 3.21881e-06
 3.10522e-06
 2.99359e-06
 2.88401e-06
 2.77636e-06
 2.67090e-06
 2.57228e-06
 2.47849e-06
 2.38745e-06
 2.29868e-06
 2.21668e-06
 2.13540e-06
 2.05660e-06
 1.98561e-06
 1.91593e-06
 1.85501e-06
 1.79498e-06
 1.74688e-06
 1.72916e-06
 1.71048e-06
 1.69427e-06
 1.69209e-06
 1.69262e-06
 1.69464e-06
 1.69926e-06
 1.70145e-06
 1.70133e-06
 1.69991e-06
 1.69854e-06
 1.69844e-06
 1.69888e-06
 1.69705e-06
 1.68700e-06
 1.65927e-06
 1.60177e-06
 1.50253e-06
 1.35457e-06
 1.20410e-06
 1.12772e-06
 1.09045e-06
 1.07427e-06
 1.06826e-06
 1.06672e-06
 1.06670e-06
 1.06701e-06
 1.06731e-06
 1.06752e-06
 1.06769e-06
 1.06768e-06
 1.06653e-06
 1.05855e-06
 1.01967e-06
 8.88917e-07
 6.53760e-07
 5.28308e-07
 5.03449e-07
 5.00372e-07
 5.00040e-07
 5.00004e-07
 5.00000e-07
 5.00000e-07
 5.00000e-07
 5.00000e-07
 5.00000e-07
 5.00000e-07
 5.00000e-07
 5.00000e-07
 5.00000e-07
 4.00000e-06
 4.00000e-06
 4.00000e-06
 4.00000e-06
 4.00000e-06
 4.00000e-06
 4.00000e-06
 4.00000e-06
 4.00000e-06
 4.00000e-06
 4.00000e-06
 4.00000e-06
 4.00000e-06
 4.00000e-06
 4.00000e-06
 4.00000e-06
 4.00000e-06
 4.00000e-06
 3.99999e-06
 3.99993e-06
 3.99969e-06
 3.99880e-06
 3.99582e-06
 3.98738e-06
 3.96723e-06
 3.92754e-06
 3.86342e-06
 3.77682e-06
 3.67470e-06
 3.56404e-06
 3.44956e-06
 3.33393e-06
 3.21881e-06
 3.10522e-06
 2.99359e-06
 2.88401e-06
 2.77636e-06
 2.67090e-06
 2.57228e-06
 2.47849e-06
 2.38745e-06
 2.29868e-06
 2.21668e-06
 2.13540e-06
 2.05660e-06
 1.98561e-06
 1.91593e-06
 1.85501e-06
 1.79498e-06
 1.74688e-06
 1.72916e-06
 1.71048e-06
 1.69427e-06
 1.69209e-06
 1.69262e-06
 1.69464e-06
 1.69926e-06
 1.70145e-06
 1.70133e-06
 1.69991e-06
 1.69854e-06
 1.69844e-06
 1.69888e-06
 1.69705e-06
 1.68700e-06
 1.65927e-06
 1.60177e-06
 1.50253e-06
 1.35457e-06
 1.20410e-06
 1.12772e-06
 1.09045e-06
 1.07427e-06
 1.06826e-06
 1.06672e-06
 1.06670e-06
 1.06701e-06
 1.06731e-06
 1.06752e-06
 1.06769e-06
 1.06768e-06
 1.06653e-06
 1.05855e-06
 1.01967e-06
 8.88917e-07
 6.53760e-07
 5.28308e-07
 5.03449e-07
 5.00372e-07
 5.00040e-07
 5.00004e-07
 5.00000e-07
 5.00000e-07
 5.00000e-07
 5.00000e-07
 5.00000e-07
 5.00000e-07
 5.00000e-07
 5.00000e-07
 5.00000e-07
 4.00000e-06
 4.00000e-06
 4.00000e-06
 4.00000e-06
 4.00000e-06
 4.00000e-06
 4.00000e-06
 4.00000e-06
 4.00000e-06
 4.00000e-06
 4.00000e-06
 4.00000e-06
 4.00000e-06
 4.00000e-06
 4.00000e-06
 4.00000e-06
 4.00000e-06
 4.00000e-06
 3.99999e-06
 3.99993e-06
 3.99969e-06
 3.99880e-06
 3.99582e-06
 3.98738e-06
 3.96723e-06
 3.92754e-06
 3.86342e-06
 3.77682e-06
 3.67470e-06
 3.56404e-06
 3.44956e-06
 3.33393e-06
 3.21881e-06
 3.10522e-06
 2.99359e-06
 2.88401e-06
 2.77636e-06
 2.67090e-06
 2.57228e-06
 2.47849e-06
 2.38745e-06
 2.29868e-06
 2.21668e-06
 2.13540e-06
 2.05660e-06
 1.98561e-06
 1.91593e-06
 1.85501e-06
 1.79498e-06
 1.74688e-06
 1.72916e-06
 1.71048e-06
 1.69427e-06
 1.69209e-06
 1.69262e-06
 1.69464e-06
 1.69926e-06
 1.70145e-06
 1.70133e-06
 1.69991e-06
 1.69854e-06
 1.69844e-06
 1.69888e-06
 1.69705e-06
 1.68700e-06
 1.65927e-06
 1.60177e-06
 1.50253e-06
 1.35457e-06
 1.20410e-06
 1.12772e-06
 1.09045e-06
 1.07427e-06
 1.06826e-06
 1.06672e-06
 1.06670e-06
 1.06701e-06
 1.06731e-06
 1.06752e-06
 1.06769e-06
 1.06768e-06
 1.06653e-06
 1.05855e-06
 1.01967e-06
 8.88917e-07
 6.53760e-07
 5.28308e-07
 5.03449e-07
 5.00372e-07
 5.00040e-07
 5.00004e-07
 5.00000e-07
 5.00000e-07
 5.00000e-07
 5.00000e-07
 5.00000e-07
 5.00000e-07
 5.00000e-07
 5.00000e-07
 5.00000e-07
 4.00000e-06
 4.00000e-06
 4.00000e-06
 4.00000e-06
 4.00000e-06
 4.00000e-06
 4.00000e-06
 4.00000e-06
 4.00000e-06
 4.00000e-06
 4.00000e-06
 4.00000e-06
 4.00000e-06
 4.00000e-06
 4.00000e-06
 4.00000e-06
 4.00000e-06
 4.00000e-06
 3.99999e-06
 3.99993e-06
 3.99969e-06
 3.99880e-06
 3.99582e-06
 3.98738e-06
 3.96723e-06
 3.92754e-06
 3.86342e-06
 3.77682e-06
 3.67470e-06
 3.56404e-06
 3.44956e-06
 3.33393e-06
 3.21881e-06
 3.10522e-06
 2.99359e-06
 2.88401e-06
 2.77636e-06
 2.67090e-06
 2.57228e-06
 2.47849e-06
 2.38745e-06
 2.29868e-06
 2.21668e-06
 2.13540e-06
 2.05660e-06
 1.98561e-06
 1.91593e-06
 1.85501e-06
 1.79498e-06
 1.74688e-06
 1.72916e-06
 1.71048e-06
 1.69427e-06
 1.69209e-06
 1.69262e-06
 1.69464e-06
 1.69926e-06
 1.70145e-06
 1.70133e-06
 1.69991e-06
 1.69854e-06
 1.69844e-06
 1.69888e-06
 1.69705e-06
 1.68700e-06
 1.65927e-06
 1.60177e-06
 1.50253e-06
 1.35457e-06
 1.20410e-06
 1.12772e-06
 1.09045e-06
 1.07427e-06
 1.06826e-06
 1.06672e-06
 1.06670e-06
 1.06701e-06
 1.06731e-06
 1.06752e-06
 1.06769e-06
 1.06768e-06
 1.06653e-06
 1.05855e-06
 1.01967e-06
 8.88917e-07
 6.53760e-07
 5.28308e-07
 5.03449e-07
 5.00372e-07
 5.00040e-07
 5.00004e-07
 5.00000e-07
 5.00000e-07
 5.00000e-07
 5.00000e-07
 5.00000e-07
 5.00000e-07
 5.00000e-07
 5.00000e-07
 5.00000e-07
 4.00000e-06
 4.00000e-06
 4.00000e-06
 4.00000e-06
 4.00000e-06
 4.00000e-06
 4.00000e-06
 4.00000e-06
 4.00000e-06
 4.00000e-06
 4.00000e-06
 4.00000e-06
 4.00000e-06
 4.00000e-06
 4.00000e-06
 4.00000e-06
 4.00000e-06
 4.00000e-06
 3.99999e-06
 3.99993e-06
 3.99969e-06
 3.99880e-06
 3.99582e-06
 3.98738e-06
 3.96723e-06
 3.92754e-06
 3.86342e-06
 3.77682e-06
 3.67470e-06
 3.56404e-06
 3.44956e-06
 3.33393e-06
 3.21881e-06
 3.10522e-06
 2.99359e-06
 2.88401e-06
 2.77636e-06
 2.67090e-06
 2.57228e-06
 2.47849e-06
 2.38745e-06
 2.29868e-06
 2.21668e-06
 2.13540e-06
 2.05660e-06
 1.98561e-06
 1.91593e-06
 1.85501e-06
 1.79498e-06
 1.74688e-06
 1.72916e-06
 1.71048e-06
 1.69427e-06
 1.69209e-06
 1.69262e-06
 1.69464e-06
 1.69926e-06
 1.70145e-06
 1.70133e-06
 1.69991e-06
 1.69854e-06
 1.69844e-06
 1.69888e-06
 1.69705e-06
 1.68700e-06
 1.65927e-06
 1.60177e-06
 1.50253e-06
 1.35457e-06
 1.20410e-06
 1.12772e-06
 1.09045e-06
 1.07427e-06
 1.06826e-06
 1.06672e-06
 1.06670e-06
 1.06701e-06
 1.06731e-06
 1.06752e-06
 1.06769e-06
 1.06768e-06
 1.06653e-06
 1.05855e-06
 1.01967e-06
 8.88917e-07
 6.53760e-07
 5.28308e-07
 5.03449e-07
 5.00372e-07
 5.00040e-07
 5.00004e-07
 5.00000e-07
 5.00000e-07
 5.00000e-07
 5.00000e-07
 5.00000e-07
 5.00000e-07
 5.00000e-07
 5.00000e-07
 5.00000e-07
 4.00000e-06
 4.00000e-06
 4.00000e-06
 4.00000e-06
 4.00000e-06
 4.00000e-06
 4.00000e-06
 4.00000e-06
 4.00000e-06
 4.00000e-06
 4.00000e-06
 4.00000e-06
 4.00000e-06
 4.00000e-06
 4.00000e-06
 4.00000e-06
 4.00000e-06
 4.00000e-06
 3.99999e-06
 3.99993e-06
 3.99969e-06
 3.99880e-06
 3.99582e-06
 3.98738e-06
 3.96723e-06
 3.92754e-06
 3.86342e-06
 3.77682e-06
 3.67470e-06
 3.56404e-06
 3.44956e-06
 3.33393e-06
 3.21881e-06
 3.10522e-06
 2.99359e-06
 2.88401e-06
 2.77636e-06
 2.67090e-06
 2.57228e-06
 2.47849e-06
 2.38745e-06
 2.29868e-06
 2.21668e-06
 2.13540e-06
 2.05660e-06
 1.98561e-06
 1.91593e-06
 1.85501e-06
 1.79498e-06
 1.74688e-06
 1.72916e-06
 1.71048e-06
 1.69427e-06
 1.69209e-06
 1.69262e-06
 1.69464e-06
 1.69926e-06
 1.70145e-06
 1.70133e-06
 1.69991e-06
 1.69854e-06
 1.69844e-06
 1.69888e-06
 1.69705e-06
 1.68700e-06
 1.65927e-06
 1.60177e-06
 1.50253e-06
 1.35457e-06
 1.20410e-06
 1.12772e-06
 1.09045e-06
 1.07427e-06
 1.06826e-06
 1.06672e-06
 1.06670e-06
 1.06701e-06
 1.06731e-06
 1.06752e-06
 1.06769e-06
 1.06768e-06
 1.06653e-06
 1.05855e-06
 1.01967e-06
 8.88917e-07
 6.53760e-07
 5.28308e-07
 5.03449e-07
 5.00372e-07
 5.00040e-07
 5.00004e-07
 5.00000e-07
 5.00000e-07
 5.00000e-07
 5.00000e-07
 5.00000e-07
 5.00000e-07
 5.00000e-07
 5.00000e-07
 5.00000e-07
 4.00000e-06
 4.00000e-06
 4.00000e-06
 4.00000e-06
 4.00000e-06
 4.00000e-06
 4.00000e-06
 4.00000e-06
 4.00000e-06
 4.00000e-06
 4.00000e-06
 4.00000e-06
 4.00000e-06
 4.00000e-06
 4.00000e-06
 4.00000e-06
 4.00000e-06
 4.00000e-06
 3.99999e-06
 3.99993e-06
 3.99969e-06
 3.99880e-06
 3.99582e-06
 3.98738e-06
 3.96723e-06
 3.92754e-06
 3.86342e-06
 3.77682e-06
 3.67470e-06
 3.56404e-06
 3.44956e-06
 3.33393e-06
 3.21881e-06
 3.10522e-06
 2.99359e-06
 2.88401e-06
 2.77636e-06
 2.67090e-06
 2.57228e-06
 2.47849e-06
 2.38745e-06
 2.29868e-06
 2.21668e-06
 2.13540e-06
 2.05660e-06
 1.98561e-06
 1.91593e-06
 1.85501e-06
 1.79498e-06
 1.74688e-06
 1.72916e-06
 1.71048e-06
 1.69427e-06
 1.69209e-06
 1.69262e-06
 1.69464e-06
 1.69926e-06
 1.70145e-06
 1.70133e-06
 1.69991e-06
 1.69854e-06
 1.69844e-06
 1.69888e-06
 1.69705e-06
 1.68700e-06
 1.65927e-06
 1.60177e-06
 1.50253e-06
 1.35457e-06
 1.20410e-06
 1.12772e-06
 1.09045e-06
 1.07427e-06
 1.06826e-06
 1.06672e-06
 1.06670e-06
 1.06701e-06
 1.06731e-06
 1.06752e-06
 1.06769e-06
 1.06768e-06
 1.06653e-06
 1.05855e-06
 1.01967e-06
 8.88917e-07
 6.53760e-07
 5.28308e-07
 5.03449e-07
 5.00372e-07
 5.00040e-07
 5.00004e-07
 5.00000e-07
 5.00000e-07
 5.00000e-07
 5.00000e-07
 5.00000e-07
 5.00000e-07
 5.00000e-07
 5.00000e-07
 5.00000e-07
 4.00000e-06
 4.00000e-06
 4.00000e-06
 4.00000e-06
 4.00000e-06
 4.00000e-06
 4.00000e-06
 4.00000e-06
 4.00000e-06
 4.00000e-06
 4.00000e-06
 4.00000e-06
 4.00000e-06
 4.00000e-06
 4.00000e-06
 4.00000e-06
 4.00000e-06
 4.00000e-06
 3.99999e-06
 3.99993e-06
 3.99969e-06
 3.99880e-06
 3.99582e-06
 3.98738e-06
 3.96723e-06
 3.92754e-06
 3.86342e-06
 3.77682e-06
 3.67470e-06
 3.56404e-06
 3.44956e-06
 3.33393e-06
 3.21881e-06
 3.10522e-06
 2.99359e-06
 2.88401e-06
 2.77636e-06
 2.67090e-06
 2.57228e-06
 2.47849e-06
 2.38745e-06
 2.29868e-06
 2.21668e-06
 2.13540e-06
 2.05660e-06
 1.98561e-06
 1.91593e-06
 1.85501e-06
 1.79498e-06
 1.74688e-06
 1.72916e-06
 1.71048e-06
 1.69427e-06
 1.69209e-06
 1.69262e-06
 1.69464e-06
 1.69926e-06
 1.70145e-06
 1.70133e-06
 1.69991e-06
 1.69854e-06
 1.69844e-06
 1.69888e-06
 1.69705e-06
 1.68700e-06
 1.65927e-06
 1.60177e-06
 1.50253e-06
 1.35457e-06
 1.20410e-06
 1.12772e-06
 1.09045e-06
 1.07427e-06
 1.06826e-06
 1.06672e-06
 1.06670e-06
 1.06701e-06
 1.06731e-06
 1.06752e-06
 1.06769e-06
 1.06768e-06
 1.06653e-06
 1.05855e-06
 1.01967e-06
 8.88917e-07
 6.53760e-07
 5.28308e-07
 5.03449e-07
 5.00372e-07
 5.00040e-07
 5.00004e-07
 5.00000e-07
 5.00000e-07
 5.00000e-07
 5.00000e-07
 5.00000e-07
 5.00000e-07
 5.00000e-07
 5.00000e-07
 5.00000e-07
 4.00000e-06
 4.00000e-06
 4.00000e-06
 4.00000e-06
 4.00000e-06
 4.00000e-06
 4.00000e-06
 4.00000e-06
 4.00000e-06
 4.00000e-06
 4.00000e-06
 4.00000e-06
 4.00000e-06
 4.00000e-06
 4.00000e-06
 4.00000e-06
 4.00000e-06
 4.00000e-06
 3.99999e-06
 3.99993e-06
 3.99969e-06
 3.99880e-06
 3.99582e-06
 3.98738e-06
 3.96723e-06
 3.92754e-06
 3.86342e-06
 3.77682e-06
 3.67470e-06
 3.56404e-06
 3.44956e-06
 3.33393e-06
 3.21881e-06
 3.10522e-06
 2.99359e-06
 2.88401e-06
 2.77636e-06
 2.67090e-06
 2.57228e-06
 2.47849e-06
 2.38745e-06
 2.29868e-06
 2.21668e-06
 2.13540e-06
 2.05660e-06
 1.98561e-06
 1.91593e-06
 1.85501e-06
 1.79498e-06
 1.74688e-06
 1.72916e-06
 1.71048e-06
 1.69427e-06
 1.69209e-06
 1.69262e-06
 1.69464e-06
 1.69926e-06
 1.70145e-06
 1.70133e-06
 1.69991e-06
 1.69854e-06
 1.69844e-06
 1.69888e-06
 1.69705e-06
 1.68700e-06
 1.65927e-06
 1.60177e-06
 1.50253e-06
 1.35457e-06
 1.20410e-06
 1.12772e-06
 1.09045e-06
 1.07427e-06
 1.06826e-06
 1.06672e-06
 1.06670e-06
 1.06701e-06
 1.06731e-06
 1.06752e-06
 1.06769e-06
 1.06768e-06
 1.06653e-06
 1.05855e-06
 1.01967e-06
 8.88917e-07
 6.53760e-07
 5.28308e-07
 5.03449e-07
 5.00372e-07
 5.00040e-07
 5.00004e-07
 5.00000e-07
 5.00000e-07
 5.00000e-07
 5.00000e-07
 5.00000e-07
 5.00000e-07
 5.00000e-07
 5.00000e-07
 5.00000e-07
 4.00000e-06
 4.00000e-06
 4.00000e-06
 4.00000e-06
 4.00000e-06
 4.00000e-06
 4.00000e-06
 4.00000e-06
 4.00000e-06
 4.00000e-06
 4.00000e-06
 4.00000e-06
 4.00000e-06
 4.00000e-06
 4.00000e-06
 4.00000e-06
 4.00000e-06
 4.00000e-06
 3.99999e-06
 3.99993e-06
 3.99969e-06
 3.99880e-06
 3.99582e-06
 3.98738e-06
 3.96723e-06
 3.92754e-06
 3.86342e-06
 3.77682e-06
 3.67470e-06
 3.56404e-06
 3.44956e-06
 3.33393e-06
 3.21881e-06
 3.10522e-06
 2.99359e-06
 2.88401e-06
 2.77636e-06
 2.67090e-06
 2.57228e-06
 2.47849e-06
 2.38745e-06
 2.29868e-06
 2.21668e-06
 2.13540e-06
 2.05660e-06
 1.98561e-06
 1.91593e-06
 1.85501e-06
 1.79498e-06
 1.74688e-06
 1.72916e-06
 1.71048e-06
 1.69427e-06
 1.69209e-06
 1.69262e-06
 1.69464e-06
 1.69926e-06
 1.70145e-06
 1.70133e-06
 1.69991e-06
 1.69854e-06
 1.69844e-06
 1.69888e-06
 1.69705e-06
 1.68700e-06
 1.65927e-06
 1.60177e-06
 1.50253e-06
 1.35457e-06
 1.20410e-06
 1.12772e-06
 1.09045e-06
 1.07427e-06
 1.06826e-06
 1.06672e-06
 1.06670e-06
 1.06701e-06
 1.06731e-06
 1.06752e-06
 1.06769e-06
 1.06768e-06
 1.06653e-06
 1.05855e-06
 1.01967e-06
 8.88917e-07
 6.53760e-07
 5.28308e-07
 5.03449e-07
 5.00372e-07
 5.00040e-07
 5.00004e-07
 5.00000e-07
 5.00000e-07
 5.00000e-07
 5.00000e-07
 5.00000e-07
 5.00000e-07
 5.00000e-07
 5.00000e-07
 5.00000e-07
 4.00000e-06
 4.00000e-06
 4.00000e-06
 4.00000e-06
 4.00000e-06
 4.00000e-06
 4.00000e-06
 4.00000e-06
 4.00000e-06
 4.00000e-06
 4.00000e-06
 4.00000e-06
 4.00000e-06
 4.00000e-06
 4.00000e-06
 4.00000e-06
 4.00000e-06
 4.00000e-06
 3.99999e-06
 3.99993e-06
 3.99969e-06
 3.99880e-06
 3.99582e-06
 3.98738e-06
 3.96723e-06
 3.92754e-06
 3.86342e-06
 3.77682e-06
 3.67470e-06
 3.56404e-06
 3.44956e-06
 3.33393e-06
 3.21881e-06
 3.10522e-06
 2.99359e-06
 2.88401e-06
 2.77636e-06
 2.67090e-06
 2.57228e-06
 2.47849e-06
 2.38745e-06
 2.29868e-06
 2.21668e-06
 2.13540e-06
 2.05660e-06
 1.98561e-06
 1.91593e-06
 1.85501e-06
 1.79498e-06
 1.74688e-06
 1.72916e-06
 1.71048e-06
 1.69427e-06
 1.69209e-06
 1.69262e-06
 1.69464e-06
 1.69926e-06
 1.70145e-06
 1.70133e-06
 1.69991e-06
 1.69854e-06
 1.69844e-06
 1.69888e-06
 1.69705e-06
 1.68700e-06
 1.65927e-06
 1.60177e-06
 1.50253e-06
 1.35457e-06
 1.20410e-06
 1.12772e-06
 1.09045e-06
 1.07427e-06
 1.06826e-06
 1.06672e-06
 1.06670e-06
 1.06701e-06
 1.06731e-06
 1.06752e-06
 1.06769e-06
 1.06768e-06
 1.06653e-06
 1.05855e-06
 1.01967e-06
 8.88917e-07
 6.53760e-07
 5.28308e-07
 5.03449e-07
 5.00372e-07
 5.00040e-07
 5.00004e-07
 5.00000e-07
 5.00000e-07
 5.00000e-07
 5.00000e-07
 5.00000e-07
 5.00000e-07
 5.00000e-07
 5.00000e-07
 5.00000e-07
 4.00000e-06
 4.00000e-06
 4.00000e-06
 4.00000e-06
 4.00000e-06
 4.00000e-06
 4.00000e-06
 4.00000e-06
 4.00000e-06
 4.00000e-06
 4.00000e-06
 4.00000e-06
 4.00000e-06
 4.00000e-06
 4.00000e-06
 4.00000e-06
 4.00000e-06
 4.00000e-06
 3.99999e-06
 3.99993e-06
 3.99969e-06
 3.99880e-06
 3.99582e-06
 3.98738e-06
 3.96723e-06
 3.92754e-06
 3.86342e-06
 3.77682e-06
 3.67470e-06
 3.56404e-06
 3.44956e-06
 3.33393e-06
 3.21881e-06
 3.10522e-06
 2.99359e-06
 2.88401e-06
 2.77636e-06
 2.67090e-06
 2.57228e-06
 2.47849e-06
 2.38745e-06
 2.29868e-06
 2.21668e-06
 2.13540e-06
 2.05660e-06
 1.98561e-06
 1.91593e-06
 1.85501e-06
 1.79498e-06
 1.74688e-06
 1.72916e-06
 1.71048e-06
 1.69427e-06
 1.69209e-06
 1.69262e-06
 1.69464e-06
 1.69926e-06
 1.70145e-06
 1.70133e-06
 1.69991e-06
 1.69854e-06
 1.69844e-06
 1.69888e-06
 1.69705e-06
 1.68700e-06
 1.65927e-06
 1.60177e-06
 1.50253e-06
 1.35457e-06
 1.20410e-06
 1.12772e-06
 1.09045e-06
 1.07427e-06
 1.06826e-06
 1.06672e-06
 1.06670e-06
 1.06701e-06
 1.06731e-06
 1.06752e-06
 1.06769e-06
 1.06768e-06
 1.06653e-06
 1.05855e-06
 1.01967e-06
 8.88917e-07
 6.53760e-07
 5.28308e-07
 5.03449e-07
 5.00372e-07
 5.00040e-07
 5.00004e-07
 5.00000e-07
 5.00000e-07
 5.00000e-07
 5.00000e-07
 5.00000e-07
 5.00000e-07
 5.00000e-07
 5.00000e-07
 5.00000e-07
 4.00000e-06
 4.00000e-06
 4.00000e-06
 4.00000e-06
 4.00000e-06
 4.00000e-06
 4.00000e-06
 4.00000e-06
 4.00000e-06
 4.00000e-06
 4.00000e-06
 4.00000e-06
 4.00000e-06
 4.00000e-06
 4.00000e-06
 4.00000e-06
 4.00000e-06
 4.00000e-06
 3.99999e-06
 3.99993e-06
 3.99969e-06
 3.99880e-06
 3.99582e-06
 3.98738e-06
 3.96723e-06
 3.92754e-06
 3.86342e-06
 3.77682e-06
 3.67470e-06
 3.56404e-06
 3.44956e-06
 3.33393e-06
 3.21881e-06
 3.10522e-06
 2.99359e-06
 2.88401e-06
 2.77636e-06
 2.67090e-06
 2.57228e-06
 2.47849e-06
 2.38745e-06
 2.29868e-06
 2.21668e-06
 2.13540e-06
 2.05660e-06
 1.98561e-06
 1.91593e-06
 1.85501e-06
 1.79498e-06
 1.74688e-06
 1.72916e-06
 1.71048e-06
 1.69427e-06
 1.69209e-06
 1.69262e-06
 1.69464e-06
 1.69926e-06
 1.70145e-06
 1.70133e-06
 1.69991e-06
 1.69854e-06
 1.69844e-06
 1.69888e-06
 1.69705e-06
 1.68700e-06
 1.65927e-06
 1.60177e-06
 1.50253e-06
 1.35457e-06
 1.20410e-06
 1.12772e-06
 1.09045e-06
 1.07427e-06
 1.06826e-06
 1.06672e-06
 1.06670e-06
 1.06701e-06
 1.06731e-06
 1.06752e-06
 1.06769e-06
 1.06768e-06
 1.06653e-06
 1.05855e-06
 1.01967e-06
 8.88917e-07
 6.53760e-07
 5.28308e-07
 5.03449e-07
 5.00372e-07
 5.00040e-07
 5.00004e-07
 5.00000e-07
 5.00000e-07
 5.00000e-07
 5.00000e-07
 5.00000e-07
 5.00000e-07
 5.00000e-07
 5.00000e-07
 5.00000e-07
 4.00000e-06
 4.00000e-06
 4.00000e-06
 4.00000e-06
 4.00000e-06
 4.00000e-06
 4.00000e-06
 4.00000e-06
 4.00000e-06
 4.00000e-06
 4.00000e-06
 4.00000e-06
 4.00000e-06
 4.00000e-06
 4.00000e-06
 4.00000e-06
 4.00000e-06
 4.00000e-06
 3.99999e-06
 3.99993e-06
 3.99969e-06
 3.99880e-06
 3.99582e-06
 3.98738e-06
 3.96723e-06
 3.92754e-06
 3.86342e-06
 3.77682e-06
 3.67470e-06
 3.56404e-06
 3.44956e-06
 3.33393e-06
 3.21881e-06
 3.10522e-06
 2.99359e-06
 2.88401e-06
 2.77636e-06
 2.67090e-06
 2.57228e-06
 2.47849e-06
 2.38745e-06
 2.29868e-06
 2.21668e-06
 2.13540e-06
 2.05660e-06
 1.98561e-06
 1.91593e-06
 1.85501e-06
 1.79498e-06
 1.74688e-06
 1.72916e-06
 1.71048e-06
 1.69427e-06
 1.69209e-06
 1.69262e-06
 1.69464e-06
 1.69926e-06
 1.70145e-06
 1.70133e-06
 1.69991e-06
 1.69854e-06
 1.69844e-06
 1.69888e-06
 1.69705e-06
 1.68700e-06
 1.65927e-06
 1.60177e-06
 1.50253e-06
 1.35457e-06
 1.20410e-06
 1.12772e-06
 1.09045e-06
 1.07427e-06
 1.06826e-06
 1.06672e-06
 1.06670e-06
 1.06701e-06
 1.06731e-06
 1.06752e-06
 1.06769e-06
 1.06768e-06
 1.06653e-06
 1.05855e-06
 1.01967e-06
 8.88917e-07
 6.53760e-07
 5.28308e-07
 5.03449e-07
 5.00372e-07
 5.00040e-07
 5.00004e-07
 5.00000e-07
 5.00000e-07
 5.00000e-07
 5.00000e-07
 5.00000e-07
 5.00000e-07
 5.00000e-07
 5.00000e-07
 5.00000e-07
 4.00000e-06
 4.00000e-06
 4.00000e-06
 4.00000e-06
 4.00000e-06
 4.00000e-06
 4.00000e-06
 4.00000e-06
 4.00000e-06
 4.00000e-06
 4.00000e-06
 4.00000e-06
 4.00000e-06
 4.00000e-06
 4.00000e-06
 4.00000e-06
 4.00000e-06
 4.00000e-06
 3.99999e-06
 3.99993e-06
 3.99969e-06
 3.99880e-06
 3.99582e-06
 3.98738e-06
 3.96723e-06
 3.92754e-06
 3.86342e-06
 3.77682e-06
 3.67470e-06
 3.56404e-06
 3.44956e-06
 3.33393e-06
 3.21881e-06
 3.10522e-06
 2.99359e-06
 2.88401e-06
 2.77636e-06
 2.67090e-06
 2.57228e-06
 2.47849e-06
 2.38745e-06
 2.29868e-06
 2.21668e-06
 2.13540e-06
 2.05660e-06
 1.98561e-06
 1.91593e-06
 1.85501e-06
 1.79498e-06
 1.74688e-06
 1.72916e-06
 1.71048e-06
 1.69427e-06
 1.69209e-06
 1.69262e-06
 1.69464e-06
 1.69926e-06
 1.70145e-06
 1.70133e-06
 1.69991e-06
 1.69854e-06
 1.69844e-06
 1.69888e-06
 1.69705e-06
 1.68700e-06
 1.65927e-06
 1.60177e-06
 1.50253e-06
 1.35457e-06
 1.20410e-06
 1.12772e-06
 1.09045e-06
 1.07427e-06
 1.06826e-06
 1.06672e-06
 1.06670e-06
 1.06701e-06
 1.06731e-06
 1.06752e-06
 1.06769e-06
 1.06768e-06
 1.06653e-06
 1.05855e-06
 1.01967e-06
 8.88917e-07
 6.53760e-07
 5.28308e-07
 5.03449e-07
 5.00372e-07
 5.00040e-07
 5.00004e-07
 5.00000e-07
 5.00000e-07
 5.00000e-07
 5.00000e-07
 5.00000e-07
 5.00000e-07
 5.00000e-07
 5.00000e-07
 5.00000e-07
 4.00000e-06
 4.00000e-06
 4.00000e-06
 4.00000e-06
 4.00000e-06
 4.00000e-06
 4.00000e-06
 4.00000e-06
 4.00000e-06
 4.00000e-06
 4.00000e-06
 4.00000e-06
 4.00000e-06
 4.00000e-06
 4.00000e-06
 4.00000e-06
 4.00000e-06
 4.00000e-06
 3.99999e-06
 3.99993e-06
 3.99969e-06
 3.99880e-06
 3.99582e-06
 3.98738e-06
 3.96723e-06
 3.92754e-06
 3.86342e-06
 3.77682e-06
 3.67470e-06
 3.56404e-06
 3.44956e-06
 3.33393e-06
 3.21881e-06
 3.10522e-06
 2.99359e-06
 2.88401e-06
 2.77636e-06
 2.67090e-06
 2.57228e-06
 2.47849e-06
 2.38745e-06
 2.29868e-06
 2.21668e-06
 2.13540e-06
 2.05660e-06
 1.98561e-06
 1.91593e-06
 1.85501e-06
 1.79498e-06
 1.74688e-06
 1.72916e-06
 1.71048e-06
 1.69427e-06
 1.69209e-06
 1.69262e-06
 1.69464e-06
 1.69926e-06
 1.70145e-06
 1.70133e-06
 1.69991e-06
 1.69854e-06
 1.69844e-06
 1.69888e-06
 1.69705e-06
 1.68700e-06
 1.65927e-06
 1.60177e-06
 1.50253e-06
 1.35457e-06
 1.20410e-06
 1.12772e-06
 1.09045e-06
 1.07427e-06
 1.06826e-06
 1.06672e-06
 1.06670e-06
 1.06701e-06
 1.06731e-06
 1.06752e-06
 1.06769e-06
 1.06768e-06
 1.06653e-06
 1.05855e-06
 1.01967e-06
 8.88917e-07
 6.53760e-07
 5.28308e-07
 5.03449e-07
 5.00372e-07
 5.00040e-07
 5.00004e-07
 5.00000e-07
 5.00000e-07
 5.00000e-07
 5.00000e-07
 5.00000e-07
 5.00000e-07
 5.00000e-07
 5.00000e-07
 5.00000e-07
 4.00000e-06
 4.00000e-06
 4.00000e-06
 4.00000e-06
 4.00000e-06
 4.00000e-06
 4.00000e-06
 4.00000e-06
 4.00000e-06
 4.00000e-06
 4.00000e-06
 4.00000e-06
 4.00000e-06
 4.00000e-06
 4.00000e-06
 4.00000e-06
 4.00000e-06
 4.00000e-06
 3.99999e-06
 3.99993e-06
 3.99969e-06
 3.99880e-06
 3.99582e-06
 3.98738e-06
 3.96723e-06
 3.92754e-06
 3.86342e-06
 3.77682e-06
 3.67470e-06
 3.56404e-06
 3.44956e-06
 3.33393e-06
 3.21881e-06
 3.10522e-06
 2.99359e-06
 2.88401e-06
 2.77636e-06
 2.67090e-06
 2.57228e-06
 2.47849e-06
 2.38745e-06
 2.29868e-06
 2.21668e-06
 2.13540e-06
 2.05660e-06
 1.98561e-06
 1.91593e-06
 1.85501e-06
 1.79498e-06
 1.74688e-06
 1.72916e-06
 1.71048e-06
 1.69427e-06
 1.69209e-06
 1.69262e-06
 1.69464e-06
 1.69926e-06
 1.70145e-06
 1.70133e-06
 1.69991e-06
 1.69854e-06
 1.69844e-06
 1.69888e-06
 1.69705e-06
 1.68700e-06
 1.65927e-06
 1.60177e-06
 1.50253e-06
 1.35457e-06
 1.20410e-06
 1.12772e-06
 1.09045e-06
 1.07427e-06
 1.06826e-06
 1.06672e-06
 1.06670e-06
 1.06701e-06
 1.06731e-06
 1.06752e-06
 1.06769e-06
 1.06768e-06
 1.06653e-06
 1.05855e-06
 1.01967e-06
 8.88917e-07
 6.53760e-07
 5.28308e-07
 5.03449e-07
 5.00372e-07
 5.00040e-07
 5.00004e-07
 5.00000e-07
 5.00000e-07
 5.00000e-07
 5.00000e-07
 5.00000e-07
 5.00000e-07
 5.00000e-07
 5.00000e-07
 5.00000e-07
 4.00000e-06
 4.00000e-06
 4.00000e-06
 4.00000e-06
 4.00000e-06
 4.00000e-06
 4.00000e-06
 4.00000e-06
 4.00000e-06
 4.00000e-06
 4.00000e-06
 4.00000e-06
 4.00000e-06
 4.00000e-06
 4.00000e-06
 4.00000e-06
 4.00000e-06
 4.00000e-06
 3.99999e-06
 3.99993e-06
 3.99969e-06
 3.99880e-06
 3.99582e-06
 3.98738e-06
 3.96723e-06
 3.92754e-06
 3.86342e-06
 3.77682e-06
 3.67470e-06
 3.56404e-06
 3.44956e-06
 3.33393e-06
 3.21881e-06
 3.10522e-06
 2.99359e-06
 2.88401e-06
 2.77636e-06
 2.67090e-06
 2.57228e-06
 2.47849e-06
 2.38745e-06
 2.29868e-06
 2.21668e-06
 2.13540e-06
 2.05660e-06
 1.98561e-06
 1.91593e-06
 1.85501e-06
 1.79498e-06
 1.74688e-06
 1.72916e-06
 1.71048e-06
 1.69427e-06
 1.69209e-06
 1.69262e-06
 1.69464e-06
 1.69926e-06
 1.70145e-06
 1.70133e-06
 1.69991e-06
 1.69854e-06
 1.69844e-06
 1.69888e-06
 1.69705e-06
 1.68700e-06
 1.65927e-06
 1.60177e-06
 1.50253e-06
 1.35457e-06
 1.20410e-06
 1.12772e-06
 1.09045e-06
 1.07427e-06
 1.06826e-06
 1.06672e-06
 1.06670e-06
 1.06701e-06
 1.06731e-06
 1.06752e-06
 1.06769e-06
 1.06768e-06
 1.06653e-06
 1.05855e-06
 1.01967e-06
 8.88917e-07
 6.53760e-07
 5.28308e-07
 5.03449e-07
 5.00372e-07
 5.00040e-07
 5.00004e-07
 5.00000e-07
 5.00000e-07
 5.00000e-07
 5.00000e-07
 5.00000e-07
 5.00000e-07
 5.00000e-07
 5.00000e-07
 5.00000e-07
