Density
part
         1
hexa8
 1.00000e+00
 1.00000e+00
 1.00000e+00
 1.00000e+00
 1.00000e+00
 1.00000e+00
 1.00000e+00
 1.00000e+00
 1.00000e+00
 1.00000e+00
 1.00000e+00
 1.00000e+00
 1.00000e+00
 1.00000e+00
 1.00000e+00
 1.00000e+00
 1.00000e+00
 1.00000e+00
 9.99997e-01
 9.99986e-01
 9.99937e-01
 9.99741e-01
 9.99068e-01
 9.97091e-01
 9.92241e-01
 1.00000e+00
 1.00000e+00
 1.00000e+00
 1.00000e+00
 1.00000e+00
 1.00000e+00
 1.00000e+00
 1.00000e+00
 1.00000e+00
 1.00000e+00
 1.00000e+00
 1.00000e+00
 1.00000e+00
 1.00000e+00
 1.00000e+00
 1.00000e+00
 1.00000e+00
 1.00000e+00
 9.99997e-01
 9.99986e-01
 9.99937e-01
 9.99741e-01
 9.99068e-01
 9.97091e-01
 9.92241e-01
 1.00000e+00
 1.00000e+00
 1.00000e+00
 1.00000e+00
 1.00000e+00
 1.00000e+00
 1.00000e+00
 1.00000e+00
 1.00000e+00
 1.00000e+00
 1.00000e+00
 1.00000e+00
 1.00000e+00
 1.00000e+00
 1.00000e+00
 1.00000e+00
 1.00000e+00
 1.00000e+00
 9.99997e-01
 9.99986e-01
 9.99937e-01
 9.99741e-01
 9.99068e-01
 9.97091e-01
 9.92241e-01
 1.00000e+00
 1.00000e+00
 1.00000e+00
 1.00000e+00
 1.00000e+00
 1.00000e+00
 1.00000e+00
 1.00000e+00
 1.00000e+00
 1.00000e+00
 1.00000e+00
 1.00000e+00
 1.00000e+00
 1.00000e+00
 1.00000e+00
 1.00000e+00
 1.00000e+00
 1.00000e+00
 9.99997e-01
 9.99986e-01
 9.99937e-01
 9.99741e-01
 9.99068e-01
 9.97091e-01
 9.92241e-01
 1.00000e+00
 1.00000e+00
 1.00000e+00
 1.00000e+00
 1.00000e+00
 1.00000e+00
 1.00000e+00
 1.00000e+00
 1.00000e+00
 1.00000e+00
 1.00000e+00
 1.00000e+00
 1.00000e+00
 1.00000e+00
 1.00000e+00
 1.00000e+00
 1.00000e+00
 1.00000e+00
 9.99997e-01
 9.99986e-01
 9.99937e-01
 9.99741e-01
 9.99068e-01
 9.97091e-01
 9.92241e-01
 1.00000e+00
 1.00000e+00
 1.00000e+00
 1.00000e+00
 1.00000e+00
 1.00000e+00
 1.00000e+00
 1.00000e+00
 1.00000e+00
 1.00000e+00
 1.00000e+00
 1.00000e+00
 1.00000e+00
 1.00000e+00
 1.00000e+00
 1.00000e+00
 1.00000e+00
 1.00000e+00
 9.99997e-01
 9.99986e-01
 9.99937e-01
 9.99741e-01
 9.99068e-01
 9.97091e-01
 9.92241e-01
 1.00000e+00
 1.00000e+00
 1.00000e+00
 1.00000e+00
 1.00000e+00
 1.00000e+00
 1.00000e+00
 1.00000e+00
 1.00000e+00
 1.00000e+00
 1.00000e+00
 1.00000e+00
 1.00000e+00
 1.00000e+00
 1.00000e+00
 1.00000e+00
 1.00000e+00
 1.00000e+00
 9.99997e-01
 9.99986e-01
 9.99937e-01
 9.99741e-01
 9.99068e-01
 9.97091e-01
 9.92241e-01
 1.00000e+00
 1.00000e+00
 1.00000e+00
 1.00000e+00
 1.00000e+00
 1.00000e+00
 1.00000e+00
 1.00000e+00
 1.00000e+00
 1.00000e+00
 1.00000e+00
 1.00000e+00
 1.00000e+00
 1.00000e+00
 1.00000e+00
 1.00000e+00
 1.00000e+00
 1.00000e+00
 9.99997e-01
 9.99986e-01
 9.99937e-01
 9.99741e-01
 9.99068e-01
 9.97091e-01
 9.92241e-01
 1.00000e+00
 1.00000e+00
 1.00000e+00
 1.00000e+00
 1.00000e+00
 1.00000e+00
 1.00000e+00
 1.00000e+00
 1.00000e+00
 1.00000e+00
 1.00000e+00
 1.00000e+00
 1.00000e+00
 1.00000e+00
 1.00000e+00
 1.00000e+00
 1.00000e+00
 1.00000e+00
 9.99997e-01
 9.99986e-01
 9.99937e-01
 9.99741e-01
 9.99068e-01
 9.97091e-01
 9.92241e-01
 1.00000e+00
 1.00000e+00
 1.00000e+00
 1.00000e+00
 1.00000e+00
 1.00000e+00
 1.00000e+00
 1.00000e+00
 1.00000e+00
 1.00000e+00
 1.00000e+00
 1.00000e+00
 1.00000e+00
 1.00000e+00
 1.00000e+00
 1.00000e+00
 1.00000e+00
 1.00000e+00
 9.99997e-01
 9.99986e-01
 9.99937e-01
 9.99741e-01
 9.99068e-01
 9.97091e-01
 9.92241e-01
 1.00000e+00
 1.00000e+00
 1.00000e+00
 1.00000e+00
 1.00000e+00
 1.00000e+00
 1.00000e+00
 1.00000e+00
 1.00000e+00
 1.00000e+00
 1.00000e+00
 1.00000e+00
 1.00000e+00
 1.00000e+00
 1.00000e+00
 1.00000e+00
 1.00000e+00
 1.00000e+00
 9.99997e-01
 9.99986e-01
 9.99937e-01
 9.99741e-01
 9.99068e-01
 9.97091e-01
 9.92241e-01
 1.00000e+00
 1.00000e+00
 1.00000e+00
 1.00000e+00
 1.00000e+00
 1.00000e+00
 1.00000e+00
 1.00000e+00
 1.00000e+00
 1.00000e+00
 1.00000e+00
 1.00000e+00
 1.00000e+00
 1.00000e+00
 1.00000e+00
 1.00000e+00
 1.00000e+00
 1.00000e+00
 9.99997e-01
 9.99986e-01
 9.99937e-01
 9.99741e-01
 9.99068e-01
 9.97091e-01
 9.92241e-01
 1.00000e+00
 1.00000e+00
 1.00000e+00
 1.00000e+00
 1.00000e+00
 1.00000e+00
 1.00000e+00
 1.00000e+00
 1.00000e+00
 1.00000e+00
 1.00000e+00
 1.00000e+00
 1.00000e+00
 1.00000e+00
 1.00000e+00
 1.00000e+00
 1.00000e+00
 1.00000e+00
 9.99997e-01
 9.99986e-01
 9.99937e-01
 9.99741e-01
 9.99068e-01
 9.97091e-01
 9.92241e-01
 1.00000e+00
 1.00000e+00
 1.00000e+00
 1.00000e+00
 1.00000e+00
 1.00000e+00
 1.00000e+00
 1.00000e+00
 1.00000e+00
 1.00000e+00
 1.00000e+00
 1.00000e+00
 1.00000e+00
 1.00000e+00
 1.00000e+00
 1.00000e+00
 1.00000e+00
 1.00000e+00
 9.99997e-01
 9.99986e-01
 9.99937e-01
 9.99741e-01
 9.99068e-01
 9.97091e-01
 9.92241e-01
 1.00000e+00
 1.00000e+00
 1.00000e+00
 1.00000e+00
 1.00000e+00
 1.00000e+00
 1.00000e+00
 1.00000e+00
 1.00000e+00
 1.00000e+00
 1.00000e+00
 1.00000e+00
 1.00000e+00
 1.00000e+00
 1.00000e+00
 1.00000e+00
 1.00000e+00
 1.00000e+00
 9.99997e-01
 9.99986e-01
 9.99937e-01
 9.99741e-01
 9.99068e-01
 9.97091e-01
 9.92241e-01
 1.00000e+00
 1.00000e+00
 1.00000e+00
 1.00000e+00
 1.00000e+00
 1.00000e+00
 1.00000e+00
 1.00000e+00
 1.00000e+00
 1.00000e+00
 1.00000e+00
 1.00000e+00
 1.00000e+00
 1.00000e+00
 1.00000e+00
 1.00000e+00
 1.00000e+00
 1.00000e+00
 9.99997e-01
 9.99986e-01
 9.99937e-01
 9.99741e-01
 9.99068e-01
 9.97091e-01
 9.92241e-01
 1.00000e+00
 1.00000e+00
 1.00000e+00
 1.00000e+00
 1.00000e+00
 1.00000e+00
 1.00000e+00
 1.00000e+00
 1.00000e+00
 1.00000e+00
 1.00000e+00
 1.00000e+00
 1.00000e+00
 1.00000e+00
 1.00000e+00
 1.00000e+00
 1.00000e+00
 1.00000e+00
 9.99997e-01
 9.99986e-01
 9.99937e-01
 9.99741e-01
 9.99068e-01
 9.97091e-01
 9.92241e-01
 1.00000e+00
 1.00000e+00
 1.00000e+00
 1.00000e+00
 1.00000e+00
 1.00000e+00
 1.00000e+00
 1.00000e+00
 1.00000e+00
 1.00000e+00
 1.00000e+00
 1.00000e+00
 1.00000e+00
 1.00000e+00
 1.00000e+00
 1.00000e+00
 1.00000e+00
 1.00000e+00
 9.99997e-01
 9.99986e-01
 9.99937e-01
 9.99741e-01
 9.99068e-01
 9.97091e-01
 9.92241e-01
 1.00000e+00
 1.00000e+00
 1.00000e+00
 1.00000e+00
 1.00000e+00
 1.00000e+00
 1.00000e+00
 1.00000e+00
 1.00000e+00
 1.00000e+00
 1.00000e+00
 1.00000e+00
 1.00000e+00
 1.00000e+00
 1.00000e+00
 1.00000e+00
 1.00000e+00
 1.00000e+00
 9.99997e-01
 9.99986e-01
 9.99937e-01
 9.99741e-01
 9.99068e-01
 9.97091e-01
 9.92241e-01
 1.00000e+00
 1.00000e+00
 1.00000e+00
 1.00000e+00
 1.00000e+00
 1.00000e+00
 1.00000e+00
 1.00000e+00
 1.00000e+00
 1.00000e+00
 1.00000e+00
 1.00000e+00
 1.00000e+00
 1.00000e+00
 1.00000e+00
 1.00000e+00
 1.00000e+00
 1.00000e+00
 9.99997e-01
 9.99986e-01
 9.99937e-01
 9.99741e-01
 9.99068e-01
 9.97091e-01
 9.92241e-01
 1.00000e+00
 1.00000e+00
 1.00000e+00
 1.00000e+00
 1.00000e+00
 1.00000e+00
 1.00000e+00
 1.00000e+00
 1.00000e+00
 1.00000e+00
 1.00000e+00
 1.00000e+00
 1.00000e+00
 1.00000e+00
 1.00000e+00
 1.00000e+00
 1.00000e+00
 1.00000e+00
 9.99997e-01
 9.99986e-01
 9.99937e-01
 9.99741e-01
 9.99068e-01
 9.97091e-01
 9.92241e-01
 1.00000e+00
 1.00000e+00
 1.00000e+00
 1.00000e+00
 1.00000e+00
 1.00000e+00
 1.00000e+00
 1.00000e+00
 1.00000e+00
 1.00000e+00
 1.00000e+00
 1.00000e+00
 1.00000e+00
 1.00000e+00
 1.00000e+00
 1.00000e+00
 1.00000e+00
 1.00000e+00
 9.99997e-01
 9.99986e-01
 9.99937e-01
 9.99741e-01
 9.99068e-01
 9.97091e-01
 9.92241e-01
 1.00000e+00
 1.00000e+00
 1.00000e+00
 1.00000e+00
 1.00000e+00
 1.00000e+00
 1.00000e+00
 1.00000e+00
 1.00000e+00
 1.00000e+00
 1.00000e+00
 1.00000e+00
 1.00000e+00
 1.00000e+00
 1.00000e+00
 1.00000e+00
 1.00000e+00
 1.00000e+00
 9.99997e-01
 9.99986e-01
 9.99937e-01
 9.99741e-01
 9.99068e-01
 9.97091e-01
 9.92241e-01
 1.00000e+00
 1.00000e+00
 1.00000e+00
 1.00000e+00
 1.00000e+00
 1.00000e+00
 1.00000e+00
 1.00000e+00
 1.00000e+00
 1.00000e+00
 1.00000e+00
 1.00000e+00
 1.00000e+00
 1.00000e+00
 1.00000e+00
 1.00000e+00
 1.00000e+00
 1.00000e+00
 9.99997e-01
 9.99986e-01
 9.99937e-01
 9.99741e-01
 9.99068e-01
 9.97091e-01
 9.92241e-01
 1.00000e+00
 1.00000e+00
 1.00000e+00
 1.00000e+00
 1.00000e+00
 1.00000e+00
 1.00000e+00
 1.00000e+00
 1.00000e+00
 1.00000e+00
 1.00000e+00
 1.00000e+00
 1.00000e+00
 1.00000e+00
 1.00000e+00
 1.00000e+00
 1.00000e+00
 1.00000e+00
 9.99997e-01
 9.99986e-01
 9.99937e-01
 9.99741e-01
 9.99068e-01
 9.97091e-01
 9.92241e-01
part
         2
hexa8
 9.82489e-01
 9.66512e-01
 9.44770e-01
 9.19053e-01
 8.91173e-01
 8.62357e-01
 8.33297e-01
 8.04364e-01
 7.75806e-01
 7.47722e-01
 7.20131e-01
 6.92992e-01
 6.66523e-01
 6.42340e-01
 6.18963e-01
 5.97134e-01
 5.76001e-01
 5.56122e-01
 5.37059e-01
 5.19137e-01
 5.02311e-01
 4.85949e-01
 4.70986e-01
 4.57833e-01
 4.46273e-01
 9.82489e-01
 9.66512e-01
 9.44770e-01
 9.19053e-01
 8.91173e-01
 8.62357e-01
 8.33297e-01
 8.04364e-01
 7.75806e-01
 7.47722e-01
 7.20131e-01
 6.92992e-01
 6.66523e-01
 6.42340e-01
 6.18963e-01
 5.97134e-01
 5.76001e-01
 5.56122e-01
 5.37059e-01
 5.19137e-01
 5.02311e-01
 4.85949e-01
 4.70986e-01
 4.57833e-01
 4.46273e-01
 9.82489e-01
 9.66512e-01
 9.44770e-01
 9.19053e-01
 8.91173e-01
 8.62357e-01
 8.33297e-01
 8.04364e-01
 7.75806e-01
 7.47722e-01
 7.20131e-01
 6.92992e-01
 6.66523e-01
 6.42340e-01
 6.18963e-01
 5.97134e-01
 5.76001e-01
 5.56122e-01
 5.37059e-01
 5.19137e-01
 5.02311e-01
 4.85949e-01
 4.70986e-01
 4.57833e-01
 4.46273e-01
 9.82489e-01
 9.66512e-01
 9.44770e-01
 9.19053e-01
 8.91173e-01
 8.62357e-01
 8.33297e-01
 8.04364e-01
 7.75806e-01
 7.47722e-01
 7.20131e-01
 6.92992e-01
 6.66523e-01
 6.42340e-01
 6.18963e-01
 5.97134e-01
 5.76001e-01
 5.56122e-01
 5.37059e-01
 5.19137e-01
 5.02311e-01
 4.85949e-01
 4.70986e-01
 4.57833e-01
 4.46273e-01
 9.82489e-01
 9.66512e-01
 9.44770e-01
 9.19053e-01
 8.91173e-01
 8.62357e-01
 8.33297e-01
 8.04364e-01
 7.75806e-01
 7.47722e-01
 7.20131e-01
 6.92992e-01
 6.66523e-01
 6.42340e-01
 6.18963e-01
 5.97134e-01
 5.76001e-01
 5.56122e-01
 5.37059e-01
 5.19137e-01
 5.02311e-01
 4.85949e-01
 4.70986e-01
 4.57833e-01
 4.46273e-01
 9.82489e-01
 9.66512e-01
 9.44770e-01
 9.19053e-01
 8.91173e-01
 8.62357e-01
 8.33297e-01
 8.04364e-01
 7.75806e-01
 7.47722e-01
 7.20131e-01
 6.92992e-01
 6.66523e-01
 6.42340e-01
 6.18963e-01
 5.97134e-01
 5.76001e-01
 5.56122e-01
 5.37059e-01
 5.19137e-01
 5.02311e-01
 4.85949e-01
 4.70986e-01
 4.57833e-01
 4.46273e-01
 9.82489e-01
 9.66512e-01
 9.44770e-01
 9.19053e-01
 8.91173e-01
 8.62357e-01
 8.33297e-01
 8.04364e-01
 7.75806e-01
 7.47722e-01
 7.20131e-01
 6.92992e-01
 6.66523e-01
 6.42340e-01
 6.18963e-01
 5.97134e-01
 5.76001e-01
 5.56122e-01
 5.37059e-01
 5.19137e-01
 5.02311e-01
 4.85949e-01
 4.70986e-01
 4.57833e-01
 4.46273e-01
 9.82489e-01
 9.66512e-01
 9.44770e-01
 9.19053e-01
 8.91173e-01
 8.62357e-01
 8.33297e-01
 8.04364e-01
 7.75806e-01
 7.47722e-01
 7.20131e-01
 6.92992e-01
 6.66523e-01
 6.42340e-01
 6.18963e-01
 5.97134e-01
 5.76001e-01
 5.56122e-01
 5.37059e-01
 5.19137e-01
 5.02311e-01
 4.85949e-01
 4.70986e-01
 4.57833e-01
 4.46273e-01
 9.82489e-01
 9.66512e-01
 9.44770e-01
 9.19053e-01
 8.91173e-01
 8.62357e-01
 8.33297e-01
 8.04364e-01
 7.75806e-01
 7.47722e-01
 7.20131e-01
 6.92992e-01
 6.66523e-01
 6.42340e-01
 6.18963e-01
 5.97134e-01
 5.76001e-01
 5.56122e-01
 5.37059e-01
 5.19137e-01
 5.02311e-01
 4.85949e-01
 4.70986e-01
 4.57833e-01
 4.46273e-01
 9.82489e-01
 9.66512e-01
 9.44770e-01
 9.19053e-01
 8.91173e-01
 8.62357e-01
 8.33297e-01
 8.04364e-01
 7.75806e-01
 7.47722e-01
 7.20131e-01
 6.92992e-01
 6.66523e-01
 6.42340e-01
 6.18963e-01
 5.97134e-01
 5.76001e-01
 5.56122e-01
 5.37059e-01
 5.19137e-01
 5.02311e-01
 4.85949e-01
 4.70986e-01
 4.57833e-01
 4.46273e-01
 9.82489e-01
 9.66512e-01
 9.44770e-01
 9.19053e-01
 8.91173e-01
 8.62357e-01
 8.33297e-01
 8.04364e-01
 7.75806e-01
 7.47722e-01
 7.20131e-01
 6.92992e-01
 6.66523e-01
 6.42340e-01
 6.18963e-01
 5.97134e-01
 5.76001e-01
 5.56122e-01
 5.37059e-01
 5.19137e-01
 5.02311e-01
 4.85949e-01
 4.70986e-01
 4.57833e-01
 4.46273e-01
 9.82489e-01
 9.66512e-01
 9.44770e-01
 9.19053e-01
 8.91173e-01
 8.62357e-01
 8.33297e-01
 8.04364e-01
 7.75806e-01
 7.47722e-01
 7.20131e-01
 6.92992e-01
 6.66523e-01
 6.42340e-01
 6.18963e-01
 5.97134e-01
 5.76001e-01
 5.56122e-01
 5.37059e-01
 5.19137e-01
 5.02311e-01
 4.85949e-01
 4.70986e-01
 4.57833e-01
 4.46273e-01
 9.82489e-01
 9.66512e-01
 9.44770e-01
 9.19053e-01
 8.91173e-01
 8.62357e-01
 8.33297e-01
 8.04364e-01
 7.75806e-01
 7.47722e-01
 7.20131e-01
 6.92992e-01
 6.66523e-01
 6.42340e-01
 6.18963e-01
 5.97134e-01
 5.76001e-01
 5.56122e-01
 5.37059e-01
 5.19137e-01
 5.02311e-01
 4.85949e-01
 4.70986e-01
 4.57833e-01
 4.46273e-01
 9.82489e-01
 9.66512e-01
 9.44770e-01
 9.19053e-01
 8.91173e-01
 8.62357e-01
 8.33297e-01
 8.04364e-01
 7.75806e-01
 7.47722e-01
 7.20131e-01
 6.92992e-01
 6.66523e-01
 6.42340e-01
 6.18963e-01
 5.97134e-01
 5.76001e-01
 5.56122e-01
 5.37059e-01
 5.19137e-01
 5.02311e-01
 4.85949e-01
 4.70986e-01
 4.57833e-01
 4.46273e-01
 9.82489e-01
 9.66512e-01
 9.44770e-01
 9.19053e-01
 8.91173e-01
 8.62357e-01
 8.33297e-01
 8.04364e-01
 7.75806e-01
 7.47722e-01
 7.20131e-01
 6.92992e-01
 6.66523e-01
 6.42340e-01
 6.18963e-01
 5.97134e-01
 5.76001e-01
 5.56122e-01
 5.37059e-01
 5.19137e-01
 5.02311e-01
 4.85949e-01
 4.70986e-01
 4.57833e-01
 4.46273e-01
 9.82489e-01
 9.66512e-01
 9.44770e-01
 9.19053e-01
 8.91173e-01
 8.62357e-01
 8.33297e-01
 8.04364e-01
 7.75806e-01
 7.47722e-01
 7.20131e-01
 6.92992e-01
 6.66523e-01
 6.42340e-01
 6.18963e-01
 5.97134e-01
 5.76001e-01
 5.56122e-01
 5.37059e-01
 5.19137e-01
 5.02311e-01
 4.85949e-01
 4.70986e-01
 4.57833e-01
 4.46273e-01
 9.82489e-01
 9.66512e-01
 9.44770e-01
 9.19053e-01
 8.91173e-01
 8.62357e-01
 8.33297e-01
 8.04364e-01
 7.75806e-01
 7.47722e-01
 7.20131e-01
 6.92992e-01
 6.66523e-01
 6.42340e-01
 6.18963e-01
 5.97134e-01
 5.76001e-01
 5.56122e-01
 5.37059e-01
 5.19137e-01
 5.02311e-01
 4.85949e-01
 4.70986e-01
 4.57833e-01
 4.46273e-01
 9.82489e-01
 9.66512e-01
 9.44770e-01
 9.19053e-01
 8.91173e-01
 8.62357e-01
 8.33297e-01
 8.04364e-01
 7.75806e-01
 7.47722e-01
 7.20131e-01
 6.92992e-01
 6.66523e-01
 6.42340e-01
 6.18963e-01
 5.97134e-01
 5.76001e-01
 5.56122e-01
 5.37059e-01
 5.19137e-01
 5.02311e-01
 4.85949e-01
 4.70986e-01
 4.57833e-01
 4.46273e-01
 9.82489e-01
 9.66512e-01
 9.44770e-01
 9.19053e-01
 8.91173e-01
 8.62357e-01
 8.33297e-01
 8.04364e-01
 7.75806e-01
 7.47722e-01
 7.20131e-01
 6.92992e-01
 6.66523e-01
 6.42340e-01
 6.18963e-01
 5.97134e-01
 5.76001e-01
 5.56122e-01
 5.37059e-01
 5.19137e-01
 5.02311e-01
 4.85949e-01
 4.70986e-01
 4.57833e-01
 4.46273e-01
 9.82489e-01
 9.66512e-01
 9.44770e-01
 9.19053e-01
 8.91173e-01
 8.62357e-01
 8.33297e-01
 8.04364e-01
 7.75806e-01
 7.47722e-01
 7.20131e-01
 6.92992e-01
 6.66523e-01
 6.42340e-01
 6.18963e-01
 5.97134e-01
 5.76001e-01
 5.56122e-01
 5.37059e-01
 5.19137e-01
 5.02311e-01
 4.85949e-01
 4.70986e-01
 4.57833e-01
 4.46273e-01
 9.82489e-01
 9.66512e-01
 9.44770e-01
 9.19053e-01
 8.91173e-01
 8.62357e-01
 8.33297e-01
 8.04364e-01
 7.75806e-01
 7.47722e-01
 7.20131e-01
 6.92992e-01
 6.66523e-01
 6.42340e-01
 6.18963e-01
 5.97134e-01
 5.76001e-01
 5.56122e-01
 5.37059e-01
 5.19137e-01
 5.02311e-01
 4.85949e-01
 4.70986e-01
 4.57833e-01
 4.46273e-01
 9.82489e-01
 9.66512e-01
 9.44770e-01
 9.19053e-01
 8.91173e-01
 8.62357e-01
 8.33297e-01
 8.04364e-01
 7.75806e-01
 7.47722e-01
 7.20131e-01
 6.92992e-01
 6.66523e-01
 6.42340e-01
 6.18963e-01
 5.97134e-01
 5.76001e-01
 5.56122e-01
 5.37059e-01
 5.19137e-01
 5.02311e-01
 4.85949e-01
 4.70986e-01
 4.57833e-01
 4.46273e-01
 9.82489e-01
 9.66512e-01
 9.44770e-01
 9.19053e-01
 8.91173e-01
 8.62357e-01
 8.33297e-01
 8.04364e-01
 7.75806e-01
 7.47722e-01
 7.20131e-01
 6.92992e-01
 6.66523e-01
 6.42340e-01
 6.18963e-01
 5.97134e-01
 5.76001e-01
 5.56122e-01
 5.37059e-01
 5.19137e-01
 5.02311e-01
 4.85949e-01
 4.70986e-01
 4.57833e-01
 4.46273e-01
 9.82489e-01
 9.66512e-01
 9.44770e-01
 9.19053e-01
 8.91173e-01
 8.62357e-01
 8.33297e-01
 8.04364e-01
 7.75806e-01
 7.47722e-01
 7.20131e-01
 6.92992e-01
 6.66523e-01
 6.42340e-01
 6.18963e-01
 5.97134e-01
 5.76001e-01
 5.56122e-01
 5.37059e-01
 5.19137e-01
 5.02311e-01
 4.85949e-01
 4.70986e-01
 4.57833e-01
 4.46273e-01
 9.82489e-01
 9.66512e-01
 9.44770e-01
 9.19053e-01
 8.91173e-01
 8.62357e-01
 8.33297e-01
 8.04364e-01
 7.75806e-01
 7.47722e-01
 7.20131e-01
 6.92992e-01
 6.66523e-01
 6.42340e-01
 6.18963e-01
 5.97134e-01
 5.76001e-01
 5.56122e-01
 5.37059e-01
 5.19137e-01
 5.02311e-01
 4.85949e-01
 4.70986e-01
 4.57833e-01
 4.46273e-01
part
         3
hexa8
 4.37283e-01
 4.31238e-01
 4.27520e-01
 4.25872e-01
 4.25201e-01
 4.24876e-01
 4.24890e-01
 4.25150e-01
 4.25651e-01
 4.26014e-01
 4.25967e-01
 4.25476e-01
 4.24381e-01
 4.22243e-01
 4.17719e-01
 4.08105e-01
 3.90459e-01
 3.62754e-01
 3.24674e-01
 2.94965e-01
 2.77827e-01
 2.68901e-01
 2.64859e-01
 2.63359e-01
 2.62980e-01
 4.37283e-01
 4.31238e-01
 4.27520e-01
 4.25872e-01
 4.25201e-01
 4.24876e-01
 4.24890e-01
 4.25150e-01
 4.25651e-01
 4.26014e-01
 4.25967e-01
 4.25476e-01
 4.24381e-01
 4.22243e-01
 4.17719e-01
 4.08105e-01
 3.90459e-01
 3.62754e-01
 3.24674e-01
 2.94965e-01
 2.77827e-01
 2.68901e-01
 2.64859e-01
 2.63359e-01
 2.62980e-01
 4.37283e-01
 4.31238e-01
 4.27520e-01
 4.25872e-01
 4.25201e-01
 4.24876e-01
 4.24890e-01
 4.25150e-01
 4.25651e-01
 4.26014e-01
 4.25967e-01
 4.25476e-01
 4.24381e-01
 4.22243e-01
 4.17719e-01
 4.08105e-01
 3.90459e-01
 3.62754e-01
 3.24674e-01
 2.94965e-01
 2.77827e-01
 2.68901e-01
 2.64859e-01
 2.63359e-01
 2.62980e-01
 4.37283e-01
 4.31238e-01
 4.27520e-01
 4.25872e-01
 4.25201e-01
 4.24876e-01
 4.24890e-01
 4.25150e-01
 4.25651e-01
 4.26014e-01
 4.25967e-01
 4.25476e-01
 4.24381e-01
 4.22243e-01
 4.17719e-01
 4.08105e-01
 3.90459e-01
 3.62754e-01
 3.24674e-01
 2.94965e-01
 2.77827e-01
 2.68901e-01
 2.64859e-01
 2.63359e-01
 2.62980e-01
 4.37283e-01
 4.31238e-01
 4.27520e-01
 4.25872e-01
 4.25201e-01
 4.24876e-01
 4.24890e-01
 4.25150e-01
 4.25651e-01
 4.26014e-01
 4.25967e-01
 4.25476e-01
 4.24381e-01
 4.22243e-01
 4.17719e-01
 4.08105e-01
 3.90459e-01
 3.62754e-01
 3.24674e-01
 2.94965e-01
 2.77827e-01
 2.68901e-01
 2.64859e-01
 2.63359e-01
 2.62980e-01
 4.37283e-01
 4.31238e-01
 4.27520e-01
 4.25872e-01
 4.25201e-01
 4.24876e-01
 4.24890e-01
 4.25150e-01
 4.25651e-01
 4.26014e-01
 4.25967e-01
 4.25476e-01
 4.24381e-01
 4.22243e-01
 4.17719e-01
 4.08105e-01
 3.90459e-01
 3.62754e-01
 3.24674e-01
 2.94965e-01
 2.77827e-01
 2.68901e-01
 2.64859e-01
 2.63359e-01
 2.62980e-01
 4.37283e-01
 4.31238e-01
 4.27520e-01
 4.25872e-01
 4.25201e-01
 4.24876e-01
 4.24890e-01
 4.25150e-01
 4.25651e-01
 4.26014e-01
 4.25967e-01
 4.25476e-01
 4.24381e-01
 4.22243e-01
 4.17719e-01
 4.08105e-01
 3.90459e-01
 3.62754e-01
 3.24674e-01
 2.94965e-01
 2.77827e-01
 2.68901e-01
 2.64859e-01
 2.63359e-01
 2.62980e-01
 4.37283e-01
 4.31238e-01
 4.27520e-01
 4.25872e-01
 4.25201e-01
 4.24876e-01
 4.24890e-01
 4.25150e-01
 4.25651e-01
 4.26014e-01
 4.25967e-01
 4.25476e-01
 4.24381e-01
 4.22243e-01
 4.17719e-01
 4.08105e-01
 3.90459e-01
 3.62754e-01
 3.24674e-01
 2.94965e-01
 2.77827e-01
 2.68901e-01
 2.64859e-01
 2.63359e-01
 2.62980e-01
 4.37283e-01
 4.31238e-01
 4.27520e-01
 4.25872e-01
 4.25201e-01
 4.24876e-01
 4.24890e-01
 4.25150e-01
 4.25651e-01
 4.26014e-01
 4.25967e-01
 4.25476e-01
 4.24381e-01
 4.22243e-01
 4.17719e-01
 4.08105e-01
 3.90459e-01
 3.62754e-01
 3.24674e-01
 2.94965e-01
 2.77827e-01
 2.68901e-01
 2.64859e-01
 2.63359e-01
 2.62980e-01
 4.37283e-01
 4.31238e-01
 4.27520e-01
 4.25872e-01
 4.25201e-01
 4.24876e-01
 4.24890e-01
 4.25150e-01
 4.25651e-01
 4.26014e-01
 4.25967e-01
 4.25476e-01
 4.24381e-01
 4.22243e-01
 4.17719e-01
 4.08105e-01
 3.90459e-01
 3.62754e-01
 3.24674e-01
 2.94965e-01
 2.77827e-01
 2.68901e-01
 2.64859e-01
 2.63359e-01
 2.62980e-01
 4.37283e-01
 4.31238e-01
 4.27520e-01
 4.25872e-01
 4.25201e-01
 4.24876e-01
 4.24890e-01
 4.25150e-01
 4.25651e-01
 4.26014e-01
 4.25967e-01
 4.25476e-01
 4.24381e-01
 4.22243e-01
 4.17719e-01
 4.08105e-01
 3.90459e-01
 3.62754e-01
 3.24674e-01
 2.94965e-01
 2.77827e-01
 2.68901e-01
 2.64859e-01
 2.63359e-01
 2.62980e-01
 4.37283e-01
 4.31238e-01
 4.27520e-01
 4.25872e-01
 4.25201e-01
 4.24876e-01
 4.24890e-01
 4.25150e-01
 4.25651e-01
 4.26014e-01
 4.25967e-01
 4.25476e-01
 4.24381e-01
 4.22243e-01
 4.17719e-01
 4.08105e-01
 3.90459e-01
 3.62754e-01
 3.24674e-01
 2.94965e-01
 2.77827e-01
 2.68901e-01
 2.64859e-01
 2.63359e-01
 2.62980e-01
 4.37283e-01
 4.31238e-01
 4.27520e-01
 4.25872e-01
 4.25201e-01
 4.24876e-01
 4.24890e-01
 4.25150e-01
 4.25651e-01
 4.26014e-01
 4.25967e-01
 4.25476e-01
 4.24381e-01
 4.22243e-01
 4.17719e-01
 4.08105e-01
 3.90459e-01
 3.62754e-01
 3.24674e-01
 2.94965e-01
 2.77827e-01
 2.68901e-01
 2.64859e-01
 2.63359e-01
 2.62980e-01
 4.37283e-01
 4.31238e-01
 4.27520e-01
 4.25872e-01
 4.25201e-01
 4.24876e-01
 4.24890e-01
 4.25150e-01
 4.25651e-01
 4.26014e-01
 4.25967e-01
 4.25476e-01
 4.24381e-01
 4.22243e-01
 4.17719e-01
 4.08105e-01
 3.90459e-01
 3.62754e-01
 3.24674e-01
 2.94965e-01
 2.77827e-01
 2.68901e-01
 2.64859e-01
 2.63359e-01
 2.62980e-01
 4.37283e-01
 4.31238e-01
 4.27520e-01
 4.25872e-01
 4.25201e-01
 4.24876e-01
 4.24890e-01
 4.25150e-01
 4.25651e-01
 4.26014e-01
 4.25967e-01
 4.25476e-01
 4.24381e-01
 4.22243e-01
 4.17719e-01
 4.08105e-01
 3.90459e-01
 3.62754e-01
 3.24674e-01
 2.94965e-01
 2.77827e-01
 2.68901e-01
 2.64859e-01
 2.63359e-01
 2.62980e-01
 4.37283e-01
 4.31238e-01
 4.27520e-01
 4.25872e-01
 4.25201e-01
 4.24876e-01
 4.24890e-01
 4.25150e-01
 4.25651e-01
 4.26014e-01
 4.25967e-01
 4.25476e-01
 4.24381e-01
 4.22243e-01
 4.17719e-01
 4.08105e-01
 3.90459e-01
 3.62754e-01
 3.24674e-01
 2.94965e-01
 2.77827e-01
 2.68901e-01
 2.64859e-01
 2.63359e-01
 2.62980e-01
 4.37283e-01
 4.31238e-01
 4.27520e-01
 4.25872e-01
 4.25201e-01
 4.24876e-01
 4.24890e-01
 4.25150e-01
 4.25651e-01
 4.26014e-01
 4.25967e-01
 4.25476e-01
 4.24381e-01
 4.22243e-01
 4.17719e-01
 4.08105e-01
 3.90459e-01
 3.62754e-01
 3.24674e-01
 2.94965e-01
 2.77827e-01
 2.68901e-01
 2.64859e-01
 2.63359e-01
 2.62980e-01
 4.37283e-01
 4.31238e-01
 4.27520e-01
 4.25872e-01
 4.25201e-01
 4.24876e-01
 4.24890e-01
 4.25150e-01
 4.25651e-01
 4.26014e-01
 4.25967e-01
 4.25476e-01
 4.24381e-01
 4.22243e-01
 4.17719e-01
 4.08105e-01
 3.90459e-01
 3.62754e-01
 3.24674e-01
 2.94965e-01
 2.77827e-01
 2.68901e-01
 2.64859e-01
 2.63359e-01
 2.62980e-01
 4.37283e-01
 4.31238e-01
 4.27520e-01
 4.25872e-01
 4.25201e-01
 4.24876e-01
 4.24890e-01
 4.25150e-01
 4.25651e-01
 4.26014e-01
 4.25967e-01
 4.25476e-01
 4.24381e-01
 4.22243e-01
 4.17719e-01
 4.08105e-01
 3.90459e-01
 3.62754e-01
 3.24674e-01
 2.94965e-01
 2.77827e-01
 2.68901e-01
 2.64859e-01
 2.63359e-01
 2.62980e-01
 4.37283e-01
 4.31238e-01
 4.27520e-01
 4.25872e-01
 4.25201e-01
 4.24876e-01
 4.24890e-01
 4.25150e-01
 4.25651e-01
 4.26014e-01
 4.25967e-01
 4.25476e-01
 4.24381e-01
 4.22243e-01
 4.17719e-01
 4.08105e-01
 3.90459e-01
 3.62754e-01
 3.24674e-01
 2.94965e-01
 2.77827e-01
 2.68901e-01
 2.64859e-01
 2.63359e-01
 2.62980e-01
 4.37283e-01
 4.31238e-01
 4.27520e-01
 4.25872e-01
 4.25201e-01
 4.24876e-01
 4.24890e-01
 4.25150e-01
 4.25651e-01
 4.26014e-01
 4.25967e-01
 4.25476e-01
 4.24381e-01
 4.22243e-01
 4.17719e-01
 4.08105e-01
 3.90459e-01
 3.62754e-01
 3.24674e-01
 2.94965e-01
 2.77827e-01
 2.68901e-01
 2.64859e-01
 2.63359e-01
 2.62980e-01
 4.37283e-01
 4.31238e-01
 4.27520e-01
 4.25872e-01
 4.25201e-01
 4.24876e-01
 4.24890e-01
 4.25150e-01
 4.25651e-01
 4.26014e-01
 4.25967e-01
 4.25476e-01
 4.24381e-01
 4.22243e-01
 4.17719e-01
 4.08105e-01
 3.90459e-01
 3.62754e-01
 3.24674e-01
 2.94965e-01
 2.77827e-01
 2.68901e-01
 2.64859e-01
 2.63359e-01
 2.62980e-01
 4.37283e-01
 4.31238e-01
 4.27520e-01
 4.25872e-01
 4.25201e-01
 4.24876e-01
 4.24890e-01
 4.25150e-01
 4.25651e-01
 4.26014e-01
 4.25967e-01
 4.25476e-01
 4.24381e-01
 4.22243e-01
 4.17719e-01
 4.08105e-01
 3.90459e-01
 3.62754e-01
 3.24674e-01
 2.94965e-01
 2.77827e-01
 2.68901e-01
 2.64859e-01
 2.63359e-01
 2.62980e-01
 4.37283e-01
 4.31238e-01
 4.27520e-01
 4.25872e-01
 4.25201e-01
 4.24876e-01
 4.24890e-01
 4.25150e-01
 4.25651e-01
 4.26014e-01
 4.25967e-01
 4.25476e-01
 4.24381e-01
 4.22243e-01
 4.17719e-01
 4.08105e-01
 3.90459e-01
 3.62754e-01
 3.24674e-01
 2.94965e-01
 2.77827e-01
 2.68901e-01
 2.64859e-01
 2.63359e-01
 2.62980e-01
 4.37283e-01
 4.31238e-01
 4.27520e-01
 4.25872e-01
 4.25201e-01
 4.24876e-01
 4.24890e-01
 4.25150e-01
 4.25651e-01
 4.26014e-01
 4.25967e-01
 4.25476e-01
 4.24381e-01
 4.22243e-01
 4.17719e-01
 4.08105e-01
 3.90459e-01
 3.62754e-01
 3.24674e-01
 2.94965e-01
 2.77827e-01
 2.68901e-01
 2.64859e-01
 2.63359e-01
 2.62980e-01
part
         4
hexa8
 2.63110e-01
 2.63374e-01
 2.63487e-01
 2.63271e-01
 2.62218e-01
 2.59488e-01
 2.54114e-01
 2.45023e-01
 2.31803e-01
 2.14254e-01
 1.90123e-01
 1.65275e-01
 1.46453e-01
 1.34491e-01
 1.28393e-01
 1.26021e-01
 1.25279e-01
 1.25073e-01
 1.25019e-01
 1.25005e-01
 1.25001e-01
 1.25000e-01
 1.25000e-01
 1.25000e-01
 1.25000e-01
 2.63110e-01
 2.63374e-01
 2.63487e-01
 2.63271e-01
 2.62218e-01
 2.59488e-01
 2.54114e-01
 2.45023e-01
 2.31803e-01
 2.14254e-01
 1.90123e-01
 1.65275e-01
 1.46453e-01
 1.34491e-01
 1.28393e-01
 1.26021e-01
 1.25279e-01
 1.25073e-01
 1.25019e-01
 1.25005e-01
 1.25001e-01
 1.25000e-01
 1.25000e-01
 1.25000e-01
 1.25000e-01
 2.63110e-01
 2.63374e-01
 2.63487e-01
 2.63271e-01
 2.62218e-01
 2.59488e-01
 2.54114e-01
 2.45023e-01
 2.31803e-01
 2.14254e-01
 1.90123e-01
 1.65275e-01
 1.46453e-01
 1.34491e-01
 1.28393e-01
 1.26021e-01
 1.25279e-01
 1.25073e-01
 1.25019e-01
 1.25005e-01
 1.25001e-01
 1.25000e-01
 1.25000e-01
 1.25000e-01
 1.25000e-01
 2.63110e-01
 2.63374e-01
 2.63487e-01
 2.63271e-01
 2.62218e-01
 2.59488e-01
 2.54114e-01
 2.45023e-01
 2.31803e-01
 2.14254e-01
 1.90123e-01
 1.65275e-01
 1.46453e-01
 1.34491e-01
 1.28393e-01
 1.26021e-01
 1.25279e-01
 1.25073e-01
 1.25019e-01
 1.25005e-01
 1.25001e-01
 1.25000e-01
 1.25000e-01
 1.25000e-01
 1.25000e-01
 2.63110e-01
 2.63374e-01
 2.63487e-01
 2.63271e-01
 2.62218e-01
 2.59488e-01
 2.54114e-01
 2.45023e-01
 2.31803e-01
 2.14254e-01
 1.90123e-01
 1.65275e-01
 1.46453e-01
 1.34491e-01
 1.28393e-01
 1.26021e-01
 1.25279e-01
 1.25073e-01
 1.25019e-01
 1.25005e-01
 1.25001e-01
 1.25000e-01
 1.25000e-01
 1.25000e-01
 1.25000e-01
 2.63110e-01
 2.63374e-01
 2.63487e-01
 2.63271e-01
 2.62218e-01
 2.59488e-01
 2.54114e-01
 2.45023e-01
 2.31803e-01
 2.14254e-01
 1.90123e-01
 1.65275e-01
 1.46453e-01
 1.34491e-01
 1.28393e-01
 1.26021e-01
 1.25279e-01
 1.25073e-01
 1.25019e-01
 1.25005e-01
 1.25001e-01
 1.25000e-01
 1.25000e-01
 1.25000e-01
 1.25000e-01
 2.63110e-01
 2.63374e-01
 2.63487e-01
 2.63271e-01
 2.62218e-01
 2.59488e-01
 2.54114e-01
 2.45023e-01
 2.31803e-01
 2.14254e-01
 1.90123e-01
 1.65275e-01
 1.46453e-01
 1.34491e-01
 1.28393e-01
 1.26021e-01
 1.25279e-01
 1.25073e-01
 1.25019e-01
 1.25005e-01
 1.25001e-01
 1.25000e-01
 1.25000e-01
 1.25000e-01
 1.25000e-01
 2.63110e-01
 2.63374e-01
 2.63487e-01
 2.63271e-01
 2.62218e-01
 2.59488e-01
 2.54114e-01
 2.45023e-01
 2.31803e-01
 2.14254e-01
 1.90123e-01
 1.65275e-01
 1.46453e-01
 1.34491e-01
 1.28393e-01
 1.26021e-01
 1.25279e-01
 1.25073e-01
 1.25019e-01
 1.25005e-01
 1.25001e-01
 1.25000e-01
 1.25000e-01
 1.25000e-01
 1.25000e-01
 2.63110e-01
 2.63374e-01
 2.63487e-01
 2.63271e-01
 2.62218e-01
 2.59488e-01
 2.54114e-01
 2.45023e-01
 2.31803e-01
 2.14254e-01
 1.90123e-01
 1.65275e-01
 1.46453e-01
 1.34491e-01
 1.28393e-01
 1.26021e-01
 1.25279e-01
 1.25073e-01
 1.25019e-01
 1.25005e-01
 1.25001e-01
 1.25000e-01
 1.25000e-01
 1.25000e-01
 1.25000e-01
 2.63110e-01
 2.63374e-01
 2.63487e-01
 2.63271e-01
 2.62218e-01
 2.59488e-01
 2.54114e-01
 2.45023e-01
 2.31803e-01
 2.14254e-01
 1.90123e-01
 1.65275e-01
 1.46453e-01
 1.34491e-01
 1.28393e-01
 1.26021e-01
 1.25279e-01
 1.25073e-01
 1.25019e-01
 1.25005e-01
 1.25001e-01
 1.25000e-01
 1.25000e-01
 1.25000e-01
 1.25000e-01
 2.63110e-01
 2.63374e-01
 2.63487e-01
 2.63271e-01
 2.62218e-01
 2.59488e-01
 2.54114e-01
 2.45023e-01
 2.31803e-01
 2.14254e-01
 1.90123e-01
 1.65275e-01
 1.46453e-01
 1.34491e-01
 1.28393e-01
 1.26021e-01
 1.25279e-01
 1.25073e-01
 1.25019e-01
 1.25005e-01
 1.25001e-01
 1.25000e-01
 1.25000e-01
 1.25000e-01
 1.25000e-01
 2.63110e-01
 2.63374e-01
 2.63487e-01
 2.63271e-01
 2.62218e-01
 2.59488e-01
 2.54114e-01
 2.45023e-01
 2.31803e-01
 2.14254e-01
 1.90123e-01
 1.65275e-01
 1.46453e-01
 1.34491e-01
 1.28393e-01
 1.26021e-01
 1.25279e-01
 1.25073e-01
 1.25019e-01
 1.25005e-01
 1.25001e-01
 1.25000e-01
 1.25000e-01
 1.25000e-01
 1.25000e-01
 2.63110e-01
 2.63374e-01
 2.63487e-01
 2.63271e-01
 2.62218e-01
 2.59488e-01
 2.54114e-01
 2.45023e-01
 2.31803e-01
 2.14254e-01
 1.90123e-01
 1.65275e-01
 1.46453e-01
 1.34491e-01
 1.28393e-01
 1.26021e-01
 1.25279e-01
 1.25073e-01
 1.25019e-01
 1.25005e-01
 1.25001e-01
 1.25000e-01
 1.25000e-01
 1.25000e-01
 1.25000e-01
 2.63110e-01
 2.63374e-01
 2.63487e-01
 2.63271e-01
 2.62218e-01
 2.59488e-01
 2.54114e-01
 2.45023e-01
 2.31803e-01
 2.14254e-01
 1.90123e-01
 1.65275e-01
 1.46453e-01
 1.34491e-01
 1.28393e-01
 1.26021e-01
 1.25279e-01
 1.25073e-01
 1.25019e-01
 1.25005e-01
 1.25001e-01
 1.25000e-01
 1.25000e-01
 1.25000e-01
 1.25000e-01
 2.63110e-01
 2.63374e-01
 2.63487e-01
 2.63271e-01
 2.62218e-01
 2.59488e-01
 2.54114e-01
 2.45023e-01
 2.31803e-01
 2.14254e-01
 1.90123e-01
 1.65275e-01
 1.46453e-01
 1.34491e-01
 1.28393e-01
 1.26021e-01
 1.25279e-01
 1.25073e-01
 1.25019e-01
 1.25005e-01
 1.25001e-01
 1.25000e-01
 1.25000e-01
 1.25000e-01
 1.25000e-01
 2.63110e-01
 2.63374e-01
 2.63487e-01
 2.63271e-01
 2.62218e-01
 2.59488e-01
 2.54114e-01
 2.45023e-01
 2.31803e-01
 2.14254e-01
 1.90123e-01
 1.65275e-01
 1.46453e-01
 1.34491e-01
 1.28393e-01
 1.26021e-01
 1.25279e-01
 1.25073e-01
 1.25019e-01
 1.25005e-01
 1.25001e-01
 1.25000e-01
 1.25000e-01
 1.25000e-01
 1.25000e-01
 2.63110e-01
 2.63374e-01
 2.63487e-01
 2.63271e-01
 2.62218e-01
 2.59488e-01
 2.54114e-01
 2.45023e-01
 2.31803e-01
 2.14254e-01
 1.90123e-01
 1.65275e-01
 1.46453e-01
 1.34491e-01
 1.28393e-01
 1.26021e-01
 1.25279e-01
 1.25073e-01
 1.25019e-01
 1.25005e-01
 1.25001e-01
 1.25000e-01
 1.25000e-01
 1.25000e-01
 1.25000e-01
 2.63110e-01
 2.63374e-01
 2.63487e-01
 2.63271e-01
 2.62218e-01
 2.59488e-01
 2.54114e-01
 2.45023e-01
 2.31803e-01
 2.14254e-01
 1.90123e-01
 1.65275e-01
 1.46453e-01
 1.34491e-01
 1.28393e-01
 1.26021e-01
 1.25279e-01
 1.25073e-01
 1.25019e-01
 1.25005e-01
 1.25001e-01
 1.25000e-01
 1.25000e-01
 1.25000e-01
 1.25000e-01
 2.63110e-01
 2.63374e-01
 2.63487e-01
 2.63271e-01
 2.62218e-01
 2.59488e-01
 2.54114e-01
 2.45023e-01
 2.31803e-01
 2.14254e-01
 1.90123e-01
 1.65275e-01
 1.46453e-01
 1.34491e-01
 1.28393e-01
 1.26021e-01
 1.25279e-01
 1.25073e-01
 1.25019e-01
 1.25005e-01
 1.25001e-01
 1.25000e-01
 1.25000e-01
 1.25000e-01
 1.25000e-01
 2.63110e-01
 2.63374e-01
 2.63487e-01
 2.63271e-01
 2.62218e-01
 2.59488e-01
 2.54114e-01
 2.45023e-01
 2.31803e-01
 2.14254e-01
 1.90123e-01
 1.65275e-01
 1.46453e-01
 1.34491e-01
 1.28393e-01
 1.26021e-01
 1.25279e-01
 1.25073e-01
 1.25019e-01
 1.25005e-01
 1.25001e-01
 1.25000e-01
 1.25000e-01
 1.25000e-01
 1.25000e-01
 2.63110e-01
 2.63374e-01
 2.63487e-01
 2.63271e-01
 2.62218e-01
 2.59488e-01
 2.54114e-01
 2.45023e-01
 2.31803e-01
 2.14254e-01
 1.90123e-01
 1.65275e-01
 1.46453e-01
 1.34491e-01
 1.28393e-01
 1.26021e-01
 1.25279e-01
 1.25073e-01
 1.25019e-01
 1.25005e-01
 1.25001e-01
 1.25000e-01
 1.25000e-01
 1.25000e-01
 1.25000e-01
 2.63110e-01
 2.63374e-01
 2.63487e-01
 2.63271e-01
 2.62218e-01
 2.59488e-01
 2.54114e-01
 2.45023e-01
 2.31803e-01
 2.14254e-01
 1.90123e-01
 1.65275e-01
 1.46453e-01
 1.34491e-01
 1.28393e-01
 1.26021e-01
 1.25279e-01
 1.25073e-01
 1.25019e-01
 1.25005e-01
 1.25001e-01
 1.25000e-01
 1.25000e-01
 1.25000e-01
 1.25000e-01
 2.63110e-01
 2.63374e-01
 2.63487e-01
 2.63271e-01
 2.62218e-01
 2.59488e-01
 2.54114e-01
 2.45023e-01
 2.31803e-01
 2.14254e-01
 1.90123e-01
 1.65275e-01
 1.46453e-01
 1.34491e-01
 1.28393e-01
 1.26021e-01
 1.25279e-01
 1.25073e-01
 1.25019e-01
 1.25005e-01
 1.25001e-01
 1.25000e-01
 1.25000e-01
 1.25000e-01
 1.25000e-01
 2.63110e-01
 2.63374e-01
 2.63487e-01
 2.63271e-01
 2.62218e-01
 2.59488e-01
 2.54114e-01
 2.45023e-01
 2.31803e-01
 2.14254e-01
 1.90123e-01
 1.65275e-01
 1.46453e-01
 1.34491e-01
 1.28393e-01
 1.26021e-01
 1.25279e-01
 1.25073e-01
 1.25019e-01
 1.25005e-01
 1.25001e-01
 1.25000e-01
 1.25000e-01
 1.25000e-01
 1.25000e-01
 2.63110e-01
 2.63374e-01
 2.63487e-01
 2.63271e-01
 2.62218e-01
 2.59488e-01
 2.54114e-01
 2.45023e-01
 2.31803e-01
 2.14254e-01
 1.90123e-01
 1.65275e-01
 1.46453e-01
 1.34491e-01
 1.28393e-01
 1.26021e-01
 1.25279e-01
 1.25073e-01
 1.25019e-01
 1.25005e-01
 1.25001e-01
 1.25000e-01
 1.25000e-01
 1.25000e-01
 1.25000e-01
