Density
part
         1
hexa8
 1.00000e+00
 1.00000e+00
 1.00000e+00
 1.00000e+00
 1.00000e+00
 1.00000e+00
 1.00000e+00
 1.00000e+00
 1.00000e+00
 1.00000e+00
 1.00000e+00
 1.00000e+00
 1.00000e+00
 1.00000e+00
 1.00000e+00
 1.00000e+00
 1.00000e+00
 1.00000e+00
 1.00000e+00
 1.00000e+00
 1.00000e+00
 1.00000e+00
 1.00000e+00
 1.00000e+00
 1.00000e+00
 1.00000e+00
 1.00000e+00
 1.00000e+00
 1.00000e+00
 1.00000e+00
 1.00000e+00
 1.00000e+00
 1.00000e+00
 1.00000e+00
 1.00000e+00
 1.00000e+00
 1.00000e+00
 1.00000e+00
 1.00000e+00
 1.00000e+00
 1.00000e+00
 1.00000e+00
 1.00000e+00
 1.00000e+00
 1.00000e+00
 1.00000e+00
 1.00000e+00
 1.00000e+00
 1.00000e+00
 1.00000e+00
 1.00000e+00
 1.00000e+00
 1.00000e+00
 1.00000e+00
 1.00000e+00
 1.00000e+00
 1.00000e+00
 1.00000e+00
 1.00000e+00
 1.00000e+00
 1.00000e+00
 1.00000e+00
 1.00000e+00
 1.00000e+00
 1.00000e+00
 1.00000e+00
 1.00000e+00
 1.00000e+00
 1.00000e+00
 1.00000e+00
 1.00000e+00
 1.00000e+00
 1.00000e+00
 1.00000e+00
 1.00000e+00
 1.00000e+00
 1.00000e+00
 1.00000e+00
 1.00000e+00
 1.00000e+00
 1.00000e+00
 1.00000e+00
 1.00000e+00
 1.00000e+00
 1.00000e+00
 1.00000e+00
 1.00000e+00
 1.00000e+00
 1.00000e+00
 1.00000e+00
 1.00000e+00
 1.00000e+00
 1.00000e+00
 1.00000e+00
 1.00000e+00
 1.00000e+00
 1.00000e+00
 1.00000e+00
 1.00000e+00
 1.00000e+00
 1.00000e+00
 1.00000e+00
 1.00000e+00
 1.00000e+00
 1.00000e+00
 1.00000e+00
 1.00000e+00
 1.00000e+00
 1.00000e+00
 1.00000e+00
 1.00000e+00
 1.00000e+00
 1.00000e+00
 1.00000e+00
 1.00000e+00
 1.00000e+00
 1.00000e+00
 1.00000e+00
 1.00000e+00
 1.00000e+00
 1.00000e+00
 1.00000e+00
 1.00000e+00
 1.00000e+00
 1.00000e+00
 1.00000e+00
 1.00000e+00
 1.00000e+00
 1.00000e+00
 1.00000e+00
 1.00000e+00
 1.00000e+00
 1.00000e+00
 1.00000e+00
 1.00000e+00
 1.00000e+00
 1.00000e+00
 1.00000e+00
 1.00000e+00
 1.00000e+00
 1.00000e+00
 1.00000e+00
 1.00000e+00
 1.00000e+00
 1.00000e+00
 1.00000e+00
 1.00000e+00
 1.00000e+00
 1.00000e+00
 1.00000e+00
 1.00000e+00
 1.00000e+00
 1.00000e+00
 1.00000e+00
 1.00000e+00
 1.00000e+00
 1.00000e+00
 1.00000e+00
 1.00000e+00
 1.00000e+00
 1.00000e+00
 1.00000e+00
 1.00000e+00
 1.00000e+00
 1.00000e+00
 1.00000e+00
 1.00000e+00
 1.00000e+00
 1.00000e+00
 1.00000e+00
 1.00000e+00
 1.00000e+00
 1.00000e+00
 1.00000e+00
 1.00000e+00
 1.00000e+00
 1.00000e+00
 1.00000e+00
 1.00000e+00
 1.00000e+00
 1.00000e+00
 1.00000e+00
 1.00000e+00
 1.00000e+00
 1.00000e+00
 1.00000e+00
 1.00000e+00
 1.00000e+00
 1.00000e+00
 1.00000e+00
 1.00000e+00
 1.00000e+00
 1.00000e+00
 1.00000e+00
 1.00000e+00
 1.00000e+00
 1.00000e+00
 1.00000e+00
 1.00000e+00
 1.00000e+00
 1.00000e+00
 1.00000e+00
 1.00000e+00
 1.00000e+00
 1.00000e+00
 1.00000e+00
 1.00000e+00
 1.00000e+00
 1.00000e+00
 1.00000e+00
 1.00000e+00
 1.00000e+00
 1.00000e+00
 1.00000e+00
 1.00000e+00
 1.00000e+00
 1.00000e+00
 1.00000e+00
 1.00000e+00
 1.00000e+00
 1.00000e+00
 1.00000e+00
 1.00000e+00
 1.00000e+00
 1.00000e+00
 1.00000e+00
 1.00000e+00
 1.00000e+00
 1.00000e+00
 1.00000e+00
 1.00000e+00
 1.00000e+00
 1.00000e+00
 1.00000e+00
 1.00000e+00
 1.00000e+00
 1.00000e+00
 1.00000e+00
 1.00000e+00
 1.00000e+00
 1.00000e+00
 1.00000e+00
 1.00000e+00
 1.00000e+00
 1.00000e+00
 1.00000e+00
 1.00000e+00
 1.00000e+00
 1.00000e+00
 1.00000e+00
 1.00000e+00
 1.00000e+00
 1.00000e+00
 1.00000e+00
 1.00000e+00
 1.00000e+00
 1.00000e+00
 1.00000e+00
 1.00000e+00
 1.00000e+00
 1.00000e+00
 1.00000e+00
 1.00000e+00
 1.00000e+00
 1.00000e+00
 1.00000e+00
 1.00000e+00
 1.00000e+00
 1.00000e+00
 1.00000e+00
 1.00000e+00
 1.00000e+00
 1.00000e+00
 1.00000e+00
 1.00000e+00
 1.00000e+00
 1.00000e+00
 1.00000e+00
 1.00000e+00
 1.00000e+00
 1.00000e+00
 1.00000e+00
 1.00000e+00
 1.00000e+00
 1.00000e+00
 1.00000e+00
 1.00000e+00
 1.00000e+00
 1.00000e+00
 1.00000e+00
 1.00000e+00
 1.00000e+00
 1.00000e+00
 1.00000e+00
 1.00000e+00
 1.00000e+00
 1.00000e+00
 1.00000e+00
 1.00000e+00
 1.00000e+00
 1.00000e+00
 1.00000e+00
 1.00000e+00
 1.00000e+00
 1.00000e+00
 1.00000e+00
 1.00000e+00
 1.00000e+00
 1.00000e+00
 1.00000e+00
 1.00000e+00
 1.00000e+00
 1.00000e+00
 1.00000e+00
 1.00000e+00
 1.00000e+00
 1.00000e+00
 1.00000e+00
 1.00000e+00
 1.00000e+00
 1.00000e+00
 1.00000e+00
 1.00000e+00
 1.00000e+00
 1.00000e+00
 1.00000e+00
 1.00000e+00
 1.00000e+00
 1.00000e+00
 1.00000e+00
 1.00000e+00
 1.00000e+00
 1.00000e+00
 1.00000e+00
 1.00000e+00
 1.00000e+00
 1.00000e+00
 1.00000e+00
 1.00000e+00
 1.00000e+00
 1.00000e+00
 1.00000e+00
 1.00000e+00
 1.00000e+00
 1.00000e+00
 1.00000e+00
 1.00000e+00
 1.00000e+00
 1.00000e+00
 1.00000e+00
 1.00000e+00
 1.00000e+00
 1.00000e+00
 1.00000e+00
 1.00000e+00
 1.00000e+00
 1.00000e+00
 1.00000e+00
 1.00000e+00
 1.00000e+00
 1.00000e+00
 1.00000e+00
 1.00000e+00
 1.00000e+00
 1.00000e+00
 1.00000e+00
 1.00000e+00
 1.00000e+00
 1.00000e+00
 1.00000e+00
 1.00000e+00
 1.00000e+00
 1.00000e+00
 1.00000e+00
 1.00000e+00
 1.00000e+00
 1.00000e+00
 1.00000e+00
 1.00000e+00
 1.00000e+00
 1.00000e+00
 1.00000e+00
 1.00000e+00
 1.00000e+00
 1.00000e+00
 1.00000e+00
 1.00000e+00
 1.00000e+00
 1.00000e+00
 1.00000e+00
 1.00000e+00
 1.00000e+00
 1.00000e+00
 1.00000e+00
 1.00000e+00
 1.00000e+00
 1.00000e+00
 1.00000e+00
 1.00000e+00
 1.00000e+00
 1.00000e+00
 1.00000e+00
 1.00000e+00
 1.00000e+00
 1.00000e+00
 1.00000e+00
 1.00000e+00
 1.00000e+00
 1.00000e+00
 1.00000e+00
 1.00000e+00
 1.00000e+00
 1.00000e+00
 1.00000e+00
 1.00000e+00
 1.00000e+00
 1.00000e+00
 1.00000e+00
 1.00000e+00
 1.00000e+00
 1.00000e+00
 1.00000e+00
 1.00000e+00
 1.00000e+00
 1.00000e+00
 1.00000e+00
 1.00000e+00
 1.00000e+00
 1.00000e+00
 1.00000e+00
 1.00000e+00
 1.00000e+00
 1.00000e+00
 1.00000e+00
 1.00000e+00
 1.00000e+00
 1.00000e+00
 1.00000e+00
 1.00000e+00
 1.00000e+00
 1.00000e+00
 1.00000e+00
 1.00000e+00
 1.00000e+00
 1.00000e+00
 1.00000e+00
 1.00000e+00
 1.00000e+00
 1.00000e+00
 1.00000e+00
 9.99998e-01
 9.99998e-01
 9.99998e-01
 9.99998e-01
 9.99998e-01
 9.99998e-01
 9.99998e-01
 9.99998e-01
 9.99998e-01
 9.99998e-01
 9.99998e-01
 9.99998e-01
 9.99998e-01
 9.99998e-01
 9.99998e-01
 9.99998e-01
 9.99998e-01
 9.99998e-01
 9.99998e-01
 9.99998e-01
 9.99998e-01
 9.99998e-01
 9.99998e-01
 9.99998e-01
 9.99998e-01
 9.99990e-01
 9.99990e-01
 9.99990e-01
 9.99990e-01
 9.99990e-01
 9.99990e-01
 9.99990e-01
 9.99990e-01
 9.99990e-01
 9.99990e-01
 9.99990e-01
 9.99990e-01
 9.99990e-01
 9.99990e-01
 9.99990e-01
 9.99990e-01
 9.99990e-01
 9.99990e-01
 9.99990e-01
 9.99990e-01
 9.99990e-01
 9.99990e-01
 9.99990e-01
 9.99990e-01
 9.99990e-01
 9.99953e-01
 9.99953e-01
 9.99953e-01
 9.99953e-01
 9.99953e-01
 9.99953e-01
 9.99953e-01
 9.99953e-01
 9.99953e-01
 9.99953e-01
 9.99953e-01
 9.99953e-01
 9.99953e-01
 9.99953e-01
 9.99953e-01
 9.99953e-01
 9.99953e-01
 9.99953e-01
 9.99953e-01
 9.99953e-01
 9.99953e-01
 9.99953e-01
 9.99953e-01
 9.99953e-01
 9.99953e-01
 9.99802e-01
 9.99802e-01
 9.99802e-01
 9.99802e-01
 9.99802e-01
 9.99802e-01
 9.99802e-01
 9.99802e-01
 9.99802e-01
 9.99802e-01
 9.99802e-01
 9.99802e-01
 9.99802e-01
 9.99802e-01
 9.99802e-01
 9.99802e-01
 9.99802e-01
 9.99802e-01
 9.99802e-01
 9.99802e-01
 9.99802e-01
 9.99802e-01
 9.99802e-01
 9.99802e-01
 9.99802e-01
 9.99263e-01
 9.99263e-01
 9.99263e-01
 9.99263e-01
 9.99263e-01
 9.99263e-01
 9.99263e-01
 9.99263e-01
 9.99263e-01
 9.99263e-01
 9.99263e-01
 9.99263e-01
 9.99263e-01
 9.99263e-01
 9.99263e-01
 9.99263e-01
 9.99263e-01
 9.99263e-01
 9.99263e-01
 9.99263e-01
 9.99263e-01
 9.99263e-01
 9.99263e-01
 9.99263e-01
 9.99263e-01
 9.97622e-01
 9.97622e-01
 9.97622e-01
 9.97622e-01
 9.97622e-01
 9.97622e-01
 9.97622e-01
 9.97622e-01
 9.97622e-01
 9.97622e-01
 9.97622e-01
 9.97622e-01
 9.97622e-01
 9.97622e-01
 9.97622e-01
 9.97622e-01
 9.97622e-01
 9.97622e-01
 9.97622e-01
 9.97622e-01
 9.97622e-01
 9.97622e-01
 9.97622e-01
 9.97622e-01
 9.97622e-01
 9.93440e-01
 9.93440e-01
 9.93440e-01
 9.93440e-01
 9.93440e-01
 9.93440e-01
 9.93440e-01
 9.93440e-01
 9.93440e-01
 9.93440e-01
 9.93440e-01
 9.93440e-01
 9.93440e-01
 9.93440e-01
 9.93440e-01
 9.93440e-01
 9.93440e-01
 9.93440e-01
 9.93440e-01
 9.93440e-01
 9.93440e-01
 9.93440e-01
 9.93440e-01
 9.93440e-01
 9.93440e-01
part
         2
hexa8
 9.84703e-01
 9.84703e-01
 9.84703e-01
 9.84703e-01
 9.84703e-01
 9.84703e-01
 9.84703e-01
 9.84703e-01
 9.84703e-01
 9.84703e-01
 9.84703e-01
 9.84703e-01
 9.84703e-01
 9.84703e-01
 9.84703e-01
 9.84703e-01
 9.84703e-01
 9.84703e-01
 9.84703e-01
 9.84703e-01
 9.84703e-01
 9.84703e-01
 9.84703e-01
 9.84703e-01
 9.84703e-01
 9.69872e-01
 9.69872e-01
 9.69872e-01
 9.69872e-01
 9.69872e-01
 9.69872e-01
 9.69872e-01
 9.69872e-01
 9.69872e-01
 9.69872e-01
 9.69872e-01
 9.69872e-01
 9.69872e-01
 9.69872e-01
 9.69872e-01
 9.69872e-01
 9.69872e-01
 9.69872e-01
 9.69872e-01
 9.69872e-01
 9.69872e-01
 9.69872e-01
 9.69872e-01
 9.69872e-01
 9.69872e-01
 9.49105e-01
 9.49105e-01
 9.49105e-01
 9.49105e-01
 9.49105e-01
 9.49105e-01
 9.49105e-01
 9.49105e-01
 9.49105e-01
 9.49105e-01
 9.49105e-01
 9.49105e-01
 9.49105e-01
 9.49105e-01
 9.49105e-01
 9.49105e-01
 9.49105e-01
 9.49105e-01
 9.49105e-01
 9.49105e-01
 9.49105e-01
 9.49105e-01
 9.49105e-01
 9.49105e-01
 9.49105e-01
 9.24065e-01
 9.24065e-01
 9.24065e-01
 9.24065e-01
 9.24065e-01
 9.24065e-01
 9.24065e-01
 9.24065e-01
 9.24065e-01
 9.24065e-01
 9.24065e-01
 9.24065e-01
 9.24065e-01
 9.24065e-01
 9.24065e-01
 9.24065e-01
 9.24065e-01
 9.24065e-01
 9.24065e-01
 9.24065e-01
 9.24065e-01
 9.24065e-01
 9.24065e-01
 9.24065e-01
 9.24065e-01
 8.96609e-01
 8.96609e-01
 8.96609e-01
 8.96609e-01
 8.96609e-01
 8.96609e-01
 8.96609e-01
 8.96609e-01
 8.96609e-01
 8.96609e-01
 8.96609e-01
 8.96609e-01
 8.96609e-01
 8.96609e-01
 8.96609e-01
 8.96609e-01
 8.96609e-01
 8.96609e-01
 8.96609e-01
 8.96609e-01
 8.96609e-01
 8.96609e-01
 8.96609e-01
 8.96609e-01
 8.96609e-01
 8.68020e-01
 8.68020e-01
 8.68020e-01
 8.68020e-01
 8.68020e-01
 8.68020e-01
 8.68020e-01
 8.68020e-01
 8.68020e-01
 8.68020e-01
 8.68020e-01
 8.68020e-01
 8.68020e-01
 8.68020e-01
 8.68020e-01
 8.68020e-01
 8.68020e-01
 8.68020e-01
 8.68020e-01
 8.68020e-01
 8.68020e-01
 8.68020e-01
 8.68020e-01
 8.68020e-01
 8.68020e-01
 8.39034e-01
 8.39034e-01
 8.39034e-01
 8.39034e-01
 8.39034e-01
 8.39034e-01
 8.39034e-01
 8.39034e-01
 8.39034e-01
 8.39034e-01
 8.39034e-01
 8.39034e-01
 8.39034e-01
 8.39034e-01
 8.39034e-01
 8.39034e-01
 8.39034e-01
 8.39034e-01
 8.39034e-01
 8.39034e-01
 8.39034e-01
 8.39034e-01
 8.39034e-01
 8.39034e-01
 8.39034e-01
 8.10099e-01
 8.10099e-01
 8.10099e-01
 8.10099e-01
 8.10099e-01
 8.10099e-01
 8.10099e-01
 8.10099e-01
 8.10099e-01
 8.10099e-01
 8.10099e-01
 8.10099e-01
 8.10099e-01
 8.10099e-01
 8.10099e-01
 8.10099e-01
 8.10099e-01
 8.10099e-01
 8.10099e-01
 8.10099e-01
 8.10099e-01
 8.10099e-01
 8.10099e-01
 8.10099e-01
 8.10099e-01
 7.81489e-01
 7.81489e-01
 7.81489e-01
 7.81489e-01
 7.81489e-01
 7.81489e-01
 7.81489e-01
 7.81489e-01
 7.81489e-01
 7.81489e-01
 7.81489e-01
 7.81489e-01
 7.81489e-01
 7.81489e-01
 7.81489e-01
 7.81489e-01
 7.81489e-01
 7.81489e-01
 7.81489e-01
 7.81489e-01
 7.81489e-01
 7.81489e-01
 7.81489e-01
 7.81489e-01
 7.81489e-01
 7.53314e-01
 7.53314e-01
 7.53314e-01
 7.53314e-01
 7.53314e-01
 7.53314e-01
 7.53314e-01
 7.53314e-01
 7.53314e-01
 7.53314e-01
 7.53314e-01
 7.53314e-01
 7.53314e-01
 7.53314e-01
 7.53314e-01
 7.53314e-01
 7.53314e-01
 7.53314e-01
 7.53314e-01
 7.53314e-01
 7.53314e-01
 7.53314e-01
 7.53314e-01
 7.53314e-01
 7.53314e-01
 7.25604e-01
 7.25604e-01
 7.25604e-01
 7.25604e-01
 7.25604e-01
 7.25604e-01
 7.25604e-01
 7.25604e-01
 7.25604e-01
 7.25604e-01
 7.25604e-01
 7.25604e-01
 7.25604e-01
 7.25604e-01
 7.25604e-01
 7.25604e-01
 7.25604e-01
 7.25604e-01
 7.25604e-01
 7.25604e-01
 7.25604e-01
 7.25604e-01
 7.25604e-01
 7.25604e-01
 7.25604e-01
 6.98350e-01
 6.98350e-01
 6.98350e-01
 6.98350e-01
 6.98350e-01
 6.98350e-01
 6.98350e-01
 6.98350e-01
 6.98350e-01
 6.98350e-01
 6.98350e-01
 6.98350e-01
 6.98350e-01
 6.98350e-01
 6.98350e-01
 6.98350e-01
 6.98350e-01
 6.98350e-01
 6.98350e-01
 6.98350e-01
 6.98350e-01
 6.98350e-01
 6.98350e-01
 6.98350e-01
 6.98350e-01
 6.71700e-01
 6.71700e-01
 6.71700e-01
 6.71700e-01
 6.71700e-01
 6.71700e-01
 6.71700e-01
 6.71700e-01
 6.71700e-01
 6.71700e-01
 6.71700e-01
 6.71700e-01
 6.71700e-01
 6.71700e-01
 6.71700e-01
 6.71700e-01
 6.71700e-01
 6.71700e-01
 6.71700e-01
 6.71700e-01
 6.71700e-01
 6.71700e-01
 6.71700e-01
 6.71700e-01
 6.71700e-01
 6.46516e-01
 6.46516e-01
 6.46516e-01
 6.46516e-01
 6.46516e-01
 6.46516e-01
 6.46516e-01
 6.46516e-01
 6.46516e-01
 6.46516e-01
 6.46516e-01
 6.46516e-01
 6.46516e-01
 6.46516e-01
 6.46516e-01
 6.46516e-01
 6.46516e-01
 6.46516e-01
 6.46516e-01
 6.46516e-01
 6.46516e-01
 6.46516e-01
 6.46516e-01
 6.46516e-01
 6.46516e-01
 6.22580e-01
 6.22580e-01
 6.22580e-01
 6.22580e-01
 6.22580e-01
 6.22580e-01
 6.22580e-01
 6.22580e-01
 6.22580e-01
 6.22580e-01
 6.22580e-01
 6.22580e-01
 6.22580e-01
 6.22580e-01
 6.22580e-01
 6.22580e-01
 6.22580e-01
 6.22580e-01
 6.22580e-01
 6.22580e-01
 6.22580e-01
 6.22580e-01
 6.22580e-01
 6.22580e-01
 6.22580e-01
 5.99258e-01
 5.99258e-01
 5.99258e-01
 5.99258e-01
 5.99258e-01
 5.99258e-01
 5.99258e-01
 5.99258e-01
 5.99258e-01
 5.99258e-01
 5.99258e-01
 5.99258e-01
 5.99258e-01
 5.99258e-01
 5.99258e-01
 5.99258e-01
 5.99258e-01
 5.99258e-01
 5.99258e-01
 5.99258e-01
 5.99258e-01
 5.99258e-01
 5.99258e-01
 5.99258e-01
 5.99258e-01
 5.77400e-01
 5.77400e-01
 5.77400e-01
 5.77400e-01
 5.77400e-01
 5.77400e-01
 5.77400e-01
 5.77400e-01
 5.77400e-01
 5.77400e-01
 5.77400e-01
 5.77400e-01
 5.77400e-01
 5.77400e-01
 5.77400e-01
 5.77400e-01
 5.77400e-01
 5.77400e-01
 5.77400e-01
 5.77400e-01
 5.77400e-01
 5.77400e-01
 5.77400e-01
 5.77400e-01
 5.77400e-01
 5.56276e-01
 5.56276e-01
 5.56276e-01
 5.56276e-01
 5.56276e-01
 5.56276e-01
 5.56276e-01
 5.56276e-01
 5.56276e-01
 5.56276e-01
 5.56276e-01
 5.56276e-01
 5.56276e-01
 5.56276e-01
 5.56276e-01
 5.56276e-01
 5.56276e-01
 5.56276e-01
 5.56276e-01
 5.56276e-01
 5.56276e-01
 5.56276e-01
 5.56276e-01
 5.56276e-01
 5.56276e-01
 5.35637e-01
 5.35637e-01
 5.35637e-01
 5.35637e-01
 5.35637e-01
 5.35637e-01
 5.35637e-01
 5.35637e-01
 5.35637e-01
 5.35637e-01
 5.35637e-01
 5.35637e-01
 5.35637e-01
 5.35637e-01
 5.35637e-01
 5.35637e-01
 5.35637e-01
 5.35637e-01
 5.35637e-01
 5.35637e-01
 5.35637e-01
 5.35637e-01
 5.35637e-01
 5.35637e-01
 5.35637e-01
 5.15988e-01
 5.15988e-01
 5.15988e-01
 5.15988e-01
 5.15988e-01
 5.15988e-01
 5.15988e-01
 5.15988e-01
 5.15988e-01
 5.15988e-01
 5.15988e-01
 5.15988e-01
 5.15988e-01
 5.15988e-01
 5.15988e-01
 5.15988e-01
 5.15988e-01
 5.15988e-01
 5.15988e-01
 5.15988e-01
 5.15988e-01
 5.15988e-01
 5.15988e-01
 5.15988e-01
 5.15988e-01
 4.97975e-01
 4.97975e-01
 4.97975e-01
 4.97975e-01
 4.97975e-01
 4.97975e-01
 4.97975e-01
 4.97975e-01
 4.97975e-01
 4.97975e-01
 4.97975e-01
 4.97975e-01
 4.97975e-01
 4.97975e-01
 4.97975e-01
 4.97975e-01
 4.97975e-01
 4.97975e-01
 4.97975e-01
 4.97975e-01
 4.97975e-01
 4.97975e-01
 4.97975e-01
 4.97975e-01
 4.97975e-01
 4.80598e-01
 4.80598e-01
 4.80598e-01
 4.80598e-01
 4.80598e-01
 4.80598e-01
 4.80598e-01
 4.80598e-01
 4.80598e-01
 4.80598e-01
 4.80598e-01
 4.80598e-01
 4.80598e-01
 4.80598e-01
 4.80598e-01
 4.80598e-01
 4.80598e-01
 4.80598e-01
 4.80598e-01
 4.80598e-01
 4.80598e-01
 4.80598e-01
 4.80598e-01
 4.80598e-01
 4.80598e-01
 4.65134e-01
 4.65134e-01
 4.65134e-01
 4.65134e-01
 4.65134e-01
 4.65134e-01
 4.65134e-01
 4.65134e-01
 4.65134e-01
 4.65134e-01
 4.65134e-01
 4.65134e-01
 4.65134e-01
 4.65134e-01
 4.65134e-01
 4.65134e-01
 4.65134e-01
 4.65134e-01
 4.65134e-01
 4.65134e-01
 4.65134e-01
 4.65134e-01
 4.65134e-01
 4.65134e-01
 4.65134e-01
 4.49850e-01
 4.49850e-01
 4.49850e-01
 4.49850e-01
 4.49850e-01
 4.49850e-01
 4.49850e-01
 4.49850e-01
 4.49850e-01
 4.49850e-01
 4.49850e-01
 4.49850e-01
 4.49850e-01
 4.49850e-01
 4.49850e-01
 4.49850e-01
 4.49850e-01
 4.49850e-01
 4.49850e-01
 4.49850e-01
 4.49850e-01
 4.49850e-01
 4.49850e-01
 4.49850e-01
 4.49850e-01
 4.38211e-01
 4.38211e-01
 4.38211e-01
 4.38211e-01
 4.38211e-01
 4.38211e-01
 4.38211e-01
 4.38211e-01
 4.38211e-01
 4.38211e-01
 4.38211e-01
 4.38211e-01
 4.38211e-01
 4.38211e-01
 4.38211e-01
 4.38211e-01
 4.38211e-01
 4.38211e-01
 4.38211e-01
 4.38211e-01
 4.38211e-01
 4.38211e-01
 4.38211e-01
 4.38211e-01
 4.38211e-01
part
         3
hexa8
 4.34094e-01
 4.34094e-01
 4.34094e-01
 4.34094e-01
 4.34094e-01
 4.34094e-01
 4.34094e-01
 4.34094e-01
 4.34094e-01
 4.34094e-01
 4.34094e-01
 4.34094e-01
 4.34094e-01
 4.34094e-01
 4.34094e-01
 4.34094e-01
 4.34094e-01
 4.34094e-01
 4.34094e-01
 4.34094e-01
 4.34094e-01
 4.34094e-01
 4.34094e-01
 4.34094e-01
 4.34094e-01
 4.30765e-01
 4.30765e-01
 4.30765e-01
 4.30765e-01
 4.30765e-01
 4.30765e-01
 4.30765e-01
 4.30765e-01
 4.30765e-01
 4.30765e-01
 4.30765e-01
 4.30765e-01
 4.30765e-01
 4.30765e-01
 4.30765e-01
 4.30765e-01
 4.30765e-01
 4.30765e-01
 4.30765e-01
 4.30765e-01
 4.30765e-01
 4.30765e-01
 4.30765e-01
 4.30765e-01
 4.30765e-01
 4.25866e-01
 4.25866e-01
 4.25866e-01
 4.25866e-01
 4.25866e-01
 4.25866e-01
 4.25866e-01
 4.25866e-01
 4.25866e-01
 4.25866e-01
 4.25866e-01
 4.25866e-01
 4.25866e-01
 4.25866e-01
 4.25866e-01
 4.25866e-01
 4.25866e-01
 4.25866e-01
 4.25866e-01
 4.25866e-01
 4.25866e-01
 4.25866e-01
 4.25866e-01
 4.25866e-01
 4.25866e-01
 4.23819e-01
 4.23819e-01
 4.23819e-01
 4.23819e-01
 4.23819e-01
 4.23819e-01
 4.23819e-01
 4.23819e-01
 4.23819e-01
 4.23819e-01
 4.23819e-01
 4.23819e-01
 4.23819e-01
 4.23819e-01
 4.23819e-01
 4.23819e-01
 4.23819e-01
 4.23819e-01
 4.23819e-01
 4.23819e-01
 4.23819e-01
 4.23819e-01
 4.23819e-01
 4.23819e-01
 4.23819e-01
 4.23713e-01
 4.23713e-01
 4.23713e-01
 4.23713e-01
 4.23713e-01
 4.23713e-01
 4.23713e-01
 4.23713e-01
 4.23713e-01
 4.23713e-01
 4.23713e-01
 4.23713e-01
 4.23713e-01
 4.23713e-01
 4.23713e-01
 4.23713e-01
 4.23713e-01
 4.23713e-01
 4.23713e-01
 4.23713e-01
 4.23713e-01
 4.23713e-01
 4.23713e-01
 4.23713e-01
 4.23713e-01
 4.23925e-01
 4.23925e-01
 4.23925e-01
 4.23925e-01
 4.23925e-01
 4.23925e-01
 4.23925e-01
 4.23925e-01
 4.23925e-01
 4.23925e-01
 4.23925e-01
 4.23925e-01
 4.23925e-01
 4.23925e-01
 4.23925e-01
 4.23925e-01
 4.23925e-01
 4.23925e-01
 4.23925e-01
 4.23925e-01
 4.23925e-01
 4.23925e-01
 4.23925e-01
 4.23925e-01
 4.23925e-01
 4.24834e-01
 4.24834e-01
 4.24834e-01
 4.24834e-01
 4.24834e-01
 4.24834e-01
 4.24834e-01
 4.24834e-01
 4.24834e-01
 4.24834e-01
 4.24834e-01
 4.24834e-01
 4.24834e-01
 4.24834e-01
 4.24834e-01
 4.24834e-01
 4.24834e-01
 4.24834e-01
 4.24834e-01
 4.24834e-01
 4.24834e-01
 4.24834e-01
 4.24834e-01
 4.24834e-01
 4.24834e-01
 4.25732e-01
 4.25732e-01
 4.25732e-01
 4.25732e-01
 4.25732e-01
 4.25732e-01
 4.25732e-01
 4.25732e-01
 4.25732e-01
 4.25732e-01
 4.25732e-01
 4.25732e-01
 4.25732e-01
 4.25732e-01
 4.25732e-01
 4.25732e-01
 4.25732e-01
 4.25732e-01
 4.25732e-01
 4.25732e-01
 4.25732e-01
 4.25732e-01
 4.25732e-01
 4.25732e-01
 4.25732e-01
 4.25659e-01
 4.25659e-01
 4.25659e-01
 4.25659e-01
 4.25659e-01
 4.25659e-01
 4.25659e-01
 4.25659e-01
 4.25659e-01
 4.25659e-01
 4.25659e-01
 4.25659e-01
 4.25659e-01
 4.25659e-01
 4.25659e-01
 4.25659e-01
 4.25659e-01
 4.25659e-01
 4.25659e-01
 4.25659e-01
 4.25659e-01
 4.25659e-01
 4.25659e-01
 4.25659e-01
 4.25659e-01
 4.24825e-01
 4.24825e-01
 4.24825e-01
 4.24825e-01
 4.24825e-01
 4.24825e-01
 4.24825e-01
 4.24825e-01
 4.24825e-01
 4.24825e-01
 4.24825e-01
 4.24825e-01
 4.24825e-01
 4.24825e-01
 4.24825e-01
 4.24825e-01
 4.24825e-01
 4.24825e-01
 4.24825e-01
 4.24825e-01
 4.24825e-01
 4.24825e-01
 4.24825e-01
 4.24825e-01
 4.24825e-01
 4.24273e-01
 4.24273e-01
 4.24273e-01
 4.24273e-01
 4.24273e-01
 4.24273e-01
 4.24273e-01
 4.24273e-01
 4.24273e-01
 4.24273e-01
 4.24273e-01
 4.24273e-01
 4.24273e-01
 4.24273e-01
 4.24273e-01
 4.24273e-01
 4.24273e-01
 4.24273e-01
 4.24273e-01
 4.24273e-01
 4.24273e-01
 4.24273e-01
 4.24273e-01
 4.24273e-01
 4.24273e-01
 4.24503e-01
 4.24503e-01
 4.24503e-01
 4.24503e-01
 4.24503e-01
 4.24503e-01
 4.24503e-01
 4.24503e-01
 4.24503e-01
 4.24503e-01
 4.24503e-01
 4.24503e-01
 4.24503e-01
 4.24503e-01
 4.24503e-01
 4.24503e-01
 4.24503e-01
 4.24503e-01
 4.24503e-01
 4.24503e-01
 4.24503e-01
 4.24503e-01
 4.24503e-01
 4.24503e-01
 4.24503e-01
 4.25657e-01
 4.25657e-01
 4.25657e-01
 4.25657e-01
 4.25657e-01
 4.25657e-01
 4.25657e-01
 4.25657e-01
 4.25657e-01
 4.25657e-01
 4.25657e-01
 4.25657e-01
 4.25657e-01
 4.25657e-01
 4.25657e-01
 4.25657e-01
 4.25657e-01
 4.25657e-01
 4.25657e-01
 4.25657e-01
 4.25657e-01
 4.25657e-01
 4.25657e-01
 4.25657e-01
 4.25657e-01
 4.26027e-01
 4.26027e-01
 4.26027e-01
 4.26027e-01
 4.26027e-01
 4.26027e-01
 4.26027e-01
 4.26027e-01
 4.26027e-01
 4.26027e-01
 4.26027e-01
 4.26027e-01
 4.26027e-01
 4.26027e-01
 4.26027e-01
 4.26027e-01
 4.26027e-01
 4.26027e-01
 4.26027e-01
 4.26027e-01
 4.26027e-01
 4.26027e-01
 4.26027e-01
 4.26027e-01
 4.26027e-01
 4.24958e-01
 4.24958e-01
 4.24958e-01
 4.24958e-01
 4.24958e-01
 4.24958e-01
 4.24958e-01
 4.24958e-01
 4.24958e-01
 4.24958e-01
 4.24958e-01
 4.24958e-01
 4.24958e-01
 4.24958e-01
 4.24958e-01
 4.24958e-01
 4.24958e-01
 4.24958e-01
 4.24958e-01
 4.24958e-01
 4.24958e-01
 4.24958e-01
 4.24958e-01
 4.24958e-01
 4.24958e-01
 4.19770e-01
 4.19770e-01
 4.19770e-01
 4.19770e-01
 4.19770e-01
 4.19770e-01
 4.19770e-01
 4.19770e-01
 4.19770e-01
 4.19770e-01
 4.19770e-01
 4.19770e-01
 4.19770e-01
 4.19770e-01
 4.19770e-01
 4.19770e-01
 4.19770e-01
 4.19770e-01
 4.19770e-01
 4.19770e-01
 4.19770e-01
 4.19770e-01
 4.19770e-01
 4.19770e-01
 4.19770e-01
 4.05314e-01
 4.05314e-01
 4.05314e-01
 4.05314e-01
 4.05314e-01
 4.05314e-01
 4.05314e-01
 4.05314e-01
 4.05314e-01
 4.05314e-01
 4.05314e-01
 4.05314e-01
 4.05314e-01
 4.05314e-01
 4.05314e-01
 4.05314e-01
 4.05314e-01
 4.05314e-01
 4.05314e-01
 4.05314e-01
 4.05314e-01
 4.05314e-01
 4.05314e-01
 4.05314e-01
 4.05314e-01
 3.74158e-01
 3.74158e-01
 3.74158e-01
 3.74158e-01
 3.74158e-01
 3.74158e-01
 3.74158e-01
 3.74158e-01
 3.74158e-01
 3.74158e-01
 3.74158e-01
 3.74158e-01
 3.74158e-01
 3.74158e-01
 3.74158e-01
 3.74158e-01
 3.74158e-01
 3.74158e-01
 3.74158e-01
 3.74158e-01
 3.74158e-01
 3.74158e-01
 3.74158e-01
 3.74158e-01
 3.74158e-01
 3.20373e-01
 3.20373e-01
 3.20373e-01
 3.20373e-01
 3.20373e-01
 3.20373e-01
 3.20373e-01
 3.20373e-01
 3.20373e-01
 3.20373e-01
 3.20373e-01
 3.20373e-01
 3.20373e-01
 3.20373e-01
 3.20373e-01
 3.20373e-01
 3.20373e-01
 3.20373e-01
 3.20373e-01
 3.20373e-01
 3.20373e-01
 3.20373e-01
 3.20373e-01
 3.20373e-01
 3.20373e-01
 2.80465e-01
 2.80465e-01
 2.80465e-01
 2.80465e-01
 2.80465e-01
 2.80465e-01
 2.80465e-01
 2.80465e-01
 2.80465e-01
 2.80465e-01
 2.80465e-01
 2.80465e-01
 2.80465e-01
 2.80465e-01
 2.80465e-01
 2.80465e-01
 2.80465e-01
 2.80465e-01
 2.80465e-01
 2.80465e-01
 2.80465e-01
 2.80465e-01
 2.80465e-01
 2.80465e-01
 2.80465e-01
 2.65654e-01
 2.65654e-01
 2.65654e-01
 2.65654e-01
 2.65654e-01
 2.65654e-01
 2.65654e-01
 2.65654e-01
 2.65654e-01
 2.65654e-01
 2.65654e-01
 2.65654e-01
 2.65654e-01
 2.65654e-01
 2.65654e-01
 2.65654e-01
 2.65654e-01
 2.65654e-01
 2.65654e-01
 2.65654e-01
 2.65654e-01
 2.65654e-01
 2.65654e-01
 2.65654e-01
 2.65654e-01
 2.61456e-01
 2.61456e-01
 2.61456e-01
 2.61456e-01
 2.61456e-01
 2.61456e-01
 2.61456e-01
 2.61456e-01
 2.61456e-01
 2.61456e-01
 2.61456e-01
 2.61456e-01
 2.61456e-01
 2.61456e-01
 2.61456e-01
 2.61456e-01
 2.61456e-01
 2.61456e-01
 2.61456e-01
 2.61456e-01
 2.61456e-01
 2.61456e-01
 2.61456e-01
 2.61456e-01
 2.61456e-01
 2.60868e-01
 2.60868e-01
 2.60868e-01
 2.60868e-01
 2.60868e-01
 2.60868e-01
 2.60868e-01
 2.60868e-01
 2.60868e-01
 2.60868e-01
 2.60868e-01
 2.60868e-01
 2.60868e-01
 2.60868e-01
 2.60868e-01
 2.60868e-01
 2.60868e-01
 2.60868e-01
 2.60868e-01
 2.60868e-01
 2.60868e-01
 2.60868e-01
 2.60868e-01
 2.60868e-01
 2.60868e-01
 2.61208e-01
 2.61208e-01
 2.61208e-01
 2.61208e-01
 2.61208e-01
 2.61208e-01
 2.61208e-01
 2.61208e-01
 2.61208e-01
 2.61208e-01
 2.61208e-01
 2.61208e-01
 2.61208e-01
 2.61208e-01
 2.61208e-01
 2.61208e-01
 2.61208e-01
 2.61208e-01
 2.61208e-01
 2.61208e-01
 2.61208e-01
 2.61208e-01
 2.61208e-01
 2.61208e-01
 2.61208e-01
 2.62592e-01
 2.62592e-01
 2.62592e-01
 2.62592e-01
 2.62592e-01
 2.62592e-01
 2.62592e-01
 2.62592e-01
 2.62592e-01
 2.62592e-01
 2.62592e-01
 2.62592e-01
 2.62592e-01
 2.62592e-01
 2.62592e-01
 2.62592e-01
 2.62592e-01
 2.62592e-01
 2.62592e-01
 2.62592e-01
 2.62592e-01
 2.62592e-01
 2.62592e-01
 2.62592e-01
 2.62592e-01
part
         4
hexa8
 2.64374e-01
 2.64374e-01
 2.64374e-01
 2.64374e-01
 2.64374e-01
 2.64374e-01
 2.64374e-01
 2.64374e-01
 2.64374e-01
 2.64374e-01
 2.64374e-01
 2.64374e-01
 2.64374e-01
 2.64374e-01
 2.64374e-01
 2.64374e-01
 2.64374e-01
 2.64374e-01
 2.64374e-01
 2.64374e-01
 2.64374e-01
 2.64374e-01
 2.64374e-01
 2.64374e-01
 2.64374e-01
 2.65071e-01
 2.65071e-01
 2.65071e-01
 2.65071e-01
 2.65071e-01
 2.65071e-01
 2.65071e-01
 2.65071e-01
 2.65071e-01
 2.65071e-01
 2.65071e-01
 2.65071e-01
 2.65071e-01
 2.65071e-01
 2.65071e-01
 2.65071e-01
 2.65071e-01
 2.65071e-01
 2.65071e-01
 2.65071e-01
 2.65071e-01
 2.65071e-01
 2.65071e-01
 2.65071e-01
 2.65071e-01
 2.65224e-01
 2.65224e-01
 2.65224e-01
 2.65224e-01
 2.65224e-01
 2.65224e-01
 2.65224e-01
 2.65224e-01
 2.65224e-01
 2.65224e-01
 2.65224e-01
 2.65224e-01
 2.65224e-01
 2.65224e-01
 2.65224e-01
 2.65224e-01
 2.65224e-01
 2.65224e-01
 2.65224e-01
 2.65224e-01
 2.65224e-01
 2.65224e-01
 2.65224e-01
 2.65224e-01
 2.65224e-01
 2.65042e-01
 2.65042e-01
 2.65042e-01
 2.65042e-01
 2.65042e-01
 2.65042e-01
 2.65042e-01
 2.65042e-01
 2.65042e-01
 2.65042e-01
 2.65042e-01
 2.65042e-01
 2.65042e-01
 2.65042e-01
 2.65042e-01
 2.65042e-01
 2.65042e-01
 2.65042e-01
 2.65042e-01
 2.65042e-01
 2.65042e-01
 2.65042e-01
 2.65042e-01
 2.65042e-01
 2.65042e-01
 2.64062e-01
 2.64062e-01
 2.64062e-01
 2.64062e-01
 2.64062e-01
 2.64062e-01
 2.64062e-01
 2.64062e-01
 2.64062e-01
 2.64062e-01
 2.64062e-01
 2.64062e-01
 2.64062e-01
 2.64062e-01
 2.64062e-01
 2.64062e-01
 2.64062e-01
 2.64062e-01
 2.64062e-01
 2.64062e-01
 2.64062e-01
 2.64062e-01
 2.64062e-01
 2.64062e-01
 2.64062e-01
 2.61577e-01
 2.61577e-01
 2.61577e-01
 2.61577e-01
 2.61577e-01
 2.61577e-01
 2.61577e-01
 2.61577e-01
 2.61577e-01
 2.61577e-01
 2.61577e-01
 2.61577e-01
 2.61577e-01
 2.61577e-01
 2.61577e-01
 2.61577e-01
 2.61577e-01
 2.61577e-01
 2.61577e-01
 2.61577e-01
 2.61577e-01
 2.61577e-01
 2.61577e-01
 2.61577e-01
 2.61577e-01
 2.56544e-01
 2.56544e-01
 2.56544e-01
 2.56544e-01
 2.56544e-01
 2.56544e-01
 2.56544e-01
 2.56544e-01
 2.56544e-01
 2.56544e-01
 2.56544e-01
 2.56544e-01
 2.56544e-01
 2.56544e-01
 2.56544e-01
 2.56544e-01
 2.56544e-01
 2.56544e-01
 2.56544e-01
 2.56544e-01
 2.56544e-01
 2.56544e-01
 2.56544e-01
 2.56544e-01
 2.56544e-01
 2.46728e-01
 2.46728e-01
 2.46728e-01
 2.46728e-01
 2.46728e-01
 2.46728e-01
 2.46728e-01
 2.46728e-01
 2.46728e-01
 2.46728e-01
 2.46728e-01
 2.46728e-01
 2.46728e-01
 2.46728e-01
 2.46728e-01
 2.46728e-01
 2.46728e-01
 2.46728e-01
 2.46728e-01
 2.46728e-01
 2.46728e-01
 2.46728e-01
 2.46728e-01
 2.46728e-01
 2.46728e-01
 2.29263e-01
 2.29263e-01
 2.29263e-01
 2.29263e-01
 2.29263e-01
 2.29263e-01
 2.29263e-01
 2.29263e-01
 2.29263e-01
 2.29263e-01
 2.29263e-01
 2.29263e-01
 2.29263e-01
 2.29263e-01
 2.29263e-01
 2.29263e-01
 2.29263e-01
 2.29263e-01
 2.29263e-01
 2.29263e-01
 2.29263e-01
 2.29263e-01
 2.29263e-01
 2.29263e-01
 2.29263e-01
 2.04271e-01
 2.04271e-01
 2.04271e-01
 2.04271e-01
 2.04271e-01
 2.04271e-01
 2.04271e-01
 2.04271e-01
 2.04271e-01
 2.04271e-01
 2.04271e-01
 2.04271e-01
 2.04271e-01
 2.04271e-01
 2.04271e-01
 2.04271e-01
 2.04271e-01
 2.04271e-01
 2.04271e-01
 2.04271e-01
 2.04271e-01
 2.04271e-01
 2.04271e-01
 2.04271e-01
 2.04271e-01
 1.77375e-01
 1.77375e-01
 1.77375e-01
 1.77375e-01
 1.77375e-01
 1.77375e-01
 1.77375e-01
 1.77375e-01
 1.77375e-01
 1.77375e-01
 1.77375e-01
 1.77375e-01
 1.77375e-01
 1.77375e-01
 1.77375e-01
 1.77375e-01
 1.77375e-01
 1.77375e-01
 1.77375e-01
 1.77375e-01
 1.77375e-01
 1.77375e-01
 1.77375e-01
 1.77375e-01
 1.77375e-01
 1.55061e-01
 1.55061e-01
 1.55061e-01
 1.55061e-01
 1.55061e-01
 1.55061e-01
 1.55061e-01
 1.55061e-01
 1.55061e-01
 1.55061e-01
 1.55061e-01
 1.55061e-01
 1.55061e-01
 1.55061e-01
 1.55061e-01
 1.55061e-01
 1.55061e-01
 1.55061e-01
 1.55061e-01
 1.55061e-01
 1.55061e-01
 1.55061e-01
 1.55061e-01
 1.55061e-01
 1.55061e-01
 1.39504e-01
 1.39504e-01
 1.39504e-01
 1.39504e-01
 1.39504e-01
 1.39504e-01
 1.39504e-01
 1.39504e-01
 1.39504e-01
 1.39504e-01
 1.39504e-01
 1.39504e-01
 1.39504e-01
 1.39504e-01
 1.39504e-01
 1.39504e-01
 1.39504e-01
 1.39504e-01
 1.39504e-01
 1.39504e-01
 1.39504e-01
 1.39504e-01
 1.39504e-01
 1.39504e-01
 1.39504e-01
 1.30594e-01
 1.30594e-01
 1.30594e-01
 1.30594e-01
 1.30594e-01
 1.30594e-01
 1.30594e-01
 1.30594e-01
 1.30594e-01
 1.30594e-01
 1.30594e-01
 1.30594e-01
 1.30594e-01
 1.30594e-01
 1.30594e-01
 1.30594e-01
 1.30594e-01
 1.30594e-01
 1.30594e-01
 1.30594e-01
 1.30594e-01
 1.30594e-01
 1.30594e-01
 1.30594e-01
 1.30594e-01
 1.26728e-01
 1.26728e-01
 1.26728e-01
 1.26728e-01
 1.26728e-01
 1.26728e-01
 1.26728e-01
 1.26728e-01
 1.26728e-01
 1.26728e-01
 1.26728e-01
 1.26728e-01
 1.26728e-01
 1.26728e-01
 1.26728e-01
 1.26728e-01
 1.26728e-01
 1.26728e-01
 1.26728e-01
 1.26728e-01
 1.26728e-01
 1.26728e-01
 1.26728e-01
 1.26728e-01
 1.26728e-01
 1.25464e-01
 1.25464e-01
 1.25464e-01
 1.25464e-01
 1.25464e-01
 1.25464e-01
 1.25464e-01
 1.25464e-01
 1.25464e-01
 1.25464e-01
 1.25464e-01
 1.25464e-01
 1.25464e-01
 1.25464e-01
 1.25464e-01
 1.25464e-01
 1.25464e-01
 1.25464e-01
 1.25464e-01
 1.25464e-01
 1.25464e-01
 1.25464e-01
 1.25464e-01
 1.25464e-01
 1.25464e-01
 1.25117e-01
 1.25117e-01
 1.25117e-01
 1.25117e-01
 1.25117e-01
 1.25117e-01
 1.25117e-01
 1.25117e-01
 1.25117e-01
 1.25117e-01
 1.25117e-01
 1.25117e-01
 1.25117e-01
 1.25117e-01
 1.25117e-01
 1.25117e-01
 1.25117e-01
 1.25117e-01
 1.25117e-01
 1.25117e-01
 1.25117e-01
 1.25117e-01
 1.25117e-01
 1.25117e-01
 1.25117e-01
 1.25029e-01
 1.25029e-01
 1.25029e-01
 1.25029e-01
 1.25029e-01
 1.25029e-01
 1.25029e-01
 1.25029e-01
 1.25029e-01
 1.25029e-01
 1.25029e-01
 1.25029e-01
 1.25029e-01
 1.25029e-01
 1.25029e-01
 1.25029e-01
 1.25029e-01
 1.25029e-01
 1.25029e-01
 1.25029e-01
 1.25029e-01
 1.25029e-01
 1.25029e-01
 1.25029e-01
 1.25029e-01
 1.25007e-01
 1.25007e-01
 1.25007e-01
 1.25007e-01
 1.25007e-01
 1.25007e-01
 1.25007e-01
 1.25007e-01
 1.25007e-01
 1.25007e-01
 1.25007e-01
 1.25007e-01
 1.25007e-01
 1.25007e-01
 1.25007e-01
 1.25007e-01
 1.25007e-01
 1.25007e-01
 1.25007e-01
 1.25007e-01
 1.25007e-01
 1.25007e-01
 1.25007e-01
 1.25007e-01
 1.25007e-01
 1.25002e-01
 1.25002e-01
 1.25002e-01
 1.25002e-01
 1.25002e-01
 1.25002e-01
 1.25002e-01
 1.25002e-01
 1.25002e-01
 1.25002e-01
 1.25002e-01
 1.25002e-01
 1.25002e-01
 1.25002e-01
 1.25002e-01
 1.25002e-01
 1.25002e-01
 1.25002e-01
 1.25002e-01
 1.25002e-01
 1.25002e-01
 1.25002e-01
 1.25002e-01
 1.25002e-01
 1.25002e-01
 1.25000e-01
 1.25000e-01
 1.25000e-01
 1.25000e-01
 1.25000e-01
 1.25000e-01
 1.25000e-01
 1.25000e-01
 1.25000e-01
 1.25000e-01
 1.25000e-01
 1.25000e-01
 1.25000e-01
 1.25000e-01
 1.25000e-01
 1.25000e-01
 1.25000e-01
 1.25000e-01
 1.25000e-01
 1.25000e-01
 1.25000e-01
 1.25000e-01
 1.25000e-01
 1.25000e-01
 1.25000e-01
 1.25000e-01
 1.25000e-01
 1.25000e-01
 1.25000e-01
 1.25000e-01
 1.25000e-01
 1.25000e-01
 1.25000e-01
 1.25000e-01
 1.25000e-01
 1.25000e-01
 1.25000e-01
 1.25000e-01
 1.25000e-01
 1.25000e-01
 1.25000e-01
 1.25000e-01
 1.25000e-01
 1.25000e-01
 1.25000e-01
 1.25000e-01
 1.25000e-01
 1.25000e-01
 1.25000e-01
 1.25000e-01
 1.25000e-01
 1.25000e-01
 1.25000e-01
 1.25000e-01
 1.25000e-01
 1.25000e-01
 1.25000e-01
 1.25000e-01
 1.25000e-01
 1.25000e-01
 1.25000e-01
 1.25000e-01
 1.25000e-01
 1.25000e-01
 1.25000e-01
 1.25000e-01
 1.25000e-01
 1.25000e-01
 1.25000e-01
 1.25000e-01
 1.25000e-01
 1.25000e-01
 1.25000e-01
 1.25000e-01
 1.25000e-01
 1.25000e-01
 1.25000e-01
 1.25000e-01
 1.25000e-01
 1.25000e-01
 1.25000e-01
 1.25000e-01
 1.25000e-01
 1.25000e-01
 1.25000e-01
 1.25000e-01
 1.25000e-01
 1.25000e-01
 1.25000e-01
 1.25000e-01
 1.25000e-01
 1.25000e-01
 1.25000e-01
 1.25000e-01
 1.25000e-01
 1.25000e-01
 1.25000e-01
 1.25000e-01
 1.25000e-01
 1.25000e-01
 1.25000e-01
 1.25000e-01
 1.25000e-01
 1.25000e-01
 1.25000e-01
 1.25000e-01
 1.25000e-01
 1.25000e-01
 1.25000e-01
 1.25000e-01
 1.25000e-01
 1.25000e-01
 1.25000e-01
 1.25000e-01
 1.25000e-01
 1.25000e-01
 1.25000e-01
 1.25000e-01
 1.25000e-01
 1.25000e-01
 1.25000e-01
 1.25000e-01
 1.25000e-01
 1.25000e-01
 1.25000e-01
