Density
part
         1
hexa8
 1.00000e+00
 1.00000e+00
 1.00000e+00
 1.00000e+00
 1.00000e+00
 1.00000e+00
 1.00000e+00
 1.00000e+00
 1.00000e+00
 1.00000e+00
 1.00000e+00
 1.00000e+00
 1.00000e+00
 1.00000e+00
 1.00000e+00
 1.00000e+00
 1.00000e+00
 1.00000e+00
 9.99998e-01
 9.99991e-01
 9.99956e-01
 9.99816e-01
 9.99326e-01
 9.97860e-01
 9.94173e-01
 1.00000e+00
 1.00000e+00
 1.00000e+00
 1.00000e+00
 1.00000e+00
 1.00000e+00
 1.00000e+00
 1.00000e+00
 1.00000e+00
 1.00000e+00
 1.00000e+00
 1.00000e+00
 1.00000e+00
 1.00000e+00
 1.00000e+00
 1.00000e+00
 1.00000e+00
 1.00000e+00
 9.99998e-01
 9.99991e-01
 9.99956e-01
 9.99816e-01
 9.99326e-01
 9.97860e-01
 9.94173e-01
 1.00000e+00
 1.00000e+00
 1.00000e+00
 1.00000e+00
 1.00000e+00
 1.00000e+00
 1.00000e+00
 1.00000e+00
 1.00000e+00
 1.00000e+00
 1.00000e+00
 1.00000e+00
 1.00000e+00
 1.00000e+00
 1.00000e+00
 1.00000e+00
 1.00000e+00
 1.00000e+00
 9.99998e-01
 9.99991e-01
 9.99956e-01
 9.99816e-01
 9.99326e-01
 9.97860e-01
 9.94173e-01
 1.00000e+00
 1.00000e+00
 1.00000e+00
 1.00000e+00
 1.00000e+00
 1.00000e+00
 1.00000e+00
 1.00000e+00
 1.00000e+00
 1.00000e+00
 1.00000e+00
 1.00000e+00
 1.00000e+00
 1.00000e+00
 1.00000e+00
 1.00000e+00
 1.00000e+00
 1.00000e+00
 9.99998e-01
 9.99991e-01
 9.99956e-01
 9.99816e-01
 9.99326e-01
 9.97860e-01
 9.94173e-01
 1.00000e+00
 1.00000e+00
 1.00000e+00
 1.00000e+00
 1.00000e+00
 1.00000e+00
 1.00000e+00
 1.00000e+00
 1.00000e+00
 1.00000e+00
 1.00000e+00
 1.00000e+00
 1.00000e+00
 1.00000e+00
 1.00000e+00
 1.00000e+00
 1.00000e+00
 1.00000e+00
 9.99998e-01
 9.99991e-01
 9.99956e-01
 9.99816e-01
 9.99326e-01
 9.97860e-01
 9.94173e-01
 1.00000e+00
 1.00000e+00
 1.00000e+00
 1.00000e+00
 1.00000e+00
 1.00000e+00
 1.00000e+00
 1.00000e+00
 1.00000e+00
 1.00000e+00
 1.00000e+00
 1.00000e+00
 1.00000e+00
 1.00000e+00
 1.00000e+00
 1.00000e+00
 1.00000e+00
 1.00000e+00
 9.99998e-01
 9.99991e-01
 9.99956e-01
 9.99816e-01
 9.99326e-01
 9.97860e-01
 9.94173e-01
 1.00000e+00
 1.00000e+00
 1.00000e+00
 1.00000e+00
 1.00000e+00
 1.00000e+00
 1.00000e+00
 1.00000e+00
 1.00000e+00
 1.00000e+00
 1.00000e+00
 1.00000e+00
 1.00000e+00
 1.00000e+00
 1.00000e+00
 1.00000e+00
 1.00000e+00
 1.00000e+00
 9.99998e-01
 9.99991e-01
 9.99956e-01
 9.99816e-01
 9.99326e-01
 9.97860e-01
 9.94173e-01
 1.00000e+00
 1.00000e+00
 1.00000e+00
 1.00000e+00
 1.00000e+00
 1.00000e+00
 1.00000e+00
 1.00000e+00
 1.00000e+00
 1.00000e+00
 1.00000e+00
 1.00000e+00
 1.00000e+00
 1.00000e+00
 1.00000e+00
 1.00000e+00
 1.00000e+00
 1.00000e+00
 9.99998e-01
 9.99991e-01
 9.99956e-01
 9.99816e-01
 9.99326e-01
 9.97860e-01
 9.94173e-01
 1.00000e+00
 1.00000e+00
 1.00000e+00
 1.00000e+00
 1.00000e+00
 1.00000e+00
 1.00000e+00
 1.00000e+00
 1.00000e+00
 1.00000e+00
 1.00000e+00
 1.00000e+00
 1.00000e+00
 1.00000e+00
 1.00000e+00
 1.00000e+00
 1.00000e+00
 1.00000e+00
 9.99998e-01
 9.99991e-01
 9.99956e-01
 9.99816e-01
 9.99326e-01
 9.97860e-01
 9.94173e-01
 1.00000e+00
 1.00000e+00
 1.00000e+00
 1.00000e+00
 1.00000e+00
 1.00000e+00
 1.00000e+00
 1.00000e+00
 1.00000e+00
 1.00000e+00
 1.00000e+00
 1.00000e+00
 1.00000e+00
 1.00000e+00
 1.00000e+00
 1.00000e+00
 1.00000e+00
 1.00000e+00
 9.99998e-01
 9.99991e-01
 9.99956e-01
 9.99816e-01
 9.99326e-01
 9.97860e-01
 9.94173e-01
 1.00000e+00
 1.00000e+00
 1.00000e+00
 1.00000e+00
 1.00000e+00
 1.00000e+00
 1.00000e+00
 1.00000e+00
 1.00000e+00
 1.00000e+00
 1.00000e+00
 1.00000e+00
 1.00000e+00
 1.00000e+00
 1.00000e+00
 1.00000e+00
 1.00000e+00
 1.00000e+00
 9.99998e-01
 9.99991e-01
 9.99956e-01
 9.99816e-01
 9.99326e-01
 9.97860e-01
 9.94173e-01
 1.00000e+00
 1.00000e+00
 1.00000e+00
 1.00000e+00
 1.00000e+00
 1.00000e+00
 1.00000e+00
 1.00000e+00
 1.00000e+00
 1.00000e+00
 1.00000e+00
 1.00000e+00
 1.00000e+00
 1.00000e+00
 1.00000e+00
 1.00000e+00
 1.00000e+00
 1.00000e+00
 9.99998e-01
 9.99991e-01
 9.99956e-01
 9.99816e-01
 9.99326e-01
 9.97860e-01
 9.94173e-01
 1.00000e+00
 1.00000e+00
 1.00000e+00
 1.00000e+00
 1.00000e+00
 1.00000e+00
 1.00000e+00
 1.00000e+00
 1.00000e+00
 1.00000e+00
 1.00000e+00
 1.00000e+00
 1.00000e+00
 1.00000e+00
 1.00000e+00
 1.00000e+00
 1.00000e+00
 1.00000e+00
 9.99998e-01
 9.99991e-01
 9.99956e-01
 9.99816e-01
 9.99326e-01
 9.97860e-01
 9.94173e-01
 1.00000e+00
 1.00000e+00
 1.00000e+00
 1.00000e+00
 1.00000e+00
 1.00000e+00
 1.00000e+00
 1.00000e+00
 1.00000e+00
 1.00000e+00
 1.00000e+00
 1.00000e+00
 1.00000e+00
 1.00000e+00
 1.00000e+00
 1.00000e+00
 1.00000e+00
 1.00000e+00
 9.99998e-01
 9.99991e-01
 9.99956e-01
 9.99816e-01
 9.99326e-01
 9.97860e-01
 9.94173e-01
 1.00000e+00
 1.00000e+00
 1.00000e+00
 1.00000e+00
 1.00000e+00
 1.00000e+00
 1.00000e+00
 1.00000e+00
 1.00000e+00
 1.00000e+00
 1.00000e+00
 1.00000e+00
 1.00000e+00
 1.00000e+00
 1.00000e+00
 1.00000e+00
 1.00000e+00
 1.00000e+00
 9.99998e-01
 9.99991e-01
 9.99956e-01
 9.99816e-01
 9.99326e-01
 9.97860e-01
 9.94173e-01
 1.00000e+00
 1.00000e+00
 1.00000e+00
 1.00000e+00
 1.00000e+00
 1.00000e+00
 1.00000e+00
 1.00000e+00
 1.00000e+00
 1.00000e+00
 1.00000e+00
 1.00000e+00
 1.00000e+00
 1.00000e+00
 1.00000e+00
 1.00000e+00
 1.00000e+00
 1.00000e+00
 9.99998e-01
 9.99991e-01
 9.99956e-01
 9.99816e-01
 9.99326e-01
 9.97860e-01
 9.94173e-01
 1.00000e+00
 1.00000e+00
 1.00000e+00
 1.00000e+00
 1.00000e+00
 1.00000e+00
 1.00000e+00
 1.00000e+00
 1.00000e+00
 1.00000e+00
 1.00000e+00
 1.00000e+00
 1.00000e+00
 1.00000e+00
 1.00000e+00
 1.00000e+00
 1.00000e+00
 1.00000e+00
 9.99998e-01
 9.99991e-01
 9.99956e-01
 9.99816e-01
 9.99326e-01
 9.97860e-01
 9.94173e-01
 1.00000e+00
 1.00000e+00
 1.00000e+00
 1.00000e+00
 1.00000e+00
 1.00000e+00
 1.00000e+00
 1.00000e+00
 1.00000e+00
 1.00000e+00
 1.00000e+00
 1.00000e+00
 1.00000e+00
 1.00000e+00
 1.00000e+00
 1.00000e+00
 1.00000e+00
 1.00000e+00
 9.99998e-01
 9.99991e-01
 9.99956e-01
 9.99816e-01
 9.99326e-01
 9.97860e-01
 9.94173e-01
 1.00000e+00
 1.00000e+00
 1.00000e+00
 1.00000e+00
 1.00000e+00
 1.00000e+00
 1.00000e+00
 1.00000e+00
 1.00000e+00
 1.00000e+00
 1.00000e+00
 1.00000e+00
 1.00000e+00
 1.00000e+00
 1.00000e+00
 1.00000e+00
 1.00000e+00
 1.00000e+00
 9.99998e-01
 9.99991e-01
 9.99956e-01
 9.99816e-01
 9.99326e-01
 9.97860e-01
 9.94173e-01
 1.00000e+00
 1.00000e+00
 1.00000e+00
 1.00000e+00
 1.00000e+00
 1.00000e+00
 1.00000e+00
 1.00000e+00
 1.00000e+00
 1.00000e+00
 1.00000e+00
 1.00000e+00
 1.00000e+00
 1.00000e+00
 1.00000e+00
 1.00000e+00
 1.00000e+00
 1.00000e+00
 9.99998e-01
 9.99991e-01
 9.99956e-01
 9.99816e-01
 9.99326e-01
 9.97860e-01
 9.94173e-01
 1.00000e+00
 1.00000e+00
 1.00000e+00
 1.00000e+00
 1.00000e+00
 1.00000e+00
 1.00000e+00
 1.00000e+00
 1.00000e+00
 1.00000e+00
 1.00000e+00
 1.00000e+00
 1.00000e+00
 1.00000e+00
 1.00000e+00
 1.00000e+00
 1.00000e+00
 1.00000e+00
 9.99998e-01
 9.99991e-01
 9.99956e-01
 9.99816e-01
 9.99326e-01
 9.97860e-01
 9.94173e-01
 1.00000e+00
 1.00000e+00
 1.00000e+00
 1.00000e+00
 1.00000e+00
 1.00000e+00
 1.00000e+00
 1.00000e+00
 1.00000e+00
 1.00000e+00
 1.00000e+00
 1.00000e+00
 1.00000e+00
 1.00000e+00
 1.00000e+00
 1.00000e+00
 1.00000e+00
 1.00000e+00
 9.99998e-01
 9.99991e-01
 9.99956e-01
 9.99816e-01
 9.99326e-01
 9.97860e-01
 9.94173e-01
 1.00000e+00
 1.00000e+00
 1.00000e+00
 1.00000e+00
 1.00000e+00
 1.00000e+00
 1.00000e+00
 1.00000e+00
 1.00000e+00
 1.00000e+00
 1.00000e+00
 1.00000e+00
 1.00000e+00
 1.00000e+00
 1.00000e+00
 1.00000e+00
 1.00000e+00
 1.00000e+00
 9.99998e-01
 9.99991e-01
 9.99956e-01
 9.99816e-01
 9.99326e-01
 9.97860e-01
 9.94173e-01
 1.00000e+00
 1.00000e+00
 1.00000e+00
 1.00000e+00
 1.00000e+00
 1.00000e+00
 1.00000e+00
 1.00000e+00
 1.00000e+00
 1.00000e+00
 1.00000e+00
 1.00000e+00
 1.00000e+00
 1.00000e+00
 1.00000e+00
 1.00000e+00
 1.00000e+00
 1.00000e+00
 9.99998e-01
 9.99991e-01
 9.99956e-01
 9.99816e-01
 9.99326e-01
 9.97860e-01
 9.94173e-01
 1.00000e+00
 1.00000e+00
 1.00000e+00
 1.00000e+00
 1.00000e+00
 1.00000e+00
 1.00000e+00
 1.00000e+00
 1.00000e+00
 1.00000e+00
 1.00000e+00
 1.00000e+00
 1.00000e+00
 1.00000e+00
 1.00000e+00
 1.00000e+00
 1.00000e+00
 1.00000e+00
 9.99998e-01
 9.99991e-01
 9.99956e-01
 9.99816e-01
 9.99326e-01
 9.97860e-01
 9.94173e-01
part
         2
hexa8
 9.86509e-01
 9.73394e-01
 9.54622e-01
 9.31306e-01
 9.04993e-01
 8.76969e-01
 8.48110e-01
 8.18965e-01
 7.89869e-01
 7.61025e-01
 7.32569e-01
 7.04550e-01
 6.77117e-01
 6.50174e-01
 6.23935e-01
 5.98434e-01
 5.73320e-01
 5.49290e-01
 5.25494e-01
 5.01507e-01
 4.76987e-01
 4.30731e-01
 4.28455e-01
 4.28852e-01
 4.26751e-01
 9.86509e-01
 9.73394e-01
 9.54622e-01
 9.31306e-01
 9.04993e-01
 8.76969e-01
 8.48110e-01
 8.18965e-01
 7.89869e-01
 7.61025e-01
 7.32569e-01
 7.04550e-01
 6.77117e-01
 6.50174e-01
 6.23935e-01
 5.98434e-01
 5.73320e-01
 5.49290e-01
 5.25494e-01
 5.01507e-01
 4.76987e-01
 4.30731e-01
 4.28455e-01
 4.28852e-01
 4.26751e-01
 9.86509e-01
 9.73394e-01
 9.54622e-01
 9.31306e-01
 9.04993e-01
 8.76969e-01
 8.48110e-01
 8.18965e-01
 7.89869e-01
 7.61025e-01
 7.32569e-01
 7.04550e-01
 6.77117e-01
 6.50174e-01
 6.23935e-01
 5.98434e-01
 5.73320e-01
 5.49290e-01
 5.25494e-01
 5.01507e-01
 4.76987e-01
 4.30731e-01
 4.28455e-01
 4.28852e-01
 4.26751e-01
 9.86509e-01
 9.73394e-01
 9.54622e-01
 9.31306e-01
 9.04993e-01
 8.76969e-01
 8.48110e-01
 8.18965e-01
 7.89869e-01
 7.61025e-01
 7.32569e-01
 7.04550e-01
 6.77117e-01
 6.50174e-01
 6.23935e-01
 5.98434e-01
 5.73320e-01
 5.49290e-01
 5.25494e-01
 5.01507e-01
 4.76987e-01
 4.30731e-01
 4.28455e-01
 4.28852e-01
 4.26751e-01
 9.86509e-01
 9.73394e-01
 9.54622e-01
 9.31306e-01
 9.04993e-01
 8.76969e-01
 8.48110e-01
 8.18965e-01
 7.89869e-01
 7.61025e-01
 7.32569e-01
 7.04550e-01
 6.77117e-01
 6.50174e-01
 6.23935e-01
 5.98434e-01
 5.73320e-01
 5.49290e-01
 5.25494e-01
 5.01507e-01
 4.76987e-01
 4.30731e-01
 4.28455e-01
 4.28852e-01
 4.26751e-01
 9.86509e-01
 9.73394e-01
 9.54622e-01
 9.31306e-01
 9.04993e-01
 8.76969e-01
 8.48110e-01
 8.18965e-01
 7.89869e-01
 7.61025e-01
 7.32569e-01
 7.04550e-01
 6.77117e-01
 6.50174e-01
 6.23935e-01
 5.98434e-01
 5.73320e-01
 5.49290e-01
 5.25494e-01
 5.01507e-01
 4.76987e-01
 4.30731e-01
 4.28455e-01
 4.28852e-01
 4.26751e-01
 9.86509e-01
 9.73394e-01
 9.54622e-01
 9.31306e-01
 9.04993e-01
 8.76969e-01
 8.48110e-01
 8.18965e-01
 7.89869e-01
 7.61025e-01
 7.32569e-01
 7.04550e-01
 6.77117e-01
 6.50174e-01
 6.23935e-01
 5.98434e-01
 5.73320e-01
 5.49290e-01
 5.25494e-01
 5.01507e-01
 4.76987e-01
 4.30731e-01
 4.28455e-01
 4.28852e-01
 4.26751e-01
 9.86509e-01
 9.73394e-01
 9.54622e-01
 9.31306e-01
 9.04993e-01
 8.76969e-01
 8.48110e-01
 8.18965e-01
 7.89869e-01
 7.61025e-01
 7.32569e-01
 7.04550e-01
 6.77117e-01
 6.50174e-01
 6.23935e-01
 5.98434e-01
 5.73320e-01
 5.49290e-01
 5.25494e-01
 5.01507e-01
 4.76987e-01
 4.30731e-01
 4.28455e-01
 4.28852e-01
 4.26751e-01
 9.86509e-01
 9.73394e-01
 9.54622e-01
 9.31306e-01
 9.04993e-01
 8.76969e-01
 8.48110e-01
 8.18965e-01
 7.89869e-01
 7.61025e-01
 7.32569e-01
 7.04550e-01
 6.77117e-01
 6.50174e-01
 6.23935e-01
 5.98434e-01
 5.73320e-01
 5.49290e-01
 5.25494e-01
 5.01507e-01
 4.76987e-01
 4.30731e-01
 4.28455e-01
 4.28852e-01
 4.26751e-01
 9.86509e-01
 9.73394e-01
 9.54622e-01
 9.31306e-01
 9.04993e-01
 8.76969e-01
 8.48110e-01
 8.18965e-01
 7.89869e-01
 7.61025e-01
 7.32569e-01
 7.04550e-01
 6.77117e-01
 6.50174e-01
 6.23935e-01
 5.98434e-01
 5.73320e-01
 5.49290e-01
 5.25494e-01
 5.01507e-01
 4.76987e-01
 4.30731e-01
 4.28455e-01
 4.28852e-01
 4.26751e-01
 9.86509e-01
 9.73394e-01
 9.54622e-01
 9.31306e-01
 9.04993e-01
 8.76969e-01
 8.48110e-01
 8.18965e-01
 7.89869e-01
 7.61025e-01
 7.32569e-01
 7.04550e-01
 6.77117e-01
 6.50174e-01
 6.23935e-01
 5.98434e-01
 5.73320e-01
 5.49290e-01
 5.25494e-01
 5.01507e-01
 4.76987e-01
 4.30731e-01
 4.28455e-01
 4.28852e-01
 4.26751e-01
 9.86509e-01
 9.73394e-01
 9.54622e-01
 9.31306e-01
 9.04993e-01
 8.76969e-01
 8.48110e-01
 8.18965e-01
 7.89869e-01
 7.61025e-01
 7.32569e-01
 7.04550e-01
 6.77117e-01
 6.50174e-01
 6.23935e-01
 5.98434e-01
 5.73320e-01
 5.49290e-01
 5.25494e-01
 5.01507e-01
 4.76987e-01
 4.30731e-01
 4.28455e-01
 4.28852e-01
 4.26751e-01
 9.86509e-01
 9.73394e-01
 9.54622e-01
 9.31306e-01
 9.04993e-01
 8.76969e-01
 8.48110e-01
 8.18965e-01
 7.89869e-01
 7.61025e-01
 7.32569e-01
 7.04550e-01
 6.77117e-01
 6.50174e-01
 6.23935e-01
 5.98434e-01
 5.73320e-01
 5.49290e-01
 5.25494e-01
 5.01507e-01
 4.76987e-01
 4.30731e-01
 4.28455e-01
 4.28852e-01
 4.26751e-01
 9.86509e-01
 9.73394e-01
 9.54622e-01
 9.31306e-01
 9.04993e-01
 8.76969e-01
 8.48110e-01
 8.18965e-01
 7.89869e-01
 7.61025e-01
 7.32569e-01
 7.04550e-01
 6.77117e-01
 6.50174e-01
 6.23935e-01
 5.98434e-01
 5.73320e-01
 5.49290e-01
 5.25494e-01
 5.01507e-01
 4.76987e-01
 4.30731e-01
 4.28455e-01
 4.28852e-01
 4.26751e-01
 9.86509e-01
 9.73394e-01
 9.54622e-01
 9.31306e-01
 9.04993e-01
 8.76969e-01
 8.48110e-01
 8.18965e-01
 7.89869e-01
 7.61025e-01
 7.32569e-01
 7.04550e-01
 6.77117e-01
 6.50174e-01
 6.23935e-01
 5.98434e-01
 5.73320e-01
 5.49290e-01
 5.25494e-01
 5.01507e-01
 4.76987e-01
 4.30731e-01
 4.28455e-01
 4.28852e-01
 4.26751e-01
 9.86509e-01
 9.73394e-01
 9.54622e-01
 9.31306e-01
 9.04993e-01
 8.76969e-01
 8.48110e-01
 8.18965e-01
 7.89869e-01
 7.61025e-01
 7.32569e-01
 7.04550e-01
 6.77117e-01
 6.50174e-01
 6.23935e-01
 5.98434e-01
 5.73320e-01
 5.49290e-01
 5.25494e-01
 5.01507e-01
 4.76987e-01
 4.30731e-01
 4.28455e-01
 4.28852e-01
 4.26751e-01
 9.86509e-01
 9.73394e-01
 9.54622e-01
 9.31306e-01
 9.04993e-01
 8.76969e-01
 8.48110e-01
 8.18965e-01
 7.89869e-01
 7.61025e-01
 7.32569e-01
 7.04550e-01
 6.77117e-01
 6.50174e-01
 6.23935e-01
 5.98434e-01
 5.73320e-01
 5.49290e-01
 5.25494e-01
 5.01507e-01
 4.76987e-01
 4.30731e-01
 4.28455e-01
 4.28852e-01
 4.26751e-01
 9.86509e-01
 9.73394e-01
 9.54622e-01
 9.31306e-01
 9.04993e-01
 8.76969e-01
 8.48110e-01
 8.18965e-01
 7.89869e-01
 7.61025e-01
 7.32569e-01
 7.04550e-01
 6.77117e-01
 6.50174e-01
 6.23935e-01
 5.98434e-01
 5.73320e-01
 5.49290e-01
 5.25494e-01
 5.01507e-01
 4.76987e-01
 4.30731e-01
 4.28455e-01
 4.28852e-01
 4.26751e-01
 9.86509e-01
 9.73394e-01
 9.54622e-01
 9.31306e-01
 9.04993e-01
 8.76969e-01
 8.48110e-01
 8.18965e-01
 7.89869e-01
 7.61025e-01
 7.32569e-01
 7.04550e-01
 6.77117e-01
 6.50174e-01
 6.23935e-01
 5.98434e-01
 5.73320e-01
 5.49290e-01
 5.25494e-01
 5.01507e-01
 4.76987e-01
 4.30731e-01
 4.28455e-01
 4.28852e-01
 4.26751e-01
 9.86509e-01
 9.73394e-01
 9.54622e-01
 9.31306e-01
 9.04993e-01
 8.76969e-01
 8.48110e-01
 8.18965e-01
 7.89869e-01
 7.61025e-01
 7.32569e-01
 7.04550e-01
 6.77117e-01
 6.50174e-01
 6.23935e-01
 5.98434e-01
 5.73320e-01
 5.49290e-01
 5.25494e-01
 5.01507e-01
 4.76987e-01
 4.30731e-01
 4.28455e-01
 4.28852e-01
 4.26751e-01
 9.86509e-01
 9.73394e-01
 9.54622e-01
 9.31306e-01
 9.04993e-01
 8.76969e-01
 8.48110e-01
 8.18965e-01
 7.89869e-01
 7.61025e-01
 7.32569e-01
 7.04550e-01
 6.77117e-01
 6.50174e-01
 6.23935e-01
 5.98434e-01
 5.73320e-01
 5.49290e-01
 5.25494e-01
 5.01507e-01
 4.76987e-01
 4.30731e-01
 4.28455e-01
 4.28852e-01
 4.26751e-01
 9.86509e-01
 9.73394e-01
 9.54622e-01
 9.31306e-01
 9.04993e-01
 8.76969e-01
 8.48110e-01
 8.18965e-01
 7.89869e-01
 7.61025e-01
 7.32569e-01
 7.04550e-01
 6.77117e-01
 6.50174e-01
 6.23935e-01
 5.98434e-01
 5.73320e-01
 5.49290e-01
 5.25494e-01
 5.01507e-01
 4.76987e-01
 4.30731e-01
 4.28455e-01
 4.28852e-01
 4.26751e-01
 9.86509e-01
 9.73394e-01
 9.54622e-01
 9.31306e-01
 9.04993e-01
 8.76969e-01
 8.48110e-01
 8.18965e-01
 7.89869e-01
 7.61025e-01
 7.32569e-01
 7.04550e-01
 6.77117e-01
 6.50174e-01
 6.23935e-01
 5.98434e-01
 5.73320e-01
 5.49290e-01
 5.25494e-01
 5.01507e-01
 4.76987e-01
 4.30731e-01
 4.28455e-01
 4.28852e-01
 4.26751e-01
 9.86509e-01
 9.73394e-01
 9.54622e-01
 9.31306e-01
 9.04993e-01
 8.76969e-01
 8.48110e-01
 8.18965e-01
 7.89869e-01
 7.61025e-01
 7.32569e-01
 7.04550e-01
 6.77117e-01
 6.50174e-01
 6.23935e-01
 5.98434e-01
 5.73320e-01
 5.49290e-01
 5.25494e-01
 5.01507e-01
 4.76987e-01
 4.30731e-01
 4.28455e-01
 4.28852e-01
 4.26751e-01
 9.86509e-01
 9.73394e-01
 9.54622e-01
 9.31306e-01
 9.04993e-01
 8.76969e-01
 8.48110e-01
 8.18965e-01
 7.89869e-01
 7.61025e-01
 7.32569e-01
 7.04550e-01
 6.77117e-01
 6.50174e-01
 6.23935e-01
 5.98434e-01
 5.73320e-01
 5.49290e-01
 5.25494e-01
 5.01507e-01
 4.76987e-01
 4.30731e-01
 4.28455e-01
 4.28852e-01
 4.26751e-01
part
         3
hexa8
 4.22533e-01
 4.20797e-01
 4.21869e-01
 4.23384e-01
 4.23620e-01
 4.23152e-01
 4.22221e-01
 4.22575e-01
 4.25440e-01
 4.27496e-01
 4.27454e-01
 4.25543e-01
 4.24542e-01
 4.26936e-01
 4.35545e-01
 4.39917e-01
 4.35146e-01
 3.87110e-01
 3.19361e-01
 2.72835e-01
 2.58654e-01
 2.58397e-01
 2.60301e-01
 2.62580e-01
 2.63900e-01
 4.22533e-01
 4.20797e-01
 4.21869e-01
 4.23384e-01
 4.23620e-01
 4.23152e-01
 4.22221e-01
 4.22575e-01
 4.25440e-01
 4.27496e-01
 4.27454e-01
 4.25543e-01
 4.24542e-01
 4.26936e-01
 4.35545e-01
 4.39917e-01
 4.35146e-01
 3.87110e-01
 3.19361e-01
 2.72835e-01
 2.58654e-01
 2.58397e-01
 2.60301e-01
 2.62580e-01
 2.63900e-01
 4.22533e-01
 4.20797e-01
 4.21869e-01
 4.23384e-01
 4.23620e-01
 4.23152e-01
 4.22221e-01
 4.22575e-01
 4.25440e-01
 4.27496e-01
 4.27454e-01
 4.25543e-01
 4.24542e-01
 4.26936e-01
 4.35545e-01
 4.39917e-01
 4.35146e-01
 3.87110e-01
 3.19361e-01
 2.72835e-01
 2.58654e-01
 2.58397e-01
 2.60301e-01
 2.62580e-01
 2.63900e-01
 4.22533e-01
 4.20797e-01
 4.21869e-01
 4.23384e-01
 4.23620e-01
 4.23152e-01
 4.22221e-01
 4.22575e-01
 4.25440e-01
 4.27496e-01
 4.27454e-01
 4.25543e-01
 4.24542e-01
 4.26936e-01
 4.35545e-01
 4.39917e-01
 4.35146e-01
 3.87110e-01
 3.19361e-01
 2.72835e-01
 2.58654e-01
 2.58397e-01
 2.60301e-01
 2.62580e-01
 2.63900e-01
 4.22533e-01
 4.20797e-01
 4.21869e-01
 4.23384e-01
 4.23620e-01
 4.23152e-01
 4.22221e-01
 4.22575e-01
 4.25440e-01
 4.27496e-01
 4.27454e-01
 4.25543e-01
 4.24542e-01
 4.26936e-01
 4.35545e-01
 4.39917e-01
 4.35146e-01
 3.87110e-01
 3.19361e-01
 2.72835e-01
 2.58654e-01
 2.58397e-01
 2.60301e-01
 2.62580e-01
 2.63900e-01
 4.22533e-01
 4.20797e-01
 4.21869e-01
 4.23384e-01
 4.23620e-01
 4.23152e-01
 4.22221e-01
 4.22575e-01
 4.25440e-01
 4.27496e-01
 4.27454e-01
 4.25543e-01
 4.24542e-01
 4.26936e-01
 4.35545e-01
 4.39917e-01
 4.35146e-01
 3.87110e-01
 3.19361e-01
 2.72835e-01
 2.58654e-01
 2.58397e-01
 2.60301e-01
 2.62580e-01
 2.63900e-01
 4.22533e-01
 4.20797e-01
 4.21869e-01
 4.23384e-01
 4.23620e-01
 4.23152e-01
 4.22221e-01
 4.22575e-01
 4.25440e-01
 4.27496e-01
 4.27454e-01
 4.25543e-01
 4.24542e-01
 4.26936e-01
 4.35545e-01
 4.39917e-01
 4.35146e-01
 3.87110e-01
 3.19361e-01
 2.72835e-01
 2.58654e-01
 2.58397e-01
 2.60301e-01
 2.62580e-01
 2.63900e-01
 4.22533e-01
 4.20797e-01
 4.21869e-01
 4.23384e-01
 4.23620e-01
 4.23152e-01
 4.22221e-01
 4.22575e-01
 4.25440e-01
 4.27496e-01
 4.27454e-01
 4.25543e-01
 4.24542e-01
 4.26936e-01
 4.35545e-01
 4.39917e-01
 4.35146e-01
 3.87110e-01
 3.19361e-01
 2.72835e-01
 2.58654e-01
 2.58397e-01
 2.60301e-01
 2.62580e-01
 2.63900e-01
 4.22533e-01
 4.20797e-01
 4.21869e-01
 4.23384e-01
 4.23620e-01
 4.23152e-01
 4.22221e-01
 4.22575e-01
 4.25440e-01
 4.27496e-01
 4.27454e-01
 4.25543e-01
 4.24542e-01
 4.26936e-01
 4.35545e-01
 4.39917e-01
 4.35146e-01
 3.87110e-01
 3.19361e-01
 2.72835e-01
 2.58654e-01
 2.58397e-01
 2.60301e-01
 2.62580e-01
 2.63900e-01
 4.22533e-01
 4.20797e-01
 4.21869e-01
 4.23384e-01
 4.23620e-01
 4.23152e-01
 4.22221e-01
 4.22575e-01
 4.25440e-01
 4.27496e-01
 4.27454e-01
 4.25543e-01
 4.24542e-01
 4.26936e-01
 4.35545e-01
 4.39917e-01
 4.35146e-01
 3.87110e-01
 3.19361e-01
 2.72835e-01
 2.58654e-01
 2.58397e-01
 2.60301e-01
 2.62580e-01
 2.63900e-01
 4.22533e-01
 4.20797e-01
 4.21869e-01
 4.23384e-01
 4.23620e-01
 4.23152e-01
 4.22221e-01
 4.22575e-01
 4.25440e-01
 4.27496e-01
 4.27454e-01
 4.25543e-01
 4.24542e-01
 4.26936e-01
 4.35545e-01
 4.39917e-01
 4.35146e-01
 3.87110e-01
 3.19361e-01
 2.72835e-01
 2.58654e-01
 2.58397e-01
 2.60301e-01
 2.62580e-01
 2.63900e-01
 4.22533e-01
 4.20797e-01
 4.21869e-01
 4.23384e-01
 4.23620e-01
 4.23152e-01
 4.22221e-01
 4.22575e-01
 4.25440e-01
 4.27496e-01
 4.27454e-01
 4.25543e-01
 4.24542e-01
 4.26936e-01
 4.35545e-01
 4.39917e-01
 4.35146e-01
 3.87110e-01
 3.19361e-01
 2.72835e-01
 2.58654e-01
 2.58397e-01
 2.60301e-01
 2.62580e-01
 2.63900e-01
 4.22533e-01
 4.20797e-01
 4.21869e-01
 4.23384e-01
 4.23620e-01
 4.23152e-01
 4.22221e-01
 4.22575e-01
 4.25440e-01
 4.27496e-01
 4.27454e-01
 4.25543e-01
 4.24542e-01
 4.26936e-01
 4.35545e-01
 4.39917e-01
 4.35146e-01
 3.87110e-01
 3.19361e-01
 2.72835e-01
 2.58654e-01
 2.58397e-01
 2.60301e-01
 2.62580e-01
 2.63900e-01
 4.22533e-01
 4.20797e-01
 4.21869e-01
 4.23384e-01
 4.23620e-01
 4.23152e-01
 4.22221e-01
 4.22575e-01
 4.25440e-01
 4.27496e-01
 4.27454e-01
 4.25543e-01
 4.24542e-01
 4.26936e-01
 4.35545e-01
 4.39917e-01
 4.35146e-01
 3.87110e-01
 3.19361e-01
 2.72835e-01
 2.58654e-01
 2.58397e-01
 2.60301e-01
 2.62580e-01
 2.63900e-01
 4.22533e-01
 4.20797e-01
 4.21869e-01
 4.23384e-01
 4.23620e-01
 4.23152e-01
 4.22221e-01
 4.22575e-01
 4.25440e-01
 4.27496e-01
 4.27454e-01
 4.25543e-01
 4.24542e-01
 4.26936e-01
 4.35545e-01
 4.39917e-01
 4.35146e-01
 3.87110e-01
 3.19361e-01
 2.72835e-01
 2.58654e-01
 2.58397e-01
 2.60301e-01
 2.62580e-01
 2.63900e-01
 4.22533e-01
 4.20797e-01
 4.21869e-01
 4.23384e-01
 4.23620e-01
 4.23152e-01
 4.22221e-01
 4.22575e-01
 4.25440e-01
 4.27496e-01
 4.27454e-01
 4.25543e-01
 4.24542e-01
 4.26936e-01
 4.35545e-01
 4.39917e-01
 4.35146e-01
 3.87110e-01
 3.19361e-01
 2.72835e-01
 2.58654e-01
 2.58397e-01
 2.60301e-01
 2.62580e-01
 2.63900e-01
 4.22533e-01
 4.20797e-01
 4.21869e-01
 4.23384e-01
 4.23620e-01
 4.23152e-01
 4.22221e-01
 4.22575e-01
 4.25440e-01
 4.27496e-01
 4.27454e-01
 4.25543e-01
 4.24542e-01
 4.26936e-01
 4.35545e-01
 4.39917e-01
 4.35146e-01
 3.87110e-01
 3.19361e-01
 2.72835e-01
 2.58654e-01
 2.58397e-01
 2.60301e-01
 2.62580e-01
 2.63900e-01
 4.22533e-01
 4.20797e-01
 4.21869e-01
 4.23384e-01
 4.23620e-01
 4.23152e-01
 4.22221e-01
 4.22575e-01
 4.25440e-01
 4.27496e-01
 4.27454e-01
 4.25543e-01
 4.24542e-01
 4.26936e-01
 4.35545e-01
 4.39917e-01
 4.35146e-01
 3.87110e-01
 3.19361e-01
 2.72835e-01
 2.58654e-01
 2.58397e-01
 2.60301e-01
 2.62580e-01
 2.63900e-01
 4.22533e-01
 4.20797e-01
 4.21869e-01
 4.23384e-01
 4.23620e-01
 4.23152e-01
 4.22221e-01
 4.22575e-01
 4.25440e-01
 4.27496e-01
 4.27454e-01
 4.25543e-01
 4.24542e-01
 4.26936e-01
 4.35545e-01
 4.39917e-01
 4.35146e-01
 3.87110e-01
 3.19361e-01
 2.72835e-01
 2.58654e-01
 2.58397e-01
 2.60301e-01
 2.62580e-01
 2.63900e-01
 4.22533e-01
 4.20797e-01
 4.21869e-01
 4.23384e-01
 4.23620e-01
 4.23152e-01
 4.22221e-01
 4.22575e-01
 4.25440e-01
 4.27496e-01
 4.27454e-01
 4.25543e-01
 4.24542e-01
 4.26936e-01
 4.35545e-01
 4.39917e-01
 4.35146e-01
 3.87110e-01
 3.19361e-01
 2.72835e-01
 2.58654e-01
 2.58397e-01
 2.60301e-01
 2.62580e-01
 2.63900e-01
 4.22533e-01
 4.20797e-01
 4.21869e-01
 4.23384e-01
 4.23620e-01
 4.23152e-01
 4.22221e-01
 4.22575e-01
 4.25440e-01
 4.27496e-01
 4.27454e-01
 4.25543e-01
 4.24542e-01
 4.26936e-01
 4.35545e-01
 4.39917e-01
 4.35146e-01
 3.87110e-01
 3.19361e-01
 2.72835e-01
 2.58654e-01
 2.58397e-01
 2.60301e-01
 2.62580e-01
 2.63900e-01
 4.22533e-01
 4.20797e-01
 4.21869e-01
 4.23384e-01
 4.23620e-01
 4.23152e-01
 4.22221e-01
 4.22575e-01
 4.25440e-01
 4.27496e-01
 4.27454e-01
 4.25543e-01
 4.24542e-01
 4.26936e-01
 4.35545e-01
 4.39917e-01
 4.35146e-01
 3.87110e-01
 3.19361e-01
 2.72835e-01
 2.58654e-01
 2.58397e-01
 2.60301e-01
 2.62580e-01
 2.63900e-01
 4.22533e-01
 4.20797e-01
 4.21869e-01
 4.23384e-01
 4.23620e-01
 4.23152e-01
 4.22221e-01
 4.22575e-01
 4.25440e-01
 4.27496e-01
 4.27454e-01
 4.25543e-01
 4.24542e-01
 4.26936e-01
 4.35545e-01
 4.39917e-01
 4.35146e-01
 3.87110e-01
 3.19361e-01
 2.72835e-01
 2.58654e-01
 2.58397e-01
 2.60301e-01
 2.62580e-01
 2.63900e-01
 4.22533e-01
 4.20797e-01
 4.21869e-01
 4.23384e-01
 4.23620e-01
 4.23152e-01
 4.22221e-01
 4.22575e-01
 4.25440e-01
 4.27496e-01
 4.27454e-01
 4.25543e-01
 4.24542e-01
 4.26936e-01
 4.35545e-01
 4.39917e-01
 4.35146e-01
 3.87110e-01
 3.19361e-01
 2.72835e-01
 2.58654e-01
 2.58397e-01
 2.60301e-01
 2.62580e-01
 2.63900e-01
 4.22533e-01
 4.20797e-01
 4.21869e-01
 4.23384e-01
 4.23620e-01
 4.23152e-01
 4.22221e-01
 4.22575e-01
 4.25440e-01
 4.27496e-01
 4.27454e-01
 4.25543e-01
 4.24542e-01
 4.26936e-01
 4.35545e-01
 4.39917e-01
 4.35146e-01
 3.87110e-01
 3.19361e-01
 2.72835e-01
 2.58654e-01
 2.58397e-01
 2.60301e-01
 2.62580e-01
 2.63900e-01
part
         4
hexa8
 2.64406e-01
 2.64608e-01
 2.64727e-01
 2.64747e-01
 2.64617e-01
 2.63737e-01
 2.61476e-01
 2.54039e-01
 2.39769e-01
 2.14733e-01
 1.86575e-01
 1.59834e-01
 1.41501e-01
 1.31273e-01
 1.26919e-01
 1.25512e-01
 1.25129e-01
 1.25032e-01
 1.25008e-01
 1.25002e-01
 1.25000e-01
 1.25000e-01
 1.25000e-01
 1.25000e-01
 1.25000e-01
 2.64406e-01
 2.64608e-01
 2.64727e-01
 2.64747e-01
 2.64617e-01
 2.63737e-01
 2.61476e-01
 2.54039e-01
 2.39769e-01
 2.14733e-01
 1.86575e-01
 1.59834e-01
 1.41501e-01
 1.31273e-01
 1.26919e-01
 1.25512e-01
 1.25129e-01
 1.25032e-01
 1.25008e-01
 1.25002e-01
 1.25000e-01
 1.25000e-01
 1.25000e-01
 1.25000e-01
 1.25000e-01
 2.64406e-01
 2.64608e-01
 2.64727e-01
 2.64747e-01
 2.64617e-01
 2.63737e-01
 2.61476e-01
 2.54039e-01
 2.39769e-01
 2.14733e-01
 1.86575e-01
 1.59834e-01
 1.41501e-01
 1.31273e-01
 1.26919e-01
 1.25512e-01
 1.25129e-01
 1.25032e-01
 1.25008e-01
 1.25002e-01
 1.25000e-01
 1.25000e-01
 1.25000e-01
 1.25000e-01
 1.25000e-01
 2.64406e-01
 2.64608e-01
 2.64727e-01
 2.64747e-01
 2.64617e-01
 2.63737e-01
 2.61476e-01
 2.54039e-01
 2.39769e-01
 2.14733e-01
 1.86575e-01
 1.59834e-01
 1.41501e-01
 1.31273e-01
 1.26919e-01
 1.25512e-01
 1.25129e-01
 1.25032e-01
 1.25008e-01
 1.25002e-01
 1.25000e-01
 1.25000e-01
 1.25000e-01
 1.25000e-01
 1.25000e-01
 2.64406e-01
 2.64608e-01
 2.64727e-01
 2.64747e-01
 2.64617e-01
 2.63737e-01
 2.61476e-01
 2.54039e-01
 2.39769e-01
 2.14733e-01
 1.86575e-01
 1.59834e-01
 1.41501e-01
 1.31273e-01
 1.26919e-01
 1.25512e-01
 1.25129e-01
 1.25032e-01
 1.25008e-01
 1.25002e-01
 1.25000e-01
 1.25000e-01
 1.25000e-01
 1.25000e-01
 1.25000e-01
 2.64406e-01
 2.64608e-01
 2.64727e-01
 2.64747e-01
 2.64617e-01
 2.63737e-01
 2.61476e-01
 2.54039e-01
 2.39769e-01
 2.14733e-01
 1.86575e-01
 1.59834e-01
 1.41501e-01
 1.31273e-01
 1.26919e-01
 1.25512e-01
 1.25129e-01
 1.25032e-01
 1.25008e-01
 1.25002e-01
 1.25000e-01
 1.25000e-01
 1.25000e-01
 1.25000e-01
 1.25000e-01
 2.64406e-01
 2.64608e-01
 2.64727e-01
 2.64747e-01
 2.64617e-01
 2.63737e-01
 2.61476e-01
 2.54039e-01
 2.39769e-01
 2.14733e-01
 1.86575e-01
 1.59834e-01
 1.41501e-01
 1.31273e-01
 1.26919e-01
 1.25512e-01
 1.25129e-01
 1.25032e-01
 1.25008e-01
 1.25002e-01
 1.25000e-01
 1.25000e-01
 1.25000e-01
 1.25000e-01
 1.25000e-01
 2.64406e-01
 2.64608e-01
 2.64727e-01
 2.64747e-01
 2.64617e-01
 2.63737e-01
 2.61476e-01
 2.54039e-01
 2.39769e-01
 2.14733e-01
 1.86575e-01
 1.59834e-01
 1.41501e-01
 1.31273e-01
 1.26919e-01
 1.25512e-01
 1.25129e-01
 1.25032e-01
 1.25008e-01
 1.25002e-01
 1.25000e-01
 1.25000e-01
 1.25000e-01
 1.25000e-01
 1.25000e-01
 2.64406e-01
 2.64608e-01
 2.64727e-01
 2.64747e-01
 2.64617e-01
 2.63737e-01
 2.61476e-01
 2.54039e-01
 2.39769e-01
 2.14733e-01
 1.86575e-01
 1.59834e-01
 1.41501e-01
 1.31273e-01
 1.26919e-01
 1.25512e-01
 1.25129e-01
 1.25032e-01
 1.25008e-01
 1.25002e-01
 1.25000e-01
 1.25000e-01
 1.25000e-01
 1.25000e-01
 1.25000e-01
 2.64406e-01
 2.64608e-01
 2.64727e-01
 2.64747e-01
 2.64617e-01
 2.63737e-01
 2.61476e-01
 2.54039e-01
 2.39769e-01
 2.14733e-01
 1.86575e-01
 1.59834e-01
 1.41501e-01
 1.31273e-01
 1.26919e-01
 1.25512e-01
 1.25129e-01
 1.25032e-01
 1.25008e-01
 1.25002e-01
 1.25000e-01
 1.25000e-01
 1.25000e-01
 1.25000e-01
 1.25000e-01
 2.64406e-01
 2.64608e-01
 2.64727e-01
 2.64747e-01
 2.64617e-01
 2.63737e-01
 2.61476e-01
 2.54039e-01
 2.39769e-01
 2.14733e-01
 1.86575e-01
 1.59834e-01
 1.41501e-01
 1.31273e-01
 1.26919e-01
 1.25512e-01
 1.25129e-01
 1.25032e-01
 1.25008e-01
 1.25002e-01
 1.25000e-01
 1.25000e-01
 1.25000e-01
 1.25000e-01
 1.25000e-01
 2.64406e-01
 2.64608e-01
 2.64727e-01
 2.64747e-01
 2.64617e-01
 2.63737e-01
 2.61476e-01
 2.54039e-01
 2.39769e-01
 2.14733e-01
 1.86575e-01
 1.59834e-01
 1.41501e-01
 1.31273e-01
 1.26919e-01
 1.25512e-01
 1.25129e-01
 1.25032e-01
 1.25008e-01
 1.25002e-01
 1.25000e-01
 1.25000e-01
 1.25000e-01
 1.25000e-01
 1.25000e-01
 2.64406e-01
 2.64608e-01
 2.64727e-01
 2.64747e-01
 2.64617e-01
 2.63737e-01
 2.61476e-01
 2.54039e-01
 2.39769e-01
 2.14733e-01
 1.86575e-01
 1.59834e-01
 1.41501e-01
 1.31273e-01
 1.26919e-01
 1.25512e-01
 1.25129e-01
 1.25032e-01
 1.25008e-01
 1.25002e-01
 1.25000e-01
 1.25000e-01
 1.25000e-01
 1.25000e-01
 1.25000e-01
 2.64406e-01
 2.64608e-01
 2.64727e-01
 2.64747e-01
 2.64617e-01
 2.63737e-01
 2.61476e-01
 2.54039e-01
 2.39769e-01
 2.14733e-01
 1.86575e-01
 1.59834e-01
 1.41501e-01
 1.31273e-01
 1.26919e-01
 1.25512e-01
 1.25129e-01
 1.25032e-01
 1.25008e-01
 1.25002e-01
 1.25000e-01
 1.25000e-01
 1.25000e-01
 1.25000e-01
 1.25000e-01
 2.64406e-01
 2.64608e-01
 2.64727e-01
 2.64747e-01
 2.64617e-01
 2.63737e-01
 2.61476e-01
 2.54039e-01
 2.39769e-01
 2.14733e-01
 1.86575e-01
 1.59834e-01
 1.41501e-01
 1.31273e-01
 1.26919e-01
 1.25512e-01
 1.25129e-01
 1.25032e-01
 1.25008e-01
 1.25002e-01
 1.25000e-01
 1.25000e-01
 1.25000e-01
 1.25000e-01
 1.25000e-01
 2.64406e-01
 2.64608e-01
 2.64727e-01
 2.64747e-01
 2.64617e-01
 2.63737e-01
 2.61476e-01
 2.54039e-01
 2.39769e-01
 2.14733e-01
 1.86575e-01
 1.59834e-01
 1.41501e-01
 1.31273e-01
 1.26919e-01
 1.25512e-01
 1.25129e-01
 1.25032e-01
 1.25008e-01
 1.25002e-01
 1.25000e-01
 1.25000e-01
 1.25000e-01
 1.25000e-01
 1.25000e-01
 2.64406e-01
 2.64608e-01
 2.64727e-01
 2.64747e-01
 2.64617e-01
 2.63737e-01
 2.61476e-01
 2.54039e-01
 2.39769e-01
 2.14733e-01
 1.86575e-01
 1.59834e-01
 1.41501e-01
 1.31273e-01
 1.26919e-01
 1.25512e-01
 1.25129e-01
 1.25032e-01
 1.25008e-01
 1.25002e-01
 1.25000e-01
 1.25000e-01
 1.25000e-01
 1.25000e-01
 1.25000e-01
 2.64406e-01
 2.64608e-01
 2.64727e-01
 2.64747e-01
 2.64617e-01
 2.63737e-01
 2.61476e-01
 2.54039e-01
 2.39769e-01
 2.14733e-01
 1.86575e-01
 1.59834e-01
 1.41501e-01
 1.31273e-01
 1.26919e-01
 1.25512e-01
 1.25129e-01
 1.25032e-01
 1.25008e-01
 1.25002e-01
 1.25000e-01
 1.25000e-01
 1.25000e-01
 1.25000e-01
 1.25000e-01
 2.64406e-01
 2.64608e-01
 2.64727e-01
 2.64747e-01
 2.64617e-01
 2.63737e-01
 2.61476e-01
 2.54039e-01
 2.39769e-01
 2.14733e-01
 1.86575e-01
 1.59834e-01
 1.41501e-01
 1.31273e-01
 1.26919e-01
 1.25512e-01
 1.25129e-01
 1.25032e-01
 1.25008e-01
 1.25002e-01
 1.25000e-01
 1.25000e-01
 1.25000e-01
 1.25000e-01
 1.25000e-01
 2.64406e-01
 2.64608e-01
 2.64727e-01
 2.64747e-01
 2.64617e-01
 2.63737e-01
 2.61476e-01
 2.54039e-01
 2.39769e-01
 2.14733e-01
 1.86575e-01
 1.59834e-01
 1.41501e-01
 1.31273e-01
 1.26919e-01
 1.25512e-01
 1.25129e-01
 1.25032e-01
 1.25008e-01
 1.25002e-01
 1.25000e-01
 1.25000e-01
 1.25000e-01
 1.25000e-01
 1.25000e-01
 2.64406e-01
 2.64608e-01
 2.64727e-01
 2.64747e-01
 2.64617e-01
 2.63737e-01
 2.61476e-01
 2.54039e-01
 2.39769e-01
 2.14733e-01
 1.86575e-01
 1.59834e-01
 1.41501e-01
 1.31273e-01
 1.26919e-01
 1.25512e-01
 1.25129e-01
 1.25032e-01
 1.25008e-01
 1.25002e-01
 1.25000e-01
 1.25000e-01
 1.25000e-01
 1.25000e-01
 1.25000e-01
 2.64406e-01
 2.64608e-01
 2.64727e-01
 2.64747e-01
 2.64617e-01
 2.63737e-01
 2.61476e-01
 2.54039e-01
 2.39769e-01
 2.14733e-01
 1.86575e-01
 1.59834e-01
 1.41501e-01
 1.31273e-01
 1.26919e-01
 1.25512e-01
 1.25129e-01
 1.25032e-01
 1.25008e-01
 1.25002e-01
 1.25000e-01
 1.25000e-01
 1.25000e-01
 1.25000e-01
 1.25000e-01
 2.64406e-01
 2.64608e-01
 2.64727e-01
 2.64747e-01
 2.64617e-01
 2.63737e-01
 2.61476e-01
 2.54039e-01
 2.39769e-01
 2.14733e-01
 1.86575e-01
 1.59834e-01
 1.41501e-01
 1.31273e-01
 1.26919e-01
 1.25512e-01
 1.25129e-01
 1.25032e-01
 1.25008e-01
 1.25002e-01
 1.25000e-01
 1.25000e-01
 1.25000e-01
 1.25000e-01
 1.25000e-01
 2.64406e-01
 2.64608e-01
 2.64727e-01
 2.64747e-01
 2.64617e-01
 2.63737e-01
 2.61476e-01
 2.54039e-01
 2.39769e-01
 2.14733e-01
 1.86575e-01
 1.59834e-01
 1.41501e-01
 1.31273e-01
 1.26919e-01
 1.25512e-01
 1.25129e-01
 1.25032e-01
 1.25008e-01
 1.25002e-01
 1.25000e-01
 1.25000e-01
 1.25000e-01
 1.25000e-01
 1.25000e-01
 2.64406e-01
 2.64608e-01
 2.64727e-01
 2.64747e-01
 2.64617e-01
 2.63737e-01
 2.61476e-01
 2.54039e-01
 2.39769e-01
 2.14733e-01
 1.86575e-01
 1.59834e-01
 1.41501e-01
 1.31273e-01
 1.26919e-01
 1.25512e-01
 1.25129e-01
 1.25032e-01
 1.25008e-01
 1.25002e-01
 1.25000e-01
 1.25000e-01
 1.25000e-01
 1.25000e-01
 1.25000e-01
