PseudoViscosity
part
         1
hexa8
 0.00000e+00
 7.24855e-32
 1.93754e-15
 9.68768e-16
 0.00000e+00
 0.00000e+00
 9.68768e-16
 2.22690e-31
 9.68768e-16
 7.86712e-32
 1.01250e-31
 0.00000e+00
 0.00000e+00
 9.68768e-16
 1.93754e-15
 1.93754e-15
 4.44141e-31
 1.75382e-31
 0.00000e+00
 1.00504e-30
 0.00000e+00
 0.00000e+00
 0.00000e+00
 4.54849e-31
 3.87507e-15
 0.00000e+00
 8.46908e-32
 9.68768e-16
 0.00000e+00
 1.28043e-30
 0.00000e+00
 4.51775e-31
 0.00000e+00
 0.00000e+00
 0.00000e+00
 0.00000e+00
 9.68768e-16
 4.84861e-31
 0.00000e+00
 0.00000e+00
 0.00000e+00
 1.67950e-31
 0.00000e+00
 2.23015e-31
 2.90630e-15
 0.00000e+00
 0.00000e+00
 0.00000e+00
 0.00000e+00
 4.56411e-30
 0.00000e+00
 0.00000e+00
 0.00000e+00
 0.00000e+00
 0.00000e+00
 0.00000e+00
 0.00000e+00
 0.00000e+00
 0.00000e+00
 0.00000e+00
 0.00000e+00
 0.00000e+00
 0.00000e+00
 0.00000e+00
 0.00000e+00
 0.00000e+00
 0.00000e+00
 0.00000e+00
 0.00000e+00
 0.00000e+00
 0.00000e+00
 0.00000e+00
 0.00000e+00
 0.00000e+00
 0.00000e+00
 0.00000e+00
 0.00000e+00
 0.00000e+00
 0.00000e+00
 0.00000e+00
 0.00000e+00
 0.00000e+00
 0.00000e+00
 0.00000e+00
 0.00000e+00
 0.00000e+00
 0.00000e+00
 0.00000e+00
 0.00000e+00
 0.00000e+00
 0.00000e+00
 0.00000e+00
 0.00000e+00
 0.00000e+00
 0.00000e+00
 0.00000e+00
 0.00000e+00
 0.00000e+00
 0.00000e+00
 0.00000e+00
 0.00000e+00
 0.00000e+00
 0.00000e+00
 0.00000e+00
 0.00000e+00
 0.00000e+00
 0.00000e+00
 0.00000e+00
 0.00000e+00
 0.00000e+00
 0.00000e+00
 0.00000e+00
 0.00000e+00
 0.00000e+00
 0.00000e+00
 0.00000e+00
 0.00000e+00
 0.00000e+00
 0.00000e+00
 0.00000e+00
 0.00000e+00
 0.00000e+00
 0.00000e+00
 0.00000e+00
 0.00000e+00
 0.00000e+00
 9.68768e-16
 4.16349e-32
 1.19078e-31
 0.00000e+00
 0.00000e+00
 9.68768e-16
 8.52330e-32
 1.48067e-31
 9.68768e-16
 0.00000e+00
 5.54490e-31
 0.00000e+00
 3.38258e-31
 1.93754e-15
 0.00000e+00
 1.93754e-15
 1.93754e-15
 1.74627e-31
 1.09998e-30
 4.47030e-31
 3.73429e-31
 2.84012e-31
 2.72496e-31
 2.90630e-15
 2.90630e-15
 1.93754e-15
 2.90630e-15
 0.00000e+00
 8.08288e-31
 0.00000e+00
 3.36109e-31
 3.57861e-32
 0.00000e+00
 0.00000e+00
 0.00000e+00
 9.68768e-16
 9.68768e-16
 1.80471e-31
 0.00000e+00
 0.00000e+00
 9.68768e-16
 1.82189e-31
 6.26594e-32
 1.93754e-15
 0.00000e+00
 4.47581e-31
 0.00000e+00
 0.00000e+00
 2.87639e-30
 0.00000e+00
 0.00000e+00
 0.00000e+00
 0.00000e+00
 0.00000e+00
 0.00000e+00
 0.00000e+00
 0.00000e+00
 0.00000e+00
 0.00000e+00
 0.00000e+00
 0.00000e+00
 0.00000e+00
 0.00000e+00
 0.00000e+00
 0.00000e+00
 0.00000e+00
 0.00000e+00
 0.00000e+00
 0.00000e+00
 0.00000e+00
 0.00000e+00
 0.00000e+00
 0.00000e+00
 0.00000e+00
 0.00000e+00
 0.00000e+00
 0.00000e+00
 0.00000e+00
 0.00000e+00
 0.00000e+00
 0.00000e+00
 0.00000e+00
 0.00000e+00
 0.00000e+00
 0.00000e+00
 0.00000e+00
 0.00000e+00
 0.00000e+00
 0.00000e+00
 0.00000e+00
 0.00000e+00
 0.00000e+00
 0.00000e+00
 0.00000e+00
 0.00000e+00
 0.00000e+00
 0.00000e+00
 0.00000e+00
 0.00000e+00
 0.00000e+00
 0.00000e+00
 0.00000e+00
 0.00000e+00
 0.00000e+00
 0.00000e+00
 0.00000e+00
 0.00000e+00
 0.00000e+00
 0.00000e+00
 0.00000e+00
 0.00000e+00
 0.00000e+00
 0.00000e+00
 0.00000e+00
 0.00000e+00
 0.00000e+00
 0.00000e+00
 0.00000e+00
 0.00000e+00
 0.00000e+00
 0.00000e+00
 0.00000e+00
 0.00000e+00
 0.00000e+00
 0.00000e+00
 9.68768e-16
 9.68768e-16
 3.69054e-31
 2.56251e-31
 0.00000e+00
 1.59297e-31
 1.93754e-15
 9.68768e-16
 9.68768e-16
 0.00000e+00
 2.67178e-31
 5.69996e-32
 5.14210e-31
 3.89108e-31
 3.14386e-31
 9.68768e-16
 9.68768e-16
 9.68768e-16
 1.52721e-31
 1.67135e-31
 0.00000e+00
 5.86568e-31
 5.55393e-31
 9.68768e-16
 1.93754e-15
 2.59567e-31
 2.90630e-15
 9.68768e-16
 2.82549e-31
 7.96258e-32
 1.08541e-31
 0.00000e+00
 0.00000e+00
 8.67738e-32
 0.00000e+00
 0.00000e+00
 0.00000e+00
 0.00000e+00
 3.21400e-31
 0.00000e+00
 0.00000e+00
 0.00000e+00
 0.00000e+00
 9.68768e-16
 0.00000e+00
 0.00000e+00
 0.00000e+00
 0.00000e+00
 1.47518e-30
 0.00000e+00
 0.00000e+00
 0.00000e+00
 0.00000e+00
 0.00000e+00
 0.00000e+00
 0.00000e+00
 0.00000e+00
 0.00000e+00
 0.00000e+00
 0.00000e+00
 0.00000e+00
 0.00000e+00
 0.00000e+00
 0.00000e+00
 0.00000e+00
 0.00000e+00
 0.00000e+00
 0.00000e+00
 0.00000e+00
 0.00000e+00
 0.00000e+00
 0.00000e+00
 0.00000e+00
 0.00000e+00
 0.00000e+00
 0.00000e+00
 0.00000e+00
 0.00000e+00
 0.00000e+00
 0.00000e+00
 0.00000e+00
 0.00000e+00
 0.00000e+00
 0.00000e+00
 0.00000e+00
 0.00000e+00
 0.00000e+00
 0.00000e+00
 0.00000e+00
 0.00000e+00
 0.00000e+00
 0.00000e+00
 0.00000e+00
 0.00000e+00
 0.00000e+00
 0.00000e+00
 0.00000e+00
 0.00000e+00
 0.00000e+00
 0.00000e+00
 0.00000e+00
 0.00000e+00
 0.00000e+00
 0.00000e+00
 0.00000e+00
 0.00000e+00
 0.00000e+00
 0.00000e+00
 0.00000e+00
 0.00000e+00
 0.00000e+00
 0.00000e+00
 0.00000e+00
 0.00000e+00
 0.00000e+00
 0.00000e+00
 0.00000e+00
 0.00000e+00
 0.00000e+00
 0.00000e+00
 0.00000e+00
 0.00000e+00
 0.00000e+00
 0.00000e+00
 0.00000e+00
 1.26360e-31
 1.93754e-15
 0.00000e+00
 1.93754e-15
 2.68501e-32
 9.68768e-16
 9.68768e-16
 5.85560e-32
 9.68768e-16
 4.28328e-31
 1.93754e-15
 9.68768e-16
 0.00000e+00
 9.68768e-16
 3.87507e-15
 3.73353e-31
 0.00000e+00
 3.85320e-31
 9.68768e-16
 8.16933e-32
 6.21251e-31
 4.68325e-31
 9.68768e-16
 3.08149e-31
 9.68768e-16
 1.93754e-15
 1.93754e-15
 1.39055e-31
 0.00000e+00
 7.57750e-32
 9.68768e-16
 4.87599e-31
 0.00000e+00
 1.93754e-15
 0.00000e+00
 0.00000e+00
 0.00000e+00
 0.00000e+00
 1.93754e-15
 0.00000e+00
 0.00000e+00
 0.00000e+00
 0.00000e+00
 1.23260e-30
 0.00000e+00
 0.00000e+00
 0.00000e+00
 0.00000e+00
 0.00000e+00
 0.00000e+00
 0.00000e+00
 0.00000e+00
 0.00000e+00
 0.00000e+00
 0.00000e+00
 0.00000e+00
 0.00000e+00
 0.00000e+00
 0.00000e+00
 0.00000e+00
 0.00000e+00
 0.00000e+00
 0.00000e+00
 0.00000e+00
 0.00000e+00
 0.00000e+00
 0.00000e+00
 0.00000e+00
 0.00000e+00
 0.00000e+00
 0.00000e+00
 0.00000e+00
 0.00000e+00
 0.00000e+00
 0.00000e+00
 0.00000e+00
 0.00000e+00
 0.00000e+00
 0.00000e+00
 0.00000e+00
 0.00000e+00
 0.00000e+00
 0.00000e+00
 0.00000e+00
 0.00000e+00
 0.00000e+00
 0.00000e+00
 0.00000e+00
 0.00000e+00
 0.00000e+00
 0.00000e+00
 0.00000e+00
 0.00000e+00
 0.00000e+00
 0.00000e+00
 0.00000e+00
 0.00000e+00
 0.00000e+00
 0.00000e+00
 0.00000e+00
 0.00000e+00
 0.00000e+00
 0.00000e+00
 0.00000e+00
 0.00000e+00
 0.00000e+00
 0.00000e+00
 0.00000e+00
 0.00000e+00
 0.00000e+00
 0.00000e+00
 0.00000e+00
 0.00000e+00
 0.00000e+00
 0.00000e+00
 0.00000e+00
 0.00000e+00
 0.00000e+00
 0.00000e+00
 0.00000e+00
 0.00000e+00
 0.00000e+00
 0.00000e+00
 0.00000e+00
 0.00000e+00
 1.34867e-31
 1.93754e-15
 2.69629e-31
 0.00000e+00
 0.00000e+00
 9.68768e-16
 9.68768e-16
 1.54074e-31
 9.68768e-16
 7.92072e-31
 1.66980e-31
 1.61175e-32
 0.00000e+00
 2.87739e-31
 1.93754e-15
 2.75902e-31
 0.00000e+00
 0.00000e+00
 0.00000e+00
 0.00000e+00
 0.00000e+00
 0.00000e+00
 3.43897e-31
 0.00000e+00
 3.87507e-15
 8.88791e-32
 5.44971e-32
 9.68768e-16
 9.97891e-32
 9.68768e-16
 1.75758e-31
 2.90630e-15
 4.13932e-31
 9.68768e-16
 1.54074e-31
 0.00000e+00
 1.75489e-31
 3.14156e-31
 3.35271e-31
 7.41107e-32
 9.68768e-16
 1.44472e-31
 9.68768e-16
 1.62213e-31
 0.00000e+00
 7.00690e-31
 0.00000e+00
 2.34608e-31
 0.00000e+00
 0.00000e+00
 0.00000e+00
 0.00000e+00
 0.00000e+00
 0.00000e+00
 0.00000e+00
 0.00000e+00
 0.00000e+00
 0.00000e+00
 0.00000e+00
 0.00000e+00
 0.00000e+00
 0.00000e+00
 0.00000e+00
 0.00000e+00
 0.00000e+00
 0.00000e+00
 0.00000e+00
 0.00000e+00
 0.00000e+00
 0.00000e+00
 0.00000e+00
 0.00000e+00
 0.00000e+00
 0.00000e+00
 0.00000e+00
 0.00000e+00
 0.00000e+00
 0.00000e+00
 0.00000e+00
 0.00000e+00
 0.00000e+00
 0.00000e+00
 0.00000e+00
 0.00000e+00
 0.00000e+00
 0.00000e+00
 0.00000e+00
 0.00000e+00
 0.00000e+00
 0.00000e+00
 0.00000e+00
 0.00000e+00
 0.00000e+00
 0.00000e+00
 0.00000e+00
 0.00000e+00
 0.00000e+00
 0.00000e+00
 0.00000e+00
 0.00000e+00
 0.00000e+00
 0.00000e+00
 0.00000e+00
 0.00000e+00
 0.00000e+00
 0.00000e+00
 0.00000e+00
 0.00000e+00
 0.00000e+00
 0.00000e+00
 0.00000e+00
 0.00000e+00
 0.00000e+00
 0.00000e+00
 0.00000e+00
 0.00000e+00
 0.00000e+00
 0.00000e+00
 0.00000e+00
 0.00000e+00
 0.00000e+00
 0.00000e+00
 0.00000e+00
 0.00000e+00
part
         2
hexa8
 0.00000e+00
 0.00000e+00
 0.00000e+00
 0.00000e+00
 0.00000e+00
 0.00000e+00
 0.00000e+00
 0.00000e+00
 0.00000e+00
 0.00000e+00
 0.00000e+00
 0.00000e+00
 0.00000e+00
 0.00000e+00
 0.00000e+00
 0.00000e+00
 0.00000e+00
 0.00000e+00
 0.00000e+00
 0.00000e+00
 0.00000e+00
 0.00000e+00
 0.00000e+00
 0.00000e+00
 0.00000e+00
 0.00000e+00
 0.00000e+00
 0.00000e+00
 0.00000e+00
 0.00000e+00
 0.00000e+00
 0.00000e+00
 0.00000e+00
 0.00000e+00
 0.00000e+00
 0.00000e+00
 0.00000e+00
 0.00000e+00
 0.00000e+00
 0.00000e+00
 0.00000e+00
 0.00000e+00
 0.00000e+00
 0.00000e+00
 0.00000e+00
 0.00000e+00
 0.00000e+00
 0.00000e+00
 0.00000e+00
 0.00000e+00
 0.00000e+00
 0.00000e+00
 0.00000e+00
 0.00000e+00
 0.00000e+00
 0.00000e+00
 0.00000e+00
 0.00000e+00
 0.00000e+00
 0.00000e+00
 0.00000e+00
 0.00000e+00
 0.00000e+00
 0.00000e+00
 0.00000e+00
 0.00000e+00
 0.00000e+00
 0.00000e+00
 0.00000e+00
 0.00000e+00
 0.00000e+00
 0.00000e+00
 0.00000e+00
 0.00000e+00
 0.00000e+00
 0.00000e+00
 0.00000e+00
 0.00000e+00
 0.00000e+00
 0.00000e+00
 0.00000e+00
 0.00000e+00
 0.00000e+00
 0.00000e+00
 0.00000e+00
 0.00000e+00
 0.00000e+00
 0.00000e+00
 0.00000e+00
 0.00000e+00
 0.00000e+00
 0.00000e+00
 0.00000e+00
 0.00000e+00
 0.00000e+00
 0.00000e+00
 0.00000e+00
 0.00000e+00
 0.00000e+00
 0.00000e+00
 0.00000e+00
 0.00000e+00
 0.00000e+00
 0.00000e+00
 0.00000e+00
 0.00000e+00
 0.00000e+00
 0.00000e+00
 0.00000e+00
 0.00000e+00
 0.00000e+00
 0.00000e+00
 0.00000e+00
 0.00000e+00
 0.00000e+00
 0.00000e+00
 0.00000e+00
 0.00000e+00
 0.00000e+00
 0.00000e+00
 0.00000e+00
 0.00000e+00
 0.00000e+00
 0.00000e+00
 0.00000e+00
 0.00000e+00
 0.00000e+00
 0.00000e+00
 0.00000e+00
 0.00000e+00
 0.00000e+00
 0.00000e+00
 0.00000e+00
 0.00000e+00
 0.00000e+00
 0.00000e+00
 0.00000e+00
 0.00000e+00
 0.00000e+00
 0.00000e+00
 0.00000e+00
 0.00000e+00
 0.00000e+00
 0.00000e+00
 0.00000e+00
 0.00000e+00
 0.00000e+00
 0.00000e+00
 0.00000e+00
 0.00000e+00
 0.00000e+00
 0.00000e+00
 0.00000e+00
 0.00000e+00
 0.00000e+00
 0.00000e+00
 0.00000e+00
 0.00000e+00
 0.00000e+00
 0.00000e+00
 0.00000e+00
 0.00000e+00
 0.00000e+00
 0.00000e+00
 0.00000e+00
 0.00000e+00
 0.00000e+00
 0.00000e+00
 0.00000e+00
 0.00000e+00
 0.00000e+00
 0.00000e+00
 0.00000e+00
 0.00000e+00
 0.00000e+00
 0.00000e+00
 0.00000e+00
 0.00000e+00
 0.00000e+00
 0.00000e+00
 0.00000e+00
 0.00000e+00
 0.00000e+00
 0.00000e+00
 0.00000e+00
 0.00000e+00
 0.00000e+00
 0.00000e+00
 0.00000e+00
 0.00000e+00
 0.00000e+00
 0.00000e+00
 0.00000e+00
 0.00000e+00
 0.00000e+00
 0.00000e+00
 0.00000e+00
 0.00000e+00
 0.00000e+00
 0.00000e+00
 0.00000e+00
 0.00000e+00
 0.00000e+00
 0.00000e+00
 0.00000e+00
 0.00000e+00
 0.00000e+00
 0.00000e+00
 0.00000e+00
 0.00000e+00
 0.00000e+00
 0.00000e+00
 0.00000e+00
 0.00000e+00
 0.00000e+00
 0.00000e+00
 0.00000e+00
 0.00000e+00
 0.00000e+00
 0.00000e+00
 0.00000e+00
 0.00000e+00
 0.00000e+00
 0.00000e+00
 0.00000e+00
 0.00000e+00
 0.00000e+00
 0.00000e+00
 0.00000e+00
 0.00000e+00
 0.00000e+00
 0.00000e+00
 0.00000e+00
 0.00000e+00
 0.00000e+00
 0.00000e+00
 0.00000e+00
 0.00000e+00
 0.00000e+00
 0.00000e+00
 0.00000e+00
 0.00000e+00
 0.00000e+00
 0.00000e+00
 0.00000e+00
 0.00000e+00
 0.00000e+00
 0.00000e+00
 0.00000e+00
 0.00000e+00
 0.00000e+00
 0.00000e+00
 0.00000e+00
 0.00000e+00
 0.00000e+00
 0.00000e+00
 0.00000e+00
 0.00000e+00
 0.00000e+00
 0.00000e+00
 0.00000e+00
 0.00000e+00
 0.00000e+00
 0.00000e+00
 0.00000e+00
 0.00000e+00
 0.00000e+00
 0.00000e+00
 0.00000e+00
 0.00000e+00
 0.00000e+00
 0.00000e+00
 0.00000e+00
 0.00000e+00
 0.00000e+00
 0.00000e+00
 0.00000e+00
 0.00000e+00
 0.00000e+00
 0.00000e+00
 0.00000e+00
 0.00000e+00
 0.00000e+00
 0.00000e+00
 0.00000e+00
 0.00000e+00
 0.00000e+00
 0.00000e+00
 0.00000e+00
 0.00000e+00
 0.00000e+00
 0.00000e+00
 0.00000e+00
 0.00000e+00
 0.00000e+00
 0.00000e+00
 0.00000e+00
 0.00000e+00
 0.00000e+00
 0.00000e+00
 0.00000e+00
 0.00000e+00
 0.00000e+00
 0.00000e+00
 0.00000e+00
 0.00000e+00
 0.00000e+00
 0.00000e+00
 0.00000e+00
 0.00000e+00
 0.00000e+00
 0.00000e+00
 0.00000e+00
 0.00000e+00
 0.00000e+00
 0.00000e+00
 0.00000e+00
 0.00000e+00
 0.00000e+00
 0.00000e+00
 0.00000e+00
 0.00000e+00
 0.00000e+00
 0.00000e+00
 0.00000e+00
 0.00000e+00
 0.00000e+00
 0.00000e+00
 0.00000e+00
 0.00000e+00
 0.00000e+00
 0.00000e+00
 0.00000e+00
 0.00000e+00
 0.00000e+00
 0.00000e+00
 0.00000e+00
 0.00000e+00
 0.00000e+00
 0.00000e+00
 0.00000e+00
 0.00000e+00
 0.00000e+00
 0.00000e+00
 0.00000e+00
 0.00000e+00
 0.00000e+00
 0.00000e+00
 0.00000e+00
 0.00000e+00
 0.00000e+00
 0.00000e+00
 0.00000e+00
 0.00000e+00
 0.00000e+00
 0.00000e+00
 0.00000e+00
 0.00000e+00
 0.00000e+00
 0.00000e+00
 0.00000e+00
 0.00000e+00
 0.00000e+00
 0.00000e+00
 0.00000e+00
 0.00000e+00
 0.00000e+00
 0.00000e+00
 0.00000e+00
 0.00000e+00
 0.00000e+00
 0.00000e+00
 0.00000e+00
 0.00000e+00
 0.00000e+00
 0.00000e+00
 0.00000e+00
 0.00000e+00
 0.00000e+00
 0.00000e+00
 0.00000e+00
 0.00000e+00
 0.00000e+00
 0.00000e+00
 0.00000e+00
 0.00000e+00
 0.00000e+00
 0.00000e+00
 0.00000e+00
 0.00000e+00
 0.00000e+00
 0.00000e+00
 0.00000e+00
 0.00000e+00
 0.00000e+00
 0.00000e+00
 0.00000e+00
 0.00000e+00
 0.00000e+00
 0.00000e+00
 0.00000e+00
 0.00000e+00
 0.00000e+00
 0.00000e+00
 0.00000e+00
 0.00000e+00
 0.00000e+00
 0.00000e+00
 0.00000e+00
 0.00000e+00
 0.00000e+00
 0.00000e+00
 0.00000e+00
 0.00000e+00
 0.00000e+00
 0.00000e+00
 0.00000e+00
 0.00000e+00
 0.00000e+00
 0.00000e+00
 0.00000e+00
 0.00000e+00
 0.00000e+00
 0.00000e+00
 0.00000e+00
 0.00000e+00
 0.00000e+00
 0.00000e+00
 0.00000e+00
 0.00000e+00
 0.00000e+00
 0.00000e+00
 0.00000e+00
 0.00000e+00
 0.00000e+00
 0.00000e+00
 0.00000e+00
 0.00000e+00
 0.00000e+00
 0.00000e+00
 0.00000e+00
 0.00000e+00
 0.00000e+00
 0.00000e+00
 0.00000e+00
 0.00000e+00
 0.00000e+00
 0.00000e+00
 0.00000e+00
 0.00000e+00
 0.00000e+00
 0.00000e+00
 0.00000e+00
 0.00000e+00
 0.00000e+00
 0.00000e+00
 0.00000e+00
 0.00000e+00
 0.00000e+00
 0.00000e+00
 0.00000e+00
 0.00000e+00
 0.00000e+00
 0.00000e+00
 0.00000e+00
 0.00000e+00
 0.00000e+00
 0.00000e+00
 0.00000e+00
 0.00000e+00
 0.00000e+00
 0.00000e+00
 0.00000e+00
 0.00000e+00
 0.00000e+00
 0.00000e+00
 0.00000e+00
 0.00000e+00
 0.00000e+00
 0.00000e+00
 0.00000e+00
 0.00000e+00
 0.00000e+00
 0.00000e+00
 0.00000e+00
 0.00000e+00
 0.00000e+00
 0.00000e+00
 0.00000e+00
 0.00000e+00
 0.00000e+00
 0.00000e+00
 0.00000e+00
 0.00000e+00
 0.00000e+00
 0.00000e+00
 0.00000e+00
 0.00000e+00
 0.00000e+00
 0.00000e+00
 0.00000e+00
 0.00000e+00
 0.00000e+00
 0.00000e+00
 0.00000e+00
 0.00000e+00
 0.00000e+00
 0.00000e+00
 0.00000e+00
 0.00000e+00
 0.00000e+00
 0.00000e+00
 0.00000e+00
 0.00000e+00
 0.00000e+00
 0.00000e+00
 0.00000e+00
 0.00000e+00
 0.00000e+00
 0.00000e+00
 0.00000e+00
 0.00000e+00
 0.00000e+00
 0.00000e+00
 0.00000e+00
 0.00000e+00
 0.00000e+00
 0.00000e+00
 0.00000e+00
 0.00000e+00
 0.00000e+00
 0.00000e+00
 0.00000e+00
 0.00000e+00
 0.00000e+00
 0.00000e+00
 0.00000e+00
 0.00000e+00
 0.00000e+00
 0.00000e+00
 0.00000e+00
 0.00000e+00
 0.00000e+00
 0.00000e+00
 0.00000e+00
 0.00000e+00
 0.00000e+00
 0.00000e+00
 0.00000e+00
 0.00000e+00
 0.00000e+00
 0.00000e+00
 0.00000e+00
 0.00000e+00
 0.00000e+00
 0.00000e+00
 0.00000e+00
 0.00000e+00
 0.00000e+00
 0.00000e+00
 0.00000e+00
 0.00000e+00
 0.00000e+00
 0.00000e+00
 0.00000e+00
 0.00000e+00
 0.00000e+00
 0.00000e+00
 0.00000e+00
 0.00000e+00
 0.00000e+00
 0.00000e+00
 0.00000e+00
 0.00000e+00
 0.00000e+00
 0.00000e+00
 0.00000e+00
 0.00000e+00
 0.00000e+00
 0.00000e+00
 0.00000e+00
 0.00000e+00
 0.00000e+00
 0.00000e+00
 0.00000e+00
 0.00000e+00
 0.00000e+00
 0.00000e+00
 0.00000e+00
 0.00000e+00
 0.00000e+00
 0.00000e+00
 0.00000e+00
 0.00000e+00
 0.00000e+00
 0.00000e+00
 0.00000e+00
 0.00000e+00
 0.00000e+00
 0.00000e+00
 0.00000e+00
 0.00000e+00
 0.00000e+00
 0.00000e+00
 0.00000e+00
 0.00000e+00
 0.00000e+00
 0.00000e+00
 0.00000e+00
 0.00000e+00
 0.00000e+00
 0.00000e+00
 0.00000e+00
 0.00000e+00
 0.00000e+00
 0.00000e+00
 0.00000e+00
 0.00000e+00
 0.00000e+00
 0.00000e+00
 0.00000e+00
 0.00000e+00
 0.00000e+00
 0.00000e+00
 0.00000e+00
part
         3
hexa8
 0.00000e+00
 0.00000e+00
 0.00000e+00
 0.00000e+00
 0.00000e+00
 0.00000e+00
 0.00000e+00
 0.00000e+00
 0.00000e+00
 0.00000e+00
 0.00000e+00
 0.00000e+00
 0.00000e+00
 0.00000e+00
 0.00000e+00
 0.00000e+00
 0.00000e+00
 0.00000e+00
 0.00000e+00
 0.00000e+00
 0.00000e+00
 0.00000e+00
 0.00000e+00
 0.00000e+00
 0.00000e+00
 0.00000e+00
 0.00000e+00
 0.00000e+00
 0.00000e+00
 0.00000e+00
 0.00000e+00
 0.00000e+00
 0.00000e+00
 0.00000e+00
 0.00000e+00
-4.22099e-06
-4.22099e-06
-4.22099e-06
-4.22099e-06
-4.22099e-06
-1.00521e-05
-1.00521e-05
-1.00521e-05
-1.00521e-05
-1.00521e-05
-4.69356e-06
-4.69356e-06
-4.69356e-06
-4.69356e-06
-4.69356e-06
-1.08503e-06
-1.08503e-06
-1.08503e-06
-1.08503e-06
-1.08503e-06
 1.07490e-05
 1.07490e-05
 1.07490e-05
 1.07490e-05
 1.07490e-05
 9.19187e-06
 9.19187e-06
 9.19187e-06
 9.19187e-06
 9.19187e-06
 6.34692e-07
 6.34692e-07
 6.34692e-07
 6.34692e-07
 6.34692e-07
 0.00000e+00
 0.00000e+00
 0.00000e+00
 0.00000e+00
 0.00000e+00
 0.00000e+00
 0.00000e+00
 0.00000e+00
 0.00000e+00
 0.00000e+00
 0.00000e+00
 0.00000e+00
 0.00000e+00
 0.00000e+00
 0.00000e+00
 0.00000e+00
 0.00000e+00
 0.00000e+00
 0.00000e+00
 0.00000e+00
 9.11392e-05
 9.11392e-05
 9.11392e-05
 9.11392e-05
 9.11392e-05
 6.34115e-04
 6.34115e-04
 6.34115e-04
 6.34115e-04
 6.34115e-04
 7.23829e-04
 7.23829e-04
 7.23829e-04
 7.23829e-04
 7.23829e-04
 5.08752e-04
 5.08752e-04
 5.08752e-04
 5.08752e-04
 5.08752e-04
 3.01037e-04
 3.01037e-04
 3.01037e-04
 3.01037e-04
 3.01037e-04
 1.62377e-04
 1.62377e-04
 1.62377e-04
 1.62377e-04
 1.62377e-04
 9.68157e-05
 9.68157e-05
 9.68157e-05
 9.68157e-05
 9.68157e-05
 0.00000e+00
 0.00000e+00
 0.00000e+00
 0.00000e+00
 0.00000e+00
 0.00000e+00
 0.00000e+00
 0.00000e+00
 0.00000e+00
 0.00000e+00
 0.00000e+00
 0.00000e+00
 0.00000e+00
 0.00000e+00
 0.00000e+00
 0.00000e+00
 0.00000e+00
 0.00000e+00
 0.00000e+00
 0.00000e+00
 0.00000e+00
 0.00000e+00
 0.00000e+00
 0.00000e+00
 0.00000e+00
 0.00000e+00
 0.00000e+00
 0.00000e+00
 0.00000e+00
 0.00000e+00
 0.00000e+00
 0.00000e+00
 0.00000e+00
 0.00000e+00
 0.00000e+00
-4.22099e-06
-4.22099e-06
-4.22099e-06
-4.22099e-06
-4.22099e-06
-1.00521e-05
-1.00521e-05
-1.00521e-05
-1.00521e-05
-1.00521e-05
-4.69356e-06
-4.69356e-06
-4.69356e-06
-4.69356e-06
-4.69356e-06
-1.08503e-06
-1.08503e-06
-1.08503e-06
-1.08503e-06
-1.08503e-06
 1.07490e-05
 1.07490e-05
 1.07490e-05
 1.07490e-05
 1.07490e-05
 9.19187e-06
 9.19187e-06
 9.19187e-06
 9.19187e-06
 9.19187e-06
 6.34692e-07
 6.34692e-07
 6.34692e-07
 6.34692e-07
 6.34692e-07
 0.00000e+00
 0.00000e+00
 0.00000e+00
 0.00000e+00
 0.00000e+00
 0.00000e+00
 0.00000e+00
 0.00000e+00
 0.00000e+00
 0.00000e+00
 0.00000e+00
 0.00000e+00
 0.00000e+00
 0.00000e+00
 0.00000e+00
 0.00000e+00
 0.00000e+00
 0.00000e+00
 0.00000e+00
 0.00000e+00
 9.11392e-05
 9.11392e-05
 9.11392e-05
 9.11392e-05
 9.11392e-05
 6.34115e-04
 6.34115e-04
 6.34115e-04
 6.34115e-04
 6.34115e-04
 7.23829e-04
 7.23829e-04
 7.23829e-04
 7.23829e-04
 7.23829e-04
 5.08752e-04
 5.08752e-04
 5.08752e-04
 5.08752e-04
 5.08752e-04
 3.01037e-04
 3.01037e-04
 3.01037e-04
 3.01037e-04
 3.01037e-04
 1.62377e-04
 1.62377e-04
 1.62377e-04
 1.62377e-04
 1.62377e-04
 9.68157e-05
 9.68157e-05
 9.68157e-05
 9.68157e-05
 9.68157e-05
 0.00000e+00
 0.00000e+00
 0.00000e+00
 0.00000e+00
 0.00000e+00
 0.00000e+00
 0.00000e+00
 0.00000e+00
 0.00000e+00
 0.00000e+00
 0.00000e+00
 0.00000e+00
 0.00000e+00
 0.00000e+00
 0.00000e+00
 0.00000e+00
 0.00000e+00
 0.00000e+00
 0.00000e+00
 0.00000e+00
 0.00000e+00
 0.00000e+00
 0.00000e+00
 0.00000e+00
 0.00000e+00
 0.00000e+00
 0.00000e+00
 0.00000e+00
 0.00000e+00
 0.00000e+00
 0.00000e+00
 0.00000e+00
 0.00000e+00
 0.00000e+00
 0.00000e+00
-4.22099e-06
-4.22099e-06
-4.22099e-06
-4.22099e-06
-4.22099e-06
-1.00521e-05
-1.00521e-05
-1.00521e-05
-1.00521e-05
-1.00521e-05
-4.69356e-06
-4.69356e-06
-4.69356e-06
-4.69356e-06
-4.69356e-06
-1.08503e-06
-1.08503e-06
-1.08503e-06
-1.08503e-06
-1.08503e-06
 1.07490e-05
 1.07490e-05
 1.07490e-05
 1.07490e-05
 1.07490e-05
 9.19187e-06
 9.19187e-06
 9.19187e-06
 9.19187e-06
 9.19187e-06
 6.34692e-07
 6.34692e-07
 6.34692e-07
 6.34692e-07
 6.34692e-07
 0.00000e+00
 0.00000e+00
 0.00000e+00
 0.00000e+00
 0.00000e+00
 0.00000e+00
 0.00000e+00
 0.00000e+00
 0.00000e+00
 0.00000e+00
 0.00000e+00
 0.00000e+00
 0.00000e+00
 0.00000e+00
 0.00000e+00
 0.00000e+00
 0.00000e+00
 0.00000e+00
 0.00000e+00
 0.00000e+00
 9.11392e-05
 9.11392e-05
 9.11392e-05
 9.11392e-05
 9.11392e-05
 6.34115e-04
 6.34115e-04
 6.34115e-04
 6.34115e-04
 6.34115e-04
 7.23829e-04
 7.23829e-04
 7.23829e-04
 7.23829e-04
 7.23829e-04
 5.08752e-04
 5.08752e-04
 5.08752e-04
 5.08752e-04
 5.08752e-04
 3.01037e-04
 3.01037e-04
 3.01037e-04
 3.01037e-04
 3.01037e-04
 1.62377e-04
 1.62377e-04
 1.62377e-04
 1.62377e-04
 1.62377e-04
 9.68157e-05
 9.68157e-05
 9.68157e-05
 9.68157e-05
 9.68157e-05
 0.00000e+00
 0.00000e+00
 0.00000e+00
 0.00000e+00
 0.00000e+00
 0.00000e+00
 0.00000e+00
 0.00000e+00
 0.00000e+00
 0.00000e+00
 0.00000e+00
 0.00000e+00
 0.00000e+00
 0.00000e+00
 0.00000e+00
 0.00000e+00
 0.00000e+00
 0.00000e+00
 0.00000e+00
 0.00000e+00
 0.00000e+00
 0.00000e+00
 0.00000e+00
 0.00000e+00
 0.00000e+00
 0.00000e+00
 0.00000e+00
 0.00000e+00
 0.00000e+00
 0.00000e+00
 0.00000e+00
 0.00000e+00
 0.00000e+00
 0.00000e+00
 0.00000e+00
-4.22099e-06
-4.22099e-06
-4.22099e-06
-4.22099e-06
-4.22099e-06
-1.00521e-05
-1.00521e-05
-1.00521e-05
-1.00521e-05
-1.00521e-05
-4.69356e-06
-4.69356e-06
-4.69356e-06
-4.69356e-06
-4.69356e-06
-1.08503e-06
-1.08503e-06
-1.08503e-06
-1.08503e-06
-1.08503e-06
 1.07490e-05
 1.07490e-05
 1.07490e-05
 1.07490e-05
 1.07490e-05
 9.19187e-06
 9.19187e-06
 9.19187e-06
 9.19187e-06
 9.19187e-06
 6.34692e-07
 6.34692e-07
 6.34692e-07
 6.34692e-07
 6.34692e-07
 0.00000e+00
 0.00000e+00
 0.00000e+00
 0.00000e+00
 0.00000e+00
 0.00000e+00
 0.00000e+00
 0.00000e+00
 0.00000e+00
 0.00000e+00
 0.00000e+00
 0.00000e+00
 0.00000e+00
 0.00000e+00
 0.00000e+00
 0.00000e+00
 0.00000e+00
 0.00000e+00
 0.00000e+00
 0.00000e+00
 9.11392e-05
 9.11392e-05
 9.11392e-05
 9.11392e-05
 9.11392e-05
 6.34115e-04
 6.34115e-04
 6.34115e-04
 6.34115e-04
 6.34115e-04
 7.23829e-04
 7.23829e-04
 7.23829e-04
 7.23829e-04
 7.23829e-04
 5.08752e-04
 5.08752e-04
 5.08752e-04
 5.08752e-04
 5.08752e-04
 3.01037e-04
 3.01037e-04
 3.01037e-04
 3.01037e-04
 3.01037e-04
 1.62377e-04
 1.62377e-04
 1.62377e-04
 1.62377e-04
 1.62377e-04
 9.68157e-05
 9.68157e-05
 9.68157e-05
 9.68157e-05
 9.68157e-05
 0.00000e+00
 0.00000e+00
 0.00000e+00
 0.00000e+00
 0.00000e+00
 0.00000e+00
 0.00000e+00
 0.00000e+00
 0.00000e+00
 0.00000e+00
 0.00000e+00
 0.00000e+00
 0.00000e+00
 0.00000e+00
 0.00000e+00
 0.00000e+00
 0.00000e+00
 0.00000e+00
 0.00000e+00
 0.00000e+00
 0.00000e+00
 0.00000e+00
 0.00000e+00
 0.00000e+00
 0.00000e+00
 0.00000e+00
 0.00000e+00
 0.00000e+00
 0.00000e+00
 0.00000e+00
 0.00000e+00
 0.00000e+00
 0.00000e+00
 0.00000e+00
 0.00000e+00
-4.22099e-06
-4.22099e-06
-4.22099e-06
-4.22099e-06
-4.22099e-06
-1.00521e-05
-1.00521e-05
-1.00521e-05
-1.00521e-05
-1.00521e-05
-4.69356e-06
-4.69356e-06
-4.69356e-06
-4.69356e-06
-4.69356e-06
-1.08503e-06
-1.08503e-06
-1.08503e-06
-1.08503e-06
-1.08503e-06
 1.07490e-05
 1.07490e-05
 1.07490e-05
 1.07490e-05
 1.07490e-05
 9.19187e-06
 9.19187e-06
 9.19187e-06
 9.19187e-06
 9.19187e-06
 6.34692e-07
 6.34692e-07
 6.34692e-07
 6.34692e-07
 6.34692e-07
 0.00000e+00
 0.00000e+00
 0.00000e+00
 0.00000e+00
 0.00000e+00
 0.00000e+00
 0.00000e+00
 0.00000e+00
 0.00000e+00
 0.00000e+00
 0.00000e+00
 0.00000e+00
 0.00000e+00
 0.00000e+00
 0.00000e+00
 0.00000e+00
 0.00000e+00
 0.00000e+00
 0.00000e+00
 0.00000e+00
 9.11392e-05
 9.11392e-05
 9.11392e-05
 9.11392e-05
 9.11392e-05
 6.34115e-04
 6.34115e-04
 6.34115e-04
 6.34115e-04
 6.34115e-04
 7.23829e-04
 7.23829e-04
 7.23829e-04
 7.23829e-04
 7.23829e-04
 5.08752e-04
 5.08752e-04
 5.08752e-04
 5.08752e-04
 5.08752e-04
 3.01037e-04
 3.01037e-04
 3.01037e-04
 3.01037e-04
 3.01037e-04
 1.62377e-04
 1.62377e-04
 1.62377e-04
 1.62377e-04
 1.62377e-04
 9.68157e-05
 9.68157e-05
 9.68157e-05
 9.68157e-05
 9.68157e-05
part
         4
hexa8
 1.05259e-04
 1.05259e-04
 1.05259e-04
 1.05259e-04
 1.05259e-04
 1.96679e-04
 1.96679e-04
 1.96679e-04
 1.96679e-04
 1.96679e-04
 4.43445e-04
 4.43445e-04
 4.43445e-04
 4.43445e-04
 4.43445e-04
 9.76012e-04
 9.76012e-04
 9.76012e-04
 9.76012e-04
 9.76012e-04
 2.04888e-03
 2.04888e-03
 2.04888e-03
 2.04888e-03
 2.04888e-03
 4.09884e-03
 4.09884e-03
 4.09884e-03
 4.09884e-03
 4.09884e-03
 7.77455e-03
 7.77455e-03
 7.77455e-03
 7.77455e-03
 7.77455e-03
 1.37616e-02
 1.37616e-02
 1.37616e-02
 1.37616e-02
 1.37616e-02
 2.22115e-02
 2.22115e-02
 2.22115e-02
 2.22115e-02
 2.22115e-02
 3.17429e-02
 3.17429e-02
 3.17429e-02
 3.17429e-02
 3.17429e-02
 3.81696e-02
 3.81696e-02
 3.81696e-02
 3.81696e-02
 3.81696e-02
 3.69664e-02
 3.69664e-02
 3.69664e-02
 3.69664e-02
 3.69664e-02
 2.68422e-02
 2.68422e-02
 2.68422e-02
 2.68422e-02
 2.68422e-02
 1.39640e-02
 1.39640e-02
 1.39640e-02
 1.39640e-02
 1.39640e-02
 5.08284e-03
 5.08284e-03
 5.08284e-03
 5.08284e-03
 5.08284e-03
 1.44794e-03
 1.44794e-03
 1.44794e-03
 1.44794e-03
 1.44794e-03
 3.71103e-04
 3.71103e-04
 3.71103e-04
 3.71103e-04
 3.71103e-04
 9.15685e-05
 9.15685e-05
 9.15685e-05
 9.15685e-05
 9.15685e-05
 2.21918e-05
 2.21918e-05
 2.21918e-05
 2.21918e-05
 2.21918e-05
 5.30337e-06
 5.30337e-06
 5.30337e-06
 5.30337e-06
 5.30337e-06
 1.24928e-06
 1.24928e-06
 1.24928e-06
 1.24928e-06
 1.24928e-06
 2.89671e-07
 2.89671e-07
 2.89671e-07
 2.89671e-07
 2.89671e-07
 6.60285e-08
 6.60285e-08
 6.60285e-08
 6.60285e-08
 6.60285e-08
 1.48973e-08
 1.48973e-08
 1.48973e-08
 1.48973e-08
 1.48973e-08
 3.92184e-09
 3.92184e-09
 3.92184e-09
 3.92183e-09
 3.92183e-09
 1.05259e-04
 1.05259e-04
 1.05259e-04
 1.05259e-04
 1.05259e-04
 1.96679e-04
 1.96679e-04
 1.96679e-04
 1.96679e-04
 1.96679e-04
 4.43445e-04
 4.43445e-04
 4.43445e-04
 4.43445e-04
 4.43445e-04
 9.76012e-04
 9.76012e-04
 9.76012e-04
 9.76012e-04
 9.76012e-04
 2.04888e-03
 2.04888e-03
 2.04888e-03
 2.04888e-03
 2.04888e-03
 4.09884e-03
 4.09884e-03
 4.09884e-03
 4.09884e-03
 4.09884e-03
 7.77455e-03
 7.77455e-03
 7.77455e-03
 7.77455e-03
 7.77455e-03
 1.37616e-02
 1.37616e-02
 1.37616e-02
 1.37616e-02
 1.37616e-02
 2.22115e-02
 2.22115e-02
 2.22115e-02
 2.22115e-02
 2.22115e-02
 3.17429e-02
 3.17429e-02
 3.17429e-02
 3.17429e-02
 3.17429e-02
 3.81696e-02
 3.81696e-02
 3.81696e-02
 3.81696e-02
 3.81696e-02
 3.69664e-02
 3.69664e-02
 3.69664e-02
 3.69664e-02
 3.69664e-02
 2.68422e-02
 2.68422e-02
 2.68422e-02
 2.68422e-02
 2.68422e-02
 1.39640e-02
 1.39640e-02
 1.39640e-02
 1.39640e-02
 1.39640e-02
 5.08284e-03
 5.08284e-03
 5.08284e-03
 5.08284e-03
 5.08284e-03
 1.44794e-03
 1.44794e-03
 1.44794e-03
 1.44794e-03
 1.44794e-03
 3.71103e-04
 3.71103e-04
 3.71103e-04
 3.71103e-04
 3.71103e-04
 9.15685e-05
 9.15685e-05
 9.15685e-05
 9.15685e-05
 9.15685e-05
 2.21918e-05
 2.21918e-05
 2.21918e-05
 2.21918e-05
 2.21918e-05
 5.30337e-06
 5.30337e-06
 5.30337e-06
 5.30337e-06
 5.30337e-06
 1.24928e-06
 1.24928e-06
 1.24928e-06
 1.24928e-06
 1.24928e-06
 2.89671e-07
 2.89671e-07
 2.89671e-07
 2.89671e-07
 2.89671e-07
 6.60285e-08
 6.60285e-08
 6.60285e-08
 6.60285e-08
 6.60285e-08
 1.48973e-08
 1.48973e-08
 1.48973e-08
 1.48973e-08
 1.48973e-08
 3.92183e-09
 3.92184e-09
 3.92184e-09
 3.92184e-09
 3.92184e-09
 1.05259e-04
 1.05259e-04
 1.05259e-04
 1.05259e-04
 1.05259e-04
 1.96679e-04
 1.96679e-04
 1.96679e-04
 1.96679e-04
 1.96679e-04
 4.43445e-04
 4.43445e-04
 4.43445e-04
 4.43445e-04
 4.43445e-04
 9.76012e-04
 9.76012e-04
 9.76012e-04
 9.76012e-04
 9.76012e-04
 2.04888e-03
 2.04888e-03
 2.04888e-03
 2.04888e-03
 2.04888e-03
 4.09884e-03
 4.09884e-03
 4.09884e-03
 4.09884e-03
 4.09884e-03
 7.77455e-03
 7.77455e-03
 7.77455e-03
 7.77455e-03
 7.77455e-03
 1.37616e-02
 1.37616e-02
 1.37616e-02
 1.37616e-02
 1.37616e-02
 2.22115e-02
 2.22115e-02
 2.22115e-02
 2.22115e-02
 2.22115e-02
 3.17429e-02
 3.17429e-02
 3.17429e-02
 3.17429e-02
 3.17429e-02
 3.81696e-02
 3.81696e-02
 3.81696e-02
 3.81696e-02
 3.81696e-02
 3.69664e-02
 3.69664e-02
 3.69664e-02
 3.69664e-02
 3.69664e-02
 2.68422e-02
 2.68422e-02
 2.68422e-02
 2.68422e-02
 2.68422e-02
 1.39640e-02
 1.39640e-02
 1.39640e-02
 1.39640e-02
 1.39640e-02
 5.08284e-03
 5.08284e-03
 5.08284e-03
 5.08284e-03
 5.08284e-03
 1.44794e-03
 1.44794e-03
 1.44794e-03
 1.44794e-03
 1.44794e-03
 3.71103e-04
 3.71103e-04
 3.71103e-04
 3.71103e-04
 3.71103e-04
 9.15685e-05
 9.15685e-05
 9.15685e-05
 9.15685e-05
 9.15685e-05
 2.21918e-05
 2.21918e-05
 2.21918e-05
 2.21918e-05
 2.21918e-05
 5.30337e-06
 5.30337e-06
 5.30337e-06
 5.30337e-06
 5.30337e-06
 1.24928e-06
 1.24928e-06
 1.24928e-06
 1.24928e-06
 1.24928e-06
 2.89671e-07
 2.89671e-07
 2.89671e-07
 2.89671e-07
 2.89671e-07
 6.60285e-08
 6.60285e-08
 6.60285e-08
 6.60285e-08
 6.60285e-08
 1.48973e-08
 1.48973e-08
 1.48973e-08
 1.48973e-08
 1.48973e-08
 3.92183e-09
 3.92184e-09
 3.92184e-09
 3.92184e-09
 3.92184e-09
 1.05259e-04
 1.05259e-04
 1.05259e-04
 1.05259e-04
 1.05259e-04
 1.96679e-04
 1.96679e-04
 1.96679e-04
 1.96679e-04
 1.96679e-04
 4.43445e-04
 4.43445e-04
 4.43445e-04
 4.43445e-04
 4.43445e-04
 9.76012e-04
 9.76012e-04
 9.76012e-04
 9.76012e-04
 9.76012e-04
 2.04888e-03
 2.04888e-03
 2.04888e-03
 2.04888e-03
 2.04888e-03
 4.09884e-03
 4.09884e-03
 4.09884e-03
 4.09884e-03
 4.09884e-03
 7.77455e-03
 7.77455e-03
 7.77455e-03
 7.77455e-03
 7.77455e-03
 1.37616e-02
 1.37616e-02
 1.37616e-02
 1.37616e-02
 1.37616e-02
 2.22115e-02
 2.22115e-02
 2.22115e-02
 2.22115e-02
 2.22115e-02
 3.17429e-02
 3.17429e-02
 3.17429e-02
 3.17429e-02
 3.17429e-02
 3.81696e-02
 3.81696e-02
 3.81696e-02
 3.81696e-02
 3.81696e-02
 3.69664e-02
 3.69664e-02
 3.69664e-02
 3.69664e-02
 3.69664e-02
 2.68422e-02
 2.68422e-02
 2.68422e-02
 2.68422e-02
 2.68422e-02
 1.39640e-02
 1.39640e-02
 1.39640e-02
 1.39640e-02
 1.39640e-02
 5.08284e-03
 5.08284e-03
 5.08284e-03
 5.08284e-03
 5.08284e-03
 1.44794e-03
 1.44794e-03
 1.44794e-03
 1.44794e-03
 1.44794e-03
 3.71103e-04
 3.71103e-04
 3.71103e-04
 3.71103e-04
 3.71103e-04
 9.15685e-05
 9.15685e-05
 9.15685e-05
 9.15685e-05
 9.15685e-05
 2.21918e-05
 2.21918e-05
 2.21918e-05
 2.21918e-05
 2.21918e-05
 5.30337e-06
 5.30337e-06
 5.30337e-06
 5.30337e-06
 5.30337e-06
 1.24928e-06
 1.24928e-06
 1.24928e-06
 1.24928e-06
 1.24928e-06
 2.89671e-07
 2.89671e-07
 2.89671e-07
 2.89671e-07
 2.89671e-07
 6.60285e-08
 6.60285e-08
 6.60285e-08
 6.60285e-08
 6.60285e-08
 1.48973e-08
 1.48973e-08
 1.48973e-08
 1.48973e-08
 1.48973e-08
 3.92183e-09
 3.92184e-09
 3.92184e-09
 3.92184e-09
 3.92184e-09
 1.05259e-04
 1.05259e-04
 1.05259e-04
 1.05259e-04
 1.05259e-04
 1.96679e-04
 1.96679e-04
 1.96679e-04
 1.96679e-04
 1.96679e-04
 4.43445e-04
 4.43445e-04
 4.43445e-04
 4.43445e-04
 4.43445e-04
 9.76012e-04
 9.76012e-04
 9.76012e-04
 9.76012e-04
 9.76012e-04
 2.04888e-03
 2.04888e-03
 2.04888e-03
 2.04888e-03
 2.04888e-03
 4.09884e-03
 4.09884e-03
 4.09884e-03
 4.09884e-03
 4.09884e-03
 7.77455e-03
 7.77455e-03
 7.77455e-03
 7.77455e-03
 7.77455e-03
 1.37616e-02
 1.37616e-02
 1.37616e-02
 1.37616e-02
 1.37616e-02
 2.22115e-02
 2.22115e-02
 2.22115e-02
 2.22115e-02
 2.22115e-02
 3.17429e-02
 3.17429e-02
 3.17429e-02
 3.17429e-02
 3.17429e-02
 3.81696e-02
 3.81696e-02
 3.81696e-02
 3.81696e-02
 3.81696e-02
 3.69664e-02
 3.69664e-02
 3.69664e-02
 3.69664e-02
 3.69664e-02
 2.68422e-02
 2.68422e-02
 2.68422e-02
 2.68422e-02
 2.68422e-02
 1.39640e-02
 1.39640e-02
 1.39640e-02
 1.39640e-02
 1.39640e-02
 5.08284e-03
 5.08284e-03
 5.08284e-03
 5.08284e-03
 5.08284e-03
 1.44794e-03
 1.44794e-03
 1.44794e-03
 1.44794e-03
 1.44794e-03
 3.71103e-04
 3.71103e-04
 3.71103e-04
 3.71103e-04
 3.71103e-04
 9.15685e-05
 9.15685e-05
 9.15685e-05
 9.15685e-05
 9.15685e-05
 2.21918e-05
 2.21918e-05
 2.21918e-05
 2.21918e-05
 2.21918e-05
 5.30337e-06
 5.30337e-06
 5.30337e-06
 5.30337e-06
 5.30337e-06
 1.24928e-06
 1.24928e-06
 1.24928e-06
 1.24928e-06
 1.24928e-06
 2.89671e-07
 2.89671e-07
 2.89671e-07
 2.89671e-07
 2.89671e-07
 6.60285e-08
 6.60285e-08
 6.60285e-08
 6.60285e-08
 6.60285e-08
 1.48973e-08
 1.48973e-08
 1.48973e-08
 1.48973e-08
 1.48973e-08
 3.92183e-09
 3.92184e-09
 3.92184e-09
 3.92184e-09
 3.92184e-09
