PseudoViscosity
part
         1
hexa8
 9.71576e-16
 1.36403e-32
 1.94315e-15
 9.71576e-16
 1.37941e-31
 2.31795e-33
 1.53184e-48
 2.42353e-31
 9.71576e-16
 6.70001e-32
 1.11601e-31
 5.03128e-32
 9.71576e-16
 1.94315e-15
 9.71576e-16
 1.94315e-15
 2.55775e-31
 0.00000e+00
 1.94315e-15
 4.44435e-31
 1.05715e-31
 1.16292e-31
 0.00000e+00
 2.26664e-31
 0.00000e+00
 9.71576e-16
 9.71576e-16
 1.04595e-31
 9.71576e-16
 0.00000e+00
 4.27180e-31
 9.90685e-31
 8.78558e-48
 0.00000e+00
 1.22482e-31
 1.94315e-15
 1.94315e-15
 6.41986e-31
 0.00000e+00
 6.68448e-47
 0.00000e+00
 0.00000e+00
 0.00000e+00
 0.00000e+00
 0.00000e+00
 0.00000e+00
 0.00000e+00
 0.00000e+00
 0.00000e+00
 0.00000e+00
 0.00000e+00
 0.00000e+00
 0.00000e+00
 0.00000e+00
 0.00000e+00
 0.00000e+00
 0.00000e+00
 0.00000e+00
 0.00000e+00
 0.00000e+00
 0.00000e+00
 0.00000e+00
 0.00000e+00
 0.00000e+00
 0.00000e+00
 0.00000e+00
 0.00000e+00
 0.00000e+00
 0.00000e+00
 0.00000e+00
 0.00000e+00
 0.00000e+00
 0.00000e+00
 0.00000e+00
 0.00000e+00
 0.00000e+00
 0.00000e+00
 0.00000e+00
 0.00000e+00
 0.00000e+00
 0.00000e+00
 0.00000e+00
 0.00000e+00
 0.00000e+00
 0.00000e+00
 0.00000e+00
 0.00000e+00
 0.00000e+00
 0.00000e+00
 0.00000e+00
 0.00000e+00
 0.00000e+00
 0.00000e+00
 0.00000e+00
 0.00000e+00
 0.00000e+00
 0.00000e+00
 0.00000e+00
 0.00000e+00
 0.00000e+00
 0.00000e+00
 0.00000e+00
 0.00000e+00
 0.00000e+00
 0.00000e+00
 0.00000e+00
 0.00000e+00
 0.00000e+00
 0.00000e+00
 0.00000e+00
 0.00000e+00
 0.00000e+00
 0.00000e+00
 0.00000e+00
 0.00000e+00
 0.00000e+00
 0.00000e+00
 0.00000e+00
 0.00000e+00
 0.00000e+00
 0.00000e+00
 0.00000e+00
 0.00000e+00
 0.00000e+00
 0.00000e+00
 9.71576e-16
 9.71576e-16
 1.57376e-32
 6.01802e-32
 9.71576e-16
 6.59358e-48
 4.26856e-31
 1.82414e-48
 7.23600e-32
 1.08922e-31
 1.13979e-31
 1.94315e-15
 0.00000e+00
 7.78927e-31
 2.96737e-32
 0.00000e+00
 5.94639e-47
 0.00000e+00
 9.71576e-16
 7.31393e-32
 3.40677e-48
 1.16292e-31
 9.71576e-16
 3.62380e-47
 2.70378e-47
 6.31970e-32
 1.64006e-31
 8.85145e-48
 8.26604e-31
 1.94315e-15
 0.00000e+00
 4.33420e-31
 8.56814e-32
 9.71576e-16
 1.94315e-15
 9.71576e-16
 9.71576e-16
 1.94315e-15
 2.67182e-31
 5.80042e-31
 0.00000e+00
 0.00000e+00
 0.00000e+00
 0.00000e+00
 0.00000e+00
 0.00000e+00
 0.00000e+00
 0.00000e+00
 0.00000e+00
 0.00000e+00
 0.00000e+00
 0.00000e+00
 0.00000e+00
 0.00000e+00
 0.00000e+00
 0.00000e+00
 0.00000e+00
 0.00000e+00
 0.00000e+00
 0.00000e+00
 0.00000e+00
 0.00000e+00
 0.00000e+00
 0.00000e+00
 0.00000e+00
 0.00000e+00
 0.00000e+00
 0.00000e+00
 0.00000e+00
 0.00000e+00
 0.00000e+00
 0.00000e+00
 0.00000e+00
 0.00000e+00
 0.00000e+00
 0.00000e+00
 0.00000e+00
 0.00000e+00
 0.00000e+00
 0.00000e+00
 0.00000e+00
 0.00000e+00
 0.00000e+00
 0.00000e+00
 0.00000e+00
 0.00000e+00
 0.00000e+00
 0.00000e+00
 0.00000e+00
 0.00000e+00
 0.00000e+00
 0.00000e+00
 0.00000e+00
 0.00000e+00
 0.00000e+00
 0.00000e+00
 0.00000e+00
 0.00000e+00
 0.00000e+00
 0.00000e+00
 0.00000e+00
 0.00000e+00
 0.00000e+00
 0.00000e+00
 0.00000e+00
 0.00000e+00
 0.00000e+00
 0.00000e+00
 0.00000e+00
 0.00000e+00
 0.00000e+00
 0.00000e+00
 0.00000e+00
 0.00000e+00
 0.00000e+00
 0.00000e+00
 0.00000e+00
 0.00000e+00
 0.00000e+00
 0.00000e+00
 0.00000e+00
 0.00000e+00
 0.00000e+00
 0.00000e+00
 0.00000e+00
 1.94315e-15
 1.03833e-31
 2.91473e-15
 2.91473e-15
 5.48678e-31
 0.00000e+00
 2.40320e-31
 1.94315e-15
 4.18073e-31
 3.12690e-31
 0.00000e+00
 9.71576e-16
 7.35943e-32
 9.71576e-16
 9.71576e-16
 6.26595e-31
 2.24906e-31
 0.00000e+00
 5.25584e-31
 6.22907e-31
 1.94315e-15
 9.71576e-16
 3.31160e-31
 9.71576e-16
 0.00000e+00
-1.30506e-48
 9.71576e-16
 9.71576e-16
 0.00000e+00
 0.00000e+00
 0.00000e+00
 3.57326e-47
 0.00000e+00
 6.46002e-31
 0.00000e+00
 0.00000e+00
 2.70596e-31
 0.00000e+00
 9.71576e-16
 1.96583e-31
 0.00000e+00
 0.00000e+00
 0.00000e+00
 0.00000e+00
 1.14728e-31
 0.00000e+00
 0.00000e+00
 0.00000e+00
 0.00000e+00
 6.79195e-47
 0.00000e+00
 0.00000e+00
 0.00000e+00
 0.00000e+00
 0.00000e+00
 0.00000e+00
 0.00000e+00
 0.00000e+00
 0.00000e+00
 0.00000e+00
 0.00000e+00
 0.00000e+00
 0.00000e+00
 0.00000e+00
 0.00000e+00
 0.00000e+00
 0.00000e+00
 0.00000e+00
 0.00000e+00
 0.00000e+00
 0.00000e+00
 0.00000e+00
 0.00000e+00
 0.00000e+00
 0.00000e+00
 0.00000e+00
 0.00000e+00
 0.00000e+00
 0.00000e+00
 0.00000e+00
 0.00000e+00
 0.00000e+00
 0.00000e+00
 0.00000e+00
 0.00000e+00
 0.00000e+00
 0.00000e+00
 0.00000e+00
 0.00000e+00
 0.00000e+00
 0.00000e+00
 0.00000e+00
 0.00000e+00
 0.00000e+00
 0.00000e+00
 0.00000e+00
 0.00000e+00
 0.00000e+00
 0.00000e+00
 0.00000e+00
 0.00000e+00
 0.00000e+00
 0.00000e+00
 0.00000e+00
 0.00000e+00
 0.00000e+00
 0.00000e+00
 0.00000e+00
 0.00000e+00
 0.00000e+00
 0.00000e+00
 0.00000e+00
 0.00000e+00
 0.00000e+00
 0.00000e+00
 0.00000e+00
 0.00000e+00
 0.00000e+00
 0.00000e+00
 0.00000e+00
 0.00000e+00
 0.00000e+00
 0.00000e+00
 0.00000e+00
 0.00000e+00
 2.34770e-31
 5.93050e-32
 9.71576e-16
 0.00000e+00
 1.94315e-15
 9.71576e-16
 1.50841e-31
 2.45774e-33
 8.38504e-31
 1.94315e-15
 2.42989e-32
 9.71576e-16
 1.94315e-15
 1.94315e-15
 9.71576e-16
 9.71576e-16
 2.65893e-32
 1.96910e-31
 5.20053e-48
 9.71576e-16
 5.57909e-31
 1.45375e-31
 1.86756e-31
 1.63617e-31
 4.78951e-31
 1.94315e-15
 3.65350e-31
 9.71576e-16
 0.00000e+00
 4.67476e-47
 2.20071e-64
 3.32419e-31
 1.15171e-31
 0.00000e+00
 3.17237e-47
 0.00000e+00
 9.71576e-16
 1.38750e-31
 4.46873e-36
 1.70965e-62
 0.00000e+00
 1.39516e-31
 4.75215e-48
 8.76501e-32
 9.71576e-16
 0.00000e+00
 0.00000e+00
 0.00000e+00
 5.55989e-47
 1.52259e-30
 0.00000e+00
 0.00000e+00
 0.00000e+00
 0.00000e+00
 0.00000e+00
 0.00000e+00
 0.00000e+00
 0.00000e+00
 0.00000e+00
 0.00000e+00
 0.00000e+00
 0.00000e+00
 0.00000e+00
 0.00000e+00
 0.00000e+00
 0.00000e+00
 0.00000e+00
 0.00000e+00
 0.00000e+00
 0.00000e+00
 0.00000e+00
 0.00000e+00
 0.00000e+00
 0.00000e+00
 0.00000e+00
 0.00000e+00
 0.00000e+00
 0.00000e+00
 0.00000e+00
 0.00000e+00
 0.00000e+00
 0.00000e+00
 0.00000e+00
 0.00000e+00
 0.00000e+00
 0.00000e+00
 0.00000e+00
 0.00000e+00
 0.00000e+00
 0.00000e+00
 0.00000e+00
 0.00000e+00
 0.00000e+00
 0.00000e+00
 0.00000e+00
 0.00000e+00
 0.00000e+00
 0.00000e+00
 0.00000e+00
 0.00000e+00
 0.00000e+00
 0.00000e+00
 0.00000e+00
 0.00000e+00
 0.00000e+00
 0.00000e+00
 0.00000e+00
 0.00000e+00
 0.00000e+00
 0.00000e+00
 0.00000e+00
 0.00000e+00
 0.00000e+00
 0.00000e+00
 0.00000e+00
 0.00000e+00
 0.00000e+00
 0.00000e+00
 0.00000e+00
 0.00000e+00
 0.00000e+00
 0.00000e+00
 0.00000e+00
 0.00000e+00
 0.00000e+00
 9.71576e-16
 6.89214e-32
 3.88630e-15
 4.43304e-31
 0.00000e+00
 1.35927e-31
 9.71576e-16
 9.71576e-16
 2.36737e-32
 1.94315e-15
 4.35781e-48
 9.71576e-16
 1.76922e-31
 1.96078e-31
 3.38130e-31
 1.51619e-32
 9.71576e-16
 9.71576e-16
 2.12173e-31
 0.00000e+00
 1.71300e-32
 9.71576e-16
 9.71576e-16
 1.48510e-30
 1.94315e-15
 1.96169e-31
 1.94315e-15
 9.71576e-16
 2.91473e-15
 4.03456e-31
 7.04985e-48
 0.00000e+00
 9.71576e-16
 9.71576e-16
 1.71634e-31
 0.00000e+00
 0.00000e+00
 2.87074e-31
 0.00000e+00
 6.07912e-47
 0.00000e+00
 1.73674e-47
 5.00639e-65
 2.86362e-48
 0.00000e+00
 0.00000e+00
 0.00000e+00
 0.00000e+00
 4.31238e-63
 0.00000e+00
 0.00000e+00
 0.00000e+00
 0.00000e+00
 0.00000e+00
 0.00000e+00
 0.00000e+00
 0.00000e+00
 0.00000e+00
 0.00000e+00
 0.00000e+00
 0.00000e+00
 0.00000e+00
 0.00000e+00
 0.00000e+00
 0.00000e+00
 0.00000e+00
 0.00000e+00
 0.00000e+00
 0.00000e+00
 0.00000e+00
 0.00000e+00
 0.00000e+00
 0.00000e+00
 0.00000e+00
 0.00000e+00
 0.00000e+00
 0.00000e+00
 0.00000e+00
 0.00000e+00
 0.00000e+00
 0.00000e+00
 0.00000e+00
 0.00000e+00
 0.00000e+00
 0.00000e+00
 0.00000e+00
 0.00000e+00
 0.00000e+00
 0.00000e+00
 0.00000e+00
 0.00000e+00
 0.00000e+00
 0.00000e+00
 0.00000e+00
 0.00000e+00
 0.00000e+00
 0.00000e+00
 0.00000e+00
 0.00000e+00
 0.00000e+00
 0.00000e+00
 0.00000e+00
 0.00000e+00
 0.00000e+00
 0.00000e+00
 0.00000e+00
 0.00000e+00
 0.00000e+00
 0.00000e+00
 0.00000e+00
 0.00000e+00
 0.00000e+00
 0.00000e+00
 0.00000e+00
 0.00000e+00
 0.00000e+00
 0.00000e+00
 0.00000e+00
 0.00000e+00
 0.00000e+00
 0.00000e+00
 0.00000e+00
 0.00000e+00
 0.00000e+00
 0.00000e+00
part
         2
hexa8
 0.00000e+00
 0.00000e+00
 0.00000e+00
 0.00000e+00
 0.00000e+00
 0.00000e+00
 0.00000e+00
 0.00000e+00
 0.00000e+00
 0.00000e+00
 0.00000e+00
 0.00000e+00
 0.00000e+00
 0.00000e+00
 0.00000e+00
 0.00000e+00
 0.00000e+00
 0.00000e+00
 0.00000e+00
 0.00000e+00
 0.00000e+00
 0.00000e+00
 0.00000e+00
 0.00000e+00
 0.00000e+00
 0.00000e+00
 0.00000e+00
 0.00000e+00
 0.00000e+00
 0.00000e+00
 0.00000e+00
 0.00000e+00
 0.00000e+00
 0.00000e+00
 0.00000e+00
 0.00000e+00
 0.00000e+00
 0.00000e+00
 0.00000e+00
 0.00000e+00
 0.00000e+00
 0.00000e+00
 0.00000e+00
 0.00000e+00
 0.00000e+00
 0.00000e+00
 0.00000e+00
 0.00000e+00
 0.00000e+00
 0.00000e+00
 0.00000e+00
 0.00000e+00
 0.00000e+00
 0.00000e+00
 0.00000e+00
 0.00000e+00
 0.00000e+00
 0.00000e+00
 0.00000e+00
 0.00000e+00
 0.00000e+00
 0.00000e+00
 0.00000e+00
 0.00000e+00
 0.00000e+00
 0.00000e+00
 0.00000e+00
 0.00000e+00
 0.00000e+00
 0.00000e+00
 0.00000e+00
 0.00000e+00
 0.00000e+00
 0.00000e+00
 0.00000e+00
 0.00000e+00
 0.00000e+00
 0.00000e+00
 0.00000e+00
 0.00000e+00
 0.00000e+00
 0.00000e+00
 0.00000e+00
 0.00000e+00
 0.00000e+00
 0.00000e+00
 0.00000e+00
 0.00000e+00
 0.00000e+00
 0.00000e+00
 0.00000e+00
 0.00000e+00
 0.00000e+00
 0.00000e+00
 0.00000e+00
 0.00000e+00
 0.00000e+00
 0.00000e+00
 0.00000e+00
 0.00000e+00
 0.00000e+00
 0.00000e+00
 0.00000e+00
 0.00000e+00
 0.00000e+00
 0.00000e+00
 0.00000e+00
 0.00000e+00
 0.00000e+00
 0.00000e+00
 0.00000e+00
 0.00000e+00
 0.00000e+00
 0.00000e+00
 0.00000e+00
 0.00000e+00
 0.00000e+00
 0.00000e+00
 0.00000e+00
 0.00000e+00
 0.00000e+00
 0.00000e+00
 0.00000e+00
 0.00000e+00
 0.00000e+00
 0.00000e+00
 0.00000e+00
 0.00000e+00
 0.00000e+00
 0.00000e+00
 0.00000e+00
 0.00000e+00
 0.00000e+00
 0.00000e+00
 0.00000e+00
 0.00000e+00
 0.00000e+00
 0.00000e+00
 0.00000e+00
 0.00000e+00
 0.00000e+00
 0.00000e+00
 0.00000e+00
 0.00000e+00
 0.00000e+00
 0.00000e+00
 0.00000e+00
 0.00000e+00
 0.00000e+00
 0.00000e+00
 0.00000e+00
 0.00000e+00
 0.00000e+00
 0.00000e+00
 0.00000e+00
 0.00000e+00
 0.00000e+00
 0.00000e+00
 0.00000e+00
 0.00000e+00
 0.00000e+00
 0.00000e+00
 0.00000e+00
 0.00000e+00
 0.00000e+00
 0.00000e+00
 0.00000e+00
 0.00000e+00
 0.00000e+00
 0.00000e+00
 0.00000e+00
 0.00000e+00
 0.00000e+00
 0.00000e+00
 0.00000e+00
 0.00000e+00
 0.00000e+00
 0.00000e+00
 0.00000e+00
 0.00000e+00
 0.00000e+00
 0.00000e+00
 0.00000e+00
 0.00000e+00
 0.00000e+00
 0.00000e+00
 0.00000e+00
 0.00000e+00
 0.00000e+00
 0.00000e+00
 0.00000e+00
 0.00000e+00
 0.00000e+00
 0.00000e+00
 0.00000e+00
 0.00000e+00
 0.00000e+00
 0.00000e+00
 0.00000e+00
 0.00000e+00
 0.00000e+00
 0.00000e+00
 0.00000e+00
 0.00000e+00
 0.00000e+00
 0.00000e+00
 0.00000e+00
 0.00000e+00
 0.00000e+00
 0.00000e+00
 0.00000e+00
 0.00000e+00
 0.00000e+00
 0.00000e+00
 0.00000e+00
 0.00000e+00
 0.00000e+00
 0.00000e+00
 0.00000e+00
 0.00000e+00
 0.00000e+00
 0.00000e+00
 0.00000e+00
 0.00000e+00
 0.00000e+00
 0.00000e+00
 0.00000e+00
 0.00000e+00
 0.00000e+00
 0.00000e+00
 0.00000e+00
 0.00000e+00
 0.00000e+00
 0.00000e+00
 0.00000e+00
 0.00000e+00
 0.00000e+00
 0.00000e+00
 0.00000e+00
 0.00000e+00
 0.00000e+00
 0.00000e+00
 0.00000e+00
 0.00000e+00
 0.00000e+00
 0.00000e+00
 0.00000e+00
 0.00000e+00
 0.00000e+00
 0.00000e+00
 0.00000e+00
 0.00000e+00
 0.00000e+00
 0.00000e+00
 0.00000e+00
 0.00000e+00
 0.00000e+00
 0.00000e+00
 0.00000e+00
 0.00000e+00
 0.00000e+00
 0.00000e+00
 0.00000e+00
 0.00000e+00
 0.00000e+00
 0.00000e+00
 0.00000e+00
 0.00000e+00
 0.00000e+00
 0.00000e+00
 0.00000e+00
 0.00000e+00
 0.00000e+00
 0.00000e+00
 0.00000e+00
 0.00000e+00
 0.00000e+00
 0.00000e+00
 0.00000e+00
 0.00000e+00
 0.00000e+00
 0.00000e+00
 0.00000e+00
 0.00000e+00
 0.00000e+00
 0.00000e+00
 0.00000e+00
 0.00000e+00
 0.00000e+00
 0.00000e+00
 0.00000e+00
 0.00000e+00
 0.00000e+00
 0.00000e+00
 0.00000e+00
 0.00000e+00
 0.00000e+00
 0.00000e+00
 0.00000e+00
 0.00000e+00
 0.00000e+00
 0.00000e+00
 0.00000e+00
 0.00000e+00
 0.00000e+00
 0.00000e+00
 0.00000e+00
 0.00000e+00
 0.00000e+00
 0.00000e+00
 0.00000e+00
 0.00000e+00
 0.00000e+00
 0.00000e+00
 0.00000e+00
 0.00000e+00
 0.00000e+00
 0.00000e+00
 0.00000e+00
 0.00000e+00
 0.00000e+00
 0.00000e+00
 0.00000e+00
 0.00000e+00
 0.00000e+00
 0.00000e+00
 0.00000e+00
 0.00000e+00
 0.00000e+00
 0.00000e+00
 0.00000e+00
 0.00000e+00
 0.00000e+00
 0.00000e+00
 0.00000e+00
 0.00000e+00
 0.00000e+00
 0.00000e+00
 0.00000e+00
 0.00000e+00
 0.00000e+00
 0.00000e+00
 0.00000e+00
 0.00000e+00
 0.00000e+00
 0.00000e+00
 0.00000e+00
 0.00000e+00
 0.00000e+00
 0.00000e+00
 0.00000e+00
 0.00000e+00
 0.00000e+00
 0.00000e+00
 0.00000e+00
 0.00000e+00
 0.00000e+00
 0.00000e+00
 0.00000e+00
 0.00000e+00
 0.00000e+00
 0.00000e+00
 0.00000e+00
 0.00000e+00
 0.00000e+00
 0.00000e+00
 0.00000e+00
 0.00000e+00
 0.00000e+00
 0.00000e+00
 0.00000e+00
 0.00000e+00
 0.00000e+00
 0.00000e+00
 0.00000e+00
 0.00000e+00
 0.00000e+00
 0.00000e+00
 0.00000e+00
 0.00000e+00
 0.00000e+00
 0.00000e+00
 0.00000e+00
 0.00000e+00
 0.00000e+00
 0.00000e+00
 0.00000e+00
 0.00000e+00
 0.00000e+00
 0.00000e+00
 0.00000e+00
 0.00000e+00
 0.00000e+00
 0.00000e+00
 0.00000e+00
 0.00000e+00
 0.00000e+00
 0.00000e+00
 0.00000e+00
 0.00000e+00
 0.00000e+00
 0.00000e+00
 0.00000e+00
 0.00000e+00
 0.00000e+00
 0.00000e+00
 0.00000e+00
 0.00000e+00
 0.00000e+00
 0.00000e+00
 0.00000e+00
 0.00000e+00
 0.00000e+00
 0.00000e+00
 0.00000e+00
 0.00000e+00
 0.00000e+00
 0.00000e+00
 0.00000e+00
 0.00000e+00
 0.00000e+00
 0.00000e+00
 0.00000e+00
 0.00000e+00
 0.00000e+00
 0.00000e+00
 0.00000e+00
 0.00000e+00
 0.00000e+00
 0.00000e+00
 0.00000e+00
 0.00000e+00
 0.00000e+00
 0.00000e+00
 0.00000e+00
 0.00000e+00
 0.00000e+00
 0.00000e+00
 0.00000e+00
 0.00000e+00
 0.00000e+00
 0.00000e+00
 0.00000e+00
 0.00000e+00
 0.00000e+00
 0.00000e+00
 0.00000e+00
 0.00000e+00
 0.00000e+00
 0.00000e+00
 0.00000e+00
 0.00000e+00
 0.00000e+00
 0.00000e+00
 0.00000e+00
 0.00000e+00
 0.00000e+00
 0.00000e+00
 0.00000e+00
 0.00000e+00
 0.00000e+00
 0.00000e+00
 0.00000e+00
 0.00000e+00
 0.00000e+00
 0.00000e+00
 0.00000e+00
 0.00000e+00
 0.00000e+00
 0.00000e+00
 0.00000e+00
 0.00000e+00
 0.00000e+00
 0.00000e+00
 0.00000e+00
 0.00000e+00
 0.00000e+00
 0.00000e+00
 0.00000e+00
 0.00000e+00
 0.00000e+00
 0.00000e+00
 0.00000e+00
 0.00000e+00
 0.00000e+00
 0.00000e+00
 0.00000e+00
 0.00000e+00
 0.00000e+00
 0.00000e+00
 0.00000e+00
 0.00000e+00
 0.00000e+00
 0.00000e+00
 0.00000e+00
 0.00000e+00
 0.00000e+00
 0.00000e+00
 0.00000e+00
 0.00000e+00
 0.00000e+00
 0.00000e+00
 0.00000e+00
 0.00000e+00
 0.00000e+00
 0.00000e+00
 0.00000e+00
 0.00000e+00
 0.00000e+00
 0.00000e+00
 0.00000e+00
 0.00000e+00
 0.00000e+00
 0.00000e+00
 0.00000e+00
 0.00000e+00
 0.00000e+00
 0.00000e+00
 0.00000e+00
 0.00000e+00
 0.00000e+00
 0.00000e+00
 0.00000e+00
 0.00000e+00
 0.00000e+00
 0.00000e+00
 0.00000e+00
 0.00000e+00
 0.00000e+00
 0.00000e+00
 0.00000e+00
 0.00000e+00
 0.00000e+00
 0.00000e+00
 0.00000e+00
 0.00000e+00
 0.00000e+00
 0.00000e+00
 0.00000e+00
 0.00000e+00
 0.00000e+00
 0.00000e+00
 0.00000e+00
 0.00000e+00
 0.00000e+00
 0.00000e+00
 0.00000e+00
 0.00000e+00
 0.00000e+00
 0.00000e+00
 0.00000e+00
 0.00000e+00
 0.00000e+00
 0.00000e+00
 0.00000e+00
 0.00000e+00
 0.00000e+00
 0.00000e+00
 0.00000e+00
 0.00000e+00
 0.00000e+00
 0.00000e+00
 0.00000e+00
 0.00000e+00
 0.00000e+00
 0.00000e+00
 0.00000e+00
 0.00000e+00
 0.00000e+00
 0.00000e+00
 0.00000e+00
 0.00000e+00
 0.00000e+00
 0.00000e+00
 0.00000e+00
 0.00000e+00
 0.00000e+00
 0.00000e+00
 0.00000e+00
 0.00000e+00
 0.00000e+00
 0.00000e+00
 0.00000e+00
 0.00000e+00
 0.00000e+00
 0.00000e+00
 0.00000e+00
 0.00000e+00
 0.00000e+00
 0.00000e+00
 0.00000e+00
 0.00000e+00
 0.00000e+00
 0.00000e+00
 0.00000e+00
 0.00000e+00
 0.00000e+00
 0.00000e+00
 0.00000e+00
 0.00000e+00
 0.00000e+00
 0.00000e+00
 0.00000e+00
 0.00000e+00
 0.00000e+00
 0.00000e+00
 0.00000e+00
 0.00000e+00
 0.00000e+00
 0.00000e+00
 0.00000e+00
 0.00000e+00
 0.00000e+00
 0.00000e+00
 0.00000e+00
 0.00000e+00
 0.00000e+00
 0.00000e+00
 0.00000e+00
 0.00000e+00
 0.00000e+00
 0.00000e+00
 0.00000e+00
 0.00000e+00
 0.00000e+00
part
         3
hexa8
 0.00000e+00
 0.00000e+00
 0.00000e+00
 0.00000e+00
 0.00000e+00
 0.00000e+00
 0.00000e+00
 0.00000e+00
 0.00000e+00
 0.00000e+00
 5.51478e-06
 5.51478e-06
 5.51478e-06
 5.51478e-06
 5.51478e-06
 9.73254e-04
 9.73254e-04
 9.73254e-04
 9.73254e-04
 9.73254e-04
 4.10175e-04
 4.10175e-04
 4.10175e-04
 4.10175e-04
 4.10175e-04
 3.76790e-05
 3.76790e-05
 3.76790e-05
 3.76790e-05
 3.76790e-05
 3.36374e-04
 3.36374e-04
 3.36374e-04
 3.36374e-04
 3.36374e-04
 1.04688e-03
 1.04688e-03
 1.04688e-03
 1.04688e-03
 1.04688e-03
 1.30753e-03
 1.30753e-03
 1.30753e-03
 1.30753e-03
 1.30753e-03
 8.18589e-04
 8.18589e-04
 8.18589e-04
 8.18589e-04
 8.18589e-04
 2.87870e-04
 2.87870e-04
 2.87870e-04
 2.87870e-04
 2.87870e-04
 1.72953e-04
 1.72953e-04
 1.72953e-04
 1.72953e-04
 1.72953e-04
 2.38464e-04
 2.38464e-04
 2.38464e-04
 2.38464e-04
 2.38464e-04
 3.05716e-04
 3.05716e-04
 3.05716e-04
 3.05716e-04
 3.05716e-04
 2.04693e-04
 2.04693e-04
 2.04693e-04
 2.04693e-04
 2.04693e-04
 1.73400e-05
 1.73400e-05
 1.73400e-05
 1.73400e-05
 1.73400e-05
 0.00000e+00
 0.00000e+00
 0.00000e+00
 0.00000e+00
 0.00000e+00
 0.00000e+00
 0.00000e+00
 0.00000e+00
 0.00000e+00
 0.00000e+00
 1.71600e-05
 1.71600e-05
 1.71600e-05
 1.71600e-05
 1.71600e-05
 5.90040e-05
 5.90040e-05
 5.90040e-05
 5.90040e-05
 5.90040e-05
 4.16287e-05
 4.16287e-05
 4.16287e-05
 4.16287e-05
 4.16287e-05
 3.40919e-06
 3.40919e-06
 3.40919e-06
 3.40919e-06
 3.40919e-06
 0.00000e+00
 0.00000e+00
 0.00000e+00
 0.00000e+00
 0.00000e+00
 0.00000e+00
 0.00000e+00
 0.00000e+00
 0.00000e+00
 0.00000e+00
 0.00000e+00
 0.00000e+00
 0.00000e+00
 0.00000e+00
 0.00000e+00
 0.00000e+00
 0.00000e+00
 0.00000e+00
 0.00000e+00
 0.00000e+00
 0.00000e+00
 0.00000e+00
 0.00000e+00
 0.00000e+00
 0.00000e+00
 5.51478e-06
 5.51478e-06
 5.51478e-06
 5.51478e-06
 5.51478e-06
 9.73254e-04
 9.73254e-04
 9.73254e-04
 9.73254e-04
 9.73254e-04
 4.10175e-04
 4.10175e-04
 4.10175e-04
 4.10175e-04
 4.10175e-04
 3.76790e-05
 3.76790e-05
 3.76790e-05
 3.76790e-05
 3.76790e-05
 3.36374e-04
 3.36374e-04
 3.36374e-04
 3.36374e-04
 3.36374e-04
 1.04688e-03
 1.04688e-03
 1.04688e-03
 1.04688e-03
 1.04688e-03
 1.30753e-03
 1.30753e-03
 1.30753e-03
 1.30753e-03
 1.30753e-03
 8.18589e-04
 8.18589e-04
 8.18589e-04
 8.18589e-04
 8.18589e-04
 2.87870e-04
 2.87870e-04
 2.87870e-04
 2.87870e-04
 2.87870e-04
 1.72953e-04
 1.72953e-04
 1.72953e-04
 1.72953e-04
 1.72953e-04
 2.38464e-04
 2.38464e-04
 2.38464e-04
 2.38464e-04
 2.38464e-04
 3.05716e-04
 3.05716e-04
 3.05716e-04
 3.05716e-04
 3.05716e-04
 2.04693e-04
 2.04693e-04
 2.04693e-04
 2.04693e-04
 2.04693e-04
 1.73400e-05
 1.73400e-05
 1.73400e-05
 1.73400e-05
 1.73400e-05
 0.00000e+00
 0.00000e+00
 0.00000e+00
 0.00000e+00
 0.00000e+00
 0.00000e+00
 0.00000e+00
 0.00000e+00
 0.00000e+00
 0.00000e+00
 1.71600e-05
 1.71600e-05
 1.71600e-05
 1.71600e-05
 1.71600e-05
 5.90040e-05
 5.90040e-05
 5.90040e-05
 5.90040e-05
 5.90040e-05
 4.16287e-05
 4.16287e-05
 4.16287e-05
 4.16287e-05
 4.16287e-05
 3.40919e-06
 3.40919e-06
 3.40919e-06
 3.40919e-06
 3.40919e-06
 0.00000e+00
 0.00000e+00
 0.00000e+00
 0.00000e+00
 0.00000e+00
 0.00000e+00
 0.00000e+00
 0.00000e+00
 0.00000e+00
 0.00000e+00
 0.00000e+00
 0.00000e+00
 0.00000e+00
 0.00000e+00
 0.00000e+00
 0.00000e+00
 0.00000e+00
 0.00000e+00
 0.00000e+00
 0.00000e+00
 0.00000e+00
 0.00000e+00
 0.00000e+00
 0.00000e+00
 0.00000e+00
 5.51478e-06
 5.51478e-06
 5.51478e-06
 5.51478e-06
 5.51478e-06
 9.73254e-04
 9.73254e-04
 9.73254e-04
 9.73254e-04
 9.73254e-04
 4.10175e-04
 4.10175e-04
 4.10175e-04
 4.10175e-04
 4.10175e-04
 3.76790e-05
 3.76790e-05
 3.76790e-05
 3.76790e-05
 3.76790e-05
 3.36374e-04
 3.36374e-04
 3.36374e-04
 3.36374e-04
 3.36374e-04
 1.04688e-03
 1.04688e-03
 1.04688e-03
 1.04688e-03
 1.04688e-03
 1.30753e-03
 1.30753e-03
 1.30753e-03
 1.30753e-03
 1.30753e-03
 8.18589e-04
 8.18589e-04
 8.18589e-04
 8.18589e-04
 8.18589e-04
 2.87870e-04
 2.87870e-04
 2.87870e-04
 2.87870e-04
 2.87870e-04
 1.72953e-04
 1.72953e-04
 1.72953e-04
 1.72953e-04
 1.72953e-04
 2.38464e-04
 2.38464e-04
 2.38464e-04
 2.38464e-04
 2.38464e-04
 3.05716e-04
 3.05716e-04
 3.05716e-04
 3.05716e-04
 3.05716e-04
 2.04693e-04
 2.04693e-04
 2.04693e-04
 2.04693e-04
 2.04693e-04
 1.73400e-05
 1.73400e-05
 1.73400e-05
 1.73400e-05
 1.73400e-05
 0.00000e+00
 0.00000e+00
 0.00000e+00
 0.00000e+00
 0.00000e+00
 0.00000e+00
 0.00000e+00
 0.00000e+00
 0.00000e+00
 0.00000e+00
 1.71600e-05
 1.71600e-05
 1.71600e-05
 1.71600e-05
 1.71600e-05
 5.90040e-05
 5.90040e-05
 5.90040e-05
 5.90040e-05
 5.90040e-05
 4.16287e-05
 4.16287e-05
 4.16287e-05
 4.16287e-05
 4.16287e-05
 3.40919e-06
 3.40919e-06
 3.40919e-06
 3.40919e-06
 3.40919e-06
 0.00000e+00
 0.00000e+00
 0.00000e+00
 0.00000e+00
 0.00000e+00
 0.00000e+00
 0.00000e+00
 0.00000e+00
 0.00000e+00
 0.00000e+00
 0.00000e+00
 0.00000e+00
 0.00000e+00
 0.00000e+00
 0.00000e+00
 0.00000e+00
 0.00000e+00
 0.00000e+00
 0.00000e+00
 0.00000e+00
 0.00000e+00
 0.00000e+00
 0.00000e+00
 0.00000e+00
 0.00000e+00
 5.51478e-06
 5.51478e-06
 5.51478e-06
 5.51478e-06
 5.51478e-06
 9.73254e-04
 9.73254e-04
 9.73254e-04
 9.73254e-04
 9.73254e-04
 4.10175e-04
 4.10175e-04
 4.10175e-04
 4.10175e-04
 4.10175e-04
 3.76790e-05
 3.76790e-05
 3.76790e-05
 3.76790e-05
 3.76790e-05
 3.36374e-04
 3.36374e-04
 3.36374e-04
 3.36374e-04
 3.36374e-04
 1.04688e-03
 1.04688e-03
 1.04688e-03
 1.04688e-03
 1.04688e-03
 1.30753e-03
 1.30753e-03
 1.30753e-03
 1.30753e-03
 1.30753e-03
 8.18589e-04
 8.18589e-04
 8.18589e-04
 8.18589e-04
 8.18589e-04
 2.87870e-04
 2.87870e-04
 2.87870e-04
 2.87870e-04
 2.87870e-04
 1.72953e-04
 1.72953e-04
 1.72953e-04
 1.72953e-04
 1.72953e-04
 2.38464e-04
 2.38464e-04
 2.38464e-04
 2.38464e-04
 2.38464e-04
 3.05716e-04
 3.05716e-04
 3.05716e-04
 3.05716e-04
 3.05716e-04
 2.04693e-04
 2.04693e-04
 2.04693e-04
 2.04693e-04
 2.04693e-04
 1.73400e-05
 1.73400e-05
 1.73400e-05
 1.73400e-05
 1.73400e-05
 0.00000e+00
 0.00000e+00
 0.00000e+00
 0.00000e+00
 0.00000e+00
 0.00000e+00
 0.00000e+00
 0.00000e+00
 0.00000e+00
 0.00000e+00
 1.71600e-05
 1.71600e-05
 1.71600e-05
 1.71600e-05
 1.71600e-05
 5.90040e-05
 5.90040e-05
 5.90040e-05
 5.90040e-05
 5.90040e-05
 4.16287e-05
 4.16287e-05
 4.16287e-05
 4.16287e-05
 4.16287e-05
 3.40919e-06
 3.40919e-06
 3.40919e-06
 3.40919e-06
 3.40919e-06
 0.00000e+00
 0.00000e+00
 0.00000e+00
 0.00000e+00
 0.00000e+00
 0.00000e+00
 0.00000e+00
 0.00000e+00
 0.00000e+00
 0.00000e+00
 0.00000e+00
 0.00000e+00
 0.00000e+00
 0.00000e+00
 0.00000e+00
 0.00000e+00
 0.00000e+00
 0.00000e+00
 0.00000e+00
 0.00000e+00
 0.00000e+00
 0.00000e+00
 0.00000e+00
 0.00000e+00
 0.00000e+00
 5.51478e-06
 5.51478e-06
 5.51478e-06
 5.51478e-06
 5.51478e-06
 9.73254e-04
 9.73254e-04
 9.73254e-04
 9.73254e-04
 9.73254e-04
 4.10175e-04
 4.10175e-04
 4.10175e-04
 4.10175e-04
 4.10175e-04
 3.76790e-05
 3.76790e-05
 3.76790e-05
 3.76790e-05
 3.76790e-05
 3.36374e-04
 3.36374e-04
 3.36374e-04
 3.36374e-04
 3.36374e-04
 1.04688e-03
 1.04688e-03
 1.04688e-03
 1.04688e-03
 1.04688e-03
 1.30753e-03
 1.30753e-03
 1.30753e-03
 1.30753e-03
 1.30753e-03
 8.18589e-04
 8.18589e-04
 8.18589e-04
 8.18589e-04
 8.18589e-04
 2.87870e-04
 2.87870e-04
 2.87870e-04
 2.87870e-04
 2.87870e-04
 1.72953e-04
 1.72953e-04
 1.72953e-04
 1.72953e-04
 1.72953e-04
 2.38464e-04
 2.38464e-04
 2.38464e-04
 2.38464e-04
 2.38464e-04
 3.05716e-04
 3.05716e-04
 3.05716e-04
 3.05716e-04
 3.05716e-04
 2.04693e-04
 2.04693e-04
 2.04693e-04
 2.04693e-04
 2.04693e-04
 1.73400e-05
 1.73400e-05
 1.73400e-05
 1.73400e-05
 1.73400e-05
 0.00000e+00
 0.00000e+00
 0.00000e+00
 0.00000e+00
 0.00000e+00
 0.00000e+00
 0.00000e+00
 0.00000e+00
 0.00000e+00
 0.00000e+00
 1.71600e-05
 1.71600e-05
 1.71600e-05
 1.71600e-05
 1.71600e-05
 5.90040e-05
 5.90040e-05
 5.90040e-05
 5.90040e-05
 5.90040e-05
 4.16287e-05
 4.16287e-05
 4.16287e-05
 4.16287e-05
 4.16287e-05
 3.40919e-06
 3.40919e-06
 3.40919e-06
 3.40919e-06
 3.40919e-06
 0.00000e+00
 0.00000e+00
 0.00000e+00
 0.00000e+00
 0.00000e+00
 0.00000e+00
 0.00000e+00
 0.00000e+00
 0.00000e+00
 0.00000e+00
 0.00000e+00
 0.00000e+00
 0.00000e+00
 0.00000e+00
 0.00000e+00
part
         4
hexa8
 0.00000e+00
 0.00000e+00
 0.00000e+00
 0.00000e+00
 0.00000e+00
 0.00000e+00
 0.00000e+00
 0.00000e+00
 0.00000e+00
 0.00000e+00
 0.00000e+00
 0.00000e+00
 0.00000e+00
 0.00000e+00
 0.00000e+00
 7.43719e-05
 7.43719e-05
 7.43719e-05
 7.43719e-05
 7.43719e-05
 9.29669e-05
 9.29669e-05
 9.29669e-05
 9.29669e-05
 9.29669e-05
 1.70226e-03
 1.70226e-03
 1.70226e-03
 1.70226e-03
 1.70226e-03
 2.11707e-03
 2.11707e-03
 2.11707e-03
 2.11707e-03
 2.11707e-03
 1.37242e-02
 1.37242e-02
 1.37242e-02
 1.37242e-02
 1.37242e-02
 1.93967e-02
 1.93967e-02
 1.93967e-02
 1.93967e-02
 1.93967e-02
 4.62928e-02
 4.62928e-02
 4.62928e-02
 4.62928e-02
 4.62928e-02
 4.75584e-02
 4.75584e-02
 4.75584e-02
 4.75584e-02
 4.75584e-02
 4.43904e-02
 4.43904e-02
 4.43904e-02
 4.43904e-02
 4.43904e-02
 2.55726e-02
 2.55726e-02
 2.55726e-02
 2.55726e-02
 2.55726e-02
 1.03204e-02
 1.03204e-02
 1.03204e-02
 1.03204e-02
 1.03204e-02
 3.10206e-03
 3.10206e-03
 3.10206e-03
 3.10206e-03
 3.10206e-03
 8.06717e-04
 8.06717e-04
 8.06717e-04
 8.06717e-04
 8.06717e-04
 2.00691e-04
 2.00691e-04
 2.00691e-04
 2.00691e-04
 2.00691e-04
 4.91669e-05
 4.91669e-05
 4.91669e-05
 4.91669e-05
 4.91669e-05
 1.19389e-05
 1.19389e-05
 1.19389e-05
 1.19389e-05
 1.19389e-05
 2.87427e-06
 2.87427e-06
 2.87427e-06
 2.87427e-06
 2.87427e-06
 6.85289e-07
 6.85289e-07
 6.85289e-07
 6.85289e-07
 6.85289e-07
 1.61540e-07
 1.61540e-07
 1.61540e-07
 1.61540e-07
 1.61540e-07
 3.75916e-08
 3.75916e-08
 3.75916e-08
 3.75916e-08
 3.75916e-08
 8.69779e-09
 8.69779e-09
 8.69779e-09
 8.69779e-09
 8.69779e-09
 2.36444e-09
 2.36444e-09
 2.36444e-09
 2.36444e-09
 2.36444e-09
 0.00000e+00
 0.00000e+00
 0.00000e+00
 0.00000e+00
 0.00000e+00
 0.00000e+00
 0.00000e+00
 0.00000e+00
 0.00000e+00
 0.00000e+00
 0.00000e+00
 0.00000e+00
 0.00000e+00
 0.00000e+00
 0.00000e+00
 7.43719e-05
 7.43719e-05
 7.43719e-05
 7.43719e-05
 7.43719e-05
 9.29669e-05
 9.29669e-05
 9.29669e-05
 9.29669e-05
 9.29669e-05
 1.70226e-03
 1.70226e-03
 1.70226e-03
 1.70226e-03
 1.70226e-03
 2.11707e-03
 2.11707e-03
 2.11707e-03
 2.11707e-03
 2.11707e-03
 1.37242e-02
 1.37242e-02
 1.37242e-02
 1.37242e-02
 1.37242e-02
 1.93967e-02
 1.93967e-02
 1.93967e-02
 1.93967e-02
 1.93967e-02
 4.62928e-02
 4.62928e-02
 4.62928e-02
 4.62928e-02
 4.62928e-02
 4.75584e-02
 4.75584e-02
 4.75584e-02
 4.75584e-02
 4.75584e-02
 4.43904e-02
 4.43904e-02
 4.43904e-02
 4.43904e-02
 4.43904e-02
 2.55726e-02
 2.55726e-02
 2.55726e-02
 2.55726e-02
 2.55726e-02
 1.03204e-02
 1.03204e-02
 1.03204e-02
 1.03204e-02
 1.03204e-02
 3.10206e-03
 3.10206e-03
 3.10206e-03
 3.10206e-03
 3.10206e-03
 8.06717e-04
 8.06717e-04
 8.06717e-04
 8.06717e-04
 8.06717e-04
 2.00691e-04
 2.00691e-04
 2.00691e-04
 2.00691e-04
 2.00691e-04
 4.91669e-05
 4.91669e-05
 4.91669e-05
 4.91669e-05
 4.91669e-05
 1.19389e-05
 1.19389e-05
 1.19389e-05
 1.19389e-05
 1.19389e-05
 2.87427e-06
 2.87427e-06
 2.87427e-06
 2.87427e-06
 2.87427e-06
 6.85289e-07
 6.85289e-07
 6.85289e-07
 6.85289e-07
 6.85289e-07
 1.61540e-07
 1.61540e-07
 1.61540e-07
 1.61540e-07
 1.61540e-07
 3.75916e-08
 3.75916e-08
 3.75916e-08
 3.75916e-08
 3.75916e-08
 8.69779e-09
 8.69779e-09
 8.69779e-09
 8.69779e-09
 8.69779e-09
 2.36444e-09
 2.36444e-09
 2.36444e-09
 2.36444e-09
 2.36444e-09
 0.00000e+00
 0.00000e+00
 0.00000e+00
 0.00000e+00
 0.00000e+00
 0.00000e+00
 0.00000e+00
 0.00000e+00
 0.00000e+00
 0.00000e+00
 0.00000e+00
 0.00000e+00
 0.00000e+00
 0.00000e+00
 0.00000e+00
 7.43719e-05
 7.43719e-05
 7.43719e-05
 7.43719e-05
 7.43719e-05
 9.29669e-05
 9.29669e-05
 9.29669e-05
 9.29669e-05
 9.29669e-05
 1.70226e-03
 1.70226e-03
 1.70226e-03
 1.70226e-03
 1.70226e-03
 2.11707e-03
 2.11707e-03
 2.11707e-03
 2.11707e-03
 2.11707e-03
 1.37242e-02
 1.37242e-02
 1.37242e-02
 1.37242e-02
 1.37242e-02
 1.93967e-02
 1.93967e-02
 1.93967e-02
 1.93967e-02
 1.93967e-02
 4.62928e-02
 4.62928e-02
 4.62928e-02
 4.62928e-02
 4.62928e-02
 4.75584e-02
 4.75584e-02
 4.75584e-02
 4.75584e-02
 4.75584e-02
 4.43904e-02
 4.43904e-02
 4.43904e-02
 4.43904e-02
 4.43904e-02
 2.55726e-02
 2.55726e-02
 2.55726e-02
 2.55726e-02
 2.55726e-02
 1.03204e-02
 1.03204e-02
 1.03204e-02
 1.03204e-02
 1.03204e-02
 3.10206e-03
 3.10206e-03
 3.10206e-03
 3.10206e-03
 3.10206e-03
 8.06717e-04
 8.06717e-04
 8.06717e-04
 8.06717e-04
 8.06717e-04
 2.00691e-04
 2.00691e-04
 2.00691e-04
 2.00691e-04
 2.00691e-04
 4.91669e-05
 4.91669e-05
 4.91669e-05
 4.91669e-05
 4.91669e-05
 1.19389e-05
 1.19389e-05
 1.19389e-05
 1.19389e-05
 1.19389e-05
 2.87427e-06
 2.87427e-06
 2.87427e-06
 2.87427e-06
 2.87427e-06
 6.85289e-07
 6.85289e-07
 6.85289e-07
 6.85289e-07
 6.85289e-07
 1.61540e-07
 1.61540e-07
 1.61540e-07
 1.61540e-07
 1.61540e-07
 3.75916e-08
 3.75916e-08
 3.75916e-08
 3.75916e-08
 3.75916e-08
 8.69778e-09
 8.69779e-09
 8.69779e-09
 8.69779e-09
 8.69779e-09
 2.36444e-09
 2.36444e-09
 2.36444e-09
 2.36444e-09
 2.36444e-09
 0.00000e+00
 0.00000e+00
 0.00000e+00
 0.00000e+00
 0.00000e+00
 0.00000e+00
 0.00000e+00
 0.00000e+00
 0.00000e+00
 0.00000e+00
 0.00000e+00
 0.00000e+00
 0.00000e+00
 0.00000e+00
 0.00000e+00
 7.43719e-05
 7.43719e-05
 7.43719e-05
 7.43719e-05
 7.43719e-05
 9.29669e-05
 9.29669e-05
 9.29669e-05
 9.29669e-05
 9.29669e-05
 1.70226e-03
 1.70226e-03
 1.70226e-03
 1.70226e-03
 1.70226e-03
 2.11707e-03
 2.11707e-03
 2.11707e-03
 2.11707e-03
 2.11707e-03
 1.37242e-02
 1.37242e-02
 1.37242e-02
 1.37242e-02
 1.37242e-02
 1.93967e-02
 1.93967e-02
 1.93967e-02
 1.93967e-02
 1.93967e-02
 4.62928e-02
 4.62928e-02
 4.62928e-02
 4.62928e-02
 4.62928e-02
 4.75584e-02
 4.75584e-02
 4.75584e-02
 4.75584e-02
 4.75584e-02
 4.43904e-02
 4.43904e-02
 4.43904e-02
 4.43904e-02
 4.43904e-02
 2.55726e-02
 2.55726e-02
 2.55726e-02
 2.55726e-02
 2.55726e-02
 1.03204e-02
 1.03204e-02
 1.03204e-02
 1.03204e-02
 1.03204e-02
 3.10206e-03
 3.10206e-03
 3.10206e-03
 3.10206e-03
 3.10206e-03
 8.06717e-04
 8.06717e-04
 8.06717e-04
 8.06717e-04
 8.06717e-04
 2.00691e-04
 2.00691e-04
 2.00691e-04
 2.00691e-04
 2.00691e-04
 4.91669e-05
 4.91669e-05
 4.91669e-05
 4.91669e-05
 4.91669e-05
 1.19389e-05
 1.19389e-05
 1.19389e-05
 1.19389e-05
 1.19389e-05
 2.87427e-06
 2.87427e-06
 2.87427e-06
 2.87427e-06
 2.87427e-06
 6.85289e-07
 6.85289e-07
 6.85289e-07
 6.85289e-07
 6.85289e-07
 1.61540e-07
 1.61540e-07
 1.61540e-07
 1.61540e-07
 1.61540e-07
 3.75916e-08
 3.75916e-08
 3.75916e-08
 3.75916e-08
 3.75916e-08
 8.69779e-09
 8.69779e-09
 8.69779e-09
 8.69779e-09
 8.69779e-09
 2.36444e-09
 2.36444e-09
 2.36444e-09
 2.36444e-09
 2.36444e-09
 0.00000e+00
 0.00000e+00
 0.00000e+00
 0.00000e+00
 0.00000e+00
 0.00000e+00
 0.00000e+00
 0.00000e+00
 0.00000e+00
 0.00000e+00
 0.00000e+00
 0.00000e+00
 0.00000e+00
 0.00000e+00
 0.00000e+00
 7.43719e-05
 7.43719e-05
 7.43719e-05
 7.43719e-05
 7.43719e-05
 9.29669e-05
 9.29669e-05
 9.29669e-05
 9.29669e-05
 9.29669e-05
 1.70226e-03
 1.70226e-03
 1.70226e-03
 1.70226e-03
 1.70226e-03
 2.11707e-03
 2.11707e-03
 2.11707e-03
 2.11707e-03
 2.11707e-03
 1.37242e-02
 1.37242e-02
 1.37242e-02
 1.37242e-02
 1.37242e-02
 1.93967e-02
 1.93967e-02
 1.93967e-02
 1.93967e-02
 1.93967e-02
 4.62928e-02
 4.62928e-02
 4.62928e-02
 4.62928e-02
 4.62928e-02
 4.75584e-02
 4.75584e-02
 4.75584e-02
 4.75584e-02
 4.75584e-02
 4.43904e-02
 4.43904e-02
 4.43904e-02
 4.43904e-02
 4.43904e-02
 2.55726e-02
 2.55726e-02
 2.55726e-02
 2.55726e-02
 2.55726e-02
 1.03204e-02
 1.03204e-02
 1.03204e-02
 1.03204e-02
 1.03204e-02
 3.10206e-03
 3.10206e-03
 3.10206e-03
 3.10206e-03
 3.10206e-03
 8.06717e-04
 8.06717e-04
 8.06717e-04
 8.06717e-04
 8.06717e-04
 2.00691e-04
 2.00691e-04
 2.00691e-04
 2.00691e-04
 2.00691e-04
 4.91669e-05
 4.91669e-05
 4.91669e-05
 4.91669e-05
 4.91669e-05
 1.19389e-05
 1.19389e-05
 1.19389e-05
 1.19389e-05
 1.19389e-05
 2.87427e-06
 2.87427e-06
 2.87427e-06
 2.87427e-06
 2.87427e-06
 6.85289e-07
 6.85289e-07
 6.85289e-07
 6.85289e-07
 6.85289e-07
 1.61540e-07
 1.61540e-07
 1.61540e-07
 1.61540e-07
 1.61540e-07
 3.75916e-08
 3.75916e-08
 3.75916e-08
 3.75916e-08
 3.75916e-08
 8.69779e-09
 8.69779e-09
 8.69779e-09
 8.69779e-09
 8.69779e-09
 2.36444e-09
 2.36444e-09
 2.36444e-09
 2.36444e-09
 2.36444e-09
