NodeMass
part
         1
coordinates
 5.00000e-07
 1.00000e-06
 1.00000e-06
 1.00000e-06
 1.00000e-06
 1.00000e-06
 1.00000e-06
 1.00000e-06
 1.00000e-06
 1.00000e-06
 1.00000e-06
 1.00000e-06
 1.00000e-06
 1.00000e-06
 1.00000e-06
 1.00000e-06
 1.00000e-06
 1.00000e-06
 9.99999e-07
 9.99994e-07
 9.99972e-07
 9.99876e-07
 9.99523e-07
 9.98396e-07
 9.95353e-07
 9.88498e-07
 9.75738e-07
 9.56101e-07
 1.00000e-06
 2.00000e-06
 2.00000e-06
 2.00000e-06
 2.00000e-06
 2.00000e-06
 2.00000e-06
 2.00000e-06
 2.00000e-06
 2.00000e-06
 2.00000e-06
 2.00000e-06
 2.00000e-06
 2.00000e-06
 2.00000e-06
 2.00000e-06
 2.00000e-06
 2.00000e-06
 2.00000e-06
 1.99999e-06
 1.99994e-06
 1.99975e-06
 1.99905e-06
 1.99679e-06
 1.99071e-06
 1.97700e-06
 1.95148e-06
 1.91220e-06
 1.00000e-06
 2.00000e-06
 2.00000e-06
 2.00000e-06
 2.00000e-06
 2.00000e-06
 2.00000e-06
 2.00000e-06
 2.00000e-06
 2.00000e-06
 2.00000e-06
 2.00000e-06
 2.00000e-06
 2.00000e-06
 2.00000e-06
 2.00000e-06
 2.00000e-06
 2.00000e-06
 2.00000e-06
 1.99999e-06
 1.99994e-06
 1.99975e-06
 1.99905e-06
 1.99679e-06
 1.99071e-06
 1.97700e-06
 1.95148e-06
 1.91220e-06
 1.00000e-06
 2.00000e-06
 2.00000e-06
 2.00000e-06
 2.00000e-06
 2.00000e-06
 2.00000e-06
 2.00000e-06
 2.00000e-06
 2.00000e-06
 2.00000e-06
 2.00000e-06
 2.00000e-06
 2.00000e-06
 2.00000e-06
 2.00000e-06
 2.00000e-06
 2.00000e-06
 2.00000e-06
 1.99999e-06
 1.99994e-06
 1.99975e-06
 1.99905e-06
 1.99679e-06
 1.99071e-06
 1.97700e-06
 1.95148e-06
 1.91220e-06
 1.00000e-06
 2.00000e-06
 2.00000e-06
 2.00000e-06
 2.00000e-06
 2.00000e-06
 2.00000e-06
 2.00000e-06
 2.00000e-06
 2.00000e-06
 2.00000e-06
 2.00000e-06
 2.00000e-06
 2.00000e-06
 2.00000e-06
 2.00000e-06
 2.00000e-06
 2.00000e-06
 2.00000e-06
 1.99999e-06
 1.99994e-06
 1.99975e-06
 1.99905e-06
 1.99679e-06
 1.99071e-06
 1.97700e-06
 1.95148e-06
 1.91220e-06
 5.00000e-07
 1.00000e-06
 1.00000e-06
 1.00000e-06
 1.00000e-06
 1.00000e-06
 1.00000e-06
 1.00000e-06
 1.00000e-06
 1.00000e-06
 1.00000e-06
 1.00000e-06
 1.00000e-06
 1.00000e-06
 1.00000e-06
 1.00000e-06
 1.00000e-06
 1.00000e-06
 9.99999e-07
 9.99994e-07
 9.99972e-07
 9.99876e-07
 9.99523e-07
 9.98396e-07
 9.95353e-07
 9.88498e-07
 9.75738e-07
 9.56101e-07
 1.00000e-06
 2.00000e-06
 2.00000e-06
 2.00000e-06
 2.00000e-06
 2.00000e-06
 2.00000e-06
 2.00000e-06
 2.00000e-06
 2.00000e-06
 2.00000e-06
 2.00000e-06
 2.00000e-06
 2.00000e-06
 2.00000e-06
 2.00000e-06
 2.00000e-06
 2.00000e-06
 2.00000e-06
 1.99999e-06
 1.99994e-06
 1.99975e-06
 1.99905e-06
 1.99679e-06
 1.99071e-06
 1.97700e-06
 1.95148e-06
 1.91220e-06
 2.00000e-06
 4.00000e-06
 4.00000e-06
 4.00000e-06
 4.00000e-06
 4.00000e-06
 4.00000e-06
 4.00000e-06
 4.00000e-06
 4.00000e-06
 4.00000e-06
 4.00000e-06
 4.00000e-06
 4.00000e-06
 4.00000e-06
 4.00000e-06
 4.00000e-06
 4.00000e-06
 4.00000e-06
 3.99998e-06
 3.99989e-06
 3.99950e-06
 3.99809e-06
 3.99358e-06
 3.98141e-06
 3.95399e-06
 3.90295e-06
 3.82440e-06
 2.00000e-06
 4.00000e-06
 4.00000e-06
 4.00000e-06
 4.00000e-06
 4.00000e-06
 4.00000e-06
 4.00000e-06
 4.00000e-06
 4.00000e-06
 4.00000e-06
 4.00000e-06
 4.00000e-06
 4.00000e-06
 4.00000e-06
 4.00000e-06
 4.00000e-06
 4.00000e-06
 4.00000e-06
 3.99998e-06
 3.99989e-06
 3.99950e-06
 3.99809e-06
 3.99358e-06
 3.98141e-06
 3.95399e-06
 3.90295e-06
 3.82440e-06
 2.00000e-06
 4.00000e-06
 4.00000e-06
 4.00000e-06
 4.00000e-06
 4.00000e-06
 4.00000e-06
 4.00000e-06
 4.00000e-06
 4.00000e-06
 4.00000e-06
 4.00000e-06
 4.00000e-06
 4.00000e-06
 4.00000e-06
 4.00000e-06
 4.00000e-06
 4.00000e-06
 4.00000e-06
 3.99998e-06
 3.99989e-06
 3.99950e-06
 3.99809e-06
 3.99358e-06
 3.98141e-06
 3.95399e-06
 3.90295e-06
 3.82440e-06
 2.00000e-06
 4.00000e-06
 4.00000e-06
 4.00000e-06
 4.00000e-06
 4.00000e-06
 4.00000e-06
 4.00000e-06
 4.00000e-06
 4.00000e-06
 4.00000e-06
 4.00000e-06
 4.00000e-06
 4.00000e-06
 4.00000e-06
 4.00000e-06
 4.00000e-06
 4.00000e-06
 4.00000e-06
 3.99998e-06
 3.99989e-06
 3.99950e-06
 3.99809e-06
 3.99358e-06
 3.98141e-06
 3.95399e-06
 3.90295e-06
 3.82440e-06
 1.00000e-06
 2.00000e-06
 2.00000e-06
 2.00000e-06
 2.00000e-06
 2.00000e-06
 2.00000e-06
 2.00000e-06
 2.00000e-06
 2.00000e-06
 2.00000e-06
 2.00000e-06
 2.00000e-06
 2.00000e-06
 2.00000e-06
 2.00000e-06
 2.00000e-06
 2.00000e-06
 2.00000e-06
 1.99999e-06
 1.99994e-06
 1.99975e-06
 1.99905e-06
 1.99679e-06
 1.99071e-06
 1.97700e-06
 1.95148e-06
 1.91220e-06
 1.00000e-06
 2.00000e-06
 2.00000e-06
 2.00000e-06
 2.00000e-06
 2.00000e-06
 2.00000e-06
 2.00000e-06
 2.00000e-06
 2.00000e-06
 2.00000e-06
 2.00000e-06
 2.00000e-06
 2.00000e-06
 2.00000e-06
 2.00000e-06
 2.00000e-06
 2.00000e-06
 2.00000e-06
 1.99999e-06
 1.99994e-06
 1.99975e-06
 1.99905e-06
 1.99679e-06
 1.99071e-06
 1.97700e-06
 1.95148e-06
 1.91220e-06
 2.00000e-06
 4.00000e-06
 4.00000e-06
 4.00000e-06
 4.00000e-06
 4.00000e-06
 4.00000e-06
 4.00000e-06
 4.00000e-06
 4.00000e-06
 4.00000e-06
 4.00000e-06
 4.00000e-06
 4.00000e-06
 4.00000e-06
 4.00000e-06
 4.00000e-06
 4.00000e-06
 4.00000e-06
 3.99998e-06
 3.99989e-06
 3.99950e-06
 3.99809e-06
 3.99358e-06
 3.98141e-06
 3.95399e-06
 3.90295e-06
 3.82440e-06
 2.00000e-06
 4.00000e-06
 4.00000e-06
 4.00000e-06
 4.00000e-06
 4.00000e-06
 4.00000e-06
 4.00000e-06
 4.00000e-06
 4.00000e-06
 4.00000e-06
 4.00000e-06
 4.00000e-06
 4.00000e-06
 4.00000e-06
 4.00000e-06
 4.00000e-06
 4.00000e-06
 4.00000e-06
 3.99998e-06
 3.99989e-06
 3.99950e-06
 3.99809e-06
 3.99358e-06
 3.98141e-06
 3.95399e-06
 3.90295e-06
 3.82440e-06
 2.00000e-06
 4.00000e-06
 4.00000e-06
 4.00000e-06
 4.00000e-06
 4.00000e-06
 4.00000e-06
 4.00000e-06
 4.00000e-06
 4.00000e-06
 4.00000e-06
 4.00000e-06
 4.00000e-06
 4.00000e-06
 4.00000e-06
 4.00000e-06
 4.00000e-06
 4.00000e-06
 4.00000e-06
 3.99998e-06
 3.99989e-06
 3.99950e-06
 3.99809e-06
 3.99358e-06
 3.98141e-06
 3.95399e-06
 3.90295e-06
 3.82440e-06
 2.00000e-06
 4.00000e-06
 4.00000e-06
 4.00000e-06
 4.00000e-06
 4.00000e-06
 4.00000e-06
 4.00000e-06
 4.00000e-06
 4.00000e-06
 4.00000e-06
 4.00000e-06
 4.00000e-06
 4.00000e-06
 4.00000e-06
 4.00000e-06
 4.00000e-06
 4.00000e-06
 4.00000e-06
 3.99998e-06
 3.99989e-06
 3.99950e-06
 3.99809e-06
 3.99358e-06
 3.98141e-06
 3.95399e-06
 3.90295e-06
 3.82440e-06
 1.00000e-06
 2.00000e-06
 2.00000e-06
 2.00000e-06
 2.00000e-06
 2.00000e-06
 2.00000e-06
 2.00000e-06
 2.00000e-06
 2.00000e-06
 2.00000e-06
 2.00000e-06
 2.00000e-06
 2.00000e-06
 2.00000e-06
 2.00000e-06
 2.00000e-06
 2.00000e-06
 2.00000e-06
 1.99999e-06
 1.99994e-06
 1.99975e-06
 1.99905e-06
 1.99679e-06
 1.99071e-06
 1.97700e-06
 1.95148e-06
 1.91220e-06
 1.00000e-06
 2.00000e-06
 2.00000e-06
 2.00000e-06
 2.00000e-06
 2.00000e-06
 2.00000e-06
 2.00000e-06
 2.00000e-06
 2.00000e-06
 2.00000e-06
 2.00000e-06
 2.00000e-06
 2.00000e-06
 2.00000e-06
 2.00000e-06
 2.00000e-06
 2.00000e-06
 2.00000e-06
 1.99999e-06
 1.99994e-06
 1.99975e-06
 1.99905e-06
 1.99679e-06
 1.99071e-06
 1.97700e-06
 1.95148e-06
 1.91220e-06
 2.00000e-06
 4.00000e-06
 4.00000e-06
 4.00000e-06
 4.00000e-06
 4.00000e-06
 4.00000e-06
 4.00000e-06
 4.00000e-06
 4.00000e-06
 4.00000e-06
 4.00000e-06
 4.00000e-06
 4.00000e-06
 4.00000e-06
 4.00000e-06
 4.00000e-06
 4.00000e-06
 4.00000e-06
 3.99998e-06
 3.99989e-06
 3.99950e-06
 3.99809e-06
 3.99358e-06
 3.98141e-06
 3.95399e-06
 3.90295e-06
 3.82440e-06
 2.00000e-06
 4.00000e-06
 4.00000e-06
 4.00000e-06
 4.00000e-06
 4.00000e-06
 4.00000e-06
 4.00000e-06
 4.00000e-06
 4.00000e-06
 4.00000e-06
 4.00000e-06
 4.00000e-06
 4.00000e-06
 4.00000e-06
 4.00000e-06
 4.00000e-06
 4.00000e-06
 4.00000e-06
 3.99998e-06
 3.99989e-06
 3.99950e-06
 3.99809e-06
 3.99358e-06
 3.98141e-06
 3.95399e-06
 3.90295e-06
 3.82440e-06
 2.00000e-06
 4.00000e-06
 4.00000e-06
 4.00000e-06
 4.00000e-06
 4.00000e-06
 4.00000e-06
 4.00000e-06
 4.00000e-06
 4.00000e-06
 4.00000e-06
 4.00000e-06
 4.00000e-06
 4.00000e-06
 4.00000e-06
 4.00000e-06
 4.00000e-06
 4.00000e-06
 4.00000e-06
 3.99998e-06
 3.99989e-06
 3.99950e-06
 3.99809e-06
 3.99358e-06
 3.98141e-06
 3.95399e-06
 3.90295e-06
 3.82440e-06
 2.00000e-06
 4.00000e-06
 4.00000e-06
 4.00000e-06
 4.00000e-06
 4.00000e-06
 4.00000e-06
 4.00000e-06
 4.00000e-06
 4.00000e-06
 4.00000e-06
 4.00000e-06
 4.00000e-06
 4.00000e-06
 4.00000e-06
 4.00000e-06
 4.00000e-06
 4.00000e-06
 4.00000e-06
 3.99998e-06
 3.99989e-06
 3.99950e-06
 3.99809e-06
 3.99358e-06
 3.98141e-06
 3.95399e-06
 3.90295e-06
 3.82440e-06
 1.00000e-06
 2.00000e-06
 2.00000e-06
 2.00000e-06
 2.00000e-06
 2.00000e-06
 2.00000e-06
 2.00000e-06
 2.00000e-06
 2.00000e-06
 2.00000e-06
 2.00000e-06
 2.00000e-06
 2.00000e-06
 2.00000e-06
 2.00000e-06
 2.00000e-06
 2.00000e-06
 2.00000e-06
 1.99999e-06
 1.99994e-06
 1.99975e-06
 1.99905e-06
 1.99679e-06
 1.99071e-06
 1.97700e-06
 1.95148e-06
 1.91220e-06
 1.00000e-06
 2.00000e-06
 2.00000e-06
 2.00000e-06
 2.00000e-06
 2.00000e-06
 2.00000e-06
 2.00000e-06
 2.00000e-06
 2.00000e-06
 2.00000e-06
 2.00000e-06
 2.00000e-06
 2.00000e-06
 2.00000e-06
 2.00000e-06
 2.00000e-06
 2.00000e-06
 2.00000e-06
 1.99999e-06
 1.99994e-06
 1.99975e-06
 1.99905e-06
 1.99679e-06
 1.99071e-06
 1.97700e-06
 1.95148e-06
 1.91220e-06
 2.00000e-06
 4.00000e-06
 4.00000e-06
 4.00000e-06
 4.00000e-06
 4.00000e-06
 4.00000e-06
 4.00000e-06
 4.00000e-06
 4.00000e-06
 4.00000e-06
 4.00000e-06
 4.00000e-06
 4.00000e-06
 4.00000e-06
 4.00000e-06
 4.00000e-06
 4.00000e-06
 4.00000e-06
 3.99998e-06
 3.99989e-06
 3.99950e-06
 3.99809e-06
 3.99358e-06
 3.98141e-06
 3.95399e-06
 3.90295e-06
 3.82440e-06
 2.00000e-06
 4.00000e-06
 4.00000e-06
 4.00000e-06
 4.00000e-06
 4.00000e-06
 4.00000e-06
 4.00000e-06
 4.00000e-06
 4.00000e-06
 4.00000e-06
 4.00000e-06
 4.00000e-06
 4.00000e-06
 4.00000e-06
 4.00000e-06
 4.00000e-06
 4.00000e-06
 4.00000e-06
 3.99998e-06
 3.99989e-06
 3.99950e-06
 3.99809e-06
 3.99358e-06
 3.98141e-06
 3.95399e-06
 3.90295e-06
 3.82440e-06
 2.00000e-06
 4.00000e-06
 4.00000e-06
 4.00000e-06
 4.00000e-06
 4.00000e-06
 4.00000e-06
 4.00000e-06
 4.00000e-06
 4.00000e-06
 4.00000e-06
 4.00000e-06
 4.00000e-06
 4.00000e-06
 4.00000e-06
 4.00000e-06
 4.00000e-06
 4.00000e-06
 4.00000e-06
 3.99998e-06
 3.99989e-06
 3.99950e-06
 3.99809e-06
 3.99358e-06
 3.98141e-06
 3.95399e-06
 3.90295e-06
 3.82440e-06
 2.00000e-06
 4.00000e-06
 4.00000e-06
 4.00000e-06
 4.00000e-06
 4.00000e-06
 4.00000e-06
 4.00000e-06
 4.00000e-06
 4.00000e-06
 4.00000e-06
 4.00000e-06
 4.00000e-06
 4.00000e-06
 4.00000e-06
 4.00000e-06
 4.00000e-06
 4.00000e-06
 4.00000e-06
 3.99998e-06
 3.99989e-06
 3.99950e-06
 3.99809e-06
 3.99358e-06
 3.98141e-06
 3.95399e-06
 3.90295e-06
 3.82440e-06
 1.00000e-06
 2.00000e-06
 2.00000e-06
 2.00000e-06
 2.00000e-06
 2.00000e-06
 2.00000e-06
 2.00000e-06
 2.00000e-06
 2.00000e-06
 2.00000e-06
 2.00000e-06
 2.00000e-06
 2.00000e-06
 2.00000e-06
 2.00000e-06
 2.00000e-06
 2.00000e-06
 2.00000e-06
 1.99999e-06
 1.99994e-06
 1.99975e-06
 1.99905e-06
 1.99679e-06
 1.99071e-06
 1.97700e-06
 1.95148e-06
 1.91220e-06
 5.00000e-07
 1.00000e-06
 1.00000e-06
 1.00000e-06
 1.00000e-06
 1.00000e-06
 1.00000e-06
 1.00000e-06
 1.00000e-06
 1.00000e-06
 1.00000e-06
 1.00000e-06
 1.00000e-06
 1.00000e-06
 1.00000e-06
 1.00000e-06
 1.00000e-06
 1.00000e-06
 9.99999e-07
 9.99994e-07
 9.99972e-07
 9.99876e-07
 9.99523e-07
 9.98396e-07
 9.95353e-07
 9.88498e-07
 9.75738e-07
 9.56101e-07
 1.00000e-06
 2.00000e-06
 2.00000e-06
 2.00000e-06
 2.00000e-06
 2.00000e-06
 2.00000e-06
 2.00000e-06
 2.00000e-06
 2.00000e-06
 2.00000e-06
 2.00000e-06
 2.00000e-06
 2.00000e-06
 2.00000e-06
 2.00000e-06
 2.00000e-06
 2.00000e-06
 2.00000e-06
 1.99999e-06
 1.99994e-06
 1.99975e-06
 1.99905e-06
 1.99679e-06
 1.99071e-06
 1.97700e-06
 1.95148e-06
 1.91220e-06
 1.00000e-06
 2.00000e-06
 2.00000e-06
 2.00000e-06
 2.00000e-06
 2.00000e-06
 2.00000e-06
 2.00000e-06
 2.00000e-06
 2.00000e-06
 2.00000e-06
 2.00000e-06
 2.00000e-06
 2.00000e-06
 2.00000e-06
 2.00000e-06
 2.00000e-06
 2.00000e-06
 2.00000e-06
 1.99999e-06
 1.99994e-06
 1.99975e-06
 1.99905e-06
 1.99679e-06
 1.99071e-06
 1.97700e-06
 1.95148e-06
 1.91220e-06
 1.00000e-06
 2.00000e-06
 2.00000e-06
 2.00000e-06
 2.00000e-06
 2.00000e-06
 2.00000e-06
 2.00000e-06
 2.00000e-06
 2.00000e-06
 2.00000e-06
 2.00000e-06
 2.00000e-06
 2.00000e-06
 2.00000e-06
 2.00000e-06
 2.00000e-06
 2.00000e-06
 2.00000e-06
 1.99999e-06
 1.99994e-06
 1.99975e-06
 1.99905e-06
 1.99679e-06
 1.99071e-06
 1.97700e-06
 1.95148e-06
 1.91220e-06
 1.00000e-06
 2.00000e-06
 2.00000e-06
 2.00000e-06
 2.00000e-06
 2.00000e-06
 2.00000e-06
 2.00000e-06
 2.00000e-06
 2.00000e-06
 2.00000e-06
 2.00000e-06
 2.00000e-06
 2.00000e-06
 2.00000e-06
 2.00000e-06
 2.00000e-06
 2.00000e-06
 2.00000e-06
 1.99999e-06
 1.99994e-06
 1.99975e-06
 1.99905e-06
 1.99679e-06
 1.99071e-06
 1.97700e-06
 1.95148e-06
 1.91220e-06
 5.00000e-07
 1.00000e-06
 1.00000e-06
 1.00000e-06
 1.00000e-06
 1.00000e-06
 1.00000e-06
 1.00000e-06
 1.00000e-06
 1.00000e-06
 1.00000e-06
 1.00000e-06
 1.00000e-06
 1.00000e-06
 1.00000e-06
 1.00000e-06
 1.00000e-06
 1.00000e-06
 9.99999e-07
 9.99994e-07
 9.99972e-07
 9.99876e-07
 9.99523e-07
 9.98396e-07
 9.95353e-07
 9.88498e-07
 9.75738e-07
 9.56101e-07
part
         2
coordinates
 9.98396e-07
 9.95353e-07
 9.88498e-07
 9.75738e-07
 9.56101e-07
 9.30671e-07
 9.01912e-07
 8.72088e-07
 8.42481e-07
 8.13609e-07
 7.85618e-07
 7.58539e-07
 7.32385e-07
 7.07152e-07
 6.82833e-07
 6.59413e-07
 6.36876e-07
 6.15203e-07
 5.94378e-07
 5.74387e-07
 5.55225e-07
 5.36893e-07
 5.19406e-07
 5.02801e-07
 4.87137e-07
 4.72504e-07
 4.59036e-07
 4.46910e-07
 4.36353e-07
 4.27634e-07
 1.99679e-06
 1.99071e-06
 1.97700e-06
 1.95148e-06
 1.91220e-06
 1.86134e-06
 1.80382e-06
 1.74418e-06
 1.68496e-06
 1.62722e-06
 1.57124e-06
 1.51708e-06
 1.46477e-06
 1.41430e-06
 1.36567e-06
 1.31883e-06
 1.27375e-06
 1.23041e-06
 1.18876e-06
 1.14877e-06
 1.11045e-06
 1.07379e-06
 1.03881e-06
 1.00560e-06
 9.74273e-07
 9.45009e-07
 9.18073e-07
 8.93820e-07
 8.72706e-07
 8.55269e-07
 1.99679e-06
 1.99071e-06
 1.97700e-06
 1.95148e-06
 1.91220e-06
 1.86134e-06
 1.80382e-06
 1.74418e-06
 1.68496e-06
 1.62722e-06
 1.57124e-06
 1.51708e-06
 1.46477e-06
 1.41430e-06
 1.36567e-06
 1.31883e-06
 1.27375e-06
 1.23041e-06
 1.18876e-06
 1.14877e-06
 1.11045e-06
 1.07379e-06
 1.03881e-06
 1.00560e-06
 9.74273e-07
 9.45009e-07
 9.18073e-07
 8.93820e-07
 8.72706e-07
 8.55269e-07
 1.99679e-06
 1.99071e-06
 1.97700e-06
 1.95148e-06
 1.91220e-06
 1.86134e-06
 1.80382e-06
 1.74418e-06
 1.68496e-06
 1.62722e-06
 1.57124e-06
 1.51708e-06
 1.46477e-06
 1.41430e-06
 1.36567e-06
 1.31883e-06
 1.27375e-06
 1.23041e-06
 1.18876e-06
 1.14877e-06
 1.11045e-06
 1.07379e-06
 1.03881e-06
 1.00560e-06
 9.74273e-07
 9.45009e-07
 9.18073e-07
 8.93820e-07
 8.72706e-07
 8.55269e-07
 1.99679e-06
 1.99071e-06
 1.97700e-06
 1.95148e-06
 1.91220e-06
 1.86134e-06
 1.80382e-06
 1.74418e-06
 1.68496e-06
 1.62722e-06
 1.57124e-06
 1.51708e-06
 1.46477e-06
 1.41430e-06
 1.36567e-06
 1.31883e-06
 1.27375e-06
 1.23041e-06
 1.18876e-06
 1.14877e-06
 1.11045e-06
 1.07379e-06
 1.03881e-06
 1.00560e-06
 9.74273e-07
 9.45009e-07
 9.18073e-07
 8.93820e-07
 8.72706e-07
 8.55269e-07
 9.98396e-07
 9.95353e-07
 9.88498e-07
 9.75738e-07
 9.56101e-07
 9.30671e-07
 9.01912e-07
 8.72088e-07
 8.42481e-07
 8.13609e-07
 7.85618e-07
 7.58539e-07
 7.32385e-07
 7.07152e-07
 6.82833e-07
 6.59413e-07
 6.36876e-07
 6.15203e-07
 5.94378e-07
 5.74387e-07
 5.55225e-07
 5.36893e-07
 5.19406e-07
 5.02801e-07
 4.87137e-07
 4.72504e-07
 4.59036e-07
 4.46910e-07
 4.36353e-07
 4.27634e-07
 1.99679e-06
 1.99071e-06
 1.97700e-06
 1.95148e-06
 1.91220e-06
 1.86134e-06
 1.80382e-06
 1.74418e-06
 1.68496e-06
 1.62722e-06
 1.57124e-06
 1.51708e-06
 1.46477e-06
 1.41430e-06
 1.36567e-06
 1.31883e-06
 1.27375e-06
 1.23041e-06
 1.18876e-06
 1.14877e-06
 1.11045e-06
 1.07379e-06
 1.03881e-06
 1.00560e-06
 9.74273e-07
 9.45009e-07
 9.18073e-07
 8.93820e-07
 8.72706e-07
 8.55269e-07
 3.99358e-06
 3.98141e-06
 3.95399e-06
 3.90295e-06
 3.82440e-06
 3.72268e-06
 3.60765e-06
 3.48835e-06
 3.36993e-06
 3.25443e-06
 3.14247e-06
 3.03416e-06
 2.92954e-06
 2.82861e-06
 2.73133e-06
 2.63765e-06
 2.54750e-06
 2.46081e-06
 2.37751e-06
 2.29755e-06
 2.22090e-06
 2.14757e-06
 2.07763e-06
 2.01120e-06
 1.94855e-06
 1.89002e-06
 1.83615e-06
 1.78764e-06
 1.74541e-06
 1.71054e-06
 3.99358e-06
 3.98141e-06
 3.95399e-06
 3.90295e-06
 3.82440e-06
 3.72268e-06
 3.60765e-06
 3.48835e-06
 3.36993e-06
 3.25443e-06
 3.14247e-06
 3.03416e-06
 2.92954e-06
 2.82861e-06
 2.73133e-06
 2.63765e-06
 2.54750e-06
 2.46081e-06
 2.37751e-06
 2.29755e-06
 2.22090e-06
 2.14757e-06
 2.07763e-06
 2.01120e-06
 1.94855e-06
 1.89002e-06
 1.83615e-06
 1.78764e-06
 1.74541e-06
 1.71054e-06
 3.99358e-06
 3.98141e-06
 3.95399e-06
 3.90295e-06
 3.82440e-06
 3.72268e-06
 3.60765e-06
 3.48835e-06
 3.36993e-06
 3.25443e-06
 3.14247e-06
 3.03416e-06
 2.92954e-06
 2.82861e-06
 2.73133e-06
 2.63765e-06
 2.54750e-06
 2.46081e-06
 2.37751e-06
 2.29755e-06
 2.22090e-06
 2.14757e-06
 2.07763e-06
 2.01120e-06
 1.94855e-06
 1.89002e-06
 1.83615e-06
 1.78764e-06
 1.74541e-06
 1.71054e-06
 3.99358e-06
 3.98141e-06
 3.95399e-06
 3.90295e-06
 3.82440e-06
 3.72268e-06
 3.60765e-06
 3.48835e-06
 3.36993e-06
 3.25443e-06
 3.14247e-06
 3.03416e-06
 2.92954e-06
 2.82861e-06
 2.73133e-06
 2.63765e-06
 2.54750e-06
 2.46081e-06
 2.37751e-06
 2.29755e-06
 2.22090e-06
 2.14757e-06
 2.07763e-06
 2.01120e-06
 1.94855e-06
 1.89002e-06
 1.83615e-06
 1.78764e-06
 1.74541e-06
 1.71054e-06
 1.99679e-06
 1.99071e-06
 1.97700e-06
 1.95148e-06
 1.91220e-06
 1.86134e-06
 1.80382e-06
 1.74418e-06
 1.68496e-06
 1.62722e-06
 1.57124e-06
 1.51708e-06
 1.46477e-06
 1.41430e-06
 1.36567e-06
 1.31883e-06
 1.27375e-06
 1.23041e-06
 1.18876e-06
 1.14877e-06
 1.11045e-06
 1.07379e-06
 1.03881e-06
 1.00560e-06
 9.74273e-07
 9.45009e-07
 9.18073e-07
 8.93820e-07
 8.72706e-07
 8.55269e-07
 1.99679e-06
 1.99071e-06
 1.97700e-06
 1.95148e-06
 1.91220e-06
 1.86134e-06
 1.80382e-06
 1.74418e-06
 1.68496e-06
 1.62722e-06
 1.57124e-06
 1.51708e-06
 1.46477e-06
 1.41430e-06
 1.36567e-06
 1.31883e-06
 1.27375e-06
 1.23041e-06
 1.18876e-06
 1.14877e-06
 1.11045e-06
 1.07379e-06
 1.03881e-06
 1.00560e-06
 9.74273e-07
 9.45009e-07
 9.18073e-07
 8.93820e-07
 8.72706e-07
 8.55269e-07
 3.99358e-06
 3.98141e-06
 3.95399e-06
 3.90295e-06
 3.82440e-06
 3.72268e-06
 3.60765e-06
 3.48835e-06
 3.36993e-06
 3.25443e-06
 3.14247e-06
 3.03416e-06
 2.92954e-06
 2.82861e-06
 2.73133e-06
 2.63765e-06
 2.54750e-06
 2.46081e-06
 2.37751e-06
 2.29755e-06
 2.22090e-06
 2.14757e-06
 2.07763e-06
 2.01120e-06
 1.94855e-06
 1.89002e-06
 1.83615e-06
 1.78764e-06
 1.74541e-06
 1.71054e-06
 3.99358e-06
 3.98141e-06
 3.95399e-06
 3.90295e-06
 3.82440e-06
 3.72268e-06
 3.60765e-06
 3.48835e-06
 3.36993e-06
 3.25443e-06
 3.14247e-06
 3.03416e-06
 2.92954e-06
 2.82861e-06
 2.73133e-06
 2.63765e-06
 2.54750e-06
 2.46081e-06
 2.37751e-06
 2.29755e-06
 2.22090e-06
 2.14757e-06
 2.07763e-06
 2.01120e-06
 1.94855e-06
 1.89002e-06
 1.83615e-06
 1.78764e-06
 1.74541e-06
 1.71054e-06
 3.99358e-06
 3.98141e-06
 3.95399e-06
 3.90295e-06
 3.82440e-06
 3.72268e-06
 3.60765e-06
 3.48835e-06
 3.36993e-06
 3.25443e-06
 3.14247e-06
 3.03416e-06
 2.92954e-06
 2.82861e-06
 2.73133e-06
 2.63765e-06
 2.54750e-06
 2.46081e-06
 2.37751e-06
 2.29755e-06
 2.22090e-06
 2.14757e-06
 2.07763e-06
 2.01120e-06
 1.94855e-06
 1.89002e-06
 1.83615e-06
 1.78764e-06
 1.74541e-06
 1.71054e-06
 3.99358e-06
 3.98141e-06
 3.95399e-06
 3.90295e-06
 3.82440e-06
 3.72268e-06
 3.60765e-06
 3.48835e-06
 3.36993e-06
 3.25443e-06
 3.14247e-06
 3.03416e-06
 2.92954e-06
 2.82861e-06
 2.73133e-06
 2.63765e-06
 2.54750e-06
 2.46081e-06
 2.37751e-06
 2.29755e-06
 2.22090e-06
 2.14757e-06
 2.07763e-06
 2.01120e-06
 1.94855e-06
 1.89002e-06
 1.83615e-06
 1.78764e-06
 1.74541e-06
 1.71054e-06
 1.99679e-06
 1.99071e-06
 1.97700e-06
 1.95148e-06
 1.91220e-06
 1.86134e-06
 1.80382e-06
 1.74418e-06
 1.68496e-06
 1.62722e-06
 1.57124e-06
 1.51708e-06
 1.46477e-06
 1.41430e-06
 1.36567e-06
 1.31883e-06
 1.27375e-06
 1.23041e-06
 1.18876e-06
 1.14877e-06
 1.11045e-06
 1.07379e-06
 1.03881e-06
 1.00560e-06
 9.74273e-07
 9.45009e-07
 9.18073e-07
 8.93820e-07
 8.72706e-07
 8.55269e-07
 1.99679e-06
 1.99071e-06
 1.97700e-06
 1.95148e-06
 1.91220e-06
 1.86134e-06
 1.80382e-06
 1.74418e-06
 1.68496e-06
 1.62722e-06
 1.57124e-06
 1.51708e-06
 1.46477e-06
 1.41430e-06
 1.36567e-06
 1.31883e-06
 1.27375e-06
 1.23041e-06
 1.18876e-06
 1.14877e-06
 1.11045e-06
 1.07379e-06
 1.03881e-06
 1.00560e-06
 9.74273e-07
 9.45009e-07
 9.18073e-07
 8.93820e-07
 8.72706e-07
 8.55269e-07
 3.99358e-06
 3.98141e-06
 3.95399e-06
 3.90295e-06
 3.82440e-06
 3.72268e-06
 3.60765e-06
 3.48835e-06
 3.36993e-06
 3.25443e-06
 3.14247e-06
 3.03416e-06
 2.92954e-06
 2.82861e-06
 2.73133e-06
 2.63765e-06
 2.54750e-06
 2.46081e-06
 2.37751e-06
 2.29755e-06
 2.22090e-06
 2.14757e-06
 2.07763e-06
 2.01120e-06
 1.94855e-06
 1.89002e-06
 1.83615e-06
 1.78764e-06
 1.74541e-06
 1.71054e-06
 3.99358e-06
 3.98141e-06
 3.95399e-06
 3.90295e-06
 3.82440e-06
 3.72268e-06
 3.60765e-06
 3.48835e-06
 3.36993e-06
 3.25443e-06
 3.14247e-06
 3.03416e-06
 2.92954e-06
 2.82861e-06
 2.73133e-06
 2.63765e-06
 2.54750e-06
 2.46081e-06
 2.37751e-06
 2.29755e-06
 2.22090e-06
 2.14757e-06
 2.07763e-06
 2.01120e-06
 1.94855e-06
 1.89002e-06
 1.83615e-06
 1.78764e-06
 1.74541e-06
 1.71054e-06
 3.99358e-06
 3.98141e-06
 3.95399e-06
 3.90295e-06
 3.82440e-06
 3.72268e-06
 3.60765e-06
 3.48835e-06
 3.36993e-06
 3.25443e-06
 3.14247e-06
 3.03416e-06
 2.92954e-06
 2.82861e-06
 2.73133e-06
 2.63765e-06
 2.54750e-06
 2.46081e-06
 2.37751e-06
 2.29755e-06
 2.22090e-06
 2.14757e-06
 2.07763e-06
 2.01120e-06
 1.94855e-06
 1.89002e-06
 1.83615e-06
 1.78764e-06
 1.74541e-06
 1.71054e-06
 3.99358e-06
 3.98141e-06
 3.95399e-06
 3.90295e-06
 3.82440e-06
 3.72268e-06
 3.60765e-06
 3.48835e-06
 3.36993e-06
 3.25443e-06
 3.14247e-06
 3.03416e-06
 2.92954e-06
 2.82861e-06
 2.73133e-06
 2.63765e-06
 2.54750e-06
 2.46081e-06
 2.37751e-06
 2.29755e-06
 2.22090e-06
 2.14757e-06
 2.07763e-06
 2.01120e-06
 1.94855e-06
 1.89002e-06
 1.83615e-06
 1.78764e-06
 1.74541e-06
 1.71054e-06
 1.99679e-06
 1.99071e-06
 1.97700e-06
 1.95148e-06
 1.91220e-06
 1.86134e-06
 1.80382e-06
 1.74418e-06
 1.68496e-06
 1.62722e-06
 1.57124e-06
 1.51708e-06
 1.46477e-06
 1.41430e-06
 1.36567e-06
 1.31883e-06
 1.27375e-06
 1.23041e-06
 1.18876e-06
 1.14877e-06
 1.11045e-06
 1.07379e-06
 1.03881e-06
 1.00560e-06
 9.74273e-07
 9.45009e-07
 9.18073e-07
 8.93820e-07
 8.72706e-07
 8.55269e-07
 1.99679e-06
 1.99071e-06
 1.97700e-06
 1.95148e-06
 1.91220e-06
 1.86134e-06
 1.80382e-06
 1.74418e-06
 1.68496e-06
 1.62722e-06
 1.57124e-06
 1.51708e-06
 1.46477e-06
 1.41430e-06
 1.36567e-06
 1.31883e-06
 1.27375e-06
 1.23041e-06
 1.18876e-06
 1.14877e-06
 1.11045e-06
 1.07379e-06
 1.03881e-06
 1.00560e-06
 9.74273e-07
 9.45009e-07
 9.18073e-07
 8.93820e-07
 8.72706e-07
 8.55269e-07
 3.99358e-06
 3.98141e-06
 3.95399e-06
 3.90295e-06
 3.82440e-06
 3.72268e-06
 3.60765e-06
 3.48835e-06
 3.36993e-06
 3.25443e-06
 3.14247e-06
 3.03416e-06
 2.92954e-06
 2.82861e-06
 2.73133e-06
 2.63765e-06
 2.54750e-06
 2.46081e-06
 2.37751e-06
 2.29755e-06
 2.22090e-06
 2.14757e-06
 2.07763e-06
 2.01120e-06
 1.94855e-06
 1.89002e-06
 1.83615e-06
 1.78764e-06
 1.74541e-06
 1.71054e-06
 3.99358e-06
 3.98141e-06
 3.95399e-06
 3.90295e-06
 3.82440e-06
 3.72268e-06
 3.60765e-06
 3.48835e-06
 3.36993e-06
 3.25443e-06
 3.14247e-06
 3.03416e-06
 2.92954e-06
 2.82861e-06
 2.73133e-06
 2.63765e-06
 2.54750e-06
 2.46081e-06
 2.37751e-06
 2.29755e-06
 2.22090e-06
 2.14757e-06
 2.07763e-06
 2.01120e-06
 1.94855e-06
 1.89002e-06
 1.83615e-06
 1.78764e-06
 1.74541e-06
 1.71054e-06
 3.99358e-06
 3.98141e-06
 3.95399e-06
 3.90295e-06
 3.82440e-06
 3.72268e-06
 3.60765e-06
 3.48835e-06
 3.36993e-06
 3.25443e-06
 3.14247e-06
 3.03416e-06
 2.92954e-06
 2.82861e-06
 2.73133e-06
 2.63765e-06
 2.54750e-06
 2.46081e-06
 2.37751e-06
 2.29755e-06
 2.22090e-06
 2.14757e-06
 2.07763e-06
 2.01120e-06
 1.94855e-06
 1.89002e-06
 1.83615e-06
 1.78764e-06
 1.74541e-06
 1.71054e-06
 3.99358e-06
 3.98141e-06
 3.95399e-06
 3.90295e-06
 3.82440e-06
 3.72268e-06
 3.60765e-06
 3.48835e-06
 3.36993e-06
 3.25443e-06
 3.14247e-06
 3.03416e-06
 2.92954e-06
 2.82861e-06
 2.73133e-06
 2.63765e-06
 2.54750e-06
 2.46081e-06
 2.37751e-06
 2.29755e-06
 2.22090e-06
 2.14757e-06
 2.07763e-06
 2.01120e-06
 1.94855e-06
 1.89002e-06
 1.83615e-06
 1.78764e-06
 1.74541e-06
 1.71054e-06
 1.99679e-06
 1.99071e-06
 1.97700e-06
 1.95148e-06
 1.91220e-06
 1.86134e-06
 1.80382e-06
 1.74418e-06
 1.68496e-06
 1.62722e-06
 1.57124e-06
 1.51708e-06
 1.46477e-06
 1.41430e-06
 1.36567e-06
 1.31883e-06
 1.27375e-06
 1.23041e-06
 1.18876e-06
 1.14877e-06
 1.11045e-06
 1.07379e-06
 1.03881e-06
 1.00560e-06
 9.74273e-07
 9.45009e-07
 9.18073e-07
 8.93820e-07
 8.72706e-07
 8.55269e-07
 9.98396e-07
 9.95353e-07
 9.88498e-07
 9.75738e-07
 9.56101e-07
 9.30671e-07
 9.01912e-07
 8.72088e-07
 8.42481e-07
 8.13609e-07
 7.85618e-07
 7.58539e-07
 7.32385e-07
 7.07152e-07
 6.82833e-07
 6.59413e-07
 6.36876e-07
 6.15203e-07
 5.94378e-07
 5.74387e-07
 5.55225e-07
 5.36893e-07
 5.19406e-07
 5.02801e-07
 4.87137e-07
 4.72504e-07
 4.59036e-07
 4.46910e-07
 4.36353e-07
 4.27634e-07
 1.99679e-06
 1.99071e-06
 1.97700e-06
 1.95148e-06
 1.91220e-06
 1.86134e-06
 1.80382e-06
 1.74418e-06
 1.68496e-06
 1.62722e-06
 1.57124e-06
 1.51708e-06
 1.46477e-06
 1.41430e-06
 1.36567e-06
 1.31883e-06
 1.27375e-06
 1.23041e-06
 1.18876e-06
 1.14877e-06
 1.11045e-06
 1.07379e-06
 1.03881e-06
 1.00560e-06
 9.74273e-07
 9.45009e-07
 9.18073e-07
 8.93820e-07
 8.72706e-07
 8.55269e-07
 1.99679e-06
 1.99071e-06
 1.97700e-06
 1.95148e-06
 1.91220e-06
 1.86134e-06
 1.80382e-06
 1.74418e-06
 1.68496e-06
 1.62722e-06
 1.57124e-06
 1.51708e-06
 1.46477e-06
 1.41430e-06
 1.36567e-06
 1.31883e-06
 1.27375e-06
 1.23041e-06
 1.18876e-06
 1.14877e-06
 1.11045e-06
 1.07379e-06
 1.03881e-06
 1.00560e-06
 9.74273e-07
 9.45009e-07
 9.18073e-07
 8.93820e-07
 8.72706e-07
 8.55269e-07
 1.99679e-06
 1.99071e-06
 1.97700e-06
 1.95148e-06
 1.91220e-06
 1.86134e-06
 1.80382e-06
 1.74418e-06
 1.68496e-06
 1.62722e-06
 1.57124e-06
 1.51708e-06
 1.46477e-06
 1.41430e-06
 1.36567e-06
 1.31883e-06
 1.27375e-06
 1.23041e-06
 1.18876e-06
 1.14877e-06
 1.11045e-06
 1.07379e-06
 1.03881e-06
 1.00560e-06
 9.74273e-07
 9.45009e-07
 9.18073e-07
 8.93820e-07
 8.72706e-07
 8.55269e-07
 1.99679e-06
 1.99071e-06
 1.97700e-06
 1.95148e-06
 1.91220e-06
 1.86134e-06
 1.80382e-06
 1.74418e-06
 1.68496e-06
 1.62722e-06
 1.57124e-06
 1.51708e-06
 1.46477e-06
 1.41430e-06
 1.36567e-06
 1.31883e-06
 1.27375e-06
 1.23041e-06
 1.18876e-06
 1.14877e-06
 1.11045e-06
 1.07379e-06
 1.03881e-06
 1.00560e-06
 9.74273e-07
 9.45009e-07
 9.18073e-07
 8.93820e-07
 8.72706e-07
 8.55269e-07
 9.98396e-07
 9.95353e-07
 9.88498e-07
 9.75738e-07
 9.56101e-07
 9.30671e-07
 9.01912e-07
 8.72088e-07
 8.42481e-07
 8.13609e-07
 7.85618e-07
 7.58539e-07
 7.32385e-07
 7.07152e-07
 6.82833e-07
 6.59413e-07
 6.36876e-07
 6.15203e-07
 5.94378e-07
 5.74387e-07
 5.55225e-07
 5.36893e-07
 5.19406e-07
 5.02801e-07
 4.87137e-07
 4.72504e-07
 4.59036e-07
 4.46910e-07
 4.36353e-07
 4.27634e-07
part
         3
coordinates
 4.72504e-07
 4.59036e-07
 4.46910e-07
 4.36353e-07
 4.27634e-07
 4.21037e-07
 4.17612e-07
 4.16875e-07
 4.17047e-07
 4.17611e-07
 4.18357e-07
 4.19121e-07
 4.19761e-07
 4.20154e-07
 4.20218e-07
 4.19941e-07
 4.19384e-07
 4.18677e-07
 4.18005e-07
 4.08187e-07
 3.61732e-07
 2.93978e-07
 2.60391e-07
 2.58054e-07
 2.58975e-07
 2.59948e-07
 2.60885e-07
 2.61722e-07
 2.62414e-07
 2.62915e-07
 9.45009e-07
 9.18073e-07
 8.93820e-07
 8.72706e-07
 8.55269e-07
 8.42075e-07
 8.35223e-07
 8.33750e-07
 8.34093e-07
 8.35222e-07
 8.36713e-07
 8.38242e-07
 8.39522e-07
 8.40308e-07
 8.40437e-07
 8.39881e-07
 8.38768e-07
 8.37354e-07
 8.36010e-07
 8.16374e-07
 7.23464e-07
 5.87957e-07
 5.20782e-07
 5.16108e-07
 5.17950e-07
 5.19896e-07
 5.21770e-07
 5.23443e-07
 5.24827e-07
 5.25830e-07
 9.45009e-07
 9.18073e-07
 8.93820e-07
 8.72706e-07
 8.55269e-07
 8.42075e-07
 8.35223e-07
 8.33750e-07
 8.34093e-07
 8.35222e-07
 8.36713e-07
 8.38242e-07
 8.39522e-07
 8.40308e-07
 8.40437e-07
 8.39881e-07
 8.38768e-07
 8.37354e-07
 8.36010e-07
 8.16374e-07
 7.23464e-07
 5.87957e-07
 5.20782e-07
 5.16108e-07
 5.17950e-07
 5.19896e-07
 5.21770e-07
 5.23443e-07
 5.24827e-07
 5.25830e-07
 9.45009e-07
 9.18073e-07
 8.93820e-07
 8.72706e-07
 8.55269e-07
 8.42075e-07
 8.35223e-07
 8.33750e-07
 8.34093e-07
 8.35222e-07
 8.36713e-07
 8.38242e-07
 8.39522e-07
 8.40308e-07
 8.40437e-07
 8.39881e-07
 8.38768e-07
 8.37354e-07
 8.36010e-07
 8.16374e-07
 7.23464e-07
 5.87957e-07
 5.20782e-07
 5.16108e-07
 5.17950e-07
 5.19896e-07
 5.21770e-07
 5.23443e-07
 5.24827e-07
 5.25830e-07
 9.45009e-07
 9.18073e-07
 8.93820e-07
 8.72706e-07
 8.55269e-07
 8.42075e-07
 8.35223e-07
 8.33750e-07
 8.34093e-07
 8.35222e-07
 8.36713e-07
 8.38242e-07
 8.39522e-07
 8.40308e-07
 8.40437e-07
 8.39881e-07
 8.38768e-07
 8.37354e-07
 8.36010e-07
 8.16374e-07
 7.23464e-07
 5.87957e-07
 5.20782e-07
 5.16108e-07
 5.17950e-07
 5.19896e-07
 5.21770e-07
 5.23443e-07
 5.24827e-07
 5.25830e-07
 4.72504e-07
 4.59036e-07
 4.46910e-07
 4.36353e-07
 4.27634e-07
 4.21037e-07
 4.17612e-07
 4.16875e-07
 4.17047e-07
 4.17611e-07
 4.18357e-07
 4.19121e-07
 4.19761e-07
 4.20154e-07
 4.20218e-07
 4.19941e-07
 4.19384e-07
 4.18677e-07
 4.18005e-07
 4.08187e-07
 3.61732e-07
 2.93978e-07
 2.60391e-07
 2.58054e-07
 2.58975e-07
 2.59948e-07
 2.60885e-07
 2.61722e-07
 2.62414e-07
 2.62915e-07
 9.45009e-07
 9.18073e-07
 8.93820e-07
 8.72706e-07
 8.55269e-07
 8.42075e-07
 8.35223e-07
 8.33750e-07
 8.34093e-07
 8.35222e-07
 8.36713e-07
 8.38242e-07
 8.39522e-07
 8.40308e-07
 8.40437e-07
 8.39881e-07
 8.38768e-07
 8.37354e-07
 8.36010e-07
 8.16374e-07
 7.23464e-07
 5.87957e-07
 5.20782e-07
 5.16108e-07
 5.17950e-07
 5.19896e-07
 5.21770e-07
 5.23443e-07
 5.24827e-07
 5.25830e-07
 1.89002e-06
 1.83615e-06
 1.78764e-06
 1.74541e-06
 1.71054e-06
 1.68415e-06
 1.67045e-06
 1.66750e-06
 1.66819e-06
 1.67044e-06
 1.67343e-06
 1.67648e-06
 1.67904e-06
 1.68062e-06
 1.68087e-06
 1.67976e-06
 1.67754e-06
 1.67471e-06
 1.67202e-06
 1.63275e-06
 1.44693e-06
 1.17591e-06
 1.04156e-06
 1.03222e-06
 1.03590e-06
 1.03979e-06
 1.04354e-06
 1.04689e-06
 1.04965e-06
 1.05166e-06
 1.89002e-06
 1.83615e-06
 1.78764e-06
 1.74541e-06
 1.71054e-06
 1.68415e-06
 1.67045e-06
 1.66750e-06
 1.66819e-06
 1.67044e-06
 1.67343e-06
 1.67648e-06
 1.67904e-06
 1.68062e-06
 1.68087e-06
 1.67976e-06
 1.67754e-06
 1.67471e-06
 1.67202e-06
 1.63275e-06
 1.44693e-06
 1.17591e-06
 1.04156e-06
 1.03222e-06
 1.03590e-06
 1.03979e-06
 1.04354e-06
 1.04689e-06
 1.04965e-06
 1.05166e-06
 1.89002e-06
 1.83615e-06
 1.78764e-06
 1.74541e-06
 1.71054e-06
 1.68415e-06
 1.67045e-06
 1.66750e-06
 1.66819e-06
 1.67044e-06
 1.67343e-06
 1.67648e-06
 1.67904e-06
 1.68062e-06
 1.68087e-06
 1.67976e-06
 1.67754e-06
 1.67471e-06
 1.67202e-06
 1.63275e-06
 1.44693e-06
 1.17591e-06
 1.04156e-06
 1.03222e-06
 1.03590e-06
 1.03979e-06
 1.04354e-06
 1.04689e-06
 1.04965e-06
 1.05166e-06
 1.89002e-06
 1.83615e-06
 1.78764e-06
 1.74541e-06
 1.71054e-06
 1.68415e-06
 1.67045e-06
 1.66750e-06
 1.66819e-06
 1.67044e-06
 1.67343e-06
 1.67648e-06
 1.67904e-06
 1.68062e-06
 1.68087e-06
 1.67976e-06
 1.67754e-06
 1.67471e-06
 1.67202e-06
 1.63275e-06
 1.44693e-06
 1.17591e-06
 1.04156e-06
 1.03222e-06
 1.03590e-06
 1.03979e-06
 1.04354e-06
 1.04689e-06
 1.04965e-06
 1.05166e-06
 9.45009e-07
 9.18073e-07
 8.93820e-07
 8.72706e-07
 8.55269e-07
 8.42075e-07
 8.35223e-07
 8.33750e-07
 8.34093e-07
 8.35222e-07
 8.36713e-07
 8.38242e-07
 8.39522e-07
 8.40308e-07
 8.40437e-07
 8.39881e-07
 8.38768e-07
 8.37354e-07
 8.36010e-07
 8.16374e-07
 7.23464e-07
 5.87957e-07
 5.20782e-07
 5.16108e-07
 5.17950e-07
 5.19896e-07
 5.21770e-07
 5.23443e-07
 5.24827e-07
 5.25830e-07
 9.45009e-07
 9.18073e-07
 8.93820e-07
 8.72706e-07
 8.55269e-07
 8.42075e-07
 8.35223e-07
 8.33750e-07
 8.34093e-07
 8.35222e-07
 8.36713e-07
 8.38242e-07
 8.39522e-07
 8.40308e-07
 8.40437e-07
 8.39881e-07
 8.38768e-07
 8.37354e-07
 8.36010e-07
 8.16374e-07
 7.23464e-07
 5.87957e-07
 5.20782e-07
 5.16108e-07
 5.17950e-07
 5.19896e-07
 5.21770e-07
 5.23443e-07
 5.24827e-07
 5.25830e-07
 1.89002e-06
 1.83615e-06
 1.78764e-06
 1.74541e-06
 1.71054e-06
 1.68415e-06
 1.67045e-06
 1.66750e-06
 1.66819e-06
 1.67044e-06
 1.67343e-06
 1.67648e-06
 1.67904e-06
 1.68062e-06
 1.68087e-06
 1.67976e-06
 1.67754e-06
 1.67471e-06
 1.67202e-06
 1.63275e-06
 1.44693e-06
 1.17591e-06
 1.04156e-06
 1.03222e-06
 1.03590e-06
 1.03979e-06
 1.04354e-06
 1.04689e-06
 1.04965e-06
 1.05166e-06
 1.89002e-06
 1.83615e-06
 1.78764e-06
 1.74541e-06
 1.71054e-06
 1.68415e-06
 1.67045e-06
 1.66750e-06
 1.66819e-06
 1.67044e-06
 1.67343e-06
 1.67648e-06
 1.67904e-06
 1.68062e-06
 1.68087e-06
 1.67976e-06
 1.67754e-06
 1.67471e-06
 1.67202e-06
 1.63275e-06
 1.44693e-06
 1.17591e-06
 1.04156e-06
 1.03222e-06
 1.03590e-06
 1.03979e-06
 1.04354e-06
 1.04689e-06
 1.04965e-06
 1.05166e-06
 1.89002e-06
 1.83615e-06
 1.78764e-06
 1.74541e-06
 1.71054e-06
 1.68415e-06
 1.67045e-06
 1.66750e-06
 1.66819e-06
 1.67044e-06
 1.67343e-06
 1.67648e-06
 1.67904e-06
 1.68062e-06
 1.68087e-06
 1.67976e-06
 1.67754e-06
 1.67471e-06
 1.67202e-06
 1.63275e-06
 1.44693e-06
 1.17591e-06
 1.04156e-06
 1.03222e-06
 1.03590e-06
 1.03979e-06
 1.04354e-06
 1.04689e-06
 1.04965e-06
 1.05166e-06
 1.89002e-06
 1.83615e-06
 1.78764e-06
 1.74541e-06
 1.71054e-06
 1.68415e-06
 1.67045e-06
 1.66750e-06
 1.66819e-06
 1.67044e-06
 1.67343e-06
 1.67648e-06
 1.67904e-06
 1.68062e-06
 1.68087e-06
 1.67976e-06
 1.67754e-06
 1.67471e-06
 1.67202e-06
 1.63275e-06
 1.44693e-06
 1.17591e-06
 1.04156e-06
 1.03222e-06
 1.03590e-06
 1.03979e-06
 1.04354e-06
 1.04689e-06
 1.04965e-06
 1.05166e-06
 9.45009e-07
 9.18073e-07
 8.93820e-07
 8.72706e-07
 8.55269e-07
 8.42075e-07
 8.35223e-07
 8.33750e-07
 8.34093e-07
 8.35222e-07
 8.36713e-07
 8.38242e-07
 8.39522e-07
 8.40308e-07
 8.40437e-07
 8.39881e-07
 8.38768e-07
 8.37354e-07
 8.36010e-07
 8.16374e-07
 7.23464e-07
 5.87957e-07
 5.20782e-07
 5.16108e-07
 5.17950e-07
 5.19896e-07
 5.21770e-07
 5.23443e-07
 5.24827e-07
 5.25830e-07
 9.45009e-07
 9.18073e-07
 8.93820e-07
 8.72706e-07
 8.55269e-07
 8.42075e-07
 8.35223e-07
 8.33750e-07
 8.34093e-07
 8.35222e-07
 8.36713e-07
 8.38242e-07
 8.39522e-07
 8.40308e-07
 8.40437e-07
 8.39881e-07
 8.38768e-07
 8.37354e-07
 8.36010e-07
 8.16374e-07
 7.23464e-07
 5.87957e-07
 5.20782e-07
 5.16108e-07
 5.17950e-07
 5.19896e-07
 5.21770e-07
 5.23443e-07
 5.24827e-07
 5.25830e-07
 1.89002e-06
 1.83615e-06
 1.78764e-06
 1.74541e-06
 1.71054e-06
 1.68415e-06
 1.67045e-06
 1.66750e-06
 1.66819e-06
 1.67044e-06
 1.67343e-06
 1.67648e-06
 1.67904e-06
 1.68062e-06
 1.68087e-06
 1.67976e-06
 1.67754e-06
 1.67471e-06
 1.67202e-06
 1.63275e-06
 1.44693e-06
 1.17591e-06
 1.04156e-06
 1.03222e-06
 1.03590e-06
 1.03979e-06
 1.04354e-06
 1.04689e-06
 1.04965e-06
 1.05166e-06
 1.89002e-06
 1.83615e-06
 1.78764e-06
 1.74541e-06
 1.71054e-06
 1.68415e-06
 1.67045e-06
 1.66750e-06
 1.66819e-06
 1.67044e-06
 1.67343e-06
 1.67648e-06
 1.67904e-06
 1.68062e-06
 1.68087e-06
 1.67976e-06
 1.67754e-06
 1.67471e-06
 1.67202e-06
 1.63275e-06
 1.44693e-06
 1.17591e-06
 1.04156e-06
 1.03222e-06
 1.03590e-06
 1.03979e-06
 1.04354e-06
 1.04689e-06
 1.04965e-06
 1.05166e-06
 1.89002e-06
 1.83615e-06
 1.78764e-06
 1.74541e-06
 1.71054e-06
 1.68415e-06
 1.67045e-06
 1.66750e-06
 1.66819e-06
 1.67044e-06
 1.67343e-06
 1.67648e-06
 1.67904e-06
 1.68062e-06
 1.68087e-06
 1.67976e-06
 1.67754e-06
 1.67471e-06
 1.67202e-06
 1.63275e-06
 1.44693e-06
 1.17591e-06
 1.04156e-06
 1.03222e-06
 1.03590e-06
 1.03979e-06
 1.04354e-06
 1.04689e-06
 1.04965e-06
 1.05166e-06
 1.89002e-06
 1.83615e-06
 1.78764e-06
 1.74541e-06
 1.71054e-06
 1.68415e-06
 1.67045e-06
 1.66750e-06
 1.66819e-06
 1.67044e-06
 1.67343e-06
 1.67648e-06
 1.67904e-06
 1.68062e-06
 1.68087e-06
 1.67976e-06
 1.67754e-06
 1.67471e-06
 1.67202e-06
 1.63275e-06
 1.44693e-06
 1.17591e-06
 1.04156e-06
 1.03222e-06
 1.03590e-06
 1.03979e-06
 1.04354e-06
 1.04689e-06
 1.04965e-06
 1.05166e-06
 9.45009e-07
 9.18073e-07
 8.93820e-07
 8.72706e-07
 8.55269e-07
 8.42075e-07
 8.35223e-07
 8.33750e-07
 8.34093e-07
 8.35222e-07
 8.36713e-07
 8.38242e-07
 8.39522e-07
 8.40308e-07
 8.40437e-07
 8.39881e-07
 8.38768e-07
 8.37354e-07
 8.36010e-07
 8.16374e-07
 7.23464e-07
 5.87957e-07
 5.20782e-07
 5.16108e-07
 5.17950e-07
 5.19896e-07
 5.21770e-07
 5.23443e-07
 5.24827e-07
 5.25830e-07
 9.45009e-07
 9.18073e-07
 8.93820e-07
 8.72706e-07
 8.55269e-07
 8.42075e-07
 8.35223e-07
 8.33750e-07
 8.34093e-07
 8.35222e-07
 8.36713e-07
 8.38242e-07
 8.39522e-07
 8.40308e-07
 8.40437e-07
 8.39881e-07
 8.38768e-07
 8.37354e-07
 8.36010e-07
 8.16374e-07
 7.23464e-07
 5.87957e-07
 5.20782e-07
 5.16108e-07
 5.17950e-07
 5.19896e-07
 5.21770e-07
 5.23443e-07
 5.24827e-07
 5.25830e-07
 1.89002e-06
 1.83615e-06
 1.78764e-06
 1.74541e-06
 1.71054e-06
 1.68415e-06
 1.67045e-06
 1.66750e-06
 1.66819e-06
 1.67044e-06
 1.67343e-06
 1.67648e-06
 1.67904e-06
 1.68062e-06
 1.68087e-06
 1.67976e-06
 1.67754e-06
 1.67471e-06
 1.67202e-06
 1.63275e-06
 1.44693e-06
 1.17591e-06
 1.04156e-06
 1.03222e-06
 1.03590e-06
 1.03979e-06
 1.04354e-06
 1.04689e-06
 1.04965e-06
 1.05166e-06
 1.89002e-06
 1.83615e-06
 1.78764e-06
 1.74541e-06
 1.71054e-06
 1.68415e-06
 1.67045e-06
 1.66750e-06
 1.66819e-06
 1.67044e-06
 1.67343e-06
 1.67648e-06
 1.67904e-06
 1.68062e-06
 1.68087e-06
 1.67976e-06
 1.67754e-06
 1.67471e-06
 1.67202e-06
 1.63275e-06
 1.44693e-06
 1.17591e-06
 1.04156e-06
 1.03222e-06
 1.03590e-06
 1.03979e-06
 1.04354e-06
 1.04689e-06
 1.04965e-06
 1.05166e-06
 1.89002e-06
 1.83615e-06
 1.78764e-06
 1.74541e-06
 1.71054e-06
 1.68415e-06
 1.67045e-06
 1.66750e-06
 1.66819e-06
 1.67044e-06
 1.67343e-06
 1.67648e-06
 1.67904e-06
 1.68062e-06
 1.68087e-06
 1.67976e-06
 1.67754e-06
 1.67471e-06
 1.67202e-06
 1.63275e-06
 1.44693e-06
 1.17591e-06
 1.04156e-06
 1.03222e-06
 1.03590e-06
 1.03979e-06
 1.04354e-06
 1.04689e-06
 1.04965e-06
 1.05166e-06
 1.89002e-06
 1.83615e-06
 1.78764e-06
 1.74541e-06
 1.71054e-06
 1.68415e-06
 1.67045e-06
 1.66750e-06
 1.66819e-06
 1.67044e-06
 1.67343e-06
 1.67648e-06
 1.67904e-06
 1.68062e-06
 1.68087e-06
 1.67976e-06
 1.67754e-06
 1.67471e-06
 1.67202e-06
 1.63275e-06
 1.44693e-06
 1.17591e-06
 1.04156e-06
 1.03222e-06
 1.03590e-06
 1.03979e-06
 1.04354e-06
 1.04689e-06
 1.04965e-06
 1.05166e-06
 9.45009e-07
 9.18073e-07
 8.93820e-07
 8.72706e-07
 8.55269e-07
 8.42075e-07
 8.35223e-07
 8.33750e-07
 8.34093e-07
 8.35222e-07
 8.36713e-07
 8.38242e-07
 8.39522e-07
 8.40308e-07
 8.40437e-07
 8.39881e-07
 8.38768e-07
 8.37354e-07
 8.36010e-07
 8.16374e-07
 7.23464e-07
 5.87957e-07
 5.20782e-07
 5.16108e-07
 5.17950e-07
 5.19896e-07
 5.21770e-07
 5.23443e-07
 5.24827e-07
 5.25830e-07
 4.72504e-07
 4.59036e-07
 4.46910e-07
 4.36353e-07
 4.27634e-07
 4.21037e-07
 4.17612e-07
 4.16875e-07
 4.17047e-07
 4.17611e-07
 4.18357e-07
 4.19121e-07
 4.19761e-07
 4.20154e-07
 4.20218e-07
 4.19941e-07
 4.19384e-07
 4.18677e-07
 4.18005e-07
 4.08187e-07
 3.61732e-07
 2.93978e-07
 2.60391e-07
 2.58054e-07
 2.58975e-07
 2.59948e-07
 2.60885e-07
 2.61722e-07
 2.62414e-07
 2.62915e-07
 9.45009e-07
 9.18073e-07
 8.93820e-07
 8.72706e-07
 8.55269e-07
 8.42075e-07
 8.35223e-07
 8.33750e-07
 8.34093e-07
 8.35222e-07
 8.36713e-07
 8.38242e-07
 8.39522e-07
 8.40308e-07
 8.40437e-07
 8.39881e-07
 8.38768e-07
 8.37354e-07
 8.36010e-07
 8.16374e-07
 7.23464e-07
 5.87957e-07
 5.20782e-07
 5.16108e-07
 5.17950e-07
 5.19896e-07
 5.21770e-07
 5.23443e-07
 5.24827e-07
 5.25830e-07
 9.45009e-07
 9.18073e-07
 8.93820e-07
 8.72706e-07
 8.55269e-07
 8.42075e-07
 8.35223e-07
 8.33750e-07
 8.34093e-07
 8.35222e-07
 8.36713e-07
 8.38242e-07
 8.39522e-07
 8.40308e-07
 8.40437e-07
 8.39881e-07
 8.38768e-07
 8.37354e-07
 8.36010e-07
 8.16374e-07
 7.23464e-07
 5.87957e-07
 5.20782e-07
 5.16108e-07
 5.17950e-07
 5.19896e-07
 5.21770e-07
 5.23443e-07
 5.24827e-07
 5.25830e-07
 9.45009e-07
 9.18073e-07
 8.93820e-07
 8.72706e-07
 8.55269e-07
 8.42075e-07
 8.35223e-07
 8.33750e-07
 8.34093e-07
 8.35222e-07
 8.36713e-07
 8.38242e-07
 8.39522e-07
 8.40308e-07
 8.40437e-07
 8.39881e-07
 8.38768e-07
 8.37354e-07
 8.36010e-07
 8.16374e-07
 7.23464e-07
 5.87957e-07
 5.20782e-07
 5.16108e-07
 5.17950e-07
 5.19896e-07
 5.21770e-07
 5.23443e-07
 5.24827e-07
 5.25830e-07
 9.45009e-07
 9.18073e-07
 8.93820e-07
 8.72706e-07
 8.55269e-07
 8.42075e-07
 8.35223e-07
 8.33750e-07
 8.34093e-07
 8.35222e-07
 8.36713e-07
 8.38242e-07
 8.39522e-07
 8.40308e-07
 8.40437e-07
 8.39881e-07
 8.38768e-07
 8.37354e-07
 8.36010e-07
 8.16374e-07
 7.23464e-07
 5.87957e-07
 5.20782e-07
 5.16108e-07
 5.17950e-07
 5.19896e-07
 5.21770e-07
 5.23443e-07
 5.24827e-07
 5.25830e-07
 4.72504e-07
 4.59036e-07
 4.46910e-07
 4.36353e-07
 4.27634e-07
 4.21037e-07
 4.17612e-07
 4.16875e-07
 4.17047e-07
 4.17611e-07
 4.18357e-07
 4.19121e-07
 4.19761e-07
 4.20154e-07
 4.20218e-07
 4.19941e-07
 4.19384e-07
 4.18677e-07
 4.18005e-07
 4.08187e-07
 3.61732e-07
 2.93978e-07
 2.60391e-07
 2.58054e-07
 2.58975e-07
 2.59948e-07
 2.60885e-07
 2.61722e-07
 2.62414e-07
 2.62915e-07
part
         4
coordinates
 2.59948e-07
 2.60885e-07
 2.61722e-07
 2.62414e-07
 2.62915e-07
 2.63133e-07
 2.62848e-07
 2.61575e-07
 2.58366e-07
 2.51703e-07
 2.39901e-07
 2.22036e-07
 1.99291e-07
 1.75199e-07
 1.54104e-07
 1.38963e-07
 1.30321e-07
 1.26613e-07
 1.25420e-07
 1.25103e-07
 1.25024e-07
 1.25006e-07
 1.25001e-07
 1.25000e-07
 1.25000e-07
 1.25000e-07
 1.25000e-07
 6.25000e-08
 5.19896e-07
 5.21770e-07
 5.23443e-07
 5.24827e-07
 5.25830e-07
 5.26266e-07
 5.25696e-07
 5.23150e-07
 5.16731e-07
 5.03407e-07
 4.79802e-07
 4.44072e-07
 3.98581e-07
 3.50398e-07
 3.08209e-07
 2.77927e-07
 2.60641e-07
 2.53227e-07
 2.50840e-07
 2.50205e-07
 2.50049e-07
 2.50011e-07
 2.50003e-07
 2.50001e-07
 2.50000e-07
 2.50000e-07
 2.50000e-07
 1.25000e-07
 5.19896e-07
 5.21770e-07
 5.23443e-07
 5.24827e-07
 5.25830e-07
 5.26266e-07
 5.25696e-07
 5.23150e-07
 5.16731e-07
 5.03407e-07
 4.79802e-07
 4.44072e-07
 3.98581e-07
 3.50398e-07
 3.08209e-07
 2.77927e-07
 2.60641e-07
 2.53227e-07
 2.50840e-07
 2.50205e-07
 2.50049e-07
 2.50011e-07
 2.50003e-07
 2.50001e-07
 2.50000e-07
 2.50000e-07
 2.50000e-07
 1.25000e-07
 5.19896e-07
 5.21770e-07
 5.23443e-07
 5.24827e-07
 5.25830e-07
 5.26266e-07
 5.25696e-07
 5.23150e-07
 5.16731e-07
 5.03407e-07
 4.79802e-07
 4.44072e-07
 3.98581e-07
 3.50398e-07
 3.08209e-07
 2.77927e-07
 2.60641e-07
 2.53227e-07
 2.50840e-07
 2.50205e-07
 2.50049e-07
 2.50011e-07
 2.50003e-07
 2.50001e-07
 2.50000e-07
 2.50000e-07
 2.50000e-07
 1.25000e-07
 5.19896e-07
 5.21770e-07
 5.23443e-07
 5.24827e-07
 5.25830e-07
 5.26266e-07
 5.25696e-07
 5.23150e-07
 5.16731e-07
 5.03407e-07
 4.79802e-07
 4.44072e-07
 3.98581e-07
 3.50398e-07
 3.08209e-07
 2.77927e-07
 2.60641e-07
 2.53227e-07
 2.50840e-07
 2.50205e-07
 2.50049e-07
 2.50011e-07
 2.50003e-07
 2.50001e-07
 2.50000e-07
 2.50000e-07
 2.50000e-07
 1.25000e-07
 2.59948e-07
 2.60885e-07
 2.61722e-07
 2.62414e-07
 2.62915e-07
 2.63133e-07
 2.62848e-07
 2.61575e-07
 2.58366e-07
 2.51703e-07
 2.39901e-07
 2.22036e-07
 1.99291e-07
 1.75199e-07
 1.54104e-07
 1.38963e-07
 1.30321e-07
 1.26613e-07
 1.25420e-07
 1.25103e-07
 1.25024e-07
 1.25006e-07
 1.25001e-07
 1.25000e-07
 1.25000e-07
 1.25000e-07
 1.25000e-07
 6.25000e-08
 5.19896e-07
 5.21770e-07
 5.23443e-07
 5.24827e-07
 5.25830e-07
 5.26266e-07
 5.25696e-07
 5.23150e-07
 5.16731e-07
 5.03407e-07
 4.79802e-07
 4.44072e-07
 3.98581e-07
 3.50398e-07
 3.08209e-07
 2.77927e-07
 2.60641e-07
 2.53227e-07
 2.50840e-07
 2.50205e-07
 2.50049e-07
 2.50011e-07
 2.50003e-07
 2.50001e-07
 2.50000e-07
 2.50000e-07
 2.50000e-07
 1.25000e-07
 1.03979e-06
 1.04354e-06
 1.04689e-06
 1.04965e-06
 1.05166e-06
 1.05253e-06
 1.05139e-06
 1.04630e-06
 1.03346e-06
 1.00681e-06
 9.59603e-07
 8.88143e-07
 7.97162e-07
 7.00796e-07
 6.16417e-07
 5.55853e-07
 5.21282e-07
 5.06453e-07
 5.01681e-07
 5.00410e-07
 5.00098e-07
 5.00023e-07
 5.00005e-07
 5.00001e-07
 5.00000e-07
 5.00000e-07
 5.00000e-07
 2.50000e-07
 1.03979e-06
 1.04354e-06
 1.04689e-06
 1.04965e-06
 1.05166e-06
 1.05253e-06
 1.05139e-06
 1.04630e-06
 1.03346e-06
 1.00681e-06
 9.59603e-07
 8.88143e-07
 7.97162e-07
 7.00796e-07
 6.16417e-07
 5.55853e-07
 5.21282e-07
 5.06453e-07
 5.01681e-07
 5.00410e-07
 5.00098e-07
 5.00023e-07
 5.00005e-07
 5.00001e-07
 5.00000e-07
 5.00000e-07
 5.00000e-07
 2.50000e-07
 1.03979e-06
 1.04354e-06
 1.04689e-06
 1.04965e-06
 1.05166e-06
 1.05253e-06
 1.05139e-06
 1.04630e-06
 1.03346e-06
 1.00681e-06
 9.59603e-07
 8.88143e-07
 7.97162e-07
 7.00796e-07
 6.16417e-07
 5.55853e-07
 5.21282e-07
 5.06453e-07
 5.01681e-07
 5.00410e-07
 5.00098e-07
 5.00023e-07
 5.00005e-07
 5.00001e-07
 5.00000e-07
 5.00000e-07
 5.00000e-07
 2.50000e-07
 1.03979e-06
 1.04354e-06
 1.04689e-06
 1.04965e-06
 1.05166e-06
 1.05253e-06
 1.05139e-06
 1.04630e-06
 1.03346e-06
 1.00681e-06
 9.59603e-07
 8.88143e-07
 7.97162e-07
 7.00796e-07
 6.16417e-07
 5.55853e-07
 5.21282e-07
 5.06453e-07
 5.01681e-07
 5.00410e-07
 5.00098e-07
 5.00023e-07
 5.00005e-07
 5.00001e-07
 5.00000e-07
 5.00000e-07
 5.00000e-07
 2.50000e-07
 5.19896e-07
 5.21770e-07
 5.23443e-07
 5.24827e-07
 5.25830e-07
 5.26266e-07
 5.25696e-07
 5.23150e-07
 5.16731e-07
 5.03407e-07
 4.79802e-07
 4.44072e-07
 3.98581e-07
 3.50398e-07
 3.08209e-07
 2.77927e-07
 2.60641e-07
 2.53227e-07
 2.50840e-07
 2.50205e-07
 2.50049e-07
 2.50011e-07
 2.50003e-07
 2.50001e-07
 2.50000e-07
 2.50000e-07
 2.50000e-07
 1.25000e-07
 5.19896e-07
 5.21770e-07
 5.23443e-07
 5.24827e-07
 5.25830e-07
 5.26266e-07
 5.25696e-07
 5.23150e-07
 5.16731e-07
 5.03407e-07
 4.79802e-07
 4.44072e-07
 3.98581e-07
 3.50398e-07
 3.08209e-07
 2.77927e-07
 2.60641e-07
 2.53227e-07
 2.50840e-07
 2.50205e-07
 2.50049e-07
 2.50011e-07
 2.50003e-07
 2.50001e-07
 2.50000e-07
 2.50000e-07
 2.50000e-07
 1.25000e-07
 1.03979e-06
 1.04354e-06
 1.04689e-06
 1.04965e-06
 1.05166e-06
 1.05253e-06
 1.05139e-06
 1.04630e-06
 1.03346e-06
 1.00681e-06
 9.59603e-07
 8.88143e-07
 7.97162e-07
 7.00796e-07
 6.16417e-07
 5.55853e-07
 5.21282e-07
 5.06453e-07
 5.01681e-07
 5.00410e-07
 5.00098e-07
 5.00023e-07
 5.00005e-07
 5.00001e-07
 5.00000e-07
 5.00000e-07
 5.00000e-07
 2.50000e-07
 1.03979e-06
 1.04354e-06
 1.04689e-06
 1.04965e-06
 1.05166e-06
 1.05253e-06
 1.05139e-06
 1.04630e-06
 1.03346e-06
 1.00681e-06
 9.59603e-07
 8.88143e-07
 7.97162e-07
 7.00796e-07
 6.16417e-07
 5.55853e-07
 5.21282e-07
 5.06453e-07
 5.01681e-07
 5.00410e-07
 5.00098e-07
 5.00023e-07
 5.00005e-07
 5.00001e-07
 5.00000e-07
 5.00000e-07
 5.00000e-07
 2.50000e-07
 1.03979e-06
 1.04354e-06
 1.04689e-06
 1.04965e-06
 1.05166e-06
 1.05253e-06
 1.05139e-06
 1.04630e-06
 1.03346e-06
 1.00681e-06
 9.59603e-07
 8.88143e-07
 7.97162e-07
 7.00796e-07
 6.16417e-07
 5.55853e-07
 5.21282e-07
 5.06453e-07
 5.01681e-07
 5.00410e-07
 5.00098e-07
 5.00023e-07
 5.00005e-07
 5.00001e-07
 5.00000e-07
 5.00000e-07
 5.00000e-07
 2.50000e-07
 1.03979e-06
 1.04354e-06
 1.04689e-06
 1.04965e-06
 1.05166e-06
 1.05253e-06
 1.05139e-06
 1.04630e-06
 1.03346e-06
 1.00681e-06
 9.59603e-07
 8.88143e-07
 7.97162e-07
 7.00796e-07
 6.16417e-07
 5.55853e-07
 5.21282e-07
 5.06453e-07
 5.01681e-07
 5.00410e-07
 5.00098e-07
 5.00023e-07
 5.00005e-07
 5.00001e-07
 5.00000e-07
 5.00000e-07
 5.00000e-07
 2.50000e-07
 5.19896e-07
 5.21770e-07
 5.23443e-07
 5.24827e-07
 5.25830e-07
 5.26266e-07
 5.25696e-07
 5.23150e-07
 5.16731e-07
 5.03407e-07
 4.79802e-07
 4.44072e-07
 3.98581e-07
 3.50398e-07
 3.08209e-07
 2.77927e-07
 2.60641e-07
 2.53227e-07
 2.50840e-07
 2.50205e-07
 2.50049e-07
 2.50011e-07
 2.50003e-07
 2.50001e-07
 2.50000e-07
 2.50000e-07
 2.50000e-07
 1.25000e-07
 5.19896e-07
 5.21770e-07
 5.23443e-07
 5.24827e-07
 5.25830e-07
 5.26266e-07
 5.25696e-07
 5.23150e-07
 5.16731e-07
 5.03407e-07
 4.79802e-07
 4.44072e-07
 3.98581e-07
 3.50398e-07
 3.08209e-07
 2.77927e-07
 2.60641e-07
 2.53227e-07
 2.50840e-07
 2.50205e-07
 2.50049e-07
 2.50011e-07
 2.50003e-07
 2.50001e-07
 2.50000e-07
 2.50000e-07
 2.50000e-07
 1.25000e-07
 1.03979e-06
 1.04354e-06
 1.04689e-06
 1.04965e-06
 1.05166e-06
 1.05253e-06
 1.05139e-06
 1.04630e-06
 1.03346e-06
 1.00681e-06
 9.59603e-07
 8.88143e-07
 7.97162e-07
 7.00796e-07
 6.16417e-07
 5.55853e-07
 5.21282e-07
 5.06453e-07
 5.01681e-07
 5.00410e-07
 5.00098e-07
 5.00023e-07
 5.00005e-07
 5.00001e-07
 5.00000e-07
 5.00000e-07
 5.00000e-07
 2.50000e-07
 1.03979e-06
 1.04354e-06
 1.04689e-06
 1.04965e-06
 1.05166e-06
 1.05253e-06
 1.05139e-06
 1.04630e-06
 1.03346e-06
 1.00681e-06
 9.59603e-07
 8.88143e-07
 7.97162e-07
 7.00796e-07
 6.16417e-07
 5.55853e-07
 5.21282e-07
 5.06453e-07
 5.01681e-07
 5.00410e-07
 5.00098e-07
 5.00023e-07
 5.00005e-07
 5.00001e-07
 5.00000e-07
 5.00000e-07
 5.00000e-07
 2.50000e-07
 1.03979e-06
 1.04354e-06
 1.04689e-06
 1.04965e-06
 1.05166e-06
 1.05253e-06
 1.05139e-06
 1.04630e-06
 1.03346e-06
 1.00681e-06
 9.59603e-07
 8.88143e-07
 7.97162e-07
 7.00796e-07
 6.16417e-07
 5.55853e-07
 5.21282e-07
 5.06453e-07
 5.01681e-07
 5.00410e-07
 5.00098e-07
 5.00023e-07
 5.00005e-07
 5.00001e-07
 5.00000e-07
 5.00000e-07
 5.00000e-07
 2.50000e-07
 1.03979e-06
 1.04354e-06
 1.04689e-06
 1.04965e-06
 1.05166e-06
 1.05253e-06
 1.05139e-06
 1.04630e-06
 1.03346e-06
 1.00681e-06
 9.59603e-07
 8.88143e-07
 7.97162e-07
 7.00796e-07
 6.16417e-07
 5.55853e-07
 5.21282e-07
 5.06453e-07
 5.01681e-07
 5.00410e-07
 5.00098e-07
 5.00023e-07
 5.00005e-07
 5.00001e-07
 5.00000e-07
 5.00000e-07
 5.00000e-07
 2.50000e-07
 5.19896e-07
 5.21770e-07
 5.23443e-07
 5.24827e-07
 5.25830e-07
 5.26266e-07
 5.25696e-07
 5.23150e-07
 5.16731e-07
 5.03407e-07
 4.79802e-07
 4.44072e-07
 3.98581e-07
 3.50398e-07
 3.08209e-07
 2.77927e-07
 2.60641e-07
 2.53227e-07
 2.50840e-07
 2.50205e-07
 2.50049e-07
 2.50011e-07
 2.50003e-07
 2.50001e-07
 2.50000e-07
 2.50000e-07
 2.50000e-07
 1.25000e-07
 5.19896e-07
 5.21770e-07
 5.23443e-07
 5.24827e-07
 5.25830e-07
 5.26266e-07
 5.25696e-07
 5.23150e-07
 5.16731e-07
 5.03407e-07
 4.79802e-07
 4.44072e-07
 3.98581e-07
 3.50398e-07
 3.08209e-07
 2.77927e-07
 2.60641e-07
 2.53227e-07
 2.50840e-07
 2.50205e-07
 2.50049e-07
 2.50011e-07
 2.50003e-07
 2.50001e-07
 2.50000e-07
 2.50000e-07
 2.50000e-07
 1.25000e-07
 1.03979e-06
 1.04354e-06
 1.04689e-06
 1.04965e-06
 1.05166e-06
 1.05253e-06
 1.05139e-06
 1.04630e-06
 1.03346e-06
 1.00681e-06
 9.59603e-07
 8.88143e-07
 7.97162e-07
 7.00796e-07
 6.16417e-07
 5.55853e-07
 5.21282e-07
 5.06453e-07
 5.01681e-07
 5.00410e-07
 5.00098e-07
 5.00023e-07
 5.00005e-07
 5.00001e-07
 5.00000e-07
 5.00000e-07
 5.00000e-07
 2.50000e-07
 1.03979e-06
 1.04354e-06
 1.04689e-06
 1.04965e-06
 1.05166e-06
 1.05253e-06
 1.05139e-06
 1.04630e-06
 1.03346e-06
 1.00681e-06
 9.59603e-07
 8.88143e-07
 7.97162e-07
 7.00796e-07
 6.16417e-07
 5.55853e-07
 5.21282e-07
 5.06453e-07
 5.01681e-07
 5.00410e-07
 5.00098e-07
 5.00023e-07
 5.00005e-07
 5.00001e-07
 5.00000e-07
 5.00000e-07
 5.00000e-07
 2.50000e-07
 1.03979e-06
 1.04354e-06
 1.04689e-06
 1.04965e-06
 1.05166e-06
 1.05253e-06
 1.05139e-06
 1.04630e-06
 1.03346e-06
 1.00681e-06
 9.59603e-07
 8.88143e-07
 7.97162e-07
 7.00796e-07
 6.16417e-07
 5.55853e-07
 5.21282e-07
 5.06453e-07
 5.01681e-07
 5.00410e-07
 5.00098e-07
 5.00023e-07
 5.00005e-07
 5.00001e-07
 5.00000e-07
 5.00000e-07
 5.00000e-07
 2.50000e-07
 1.03979e-06
 1.04354e-06
 1.04689e-06
 1.04965e-06
 1.05166e-06
 1.05253e-06
 1.05139e-06
 1.04630e-06
 1.03346e-06
 1.00681e-06
 9.59603e-07
 8.88143e-07
 7.97162e-07
 7.00796e-07
 6.16417e-07
 5.55853e-07
 5.21282e-07
 5.06453e-07
 5.01681e-07
 5.00410e-07
 5.00098e-07
 5.00023e-07
 5.00005e-07
 5.00001e-07
 5.00000e-07
 5.00000e-07
 5.00000e-07
 2.50000e-07
 5.19896e-07
 5.21770e-07
 5.23443e-07
 5.24827e-07
 5.25830e-07
 5.26266e-07
 5.25696e-07
 5.23150e-07
 5.16731e-07
 5.03407e-07
 4.79802e-07
 4.44072e-07
 3.98581e-07
 3.50398e-07
 3.08209e-07
 2.77927e-07
 2.60641e-07
 2.53227e-07
 2.50840e-07
 2.50205e-07
 2.50049e-07
 2.50011e-07
 2.50003e-07
 2.50001e-07
 2.50000e-07
 2.50000e-07
 2.50000e-07
 1.25000e-07
 2.59948e-07
 2.60885e-07
 2.61722e-07
 2.62414e-07
 2.62915e-07
 2.63133e-07
 2.62848e-07
 2.61575e-07
 2.58366e-07
 2.51703e-07
 2.39901e-07
 2.22036e-07
 1.99291e-07
 1.75199e-07
 1.54104e-07
 1.38963e-07
 1.30321e-07
 1.26613e-07
 1.25420e-07
 1.25103e-07
 1.25024e-07
 1.25006e-07
 1.25001e-07
 1.25000e-07
 1.25000e-07
 1.25000e-07
 1.25000e-07
 6.25000e-08
 5.19896e-07
 5.21770e-07
 5.23443e-07
 5.24827e-07
 5.25830e-07
 5.26266e-07
 5.25696e-07
 5.23150e-07
 5.16731e-07
 5.03407e-07
 4.79802e-07
 4.44072e-07
 3.98581e-07
 3.50398e-07
 3.08209e-07
 2.77927e-07
 2.60641e-07
 2.53227e-07
 2.50840e-07
 2.50205e-07
 2.50049e-07
 2.50011e-07
 2.50003e-07
 2.50001e-07
 2.50000e-07
 2.50000e-07
 2.50000e-07
 1.25000e-07
 5.19896e-07
 5.21770e-07
 5.23443e-07
 5.24827e-07
 5.25830e-07
 5.26266e-07
 5.25696e-07
 5.23150e-07
 5.16731e-07
 5.03407e-07
 4.79802e-07
 4.44072e-07
 3.98581e-07
 3.50398e-07
 3.08209e-07
 2.77927e-07
 2.60641e-07
 2.53227e-07
 2.50840e-07
 2.50205e-07
 2.50049e-07
 2.50011e-07
 2.50003e-07
 2.50001e-07
 2.50000e-07
 2.50000e-07
 2.50000e-07
 1.25000e-07
 5.19896e-07
 5.21770e-07
 5.23443e-07
 5.24827e-07
 5.25830e-07
 5.26266e-07
 5.25696e-07
 5.23150e-07
 5.16731e-07
 5.03407e-07
 4.79802e-07
 4.44072e-07
 3.98581e-07
 3.50398e-07
 3.08209e-07
 2.77927e-07
 2.60641e-07
 2.53227e-07
 2.50840e-07
 2.50205e-07
 2.50049e-07
 2.50011e-07
 2.50003e-07
 2.50001e-07
 2.50000e-07
 2.50000e-07
 2.50000e-07
 1.25000e-07
 5.19896e-07
 5.21770e-07
 5.23443e-07
 5.24827e-07
 5.25830e-07
 5.26266e-07
 5.25696e-07
 5.23150e-07
 5.16731e-07
 5.03407e-07
 4.79802e-07
 4.44072e-07
 3.98581e-07
 3.50398e-07
 3.08209e-07
 2.77927e-07
 2.60641e-07
 2.53227e-07
 2.50840e-07
 2.50205e-07
 2.50049e-07
 2.50011e-07
 2.50003e-07
 2.50001e-07
 2.50000e-07
 2.50000e-07
 2.50000e-07
 1.25000e-07
 2.59948e-07
 2.60885e-07
 2.61722e-07
 2.62414e-07
 2.62915e-07
 2.63133e-07
 2.62848e-07
 2.61575e-07
 2.58366e-07
 2.51703e-07
 2.39901e-07
 2.22036e-07
 1.99291e-07
 1.75199e-07
 1.54104e-07
 1.38963e-07
 1.30321e-07
 1.26613e-07
 1.25420e-07
 1.25103e-07
 1.25024e-07
 1.25006e-07
 1.25001e-07
 1.25000e-07
 1.25000e-07
 1.25000e-07
 1.25000e-07
 6.25000e-08
