InternalEnergy
part
         1
hexa8
 2.50000e+00
 2.50000e+00
 2.50000e+00
 2.50000e+00
 2.50000e+00
 2.50000e+00
 2.50000e+00
 2.50000e+00
 2.50000e+00
 2.50000e+00
 2.50000e+00
 2.50000e+00
 2.50000e+00
 2.50000e+00
 2.50000e+00
 2.50000e+00
 2.50000e+00
 2.50000e+00
 2.50000e+00
 2.49999e+00
 2.49996e+00
 2.49982e+00
 2.49933e+00
 2.49786e+00
 2.49416e+00
 2.50000e+00
 2.50000e+00
 2.50000e+00
 2.50000e+00
 2.50000e+00
 2.50000e+00
 2.50000e+00
 2.50000e+00
 2.50000e+00
 2.50000e+00
 2.50000e+00
 2.50000e+00
 2.50000e+00
 2.50000e+00
 2.50000e+00
 2.50000e+00
 2.50000e+00
 2.50000e+00
 2.50000e+00
 2.49999e+00
 2.49996e+00
 2.49982e+00
 2.49933e+00
 2.49786e+00
 2.49416e+00
 2.50000e+00
 2.50000e+00
 2.50000e+00
 2.50000e+00
 2.50000e+00
 2.50000e+00
 2.50000e+00
 2.50000e+00
 2.50000e+00
 2.50000e+00
 2.50000e+00
 2.50000e+00
 2.50000e+00
 2.50000e+00
 2.50000e+00
 2.50000e+00
 2.50000e+00
 2.50000e+00
 2.50000e+00
 2.49999e+00
 2.49996e+00
 2.49982e+00
 2.49933e+00
 2.49786e+00
 2.49416e+00
 2.50000e+00
 2.50000e+00
 2.50000e+00
 2.50000e+00
 2.50000e+00
 2.50000e+00
 2.50000e+00
 2.50000e+00
 2.50000e+00
 2.50000e+00
 2.50000e+00
 2.50000e+00
 2.50000e+00
 2.50000e+00
 2.50000e+00
 2.50000e+00
 2.50000e+00
 2.50000e+00
 2.50000e+00
 2.49999e+00
 2.49996e+00
 2.49982e+00
 2.49933e+00
 2.49786e+00
 2.49416e+00
 2.50000e+00
 2.50000e+00
 2.50000e+00
 2.50000e+00
 2.50000e+00
 2.50000e+00
 2.50000e+00
 2.50000e+00
 2.50000e+00
 2.50000e+00
 2.50000e+00
 2.50000e+00
 2.50000e+00
 2.50000e+00
 2.50000e+00
 2.50000e+00
 2.50000e+00
 2.50000e+00
 2.50000e+00
 2.49999e+00
 2.49996e+00
 2.49982e+00
 2.49933e+00
 2.49786e+00
 2.49416e+00
 2.50000e+00
 2.50000e+00
 2.50000e+00
 2.50000e+00
 2.50000e+00
 2.50000e+00
 2.50000e+00
 2.50000e+00
 2.50000e+00
 2.50000e+00
 2.50000e+00
 2.50000e+00
 2.50000e+00
 2.50000e+00
 2.50000e+00
 2.50000e+00
 2.50000e+00
 2.50000e+00
 2.50000e+00
 2.49999e+00
 2.49996e+00
 2.49982e+00
 2.49933e+00
 2.49786e+00
 2.49416e+00
 2.50000e+00
 2.50000e+00
 2.50000e+00
 2.50000e+00
 2.50000e+00
 2.50000e+00
 2.50000e+00
 2.50000e+00
 2.50000e+00
 2.50000e+00
 2.50000e+00
 2.50000e+00
 2.50000e+00
 2.50000e+00
 2.50000e+00
 2.50000e+00
 2.50000e+00
 2.50000e+00
 2.50000e+00
 2.49999e+00
 2.49996e+00
 2.49982e+00
 2.49933e+00
 2.49786e+00
 2.49416e+00
 2.50000e+00
 2.50000e+00
 2.50000e+00
 2.50000e+00
 2.50000e+00
 2.50000e+00
 2.50000e+00
 2.50000e+00
 2.50000e+00
 2.50000e+00
 2.50000e+00
 2.50000e+00
 2.50000e+00
 2.50000e+00
 2.50000e+00
 2.50000e+00
 2.50000e+00
 2.50000e+00
 2.50000e+00
 2.49999e+00
 2.49996e+00
 2.49982e+00
 2.49933e+00
 2.49786e+00
 2.49416e+00
 2.50000e+00
 2.50000e+00
 2.50000e+00
 2.50000e+00
 2.50000e+00
 2.50000e+00
 2.50000e+00
 2.50000e+00
 2.50000e+00
 2.50000e+00
 2.50000e+00
 2.50000e+00
 2.50000e+00
 2.50000e+00
 2.50000e+00
 2.50000e+00
 2.50000e+00
 2.50000e+00
 2.50000e+00
 2.49999e+00
 2.49996e+00
 2.49982e+00
 2.49933e+00
 2.49786e+00
 2.49416e+00
 2.50000e+00
 2.50000e+00
 2.50000e+00
 2.50000e+00
 2.50000e+00
 2.50000e+00
 2.50000e+00
 2.50000e+00
 2.50000e+00
 2.50000e+00
 2.50000e+00
 2.50000e+00
 2.50000e+00
 2.50000e+00
 2.50000e+00
 2.50000e+00
 2.50000e+00
 2.50000e+00
 2.50000e+00
 2.49999e+00
 2.49996e+00
 2.49982e+00
 2.49933e+00
 2.49786e+00
 2.49416e+00
 2.50000e+00
 2.50000e+00
 2.50000e+00
 2.50000e+00
 2.50000e+00
 2.50000e+00
 2.50000e+00
 2.50000e+00
 2.50000e+00
 2.50000e+00
 2.50000e+00
 2.50000e+00
 2.50000e+00
 2.50000e+00
 2.50000e+00
 2.50000e+00
 2.50000e+00
 2.50000e+00
 2.50000e+00
 2.49999e+00
 2.49996e+00
 2.49982e+00
 2.49933e+00
 2.49786e+00
 2.49416e+00
 2.50000e+00
 2.50000e+00
 2.50000e+00
 2.50000e+00
 2.50000e+00
 2.50000e+00
 2.50000e+00
 2.50000e+00
 2.50000e+00
 2.50000e+00
 2.50000e+00
 2.50000e+00
 2.50000e+00
 2.50000e+00
 2.50000e+00
 2.50000e+00
 2.50000e+00
 2.50000e+00
 2.50000e+00
 2.49999e+00
 2.49996e+00
 2.49982e+00
 2.49933e+00
 2.49786e+00
 2.49416e+00
 2.50000e+00
 2.50000e+00
 2.50000e+00
 2.50000e+00
 2.50000e+00
 2.50000e+00
 2.50000e+00
 2.50000e+00
 2.50000e+00
 2.50000e+00
 2.50000e+00
 2.50000e+00
 2.50000e+00
 2.50000e+00
 2.50000e+00
 2.50000e+00
 2.50000e+00
 2.50000e+00
 2.50000e+00
 2.49999e+00
 2.49996e+00
 2.49982e+00
 2.49933e+00
 2.49786e+00
 2.49416e+00
 2.50000e+00
 2.50000e+00
 2.50000e+00
 2.50000e+00
 2.50000e+00
 2.50000e+00
 2.50000e+00
 2.50000e+00
 2.50000e+00
 2.50000e+00
 2.50000e+00
 2.50000e+00
 2.50000e+00
 2.50000e+00
 2.50000e+00
 2.50000e+00
 2.50000e+00
 2.50000e+00
 2.50000e+00
 2.49999e+00
 2.49996e+00
 2.49982e+00
 2.49933e+00
 2.49786e+00
 2.49416e+00
 2.50000e+00
 2.50000e+00
 2.50000e+00
 2.50000e+00
 2.50000e+00
 2.50000e+00
 2.50000e+00
 2.50000e+00
 2.50000e+00
 2.50000e+00
 2.50000e+00
 2.50000e+00
 2.50000e+00
 2.50000e+00
 2.50000e+00
 2.50000e+00
 2.50000e+00
 2.50000e+00
 2.50000e+00
 2.49999e+00
 2.49996e+00
 2.49982e+00
 2.49933e+00
 2.49786e+00
 2.49416e+00
 2.50000e+00
 2.50000e+00
 2.50000e+00
 2.50000e+00
 2.50000e+00
 2.50000e+00
 2.50000e+00
 2.50000e+00
 2.50000e+00
 2.50000e+00
 2.50000e+00
 2.50000e+00
 2.50000e+00
 2.50000e+00
 2.50000e+00
 2.50000e+00
 2.50000e+00
 2.50000e+00
 2.50000e+00
 2.49999e+00
 2.49996e+00
 2.49982e+00
 2.49933e+00
 2.49786e+00
 2.49416e+00
 2.50000e+00
 2.50000e+00
 2.50000e+00
 2.50000e+00
 2.50000e+00
 2.50000e+00
 2.50000e+00
 2.50000e+00
 2.50000e+00
 2.50000e+00
 2.50000e+00
 2.50000e+00
 2.50000e+00
 2.50000e+00
 2.50000e+00
 2.50000e+00
 2.50000e+00
 2.50000e+00
 2.50000e+00
 2.49999e+00
 2.49996e+00
 2.49982e+00
 2.49933e+00
 2.49786e+00
 2.49416e+00
 2.50000e+00
 2.50000e+00
 2.50000e+00
 2.50000e+00
 2.50000e+00
 2.50000e+00
 2.50000e+00
 2.50000e+00
 2.50000e+00
 2.50000e+00
 2.50000e+00
 2.50000e+00
 2.50000e+00
 2.50000e+00
 2.50000e+00
 2.50000e+00
 2.50000e+00
 2.50000e+00
 2.50000e+00
 2.49999e+00
 2.49996e+00
 2.49982e+00
 2.49933e+00
 2.49786e+00
 2.49416e+00
 2.50000e+00
 2.50000e+00
 2.50000e+00
 2.50000e+00
 2.50000e+00
 2.50000e+00
 2.50000e+00
 2.50000e+00
 2.50000e+00
 2.50000e+00
 2.50000e+00
 2.50000e+00
 2.50000e+00
 2.50000e+00
 2.50000e+00
 2.50000e+00
 2.50000e+00
 2.50000e+00
 2.50000e+00
 2.49999e+00
 2.49996e+00
 2.49982e+00
 2.49933e+00
 2.49786e+00
 2.49416e+00
 2.50000e+00
 2.50000e+00
 2.50000e+00
 2.50000e+00
 2.50000e+00
 2.50000e+00
 2.50000e+00
 2.50000e+00
 2.50000e+00
 2.50000e+00
 2.50000e+00
 2.50000e+00
 2.50000e+00
 2.50000e+00
 2.50000e+00
 2.50000e+00
 2.50000e+00
 2.50000e+00
 2.50000e+00
 2.49999e+00
 2.49996e+00
 2.49982e+00
 2.49933e+00
 2.49786e+00
 2.49416e+00
 2.50000e+00
 2.50000e+00
 2.50000e+00
 2.50000e+00
 2.50000e+00
 2.50000e+00
 2.50000e+00
 2.50000e+00
 2.50000e+00
 2.50000e+00
 2.50000e+00
 2.50000e+00
 2.50000e+00
 2.50000e+00
 2.50000e+00
 2.50000e+00
 2.50000e+00
 2.50000e+00
 2.50000e+00
 2.49999e+00
 2.49996e+00
 2.49982e+00
 2.49933e+00
 2.49786e+00
 2.49416e+00
 2.50000e+00
 2.50000e+00
 2.50000e+00
 2.50000e+00
 2.50000e+00
 2.50000e+00
 2.50000e+00
 2.50000e+00
 2.50000e+00
 2.50000e+00
 2.50000e+00
 2.50000e+00
 2.50000e+00
 2.50000e+00
 2.50000e+00
 2.50000e+00
 2.50000e+00
 2.50000e+00
 2.50000e+00
 2.49999e+00
 2.49996e+00
 2.49982e+00
 2.49933e+00
 2.49786e+00
 2.49416e+00
 2.50000e+00
 2.50000e+00
 2.50000e+00
 2.50000e+00
 2.50000e+00
 2.50000e+00
 2.50000e+00
 2.50000e+00
 2.50000e+00
 2.50000e+00
 2.50000e+00
 2.50000e+00
 2.50000e+00
 2.50000e+00
 2.50000e+00
 2.50000e+00
 2.50000e+00
 2.50000e+00
 2.50000e+00
 2.49999e+00
 2.49996e+00
 2.49982e+00
 2.49933e+00
 2.49786e+00
 2.49416e+00
 2.50000e+00
 2.50000e+00
 2.50000e+00
 2.50000e+00
 2.50000e+00
 2.50000e+00
 2.50000e+00
 2.50000e+00
 2.50000e+00
 2.50000e+00
 2.50000e+00
 2.50000e+00
 2.50000e+00
 2.50000e+00
 2.50000e+00
 2.50000e+00
 2.50000e+00
 2.50000e+00
 2.50000e+00
 2.49999e+00
 2.49996e+00
 2.49982e+00
 2.49933e+00
 2.49786e+00
 2.49416e+00
 2.50000e+00
 2.50000e+00
 2.50000e+00
 2.50000e+00
 2.50000e+00
 2.50000e+00
 2.50000e+00
 2.50000e+00
 2.50000e+00
 2.50000e+00
 2.50000e+00
 2.50000e+00
 2.50000e+00
 2.50000e+00
 2.50000e+00
 2.50000e+00
 2.50000e+00
 2.50000e+00
 2.50000e+00
 2.49999e+00
 2.49996e+00
 2.49982e+00
 2.49933e+00
 2.49786e+00
 2.49416e+00
part
         2
hexa8
 2.48645e+00
 2.47318e+00
 2.45399e+00
 2.42983e+00
 2.40213e+00
 2.37209e+00
 2.34055e+00
 2.30803e+00
 2.27487e+00
 2.24126e+00
 2.20732e+00
 2.17323e+00
 2.13879e+00
 2.10455e+00
 2.07006e+00
 2.03536e+00
 2.00174e+00
 1.96662e+00
 1.93242e+00
 1.89852e+00
 1.85360e+00
 1.79411e+00
 1.77965e+00
 1.77502e+00
 1.77527e+00
 2.48645e+00
 2.47318e+00
 2.45399e+00
 2.42983e+00
 2.40213e+00
 2.37209e+00
 2.34055e+00
 2.30803e+00
 2.27487e+00
 2.24126e+00
 2.20732e+00
 2.17323e+00
 2.13879e+00
 2.10455e+00
 2.07006e+00
 2.03536e+00
 2.00174e+00
 1.96662e+00
 1.93242e+00
 1.89852e+00
 1.85360e+00
 1.79411e+00
 1.77965e+00
 1.77502e+00
 1.77527e+00
 2.48645e+00
 2.47318e+00
 2.45399e+00
 2.42983e+00
 2.40213e+00
 2.37209e+00
 2.34055e+00
 2.30803e+00
 2.27487e+00
 2.24126e+00
 2.20732e+00
 2.17323e+00
 2.13879e+00
 2.10455e+00
 2.07006e+00
 2.03536e+00
 2.00174e+00
 1.96662e+00
 1.93242e+00
 1.89852e+00
 1.85360e+00
 1.79411e+00
 1.77965e+00
 1.77502e+00
 1.77527e+00
 2.48645e+00
 2.47318e+00
 2.45399e+00
 2.42983e+00
 2.40213e+00
 2.37209e+00
 2.34055e+00
 2.30803e+00
 2.27487e+00
 2.24126e+00
 2.20732e+00
 2.17323e+00
 2.13879e+00
 2.10455e+00
 2.07006e+00
 2.03536e+00
 2.00174e+00
 1.96662e+00
 1.93242e+00
 1.89852e+00
 1.85360e+00
 1.79411e+00
 1.77965e+00
 1.77502e+00
 1.77527e+00
 2.48645e+00
 2.47318e+00
 2.45399e+00
 2.42983e+00
 2.40213e+00
 2.37209e+00
 2.34055e+00
 2.30803e+00
 2.27487e+00
 2.24126e+00
 2.20732e+00
 2.17323e+00
 2.13879e+00
 2.10455e+00
 2.07006e+00
 2.03536e+00
 2.00174e+00
 1.96662e+00
 1.93242e+00
 1.89852e+00
 1.85360e+00
 1.79411e+00
 1.77965e+00
 1.77502e+00
 1.77527e+00
 2.48645e+00
 2.47318e+00
 2.45399e+00
 2.42983e+00
 2.40213e+00
 2.37209e+00
 2.34055e+00
 2.30803e+00
 2.27487e+00
 2.24126e+00
 2.20732e+00
 2.17323e+00
 2.13879e+00
 2.10455e+00
 2.07006e+00
 2.03536e+00
 2.00174e+00
 1.96662e+00
 1.93242e+00
 1.89852e+00
 1.85360e+00
 1.79411e+00
 1.77965e+00
 1.77502e+00
 1.77527e+00
 2.48645e+00
 2.47318e+00
 2.45399e+00
 2.42983e+00
 2.40213e+00
 2.37209e+00
 2.34055e+00
 2.30803e+00
 2.27487e+00
 2.24126e+00
 2.20732e+00
 2.17323e+00
 2.13879e+00
 2.10455e+00
 2.07006e+00
 2.03536e+00
 2.00174e+00
 1.96662e+00
 1.93242e+00
 1.89852e+00
 1.85360e+00
 1.79411e+00
 1.77965e+00
 1.77502e+00
 1.77527e+00
 2.48645e+00
 2.47318e+00
 2.45399e+00
 2.42983e+00
 2.40213e+00
 2.37209e+00
 2.34055e+00
 2.30803e+00
 2.27487e+00
 2.24126e+00
 2.20732e+00
 2.17323e+00
 2.13879e+00
 2.10455e+00
 2.07006e+00
 2.03536e+00
 2.00174e+00
 1.96662e+00
 1.93242e+00
 1.89852e+00
 1.85360e+00
 1.79411e+00
 1.77965e+00
 1.77502e+00
 1.77527e+00
 2.48645e+00
 2.47318e+00
 2.45399e+00
 2.42983e+00
 2.40213e+00
 2.37209e+00
 2.34055e+00
 2.30803e+00
 2.27487e+00
 2.24126e+00
 2.20732e+00
 2.17323e+00
 2.13879e+00
 2.10455e+00
 2.07006e+00
 2.03536e+00
 2.00174e+00
 1.96662e+00
 1.93242e+00
 1.89852e+00
 1.85360e+00
 1.79411e+00
 1.77965e+00
 1.77502e+00
 1.77527e+00
 2.48645e+00
 2.47318e+00
 2.45399e+00
 2.42983e+00
 2.40213e+00
 2.37209e+00
 2.34055e+00
 2.30803e+00
 2.27487e+00
 2.24126e+00
 2.20732e+00
 2.17323e+00
 2.13879e+00
 2.10455e+00
 2.07006e+00
 2.03536e+00
 2.00174e+00
 1.96662e+00
 1.93242e+00
 1.89852e+00
 1.85360e+00
 1.79411e+00
 1.77965e+00
 1.77502e+00
 1.77527e+00
 2.48645e+00
 2.47318e+00
 2.45399e+00
 2.42983e+00
 2.40213e+00
 2.37209e+00
 2.34055e+00
 2.30803e+00
 2.27487e+00
 2.24126e+00
 2.20732e+00
 2.17323e+00
 2.13879e+00
 2.10455e+00
 2.07006e+00
 2.03536e+00
 2.00174e+00
 1.96662e+00
 1.93242e+00
 1.89852e+00
 1.85360e+00
 1.79411e+00
 1.77965e+00
 1.77502e+00
 1.77527e+00
 2.48645e+00
 2.47318e+00
 2.45399e+00
 2.42983e+00
 2.40213e+00
 2.37209e+00
 2.34055e+00
 2.30803e+00
 2.27487e+00
 2.24126e+00
 2.20732e+00
 2.17323e+00
 2.13879e+00
 2.10455e+00
 2.07006e+00
 2.03536e+00
 2.00174e+00
 1.96662e+00
 1.93242e+00
 1.89852e+00
 1.85360e+00
 1.79411e+00
 1.77965e+00
 1.77502e+00
 1.77527e+00
 2.48645e+00
 2.47318e+00
 2.45399e+00
 2.42983e+00
 2.40213e+00
 2.37209e+00
 2.34055e+00
 2.30803e+00
 2.27487e+00
 2.24126e+00
 2.20732e+00
 2.17323e+00
 2.13879e+00
 2.10455e+00
 2.07006e+00
 2.03536e+00
 2.00174e+00
 1.96662e+00
 1.93242e+00
 1.89852e+00
 1.85360e+00
 1.79411e+00
 1.77965e+00
 1.77502e+00
 1.77527e+00
 2.48645e+00
 2.47318e+00
 2.45399e+00
 2.42983e+00
 2.40213e+00
 2.37209e+00
 2.34055e+00
 2.30803e+00
 2.27487e+00
 2.24126e+00
 2.20732e+00
 2.17323e+00
 2.13879e+00
 2.10455e+00
 2.07006e+00
 2.03536e+00
 2.00174e+00
 1.96662e+00
 1.93242e+00
 1.89852e+00
 1.85360e+00
 1.79411e+00
 1.77965e+00
 1.77502e+00
 1.77527e+00
 2.48645e+00
 2.47318e+00
 2.45399e+00
 2.42983e+00
 2.40213e+00
 2.37209e+00
 2.34055e+00
 2.30803e+00
 2.27487e+00
 2.24126e+00
 2.20732e+00
 2.17323e+00
 2.13879e+00
 2.10455e+00
 2.07006e+00
 2.03536e+00
 2.00174e+00
 1.96662e+00
 1.93242e+00
 1.89852e+00
 1.85360e+00
 1.79411e+00
 1.77965e+00
 1.77502e+00
 1.77527e+00
 2.48645e+00
 2.47318e+00
 2.45399e+00
 2.42983e+00
 2.40213e+00
 2.37209e+00
 2.34055e+00
 2.30803e+00
 2.27487e+00
 2.24126e+00
 2.20732e+00
 2.17323e+00
 2.13879e+00
 2.10455e+00
 2.07006e+00
 2.03536e+00
 2.00174e+00
 1.96662e+00
 1.93242e+00
 1.89852e+00
 1.85360e+00
 1.79411e+00
 1.77965e+00
 1.77502e+00
 1.77527e+00
 2.48645e+00
 2.47318e+00
 2.45399e+00
 2.42983e+00
 2.40213e+00
 2.37209e+00
 2.34055e+00
 2.30803e+00
 2.27487e+00
 2.24126e+00
 2.20732e+00
 2.17323e+00
 2.13879e+00
 2.10455e+00
 2.07006e+00
 2.03536e+00
 2.00174e+00
 1.96662e+00
 1.93242e+00
 1.89852e+00
 1.85360e+00
 1.79411e+00
 1.77965e+00
 1.77502e+00
 1.77527e+00
 2.48645e+00
 2.47318e+00
 2.45399e+00
 2.42983e+00
 2.40213e+00
 2.37209e+00
 2.34055e+00
 2.30803e+00
 2.27487e+00
 2.24126e+00
 2.20732e+00
 2.17323e+00
 2.13879e+00
 2.10455e+00
 2.07006e+00
 2.03536e+00
 2.00174e+00
 1.96662e+00
 1.93242e+00
 1.89852e+00
 1.85360e+00
 1.79411e+00
 1.77965e+00
 1.77502e+00
 1.77527e+00
 2.48645e+00
 2.47318e+00
 2.45399e+00
 2.42983e+00
 2.40213e+00
 2.37209e+00
 2.34055e+00
 2.30803e+00
 2.27487e+00
 2.24126e+00
 2.20732e+00
 2.17323e+00
 2.13879e+00
 2.10455e+00
 2.07006e+00
 2.03536e+00
 2.00174e+00
 1.96662e+00
 1.93242e+00
 1.89852e+00
 1.85360e+00
 1.79411e+00
 1.77965e+00
 1.77502e+00
 1.77527e+00
 2.48645e+00
 2.47318e+00
 2.45399e+00
 2.42983e+00
 2.40213e+00
 2.37209e+00
 2.34055e+00
 2.30803e+00
 2.27487e+00
 2.24126e+00
 2.20732e+00
 2.17323e+00
 2.13879e+00
 2.10455e+00
 2.07006e+00
 2.03536e+00
 2.00174e+00
 1.96662e+00
 1.93242e+00
 1.89852e+00
 1.85360e+00
 1.79411e+00
 1.77965e+00
 1.77502e+00
 1.77527e+00
 2.48645e+00
 2.47318e+00
 2.45399e+00
 2.42983e+00
 2.40213e+00
 2.37209e+00
 2.34055e+00
 2.30803e+00
 2.27487e+00
 2.24126e+00
 2.20732e+00
 2.17323e+00
 2.13879e+00
 2.10455e+00
 2.07006e+00
 2.03536e+00
 2.00174e+00
 1.96662e+00
 1.93242e+00
 1.89852e+00
 1.85360e+00
 1.79411e+00
 1.77965e+00
 1.77502e+00
 1.77527e+00
 2.48645e+00
 2.47318e+00
 2.45399e+00
 2.42983e+00
 2.40213e+00
 2.37209e+00
 2.34055e+00
 2.30803e+00
 2.27487e+00
 2.24126e+00
 2.20732e+00
 2.17323e+00
 2.13879e+00
 2.10455e+00
 2.07006e+00
 2.03536e+00
 2.00174e+00
 1.96662e+00
 1.93242e+00
 1.89852e+00
 1.85360e+00
 1.79411e+00
 1.77965e+00
 1.77502e+00
 1.77527e+00
 2.48645e+00
 2.47318e+00
 2.45399e+00
 2.42983e+00
 2.40213e+00
 2.37209e+00
 2.34055e+00
 2.30803e+00
 2.27487e+00
 2.24126e+00
 2.20732e+00
 2.17323e+00
 2.13879e+00
 2.10455e+00
 2.07006e+00
 2.03536e+00
 2.00174e+00
 1.96662e+00
 1.93242e+00
 1.89852e+00
 1.85360e+00
 1.79411e+00
 1.77965e+00
 1.77502e+00
 1.77527e+00
 2.48645e+00
 2.47318e+00
 2.45399e+00
 2.42983e+00
 2.40213e+00
 2.37209e+00
 2.34055e+00
 2.30803e+00
 2.27487e+00
 2.24126e+00
 2.20732e+00
 2.17323e+00
 2.13879e+00
 2.10455e+00
 2.07006e+00
 2.03536e+00
 2.00174e+00
 1.96662e+00
 1.93242e+00
 1.89852e+00
 1.85360e+00
 1.79411e+00
 1.77965e+00
 1.77502e+00
 1.77527e+00
 2.48645e+00
 2.47318e+00
 2.45399e+00
 2.42983e+00
 2.40213e+00
 2.37209e+00
 2.34055e+00
 2.30803e+00
 2.27487e+00
 2.24126e+00
 2.20732e+00
 2.17323e+00
 2.13879e+00
 2.10455e+00
 2.07006e+00
 2.03536e+00
 2.00174e+00
 1.96662e+00
 1.93242e+00
 1.89852e+00
 1.85360e+00
 1.79411e+00
 1.77965e+00
 1.77502e+00
 1.77527e+00
part
         3
hexa8
 1.77786e+00
 1.77475e+00
 1.77322e+00
 1.76779e+00
 1.76592e+00
 1.76798e+00
 1.77437e+00
 1.77896e+00
 1.77367e+00
 1.76992e+00
 1.77217e+00
 1.78044e+00
 1.78560e+00
 1.77743e+00
 1.74396e+00
 1.72755e+00
 1.74675e+00
 1.96350e+00
 2.38034e+00
 2.78719e+00
 2.94139e+00
 2.94511e+00
 2.92386e+00
 2.89862e+00
 2.88433e+00
 1.77786e+00
 1.77475e+00
 1.77322e+00
 1.76779e+00
 1.76592e+00
 1.76798e+00
 1.77437e+00
 1.77896e+00
 1.77367e+00
 1.76992e+00
 1.77217e+00
 1.78044e+00
 1.78560e+00
 1.77743e+00
 1.74396e+00
 1.72755e+00
 1.74675e+00
 1.96350e+00
 2.38034e+00
 2.78719e+00
 2.94139e+00
 2.94511e+00
 2.92386e+00
 2.89862e+00
 2.88433e+00
 1.77786e+00
 1.77475e+00
 1.77322e+00
 1.76779e+00
 1.76592e+00
 1.76798e+00
 1.77437e+00
 1.77896e+00
 1.77367e+00
 1.76992e+00
 1.77217e+00
 1.78044e+00
 1.78560e+00
 1.77743e+00
 1.74396e+00
 1.72755e+00
 1.74675e+00
 1.96350e+00
 2.38034e+00
 2.78719e+00
 2.94139e+00
 2.94511e+00
 2.92386e+00
 2.89862e+00
 2.88433e+00
 1.77786e+00
 1.77475e+00
 1.77322e+00
 1.76779e+00
 1.76592e+00
 1.76798e+00
 1.77437e+00
 1.77896e+00
 1.77367e+00
 1.76992e+00
 1.77217e+00
 1.78044e+00
 1.78560e+00
 1.77743e+00
 1.74396e+00
 1.72755e+00
 1.74675e+00
 1.96350e+00
 2.38034e+00
 2.78719e+00
 2.94139e+00
 2.94511e+00
 2.92386e+00
 2.89862e+00
 2.88433e+00
 1.77786e+00
 1.77475e+00
 1.77322e+00
 1.76779e+00
 1.76592e+00
 1.76798e+00
 1.77437e+00
 1.77896e+00
 1.77367e+00
 1.76992e+00
 1.77217e+00
 1.78044e+00
 1.78560e+00
 1.77743e+00
 1.74396e+00
 1.72755e+00
 1.74675e+00
 1.96350e+00
 2.38034e+00
 2.78719e+00
 2.94139e+00
 2.94511e+00
 2.92386e+00
 2.89862e+00
 2.88433e+00
 1.77786e+00
 1.77475e+00
 1.77322e+00
 1.76779e+00
 1.76592e+00
 1.76798e+00
 1.77437e+00
 1.77896e+00
 1.77367e+00
 1.76992e+00
 1.77217e+00
 1.78044e+00
 1.78560e+00
 1.77743e+00
 1.74396e+00
 1.72755e+00
 1.74675e+00
 1.96350e+00
 2.38034e+00
 2.78719e+00
 2.94139e+00
 2.94511e+00
 2.92386e+00
 2.89862e+00
 2.88433e+00
 1.77786e+00
 1.77475e+00
 1.77322e+00
 1.76779e+00
 1.76592e+00
 1.76798e+00
 1.77437e+00
 1.77896e+00
 1.77367e+00
 1.76992e+00
 1.77217e+00
 1.78044e+00
 1.78560e+00
 1.77743e+00
 1.74396e+00
 1.72755e+00
 1.74675e+00
 1.96350e+00
 2.38034e+00
 2.78719e+00
 2.94139e+00
 2.94511e+00
 2.92386e+00
 2.89862e+00
 2.88433e+00
 1.77786e+00
 1.77475e+00
 1.77322e+00
 1.76779e+00
 1.76592e+00
 1.76798e+00
 1.77437e+00
 1.77896e+00
 1.77367e+00
 1.76992e+00
 1.77217e+00
 1.78044e+00
 1.78560e+00
 1.77743e+00
 1.74396e+00
 1.72755e+00
 1.74675e+00
 1.96350e+00
 2.38034e+00
 2.78719e+00
 2.94139e+00
 2.94511e+00
 2.92386e+00
 2.89862e+00
 2.88433e+00
 1.77786e+00
 1.77475e+00
 1.77322e+00
 1.76779e+00
 1.76592e+00
 1.76798e+00
 1.77437e+00
 1.77896e+00
 1.77367e+00
 1.76992e+00
 1.77217e+00
 1.78044e+00
 1.78560e+00
 1.77743e+00
 1.74396e+00
 1.72755e+00
 1.74675e+00
 1.96350e+00
 2.38034e+00
 2.78719e+00
 2.94139e+00
 2.94511e+00
 2.92386e+00
 2.89862e+00
 2.88433e+00
 1.77786e+00
 1.77475e+00
 1.77322e+00
 1.76779e+00
 1.76592e+00
 1.76798e+00
 1.77437e+00
 1.77896e+00
 1.77367e+00
 1.76992e+00
 1.77217e+00
 1.78044e+00
 1.78560e+00
 1.77743e+00
 1.74396e+00
 1.72755e+00
 1.74675e+00
 1.96350e+00
 2.38034e+00
 2.78719e+00
 2.94139e+00
 2.94511e+00
 2.92386e+00
 2.89862e+00
 2.88433e+00
 1.77786e+00
 1.77475e+00
 1.77322e+00
 1.76779e+00
 1.76592e+00
 1.76798e+00
 1.77437e+00
 1.77896e+00
 1.77367e+00
 1.76992e+00
 1.77217e+00
 1.78044e+00
 1.78560e+00
 1.77743e+00
 1.74396e+00
 1.72755e+00
 1.74675e+00
 1.96350e+00
 2.38034e+00
 2.78719e+00
 2.94139e+00
 2.94511e+00
 2.92386e+00
 2.89862e+00
 2.88433e+00
 1.77786e+00
 1.77475e+00
 1.77322e+00
 1.76779e+00
 1.76592e+00
 1.76798e+00
 1.77437e+00
 1.77896e+00
 1.77367e+00
 1.76992e+00
 1.77217e+00
 1.78044e+00
 1.78560e+00
 1.77743e+00
 1.74396e+00
 1.72755e+00
 1.74675e+00
 1.96350e+00
 2.38034e+00
 2.78719e+00
 2.94139e+00
 2.94511e+00
 2.92386e+00
 2.89862e+00
 2.88433e+00
 1.77786e+00
 1.77475e+00
 1.77322e+00
 1.76779e+00
 1.76592e+00
 1.76798e+00
 1.77437e+00
 1.77896e+00
 1.77367e+00
 1.76992e+00
 1.77217e+00
 1.78044e+00
 1.78560e+00
 1.77743e+00
 1.74396e+00
 1.72755e+00
 1.74675e+00
 1.96350e+00
 2.38034e+00
 2.78719e+00
 2.94139e+00
 2.94511e+00
 2.92386e+00
 2.89862e+00
 2.88433e+00
 1.77786e+00
 1.77475e+00
 1.77322e+00
 1.76779e+00
 1.76592e+00
 1.76798e+00
 1.77437e+00
 1.77896e+00
 1.77367e+00
 1.76992e+00
 1.77217e+00
 1.78044e+00
 1.78560e+00
 1.77743e+00
 1.74396e+00
 1.72755e+00
 1.74675e+00
 1.96350e+00
 2.38034e+00
 2.78719e+00
 2.94139e+00
 2.94511e+00
 2.92386e+00
 2.89862e+00
 2.88433e+00
 1.77786e+00
 1.77475e+00
 1.77322e+00
 1.76779e+00
 1.76592e+00
 1.76798e+00
 1.77437e+00
 1.77896e+00
 1.77367e+00
 1.76992e+00
 1.77217e+00
 1.78044e+00
 1.78560e+00
 1.77743e+00
 1.74396e+00
 1.72755e+00
 1.74675e+00
 1.96350e+00
 2.38034e+00
 2.78719e+00
 2.94139e+00
 2.94511e+00
 2.92386e+00
 2.89862e+00
 2.88433e+00
 1.77786e+00
 1.77475e+00
 1.77322e+00
 1.76779e+00
 1.76592e+00
 1.76798e+00
 1.77437e+00
 1.77896e+00
 1.77367e+00
 1.76992e+00
 1.77217e+00
 1.78044e+00
 1.78560e+00
 1.77743e+00
 1.74396e+00
 1.72755e+00
 1.74675e+00
 1.96350e+00
 2.38034e+00
 2.78719e+00
 2.94139e+00
 2.94511e+00
 2.92386e+00
 2.89862e+00
 2.88433e+00
 1.77786e+00
 1.77475e+00
 1.77322e+00
 1.76779e+00
 1.76592e+00
 1.76798e+00
 1.77437e+00
 1.77896e+00
 1.77367e+00
 1.76992e+00
 1.77217e+00
 1.78044e+00
 1.78560e+00
 1.77743e+00
 1.74396e+00
 1.72755e+00
 1.74675e+00
 1.96350e+00
 2.38034e+00
 2.78719e+00
 2.94139e+00
 2.94511e+00
 2.92386e+00
 2.89862e+00
 2.88433e+00
 1.77786e+00
 1.77475e+00
 1.77322e+00
 1.76779e+00
 1.76592e+00
 1.76798e+00
 1.77437e+00
 1.77896e+00
 1.77367e+00
 1.76992e+00
 1.77217e+00
 1.78044e+00
 1.78560e+00
 1.77743e+00
 1.74396e+00
 1.72755e+00
 1.74675e+00
 1.96350e+00
 2.38034e+00
 2.78719e+00
 2.94139e+00
 2.94511e+00
 2.92386e+00
 2.89862e+00
 2.88433e+00
 1.77786e+00
 1.77475e+00
 1.77322e+00
 1.76779e+00
 1.76592e+00
 1.76798e+00
 1.77437e+00
 1.77896e+00
 1.77367e+00
 1.76992e+00
 1.77217e+00
 1.78044e+00
 1.78560e+00
 1.77743e+00
 1.74396e+00
 1.72755e+00
 1.74675e+00
 1.96350e+00
 2.38034e+00
 2.78719e+00
 2.94139e+00
 2.94511e+00
 2.92386e+00
 2.89862e+00
 2.88433e+00
 1.77786e+00
 1.77475e+00
 1.77322e+00
 1.76779e+00
 1.76592e+00
 1.76798e+00
 1.77437e+00
 1.77896e+00
 1.77367e+00
 1.76992e+00
 1.77217e+00
 1.78044e+00
 1.78560e+00
 1.77743e+00
 1.74396e+00
 1.72755e+00
 1.74675e+00
 1.96350e+00
 2.38034e+00
 2.78719e+00
 2.94139e+00
 2.94511e+00
 2.92386e+00
 2.89862e+00
 2.88433e+00
 1.77786e+00
 1.77475e+00
 1.77322e+00
 1.76779e+00
 1.76592e+00
 1.76798e+00
 1.77437e+00
 1.77896e+00
 1.77367e+00
 1.76992e+00
 1.77217e+00
 1.78044e+00
 1.78560e+00
 1.77743e+00
 1.74396e+00
 1.72755e+00
 1.74675e+00
 1.96350e+00
 2.38034e+00
 2.78719e+00
 2.94139e+00
 2.94511e+00
 2.92386e+00
 2.89862e+00
 2.88433e+00
 1.77786e+00
 1.77475e+00
 1.77322e+00
 1.76779e+00
 1.76592e+00
 1.76798e+00
 1.77437e+00
 1.77896e+00
 1.77367e+00
 1.76992e+00
 1.77217e+00
 1.78044e+00
 1.78560e+00
 1.77743e+00
 1.74396e+00
 1.72755e+00
 1.74675e+00
 1.96350e+00
 2.38034e+00
 2.78719e+00
 2.94139e+00
 2.94511e+00
 2.92386e+00
 2.89862e+00
 2.88433e+00
 1.77786e+00
 1.77475e+00
 1.77322e+00
 1.76779e+00
 1.76592e+00
 1.76798e+00
 1.77437e+00
 1.77896e+00
 1.77367e+00
 1.76992e+00
 1.77217e+00
 1.78044e+00
 1.78560e+00
 1.77743e+00
 1.74396e+00
 1.72755e+00
 1.74675e+00
 1.96350e+00
 2.38034e+00
 2.78719e+00
 2.94139e+00
 2.94511e+00
 2.92386e+00
 2.89862e+00
 2.88433e+00
 1.77786e+00
 1.77475e+00
 1.77322e+00
 1.76779e+00
 1.76592e+00
 1.76798e+00
 1.77437e+00
 1.77896e+00
 1.77367e+00
 1.76992e+00
 1.77217e+00
 1.78044e+00
 1.78560e+00
 1.77743e+00
 1.74396e+00
 1.72755e+00
 1.74675e+00
 1.96350e+00
 2.38034e+00
 2.78719e+00
 2.94139e+00
 2.94511e+00
 2.92386e+00
 2.89862e+00
 2.88433e+00
 1.77786e+00
 1.77475e+00
 1.77322e+00
 1.76779e+00
 1.76592e+00
 1.76798e+00
 1.77437e+00
 1.77896e+00
 1.77367e+00
 1.76992e+00
 1.77217e+00
 1.78044e+00
 1.78560e+00
 1.77743e+00
 1.74396e+00
 1.72755e+00
 1.74675e+00
 1.96350e+00
 2.38034e+00
 2.78719e+00
 2.94139e+00
 2.94511e+00
 2.92386e+00
 2.89862e+00
 2.88433e+00
part
         4
hexa8
 2.87981e+00
 2.87839e+00
 2.87702e+00
 2.87527e+00
 2.87274e+00
 2.86772e+00
 2.85692e+00
 2.82255e+00
 2.75371e+00
 2.61838e+00
 2.44414e+00
 2.25306e+00
 2.11573e+00
 2.04192e+00
 2.01245e+00
 2.00329e+00
 2.00083e+00
 2.00020e+00
 2.00005e+00
 2.00001e+00
 2.00000e+00
 2.00000e+00
 2.00000e+00
 2.00000e+00
 2.00000e+00
 2.87981e+00
 2.87839e+00
 2.87702e+00
 2.87527e+00
 2.87274e+00
 2.86772e+00
 2.85692e+00
 2.82255e+00
 2.75371e+00
 2.61838e+00
 2.44414e+00
 2.25306e+00
 2.11573e+00
 2.04192e+00
 2.01245e+00
 2.00329e+00
 2.00083e+00
 2.00020e+00
 2.00005e+00
 2.00001e+00
 2.00000e+00
 2.00000e+00
 2.00000e+00
 2.00000e+00
 2.00000e+00
 2.87981e+00
 2.87839e+00
 2.87702e+00
 2.87527e+00
 2.87274e+00
 2.86772e+00
 2.85692e+00
 2.82255e+00
 2.75371e+00
 2.61838e+00
 2.44414e+00
 2.25306e+00
 2.11573e+00
 2.04192e+00
 2.01245e+00
 2.00329e+00
 2.00083e+00
 2.00020e+00
 2.00005e+00
 2.00001e+00
 2.00000e+00
 2.00000e+00
 2.00000e+00
 2.00000e+00
 2.00000e+00
 2.87981e+00
 2.87839e+00
 2.87702e+00
 2.87527e+00
 2.87274e+00
 2.86772e+00
 2.85692e+00
 2.82255e+00
 2.75371e+00
 2.61838e+00
 2.44414e+00
 2.25306e+00
 2.11573e+00
 2.04192e+00
 2.01245e+00
 2.00329e+00
 2.00083e+00
 2.00020e+00
 2.00005e+00
 2.00001e+00
 2.00000e+00
 2.00000e+00
 2.00000e+00
 2.00000e+00
 2.00000e+00
 2.87981e+00
 2.87839e+00
 2.87702e+00
 2.87527e+00
 2.87274e+00
 2.86772e+00
 2.85692e+00
 2.82255e+00
 2.75371e+00
 2.61838e+00
 2.44414e+00
 2.25306e+00
 2.11573e+00
 2.04192e+00
 2.01245e+00
 2.00329e+00
 2.00083e+00
 2.00020e+00
 2.00005e+00
 2.00001e+00
 2.00000e+00
 2.00000e+00
 2.00000e+00
 2.00000e+00
 2.00000e+00
 2.87981e+00
 2.87839e+00
 2.87702e+00
 2.87527e+00
 2.87274e+00
 2.86772e+00
 2.85692e+00
 2.82255e+00
 2.75371e+00
 2.61838e+00
 2.44414e+00
 2.25306e+00
 2.11573e+00
 2.04192e+00
 2.01245e+00
 2.00329e+00
 2.00083e+00
 2.00020e+00
 2.00005e+00
 2.00001e+00
 2.00000e+00
 2.00000e+00
 2.00000e+00
 2.00000e+00
 2.00000e+00
 2.87981e+00
 2.87839e+00
 2.87702e+00
 2.87527e+00
 2.87274e+00
 2.86772e+00
 2.85692e+00
 2.82255e+00
 2.75371e+00
 2.61838e+00
 2.44414e+00
 2.25306e+00
 2.11573e+00
 2.04192e+00
 2.01245e+00
 2.00329e+00
 2.00083e+00
 2.00020e+00
 2.00005e+00
 2.00001e+00
 2.00000e+00
 2.00000e+00
 2.00000e+00
 2.00000e+00
 2.00000e+00
 2.87981e+00
 2.87839e+00
 2.87702e+00
 2.87527e+00
 2.87274e+00
 2.86772e+00
 2.85692e+00
 2.82255e+00
 2.75371e+00
 2.61838e+00
 2.44414e+00
 2.25306e+00
 2.11573e+00
 2.04192e+00
 2.01245e+00
 2.00329e+00
 2.00083e+00
 2.00020e+00
 2.00005e+00
 2.00001e+00
 2.00000e+00
 2.00000e+00
 2.00000e+00
 2.00000e+00
 2.00000e+00
 2.87981e+00
 2.87839e+00
 2.87702e+00
 2.87527e+00
 2.87274e+00
 2.86772e+00
 2.85692e+00
 2.82255e+00
 2.75371e+00
 2.61838e+00
 2.44414e+00
 2.25306e+00
 2.11573e+00
 2.04192e+00
 2.01245e+00
 2.00329e+00
 2.00083e+00
 2.00020e+00
 2.00005e+00
 2.00001e+00
 2.00000e+00
 2.00000e+00
 2.00000e+00
 2.00000e+00
 2.00000e+00
 2.87981e+00
 2.87839e+00
 2.87702e+00
 2.87527e+00
 2.87274e+00
 2.86772e+00
 2.85692e+00
 2.82255e+00
 2.75371e+00
 2.61838e+00
 2.44414e+00
 2.25306e+00
 2.11573e+00
 2.04192e+00
 2.01245e+00
 2.00329e+00
 2.00083e+00
 2.00020e+00
 2.00005e+00
 2.00001e+00
 2.00000e+00
 2.00000e+00
 2.00000e+00
 2.00000e+00
 2.00000e+00
 2.87981e+00
 2.87839e+00
 2.87702e+00
 2.87527e+00
 2.87274e+00
 2.86772e+00
 2.85692e+00
 2.82255e+00
 2.75371e+00
 2.61838e+00
 2.44414e+00
 2.25306e+00
 2.11573e+00
 2.04192e+00
 2.01245e+00
 2.00329e+00
 2.00083e+00
 2.00020e+00
 2.00005e+00
 2.00001e+00
 2.00000e+00
 2.00000e+00
 2.00000e+00
 2.00000e+00
 2.00000e+00
 2.87981e+00
 2.87839e+00
 2.87702e+00
 2.87527e+00
 2.87274e+00
 2.86772e+00
 2.85692e+00
 2.82255e+00
 2.75371e+00
 2.61838e+00
 2.44414e+00
 2.25306e+00
 2.11573e+00
 2.04192e+00
 2.01245e+00
 2.00329e+00
 2.00083e+00
 2.00020e+00
 2.00005e+00
 2.00001e+00
 2.00000e+00
 2.00000e+00
 2.00000e+00
 2.00000e+00
 2.00000e+00
 2.87981e+00
 2.87839e+00
 2.87702e+00
 2.87527e+00
 2.87274e+00
 2.86772e+00
 2.85692e+00
 2.82255e+00
 2.75371e+00
 2.61838e+00
 2.44414e+00
 2.25306e+00
 2.11573e+00
 2.04192e+00
 2.01245e+00
 2.00329e+00
 2.00083e+00
 2.00020e+00
 2.00005e+00
 2.00001e+00
 2.00000e+00
 2.00000e+00
 2.00000e+00
 2.00000e+00
 2.00000e+00
 2.87981e+00
 2.87839e+00
 2.87702e+00
 2.87527e+00
 2.87274e+00
 2.86772e+00
 2.85692e+00
 2.82255e+00
 2.75371e+00
 2.61838e+00
 2.44414e+00
 2.25306e+00
 2.11573e+00
 2.04192e+00
 2.01245e+00
 2.00329e+00
 2.00083e+00
 2.00020e+00
 2.00005e+00
 2.00001e+00
 2.00000e+00
 2.00000e+00
 2.00000e+00
 2.00000e+00
 2.00000e+00
 2.87981e+00
 2.87839e+00
 2.87702e+00
 2.87527e+00
 2.87274e+00
 2.86772e+00
 2.85692e+00
 2.82255e+00
 2.75371e+00
 2.61838e+00
 2.44414e+00
 2.25306e+00
 2.11573e+00
 2.04192e+00
 2.01245e+00
 2.00329e+00
 2.00083e+00
 2.00020e+00
 2.00005e+00
 2.00001e+00
 2.00000e+00
 2.00000e+00
 2.00000e+00
 2.00000e+00
 2.00000e+00
 2.87981e+00
 2.87839e+00
 2.87702e+00
 2.87527e+00
 2.87274e+00
 2.86772e+00
 2.85692e+00
 2.82255e+00
 2.75371e+00
 2.61838e+00
 2.44414e+00
 2.25306e+00
 2.11573e+00
 2.04192e+00
 2.01245e+00
 2.00329e+00
 2.00083e+00
 2.00020e+00
 2.00005e+00
 2.00001e+00
 2.00000e+00
 2.00000e+00
 2.00000e+00
 2.00000e+00
 2.00000e+00
 2.87981e+00
 2.87839e+00
 2.87702e+00
 2.87527e+00
 2.87274e+00
 2.86772e+00
 2.85692e+00
 2.82255e+00
 2.75371e+00
 2.61838e+00
 2.44414e+00
 2.25306e+00
 2.11573e+00
 2.04192e+00
 2.01245e+00
 2.00329e+00
 2.00083e+00
 2.00020e+00
 2.00005e+00
 2.00001e+00
 2.00000e+00
 2.00000e+00
 2.00000e+00
 2.00000e+00
 2.00000e+00
 2.87981e+00
 2.87839e+00
 2.87702e+00
 2.87527e+00
 2.87274e+00
 2.86772e+00
 2.85692e+00
 2.82255e+00
 2.75371e+00
 2.61838e+00
 2.44414e+00
 2.25306e+00
 2.11573e+00
 2.04192e+00
 2.01245e+00
 2.00329e+00
 2.00083e+00
 2.00020e+00
 2.00005e+00
 2.00001e+00
 2.00000e+00
 2.00000e+00
 2.00000e+00
 2.00000e+00
 2.00000e+00
 2.87981e+00
 2.87839e+00
 2.87702e+00
 2.87527e+00
 2.87274e+00
 2.86772e+00
 2.85692e+00
 2.82255e+00
 2.75371e+00
 2.61838e+00
 2.44414e+00
 2.25306e+00
 2.11573e+00
 2.04192e+00
 2.01245e+00
 2.00329e+00
 2.00083e+00
 2.00020e+00
 2.00005e+00
 2.00001e+00
 2.00000e+00
 2.00000e+00
 2.00000e+00
 2.00000e+00
 2.00000e+00
 2.87981e+00
 2.87839e+00
 2.87702e+00
 2.87527e+00
 2.87274e+00
 2.86772e+00
 2.85692e+00
 2.82255e+00
 2.75371e+00
 2.61838e+00
 2.44414e+00
 2.25306e+00
 2.11573e+00
 2.04192e+00
 2.01245e+00
 2.00329e+00
 2.00083e+00
 2.00020e+00
 2.00005e+00
 2.00001e+00
 2.00000e+00
 2.00000e+00
 2.00000e+00
 2.00000e+00
 2.00000e+00
 2.87981e+00
 2.87839e+00
 2.87702e+00
 2.87527e+00
 2.87274e+00
 2.86772e+00
 2.85692e+00
 2.82255e+00
 2.75371e+00
 2.61838e+00
 2.44414e+00
 2.25306e+00
 2.11573e+00
 2.04192e+00
 2.01245e+00
 2.00329e+00
 2.00083e+00
 2.00020e+00
 2.00005e+00
 2.00001e+00
 2.00000e+00
 2.00000e+00
 2.00000e+00
 2.00000e+00
 2.00000e+00
 2.87981e+00
 2.87839e+00
 2.87702e+00
 2.87527e+00
 2.87274e+00
 2.86772e+00
 2.85692e+00
 2.82255e+00
 2.75371e+00
 2.61838e+00
 2.44414e+00
 2.25306e+00
 2.11573e+00
 2.04192e+00
 2.01245e+00
 2.00329e+00
 2.00083e+00
 2.00020e+00
 2.00005e+00
 2.00001e+00
 2.00000e+00
 2.00000e+00
 2.00000e+00
 2.00000e+00
 2.00000e+00
 2.87981e+00
 2.87839e+00
 2.87702e+00
 2.87527e+00
 2.87274e+00
 2.86772e+00
 2.85692e+00
 2.82255e+00
 2.75371e+00
 2.61838e+00
 2.44414e+00
 2.25306e+00
 2.11573e+00
 2.04192e+00
 2.01245e+00
 2.00329e+00
 2.00083e+00
 2.00020e+00
 2.00005e+00
 2.00001e+00
 2.00000e+00
 2.00000e+00
 2.00000e+00
 2.00000e+00
 2.00000e+00
 2.87981e+00
 2.87839e+00
 2.87702e+00
 2.87527e+00
 2.87274e+00
 2.86772e+00
 2.85692e+00
 2.82255e+00
 2.75371e+00
 2.61838e+00
 2.44414e+00
 2.25306e+00
 2.11573e+00
 2.04192e+00
 2.01245e+00
 2.00329e+00
 2.00083e+00
 2.00020e+00
 2.00005e+00
 2.00001e+00
 2.00000e+00
 2.00000e+00
 2.00000e+00
 2.00000e+00
 2.00000e+00
 2.87981e+00
 2.87839e+00
 2.87702e+00
 2.87527e+00
 2.87274e+00
 2.86772e+00
 2.85692e+00
 2.82255e+00
 2.75371e+00
 2.61838e+00
 2.44414e+00
 2.25306e+00
 2.11573e+00
 2.04192e+00
 2.01245e+00
 2.00329e+00
 2.00083e+00
 2.00020e+00
 2.00005e+00
 2.00001e+00
 2.00000e+00
 2.00000e+00
 2.00000e+00
 2.00000e+00
 2.00000e+00
