PseudoViscosity
part
         1
hexa8
 8.78280e-33
 9.71577e-16
 2.10797e-31
 9.71577e-16
 9.71577e-16
 9.71577e-16
 1.76199e-31
 1.47215e-33
 9.71577e-16
 9.71577e-16
 4.50974e-33
 1.44476e-31
 9.71577e-16
 2.26161e-31
 9.71577e-16
 3.05038e-31
 2.84975e-32
 9.71577e-16
 9.38394e-33
 2.64315e-32
 9.71577e-16
 9.71577e-16
 2.43079e-31
 6.00206e-31
 1.94315e-15
 9.71577e-16
 9.71577e-16
 9.71577e-16
 3.41526e-31
 9.71577e-16
 9.71577e-16
 8.70004e-32
 5.82668e-32
 4.49163e-31
 1.94315e-15
 9.71577e-16
 1.76144e-47
 0.00000e+00
 4.65852e-47
 8.26715e-31
 9.71577e-16
 5.18425e-31
 9.71577e-16
 0.00000e+00
 3.47124e-46
 2.00450e-31
 1.12434e-31
 1.61863e-31
 4.83766e-31
 1.94315e-15
 9.71577e-16
 1.82047e-31
 0.00000e+00
 0.00000e+00
 1.87896e-30
 5.79563e-64
 6.69939e-32
 3.26235e-31
 2.04614e-47
 0.00000e+00
 3.41414e-32
 9.71577e-16
 1.03528e-31
 3.67057e-31
 1.94315e-15
 4.96976e-31
 9.71577e-16
-5.22024e-48
 1.55601e-31
 4.10341e-31
 0.00000e+00
 2.12036e-31
 1.94315e-15
 2.91473e-15
 1.94315e-15
 9.71577e-16
 9.71577e-16
 0.00000e+00
 9.32634e-32
 1.94315e-15
 0.00000e+00
 2.48180e-32
 9.71577e-16
 1.17050e-31
 1.34710e-30
 3.61165e-32
 1.14123e-32
 9.71577e-16
 9.71577e-16
 9.71577e-16
 9.71577e-16
 0.00000e+00
 6.06955e-31
 9.71577e-16
 2.40893e-31
 3.13215e-47
 4.19393e-47
 3.81744e-31
 1.91235e-30
 0.00000e+00
 0.00000e+00
 0.00000e+00
 5.67925e-47
 1.80224e-31
 8.53399e-47
 0.00000e+00
 8.95629e-47
 2.91848e-31
 1.94315e-15
 1.94315e-15
 1.14197e-47
 9.87955e-32
 1.94315e-15
 4.32803e-31
 1.25331e-31
 4.07960e-31
 7.02859e-47
 9.71577e-16
 9.71577e-16
 3.81096e-32
 9.71577e-16
 0.00000e+00
 7.83037e-48
 0.00000e+00
-2.31825e-63
 4.97917e-31
 0.00000e+00
 1.29939e-31
 9.71577e-16
 1.47902e-31
 2.25903e-47
 2.24745e-31
 9.71577e-16
 2.73950e-31
-2.31825e-63
 8.10805e-32
 1.94315e-15
 0.00000e+00
 2.47103e-32
 0.00000e+00
 9.71577e-16
 2.00189e-31
-7.83037e-48
 9.71577e-16
 7.23673e-32
 9.71577e-16
 2.91473e-15
 9.71577e-16
 1.94315e-15
 9.71577e-16
 1.94315e-15
 6.98648e-47
 3.66839e-31
 4.53085e-31
 0.00000e+00
 4.43383e-32
 9.01573e-32
 9.71577e-16
 0.00000e+00
 0.00000e+00
 2.35246e-47
 0.00000e+00
 0.00000e+00
 8.39670e-32
 1.25343e-30
 0.00000e+00
 0.00000e+00
 0.00000e+00
 1.94315e-15
 2.20026e-46
 0.00000e+00
 1.94315e-15
 3.22570e-31
 1.73883e-30
 2.91473e-15
 0.00000e+00
 2.99789e-31
 9.71577e-16
 0.00000e+00
 0.00000e+00
 1.08682e-47
 1.01435e-30
 3.88631e-15
 2.56389e-47
 0.00000e+00
 2.58106e-31
 9.71577e-16
 0.00000e+00
 1.83627e-31
 1.94315e-15
 0.00000e+00
 0.00000e+00
 0.00000e+00
 0.00000e+00
 1.42004e-31
 1.94315e-15
 5.27116e-31
 0.00000e+00
 0.00000e+00
 0.00000e+00
 0.00000e+00
 0.00000e+00
 0.00000e+00
 0.00000e+00
 0.00000e+00
 0.00000e+00
 5.39723e-47
 0.00000e+00
 3.43731e-63
 0.00000e+00
 8.43048e-47
 4.02314e-31
 0.00000e+00
 5.15339e-47
 0.00000e+00
 0.00000e+00
 0.00000e+00
 0.00000e+00
 0.00000e+00
 0.00000e+00
 1.65716e-30
 0.00000e+00
 0.00000e+00
 0.00000e+00
 0.00000e+00
 0.00000e+00
 0.00000e+00
 0.00000e+00
 0.00000e+00
 0.00000e+00
 0.00000e+00
 0.00000e+00
 0.00000e+00
 0.00000e+00
 0.00000e+00
 0.00000e+00
 0.00000e+00
 0.00000e+00
 0.00000e+00
 0.00000e+00
 0.00000e+00
 0.00000e+00
 0.00000e+00
 0.00000e+00
 0.00000e+00
 0.00000e+00
 0.00000e+00
 0.00000e+00
 0.00000e+00
 0.00000e+00
 0.00000e+00
 0.00000e+00
 0.00000e+00
 0.00000e+00
 0.00000e+00
 0.00000e+00
 0.00000e+00
 0.00000e+00
 0.00000e+00
 0.00000e+00
 0.00000e+00
 0.00000e+00
 0.00000e+00
 0.00000e+00
 0.00000e+00
 0.00000e+00
 0.00000e+00
 0.00000e+00
 0.00000e+00
 0.00000e+00
 0.00000e+00
 0.00000e+00
 0.00000e+00
 0.00000e+00
 0.00000e+00
 0.00000e+00
 0.00000e+00
 0.00000e+00
 0.00000e+00
 0.00000e+00
 0.00000e+00
 0.00000e+00
 0.00000e+00
 0.00000e+00
 0.00000e+00
 0.00000e+00
 0.00000e+00
 0.00000e+00
 0.00000e+00
 0.00000e+00
 0.00000e+00
 0.00000e+00
 0.00000e+00
 0.00000e+00
 0.00000e+00
 0.00000e+00
 0.00000e+00
 0.00000e+00
 0.00000e+00
 0.00000e+00
 0.00000e+00
 0.00000e+00
 0.00000e+00
 0.00000e+00
 0.00000e+00
 0.00000e+00
 0.00000e+00
 0.00000e+00
 0.00000e+00
 0.00000e+00
 0.00000e+00
 0.00000e+00
 0.00000e+00
 0.00000e+00
 0.00000e+00
 0.00000e+00
 0.00000e+00
 0.00000e+00
 0.00000e+00
 0.00000e+00
 0.00000e+00
 0.00000e+00
 0.00000e+00
 0.00000e+00
 0.00000e+00
 0.00000e+00
 0.00000e+00
 0.00000e+00
 0.00000e+00
 0.00000e+00
 0.00000e+00
 0.00000e+00
 0.00000e+00
 0.00000e+00
 0.00000e+00
 0.00000e+00
 0.00000e+00
 0.00000e+00
 0.00000e+00
 0.00000e+00
 0.00000e+00
 0.00000e+00
 0.00000e+00
 0.00000e+00
 0.00000e+00
 0.00000e+00
 0.00000e+00
 0.00000e+00
 0.00000e+00
 0.00000e+00
 0.00000e+00
 0.00000e+00
 0.00000e+00
 0.00000e+00
 0.00000e+00
 0.00000e+00
 0.00000e+00
 0.00000e+00
 0.00000e+00
 0.00000e+00
 0.00000e+00
 0.00000e+00
 0.00000e+00
 0.00000e+00
 0.00000e+00
 0.00000e+00
 0.00000e+00
 0.00000e+00
 0.00000e+00
 0.00000e+00
 0.00000e+00
 0.00000e+00
 0.00000e+00
 0.00000e+00
 0.00000e+00
 0.00000e+00
 0.00000e+00
 0.00000e+00
 0.00000e+00
 0.00000e+00
 0.00000e+00
 0.00000e+00
 0.00000e+00
 0.00000e+00
 0.00000e+00
 0.00000e+00
 0.00000e+00
 0.00000e+00
 0.00000e+00
 0.00000e+00
 0.00000e+00
 0.00000e+00
 0.00000e+00
 0.00000e+00
 0.00000e+00
 0.00000e+00
 0.00000e+00
 0.00000e+00
 0.00000e+00
 0.00000e+00
 0.00000e+00
 0.00000e+00
 0.00000e+00
 0.00000e+00
 0.00000e+00
 0.00000e+00
 0.00000e+00
 0.00000e+00
 0.00000e+00
 0.00000e+00
 0.00000e+00
 0.00000e+00
 0.00000e+00
 0.00000e+00
 0.00000e+00
 0.00000e+00
 0.00000e+00
 0.00000e+00
 0.00000e+00
 0.00000e+00
 0.00000e+00
 0.00000e+00
 0.00000e+00
 0.00000e+00
 0.00000e+00
 0.00000e+00
 0.00000e+00
 0.00000e+00
 0.00000e+00
 0.00000e+00
 0.00000e+00
 0.00000e+00
 0.00000e+00
 0.00000e+00
 0.00000e+00
 0.00000e+00
 0.00000e+00
 0.00000e+00
 0.00000e+00
 0.00000e+00
 0.00000e+00
 0.00000e+00
 0.00000e+00
 0.00000e+00
 0.00000e+00
 0.00000e+00
 0.00000e+00
 0.00000e+00
 0.00000e+00
 0.00000e+00
 0.00000e+00
 0.00000e+00
 0.00000e+00
 0.00000e+00
 0.00000e+00
 0.00000e+00
 0.00000e+00
 0.00000e+00
 0.00000e+00
 0.00000e+00
 0.00000e+00
 0.00000e+00
 0.00000e+00
 0.00000e+00
 0.00000e+00
 0.00000e+00
 0.00000e+00
 0.00000e+00
 0.00000e+00
 0.00000e+00
 0.00000e+00
 0.00000e+00
 0.00000e+00
 0.00000e+00
 0.00000e+00
 0.00000e+00
 0.00000e+00
 0.00000e+00
 0.00000e+00
 0.00000e+00
 0.00000e+00
 0.00000e+00
 0.00000e+00
 0.00000e+00
 0.00000e+00
 0.00000e+00
 0.00000e+00
 0.00000e+00
 0.00000e+00
 0.00000e+00
 0.00000e+00
 0.00000e+00
 0.00000e+00
 0.00000e+00
 0.00000e+00
 0.00000e+00
 0.00000e+00
 0.00000e+00
 0.00000e+00
 0.00000e+00
 0.00000e+00
 0.00000e+00
 0.00000e+00
 0.00000e+00
 0.00000e+00
 0.00000e+00
 0.00000e+00
 0.00000e+00
 0.00000e+00
 0.00000e+00
 0.00000e+00
 0.00000e+00
 0.00000e+00
 0.00000e+00
 0.00000e+00
 0.00000e+00
 0.00000e+00
 0.00000e+00
 0.00000e+00
 0.00000e+00
 0.00000e+00
 0.00000e+00
 0.00000e+00
 0.00000e+00
 0.00000e+00
 0.00000e+00
 0.00000e+00
 0.00000e+00
 0.00000e+00
 0.00000e+00
 0.00000e+00
 0.00000e+00
 0.00000e+00
 0.00000e+00
 0.00000e+00
 0.00000e+00
 0.00000e+00
 0.00000e+00
 0.00000e+00
 0.00000e+00
 0.00000e+00
 0.00000e+00
 0.00000e+00
 0.00000e+00
 0.00000e+00
 0.00000e+00
 0.00000e+00
 0.00000e+00
 0.00000e+00
 0.00000e+00
 0.00000e+00
 0.00000e+00
 0.00000e+00
 0.00000e+00
 0.00000e+00
 0.00000e+00
 0.00000e+00
 0.00000e+00
 0.00000e+00
 0.00000e+00
 0.00000e+00
 0.00000e+00
 0.00000e+00
 0.00000e+00
 0.00000e+00
 0.00000e+00
 0.00000e+00
 0.00000e+00
 0.00000e+00
 0.00000e+00
 0.00000e+00
 0.00000e+00
 0.00000e+00
 0.00000e+00
 0.00000e+00
 0.00000e+00
 0.00000e+00
 0.00000e+00
 0.00000e+00
 0.00000e+00
 0.00000e+00
 0.00000e+00
 0.00000e+00
 0.00000e+00
 0.00000e+00
 0.00000e+00
 0.00000e+00
 0.00000e+00
 0.00000e+00
 0.00000e+00
 0.00000e+00
 0.00000e+00
 0.00000e+00
 0.00000e+00
 0.00000e+00
 0.00000e+00
 0.00000e+00
 0.00000e+00
 0.00000e+00
 0.00000e+00
 0.00000e+00
 0.00000e+00
 0.00000e+00
 0.00000e+00
 0.00000e+00
 0.00000e+00
 0.00000e+00
 0.00000e+00
 0.00000e+00
 0.00000e+00
 0.00000e+00
 0.00000e+00
 0.00000e+00
 0.00000e+00
 0.00000e+00
 0.00000e+00
 0.00000e+00
 0.00000e+00
 0.00000e+00
 0.00000e+00
 0.00000e+00
 0.00000e+00
 0.00000e+00
 0.00000e+00
 0.00000e+00
part
         2
hexa8
 0.00000e+00
 0.00000e+00
 0.00000e+00
 0.00000e+00
 0.00000e+00
 0.00000e+00
 0.00000e+00
 0.00000e+00
 0.00000e+00
 0.00000e+00
 0.00000e+00
 0.00000e+00
 0.00000e+00
 0.00000e+00
 0.00000e+00
 0.00000e+00
 0.00000e+00
 0.00000e+00
 0.00000e+00
 0.00000e+00
 0.00000e+00
 0.00000e+00
 0.00000e+00
 0.00000e+00
 0.00000e+00
 0.00000e+00
 0.00000e+00
 0.00000e+00
 0.00000e+00
 0.00000e+00
 0.00000e+00
 0.00000e+00
 0.00000e+00
 0.00000e+00
 0.00000e+00
 0.00000e+00
 0.00000e+00
 0.00000e+00
 0.00000e+00
 0.00000e+00
 0.00000e+00
 0.00000e+00
 0.00000e+00
 0.00000e+00
 0.00000e+00
 0.00000e+00
 0.00000e+00
 0.00000e+00
 0.00000e+00
 0.00000e+00
 0.00000e+00
 0.00000e+00
 0.00000e+00
 0.00000e+00
 0.00000e+00
 0.00000e+00
 0.00000e+00
 0.00000e+00
 0.00000e+00
 0.00000e+00
 0.00000e+00
 0.00000e+00
 0.00000e+00
 0.00000e+00
 0.00000e+00
 0.00000e+00
 0.00000e+00
 0.00000e+00
 0.00000e+00
 0.00000e+00
 0.00000e+00
 0.00000e+00
 0.00000e+00
 0.00000e+00
 0.00000e+00
 0.00000e+00
 0.00000e+00
 0.00000e+00
 0.00000e+00
 0.00000e+00
 0.00000e+00
 0.00000e+00
 0.00000e+00
 0.00000e+00
 0.00000e+00
 0.00000e+00
 0.00000e+00
 0.00000e+00
 0.00000e+00
 0.00000e+00
 0.00000e+00
 0.00000e+00
 0.00000e+00
 0.00000e+00
 0.00000e+00
 0.00000e+00
 0.00000e+00
 0.00000e+00
 0.00000e+00
 0.00000e+00
 0.00000e+00
 0.00000e+00
 0.00000e+00
 0.00000e+00
 0.00000e+00
 0.00000e+00
 0.00000e+00
 0.00000e+00
 0.00000e+00
 0.00000e+00
 0.00000e+00
 0.00000e+00
 0.00000e+00
 0.00000e+00
 0.00000e+00
 0.00000e+00
 0.00000e+00
 0.00000e+00
 0.00000e+00
 0.00000e+00
 0.00000e+00
 0.00000e+00
 0.00000e+00
 0.00000e+00
 0.00000e+00
 0.00000e+00
 0.00000e+00
 0.00000e+00
 0.00000e+00
 0.00000e+00
 0.00000e+00
 0.00000e+00
 0.00000e+00
 0.00000e+00
 0.00000e+00
 0.00000e+00
 0.00000e+00
 0.00000e+00
 0.00000e+00
 0.00000e+00
 0.00000e+00
 0.00000e+00
 0.00000e+00
 0.00000e+00
 0.00000e+00
 0.00000e+00
 0.00000e+00
 0.00000e+00
 0.00000e+00
 0.00000e+00
 0.00000e+00
 0.00000e+00
 0.00000e+00
 0.00000e+00
 0.00000e+00
 0.00000e+00
 0.00000e+00
 0.00000e+00
 0.00000e+00
 0.00000e+00
 0.00000e+00
 0.00000e+00
 0.00000e+00
 0.00000e+00
 0.00000e+00
 0.00000e+00
 0.00000e+00
 0.00000e+00
 0.00000e+00
 0.00000e+00
 0.00000e+00
 0.00000e+00
 0.00000e+00
 0.00000e+00
 0.00000e+00
 0.00000e+00
 0.00000e+00
 0.00000e+00
 0.00000e+00
 0.00000e+00
 0.00000e+00
 0.00000e+00
 0.00000e+00
 0.00000e+00
 0.00000e+00
 0.00000e+00
 0.00000e+00
 0.00000e+00
 0.00000e+00
 0.00000e+00
 0.00000e+00
 0.00000e+00
 0.00000e+00
 0.00000e+00
 0.00000e+00
 0.00000e+00
 0.00000e+00
 0.00000e+00
 0.00000e+00
 0.00000e+00
 0.00000e+00
 0.00000e+00
 0.00000e+00
 0.00000e+00
 0.00000e+00
 0.00000e+00
 0.00000e+00
 0.00000e+00
 0.00000e+00
 0.00000e+00
 0.00000e+00
 0.00000e+00
 0.00000e+00
 0.00000e+00
 0.00000e+00
 0.00000e+00
 0.00000e+00
 0.00000e+00
 0.00000e+00
 0.00000e+00
 0.00000e+00
 0.00000e+00
 0.00000e+00
 0.00000e+00
 0.00000e+00
 0.00000e+00
 0.00000e+00
 0.00000e+00
 0.00000e+00
 0.00000e+00
 0.00000e+00
 0.00000e+00
 0.00000e+00
 0.00000e+00
 0.00000e+00
 0.00000e+00
 0.00000e+00
 0.00000e+00
 0.00000e+00
 0.00000e+00
 0.00000e+00
 0.00000e+00
 0.00000e+00
 0.00000e+00
 0.00000e+00
 0.00000e+00
 0.00000e+00
 0.00000e+00
 0.00000e+00
 0.00000e+00
 0.00000e+00
 0.00000e+00
 0.00000e+00
 0.00000e+00
 0.00000e+00
 0.00000e+00
 0.00000e+00
 0.00000e+00
 0.00000e+00
 0.00000e+00
 0.00000e+00
 0.00000e+00
 0.00000e+00
 0.00000e+00
 0.00000e+00
 0.00000e+00
 0.00000e+00
 0.00000e+00
 0.00000e+00
 0.00000e+00
 0.00000e+00
 0.00000e+00
 0.00000e+00
 0.00000e+00
 0.00000e+00
 0.00000e+00
 0.00000e+00
 0.00000e+00
 0.00000e+00
 0.00000e+00
 0.00000e+00
 0.00000e+00
 0.00000e+00
 0.00000e+00
 0.00000e+00
 0.00000e+00
 0.00000e+00
 0.00000e+00
 0.00000e+00
 0.00000e+00
 0.00000e+00
 0.00000e+00
 0.00000e+00
 0.00000e+00
 0.00000e+00
 0.00000e+00
 0.00000e+00
 0.00000e+00
 0.00000e+00
 0.00000e+00
 0.00000e+00
 0.00000e+00
 0.00000e+00
 0.00000e+00
 0.00000e+00
 0.00000e+00
 0.00000e+00
 0.00000e+00
 0.00000e+00
 0.00000e+00
 0.00000e+00
 0.00000e+00
 0.00000e+00
 0.00000e+00
 0.00000e+00
 0.00000e+00
 0.00000e+00
 0.00000e+00
 0.00000e+00
 0.00000e+00
 0.00000e+00
 0.00000e+00
 0.00000e+00
 0.00000e+00
 0.00000e+00
 0.00000e+00
 0.00000e+00
 0.00000e+00
 0.00000e+00
 0.00000e+00
 0.00000e+00
 0.00000e+00
 0.00000e+00
 0.00000e+00
 0.00000e+00
 0.00000e+00
 0.00000e+00
 0.00000e+00
 0.00000e+00
 0.00000e+00
 0.00000e+00
 0.00000e+00
 0.00000e+00
 0.00000e+00
 0.00000e+00
 0.00000e+00
 0.00000e+00
 0.00000e+00
 0.00000e+00
 0.00000e+00
 0.00000e+00
 0.00000e+00
 0.00000e+00
 0.00000e+00
 0.00000e+00
 0.00000e+00
 0.00000e+00
 0.00000e+00
 0.00000e+00
 0.00000e+00
 0.00000e+00
 0.00000e+00
 0.00000e+00
 0.00000e+00
 0.00000e+00
 0.00000e+00
 0.00000e+00
 0.00000e+00
 0.00000e+00
 0.00000e+00
 0.00000e+00
 0.00000e+00
 0.00000e+00
 0.00000e+00
 0.00000e+00
 0.00000e+00
 0.00000e+00
 0.00000e+00
 0.00000e+00
 0.00000e+00
 0.00000e+00
 0.00000e+00
 0.00000e+00
 0.00000e+00
 0.00000e+00
 0.00000e+00
 0.00000e+00
 0.00000e+00
 0.00000e+00
 0.00000e+00
 0.00000e+00
 0.00000e+00
 0.00000e+00
 0.00000e+00
 0.00000e+00
 0.00000e+00
 0.00000e+00
 0.00000e+00
 0.00000e+00
 0.00000e+00
 0.00000e+00
 0.00000e+00
 0.00000e+00
 0.00000e+00
 0.00000e+00
 0.00000e+00
 0.00000e+00
 0.00000e+00
 0.00000e+00
 0.00000e+00
 0.00000e+00
 0.00000e+00
 0.00000e+00
 0.00000e+00
 0.00000e+00
 0.00000e+00
 0.00000e+00
 0.00000e+00
 0.00000e+00
 0.00000e+00
 0.00000e+00
 0.00000e+00
 0.00000e+00
 0.00000e+00
 0.00000e+00
 0.00000e+00
 0.00000e+00
 0.00000e+00
 0.00000e+00
 0.00000e+00
 0.00000e+00
 0.00000e+00
 0.00000e+00
 0.00000e+00
 0.00000e+00
 0.00000e+00
 0.00000e+00
 0.00000e+00
 0.00000e+00
 0.00000e+00
 0.00000e+00
 0.00000e+00
 0.00000e+00
 0.00000e+00
 0.00000e+00
 0.00000e+00
 0.00000e+00
 0.00000e+00
 0.00000e+00
 0.00000e+00
 0.00000e+00
 0.00000e+00
 0.00000e+00
 0.00000e+00
 0.00000e+00
 0.00000e+00
 0.00000e+00
 0.00000e+00
 0.00000e+00
 0.00000e+00
 0.00000e+00
 0.00000e+00
 0.00000e+00
 0.00000e+00
 0.00000e+00
 0.00000e+00
 0.00000e+00
 0.00000e+00
 0.00000e+00
 0.00000e+00
 0.00000e+00
 0.00000e+00
 0.00000e+00
 0.00000e+00
 0.00000e+00
 0.00000e+00
 0.00000e+00
 0.00000e+00
 0.00000e+00
 0.00000e+00
 0.00000e+00
 0.00000e+00
 0.00000e+00
 0.00000e+00
 0.00000e+00
 0.00000e+00
 0.00000e+00
 0.00000e+00
 0.00000e+00
 0.00000e+00
 0.00000e+00
 0.00000e+00
 0.00000e+00
 0.00000e+00
 0.00000e+00
 0.00000e+00
 0.00000e+00
 0.00000e+00
 0.00000e+00
 0.00000e+00
 0.00000e+00
 0.00000e+00
 0.00000e+00
 0.00000e+00
 0.00000e+00
 0.00000e+00
 0.00000e+00
 0.00000e+00
 0.00000e+00
 0.00000e+00
 0.00000e+00
 0.00000e+00
 0.00000e+00
 0.00000e+00
 0.00000e+00
 0.00000e+00
 0.00000e+00
 0.00000e+00
 0.00000e+00
 0.00000e+00
 0.00000e+00
 0.00000e+00
 0.00000e+00
 0.00000e+00
 0.00000e+00
 0.00000e+00
 0.00000e+00
 0.00000e+00
 0.00000e+00
 0.00000e+00
 0.00000e+00
 0.00000e+00
 0.00000e+00
 0.00000e+00
 0.00000e+00
 0.00000e+00
 0.00000e+00
 0.00000e+00
 0.00000e+00
 0.00000e+00
 0.00000e+00
 0.00000e+00
 0.00000e+00
 0.00000e+00
 0.00000e+00
 0.00000e+00
 0.00000e+00
 0.00000e+00
 0.00000e+00
 0.00000e+00
 0.00000e+00
 0.00000e+00
 0.00000e+00
 0.00000e+00
 0.00000e+00
 0.00000e+00
 0.00000e+00
 0.00000e+00
 0.00000e+00
 0.00000e+00
 0.00000e+00
 0.00000e+00
 0.00000e+00
 0.00000e+00
 0.00000e+00
 0.00000e+00
 0.00000e+00
 0.00000e+00
 0.00000e+00
 0.00000e+00
 0.00000e+00
 0.00000e+00
 0.00000e+00
 0.00000e+00
 0.00000e+00
 0.00000e+00
 0.00000e+00
 0.00000e+00
 0.00000e+00
 0.00000e+00
 0.00000e+00
 0.00000e+00
 0.00000e+00
 0.00000e+00
 0.00000e+00
 0.00000e+00
 0.00000e+00
 0.00000e+00
 0.00000e+00
 0.00000e+00
 0.00000e+00
 0.00000e+00
 0.00000e+00
 0.00000e+00
 0.00000e+00
 0.00000e+00
 0.00000e+00
 0.00000e+00
 0.00000e+00
 0.00000e+00
 0.00000e+00
 0.00000e+00
 0.00000e+00
 0.00000e+00
 0.00000e+00
 0.00000e+00
 0.00000e+00
 0.00000e+00
 0.00000e+00
 0.00000e+00
 0.00000e+00
 0.00000e+00
 0.00000e+00
 0.00000e+00
 0.00000e+00
 0.00000e+00
 0.00000e+00
 0.00000e+00
 0.00000e+00
 0.00000e+00
 0.00000e+00
 0.00000e+00
 0.00000e+00
 0.00000e+00
 0.00000e+00
part
         3
hexa8
 0.00000e+00
 0.00000e+00
 0.00000e+00
 0.00000e+00
 0.00000e+00
 0.00000e+00
 0.00000e+00
 0.00000e+00
 0.00000e+00
 0.00000e+00
 0.00000e+00
 0.00000e+00
 0.00000e+00
 0.00000e+00
 0.00000e+00
 0.00000e+00
 0.00000e+00
 0.00000e+00
 0.00000e+00
 0.00000e+00
 0.00000e+00
 0.00000e+00
 0.00000e+00
 0.00000e+00
 0.00000e+00
 0.00000e+00
 0.00000e+00
 0.00000e+00
 0.00000e+00
 0.00000e+00
 0.00000e+00
 0.00000e+00
 0.00000e+00
 0.00000e+00
 0.00000e+00
 0.00000e+00
 0.00000e+00
 0.00000e+00
 0.00000e+00
 0.00000e+00
 0.00000e+00
 0.00000e+00
 0.00000e+00
 0.00000e+00
 0.00000e+00
 0.00000e+00
 0.00000e+00
 0.00000e+00
 0.00000e+00
 0.00000e+00
 5.85069e-06
 5.85069e-06
 5.85069e-06
 5.85069e-06
 5.85069e-06
 5.85069e-06
 5.85069e-06
 5.85069e-06
 5.85069e-06
 5.85069e-06
 5.85069e-06
 5.85069e-06
 5.85069e-06
 5.85069e-06
 5.85069e-06
 5.85069e-06
 5.85069e-06
 5.85069e-06
 5.85069e-06
 5.85069e-06
 5.85069e-06
 5.85069e-06
 5.85069e-06
 5.85069e-06
 5.85069e-06
 9.73319e-04
 9.73319e-04
 9.73319e-04
 9.73319e-04
 9.73319e-04
 9.73319e-04
 9.73319e-04
 9.73319e-04
 9.73319e-04
 9.73319e-04
 9.73319e-04
 9.73319e-04
 9.73319e-04
 9.73319e-04
 9.73319e-04
 9.73319e-04
 9.73319e-04
 9.73319e-04
 9.73319e-04
 9.73319e-04
 9.73319e-04
 9.73319e-04
 9.73319e-04
 9.73319e-04
 9.73319e-04
 4.09294e-04
 4.09294e-04
 4.09294e-04
 4.09294e-04
 4.09294e-04
 4.09294e-04
 4.09294e-04
 4.09294e-04
 4.09294e-04
 4.09294e-04
 4.09294e-04
 4.09294e-04
 4.09294e-04
 4.09294e-04
 4.09294e-04
 4.09294e-04
 4.09294e-04
 4.09294e-04
 4.09294e-04
 4.09294e-04
 4.09294e-04
 4.09294e-04
 4.09294e-04
 4.09294e-04
 4.09294e-04
 3.68835e-05
 3.68835e-05
 3.68835e-05
 3.68835e-05
 3.68835e-05
 3.68835e-05
 3.68835e-05
 3.68835e-05
 3.68835e-05
 3.68835e-05
 3.68835e-05
 3.68835e-05
 3.68835e-05
 3.68835e-05
 3.68835e-05
 3.68835e-05
 3.68835e-05
 3.68835e-05
 3.68835e-05
 3.68835e-05
 3.68835e-05
 3.68835e-05
 3.68835e-05
 3.68835e-05
 3.68835e-05
 3.35794e-04
 3.35794e-04
 3.35794e-04
 3.35794e-04
 3.35794e-04
 3.35794e-04
 3.35794e-04
 3.35794e-04
 3.35794e-04
 3.35794e-04
 3.35794e-04
 3.35794e-04
 3.35794e-04
 3.35794e-04
 3.35794e-04
 3.35794e-04
 3.35794e-04
 3.35794e-04
 3.35794e-04
 3.35794e-04
 3.35794e-04
 3.35794e-04
 3.35794e-04
 3.35794e-04
 3.35794e-04
 1.04606e-03
 1.04606e-03
 1.04606e-03
 1.04606e-03
 1.04606e-03
 1.04606e-03
 1.04606e-03
 1.04606e-03
 1.04606e-03
 1.04606e-03
 1.04606e-03
 1.04606e-03
 1.04606e-03
 1.04606e-03
 1.04606e-03
 1.04606e-03
 1.04606e-03
 1.04606e-03
 1.04606e-03
 1.04606e-03
 1.04606e-03
 1.04606e-03
 1.04606e-03
 1.04606e-03
 1.04606e-03
 1.30695e-03
 1.30695e-03
 1.30695e-03
 1.30695e-03
 1.30695e-03
 1.30695e-03
 1.30695e-03
 1.30695e-03
 1.30695e-03
 1.30695e-03
 1.30695e-03
 1.30695e-03
 1.30695e-03
 1.30695e-03
 1.30695e-03
 1.30695e-03
 1.30695e-03
 1.30695e-03
 1.30695e-03
 1.30695e-03
 1.30695e-03
 1.30695e-03
 1.30695e-03
 1.30695e-03
 1.30695e-03
 8.18314e-04
 8.18314e-04
 8.18314e-04
 8.18314e-04
 8.18314e-04
 8.18314e-04
 8.18314e-04
 8.18314e-04
 8.18314e-04
 8.18314e-04
 8.18314e-04
 8.18314e-04
 8.18314e-04
 8.18314e-04
 8.18314e-04
 8.18314e-04
 8.18314e-04
 8.18314e-04
 8.18314e-04
 8.18314e-04
 8.18314e-04
 8.18314e-04
 8.18314e-04
 8.18314e-04
 8.18314e-04
 2.87951e-04
 2.87951e-04
 2.87951e-04
 2.87951e-04
 2.87951e-04
 2.87951e-04
 2.87951e-04
 2.87951e-04
 2.87951e-04
 2.87951e-04
 2.87951e-04
 2.87951e-04
 2.87951e-04
 2.87951e-04
 2.87951e-04
 2.87951e-04
 2.87951e-04
 2.87951e-04
 2.87951e-04
 2.87951e-04
 2.87951e-04
 2.87951e-04
 2.87951e-04
 2.87951e-04
 2.87951e-04
 1.73341e-04
 1.73341e-04
 1.73341e-04
 1.73341e-04
 1.73341e-04
 1.73341e-04
 1.73341e-04
 1.73341e-04
 1.73341e-04
 1.73341e-04
 1.73341e-04
 1.73341e-04
 1.73341e-04
 1.73341e-04
 1.73341e-04
 1.73341e-04
 1.73341e-04
 1.73341e-04
 1.73341e-04
 1.73341e-04
 1.73341e-04
 1.73341e-04
 1.73341e-04
 1.73341e-04
 1.73341e-04
 2.38891e-04
 2.38891e-04
 2.38891e-04
 2.38891e-04
 2.38891e-04
 2.38891e-04
 2.38891e-04
 2.38891e-04
 2.38891e-04
 2.38891e-04
 2.38891e-04
 2.38891e-04
 2.38891e-04
 2.38891e-04
 2.38891e-04
 2.38891e-04
 2.38891e-04
 2.38891e-04
 2.38891e-04
 2.38891e-04
 2.38891e-04
 2.38891e-04
 2.38891e-04
 2.38891e-04
 2.38891e-04
 3.06240e-04
 3.06240e-04
 3.06240e-04
 3.06240e-04
 3.06240e-04
 3.06240e-04
 3.06240e-04
 3.06240e-04
 3.06240e-04
 3.06240e-04
 3.06240e-04
 3.06240e-04
 3.06240e-04
 3.06240e-04
 3.06240e-04
 3.06240e-04
 3.06240e-04
 3.06240e-04
 3.06240e-04
 3.06240e-04
 3.06240e-04
 3.06240e-04
 3.06240e-04
 3.06240e-04
 3.06240e-04
 2.04647e-04
 2.04647e-04
 2.04647e-04
 2.04647e-04
 2.04647e-04
 2.04647e-04
 2.04647e-04
 2.04647e-04
 2.04647e-04
 2.04647e-04
 2.04647e-04
 2.04647e-04
 2.04647e-04
 2.04647e-04
 2.04647e-04
 2.04647e-04
 2.04647e-04
 2.04647e-04
 2.04647e-04
 2.04647e-04
 2.04647e-04
 2.04647e-04
 2.04647e-04
 2.04647e-04
 2.04647e-04
 1.72946e-05
 1.72946e-05
 1.72946e-05
 1.72946e-05
 1.72946e-05
 1.72946e-05
 1.72946e-05
 1.72946e-05
 1.72946e-05
 1.72946e-05
 1.72946e-05
 1.72946e-05
 1.72946e-05
 1.72946e-05
 1.72946e-05
 1.72946e-05
 1.72946e-05
 1.72946e-05
 1.72946e-05
 1.72946e-05
 1.72946e-05
 1.72946e-05
 1.72946e-05
 1.72946e-05
 1.72946e-05
 6.27354e-31
 1.38650e-44
 1.25286e-44
 1.48997e-30
-1.40723e-30
-7.95391e-31
-6.73023e-31
-1.22368e-31
 1.41991e-45
 2.43100e-30
-9.17759e-31
-1.89670e-30
-2.99801e-30
-3.05920e-31
 4.59381e-46
 1.84285e-30
-9.78943e-31
-1.10131e-30
-1.50343e-45
-2.14144e-30
-3.73222e-30
 2.58784e-30
 2.35258e-30
 1.01945e-30
 8.23402e-31
-5.85144e-23
 2.64564e-30
 2.64564e-30
-2.92572e-23
-3.60839e-22
-1.85296e-22
-1.17029e-22
-1.95048e-22
 1.05826e-30
-3.60839e-22
-2.14553e-22
-2.43810e-22
-2.99801e-30
-2.43810e-22
 2.64564e-31
-3.02324e-22
-9.78945e-31
-1.10131e-30
 2.38108e-30
-6.33906e-22
-3.70591e-22
-2.04800e-22
-2.92572e-23
-3.99848e-22
-4.58363e-22
 1.71348e-05
 1.71348e-05
 1.71348e-05
 1.71348e-05
 1.71348e-05
 1.71348e-05
 1.71348e-05
 1.71348e-05
 1.71348e-05
 1.71348e-05
 1.71348e-05
 1.71348e-05
 1.71348e-05
 1.71348e-05
 1.71348e-05
 1.71348e-05
 1.71348e-05
 1.71348e-05
 1.71348e-05
 1.71348e-05
 1.71348e-05
 1.71348e-05
 1.71348e-05
 1.71348e-05
 1.71348e-05
 5.92306e-05
 5.92306e-05
 5.92306e-05
 5.92306e-05
 5.92306e-05
 5.92306e-05
 5.92306e-05
 5.92306e-05
 5.92306e-05
 5.92306e-05
 5.92306e-05
 5.92306e-05
 5.92306e-05
 5.92306e-05
 5.92306e-05
 5.92306e-05
 5.92306e-05
 5.92306e-05
 5.92306e-05
 5.92306e-05
 5.92306e-05
 5.92306e-05
 5.92306e-05
 5.92306e-05
 5.92306e-05
 4.20141e-05
 4.20141e-05
 4.20141e-05
 4.20141e-05
 4.20141e-05
 4.20141e-05
 4.20141e-05
 4.20141e-05
 4.20141e-05
 4.20141e-05
 4.20141e-05
 4.20141e-05
 4.20141e-05
 4.20141e-05
 4.20141e-05
 4.20141e-05
 4.20141e-05
 4.20141e-05
 4.20141e-05
 4.20141e-05
 4.20141e-05
 4.20141e-05
 4.20141e-05
 4.20141e-05
 4.20141e-05
 3.46305e-06
 3.46305e-06
 3.46305e-06
 3.46305e-06
 3.46305e-06
 3.46305e-06
 3.46305e-06
 3.46305e-06
 3.46305e-06
 3.46305e-06
 3.46305e-06
 3.46305e-06
 3.46305e-06
 3.46305e-06
 3.46305e-06
 3.46305e-06
 3.46305e-06
 3.46305e-06
 3.46305e-06
 3.46305e-06
 3.46305e-06
 3.46305e-06
 3.46305e-06
 3.46305e-06
 3.46305e-06
 0.00000e+00
 0.00000e+00
 0.00000e+00
 0.00000e+00
 0.00000e+00
 0.00000e+00
 0.00000e+00
 0.00000e+00
 0.00000e+00
 0.00000e+00
 0.00000e+00
 0.00000e+00
 0.00000e+00
 0.00000e+00
 0.00000e+00
 0.00000e+00
 0.00000e+00
 0.00000e+00
 0.00000e+00
 0.00000e+00
 0.00000e+00
 0.00000e+00
 0.00000e+00
 0.00000e+00
 0.00000e+00
 0.00000e+00
 0.00000e+00
 0.00000e+00
 0.00000e+00
 0.00000e+00
 0.00000e+00
 0.00000e+00
 0.00000e+00
 0.00000e+00
 0.00000e+00
 0.00000e+00
 0.00000e+00
 0.00000e+00
 0.00000e+00
 0.00000e+00
 0.00000e+00
 0.00000e+00
 0.00000e+00
 0.00000e+00
 0.00000e+00
 0.00000e+00
 0.00000e+00
 0.00000e+00
 0.00000e+00
 0.00000e+00
 0.00000e+00
 0.00000e+00
 0.00000e+00
 0.00000e+00
 0.00000e+00
 0.00000e+00
 0.00000e+00
 0.00000e+00
 0.00000e+00
 0.00000e+00
 0.00000e+00
 0.00000e+00
 0.00000e+00
 0.00000e+00
 0.00000e+00
 0.00000e+00
 0.00000e+00
 0.00000e+00
 0.00000e+00
 0.00000e+00
 0.00000e+00
 0.00000e+00
 0.00000e+00
 0.00000e+00
 0.00000e+00
part
         4
hexa8
 0.00000e+00
 0.00000e+00
 0.00000e+00
 0.00000e+00
 0.00000e+00
 0.00000e+00
 0.00000e+00
 0.00000e+00
 0.00000e+00
 0.00000e+00
 0.00000e+00
 0.00000e+00
 0.00000e+00
 0.00000e+00
 0.00000e+00
 0.00000e+00
 0.00000e+00
 0.00000e+00
 0.00000e+00
 0.00000e+00
 0.00000e+00
 0.00000e+00
 0.00000e+00
 0.00000e+00
 0.00000e+00
 0.00000e+00
 0.00000e+00
 0.00000e+00
 0.00000e+00
 0.00000e+00
 0.00000e+00
 0.00000e+00
 0.00000e+00
 0.00000e+00
 0.00000e+00
 0.00000e+00
 0.00000e+00
 0.00000e+00
 0.00000e+00
 0.00000e+00
 0.00000e+00
 0.00000e+00
 0.00000e+00
 0.00000e+00
 0.00000e+00
 0.00000e+00
 0.00000e+00
 0.00000e+00
 0.00000e+00
 0.00000e+00
 0.00000e+00
 0.00000e+00
 0.00000e+00
 0.00000e+00
 0.00000e+00
 0.00000e+00
 0.00000e+00
 0.00000e+00
 0.00000e+00
 0.00000e+00
 0.00000e+00
 0.00000e+00
 0.00000e+00
 0.00000e+00
 0.00000e+00
 0.00000e+00
 0.00000e+00
 0.00000e+00
 0.00000e+00
 0.00000e+00
 0.00000e+00
 0.00000e+00
 0.00000e+00
 0.00000e+00
 0.00000e+00
 7.41681e-05
 7.41681e-05
 7.41681e-05
 7.41681e-05
 7.41681e-05
 7.41681e-05
 7.41681e-05
 7.41681e-05
 7.41681e-05
 7.41681e-05
 7.41681e-05
 7.41681e-05
 7.41681e-05
 7.41681e-05
 7.41681e-05
 7.41681e-05
 7.41681e-05
 7.41681e-05
 7.41681e-05
 7.41681e-05
 7.41681e-05
 7.41681e-05
 7.41681e-05
 7.41681e-05
 7.41681e-05
 9.27120e-05
 9.27120e-05
 9.27120e-05
 9.27120e-05
 9.27120e-05
 9.27120e-05
 9.27120e-05
 9.27120e-05
 9.27120e-05
 9.27120e-05
 9.27120e-05
 9.27120e-05
 9.27120e-05
 9.27120e-05
 9.27120e-05
 9.27120e-05
 9.27120e-05
 9.27120e-05
 9.27120e-05
 9.27120e-05
 9.27120e-05
 9.27120e-05
 9.27120e-05
 9.27120e-05
 9.27120e-05
 1.70214e-03
 1.70214e-03
 1.70214e-03
 1.70214e-03
 1.70214e-03
 1.70214e-03
 1.70214e-03
 1.70214e-03
 1.70214e-03
 1.70214e-03
 1.70214e-03
 1.70214e-03
 1.70214e-03
 1.70214e-03
 1.70214e-03
 1.70214e-03
 1.70214e-03
 1.70214e-03
 1.70214e-03
 1.70214e-03
 1.70214e-03
 1.70214e-03
 1.70214e-03
 1.70214e-03
 1.70214e-03
 2.11924e-03
 2.11924e-03
 2.11924e-03
 2.11924e-03
 2.11924e-03
 2.11924e-03
 2.11924e-03
 2.11924e-03
 2.11924e-03
 2.11924e-03
 2.11924e-03
 2.11924e-03
 2.11924e-03
 2.11924e-03
 2.11924e-03
 2.11924e-03
 2.11924e-03
 2.11924e-03
 2.11924e-03
 2.11924e-03
 2.11924e-03
 2.11924e-03
 2.11924e-03
 2.11924e-03
 2.11924e-03
 1.37155e-02
 1.37155e-02
 1.37155e-02
 1.37155e-02
 1.37155e-02
 1.37155e-02
 1.37155e-02
 1.37155e-02
 1.37155e-02
 1.37155e-02
 1.37155e-02
 1.37155e-02
 1.37155e-02
 1.37155e-02
 1.37155e-02
 1.37155e-02
 1.37155e-02
 1.37155e-02
 1.37155e-02
 1.37155e-02
 1.37155e-02
 1.37155e-02
 1.37155e-02
 1.37155e-02
 1.37155e-02
 1.94067e-02
 1.94067e-02
 1.94067e-02
 1.94067e-02
 1.94067e-02
 1.94067e-02
 1.94067e-02
 1.94067e-02
 1.94067e-02
 1.94067e-02
 1.94067e-02
 1.94067e-02
 1.94067e-02
 1.94067e-02
 1.94067e-02
 1.94067e-02
 1.94067e-02
 1.94067e-02
 1.94067e-02
 1.94067e-02
 1.94067e-02
 1.94067e-02
 1.94067e-02
 1.94067e-02
 1.94067e-02
 4.62801e-02
 4.62801e-02
 4.62801e-02
 4.62801e-02
 4.62801e-02
 4.62801e-02
 4.62801e-02
 4.62801e-02
 4.62801e-02
 4.62801e-02
 4.62801e-02
 4.62801e-02
 4.62801e-02
 4.62801e-02
 4.62801e-02
 4.62801e-02
 4.62801e-02
 4.62801e-02
 4.62801e-02
 4.62801e-02
 4.62801e-02
 4.62801e-02
 4.62801e-02
 4.62801e-02
 4.62801e-02
 4.75635e-02
 4.75635e-02
 4.75635e-02
 4.75635e-02
 4.75635e-02
 4.75635e-02
 4.75635e-02
 4.75635e-02
 4.75635e-02
 4.75635e-02
 4.75635e-02
 4.75635e-02
 4.75635e-02
 4.75635e-02
 4.75635e-02
 4.75635e-02
 4.75635e-02
 4.75635e-02
 4.75635e-02
 4.75635e-02
 4.75635e-02
 4.75635e-02
 4.75635e-02
 4.75635e-02
 4.75635e-02
 4.43900e-02
 4.43900e-02
 4.43900e-02
 4.43900e-02
 4.43900e-02
 4.43900e-02
 4.43900e-02
 4.43900e-02
 4.43900e-02
 4.43900e-02
 4.43900e-02
 4.43900e-02
 4.43900e-02
 4.43900e-02
 4.43900e-02
 4.43900e-02
 4.43900e-02
 4.43900e-02
 4.43900e-02
 4.43900e-02
 4.43900e-02
 4.43900e-02
 4.43900e-02
 4.43900e-02
 4.43900e-02
 2.55738e-02
 2.55738e-02
 2.55738e-02
 2.55738e-02
 2.55738e-02
 2.55738e-02
 2.55738e-02
 2.55738e-02
 2.55738e-02
 2.55738e-02
 2.55738e-02
 2.55738e-02
 2.55738e-02
 2.55738e-02
 2.55738e-02
 2.55738e-02
 2.55738e-02
 2.55738e-02
 2.55738e-02
 2.55738e-02
 2.55738e-02
 2.55738e-02
 2.55738e-02
 2.55738e-02
 2.55738e-02
 1.03212e-02
 1.03212e-02
 1.03212e-02
 1.03212e-02
 1.03212e-02
 1.03212e-02
 1.03212e-02
 1.03212e-02
 1.03212e-02
 1.03212e-02
 1.03212e-02
 1.03212e-02
 1.03212e-02
 1.03212e-02
 1.03212e-02
 1.03212e-02
 1.03212e-02
 1.03212e-02
 1.03212e-02
 1.03212e-02
 1.03212e-02
 1.03212e-02
 1.03212e-02
 1.03212e-02
 1.03212e-02
 3.10235e-03
 3.10235e-03
 3.10235e-03
 3.10235e-03
 3.10235e-03
 3.10235e-03
 3.10235e-03
 3.10235e-03
 3.10235e-03
 3.10235e-03
 3.10235e-03
 3.10235e-03
 3.10235e-03
 3.10235e-03
 3.10235e-03
 3.10235e-03
 3.10235e-03
 3.10235e-03
 3.10235e-03
 3.10235e-03
 3.10235e-03
 3.10235e-03
 3.10235e-03
 3.10235e-03
 3.10235e-03
 8.06798e-04
 8.06798e-04
 8.06798e-04
 8.06798e-04
 8.06798e-04
 8.06798e-04
 8.06798e-04
 8.06798e-04
 8.06798e-04
 8.06798e-04
 8.06798e-04
 8.06798e-04
 8.06798e-04
 8.06798e-04
 8.06798e-04
 8.06798e-04
 8.06798e-04
 8.06798e-04
 8.06798e-04
 8.06798e-04
 8.06798e-04
 8.06798e-04
 8.06798e-04
 8.06798e-04
 8.06798e-04
 2.00710e-04
 2.00710e-04
 2.00710e-04
 2.00710e-04
 2.00710e-04
 2.00710e-04
 2.00710e-04
 2.00710e-04
 2.00710e-04
 2.00710e-04
 2.00710e-04
 2.00710e-04
 2.00710e-04
 2.00710e-04
 2.00710e-04
 2.00710e-04
 2.00710e-04
 2.00710e-04
 2.00710e-04
 2.00710e-04
 2.00710e-04
 2.00710e-04
 2.00710e-04
 2.00710e-04
 2.00710e-04
 4.91713e-05
 4.91713e-05
 4.91713e-05
 4.91713e-05
 4.91713e-05
 4.91713e-05
 4.91713e-05
 4.91713e-05
 4.91713e-05
 4.91713e-05
 4.91713e-05
 4.91713e-05
 4.91713e-05
 4.91713e-05
 4.91713e-05
 4.91713e-05
 4.91713e-05
 4.91713e-05
 4.91713e-05
 4.91713e-05
 4.91713e-05
 4.91713e-05
 4.91713e-05
 4.91713e-05
 4.91713e-05
 1.19399e-05
 1.19399e-05
 1.19399e-05
 1.19399e-05
 1.19399e-05
 1.19399e-05
 1.19399e-05
 1.19399e-05
 1.19399e-05
 1.19399e-05
 1.19399e-05
 1.19399e-05
 1.19399e-05
 1.19399e-05
 1.19399e-05
 1.19399e-05
 1.19399e-05
 1.19399e-05
 1.19399e-05
 1.19399e-05
 1.19399e-05
 1.19399e-05
 1.19399e-05
 1.19399e-05
 1.19399e-05
 2.87448e-06
 2.87448e-06
 2.87448e-06
 2.87448e-06
 2.87448e-06
 2.87448e-06
 2.87448e-06
 2.87448e-06
 2.87448e-06
 2.87448e-06
 2.87448e-06
 2.87448e-06
 2.87448e-06
 2.87448e-06
 2.87448e-06
 2.87448e-06
 2.87448e-06
 2.87448e-06
 2.87448e-06
 2.87448e-06
 2.87448e-06
 2.87448e-06
 2.87448e-06
 2.87448e-06
 2.87448e-06
 6.85332e-07
 6.85332e-07
 6.85332e-07
 6.85332e-07
 6.85332e-07
 6.85332e-07
 6.85332e-07
 6.85332e-07
 6.85332e-07
 6.85332e-07
 6.85332e-07
 6.85332e-07
 6.85332e-07
 6.85332e-07
 6.85332e-07
 6.85332e-07
 6.85332e-07
 6.85332e-07
 6.85332e-07
 6.85332e-07
 6.85332e-07
 6.85332e-07
 6.85332e-07
 6.85332e-07
 6.85332e-07
 1.61549e-07
 1.61549e-07
 1.61549e-07
 1.61549e-07
 1.61549e-07
 1.61549e-07
 1.61549e-07
 1.61549e-07
 1.61549e-07
 1.61549e-07
 1.61549e-07
 1.61549e-07
 1.61549e-07
 1.61549e-07
 1.61549e-07
 1.61549e-07
 1.61549e-07
 1.61549e-07
 1.61549e-07
 1.61549e-07
 1.61549e-07
 1.61549e-07
 1.61549e-07
 1.61549e-07
 1.61549e-07
 3.75935e-08
 3.75935e-08
 3.75935e-08
 3.75935e-08
 3.75935e-08
 3.75935e-08
 3.75935e-08
 3.75935e-08
 3.75935e-08
 3.75935e-08
 3.75935e-08
 3.75935e-08
 3.75935e-08
 3.75935e-08
 3.75935e-08
 3.75935e-08
 3.75935e-08
 3.75935e-08
 3.75935e-08
 3.75935e-08
 3.75935e-08
 3.75935e-08
 3.75935e-08
 3.75935e-08
 3.75935e-08
 8.69818e-09
 8.69818e-09
 8.69819e-09
 8.69818e-09
 8.69818e-09
 8.69818e-09
 8.69818e-09
 8.69818e-09
 8.69818e-09
 8.69818e-09
 8.69818e-09
 8.69818e-09
 8.69818e-09
 8.69818e-09
 8.69819e-09
 8.69818e-09
 8.69818e-09
 8.69818e-09
 8.69819e-09
 8.69818e-09
 8.69818e-09
 8.69818e-09
 8.69818e-09
 8.69818e-09
 8.69819e-09
 2.36454e-09
 2.36454e-09
 2.36454e-09
 2.36454e-09
 2.36454e-09
 2.36454e-09
 2.36454e-09
 2.36454e-09
 2.36454e-09
 2.36454e-09
 2.36454e-09
 2.36454e-09
 2.36454e-09
 2.36453e-09
 2.36454e-09
 2.36454e-09
 2.36454e-09
 2.36454e-09
 2.36454e-09
 2.36454e-09
 2.36454e-09
 2.36455e-09
 2.36454e-09
 2.36454e-09
 2.36454e-09
