NodeMass
part
         1
coordinates
 5.00000e-07
 1.00000e-06
 1.00000e-06
 1.00000e-06
 1.00000e-06
 5.00000e-07
 1.00000e-06
 2.00000e-06
 2.00000e-06
 2.00000e-06
 2.00000e-06
 1.00000e-06
 1.00000e-06
 2.00000e-06
 2.00000e-06
 2.00000e-06
 2.00000e-06
 1.00000e-06
 1.00000e-06
 2.00000e-06
 2.00000e-06
 2.00000e-06
 2.00000e-06
 1.00000e-06
 1.00000e-06
 2.00000e-06
 2.00000e-06
 2.00000e-06
 2.00000e-06
 1.00000e-06
 5.00000e-07
 1.00000e-06
 1.00000e-06
 1.00000e-06
 1.00000e-06
 5.00000e-07
 1.00000e-06
 2.00000e-06
 2.00000e-06
 2.00000e-06
 2.00000e-06
 1.00000e-06
 2.00000e-06
 4.00000e-06
 4.00000e-06
 4.00000e-06
 4.00000e-06
 2.00000e-06
 2.00000e-06
 4.00000e-06
 4.00000e-06
 4.00000e-06
 4.00000e-06
 2.00000e-06
 2.00000e-06
 4.00000e-06
 4.00000e-06
 4.00000e-06
 4.00000e-06
 2.00000e-06
 2.00000e-06
 4.00000e-06
 4.00000e-06
 4.00000e-06
 4.00000e-06
 2.00000e-06
 1.00000e-06
 2.00000e-06
 2.00000e-06
 2.00000e-06
 2.00000e-06
 1.00000e-06
 1.00000e-06
 2.00000e-06
 2.00000e-06
 2.00000e-06
 2.00000e-06
 1.00000e-06
 2.00000e-06
 4.00000e-06
 4.00000e-06
 4.00000e-06
 4.00000e-06
 2.00000e-06
 2.00000e-06
 4.00000e-06
 4.00000e-06
 4.00000e-06
 4.00000e-06
 2.00000e-06
 2.00000e-06
 4.00000e-06
 4.00000e-06
 4.00000e-06
 4.00000e-06
 2.00000e-06
 2.00000e-06
 4.00000e-06
 4.00000e-06
 4.00000e-06
 4.00000e-06
 2.00000e-06
 1.00000e-06
 2.00000e-06
 2.00000e-06
 2.00000e-06
 2.00000e-06
 1.00000e-06
 1.00000e-06
 2.00000e-06
 2.00000e-06
 2.00000e-06
 2.00000e-06
 1.00000e-06
 2.00000e-06
 4.00000e-06
 4.00000e-06
 4.00000e-06
 4.00000e-06
 2.00000e-06
 2.00000e-06
 4.00000e-06
 4.00000e-06
 4.00000e-06
 4.00000e-06
 2.00000e-06
 2.00000e-06
 4.00000e-06
 4.00000e-06
 4.00000e-06
 4.00000e-06
 2.00000e-06
 2.00000e-06
 4.00000e-06
 4.00000e-06
 4.00000e-06
 4.00000e-06
 2.00000e-06
 1.00000e-06
 2.00000e-06
 2.00000e-06
 2.00000e-06
 2.00000e-06
 1.00000e-06
 1.00000e-06
 2.00000e-06
 2.00000e-06
 2.00000e-06
 2.00000e-06
 1.00000e-06
 2.00000e-06
 4.00000e-06
 4.00000e-06
 4.00000e-06
 4.00000e-06
 2.00000e-06
 2.00000e-06
 4.00000e-06
 4.00000e-06
 4.00000e-06
 4.00000e-06
 2.00000e-06
 2.00000e-06
 4.00000e-06
 4.00000e-06
 4.00000e-06
 4.00000e-06
 2.00000e-06
 2.00000e-06
 4.00000e-06
 4.00000e-06
 4.00000e-06
 4.00000e-06
 2.00000e-06
 1.00000e-06
 2.00000e-06
 2.00000e-06
 2.00000e-06
 2.00000e-06
 1.00000e-06
 1.00000e-06
 2.00000e-06
 2.00000e-06
 2.00000e-06
 2.00000e-06
 1.00000e-06
 2.00000e-06
 4.00000e-06
 4.00000e-06
 4.00000e-06
 4.00000e-06
 2.00000e-06
 2.00000e-06
 4.00000e-06
 4.00000e-06
 4.00000e-06
 4.00000e-06
 2.00000e-06
 2.00000e-06
 4.00000e-06
 4.00000e-06
 4.00000e-06
 4.00000e-06
 2.00000e-06
 2.00000e-06
 4.00000e-06
 4.00000e-06
 4.00000e-06
 4.00000e-06
 2.00000e-06
 1.00000e-06
 2.00000e-06
 2.00000e-06
 2.00000e-06
 2.00000e-06
 1.00000e-06
 1.00000e-06
 2.00000e-06
 2.00000e-06
 2.00000e-06
 2.00000e-06
 1.00000e-06
 2.00000e-06
 4.00000e-06
 4.00000e-06
 4.00000e-06
 4.00000e-06
 2.00000e-06
 2.00000e-06
 4.00000e-06
 4.00000e-06
 4.00000e-06
 4.00000e-06
 2.00000e-06
 2.00000e-06
 4.00000e-06
 4.00000e-06
 4.00000e-06
 4.00000e-06
 2.00000e-06
 2.00000e-06
 4.00000e-06
 4.00000e-06
 4.00000e-06
 4.00000e-06
 2.00000e-06
 1.00000e-06
 2.00000e-06
 2.00000e-06
 2.00000e-06
 2.00000e-06
 1.00000e-06
 1.00000e-06
 2.00000e-06
 2.00000e-06
 2.00000e-06
 2.00000e-06
 1.00000e-06
 2.00000e-06
 4.00000e-06
 4.00000e-06
 4.00000e-06
 4.00000e-06
 2.00000e-06
 2.00000e-06
 4.00000e-06
 4.00000e-06
 4.00000e-06
 4.00000e-06
 2.00000e-06
 2.00000e-06
 4.00000e-06
 4.00000e-06
 4.00000e-06
 4.00000e-06
 2.00000e-06
 2.00000e-06
 4.00000e-06
 4.00000e-06
 4.00000e-06
 4.00000e-06
 2.00000e-06
 1.00000e-06
 2.00000e-06
 2.00000e-06
 2.00000e-06
 2.00000e-06
 1.00000e-06
 1.00000e-06
 2.00000e-06
 2.00000e-06
 2.00000e-06
 2.00000e-06
 1.00000e-06
 2.00000e-06
 4.00000e-06
 4.00000e-06
 4.00000e-06
 4.00000e-06
 2.00000e-06
 2.00000e-06
 4.00000e-06
 4.00000e-06
 4.00000e-06
 4.00000e-06
 2.00000e-06
 2.00000e-06
 4.00000e-06
 4.00000e-06
 4.00000e-06
 4.00000e-06
 2.00000e-06
 2.00000e-06
 4.00000e-06
 4.00000e-06
 4.00000e-06
 4.00000e-06
 2.00000e-06
 1.00000e-06
 2.00000e-06
 2.00000e-06
 2.00000e-06
 2.00000e-06
 1.00000e-06
 1.00000e-06
 2.00000e-06
 2.00000e-06
 2.00000e-06
 2.00000e-06
 1.00000e-06
 2.00000e-06
 4.00000e-06
 4.00000e-06
 4.00000e-06
 4.00000e-06
 2.00000e-06
 2.00000e-06
 4.00000e-06
 4.00000e-06
 4.00000e-06
 4.00000e-06
 2.00000e-06
 2.00000e-06
 4.00000e-06
 4.00000e-06
 4.00000e-06
 4.00000e-06
 2.00000e-06
 2.00000e-06
 4.00000e-06
 4.00000e-06
 4.00000e-06
 4.00000e-06
 2.00000e-06
 1.00000e-06
 2.00000e-06
 2.00000e-06
 2.00000e-06
 2.00000e-06
 1.00000e-06
 1.00000e-06
 2.00000e-06
 2.00000e-06
 2.00000e-06
 2.00000e-06
 1.00000e-06
 2.00000e-06
 4.00000e-06
 4.00000e-06
 4.00000e-06
 4.00000e-06
 2.00000e-06
 2.00000e-06
 4.00000e-06
 4.00000e-06
 4.00000e-06
 4.00000e-06
 2.00000e-06
 2.00000e-06
 4.00000e-06
 4.00000e-06
 4.00000e-06
 4.00000e-06
 2.00000e-06
 2.00000e-06
 4.00000e-06
 4.00000e-06
 4.00000e-06
 4.00000e-06
 2.00000e-06
 1.00000e-06
 2.00000e-06
 2.00000e-06
 2.00000e-06
 2.00000e-06
 1.00000e-06
 1.00000e-06
 2.00000e-06
 2.00000e-06
 2.00000e-06
 2.00000e-06
 1.00000e-06
 2.00000e-06
 4.00000e-06
 4.00000e-06
 4.00000e-06
 4.00000e-06
 2.00000e-06
 2.00000e-06
 4.00000e-06
 4.00000e-06
 4.00000e-06
 4.00000e-06
 2.00000e-06
 2.00000e-06
 4.00000e-06
 4.00000e-06
 4.00000e-06
 4.00000e-06
 2.00000e-06
 2.00000e-06
 4.00000e-06
 4.00000e-06
 4.00000e-06
 4.00000e-06
 2.00000e-06
 1.00000e-06
 2.00000e-06
 2.00000e-06
 2.00000e-06
 2.00000e-06
 1.00000e-06
 1.00000e-06
 2.00000e-06
 2.00000e-06
 2.00000e-06
 2.00000e-06
 1.00000e-06
 2.00000e-06
 4.00000e-06
 4.00000e-06
 4.00000e-06
 4.00000e-06
 2.00000e-06
 2.00000e-06
 4.00000e-06
 4.00000e-06
 4.00000e-06
 4.00000e-06
 2.00000e-06
 2.00000e-06
 4.00000e-06
 4.00000e-06
 4.00000e-06
 4.00000e-06
 2.00000e-06
 2.00000e-06
 4.00000e-06
 4.00000e-06
 4.00000e-06
 4.00000e-06
 2.00000e-06
 1.00000e-06
 2.00000e-06
 2.00000e-06
 2.00000e-06
 2.00000e-06
 1.00000e-06
 1.00000e-06
 2.00000e-06
 2.00000e-06
 2.00000e-06
 2.00000e-06
 1.00000e-06
 2.00000e-06
 4.00000e-06
 4.00000e-06
 4.00000e-06
 4.00000e-06
 2.00000e-06
 2.00000e-06
 4.00000e-06
 4.00000e-06
 4.00000e-06
 4.00000e-06
 2.00000e-06
 2.00000e-06
 4.00000e-06
 4.00000e-06
 4.00000e-06
 4.00000e-06
 2.00000e-06
 2.00000e-06
 4.00000e-06
 4.00000e-06
 4.00000e-06
 4.00000e-06
 2.00000e-06
 1.00000e-06
 2.00000e-06
 2.00000e-06
 2.00000e-06
 2.00000e-06
 1.00000e-06
 1.00000e-06
 2.00000e-06
 2.00000e-06
 2.00000e-06
 2.00000e-06
 1.00000e-06
 2.00000e-06
 4.00000e-06
 4.00000e-06
 4.00000e-06
 4.00000e-06
 2.00000e-06
 2.00000e-06
 4.00000e-06
 4.00000e-06
 4.00000e-06
 4.00000e-06
 2.00000e-06
 2.00000e-06
 4.00000e-06
 4.00000e-06
 4.00000e-06
 4.00000e-06
 2.00000e-06
 2.00000e-06
 4.00000e-06
 4.00000e-06
 4.00000e-06
 4.00000e-06
 2.00000e-06
 1.00000e-06
 2.00000e-06
 2.00000e-06
 2.00000e-06
 2.00000e-06
 1.00000e-06
 1.00000e-06
 2.00000e-06
 2.00000e-06
 2.00000e-06
 2.00000e-06
 1.00000e-06
 2.00000e-06
 4.00000e-06
 4.00000e-06
 4.00000e-06
 4.00000e-06
 2.00000e-06
 2.00000e-06
 4.00000e-06
 4.00000e-06
 4.00000e-06
 4.00000e-06
 2.00000e-06
 2.00000e-06
 4.00000e-06
 4.00000e-06
 4.00000e-06
 4.00000e-06
 2.00000e-06
 2.00000e-06
 4.00000e-06
 4.00000e-06
 4.00000e-06
 4.00000e-06
 2.00000e-06
 1.00000e-06
 2.00000e-06
 2.00000e-06
 2.00000e-06
 2.00000e-06
 1.00000e-06
 1.00000e-06
 2.00000e-06
 2.00000e-06
 2.00000e-06
 2.00000e-06
 1.00000e-06
 2.00000e-06
 4.00000e-06
 4.00000e-06
 4.00000e-06
 4.00000e-06
 2.00000e-06
 2.00000e-06
 4.00000e-06
 4.00000e-06
 4.00000e-06
 4.00000e-06
 2.00000e-06
 2.00000e-06
 4.00000e-06
 4.00000e-06
 4.00000e-06
 4.00000e-06
 2.00000e-06
 2.00000e-06
 4.00000e-06
 4.00000e-06
 4.00000e-06
 4.00000e-06
 2.00000e-06
 1.00000e-06
 2.00000e-06
 2.00000e-06
 2.00000e-06
 2.00000e-06
 1.00000e-06
 1.00000e-06
 2.00000e-06
 2.00000e-06
 2.00000e-06
 2.00000e-06
 1.00000e-06
 2.00000e-06
 4.00000e-06
 4.00000e-06
 4.00000e-06
 4.00000e-06
 2.00000e-06
 2.00000e-06
 4.00000e-06
 4.00000e-06
 4.00000e-06
 4.00000e-06
 2.00000e-06
 2.00000e-06
 4.00000e-06
 4.00000e-06
 4.00000e-06
 4.00000e-06
 2.00000e-06
 2.00000e-06
 4.00000e-06
 4.00000e-06
 4.00000e-06
 4.00000e-06
 2.00000e-06
 1.00000e-06
 2.00000e-06
 2.00000e-06
 2.00000e-06
 2.00000e-06
 1.00000e-06
 9.99998e-07
 2.00000e-06
 2.00000e-06
 2.00000e-06
 2.00000e-06
 9.99998e-07
 2.00000e-06
 3.99999e-06
 3.99999e-06
 3.99999e-06
 3.99999e-06
 2.00000e-06
 2.00000e-06
 3.99999e-06
 3.99999e-06
 3.99999e-06
 3.99999e-06
 2.00000e-06
 2.00000e-06
 3.99999e-06
 3.99999e-06
 3.99999e-06
 3.99999e-06
 2.00000e-06
 2.00000e-06
 3.99999e-06
 3.99999e-06
 3.99999e-06
 3.99999e-06
 2.00000e-06
 9.99998e-07
 2.00000e-06
 2.00000e-06
 2.00000e-06
 2.00000e-06
 9.99998e-07
 9.99992e-07
 1.99998e-06
 1.99998e-06
 1.99998e-06
 1.99998e-06
 9.99992e-07
 1.99998e-06
 3.99997e-06
 3.99997e-06
 3.99997e-06
 3.99997e-06
 1.99998e-06
 1.99998e-06
 3.99997e-06
 3.99997e-06
 3.99997e-06
 3.99997e-06
 1.99998e-06
 1.99998e-06
 3.99997e-06
 3.99997e-06
 3.99997e-06
 3.99997e-06
 1.99998e-06
 1.99998e-06
 3.99997e-06
 3.99997e-06
 3.99997e-06
 3.99997e-06
 1.99998e-06
 9.99992e-07
 1.99998e-06
 1.99998e-06
 1.99998e-06
 1.99998e-06
 9.99992e-07
 9.99961e-07
 1.99992e-06
 1.99992e-06
 1.99992e-06
 1.99992e-06
 9.99961e-07
 1.99992e-06
 3.99984e-06
 3.99984e-06
 3.99984e-06
 3.99984e-06
 1.99992e-06
 1.99992e-06
 3.99984e-06
 3.99984e-06
 3.99984e-06
 3.99984e-06
 1.99992e-06
 1.99992e-06
 3.99984e-06
 3.99984e-06
 3.99984e-06
 3.99984e-06
 1.99992e-06
 1.99992e-06
 3.99984e-06
 3.99984e-06
 3.99984e-06
 3.99984e-06
 1.99992e-06
 9.99961e-07
 1.99992e-06
 1.99992e-06
 1.99992e-06
 1.99992e-06
 9.99961e-07
 9.99835e-07
 1.99967e-06
 1.99967e-06
 1.99967e-06
 1.99967e-06
 9.99835e-07
 1.99967e-06
 3.99934e-06
 3.99934e-06
 3.99934e-06
 3.99934e-06
 1.99967e-06
 1.99967e-06
 3.99934e-06
 3.99934e-06
 3.99934e-06
 3.99934e-06
 1.99967e-06
 1.99967e-06
 3.99934e-06
 3.99934e-06
 3.99934e-06
 3.99934e-06
 1.99967e-06
 1.99967e-06
 3.99934e-06
 3.99934e-06
 3.99934e-06
 3.99934e-06
 1.99967e-06
 9.99835e-07
 1.99967e-06
 1.99967e-06
 1.99967e-06
 1.99967e-06
 9.99835e-07
 9.99390e-07
 1.99878e-06
 1.99878e-06
 1.99878e-06
 1.99878e-06
 9.99390e-07
 1.99878e-06
 3.99756e-06
 3.99756e-06
 3.99756e-06
 3.99756e-06
 1.99878e-06
 1.99878e-06
 3.99756e-06
 3.99756e-06
 3.99756e-06
 3.99756e-06
 1.99878e-06
 1.99878e-06
 3.99756e-06
 3.99756e-06
 3.99756e-06
 3.99756e-06
 1.99878e-06
 1.99878e-06
 3.99756e-06
 3.99756e-06
 3.99756e-06
 3.99756e-06
 1.99878e-06
 9.99390e-07
 1.99878e-06
 1.99878e-06
 1.99878e-06
 1.99878e-06
 9.99390e-07
 9.98037e-07
 1.99607e-06
 1.99607e-06
 1.99607e-06
 1.99607e-06
 9.98037e-07
 1.99607e-06
 3.99215e-06
 3.99215e-06
 3.99215e-06
 3.99215e-06
 1.99607e-06
 1.99607e-06
 3.99215e-06
 3.99215e-06
 3.99215e-06
 3.99215e-06
 1.99607e-06
 1.99607e-06
 3.99215e-06
 3.99215e-06
 3.99215e-06
 3.99215e-06
 1.99607e-06
 1.99607e-06
 3.99215e-06
 3.99215e-06
 3.99215e-06
 3.99215e-06
 1.99607e-06
 9.98037e-07
 1.99607e-06
 1.99607e-06
 1.99607e-06
 1.99607e-06
 9.98037e-07
 9.94569e-07
 1.98914e-06
 1.98914e-06
 1.98914e-06
 1.98914e-06
 9.94569e-07
 1.98914e-06
 3.97827e-06
 3.97827e-06
 3.97827e-06
 3.97827e-06
 1.98914e-06
 1.98914e-06
 3.97827e-06
 3.97827e-06
 3.97827e-06
 3.97827e-06
 1.98914e-06
 1.98914e-06
 3.97827e-06
 3.97827e-06
 3.97827e-06
 3.97827e-06
 1.98914e-06
 1.98914e-06
 3.97827e-06
 3.97827e-06
 3.97827e-06
 3.97827e-06
 1.98914e-06
 9.94569e-07
 1.98914e-06
 1.98914e-06
 1.98914e-06
 1.98914e-06
 9.94569e-07
 9.87197e-07
 1.97439e-06
 1.97439e-06
 1.97439e-06
 1.97439e-06
 9.87197e-07
 1.97439e-06
 3.94879e-06
 3.94879e-06
 3.94879e-06
 3.94879e-06
 1.97439e-06
 1.97439e-06
 3.94879e-06
 3.94879e-06
 3.94879e-06
 3.94879e-06
 1.97439e-06
 1.97439e-06
 3.94879e-06
 3.94879e-06
 3.94879e-06
 3.94879e-06
 1.97439e-06
 1.97439e-06
 3.94879e-06
 3.94879e-06
 3.94879e-06
 3.94879e-06
 1.97439e-06
 9.87197e-07
 1.97439e-06
 1.97439e-06
 1.97439e-06
 1.97439e-06
 9.87197e-07
 9.74298e-07
 1.94860e-06
 1.94860e-06
 1.94860e-06
 1.94860e-06
 9.74298e-07
 1.94860e-06
 3.89719e-06
 3.89719e-06
 3.89719e-06
 3.89719e-06
 1.94860e-06
 1.94860e-06
 3.89719e-06
 3.89719e-06
 3.89719e-06
 3.89719e-06
 1.94860e-06
 1.94860e-06
 3.89719e-06
 3.89719e-06
 3.89719e-06
 3.89719e-06
 1.94860e-06
 1.94860e-06
 3.89719e-06
 3.89719e-06
 3.89719e-06
 3.89719e-06
 1.94860e-06
 9.74298e-07
 1.94860e-06
 1.94860e-06
 1.94860e-06
 1.94860e-06
 9.74298e-07
 9.55514e-07
 1.91103e-06
 1.91103e-06
 1.91103e-06
 1.91103e-06
 9.55514e-07
 1.91103e-06
 3.82206e-06
 3.82206e-06
 3.82206e-06
 3.82206e-06
 1.91103e-06
 1.91103e-06
 3.82206e-06
 3.82206e-06
 3.82206e-06
 3.82206e-06
 1.91103e-06
 1.91103e-06
 3.82206e-06
 3.82206e-06
 3.82206e-06
 3.82206e-06
 1.91103e-06
 1.91103e-06
 3.82206e-06
 3.82206e-06
 3.82206e-06
 3.82206e-06
 1.91103e-06
 9.55514e-07
 1.91103e-06
 1.91103e-06
 1.91103e-06
 1.91103e-06
 9.55514e-07
 9.32000e-07
 1.86400e-06
 1.86400e-06
 1.86400e-06
 1.86400e-06
 9.32000e-07
 1.86400e-06
 3.72800e-06
 3.72800e-06
 3.72800e-06
 3.72800e-06
 1.86400e-06
 1.86400e-06
 3.72800e-06
 3.72800e-06
 3.72800e-06
 3.72800e-06
 1.86400e-06
 1.86400e-06
 3.72800e-06
 3.72800e-06
 3.72800e-06
 3.72800e-06
 1.86400e-06
 1.86400e-06
 3.72800e-06
 3.72800e-06
 3.72800e-06
 3.72800e-06
 1.86400e-06
 9.32000e-07
 1.86400e-06
 1.86400e-06
 1.86400e-06
 1.86400e-06
 9.32000e-07
 9.05521e-07
 1.81104e-06
 1.81104e-06
 1.81104e-06
 1.81104e-06
 9.05521e-07
 1.81104e-06
 3.62208e-06
 3.62208e-06
 3.62208e-06
 3.62208e-06
 1.81104e-06
 1.81104e-06
 3.62208e-06
 3.62208e-06
 3.62208e-06
 3.62208e-06
 1.81104e-06
 1.81104e-06
 3.62208e-06
 3.62208e-06
 3.62208e-06
 3.62208e-06
 1.81104e-06
 1.81104e-06
 3.62208e-06
 3.62208e-06
 3.62208e-06
 3.62208e-06
 1.81104e-06
 9.05521e-07
 1.81104e-06
 1.81104e-06
 1.81104e-06
 1.81104e-06
 9.05521e-07
 8.77526e-07
 1.75505e-06
 1.75505e-06
 1.75505e-06
 1.75505e-06
 8.77526e-07
 1.75505e-06
 3.51010e-06
 3.51010e-06
 3.51010e-06
 3.51010e-06
 1.75505e-06
 1.75505e-06
 3.51010e-06
 3.51010e-06
 3.51010e-06
 3.51010e-06
 1.75505e-06
 1.75505e-06
 3.51010e-06
 3.51010e-06
 3.51010e-06
 3.51010e-06
 1.75505e-06
 1.75505e-06
 3.51010e-06
 3.51010e-06
 3.51010e-06
 3.51010e-06
 1.75505e-06
 8.77526e-07
 1.75505e-06
 1.75505e-06
 1.75505e-06
 1.75505e-06
 8.77526e-07
 8.48914e-07
 1.69783e-06
 1.69783e-06
 1.69783e-06
 1.69783e-06
 8.48914e-07
 1.69783e-06
 3.39566e-06
 3.39566e-06
 3.39566e-06
 3.39566e-06
 1.69783e-06
 1.69783e-06
 3.39566e-06
 3.39566e-06
 3.39566e-06
 3.39566e-06
 1.69783e-06
 1.69783e-06
 3.39566e-06
 3.39566e-06
 3.39566e-06
 3.39566e-06
 1.69783e-06
 1.69783e-06
 3.39566e-06
 3.39566e-06
 3.39566e-06
 3.39566e-06
 1.69783e-06
 8.48914e-07
 1.69783e-06
 1.69783e-06
 1.69783e-06
 1.69783e-06
 8.48914e-07
 8.20217e-07
 1.64043e-06
 1.64043e-06
 1.64043e-06
 1.64043e-06
 8.20217e-07
 1.64043e-06
 3.28087e-06
 3.28087e-06
 3.28087e-06
 3.28087e-06
 1.64043e-06
 1.64043e-06
 3.28087e-06
 3.28087e-06
 3.28087e-06
 3.28087e-06
 1.64043e-06
 1.64043e-06
 3.28087e-06
 3.28087e-06
 3.28087e-06
 3.28087e-06
 1.64043e-06
 1.64043e-06
 3.28087e-06
 3.28087e-06
 3.28087e-06
 3.28087e-06
 1.64043e-06
 8.20217e-07
 1.64043e-06
 1.64043e-06
 1.64043e-06
 1.64043e-06
 8.20217e-07
 7.91757e-07
 1.58351e-06
 1.58351e-06
 1.58351e-06
 1.58351e-06
 7.91757e-07
 1.58351e-06
 3.16703e-06
 3.16703e-06
 3.16703e-06
 3.16703e-06
 1.58351e-06
 1.58351e-06
 3.16703e-06
 3.16703e-06
 3.16703e-06
 3.16703e-06
 1.58351e-06
 1.58351e-06
 3.16703e-06
 3.16703e-06
 3.16703e-06
 3.16703e-06
 1.58351e-06
 1.58351e-06
 3.16703e-06
 3.16703e-06
 3.16703e-06
 3.16703e-06
 1.58351e-06
 7.91757e-07
 1.58351e-06
 1.58351e-06
 1.58351e-06
 1.58351e-06
 7.91757e-07
 7.63697e-07
 1.52739e-06
 1.52739e-06
 1.52739e-06
 1.52739e-06
 7.63697e-07
 1.52739e-06
 3.05479e-06
 3.05479e-06
 3.05479e-06
 3.05479e-06
 1.52739e-06
 1.52739e-06
 3.05479e-06
 3.05479e-06
 3.05479e-06
 3.05479e-06
 1.52739e-06
 1.52739e-06
 3.05479e-06
 3.05479e-06
 3.05479e-06
 3.05479e-06
 1.52739e-06
 1.52739e-06
 3.05479e-06
 3.05479e-06
 3.05479e-06
 3.05479e-06
 1.52739e-06
 7.63697e-07
 1.52739e-06
 1.52739e-06
 1.52739e-06
 1.52739e-06
 7.63697e-07
 7.36083e-07
 1.47217e-06
 1.47217e-06
 1.47217e-06
 1.47217e-06
 7.36083e-07
 1.47217e-06
 2.94433e-06
 2.94433e-06
 2.94433e-06
 2.94433e-06
 1.47217e-06
 1.47217e-06
 2.94433e-06
 2.94433e-06
 2.94433e-06
 2.94433e-06
 1.47217e-06
 1.47217e-06
 2.94433e-06
 2.94433e-06
 2.94433e-06
 2.94433e-06
 1.47217e-06
 1.47217e-06
 2.94433e-06
 2.94433e-06
 2.94433e-06
 2.94433e-06
 1.47217e-06
 7.36083e-07
 1.47217e-06
 1.47217e-06
 1.47217e-06
 1.47217e-06
 7.36083e-07
 7.08898e-07
 1.41780e-06
 1.41780e-06
 1.41780e-06
 1.41780e-06
 7.08898e-07
 1.41780e-06
 2.83559e-06
 2.83559e-06
 2.83559e-06
 2.83559e-06
 1.41780e-06
 1.41780e-06
 2.83559e-06
 2.83559e-06
 2.83559e-06
 2.83559e-06
 1.41780e-06
 1.41780e-06
 2.83559e-06
 2.83559e-06
 2.83559e-06
 2.83559e-06
 1.41780e-06
 1.41780e-06
 2.83559e-06
 2.83559e-06
 2.83559e-06
 2.83559e-06
 1.41780e-06
 7.08898e-07
 1.41780e-06
 1.41780e-06
 1.41780e-06
 1.41780e-06
 7.08898e-07
 6.82191e-07
 1.36438e-06
 1.36438e-06
 1.36438e-06
 1.36438e-06
 6.82191e-07
 1.36438e-06
 2.72876e-06
 2.72876e-06
 2.72876e-06
 2.72876e-06
 1.36438e-06
 1.36438e-06
 2.72876e-06
 2.72876e-06
 2.72876e-06
 2.72876e-06
 1.36438e-06
 1.36438e-06
 2.72876e-06
 2.72876e-06
 2.72876e-06
 2.72876e-06
 1.36438e-06
 1.36438e-06
 2.72876e-06
 2.72876e-06
 2.72876e-06
 2.72876e-06
 1.36438e-06
 6.82191e-07
 1.36438e-06
 1.36438e-06
 1.36438e-06
 1.36438e-06
 6.82191e-07
 6.56552e-07
 1.31310e-06
 1.31310e-06
 1.31310e-06
 1.31310e-06
 6.56552e-07
 1.31310e-06
 2.62621e-06
 2.62621e-06
 2.62621e-06
 2.62621e-06
 1.31310e-06
 1.31310e-06
 2.62621e-06
 2.62621e-06
 2.62621e-06
 2.62621e-06
 1.31310e-06
 1.31310e-06
 2.62621e-06
 2.62621e-06
 2.62621e-06
 2.62621e-06
 1.31310e-06
 1.31310e-06
 2.62621e-06
 2.62621e-06
 2.62621e-06
 2.62621e-06
 1.31310e-06
 6.56552e-07
 1.31310e-06
 1.31310e-06
 1.31310e-06
 1.31310e-06
 6.56552e-07
 6.32348e-07
 1.26470e-06
 1.26470e-06
 1.26470e-06
 1.26470e-06
 6.32348e-07
 1.26470e-06
 2.52939e-06
 2.52939e-06
 2.52939e-06
 2.52939e-06
 1.26470e-06
 1.26470e-06
 2.52939e-06
 2.52939e-06
 2.52939e-06
 2.52939e-06
 1.26470e-06
 1.26470e-06
 2.52939e-06
 2.52939e-06
 2.52939e-06
 2.52939e-06
 1.26470e-06
 1.26470e-06
 2.52939e-06
 2.52939e-06
 2.52939e-06
 2.52939e-06
 1.26470e-06
 6.32348e-07
 1.26470e-06
 1.26470e-06
 1.26470e-06
 1.26470e-06
 6.32348e-07
 6.09122e-07
 1.21824e-06
 1.21824e-06
 1.21824e-06
 1.21824e-06
 6.09122e-07
 1.21824e-06
 2.43649e-06
 2.43649e-06
 2.43649e-06
 2.43649e-06
 1.21824e-06
 1.21824e-06
 2.43649e-06
 2.43649e-06
 2.43649e-06
 2.43649e-06
 1.21824e-06
 1.21824e-06
 2.43649e-06
 2.43649e-06
 2.43649e-06
 2.43649e-06
 1.21824e-06
 1.21824e-06
 2.43649e-06
 2.43649e-06
 2.43649e-06
 2.43649e-06
 1.21824e-06
 6.09122e-07
 1.21824e-06
 1.21824e-06
 1.21824e-06
 1.21824e-06
 6.09122e-07
 5.86788e-07
 1.17358e-06
 1.17358e-06
 1.17358e-06
 1.17358e-06
 5.86788e-07
 1.17358e-06
 2.34715e-06
 2.34715e-06
 2.34715e-06
 2.34715e-06
 1.17358e-06
 1.17358e-06
 2.34715e-06
 2.34715e-06
 2.34715e-06
 2.34715e-06
 1.17358e-06
 1.17358e-06
 2.34715e-06
 2.34715e-06
 2.34715e-06
 2.34715e-06
 1.17358e-06
 1.17358e-06
 2.34715e-06
 2.34715e-06
 2.34715e-06
 2.34715e-06
 1.17358e-06
 5.86788e-07
 1.17358e-06
 1.17358e-06
 1.17358e-06
 1.17358e-06
 5.86788e-07
 5.65794e-07
 1.13159e-06
 1.13159e-06
 1.13159e-06
 1.13159e-06
 5.65794e-07
 1.13159e-06
 2.26318e-06
 2.26318e-06
 2.26318e-06
 2.26318e-06
 1.13159e-06
 1.13159e-06
 2.26318e-06
 2.26318e-06
 2.26318e-06
 2.26318e-06
 1.13159e-06
 1.13159e-06
 2.26318e-06
 2.26318e-06
 2.26318e-06
 2.26318e-06
 1.13159e-06
 1.13159e-06
 2.26318e-06
 2.26318e-06
 2.26318e-06
 2.26318e-06
 1.13159e-06
 5.65794e-07
 1.13159e-06
 1.13159e-06
 1.13159e-06
 1.13159e-06
 5.65794e-07
 5.45564e-07
 1.09113e-06
 1.09113e-06
 1.09113e-06
 1.09113e-06
 5.45564e-07
 1.09113e-06
 2.18226e-06
 2.18226e-06
 2.18226e-06
 2.18226e-06
 1.09113e-06
 1.09113e-06
 2.18226e-06
 2.18226e-06
 2.18226e-06
 2.18226e-06
 1.09113e-06
 1.09113e-06
 2.18226e-06
 2.18226e-06
 2.18226e-06
 2.18226e-06
 1.09113e-06
 1.09113e-06
 2.18226e-06
 2.18226e-06
 2.18226e-06
 2.18226e-06
 1.09113e-06
 5.45564e-07
 1.09113e-06
 1.09113e-06
 1.09113e-06
 1.09113e-06
 5.45564e-07
 5.25767e-07
 1.05153e-06
 1.05153e-06
 1.05153e-06
 1.05153e-06
 5.25767e-07
 1.05153e-06
 2.10307e-06
 2.10307e-06
 2.10307e-06
 2.10307e-06
 1.05153e-06
 1.05153e-06
 2.10307e-06
 2.10307e-06
 2.10307e-06
 2.10307e-06
 1.05153e-06
 1.05153e-06
 2.10307e-06
 2.10307e-06
 2.10307e-06
 2.10307e-06
 1.05153e-06
 1.05153e-06
 2.10307e-06
 2.10307e-06
 2.10307e-06
 2.10307e-06
 1.05153e-06
 5.25767e-07
 1.05153e-06
 1.05153e-06
 1.05153e-06
 1.05153e-06
 5.25767e-07
 5.07160e-07
 1.01432e-06
 1.01432e-06
 1.01432e-06
 1.01432e-06
 5.07160e-07
 1.01432e-06
 2.02864e-06
 2.02864e-06
 2.02864e-06
 2.02864e-06
 1.01432e-06
 1.01432e-06
 2.02864e-06
 2.02864e-06
 2.02864e-06
 2.02864e-06
 1.01432e-06
 1.01432e-06
 2.02864e-06
 2.02864e-06
 2.02864e-06
 2.02864e-06
 1.01432e-06
 1.01432e-06
 2.02864e-06
 2.02864e-06
 2.02864e-06
 2.02864e-06
 1.01432e-06
 5.07160e-07
 1.01432e-06
 1.01432e-06
 1.01432e-06
 1.01432e-06
 5.07160e-07
 4.89659e-07
 9.79319e-07
 9.79319e-07
 9.79319e-07
 9.79319e-07
 4.89659e-07
 9.79319e-07
 1.95864e-06
 1.95864e-06
 1.95864e-06
 1.95864e-06
 9.79319e-07
 9.79319e-07
 1.95864e-06
 1.95864e-06
 1.95864e-06
 1.95864e-06
 9.79319e-07
 9.79319e-07
 1.95864e-06
 1.95864e-06
 1.95864e-06
 1.95864e-06
 9.79319e-07
 9.79319e-07
 1.95864e-06
 1.95864e-06
 1.95864e-06
 1.95864e-06
 9.79319e-07
 4.89659e-07
 9.79319e-07
 9.79319e-07
 9.79319e-07
 9.79319e-07
 4.89659e-07
 4.73330e-07
 9.46660e-07
 9.46660e-07
 9.46660e-07
 9.46660e-07
 4.73330e-07
 9.46660e-07
 1.89332e-06
 1.89332e-06
 1.89332e-06
 1.89332e-06
 9.46660e-07
 9.46660e-07
 1.89332e-06
 1.89332e-06
 1.89332e-06
 1.89332e-06
 9.46660e-07
 9.46660e-07
 1.89332e-06
 1.89332e-06
 1.89332e-06
 1.89332e-06
 9.46660e-07
 9.46660e-07
 1.89332e-06
 1.89332e-06
 1.89332e-06
 1.89332e-06
 9.46660e-07
 4.73330e-07
 9.46660e-07
 9.46660e-07
 9.46660e-07
 9.46660e-07
 4.73330e-07
 4.57522e-07
 9.15044e-07
 9.15044e-07
 9.15044e-07
 9.15044e-07
 4.57522e-07
 9.15044e-07
 1.83009e-06
 1.83009e-06
 1.83009e-06
 1.83009e-06
 9.15044e-07
 9.15044e-07
 1.83009e-06
 1.83009e-06
 1.83009e-06
 1.83009e-06
 9.15044e-07
 9.15044e-07
 1.83009e-06
 1.83009e-06
 1.83009e-06
 1.83009e-06
 9.15044e-07
 9.15044e-07
 1.83009e-06
 1.83009e-06
 1.83009e-06
 1.83009e-06
 9.15044e-07
 4.57522e-07
 9.15044e-07
 9.15044e-07
 9.15044e-07
 9.15044e-07
 4.57522e-07
 4.43712e-07
 8.87425e-07
 8.87425e-07
 8.87425e-07
 8.87425e-07
 4.43712e-07
 8.87425e-07
 1.77485e-06
 1.77485e-06
 1.77485e-06
 1.77485e-06
 8.87425e-07
 8.87425e-07
 1.77485e-06
 1.77485e-06
 1.77485e-06
 1.77485e-06
 8.87425e-07
 8.87425e-07
 1.77485e-06
 1.77485e-06
 1.77485e-06
 1.77485e-06
 8.87425e-07
 8.87425e-07
 1.77485e-06
 1.77485e-06
 1.77485e-06
 1.77485e-06
 8.87425e-07
 4.43712e-07
 8.87425e-07
 8.87425e-07
 8.87425e-07
 8.87425e-07
 4.43712e-07
 4.35855e-07
 8.71709e-07
 8.71709e-07
 8.71709e-07
 8.71709e-07
 4.35855e-07
 8.71709e-07
 1.74342e-06
 1.74342e-06
 1.74342e-06
 1.74342e-06
 8.71709e-07
 8.71709e-07
 1.74342e-06
 1.74342e-06
 1.74342e-06
 1.74342e-06
 8.71709e-07
 8.71709e-07
 1.74342e-06
 1.74342e-06
 1.74342e-06
 1.74342e-06
 8.71709e-07
 8.71709e-07
 1.74342e-06
 1.74342e-06
 1.74342e-06
 1.74342e-06
 8.71709e-07
 4.35855e-07
 8.71709e-07
 8.71709e-07
 8.71709e-07
 8.71709e-07
 4.35855e-07
 4.32034e-07
 8.64067e-07
 8.64067e-07
 8.64067e-07
 8.64067e-07
 4.32034e-07
 8.64067e-07
 1.72813e-06
 1.72813e-06
 1.72813e-06
 1.72813e-06
 8.64067e-07
 8.64067e-07
 1.72813e-06
 1.72813e-06
 1.72813e-06
 1.72813e-06
 8.64067e-07
 8.64067e-07
 1.72813e-06
 1.72813e-06
 1.72813e-06
 1.72813e-06
 8.64067e-07
 8.64067e-07
 1.72813e-06
 1.72813e-06
 1.72813e-06
 1.72813e-06
 8.64067e-07
 4.32034e-07
 8.64067e-07
 8.64067e-07
 8.64067e-07
 8.64067e-07
 4.32034e-07
 4.27647e-07
 8.55294e-07
 8.55294e-07
 8.55294e-07
 8.55294e-07
 4.27647e-07
 8.55294e-07
 1.71059e-06
 1.71059e-06
 1.71059e-06
 1.71059e-06
 8.55294e-07
 8.55294e-07
 1.71059e-06
 1.71059e-06
 1.71059e-06
 1.71059e-06
 8.55294e-07
 8.55294e-07
 1.71059e-06
 1.71059e-06
 1.71059e-06
 1.71059e-06
 8.55294e-07
 8.55294e-07
 1.71059e-06
 1.71059e-06
 1.71059e-06
 1.71059e-06
 8.55294e-07
 4.27647e-07
 8.55294e-07
 8.55294e-07
 8.55294e-07
 8.55294e-07
 4.27647e-07
 4.24084e-07
 8.48168e-07
 8.48168e-07
 8.48168e-07
 8.48168e-07
 4.24084e-07
 8.48168e-07
 1.69634e-06
 1.69634e-06
 1.69634e-06
 1.69634e-06
 8.48168e-07
 8.48168e-07
 1.69634e-06
 1.69634e-06
 1.69634e-06
 1.69634e-06
 8.48168e-07
 8.48168e-07
 1.69634e-06
 1.69634e-06
 1.69634e-06
 1.69634e-06
 8.48168e-07
 8.48168e-07
 1.69634e-06
 1.69634e-06
 1.69634e-06
 1.69634e-06
 8.48168e-07
 4.24084e-07
 8.48168e-07
 8.48168e-07
 8.48168e-07
 8.48168e-07
 4.24084e-07
 4.23211e-07
 8.46421e-07
 8.46421e-07
 8.46421e-07
 8.46421e-07
 4.23211e-07
 8.46421e-07
 1.69284e-06
 1.69284e-06
 1.69284e-06
 1.69284e-06
 8.46421e-07
 8.46421e-07
 1.69284e-06
 1.69284e-06
 1.69284e-06
 1.69284e-06
 8.46421e-07
 8.46421e-07
 1.69284e-06
 1.69284e-06
 1.69284e-06
 1.69284e-06
 8.46421e-07
 8.46421e-07
 1.69284e-06
 1.69284e-06
 1.69284e-06
 1.69284e-06
 8.46421e-07
 4.23211e-07
 8.46421e-07
 8.46421e-07
 8.46421e-07
 8.46421e-07
 4.23211e-07
 4.23518e-07
 8.47036e-07
 8.47036e-07
 8.47036e-07
 8.47036e-07
 4.23518e-07
 8.47036e-07
 1.69407e-06
 1.69407e-06
 1.69407e-06
 1.69407e-06
 8.47036e-07
 8.47036e-07
 1.69407e-06
 1.69407e-06
 1.69407e-06
 1.69407e-06
 8.47036e-07
 8.47036e-07
 1.69407e-06
 1.69407e-06
 1.69407e-06
 1.69407e-06
 8.47036e-07
 8.47036e-07
 1.69407e-06
 1.69407e-06
 1.69407e-06
 1.69407e-06
 8.47036e-07
 4.23518e-07
 8.47036e-07
 8.47036e-07
 8.47036e-07
 8.47036e-07
 4.23518e-07
 4.24497e-07
 8.48993e-07
 8.48993e-07
 8.48993e-07
 8.48993e-07
 4.24497e-07
 8.48993e-07
 1.69799e-06
 1.69799e-06
 1.69799e-06
 1.69799e-06
 8.48993e-07
 8.48993e-07
 1.69799e-06
 1.69799e-06
 1.69799e-06
 1.69799e-06
 8.48993e-07
 8.48993e-07
 1.69799e-06
 1.69799e-06
 1.69799e-06
 1.69799e-06
 8.48993e-07
 8.48993e-07
 1.69799e-06
 1.69799e-06
 1.69799e-06
 1.69799e-06
 8.48993e-07
 4.24497e-07
 8.48993e-07
 8.48993e-07
 8.48993e-07
 8.48993e-07
 4.24497e-07
 4.25596e-07
 8.51192e-07
 8.51192e-07
 8.51192e-07
 8.51192e-07
 4.25596e-07
 8.51192e-07
 1.70238e-06
 1.70238e-06
 1.70238e-06
 1.70238e-06
 8.51192e-07
 8.51192e-07
 1.70238e-06
 1.70238e-06
 1.70238e-06
 1.70238e-06
 8.51192e-07
 8.51192e-07
 1.70238e-06
 1.70238e-06
 1.70238e-06
 1.70238e-06
 8.51192e-07
 8.51192e-07
 1.70238e-06
 1.70238e-06
 1.70238e-06
 1.70238e-06
 8.51192e-07
 4.25596e-07
 8.51192e-07
 8.51192e-07
 8.51192e-07
 8.51192e-07
 4.25596e-07
 4.25913e-07
 8.51826e-07
 8.51826e-07
 8.51826e-07
 8.51826e-07
 4.25913e-07
 8.51826e-07
 1.70365e-06
 1.70365e-06
 1.70365e-06
 1.70365e-06
 8.51826e-07
 8.51826e-07
 1.70365e-06
 1.70365e-06
 1.70365e-06
 1.70365e-06
 8.51826e-07
 8.51826e-07
 1.70365e-06
 1.70365e-06
 1.70365e-06
 1.70365e-06
 8.51826e-07
 8.51826e-07
 1.70365e-06
 1.70365e-06
 1.70365e-06
 1.70365e-06
 8.51826e-07
 4.25913e-07
 8.51826e-07
 8.51826e-07
 8.51826e-07
 8.51826e-07
 4.25913e-07
 4.25367e-07
 8.50734e-07
 8.50734e-07
 8.50734e-07
 8.50734e-07
 4.25367e-07
 8.50734e-07
 1.70147e-06
 1.70147e-06
 1.70147e-06
 1.70147e-06
 8.50734e-07
 8.50734e-07
 1.70147e-06
 1.70147e-06
 1.70147e-06
 1.70147e-06
 8.50734e-07
 8.50734e-07
 1.70147e-06
 1.70147e-06
 1.70147e-06
 1.70147e-06
 8.50734e-07
 8.50734e-07
 1.70147e-06
 1.70147e-06
 1.70147e-06
 1.70147e-06
 8.50734e-07
 4.25367e-07
 8.50734e-07
 8.50734e-07
 8.50734e-07
 8.50734e-07
 4.25367e-07
 4.24549e-07
 8.49098e-07
 8.49098e-07
 8.49098e-07
 8.49098e-07
 4.24549e-07
 8.49098e-07
 1.69820e-06
 1.69820e-06
 1.69820e-06
 1.69820e-06
 8.49098e-07
 8.49098e-07
 1.69820e-06
 1.69820e-06
 1.69820e-06
 1.69820e-06
 8.49098e-07
 8.49098e-07
 1.69820e-06
 1.69820e-06
 1.69820e-06
 1.69820e-06
 8.49098e-07
 8.49098e-07
 1.69820e-06
 1.69820e-06
 1.69820e-06
 1.69820e-06
 8.49098e-07
 4.24549e-07
 8.49098e-07
 8.49098e-07
 8.49098e-07
 8.49098e-07
 4.24549e-07
 4.24318e-07
 8.48635e-07
 8.48635e-07
 8.48635e-07
 8.48635e-07
 4.24318e-07
 8.48635e-07
 1.69727e-06
 1.69727e-06
 1.69727e-06
 1.69727e-06
 8.48635e-07
 8.48635e-07
 1.69727e-06
 1.69727e-06
 1.69727e-06
 1.69727e-06
 8.48635e-07
 8.48635e-07
 1.69727e-06
 1.69727e-06
 1.69727e-06
 1.69727e-06
 8.48635e-07
 8.48635e-07
 1.69727e-06
 1.69727e-06
 1.69727e-06
 1.69727e-06
 8.48635e-07
 4.24318e-07
 8.48635e-07
 8.48635e-07
 8.48635e-07
 8.48635e-07
 4.24318e-07
 4.24673e-07
 8.49345e-07
 8.49345e-07
 8.49345e-07
 8.49345e-07
 4.24673e-07
 8.49345e-07
 1.69869e-06
 1.69869e-06
 1.69869e-06
 1.69869e-06
 8.49345e-07
 8.49345e-07
 1.69869e-06
 1.69869e-06
 1.69869e-06
 1.69869e-06
 8.49345e-07
 8.49345e-07
 1.69869e-06
 1.69869e-06
 1.69869e-06
 1.69869e-06
 8.49345e-07
 8.49345e-07
 1.69869e-06
 1.69869e-06
 1.69869e-06
 1.69869e-06
 8.49345e-07
 4.24673e-07
 8.49345e-07
 8.49345e-07
 8.49345e-07
 8.49345e-07
 4.24673e-07
 4.25149e-07
 8.50297e-07
 8.50297e-07
 8.50297e-07
 8.50297e-07
 4.25149e-07
 8.50297e-07
 1.70059e-06
 1.70059e-06
 1.70059e-06
 1.70059e-06
 8.50297e-07
 8.50297e-07
 1.70059e-06
 1.70059e-06
 1.70059e-06
 1.70059e-06
 8.50297e-07
 8.50297e-07
 1.70059e-06
 1.70059e-06
 1.70059e-06
 1.70059e-06
 8.50297e-07
 8.50297e-07
 1.70059e-06
 1.70059e-06
 1.70059e-06
 1.70059e-06
 8.50297e-07
 4.25149e-07
 8.50297e-07
 8.50297e-07
 8.50297e-07
 8.50297e-07
 4.25149e-07
 4.24994e-07
 8.49988e-07
 8.49988e-07
 8.49988e-07
 8.49988e-07
 4.24994e-07
 8.49988e-07
 1.69998e-06
 1.69998e-06
 1.69998e-06
 1.69998e-06
 8.49988e-07
 8.49988e-07
 1.69998e-06
 1.69998e-06
 1.69998e-06
 1.69998e-06
 8.49988e-07
 8.49988e-07
 1.69998e-06
 1.69998e-06
 1.69998e-06
 1.69998e-06
 8.49988e-07
 8.49988e-07
 1.69998e-06
 1.69998e-06
 1.69998e-06
 1.69998e-06
 8.49988e-07
 4.24994e-07
 8.49988e-07
 8.49988e-07
 8.49988e-07
 8.49988e-07
 4.24994e-07
 4.22193e-07
 8.44385e-07
 8.44385e-07
 8.44385e-07
 8.44385e-07
 4.22193e-07
 8.44385e-07
 1.68877e-06
 1.68877e-06
 1.68877e-06
 1.68877e-06
 8.44385e-07
 8.44385e-07
 1.68877e-06
 1.68877e-06
 1.68877e-06
 1.68877e-06
 8.44385e-07
 8.44385e-07
 1.68877e-06
 1.68877e-06
 1.68877e-06
 1.68877e-06
 8.44385e-07
 8.44385e-07
 1.68877e-06
 1.68877e-06
 1.68877e-06
 1.68877e-06
 8.44385e-07
 4.22193e-07
 8.44385e-07
 8.44385e-07
 8.44385e-07
 8.44385e-07
 4.22193e-07
 4.12994e-07
 8.25989e-07
 8.25989e-07
 8.25989e-07
 8.25989e-07
 4.12994e-07
 8.25989e-07
 1.65198e-06
 1.65198e-06
 1.65198e-06
 1.65198e-06
 8.25989e-07
 8.25989e-07
 1.65198e-06
 1.65198e-06
 1.65198e-06
 1.65198e-06
 8.25989e-07
 8.25989e-07
 1.65198e-06
 1.65198e-06
 1.65198e-06
 1.65198e-06
 8.25989e-07
 8.25989e-07
 1.65198e-06
 1.65198e-06
 1.65198e-06
 1.65198e-06
 8.25989e-07
 4.12994e-07
 8.25989e-07
 8.25989e-07
 8.25989e-07
 8.25989e-07
 4.12994e-07
 3.91693e-07
 7.83386e-07
 7.83386e-07
 7.83386e-07
 7.83386e-07
 3.91693e-07
 7.83386e-07
 1.56677e-06
 1.56677e-06
 1.56677e-06
 1.56677e-06
 7.83386e-07
 7.83386e-07
 1.56677e-06
 1.56677e-06
 1.56677e-06
 1.56677e-06
 7.83386e-07
 7.83386e-07
 1.56677e-06
 1.56677e-06
 1.56677e-06
 1.56677e-06
 7.83386e-07
 7.83386e-07
 1.56677e-06
 1.56677e-06
 1.56677e-06
 1.56677e-06
 7.83386e-07
 3.91693e-07
 7.83386e-07
 7.83386e-07
 7.83386e-07
 7.83386e-07
 3.91693e-07
 3.51067e-07
 7.02133e-07
 7.02133e-07
 7.02133e-07
 7.02133e-07
 3.51067e-07
 7.02133e-07
 1.40427e-06
 1.40427e-06
 1.40427e-06
 1.40427e-06
 7.02133e-07
 7.02133e-07
 1.40427e-06
 1.40427e-06
 1.40427e-06
 1.40427e-06
 7.02133e-07
 7.02133e-07
 1.40427e-06
 1.40427e-06
 1.40427e-06
 1.40427e-06
 7.02133e-07
 7.02133e-07
 1.40427e-06
 1.40427e-06
 1.40427e-06
 1.40427e-06
 7.02133e-07
 3.51067e-07
 7.02133e-07
 7.02133e-07
 7.02133e-07
 7.02133e-07
 3.51067e-07
 3.04247e-07
 6.08495e-07
 6.08495e-07
 6.08495e-07
 6.08495e-07
 3.04247e-07
 6.08495e-07
 1.21699e-06
 1.21699e-06
 1.21699e-06
 1.21699e-06
 6.08495e-07
 6.08495e-07
 1.21699e-06
 1.21699e-06
 1.21699e-06
 1.21699e-06
 6.08495e-07
 6.08495e-07
 1.21699e-06
 1.21699e-06
 1.21699e-06
 1.21699e-06
 6.08495e-07
 6.08495e-07
 1.21699e-06
 1.21699e-06
 1.21699e-06
 1.21699e-06
 6.08495e-07
 3.04247e-07
 6.08495e-07
 6.08495e-07
 6.08495e-07
 6.08495e-07
 3.04247e-07
 2.76038e-07
 5.52077e-07
 5.52077e-07
 5.52077e-07
 5.52077e-07
 2.76038e-07
 5.52077e-07
 1.10415e-06
 1.10415e-06
 1.10415e-06
 1.10415e-06
 5.52077e-07
 5.52077e-07
 1.10415e-06
 1.10415e-06
 1.10415e-06
 1.10415e-06
 5.52077e-07
 5.52077e-07
 1.10415e-06
 1.10415e-06
 1.10415e-06
 1.10415e-06
 5.52077e-07
 5.52077e-07
 1.10415e-06
 1.10415e-06
 1.10415e-06
 1.10415e-06
 5.52077e-07
 2.76038e-07
 5.52077e-07
 5.52077e-07
 5.52077e-07
 5.52077e-07
 2.76038e-07
 2.66002e-07
 5.32003e-07
 5.32003e-07
 5.32003e-07
 5.32003e-07
 2.66002e-07
 5.32003e-07
 1.06401e-06
 1.06401e-06
 1.06401e-06
 1.06401e-06
 5.32003e-07
 5.32003e-07
 1.06401e-06
 1.06401e-06
 1.06401e-06
 1.06401e-06
 5.32003e-07
 5.32003e-07
 1.06401e-06
 1.06401e-06
 1.06401e-06
 1.06401e-06
 5.32003e-07
 5.32003e-07
 1.06401e-06
 1.06401e-06
 1.06401e-06
 1.06401e-06
 5.32003e-07
 2.66002e-07
 5.32003e-07
 5.32003e-07
 5.32003e-07
 5.32003e-07
 2.66002e-07
 2.62893e-07
 5.25787e-07
 5.25787e-07
 5.25787e-07
 5.25787e-07
 2.62893e-07
 5.25787e-07
 1.05157e-06
 1.05157e-06
 1.05157e-06
 1.05157e-06
 5.25787e-07
 5.25787e-07
 1.05157e-06
 1.05157e-06
 1.05157e-06
 1.05157e-06
 5.25787e-07
 5.25787e-07
 1.05157e-06
 1.05157e-06
 1.05157e-06
 1.05157e-06
 5.25787e-07
 5.25787e-07
 1.05157e-06
 1.05157e-06
 1.05157e-06
 1.05157e-06
 5.25787e-07
 2.62893e-07
 5.25787e-07
 5.25787e-07
 5.25787e-07
 5.25787e-07
 2.62893e-07
 2.62458e-07
 5.24917e-07
 5.24917e-07
 5.24917e-07
 5.24917e-07
 2.62458e-07
 5.24917e-07
 1.04983e-06
 1.04983e-06
 1.04983e-06
 1.04983e-06
 5.24917e-07
 5.24917e-07
 1.04983e-06
 1.04983e-06
 1.04983e-06
 1.04983e-06
 5.24917e-07
 5.24917e-07
 1.04983e-06
 1.04983e-06
 1.04983e-06
 1.04983e-06
 5.24917e-07
 5.24917e-07
 1.04983e-06
 1.04983e-06
 1.04983e-06
 1.04983e-06
 5.24917e-07
 2.62458e-07
 5.24917e-07
 5.24917e-07
 5.24917e-07
 5.24917e-07
 2.62458e-07
 2.62941e-07
 5.25882e-07
 5.25882e-07
 5.25882e-07
 5.25882e-07
 2.62941e-07
 5.25882e-07
 1.05176e-06
 1.05176e-06
 1.05176e-06
 1.05176e-06
 5.25882e-07
 5.25882e-07
 1.05176e-06
 1.05176e-06
 1.05176e-06
 1.05176e-06
 5.25882e-07
 5.25882e-07
 1.05176e-06
 1.05176e-06
 1.05176e-06
 1.05176e-06
 5.25882e-07
 5.25882e-07
 1.05176e-06
 1.05176e-06
 1.05176e-06
 1.05176e-06
 5.25882e-07
 2.62941e-07
 5.25882e-07
 5.25882e-07
 5.25882e-07
 5.25882e-07
 2.62941e-07
 2.63596e-07
 5.27193e-07
 5.27193e-07
 5.27193e-07
 5.27193e-07
 2.63596e-07
 5.27193e-07
 1.05439e-06
 1.05439e-06
 1.05439e-06
 1.05439e-06
 5.27193e-07
 5.27193e-07
 1.05439e-06
 1.05439e-06
 1.05439e-06
 1.05439e-06
 5.27193e-07
 5.27193e-07
 1.05439e-06
 1.05439e-06
 1.05439e-06
 1.05439e-06
 5.27193e-07
 5.27193e-07
 1.05439e-06
 1.05439e-06
 1.05439e-06
 1.05439e-06
 5.27193e-07
 2.63596e-07
 5.27193e-07
 5.27193e-07
 5.27193e-07
 5.27193e-07
 2.63596e-07
 2.64131e-07
 5.28263e-07
 5.28263e-07
 5.28263e-07
 5.28263e-07
 2.64131e-07
 5.28263e-07
 1.05653e-06
 1.05653e-06
 1.05653e-06
 1.05653e-06
 5.28263e-07
 5.28263e-07
 1.05653e-06
 1.05653e-06
 1.05653e-06
 1.05653e-06
 5.28263e-07
 5.28263e-07
 1.05653e-06
 1.05653e-06
 1.05653e-06
 1.05653e-06
 5.28263e-07
 5.28263e-07
 1.05653e-06
 1.05653e-06
 1.05653e-06
 1.05653e-06
 5.28263e-07
 2.64131e-07
 5.28263e-07
 5.28263e-07
 5.28263e-07
 5.28263e-07
 2.64131e-07
 2.64483e-07
 5.28966e-07
 5.28966e-07
 5.28966e-07
 5.28966e-07
 2.64483e-07
 5.28966e-07
 1.05793e-06
 1.05793e-06
 1.05793e-06
 1.05793e-06
 5.28966e-07
 5.28966e-07
 1.05793e-06
 1.05793e-06
 1.05793e-06
 1.05793e-06
 5.28966e-07
 5.28966e-07
 1.05793e-06
 1.05793e-06
 1.05793e-06
 1.05793e-06
 5.28966e-07
 5.28966e-07
 1.05793e-06
 1.05793e-06
 1.05793e-06
 1.05793e-06
 5.28966e-07
 2.64483e-07
 5.28966e-07
 5.28966e-07
 5.28966e-07
 5.28966e-07
 2.64483e-07
 2.64618e-07
 5.29236e-07
 5.29236e-07
 5.29236e-07
 5.29236e-07
 2.64618e-07
 5.29236e-07
 1.05847e-06
 1.05847e-06
 1.05847e-06
 1.05847e-06
 5.29236e-07
 5.29236e-07
 1.05847e-06
 1.05847e-06
 1.05847e-06
 1.05847e-06
 5.29236e-07
 5.29236e-07
 1.05847e-06
 1.05847e-06
 1.05847e-06
 1.05847e-06
 5.29236e-07
 5.29236e-07
 1.05847e-06
 1.05847e-06
 1.05847e-06
 1.05847e-06
 5.29236e-07
 2.64618e-07
 5.29236e-07
 5.29236e-07
 5.29236e-07
 5.29236e-07
 2.64618e-07
 2.64391e-07
 5.28782e-07
 5.28782e-07
 5.28782e-07
 5.28782e-07
 2.64391e-07
 5.28782e-07
 1.05756e-06
 1.05756e-06
 1.05756e-06
 1.05756e-06
 5.28782e-07
 5.28782e-07
 1.05756e-06
 1.05756e-06
 1.05756e-06
 1.05756e-06
 5.28782e-07
 5.28782e-07
 1.05756e-06
 1.05756e-06
 1.05756e-06
 1.05756e-06
 5.28782e-07
 5.28782e-07
 1.05756e-06
 1.05756e-06
 1.05756e-06
 1.05756e-06
 5.28782e-07
 2.64391e-07
 5.28782e-07
 5.28782e-07
 5.28782e-07
 5.28782e-07
 2.64391e-07
 2.63254e-07
 5.26509e-07
 5.26509e-07
 5.26509e-07
 5.26509e-07
 2.63254e-07
 5.26509e-07
 1.05302e-06
 1.05302e-06
 1.05302e-06
 1.05302e-06
 5.26509e-07
 5.26509e-07
 1.05302e-06
 1.05302e-06
 1.05302e-06
 1.05302e-06
 5.26509e-07
 5.26509e-07
 1.05302e-06
 1.05302e-06
 1.05302e-06
 1.05302e-06
 5.26509e-07
 5.26509e-07
 1.05302e-06
 1.05302e-06
 1.05302e-06
 1.05302e-06
 5.26509e-07
 2.63254e-07
 5.26509e-07
 5.26509e-07
 5.26509e-07
 5.26509e-07
 2.63254e-07
 2.60241e-07
 5.20482e-07
 5.20482e-07
 5.20482e-07
 5.20482e-07
 2.60241e-07
 5.20482e-07
 1.04096e-06
 1.04096e-06
 1.04096e-06
 1.04096e-06
 5.20482e-07
 5.20482e-07
 1.04096e-06
 1.04096e-06
 1.04096e-06
 1.04096e-06
 5.20482e-07
 5.20482e-07
 1.04096e-06
 1.04096e-06
 1.04096e-06
 1.04096e-06
 5.20482e-07
 5.20482e-07
 1.04096e-06
 1.04096e-06
 1.04096e-06
 1.04096e-06
 5.20482e-07
 2.60241e-07
 5.20482e-07
 5.20482e-07
 5.20482e-07
 5.20482e-07
 2.60241e-07
 2.54108e-07
 5.08216e-07
 5.08216e-07
 5.08216e-07
 5.08216e-07
 2.54108e-07
 5.08216e-07
 1.01643e-06
 1.01643e-06
 1.01643e-06
 1.01643e-06
 5.08216e-07
 5.08216e-07
 1.01643e-06
 1.01643e-06
 1.01643e-06
 1.01643e-06
 5.08216e-07
 5.08216e-07
 1.01643e-06
 1.01643e-06
 1.01643e-06
 1.01643e-06
 5.08216e-07
 5.08216e-07
 1.01643e-06
 1.01643e-06
 1.01643e-06
 1.01643e-06
 5.08216e-07
 2.54108e-07
 5.08216e-07
 5.08216e-07
 5.08216e-07
 5.08216e-07
 2.54108e-07
 2.42874e-07
 4.85747e-07
 4.85747e-07
 4.85747e-07
 4.85747e-07
 2.42874e-07
 4.85747e-07
 9.71495e-07
 9.71495e-07
 9.71495e-07
 9.71495e-07
 4.85747e-07
 4.85747e-07
 9.71495e-07
 9.71495e-07
 9.71495e-07
 9.71495e-07
 4.85747e-07
 4.85747e-07
 9.71495e-07
 9.71495e-07
 9.71495e-07
 9.71495e-07
 4.85747e-07
 4.85747e-07
 9.71495e-07
 9.71495e-07
 9.71495e-07
 9.71495e-07
 4.85747e-07
 2.42874e-07
 4.85747e-07
 4.85747e-07
 4.85747e-07
 4.85747e-07
 2.42874e-07
 2.24420e-07
 4.48840e-07
 4.48840e-07
 4.48840e-07
 4.48840e-07
 2.24420e-07
 4.48840e-07
 8.97681e-07
 8.97681e-07
 8.97681e-07
 8.97681e-07
 4.48840e-07
 4.48840e-07
 8.97681e-07
 8.97681e-07
 8.97681e-07
 8.97681e-07
 4.48840e-07
 4.48840e-07
 8.97681e-07
 8.97681e-07
 8.97681e-07
 8.97681e-07
 4.48840e-07
 4.48840e-07
 8.97681e-07
 8.97681e-07
 8.97681e-07
 8.97681e-07
 4.48840e-07
 2.24420e-07
 4.48840e-07
 4.48840e-07
 4.48840e-07
 4.48840e-07
 2.24420e-07
 1.99716e-07
 3.99432e-07
 3.99432e-07
 3.99432e-07
 3.99432e-07
 1.99716e-07
 3.99432e-07
 7.98863e-07
 7.98863e-07
 7.98863e-07
 7.98863e-07
 3.99432e-07
 3.99432e-07
 7.98863e-07
 7.98863e-07
 7.98863e-07
 7.98863e-07
 3.99432e-07
 3.99432e-07
 7.98863e-07
 7.98863e-07
 7.98863e-07
 7.98863e-07
 3.99432e-07
 3.99432e-07
 7.98863e-07
 7.98863e-07
 7.98863e-07
 7.98863e-07
 3.99432e-07
 1.99716e-07
 3.99432e-07
 3.99432e-07
 3.99432e-07
 3.99432e-07
 1.99716e-07
 1.74177e-07
 3.48354e-07
 3.48354e-07
 3.48354e-07
 3.48354e-07
 1.74177e-07
 3.48354e-07
 6.96708e-07
 6.96708e-07
 6.96708e-07
 6.96708e-07
 3.48354e-07
 3.48354e-07
 6.96708e-07
 6.96708e-07
 6.96708e-07
 6.96708e-07
 3.48354e-07
 3.48354e-07
 6.96708e-07
 6.96708e-07
 6.96708e-07
 6.96708e-07
 3.48354e-07
 3.48354e-07
 6.96708e-07
 6.96708e-07
 6.96708e-07
 6.96708e-07
 3.48354e-07
 1.74177e-07
 3.48354e-07
 3.48354e-07
 3.48354e-07
 3.48354e-07
 1.74177e-07
 1.53152e-07
 3.06305e-07
 3.06305e-07
 3.06305e-07
 3.06305e-07
 1.53152e-07
 3.06305e-07
 6.12609e-07
 6.12609e-07
 6.12609e-07
 6.12609e-07
 3.06305e-07
 3.06305e-07
 6.12609e-07
 6.12609e-07
 6.12609e-07
 6.12609e-07
 3.06305e-07
 3.06305e-07
 6.12609e-07
 6.12609e-07
 6.12609e-07
 6.12609e-07
 3.06305e-07
 3.06305e-07
 6.12609e-07
 6.12609e-07
 6.12609e-07
 6.12609e-07
 3.06305e-07
 1.53152e-07
 3.06305e-07
 3.06305e-07
 3.06305e-07
 3.06305e-07
 1.53152e-07
 1.38659e-07
 2.77318e-07
 2.77318e-07
 2.77318e-07
 2.77318e-07
 1.38659e-07
 2.77318e-07
 5.54636e-07
 5.54636e-07
 5.54636e-07
 5.54636e-07
 2.77318e-07
 2.77318e-07
 5.54636e-07
 5.54636e-07
 5.54636e-07
 5.54636e-07
 2.77318e-07
 2.77318e-07
 5.54636e-07
 5.54636e-07
 5.54636e-07
 5.54636e-07
 2.77318e-07
 2.77318e-07
 5.54636e-07
 5.54636e-07
 5.54636e-07
 5.54636e-07
 2.77318e-07
 1.38659e-07
 2.77318e-07
 2.77318e-07
 2.77318e-07
 2.77318e-07
 1.38659e-07
 1.30423e-07
 2.60846e-07
 2.60846e-07
 2.60846e-07
 2.60846e-07
 1.30423e-07
 2.60846e-07
 5.21692e-07
 5.21692e-07
 5.21692e-07
 5.21692e-07
 2.60846e-07
 2.60846e-07
 5.21692e-07
 5.21692e-07
 5.21692e-07
 5.21692e-07
 2.60846e-07
 2.60846e-07
 5.21692e-07
 5.21692e-07
 5.21692e-07
 5.21692e-07
 2.60846e-07
 2.60846e-07
 5.21692e-07
 5.21692e-07
 5.21692e-07
 5.21692e-07
 2.60846e-07
 1.30423e-07
 2.60846e-07
 2.60846e-07
 2.60846e-07
 2.60846e-07
 1.30423e-07
 1.26754e-07
 2.53509e-07
 2.53509e-07
 2.53509e-07
 2.53509e-07
 1.26754e-07
 2.53509e-07
 5.07018e-07
 5.07018e-07
 5.07018e-07
 5.07018e-07
 2.53509e-07
 2.53509e-07
 5.07018e-07
 5.07018e-07
 5.07018e-07
 5.07018e-07
 2.53509e-07
 2.53509e-07
 5.07018e-07
 5.07018e-07
 5.07018e-07
 5.07018e-07
 2.53509e-07
 2.53509e-07
 5.07018e-07
 5.07018e-07
 5.07018e-07
 5.07018e-07
 2.53509e-07
 1.26754e-07
 2.53509e-07
 2.53509e-07
 2.53509e-07
 2.53509e-07
 1.26754e-07
 1.25490e-07
 2.50979e-07
 2.50979e-07
 2.50979e-07
 2.50979e-07
 1.25490e-07
 2.50979e-07
 5.01959e-07
 5.01959e-07
 5.01959e-07
 5.01959e-07
 2.50979e-07
 2.50979e-07
 5.01959e-07
 5.01959e-07
 5.01959e-07
 5.01959e-07
 2.50979e-07
 2.50979e-07
 5.01959e-07
 5.01959e-07
 5.01959e-07
 5.01959e-07
 2.50979e-07
 2.50979e-07
 5.01959e-07
 5.01959e-07
 5.01959e-07
 5.01959e-07
 2.50979e-07
 1.25490e-07
 2.50979e-07
 2.50979e-07
 2.50979e-07
 2.50979e-07
 1.25490e-07
 1.25127e-07
 2.50254e-07
 2.50254e-07
 2.50254e-07
 2.50254e-07
 1.25127e-07
 2.50254e-07
 5.00509e-07
 5.00509e-07
 5.00509e-07
 5.00509e-07
 2.50254e-07
 2.50254e-07
 5.00509e-07
 5.00509e-07
 5.00509e-07
 5.00509e-07
 2.50254e-07
 2.50254e-07
 5.00509e-07
 5.00509e-07
 5.00509e-07
 5.00509e-07
 2.50254e-07
 2.50254e-07
 5.00509e-07
 5.00509e-07
 5.00509e-07
 5.00509e-07
 2.50254e-07
 1.25127e-07
 2.50254e-07
 2.50254e-07
 2.50254e-07
 2.50254e-07
 1.25127e-07
 1.25032e-07
 2.50064e-07
 2.50064e-07
 2.50064e-07
 2.50064e-07
 1.25032e-07
 2.50064e-07
 5.00128e-07
 5.00128e-07
 5.00128e-07
 5.00128e-07
 2.50064e-07
 2.50064e-07
 5.00128e-07
 5.00128e-07
 5.00128e-07
 5.00128e-07
 2.50064e-07
 2.50064e-07
 5.00128e-07
 5.00128e-07
 5.00128e-07
 5.00128e-07
 2.50064e-07
 2.50064e-07
 5.00128e-07
 5.00128e-07
 5.00128e-07
 5.00128e-07
 2.50064e-07
 1.25032e-07
 2.50064e-07
 2.50064e-07
 2.50064e-07
 2.50064e-07
 1.25032e-07
 1.25008e-07
 2.50016e-07
 2.50016e-07
 2.50016e-07
 2.50016e-07
 1.25008e-07
 2.50016e-07
 5.00032e-07
 5.00032e-07
 5.00032e-07
 5.00032e-07
 2.50016e-07
 2.50016e-07
 5.00032e-07
 5.00032e-07
 5.00032e-07
 5.00032e-07
 2.50016e-07
 2.50016e-07
 5.00032e-07
 5.00032e-07
 5.00032e-07
 5.00032e-07
 2.50016e-07
 2.50016e-07
 5.00032e-07
 5.00032e-07
 5.00032e-07
 5.00032e-07
 2.50016e-07
 1.25008e-07
 2.50016e-07
 2.50016e-07
 2.50016e-07
 2.50016e-07
 1.25008e-07
 1.25002e-07
 2.50004e-07
 2.50004e-07
 2.50004e-07
 2.50004e-07
 1.25002e-07
 2.50004e-07
 5.00008e-07
 5.00008e-07
 5.00008e-07
 5.00008e-07
 2.50004e-07
 2.50004e-07
 5.00008e-07
 5.00008e-07
 5.00008e-07
 5.00008e-07
 2.50004e-07
 2.50004e-07
 5.00008e-07
 5.00008e-07
 5.00008e-07
 5.00008e-07
 2.50004e-07
 2.50004e-07
 5.00008e-07
 5.00008e-07
 5.00008e-07
 5.00008e-07
 2.50004e-07
 1.25002e-07
 2.50004e-07
 2.50004e-07
 2.50004e-07
 2.50004e-07
 1.25002e-07
 1.25000e-07
 2.50001e-07
 2.50001e-07
 2.50001e-07
 2.50001e-07
 1.25000e-07
 2.50001e-07
 5.00002e-07
 5.00002e-07
 5.00002e-07
 5.00002e-07
 2.50001e-07
 2.50001e-07
 5.00002e-07
 5.00002e-07
 5.00002e-07
 5.00002e-07
 2.50001e-07
 2.50001e-07
 5.00002e-07
 5.00002e-07
 5.00002e-07
 5.00002e-07
 2.50001e-07
 2.50001e-07
 5.00002e-07
 5.00002e-07
 5.00002e-07
 5.00002e-07
 2.50001e-07
 1.25000e-07
 2.50001e-07
 2.50001e-07
 2.50001e-07
 2.50001e-07
 1.25000e-07
 1.25000e-07
 2.50000e-07
 2.50000e-07
 2.50000e-07
 2.50000e-07
 1.25000e-07
 2.50000e-07
 5.00000e-07
 5.00000e-07
 5.00000e-07
 5.00000e-07
 2.50000e-07
 2.50000e-07
 5.00000e-07
 5.00000e-07
 5.00000e-07
 5.00000e-07
 2.50000e-07
 2.50000e-07
 5.00000e-07
 5.00000e-07
 5.00000e-07
 5.00000e-07
 2.50000e-07
 2.50000e-07
 5.00000e-07
 5.00000e-07
 5.00000e-07
 5.00000e-07
 2.50000e-07
 1.25000e-07
 2.50000e-07
 2.50000e-07
 2.50000e-07
 2.50000e-07
 1.25000e-07
 1.25000e-07
 2.50000e-07
 2.50000e-07
 2.50000e-07
 2.50000e-07
 1.25000e-07
 2.50000e-07
 5.00000e-07
 5.00000e-07
 5.00000e-07
 5.00000e-07
 2.50000e-07
 2.50000e-07
 5.00000e-07
 5.00000e-07
 5.00000e-07
 5.00000e-07
 2.50000e-07
 2.50000e-07
 5.00000e-07
 5.00000e-07
 5.00000e-07
 5.00000e-07
 2.50000e-07
 2.50000e-07
 5.00000e-07
 5.00000e-07
 5.00000e-07
 5.00000e-07
 2.50000e-07
 1.25000e-07
 2.50000e-07
 2.50000e-07
 2.50000e-07
 2.50000e-07
 1.25000e-07
 1.25000e-07
 2.50000e-07
 2.50000e-07
 2.50000e-07
 2.50000e-07
 1.25000e-07
 2.50000e-07
 5.00000e-07
 5.00000e-07
 5.00000e-07
 5.00000e-07
 2.50000e-07
 2.50000e-07
 5.00000e-07
 5.00000e-07
 5.00000e-07
 5.00000e-07
 2.50000e-07
 2.50000e-07
 5.00000e-07
 5.00000e-07
 5.00000e-07
 5.00000e-07
 2.50000e-07
 2.50000e-07
 5.00000e-07
 5.00000e-07
 5.00000e-07
 5.00000e-07
 2.50000e-07
 1.25000e-07
 2.50000e-07
 2.50000e-07
 2.50000e-07
 2.50000e-07
 1.25000e-07
 6.25000e-08
 1.25000e-07
 1.25000e-07
 1.25000e-07
 1.25000e-07
 6.25000e-08
 1.25000e-07
 2.50000e-07
 2.50000e-07
 2.50000e-07
 2.50000e-07
 1.25000e-07
 1.25000e-07
 2.50000e-07
 2.50000e-07
 2.50000e-07
 2.50000e-07
 1.25000e-07
 1.25000e-07
 2.50000e-07
 2.50000e-07
 2.50000e-07
 2.50000e-07
 1.25000e-07
 1.25000e-07
 2.50000e-07
 2.50000e-07
 2.50000e-07
 2.50000e-07
 1.25000e-07
 6.25000e-08
 1.25000e-07
 1.25000e-07
 1.25000e-07
 1.25000e-07
 6.25000e-08
